#Timestamp	Benchmark	Run(#)	CPU Frequency (MHz)	CPU Temperature(C)	CPU Voltage(V)	CPU Power(W)	CPU_CYCLES	L1_DATA_CACHE_ACCESS	INSTRUCTIONS_RETIRED	BUS_CYCLES	L1I_CACHE_ACCESS	PREDICTABLE_BRANCH_SPECULATIVELY_EXECUTED
5301056 hotspot 1 1036 27 1.053000 1.002000  0.000005 0.000004 0.000011 0.000024 0.000014 0.000007 
5301056 hotspot 1 1036 27 1.053000 1.157000  0.000005 0.000004 0.000011 0.000023 0.000014 0.000007 
5301120 hotspot 1 1036 27 1.053000 0.231000  0.000004 0.000004 0.000018 0.000045 0.000018 0.000009 
5301120 hotspot 1 1036 26 1.053000 0.694000  0.000020 0.000016 0.000046 0.000096 0.000050 0.000025 
5301120 hotspot 1 1036 26 1.053000 0.231000  0.000020 0.000016 0.000044 0.000090 0.000047 0.000024 
5301184 hotspot 1 1036 26 1.053000 0.231000  0.000020 0.000017 0.000046 0.000095 0.000050 0.000026 
5301184 hotspot 1 1036 26 1.053000 0.308000  0.000020 0.000016 0.000044 0.000091 0.000048 0.000025 
5301184 hotspot 1 1036 26 1.053000 0.231000  0.000021 0.000017 0.000046 0.000093 0.000048 0.000025 
5301248 hotspot 1 1036 26 1.053000 0.694000  0.000017 0.000016 0.000055 0.000116 0.000056 0.000031 
5301248 hotspot 1 1036 26 1.053000 0.231000  0.000021 0.000019 0.000053 0.000104 0.000057 0.000030 
5301312 hotspot 1 1036 26 1.053000 0.386000  0.000020 0.000016 0.000045 0.000095 0.000050 0.000026 
5301312 hotspot 1 1036 26 1.053000 0.849000  0.000020 0.000016 0.000045 0.000094 0.000049 0.000025 
5301312 hotspot 1 1036 26 1.053000 0.231000  0.000016 0.000014 0.000041 0.000078 0.000042 0.000022 
5301376 hotspot 1 1036 26 1.053000 0.925000  0.000017 0.000015 0.000042 0.000115 0.000055 0.000027 
5301376 hotspot 1 1036 26 1.053000 0.308000  0.000018 0.000015 0.000041 0.000084 0.000043 0.000023 
5301376 hotspot 1 1036 26 1.053000 0.231000  0.000020 0.000016 0.000045 0.000096 0.000051 0.000026 
5301440 hotspot 1 1036 26 1.053000 0.308000  0.000034 0.000017 0.000052 0.000134 0.000056 0.000027 
5301440 hotspot 1 1036 26 1.053000 0.308000  0.000020 0.000016 0.000045 0.000090 0.000049 0.000025 
5301440 hotspot 1 1036 26 1.053000 0.770000  0.000017 0.000023 0.000054 0.000116 0.000064 0.000031 
5301504 hotspot 1 1036 26 1.053000 0.308000  0.000017 0.000015 0.000042 0.000083 0.000044 0.000023 
5301504 hotspot 1 1036 26 1.053000 0.231000  0.000019 0.000016 0.000045 0.000092 0.000049 0.000025 
5301504 hotspot 1 1036 26 1.053000 0.308000  0.000021 0.000017 0.000046 0.000098 0.000050 0.000026 
5301568 hotspot 1 1036 26 1.053000 0.386000  0.000020 0.000016 0.000045 0.000092 0.000049 0.000025 
5301568 hotspot 1 1036 26 1.053000 0.847000  0.000018 0.000016 0.000045 0.000098 0.000049 0.000025 
5301568 hotspot 1 1036 26 1.053000 0.308000  0.000018 0.000016 0.000042 0.000083 0.000043 0.000023 
5301632 hotspot 1 1036 26 1.053000 0.616000  0.000020 0.000016 0.000044 0.000093 0.000048 0.000025 
5301632 hotspot 1 1036 26 1.053000 0.231000  0.000020 0.000015 0.000042 0.000087 0.000044 0.000023 
5301696 hotspot 1 1036 26 1.053000 0.231000  0.000018 0.000016 0.000043 0.000089 0.000048 0.000025 
5301696 hotspot 1 1036 26 1.053000 0.308000  0.000017 0.000015 0.000042 0.000082 0.000044 0.000023 
5301696 hotspot 1 1036 26 1.053000 0.231000  0.000019 0.000016 0.000045 0.000092 0.000049 0.000026 
5301760 hotspot 1 1036 26 1.053000 0.770000  0.000017 0.000020 0.000050 0.000131 0.000067 0.000032 
5301760 hotspot 1 1036 26 1.053000 0.231000  10.501310 2.753269 5.758474 10.508639 3.126125 1.338279 
5301760 hotspot 1 1036 26 1.053000 0.615000  0.000021 0.000016 0.000045 0.000094 0.000051 0.000025 
5301824 hotspot 1 1036 26 1.053000 0.231000  0.000082 0.000025 0.000062 0.000169 0.000065 0.000030 
5301824 hotspot 1 1036 26 1.053000 0.462000  0.000020 0.000016 0.000044 0.000092 0.000048 0.000025 
5301824 hotspot 1 1036 26 1.053000 0.771000  0.000018 0.000015 0.000043 0.000089 0.000047 0.000025 
5301888 hotspot 1 1036 26 1.053000 0.231000  0.000016 0.000014 0.000040 0.000077 0.000041 0.000022 
5301888 hotspot 1 1036 26 1.053000 0.770000  0.000017 0.000015 0.000041 0.000081 0.000045 0.000023 
5301952 hotspot 1 1036 26 1.053000 0.385000  0.000017 0.000015 0.000041 0.000082 0.000089 0.000040 
5301952 hotspot 1 1036 26 1.053000 0.694000  0.000019 0.000016 0.000043 0.000091 0.000048 0.000025 
5301952 hotspot 1 1036 26 1.053000 0.848000  0.000019 0.000016 0.000044 0.000093 0.000049 0.000025 
5302016 hotspot 1 1036 26 1.053000 0.231000  0.000016 0.000014 0.000040 0.000077 0.000041 0.000022 
5302016 hotspot 1 1036 26 1.053000 0.694000  0.000017 0.000015 0.000042 0.000085 0.000046 0.000024 
5302016 hotspot 1 1036 26 1.053000 0.308000  0.000017 0.000015 0.000042 0.000089 0.000048 0.000025 
5302080 hotspot 1 1036 26 1.053000 0.615000  0.000081 0.000026 0.000062 0.000153 0.000063 0.000029 
5302080 hotspot 1 1036 26 1.053000 0.231000  0.000021 0.000015 0.000054 0.000134 0.000060 0.000029 
5302080 hotspot 1 1036 27 1.053000 0.771000  0.000019 0.000016 0.000044 0.000094 0.000048 0.000024 
5302144 hotspot 1 1036 27 1.053000 1.388000  0.000017 0.000015 0.000041 0.000080 0.000054 0.000027 
5302144 hotspot 1 1036 27 1.053000 0.772000  0.000016 0.000015 0.000041 0.000085 0.000043 0.000023 
5302144 hotspot 1 1036 27 1.053000 0.770000  0.000020 0.000016 0.000044 0.000095 0.000049 0.000025 
5302208 hotspot 1 1036 27 1.053000 0.771000  0.000077 0.000022 0.000066 0.000142 0.000059 0.000029 
5302208 hotspot 1 1036 27 1.053000 0.694000  0.000031 0.000018 0.000048 0.000107 0.000052 0.000026 
5302208 hotspot 1 1036 27 1.053000 1.309000  0.000021 0.000016 0.000043 0.000092 0.000046 0.000024 
5302272 hotspot 1 1036 27 1.053000 0.771000  0.000015 0.000014 0.000039 0.000075 0.000040 0.000022 
5302272 hotspot 1 1036 27 1.053000 1.157000  0.000021 0.000016 0.000043 0.000095 0.000048 0.000025 
5302336 hotspot 1 1036 27 1.053000 0.771000  0.000016 0.000015 0.000042 0.000088 0.000046 0.000024 
5302336 hotspot 1 1036 27 1.053000 0.848000  0.000020 0.000016 0.000043 0.000091 0.000047 0.000024 
5302336 hotspot 1 1036 27 1.053000 1.311000  0.000016 0.000015 0.000041 0.000080 0.000043 0.000023 
5302400 hotspot 1 1036 27 1.053000 0.694000  0.000025 0.000016 0.000045 0.000099 0.000049 0.000025 
5302400 hotspot 1 1036 27 1.053000 1.156000  0.000018 0.000015 0.000043 0.000097 0.000047 0.000024 
5302400 hotspot 1 1036 27 1.053000 0.771000  0.000021 0.000016 0.000043 0.000094 0.000048 0.000025 
5302464 hotspot 1 1036 27 1.053000 1.232000  0.000046 0.000022 0.000052 0.000134 0.000077 0.000042 
5302464 hotspot 1 1036 27 1.053000 0.770000  0.000017 0.000014 0.000041 0.000086 0.000042 0.000029 
5302464 hotspot 1 1036 27 1.053000 0.771000  0.000019 0.000016 0.000044 0.000096 0.000049 0.000025 
5302528 hotspot 1 1036 27 1.053000 0.770000  0.000020 0.000016 0.000044 0.000093 0.000049 0.000025 
5302528 hotspot 1 1036 27 1.053000 0.770000  0.000021 0.000016 0.000043 0.000094 0.000047 0.000024 
5302592 hotspot 1 1036 27 1.053000 1.309000  0.000017 0.000015 0.000041 0.000079 0.000043 0.000023 
5302592 hotspot 1 1036 27 1.053000 0.926000  0.000016 0.000014 0.000039 0.000074 0.000040 0.000022 
5302592 hotspot 1 1036 27 1.053000 1.157000  0.000017 0.000015 0.000040 0.000079 0.000043 0.000023 
5302656 hotspot 1 1036 27 1.053000 0.771000  2.526907 0.661113 1.387600 2.527603 0.752317 0.321378 
5302656 hotspot 1 1036 27 1.053000 0.770000  0.000016 0.000015 0.000040 0.000078 0.000043 0.000023 
5302656 hotspot 1 1036 27 1.053000 1.312000  0.000017 0.000015 0.000040 0.000189 0.000063 0.000031 
5302720 hotspot 1 1036 27 1.053000 0.771000  0.000016 0.000015 0.000040 0.000077 0.000042 0.000022 
5302720 hotspot 1 1036 27 1.053000 1.232000  0.000017 0.000015 0.000040 0.000079 0.000043 0.000022 
5302720 hotspot 1 1036 27 1.053000 0.772000  0.000016 0.000014 0.000038 0.000076 0.000040 0.000022 
5302784 hotspot 1 1036 27 1.053000 1.155000  0.000020 0.000018 0.000046 0.000112 0.000049 0.000025 
5302784 hotspot 1 1036 27 1.053000 0.771000  0.000017 0.000015 0.000040 0.000079 0.000042 0.000023 
5302784 hotspot 1 1036 27 1.053000 1.080000  0.000017 0.000015 0.000041 0.000088 0.000045 0.000023 
5302848 hotspot 1 1036 27 1.053000 1.310000  2.452410 0.637647 1.336924 2.453245 0.727283 0.310256 
5302848 hotspot 1 1036 27 1.053000 1.001000  0.000015 0.000014 0.000038 0.000075 0.000039 0.000021 
5302912 hotspot 1 1036 27 1.053000 1.157000  0.000020 0.000015 0.000041 0.000088 0.000045 0.000023 
5302912 hotspot 1 1036 27 1.053000 0.926000  0.000016 0.000014 0.000038 0.000073 0.000039 0.000021 
5302912 hotspot 1 1036 27 1.053000 1.157000  0.000016 0.000014 0.000039 0.000076 0.000042 0.000022 
5302976 hotspot 1 1036 27 1.053000 0.770000  0.000016 0.000014 0.000039 0.000076 0.000042 0.000022 
5302976 hotspot 1 1036 27 1.053000 0.771000  0.000016 0.000014 0.000039 0.000075 0.000042 0.000022 
5302976 hotspot 1 1036 27 1.053000 1.079000  0.000019 0.000016 0.000045 0.000100 0.000049 0.000024 
5303040 hotspot 1 1036 27 1.053000 0.771000  0.000015 0.000014 0.000038 0.000073 0.000039 0.000021 
5303040 hotspot 1 1036 27 1.053000 1.155000  0.000019 0.000015 0.000042 0.000091 0.000047 0.000024 
5303040 hotspot 1 1036 27 1.053000 0.924000  2.319210 0.611024 1.283193 2.319813 0.694732 0.298048 
5303104 hotspot 1 1036 27 1.053000 0.771000  0.000018 0.000015 0.000042 0.000091 0.000046 0.000024 
5303104 hotspot 1 1036 27 1.053000 0.771000  0.000016 0.000014 0.000039 0.000077 0.000042 0.000022 
5303168 hotspot 1 1036 27 1.053000 0.770000  0.000017 0.000014 0.000041 0.000086 0.000045 0.000023 
5303168 hotspot 1 1036 27 1.053000 1.234000  0.000017 0.000014 0.000040 0.000087 0.000045 0.000023 
5303168 hotspot 1 1036 27 1.053000 0.847000  0.000015 0.000013 0.000038 0.000077 0.000039 0.000021 
5303232 hotspot 1 1036 27 1.053000 1.541000  0.000020 0.000016 0.000042 0.000089 0.000046 0.000023 
5303232 hotspot 1 1036 27 1.053000 0.770000  0.000016 0.000014 0.000039 0.000078 0.000042 0.000022 
5303232 hotspot 1 1036 27 1.053000 0.770000  0.000017 0.000015 0.000040 0.000085 0.000044 0.000023 
5303296 hotspot 1 1036 27 1.053000 1.465000  0.000169 0.000143 0.000396 0.000849 0.000442 0.000227 
5303296 hotspot 1 1036 27 1.053000 0.770000  0.000015 0.000013 0.000037 0.000071 0.000038 0.000021 
5303296 hotspot 1 1036 27 1.053000 1.311000  0.000019 0.000015 0.000041 0.000087 0.000046 0.000023 
5303360 hotspot 1 1036 27 1.053000 0.770000  0.001015 0.000179 0.000385 0.001077 0.000264 0.000110 
5303360 hotspot 1 1036 27 1.053000 0.771000  0.000016 0.000014 0.000050 0.000114 0.000051 0.000028 
