#Timestamp	Benchmark	Run(#)	CPU Frequency (MHz)	CPU Temperature(C)	CPU Voltage(V)	CPU Power(W)	CPU_CYCLES	L1_DATA_CACHE_ACCESS	INSTRUCTIONS_RETIRED	BUS_CYCLES	L1I_CACHE_ACCESS	PREDICTABLE_BRANCH_SPECULATIVELY_EXECUTED
5751424 kmeans 1 1224 28 1.072000 1.772000  0.000394 0.000155 0.000379 0.001144 0.000305 0.000141 
5751488 kmeans 1 1224 28 1.072000 1.156000  0.000007 0.000006 0.000017 0.000035 0.000022 0.000011 
5751488 kmeans 1 1224 27 1.072000 1.772000  0.000033 0.000026 0.000070 0.000150 0.000079 0.000040 
5751552 kmeans 1 1224 27 1.072000 1.000000  0.000071 0.000037 0.000115 0.000306 0.000119 0.000057 
5751552 kmeans 1 1224 27 1.072000 1.002000  0.000032 0.000025 0.000069 0.000148 0.000077 0.000039 
5751552 kmeans 1 1224 27 1.072000 1.695000  0.000028 0.000024 0.000066 0.000131 0.000071 0.000037 
5751616 kmeans 1 1224 27 1.072000 1.002000  0.000028 0.000073 0.000224 0.000394 0.000145 0.000076 
5751616 kmeans 1 1224 27 1.072000 1.464000  0.000034 0.000025 0.000067 0.000147 0.000075 0.000038 
5751616 kmeans 1 1224 27 1.072000 1.079000  0.000027 0.000023 0.000062 0.000123 0.000065 0.000035 
5751680 kmeans 1 1224 27 1.072000 1.156000  0.000026 0.000024 0.000064 0.000128 0.000070 0.000036 
5751680 kmeans 1 1224 27 1.072000 1.619000  0.000026 0.000024 0.000064 0.000125 0.000069 0.000036 
5751680 kmeans 1 1224 27 1.072000 0.925000  0.000026 0.000023 0.000064 0.000127 0.000069 0.000036 
5751744 kmeans 1 1224 27 1.072000 1.542000  0.000027 0.000049 0.000113 0.000283 0.000107 0.000050 
5751744 kmeans 1 1224 27 1.072000 1.002000  0.000026 0.000022 0.000061 0.000120 0.000065 0.000036 
5751808 kmeans 1 1224 27 1.072000 1.388000  0.000027 0.000023 0.000064 0.000125 0.000068 0.000036 
5751808 kmeans 1 1224 27 1.072000 1.002000  0.000027 0.000023 0.000063 0.000126 0.000068 0.000036 
5751808 kmeans 1 1224 28 1.072000 1.773000  0.000026 0.000023 0.000063 0.000124 0.000068 0.000036 
5751872 kmeans 1 1224 28 1.072000 1.695000  0.000037 0.000030 0.000085 0.000190 0.000140 0.000065 
5751872 kmeans 1 1224 28 1.072000 0.924000  0.000025 0.000022 0.000060 0.000121 0.000063 0.000033 
5751872 kmeans 1 1224 28 1.072000 1.465000  0.000039 0.000028 0.000073 0.000186 0.000079 0.000039 
5751936 kmeans 1 1224 28 1.072000 0.925000  0.006348 0.001069 0.002121 0.006467 0.001489 0.000588 
5751936 kmeans 1 1224 28 1.072000 1.385000  0.000031 0.000024 0.000067 0.000145 0.000072 0.000037 
5751936 kmeans 1 1224 28 1.072000 1.003000  0.000027 0.000023 0.000063 0.000142 0.000071 0.000036 
5752000 kmeans 1 1224 28 1.072000 0.925000  0.000029 0.000024 0.000066 0.000142 0.000073 0.000037 
5752000 kmeans 1 1224 28 1.072000 1.541000  0.000027 0.000023 0.000062 0.000123 0.000067 0.000035 
5752064 kmeans 1 1224 28 1.072000 1.002000  0.000028 0.000388 0.000800 0.001676 0.000463 0.000184 
5752064 kmeans 1 1224 28 1.072000 0.925000  0.000028 0.000023 0.000064 0.000155 0.000074 0.000037 
5752064 kmeans 1 1224 27 1.072000 1.696000  0.021074 0.004135 0.008586 0.021208 0.005210 0.002193 
5752128 kmeans 1 1224 27 1.072000 0.925000  0.000066 0.000024 0.000065 0.000162 0.000070 0.000036 
5752128 kmeans 1 1224 27 1.072000 1.465000  0.000031 0.000023 0.000064 0.000145 0.000073 0.000037 
5752128 kmeans 1 1224 27 1.072000 0.924000  0.000027 0.000024 0.000075 0.000312 0.000096 0.000049 
5752192 kmeans 1 1224 27 1.072000 1.616000  0.000026 0.000022 0.000061 0.000122 0.000066 0.000034 
5752192 kmeans 1 1224 27 1.072000 1.695000  0.000025 0.000022 0.000061 0.000120 0.000065 0.000034 
5752192 kmeans 1 1224 27 1.072000 0.925000  0.000025 0.000022 0.000061 0.000119 0.000065 0.000034 
5752256 kmeans 1 1224 27 1.072000 1.387000  0.000028 0.000023 0.000064 0.000140 0.000071 0.000036 
5752256 kmeans 1 1224 27 1.072000 0.925000  0.000057 0.000030 0.000102 0.000367 0.000111 0.000052 
5752256 kmeans 1 1224 27 1.072000 1.385000  0.000026 0.000022 0.000061 0.000131 0.000068 0.000035 
5752320 kmeans 1 1224 27 1.072000 0.925000  0.000025 0.000022 0.000061 0.000119 0.000065 0.000034 
5752320 kmeans 1 1224 27 1.072000 0.925000  0.000025 0.000022 0.000060 0.000120 0.000065 0.000034 
5752384 kmeans 1 1224 27 1.072000 1.309000  0.000025 0.000023 0.000062 0.000138 0.000070 0.000035 
5752384 kmeans 1 1224 27 1.072000 0.925000  0.000023 0.000021 0.000058 0.000114 0.000060 0.000032 
5752384 kmeans 1 1224 27 1.072000 1.388000  0.000029 0.000023 0.000062 0.000137 0.000071 0.000036 
5752448 kmeans 1 1224 27 1.072000 0.924000  0.000026 0.000022 0.000060 0.000163 0.000067 0.000034 
5752448 kmeans 1 1224 27 1.072000 1.233000  0.000024 0.000022 0.000060 0.000118 0.000064 0.000033 
5752448 kmeans 1 1224 27 1.072000 1.771000  0.000026 0.000022 0.000059 0.000122 0.000065 0.000044 
5752512 kmeans 1 1224 27 1.072000 1.157000  0.000024 0.000022 0.000059 0.000116 0.000063 0.000033 
5752512 kmeans 1 1224 27 1.072000 1.464000  0.000025 0.000022 0.000059 0.000118 0.000064 0.000033 
5752512 kmeans 1 1224 27 1.072000 0.924000  0.070740 0.016203 0.034528 0.070860 0.019059 0.008377 
5752576 kmeans 1 1224 27 1.072000 1.388000  0.000024 0.000022 0.000059 0.000116 0.000063 0.000033 
5752576 kmeans 1 1224 27 1.072000 1.079000  0.000025 0.000021 0.000059 0.000116 0.000063 0.000033 
5752576 kmeans 1 1224 27 1.072000 1.542000  0.000024 0.000021 0.000059 0.000115 0.000063 0.000033 
5752640 kmeans 1 1224 27 1.072000 1.618000  0.000025 0.000022 0.000060 0.000134 0.000069 0.000035 
5752640 kmeans 1 1224 27 1.072000 0.925000  0.000119 0.000034 0.000082 0.000223 0.000079 0.000040 
5752704 kmeans 1 1224 27 1.072000 1.079000  0.000028 0.000023 0.000062 0.000140 0.000069 0.000035 
5752704 kmeans 1 1224 27 1.072000 0.924000  0.000025 0.000021 0.000058 0.000116 0.000063 0.000043 
5752704 kmeans 1 1224 27 1.072000 1.157000  0.000029 0.000022 0.000060 0.000130 0.000066 0.000034 
5752768 kmeans 1 1224 27 1.072000 1.541000  0.000027 0.000023 0.000067 0.000165 0.000072 0.000036 
5752768 kmeans 1 1224 27 1.072000 1.156000  0.000023 0.000020 0.000056 0.000110 0.000058 0.000031 
5752768 kmeans 1 1224 27 1.072000 1.387000  0.000028 0.000023 0.000061 0.000132 0.000067 0.000034 
5752832 kmeans 1 1224 27 1.072000 0.925000  0.000025 0.000021 0.000058 0.000114 0.000062 0.000032 
5752832 kmeans 1 1224 27 1.072000 1.387000  0.000028 0.000022 0.000060 0.000129 0.000066 0.000034 
5752832 kmeans 1 1224 27 1.072000 1.696000  0.000024 0.000021 0.000057 0.000112 0.000061 0.000032 
5752896 kmeans 1 1224 27 1.072000 1.156000  0.000023 0.000021 0.000057 0.000113 0.000061 0.000032 
5752896 kmeans 1 1224 27 1.072000 1.541000  0.000026 0.000021 0.000058 0.000129 0.000065 0.000033 
5752896 kmeans 1 1224 27 1.072000 1.002000  0.000022 0.000020 0.000055 0.000108 0.000056 0.000030 
5752960 kmeans 1 1224 27 1.072000 1.388000  0.000024 0.000021 0.000057 0.000112 0.000061 0.000032 
5752960 kmeans 1 1224 27 1.072000 1.002000  0.000025 0.000021 0.000057 0.000116 0.000061 0.000032 
5753024 kmeans 1 1224 27 1.072000 1.232000  0.000022 0.000021 0.000056 0.000112 0.000060 0.000032 
5753024 kmeans 1 1224 27 1.072000 2.158000  0.000059 0.000377 0.000245 0.000829 0.000000 0.000042 
5753024 kmeans 1 1224 27 1.072000 1.080000  0.000022 0.000019 0.000054 0.000106 0.000056 0.000030 
5753088 kmeans 1 1224 27 1.072000 1.542000  0.000023 0.000020 0.000056 0.000111 0.000060 0.000031 
5753088 kmeans 1 1224 27 1.072000 1.001000  0.000023 0.000019 0.000055 0.000118 0.000061 0.000032 
5753088 kmeans 1 1224 27 1.072000 1.079000  0.000026 0.000022 0.000060 0.000129 0.000066 0.000033 
5753152 kmeans 1 1224 27 1.072000 1.002000  0.118983 0.026522 0.056516 0.119106 0.031486 0.013759 
5753152 kmeans 1 1224 27 1.072000 1.002000  0.000029 0.000021 0.000059 0.000131 0.000067 0.000034 
5753152 kmeans 1 1224 27 1.072000 1.695000  0.000030 0.000021 0.000059 0.000137 0.000067 0.000034 
5753216 kmeans 1 1224 27 1.072000 1.002000  0.000023 0.000019 0.000053 0.000106 0.000056 0.000030 
5753216 kmeans 1 1224 27 1.072000 1.387000  0.000022 0.000020 0.000055 0.000108 0.000059 0.000031 
5753216 kmeans 1 1224 27 1.072000 1.618000  0.000023 0.000020 0.000055 0.000110 0.000059 0.000031 
5753280 kmeans 1 1224 27 1.072000 1.002000  0.000022 0.000020 0.000055 0.000109 0.000059 0.000031 
5753280 kmeans 1 1224 27 1.072000 1.387000  0.000025 0.000020 0.000058 0.000132 0.000064 0.000033 
5753344 kmeans 1 1224 27 1.072000 0.925000  0.000022 0.000021 0.000056 0.000118 0.000057 0.000030 
5753344 kmeans 1 1224 27 1.072000 1.388000  0.000023 0.000020 0.000055 0.000107 0.000058 0.000031 
5753344 kmeans 1 1224 27 1.072000 0.925000  0.000025 0.000020 0.000055 0.000112 0.000059 0.000031 
5753408 kmeans 1 1224 27 1.072000 1.001000  0.000024 0.000020 0.000057 0.000123 0.000062 0.000032 
5753408 kmeans 1 1224 27 1.072000 1.543000  0.000026 0.000020 0.000055 0.000120 0.000061 0.000032 
5753408 kmeans 1 1224 27 1.072000 1.156000  0.000021 0.000019 0.000052 0.000101 0.000054 0.000029 
5753472 kmeans 1 1224 27 1.072000 1.310000  0.000022 0.000020 0.000054 0.000107 0.000058 0.000030 
5753472 kmeans 1 1224 27 1.072000 1.003000  0.000021 0.000019 0.000052 0.000100 0.000054 0.000029 
5753472 kmeans 1 1224 27 1.072000 1.464000  0.000022 0.000020 0.000054 0.000107 0.000057 0.000030 
5753536 kmeans 1 1224 27 1.072000 1.155000  0.000027 0.000020 0.000056 0.000124 0.000063 0.000032 
5753536 kmeans 1 1224 27 1.072000 1.002000  0.000024 0.000020 0.000055 0.000119 0.000061 0.000031 
5753536 kmeans 1 1224 27 1.072000 0.926000  0.000022 0.000020 0.000054 0.000106 0.000058 0.000030 
5753600 kmeans 1 1224 27 1.072000 0.925000  0.000026 0.000020 0.000056 0.000122 0.000061 0.000031 
5753600 kmeans 1 1224 27 1.072000 1.464000  0.000023 0.000020 0.000053 0.000106 0.000057 0.000030 
5753664 kmeans 1 1224 27 1.072000 1.002000  0.000021 0.000019 0.000051 0.000100 0.000055 0.000029 
5753664 kmeans 1 1224 27 1.072000 1.385000  0.000026 0.000020 0.000057 0.000128 0.000064 0.000032 
5753664 kmeans 1 1224 27 1.072000 1.234000  0.000024 0.000020 0.000055 0.000120 0.000060 0.000031 
5753728 kmeans 1 1224 27 1.072000 1.002000  0.000026 0.000021 0.000056 0.000121 0.000060 0.000031 
5753728 kmeans 1 1224 27 1.072000 1.311000  0.000032 0.000026 0.000072 0.000156 0.000079 0.000040 
5753728 kmeans 1 1224 27 1.072000 1.002000  0.000021 0.000018 0.000051 0.000104 0.000053 0.000028 
5753792 kmeans 1 1224 27 1.072000 1.311000  0.000023 0.000020 0.000055 0.000123 0.000062 0.000032 
5753792 kmeans 1 1224 27 1.072000 1.080000  0.000022 0.000019 0.000085 0.000209 0.000079 0.000039 
5753792 kmeans 1 1224 27 1.072000 1.001000  0.000026 0.000021 0.000055 0.000120 0.000061 0.000031 
5753856 kmeans 1 1224 27 1.072000 1.543000  0.000023 0.000019 0.000053 0.000105 0.000056 0.000029 
5753856 kmeans 1 1224 27 1.072000 1.002000  0.009343 0.002179 0.004625 0.009444 0.002614 0.001153 
5753920 kmeans 1 1224 27 1.072000 1.464000  0.000026 0.000020 0.000056 0.000125 0.000063 0.000032 
5753920 kmeans 1 1224 27 1.072000 1.002000  0.000022 0.000019 0.000052 0.000104 0.000056 0.000030 
5753920 kmeans 1 1224 27 1.072000 0.925000  0.000022 0.000019 0.000052 0.000132 0.000062 0.000031 
5753984 kmeans 1 1224 27 1.072000 1.464000  0.000022 0.000019 0.000052 0.000103 0.000056 0.000029 
5753984 kmeans 1 1224 27 1.072000 1.079000  0.000021 0.000018 0.000050 0.000099 0.000054 0.000028 
5753984 kmeans 1 1224 27 1.072000 1.387000  0.000022 0.000019 0.000052 0.000103 0.000056 0.000029 
5754048 kmeans 1 1224 27 1.072000 1.002000  0.000022 0.000018 0.000051 0.000111 0.000058 0.000030 
5754048 kmeans 1 1224 27 1.072000 1.387000  0.000021 0.000020 0.000055 0.000123 0.000062 0.000032 
5754048 kmeans 1 1224 27 1.072000 1.466000  0.000024 0.000020 0.000084 0.000228 0.000084 0.000041 
