#Timestamp	Benchmark	Run(#)	CPU Frequency (MHz)	CPU Temperature(C)	CPU Voltage(V)	CPU Power(W)	CPU_CYCLES	L1_DATA_CACHE_ACCESS	INSTRUCTIONS_RETIRED	BUS_CYCLES	L1I_CACHE_ACCESS	PREDICTABLE_BRANCH_SPECULATIVELY_EXECUTED
6611840 lavaMD 1 1734 30 1.226000 1.927000  0.000049 0.000041 0.000113 0.000225 0.000121 0.000063 
6611904 lavaMD 1 1734 31 1.226000 1.695000  0.000057 0.000042 0.000115 0.000251 0.000126 0.000066 
6611904 lavaMD 1 1734 31 1.226000 3.235000  0.000047 0.000041 0.000115 0.000259 0.000127 0.000065 
6611968 lavaMD 1 1734 30 1.226000 1.618000  0.432778 0.115148 0.275239 0.433299 0.137261 0.063288 
6611968 lavaMD 1 1734 30 1.226000 2.542000  0.000047 0.000040 0.000111 0.000328 0.000144 0.000074 
6611968 lavaMD 1 1734 30 1.226000 0.770000  0.000043 0.000038 0.000106 0.000207 0.000109 0.000059 
6612032 lavaMD 1 1734 30 1.226000 0.770000  0.000041 0.000038 0.000106 0.000199 0.000108 0.000058 
6612032 lavaMD 1 1734 30 1.226000 0.770000  0.000046 0.000040 0.000110 0.000218 0.000117 0.000062 
6612032 lavaMD 1 1734 30 1.226000 0.770000  0.000044 0.000040 0.000141 0.000284 0.000161 0.000080 
6612096 lavaMD 1 1734 30 1.226000 0.923000  0.000042 0.000037 0.000104 0.000203 0.000108 0.000058 
6612096 lavaMD 1 1734 30 1.226000 0.770000  0.000043 0.000037 0.000104 0.000203 0.000107 0.000058 
6612096 lavaMD 1 1734 30 1.226000 0.924000  0.000040 0.000037 0.000104 0.000197 0.000106 0.000057 
6612160 lavaMD 1 1734 30 1.226000 0.847000  0.000041 0.000037 0.000104 0.000200 0.000106 0.000058 
6612160 lavaMD 1 1734 30 1.226000 1.154000  0.000045 0.000057 0.000138 0.000334 0.000159 0.000088 
6612160 lavaMD 1 1734 30 1.226000 0.770000  0.000043 0.000037 0.000103 0.000202 0.000107 0.000057 
6612224 lavaMD 1 1734 30 1.226000 0.770000  0.000042 0.000037 0.000103 0.000197 0.000106 0.000057 
6612224 lavaMD 1 1734 30 1.226000 0.770000  0.000043 0.000037 0.000102 0.000200 0.000106 0.000057 
6612224 lavaMD 1 1734 30 1.226000 0.770000  0.000040 0.000037 0.000102 0.000191 0.000105 0.000057 
6612288 lavaMD 1 1734 30 1.226000 0.847000  0.000058 0.000042 0.000114 0.000250 0.000125 0.000063 
6612288 lavaMD 1 1734 30 1.226000 0.770000  0.000055 0.000041 0.000113 0.000255 0.000122 0.000063 
6612288 lavaMD 1 1734 30 1.226000 2.462000  0.000042 0.000036 0.000102 0.000199 0.000104 0.000056 
6612352 lavaMD 1 1734 30 1.226000 0.770000  0.000041 0.000037 0.000102 0.000198 0.000106 0.000057 
6612352 lavaMD 1 1734 30 1.226000 0.770000  0.000041 0.000036 0.000101 0.000193 0.000104 0.000056 
6612352 lavaMD 1 1734 30 1.226000 0.769000  0.000041 0.000036 0.000101 0.000196 0.000104 0.000056 
6612416 lavaMD 1 1734 30 1.226000 0.770000  0.000056 0.000040 0.000111 0.000251 0.000121 0.000062 
6612416 lavaMD 1 1734 30 1.226000 0.770000  0.000046 0.000038 0.000128 0.000311 0.000134 0.000067 
6612480 lavaMD 1 1734 30 1.226000 0.770000  0.000040 0.000036 0.000101 0.000197 0.000104 0.000056 
6612480 lavaMD 1 1734 30 1.226000 0.770000  0.000042 0.000036 0.000100 0.000195 0.000103 0.000056 
6612480 lavaMD 1 1734 30 1.226000 0.770000  0.000039 0.000036 0.000100 0.000190 0.000103 0.000056 
6612544 lavaMD 1 1734 30 1.226000 0.847000  0.000040 0.000036 0.000100 0.000192 0.000103 0.000055 
6612544 lavaMD 1 1734 30 1.226000 1.078000  0.000047 0.000040 0.000109 0.000240 0.000119 0.000064 
6612544 lavaMD 1 1734 31 1.226000 0.847000  0.000041 0.000036 0.000099 0.000195 0.000102 0.000055 
6612608 lavaMD 1 1734 31 1.226000 0.924000  0.000038 0.000035 0.000099 0.000191 0.000101 0.000055 
6612608 lavaMD 1 1734 30 1.226000 0.847000  0.000039 0.000035 0.000099 0.000189 0.000102 0.000055 
6612608 lavaMD 1 1734 30 1.226000 0.847000  0.000040 0.000035 0.000099 0.000195 0.000102 0.000055 
6612672 lavaMD 1 1734 30 1.226000 0.770000  0.000038 0.000035 0.000099 0.000188 0.000101 0.000055 
6612672 lavaMD 1 1734 30 1.226000 1.462000  0.000048 0.000037 0.000104 0.000227 0.000114 0.000059 
6612672 lavaMD 1 1734 30 1.226000 0.770000  0.000040 0.000035 0.000098 0.000192 0.000100 0.000054 
6612736 lavaMD 1 1734 30 1.226000 1.155000  0.000040 0.000035 0.000098 0.000189 0.000100 0.000054 
6612736 lavaMD 1 1734 30 1.226000 0.847000  0.000042 0.000035 0.000098 0.000193 0.000101 0.000054 
6612736 lavaMD 1 1734 31 1.226000 2.308000  0.000041 0.000035 0.000097 0.000190 0.000100 0.000054 
6612800 lavaMD 1 1734 31 1.226000 1.616000  0.000061 0.000039 0.000108 0.000259 0.000119 0.000060 
6612800 lavaMD 1 1734 31 1.226000 1.616000  0.000045 0.000037 0.000100 0.000204 0.000107 0.000056 
6612800 lavaMD 1 1734 31 1.226000 2.462000  0.000040 0.000034 0.000096 0.000188 0.000097 0.000053 
6612864 lavaMD 1 1734 31 1.226000 0.770000  0.000038 0.000035 0.000096 0.000182 0.000098 0.000053 
6612864 lavaMD 1 1734 31 1.226000 0.770000  0.000040 0.000034 0.000096 0.000186 0.000099 0.000053 
6612864 lavaMD 1 1734 31 1.226000 0.770000  0.000039 0.000034 0.000096 0.000185 0.000098 0.000053 
6612928 lavaMD 1 1734 30 1.226000 0.847000  0.000047 0.000038 0.000105 0.000235 0.000113 0.000058 
6612928 lavaMD 1 1734 30 1.226000 1.001000  0.000048 0.000037 0.000099 0.000203 0.000103 0.000054 
6612928 lavaMD 1 1734 30 1.226000 0.847000  0.000038 0.000034 0.000095 0.000185 0.000098 0.000053 
6612992 lavaMD 1 1734 30 1.226000 0.847000  0.000067 0.000039 0.000103 0.000215 0.000105 0.000055 
6612992 lavaMD 1 1734 30 1.226000 0.770000  0.000036 0.000034 0.000095 0.000180 0.000105 0.000055 
6612992 lavaMD 1 1734 30 1.226000 0.847000  0.000040 0.000034 0.000095 0.000185 0.000098 0.000053 
6613056 lavaMD 1 1734 31 1.226000 0.923000  0.000050 0.000037 0.000103 0.000225 0.000111 0.000057 
6613056 lavaMD 1 1734 31 1.226000 0.846000  0.000039 0.000034 0.000094 0.000184 0.000096 0.000052 
6613056 lavaMD 1 1734 31 1.226000 1.078000  0.000036 0.000033 0.000101 0.000207 0.000103 0.000054 
6613120 lavaMD 1 1734 31 1.226000 0.847000  0.000040 0.000034 0.000093 0.000182 0.000096 0.000052 
6613120 lavaMD 1 1734 30 1.226000 0.770000  0.000037 0.000033 0.000093 0.000178 0.000095 0.000051 
6613184 lavaMD 1 1734 30 1.226000 1.693000  0.000049 0.000037 0.000103 0.000229 0.000112 0.000057 
6613184 lavaMD 1 1734 31 1.226000 0.770000  0.000040 0.000033 0.000093 0.000182 0.000096 0.000051 
6613184 lavaMD 1 1734 31 1.226000 2.463000  0.000038 0.000034 0.000098 0.000213 0.000106 0.000055 
