#Timestamp	Benchmark	Run(#)	CPU Frequency (MHz)	CPU Temperature(C)	CPU Voltage(V)	CPU Power(W)	CPU_CYCLES	L1_DATA_CACHE_ACCESS	INSTRUCTIONS_RETIRED	BUS_CYCLES	L1I_CACHE_ACCESS	PREDICTABLE_BRANCH_SPECULATIVELY_EXECUTED
4909120 b+tree 1 921 25 1.015000 0.616000  0.000022 0.000018 0.000050 0.000102 0.000051 0.000028 
4909184 b+tree 1 921 26 1.015000 1.080000  0.000005 0.000005 0.000014 0.000027 0.000017 0.000008 
4909184 b+tree 1 921 26 1.015000 0.231000  0.000050 0.000024 0.000061 0.000126 0.000060 0.000031 
4909248 b+tree 1 921 25 1.015000 0.616000  0.000021 0.000019 0.000052 0.000100 0.000055 0.000029 
4909248 b+tree 1 921 25 1.015000 0.308000  0.000021 0.000018 0.000051 0.000109 0.000058 0.000030 
4909248 b+tree 1 921 25 1.015000 0.308000  0.000024 0.000020 0.000054 0.000117 0.000060 0.000031 
4909312 b+tree 1 921 25 1.015000 1.309000  0.000024 0.000020 0.000053 0.000117 0.000062 0.000032 
4909312 b+tree 1 921 25 1.015000 0.770000  0.000025 0.000020 0.000055 0.000119 0.000061 0.000031 
4909312 b+tree 1 921 25 1.015000 1.388000  0.000036 0.000219 0.000145 0.000449 0.000000 0.000025 
4909376 b+tree 1 921 26 1.015000 0.847000  0.004420 0.012252 0.004913 0.012472 0.000000 0.000335 
4909376 b+tree 1 921 26 1.015000 0.693000  0.000061 0.000028 0.000065 0.000145 0.000069 0.000034 
4909440 b+tree 1 921 26 1.015000 0.694000  0.000023 0.000019 0.000053 0.000115 0.000059 0.000030 
4909440 b+tree 1 921 26 1.015000 0.694000  0.000026 0.000021 0.000056 0.000120 0.000062 0.000031 
4909440 b+tree 1 921 26 1.015000 1.232000  0.000036 0.000220 0.000143 0.000467 0.000000 0.000026 
4909504 b+tree 1 921 26 1.015000 0.849000  0.000020 0.000018 0.000049 0.000096 0.000050 0.000027 
4909504 b+tree 1 921 25 1.015000 1.155000  0.000025 0.000020 0.000054 0.000116 0.000060 0.000031 
4909504 b+tree 1 921 25 1.015000 1.003000  0.077337 0.021130 0.051705 0.077430 0.026628 0.012328 
4909568 b+tree 1 921 25 1.015000 0.848000  0.000024 0.000018 0.000050 0.000099 0.000052 0.000027 
4909568 b+tree 1 921 26 1.015000 1.157000  0.000021 0.000018 0.000051 0.000099 0.000054 0.000028 
4909632 b+tree 1 921 26 1.015000 0.694000  0.015114 0.046693 0.016495 0.046905 0.000002 0.001076 
4909632 b+tree 1 921 26 1.015000 0.925000  0.000025 0.000020 0.000055 0.000118 0.000060 0.000031 
4909632 b+tree 1 921 25 1.015000 1.233000  0.000021 0.000018 0.000051 0.000111 0.000057 0.000029 
4909696 b+tree 1 921 25 1.015000 0.770000  0.000019 0.000017 0.000048 0.000095 0.000050 0.000027 
4909696 b+tree 1 921 25 1.015000 1.233000  0.000026 0.000021 0.000093 0.000282 0.000097 0.000044 
4909696 b+tree 1 921 25 1.015000 0.693000  0.000021 0.000018 0.000050 0.000101 0.000054 0.000033 
4909760 b+tree 1 921 26 1.015000 0.770000  0.000020 0.000027 0.000065 0.000129 0.000356 0.000199 
4909760 b+tree 1 921 26 1.015000 1.078000  0.000020 0.000018 0.000050 0.000097 0.000053 0.000028 
4909824 b+tree 1 921 26 1.015000 0.771000  0.000019 0.000017 0.000048 0.000092 0.000050 0.000027 
4909824 b+tree 1 921 26 1.015000 1.078000  0.000024 0.000019 0.000052 0.000110 0.000058 0.000029 
4909824 b+tree 1 921 26 1.015000 0.771000  0.034683 0.110195 0.038054 0.110382 0.000005 0.002443 
4909888 b+tree 1 921 26 1.015000 0.847000  0.000025 0.000019 0.000054 0.000118 0.000060 0.000030 
4909888 b+tree 1 921 26 1.015000 1.233000  0.000021 0.000018 0.000050 0.000098 0.000053 0.000028 
4909888 b+tree 1 921 26 1.015000 0.848000  0.000023 0.000019 0.000052 0.000112 0.000058 0.000030 
4909952 b+tree 1 921 26 1.015000 1.233000  0.000021 0.000018 0.000050 0.000098 0.000054 0.000033 
4909952 b+tree 1 921 26 1.015000 0.771000  0.000020 0.021175 0.050737 0.082832 0.026910 0.012194 
4909952 b+tree 1 921 26 1.015000 1.002000  0.000024 0.000019 0.000053 0.000117 0.000059 0.000030 
4910016 b+tree 1 921 26 1.015000 0.770000  0.000020 0.000017 0.000049 0.000106 0.000056 0.000029 
4910016 b+tree 1 921 25 1.015000 0.924000  0.000025 0.000019 0.000053 0.000117 0.000059 0.000030 
4910080 b+tree 1 921 25 1.015000 0.771000  0.103673 0.026831 0.063396 0.103768 0.033622 0.015214 
4910080 b+tree 1 921 25 1.015000 0.770000  0.000020 0.000171 0.000383 0.000297 0.000174 0.000098 
4910080 b+tree 1 921 25 1.015000 1.078000  0.000024 0.000019 0.000052 0.000113 0.000058 0.000030 
4910144 b+tree 1 921 25 1.015000 0.771000  0.000019 0.000017 0.000047 0.000091 0.000049 0.000026 
4910208 b+tree 1 921 26 1.015000 1.311000  0.000021 0.000018 0.000049 0.000095 0.000063 0.000032 
4910208 b+tree 1 921 26 1.015000 0.771000  0.000019 0.000017 0.000047 0.000093 0.000050 0.000026 
4910208 b+tree 1 921 26 1.015000 0.848000  0.000019 0.000018 0.000049 0.000093 0.000051 0.000027 
4910272 b+tree 1 921 26 1.015000 0.771000  0.000019 0.000017 0.000047 0.000090 0.000048 0.000026 
4910272 b+tree 1 921 25 1.015000 0.771000  0.000022 0.000018 0.000051 0.000106 0.000056 0.000029 
4910272 b+tree 1 921 25 1.015000 0.694000  0.119023 0.030746 0.071704 0.119123 0.038150 0.017102 
4910336 b+tree 1 921 26 1.015000 0.770000  0.000025 0.000019 0.000052 0.000108 0.000054 0.000029 
4910336 b+tree 1 921 26 1.015000 1.080000  0.000021 0.000018 0.000050 0.000107 0.000056 0.000029 
4910336 b+tree 1 921 26 1.015000 0.694000  0.000019 0.000017 0.000047 0.000096 0.000049 0.000026 
4910400 b+tree 1 921 26 1.015000 1.000000  0.000049 0.000020 0.000054 0.000137 0.000064 0.000031 
4910400 b+tree 1 921 26 1.015000 1.002000  0.000022 0.000018 0.000055 0.000151 0.000059 0.000029 
4910464 b+tree 1 921 25 1.015000 0.847000  0.000024 0.000019 0.000051 0.000109 0.000056 0.000029 
4910464 b+tree 1 921 25 1.015000 1.234000  0.000028 0.000173 0.000150 0.000452 0.000000 0.000025 
4910464 b+tree 1 921 26 1.015000 0.770000  0.000019 0.000017 0.000046 0.000090 0.000048 0.000026 
4910528 b+tree 1 921 26 1.015000 0.771000  0.000024 0.000019 0.000051 0.000111 0.000057 0.000029 
4910528 b+tree 1 921 26 1.015000 0.694000  0.134654 0.036059 0.083063 0.134845 0.043845 0.019726 
4910528 b+tree 1 921 25 1.015000 0.771000  0.000088 0.000022 0.000055 0.000165 0.000057 0.000029 
4910592 b+tree 1 921 26 1.015000 0.848000  0.000021 0.000017 0.000048 0.000102 0.000053 0.000027 
4910592 b+tree 1 921 26 1.015000 0.693000  0.139829 0.038051 0.087338 0.139914 0.045890 0.020698 
4910656 b+tree 1 921 25 1.015000 0.925000  0.000023 0.000019 0.000051 0.000112 0.000057 0.000029 
4910656 b+tree 1 921 25 1.015000 1.311000  0.000021 0.000018 0.000050 0.000108 0.000056 0.000029 
4910656 b+tree 1 921 26 1.015000 0.694000  0.000019 0.000016 0.000046 0.000088 0.000047 0.000025 
4910720 b+tree 1 921 26 1.015000 1.002000  0.000024 0.000019 0.000050 0.000109 0.000056 0.000029 
4910720 b+tree 1 921 25 1.015000 0.694000  0.004735 0.019148 0.005821 0.019326 0.000001 0.000397 
4910720 b+tree 1 921 25 1.015000 0.770000  0.000019 0.000017 0.000062 0.000124 0.000062 0.000035 
4910784 b+tree 1 921 25 1.015000 1.232000  0.000024 0.000018 0.000050 0.000111 0.000057 0.000029 
4910784 b+tree 1 921 25 1.015000 0.694000  0.000019 0.000016 0.000046 0.000090 0.000049 0.000026 
4910848 b+tree 1 921 25 1.015000 1.079000  0.000020 0.000017 0.000047 0.000095 0.000052 0.000027 
4910848 b+tree 1 921 25 1.015000 0.770000  0.155652 0.042915 0.097603 0.155746 0.051169 0.023080 
4910848 b+tree 1 921 25 1.015000 0.925000  0.000021 0.000018 0.000050 0.000101 0.000051 0.000027 
4910912 b+tree 1 921 25 1.015000 1.155000  0.000020 0.000017 0.000047 0.000092 0.000050 0.000026 
4910912 b+tree 1 921 25 1.015000 0.694000  0.000018 0.000023 0.000059 0.000132 0.000059 0.000029 
4910912 b+tree 1 921 25 1.015000 0.849000  0.000019 0.000017 0.000047 0.000091 0.000050 0.000026 
4910976 b+tree 1 921 25 1.015000 0.770000  0.159227 0.043814 0.099517 0.159309 0.052259 0.023545 
4910976 b+tree 1 921 25 1.015000 1.003000  0.000023 0.000018 0.000051 0.000111 0.000057 0.000029 
4911040 b+tree 1 921 25 1.015000 0.770000  0.000019 0.000017 0.000047 0.000091 0.000050 0.000026 
4911040 b+tree 1 921 25 1.015000 0.771000  0.000019 0.000017 0.000047 0.000090 0.000049 0.000026 
4911040 b+tree 1 921 25 1.015000 1.155000  0.000026 0.000018 0.000051 0.000213 0.000083 0.000039 
4911104 b+tree 1 921 25 1.015000 0.694000  0.000018 0.000016 0.000045 0.000087 0.000046 0.000025 
4911104 b+tree 1 921 25 1.015000 1.080000  0.000020 0.000017 0.000048 0.000101 0.000052 0.000027 
4911104 b+tree 1 921 25 1.015000 0.694000  0.000019 0.000017 0.000046 0.000092 0.000049 0.000026 
4911168 b+tree 1 921 25 1.015000 0.694000  0.000019 0.000017 0.000046 0.000090 0.000049 0.000026 
4911168 b+tree 1 921 25 1.015000 1.079000  0.000020 0.000017 0.000047 0.000099 0.000051 0.000027 
4911232 b+tree 1 921 25 1.015000 0.693000  0.000018 0.000016 0.000044 0.000086 0.000046 0.000025 
4911232 b+tree 1 921 25 1.015000 1.079000  0.000020 0.000017 0.000047 0.000097 0.000051 0.000027 
4911232 b+tree 1 921 25 1.015000 0.771000  0.000019 0.000017 0.000046 0.000090 0.000049 0.000026 
4911296 b+tree 1 921 25 1.015000 1.002000  0.000053 0.000025 0.000059 0.000152 0.000070 0.000038 
4911296 b+tree 1 921 26 1.015000 1.156000  0.000019 0.000017 0.000046 0.000090 0.000049 0.000026 
4911296 b+tree 1 921 26 1.015000 0.694000  0.000018 0.000016 0.000044 0.000085 0.000046 0.000024 
4911360 b+tree 1 921 26 1.015000 1.080000  0.000020 0.000017 0.000048 0.000101 0.000052 0.000027 
4911360 b+tree 1 921 26 1.015000 0.694000  0.000019 0.000017 0.000075 0.000176 0.000069 0.000034 
4911360 b+tree 1 921 26 1.015000 0.771000  0.000023 0.000018 0.000049 0.000109 0.000058 0.000028 
4911424 b+tree 1 921 25 1.015000 1.155000  0.000024 0.000018 0.000048 0.000106 0.000054 0.000028 
4911424 b+tree 1 921 25 1.015000 0.848000  0.000018 0.000016 0.000053 0.000133 0.000054 0.000027 
4911488 b+tree 1 921 26 1.015000 0.925000  0.000024 0.000018 0.000048 0.000106 0.000054 0.000028 
4911488 b+tree 1 921 26 1.015000 0.693000  0.000019 0.000017 0.000045 0.000088 0.000068 0.000033 
4911488 b+tree 1 921 26 1.015000 0.694000  0.000019 0.000016 0.000045 0.000087 0.000048 0.000025 
4911552 b+tree 1 921 26 1.015000 1.233000  0.000024 0.000018 0.000048 0.000104 0.000053 0.000027 
4911552 b+tree 1 921 26 1.015000 1.002000  0.000023 0.000017 0.000048 0.000104 0.000052 0.000027 
4911552 b+tree 1 921 26 1.015000 1.157000  0.000019 0.000016 0.000045 0.000090 0.000048 0.000025 
4911616 b+tree 1 921 26 1.015000 0.694000  0.000018 0.000015 0.000043 0.000084 0.000045 0.000024 
4911616 b+tree 1 921 26 1.015000 1.002000  0.000021 0.000018 0.000051 0.000125 0.000056 0.000028 
4911680 b+tree 1 921 26 1.015000 0.847000  0.000018 0.000016 0.000045 0.000086 0.000047 0.000025 
4911680 b+tree 1 921 26 1.015000 1.309000  0.000018 0.000016 0.000045 0.000086 0.000047 0.000025 
4911680 b+tree 1 921 25 1.015000 1.080000  0.000019 0.000016 0.000045 0.000090 0.000048 0.000026 
4911744 b+tree 1 921 25 1.015000 0.925000  0.000017 0.000015 0.000043 0.000082 0.000044 0.000024 
4911744 b+tree 1 921 26 1.015000 1.002000  0.000018 0.000016 0.000044 0.000086 0.000047 0.000025 
4911744 b+tree 1 921 25 1.015000 0.770000  0.037657 0.130340 0.042774 0.130488 0.000007 0.002682 
4911808 b+tree 1 921 25 1.015000 1.001000  0.000018 0.000016 0.000044 0.000085 0.000047 0.000025 
4911808 b+tree 1 921 25 1.015000 0.771000  0.000018 0.000016 0.000044 0.000088 0.000047 0.000025 
4911808 b+tree 1 921 25 1.015000 0.694000  0.000022 0.000017 0.000047 0.000099 0.000050 0.000027 
4911872 b+tree 1 921 26 1.015000 1.233000  0.000018 0.000016 0.000044 0.000086 0.000047 0.000025 
4911872 b+tree 1 921 26 1.015000 0.771000  0.000017 0.000015 0.000068 0.000146 0.000063 0.000031 
4911936 b+tree 1 921 25 1.015000 1.002000  0.000018 0.000016 0.000044 0.000086 0.000047 0.000025 
4911936 b+tree 1 921 26 1.015000 0.694000  0.000017 0.000015 0.000042 0.000081 0.000044 0.000024 
4911936 b+tree 1 921 26 1.015000 1.000000  0.000018 0.000016 0.000044 0.000085 0.000047 0.000025 
4912000 b+tree 1 921 25 1.015000 0.694000  0.000018 0.000016 0.000044 0.000086 0.000047 0.000024 
4912000 b+tree 1 921 25 1.015000 0.771000  0.000022 0.000017 0.000046 0.000099 0.000051 0.000026 
4912000 b+tree 1 921 26 1.015000 1.309000  0.000018 0.000016 0.000044 0.000085 0.000047 0.000025 
4912064 b+tree 1 921 26 1.015000 0.693000  0.000018 0.000015 0.000042 0.000081 0.000043 0.000023 
4912064 b+tree 1 921 26 1.015000 1.233000  0.000020 0.000016 0.000046 0.000098 0.000051 0.000026 
4912064 b+tree 1 921 25 1.015000 0.694000  0.000017 0.000015 0.000042 0.000081 0.000043 0.000023 
4912128 b+tree 1 921 25 1.015000 0.770000  0.000018 0.000016 0.000045 0.000098 0.000051 0.000026 
4912128 b+tree 1 921 26 1.015000 0.770000  0.000022 0.000017 0.000044 0.000092 0.000048 0.000025 
4912192 b+tree 1 921 26 1.015000 0.693000  0.000021 0.000017 0.000046 0.000100 0.000051 0.000026 
4912192 b+tree 1 921 26 1.015000 1.312000  0.000024 0.000019 0.000051 0.000112 0.000058 0.000029 
4912192 b+tree 1 921 26 1.015000 0.694000  0.000017 0.000015 0.000042 0.000080 0.000043 0.000023 
4912256 b+tree 1 921 26 1.015000 1.001000  0.000022 0.000017 0.000046 0.000101 0.000051 0.000026 
4912256 b+tree 1 921 26 1.015000 0.770000  0.000018 0.000016 0.000043 0.000088 0.000045 0.000024 
4912256 b+tree 1 921 26 1.015000 0.770000  0.000021 0.000017 0.000046 0.000095 0.000050 0.000025 
4912320 b+tree 1 921 26 1.015000 1.234000  0.000018 0.000016 0.000043 0.000084 0.000046 0.000028 
4912320 b+tree 1 921 26 1.015000 0.693000  0.000017 0.000015 0.000041 0.000080 0.000042 0.000023 
4912320 b+tree 1 921 26 1.015000 1.079000  0.000023 0.000134 0.000088 0.000275 0.000000 0.000015 
4912384 b+tree 1 921 25 1.015000 0.772000  0.010933 0.003650 0.007810 0.011003 0.004019 0.001846 
4912384 b+tree 1 921 25 1.015000 1.002000  0.000017 0.000016 0.000043 0.000083 0.000045 0.000024 
4912448 b+tree 1 921 26 1.015000 1.234000  0.000018 0.000016 0.000043 0.000085 0.000046 0.000024 
4912448 b+tree 1 921 26 1.015000 0.771000  0.000017 0.000016 0.000043 0.000082 0.000051 0.000026 
4912448 b+tree 1 921 26 1.015000 1.155000  0.000018 0.000016 0.000043 0.000083 0.000045 0.000024 
4912512 b+tree 1 921 26 1.015000 0.771000  0.000017 0.000015 0.000041 0.000080 0.000042 0.000023 
4912512 b+tree 1 921 26 1.015000 1.000000  0.000019 0.000018 0.000048 0.000093 0.000051 0.000027 
4912512 b+tree 1 921 26 1.015000 0.772000  0.000018 0.000020 0.000051 0.000127 0.000053 0.000026 
4912576 b+tree 1 921 26 1.015000 0.694000  0.000017 0.000016 0.000042 0.000083 0.000045 0.000024 
4912576 b+tree 1 921 26 1.015000 1.156000  0.000024 0.000017 0.000047 0.000107 0.000050 0.000025 
4912640 b+tree 1 921 26 1.015000 0.771000  0.000018 0.000016 0.000044 0.000092 0.000047 0.000025 
4912640 b+tree 1 921 25 1.015000 1.079000  0.000017 0.000015 0.000042 0.000082 0.000045 0.000024 
4912640 b+tree 1 921 25 1.015000 0.771000  0.000017 0.000015 0.000041 0.000078 0.000042 0.000023 
4912704 b+tree 1 921 26 1.015000 0.770000  0.000020 0.000016 0.000044 0.000097 0.000050 0.000025 
4912704 b+tree 1 921 26 1.015000 0.770000  0.000018 0.000015 0.000042 0.000082 0.000045 0.000024 
4912704 b+tree 1 921 26 1.015000 1.002000  0.000017 0.000015 0.000042 0.000081 0.000045 0.000024 
4912768 b+tree 1 921 26 1.015000 1.233000  0.000017 0.000015 0.000042 0.000081 0.000044 0.000024 
4912768 b+tree 1 921 26 1.015000 0.770000  0.000016 0.000014 0.000040 0.000078 0.000058 0.000028 
4912768 b+tree 1 921 25 1.015000 0.924000  0.000017 0.000015 0.000042 0.000082 0.000045 0.000023 
4912832 b+tree 1 921 25 1.015000 1.158000  0.013520 0.003373 0.007109 0.013591 0.004017 0.001737 
4912832 b+tree 1 921 26 1.015000 1.001000  0.000020 0.000017 0.000047 0.000096 0.000050 0.000026 
4912896 b+tree 1 921 26 1.015000 0.849000  0.000017 0.000014 0.000040 0.000079 0.000042 0.000023 
4912896 b+tree 1 921 26 1.015000 1.078000  0.002939 0.000570 0.001120 0.003020 0.000781 0.000312 
4912896 b+tree 1 921 25 1.015000 1.233000  0.000017 0.000015 0.000042 0.000081 0.000045 0.000024 
4912960 b+tree 1 921 25 1.015000 1.080000  0.000017 0.000015 0.000042 0.000080 0.000044 0.000023 
4912960 b+tree 1 921 26 1.015000 1.079000  0.000017 0.000015 0.000042 0.000081 0.000044 0.000023 
4912960 b+tree 1 921 26 1.015000 0.694000  0.000016 0.000014 0.000040 0.000078 0.000041 0.000022 
4913024 b+tree 1 921 25 1.015000 1.079000  0.000020 0.000016 0.000044 0.000095 0.000049 0.000025 
4913024 b+tree 1 921 25 1.015000 0.771000  0.000017 0.000015 0.000041 0.000160 0.000062 0.000031 
4913024 b+tree 1 921 25 1.015000 0.770000  0.000019 0.000016 0.000044 0.000092 0.000047 0.000024 
4913088 b+tree 1 921 25 1.015000 1.157000  0.000021 0.000016 0.000044 0.000095 0.000047 0.000024 
4913088 b+tree 1 921 25 1.015000 0.770000  0.000016 0.000014 0.000040 0.000076 0.000041 0.000022 
4913152 b+tree 1 921 26 1.015000 1.078000  0.000017 0.000015 0.000041 0.000080 0.000044 0.000023 
4913152 b+tree 1 921 26 1.015000 0.694000  0.012530 0.003977 0.008632 0.012601 0.004442 0.001938 
4913152 b+tree 1 921 25 1.015000 1.234000  0.000019 0.000017 0.000046 0.000115 0.000050 0.000025 
4913216 b+tree 1 921 26 1.015000 1.311000  0.000018 0.000017 0.000045 0.000107 0.000048 0.000024 
4913216 b+tree 1 921 26 1.015000 0.925000  0.000019 0.000016 0.000047 0.000111 0.000050 0.000025 
4913216 b+tree 1 921 26 1.015000 1.157000  0.021714 0.075449 0.024582 0.075609 0.000004 0.001518 
4913280 b+tree 1 921 26 1.015000 0.694000  0.000018 0.000030 0.000070 0.000179 0.000064 0.000032 
4913280 b+tree 1 921 26 1.015000 0.770000  0.000020 0.000016 0.000044 0.000096 0.000049 0.000025 
4913344 b+tree 1 921 26 1.015000 1.233000  0.021414 0.006572 0.014093 0.021493 0.007350 0.003250 
4913344 b+tree 1 921 26 1.015000 1.079000  0.000020 0.000015 0.000041 0.000083 0.000043 0.000022 
4913344 b+tree 1 921 26 1.015000 1.311000  0.000017 0.000015 0.000041 0.000080 0.000044 0.000023 
4913408 b+tree 1 921 26 1.015000 0.771000  0.022599 0.006811 0.014515 0.022618 0.007648 0.003357 
4913408 b+tree 1 921 26 1.015000 0.771000  0.028436 0.097606 0.032130 0.097741 0.000005 0.001998 
4913408 b+tree 1 921 26 1.015000 1.156000  0.000017 0.000015 0.000041 0.000080 0.000044 0.000023 
4913472 b+tree 1 921 25 1.015000 0.694000  0.000016 0.000014 0.000039 0.000099 0.000043 0.000022 
4913472 b+tree 1 921 25 1.015000 1.001000  0.000017 0.000015 0.000041 0.000079 0.000043 0.000023 
4913536 b+tree 1 921 25 1.015000 0.694000  0.028120 0.008504 0.018141 0.028188 0.009590 0.004221 
4913536 b+tree 1 921 26 1.015000 1.079000  0.000020 0.000015 0.000043 0.000092 0.000047 0.000024 
4913536 b+tree 1 921 26 1.015000 0.770000  0.000021 0.000016 0.000043 0.000097 0.000048 0.000025 
4913600 b+tree 1 921 26 1.015000 0.848000  0.000020 0.000016 0.000043 0.000090 0.000047 0.000024 
4913600 b+tree 1 921 26 1.015000 1.155000  0.000017 0.000015 0.000041 0.000080 0.000044 0.000023 
4913600 b+tree 1 921 26 1.015000 0.693000  0.000016 0.000014 0.000039 0.000074 0.000040 0.000022 
4913664 b+tree 1 921 26 1.015000 1.079000  0.000017 0.000015 0.000040 0.000079 0.000043 0.000023 
4913664 b+tree 1 921 26 1.015000 0.849000  0.034327 0.115342 0.038594 0.115464 0.000006 0.002418 
4913664 b+tree 1 921 26 1.015000 1.080000  0.000021 0.000016 0.000043 0.000092 0.000048 0.000024 
4913728 b+tree 1 921 26 1.015000 0.770000  0.000018 0.000015 0.000041 0.000080 0.000043 0.000023 
4913728 b+tree 1 921 26 1.015000 0.770000  0.000020 0.000016 0.000043 0.000090 0.000046 0.000024 
4913792 b+tree 1 921 26 1.015000 1.156000  0.000017 0.000015 0.000040 0.000079 0.000043 0.000023 
4913792 b+tree 1 921 25 1.015000 0.770000  0.000016 0.000014 0.000039 0.000074 0.000040 0.000021 
4913792 b+tree 1 921 26 1.015000 1.002000  0.000018 0.000015 0.000041 0.000086 0.000044 0.000023 
4913856 b+tree 1 921 26 1.015000 0.693000  0.000016 0.000014 0.000039 0.000074 0.000040 0.000021 
4913856 b+tree 1 921 25 1.015000 1.079000  0.000020 0.000015 0.000042 0.000089 0.000046 0.000024 
4913856 b+tree 1 921 25 1.015000 0.771000  0.046944 0.012557 0.026627 0.047017 0.014543 0.006307 
4913920 b+tree 1 921 26 1.015000 0.770000  0.000016 0.000015 0.000040 0.000077 0.000042 0.000022 
4913920 b+tree 1 921 26 1.015000 1.078000  0.000017 0.000015 0.000040 0.000078 0.000043 0.000022 
4913920 b+tree 1 921 26 1.015000 0.849000  0.000016 0.000014 0.000038 0.000074 0.000040 0.000021 
4913984 b+tree 1 921 26 1.015000 1.003000  0.000016 0.000014 0.000040 0.000077 0.000043 0.000022 
4913984 b+tree 1 921 26 1.015000 0.771000  0.000016 0.000014 0.000038 0.000074 0.000040 0.000021 
4914048 b+tree 1 921 26 1.015000 0.847000  0.000016 0.000014 0.000040 0.000077 0.000042 0.000022 
4914048 b+tree 1 921 26 1.015000 1.003000  0.000016 0.000014 0.000040 0.000077 0.000042 0.000022 
4914048 b+tree 1 921 26 1.015000 0.462000  0.000020 0.000016 0.000042 0.000091 0.000047 0.000024 
4914112 b+tree 1 921 26 1.015000 1.002000  0.000016 0.000014 0.000039 0.000076 0.000042 0.000022 
4914112 b+tree 1 921 25 1.015000 0.617000  0.000015 0.000014 0.000038 0.000074 0.000039 0.000021 
4914112 b+tree 1 921 25 1.015000 0.848000  0.000018 0.000015 0.000041 0.000087 0.000045 0.000023 
4914176 b+tree 1 921 25 1.015000 0.462000  0.000015 0.000014 0.000038 0.000073 0.000039 0.000021 
4914176 b+tree 1 921 25 1.015000 0.694000  0.000017 0.000015 0.000040 0.000090 0.000045 0.000023 
4914176 b+tree 1 921 25 1.015000 0.462000  0.000022 0.000016 0.000042 0.000093 0.000046 0.000023 
4914240 b+tree 1 921 26 1.015000 0.462000  0.000016 0.000014 0.000039 0.000081 0.000043 0.000022 
4914240 b+tree 1 921 26 1.015000 0.616000  0.000018 0.000015 0.000041 0.000087 0.000045 0.000023 
4914304 b+tree 1 921 26 1.015000 0.462000  0.000015 0.000013 0.000038 0.000074 0.000038 0.000021 
4914304 b+tree 1 921 25 1.015000 0.770000  0.000019 0.000015 0.000041 0.000089 0.000046 0.000023 
4914304 b+tree 1 921 25 1.015000 0.617000  0.000189 0.000041 0.000089 0.000248 0.000077 0.000035 
4914368 b+tree 1 921 26 1.015000 0.770000  0.000016 0.000014 0.000039 0.000076 0.000041 0.000022 
4914368 b+tree 1 921 26 1.015000 0.462000  0.000016 0.000014 0.000039 0.000077 0.000041 0.000022 
4914368 b+tree 1 921 25 1.015000 0.463000  0.000020 0.000015 0.000040 0.000083 0.000043 0.000023 
4914432 b+tree 1 921 25 1.015000 1.001000  0.000016 0.000014 0.000039 0.000076 0.000042 0.000022 
4914432 b+tree 1 921 25 1.015000 0.462000  0.000015 0.000013 0.000037 0.000071 0.000039 0.000021 
4914432 b+tree 1 921 25 1.015000 0.770000  0.000016 0.000014 0.000039 0.000075 0.000041 0.000022 
4914496 b+tree 1 921 25 1.015000 0.463000  0.000015 0.000013 0.000037 0.000073 0.000039 0.000021 
4914496 b+tree 1 921 25 1.015000 0.848000  0.000017 0.000014 0.000039 0.000083 0.000042 0.000022 
4914560 b+tree 1 921 25 1.015000 0.849000  0.000018 0.000016 0.000042 0.000103 0.000046 0.000023 
4914560 b+tree 1 921 25 1.015000 0.462000  0.000018 0.000015 0.000040 0.000088 0.000045 0.000023 
4914560 b+tree 1 921 25 1.015000 0.925000  0.000016 0.000014 0.000039 0.000075 0.000043 0.000022 
4914624 b+tree 1 921 25 1.015000 0.463000  0.000015 0.000013 0.000037 0.000072 0.000038 0.000021 
4914624 b+tree 1 921 25 1.015000 0.848000  0.000015 0.000014 0.000038 0.000074 0.000041 0.000021 
4914624 b+tree 1 921 25 1.015000 0.539000  0.084123 0.021783 0.046526 0.084195 0.025434 0.010960 
4914688 b+tree 1 921 25 1.015000 0.540000  0.000020 0.000015 0.000041 0.000090 0.000045 0.000023 
4914688 b+tree 1 921 25 1.015000 0.463000  0.000018 0.000014 0.000039 0.000105 0.000046 0.000023 
4914688 b+tree 1 921 25 1.015000 0.463000  0.000019 0.000015 0.000044 0.000103 0.000048 0.000024 
4914752 b+tree 1 921 25 1.015000 1.078000  0.000016 0.000014 0.000039 0.000085 0.000043 0.000022 
4914752 b+tree 1 921 25 1.015000 0.463000  0.000015 0.000014 0.000038 0.000083 0.000039 0.000021 
4914816 b+tree 1 921 25 1.015000 0.694000  0.000056 0.000020 0.000050 0.000129 0.000056 0.000026 
4914816 b+tree 1 921 25 1.015000 0.462000  0.000016 0.000014 0.000038 0.000076 0.000041 0.000021 
4914816 b+tree 1 921 26 1.015000 0.925000  0.000015 0.000014 0.000038 0.000073 0.000040 0.000021 
4914880 b+tree 1 921 26 1.015000 1.002000  0.000018 0.000015 0.000043 0.000083 0.000045 0.000024 
4914880 b+tree 1 921 25 1.015000 0.462000  0.000019 0.000014 0.000039 0.000077 0.000040 0.000021 
4914880 b+tree 1 921 25 1.015000 0.770000  0.002974 0.000597 0.001196 0.003039 0.000747 0.000296 
4914944 b+tree 1 921 25 1.015000 0.462000  0.000018 0.000015 0.000041 0.000099 0.000045 0.000023 
4914944 b+tree 1 921 26 1.015000 0.539000  0.000018 0.000014 0.000039 0.000085 0.000044 0.000023 
4915008 b+tree 1 921 26 1.015000 0.539000  0.000020 0.000016 0.000042 0.000094 0.000046 0.000024 
4915008 b+tree 1 921 26 1.015000 0.462000  0.000017 0.000014 0.000039 0.000083 0.000043 0.000022 
4915008 b+tree 1 921 26 1.015000 0.616000  0.085987 0.069654 0.195570 0.457307 0.217079 0.110713 
4915072 b+tree 1 921 26 1.015000 0.463000  0.019018 0.016764 0.045898 0.089574 0.049466 0.025844 
4915072 b+tree 1 921 25 1.015000 0.462000  0.005405 0.004925 0.017546 0.035279 0.017494 0.009963 
4915072 b+tree 1 921 25 1.015000 0.847000  0.000018 0.000016 0.000042 0.000084 0.000046 0.000024 
4915136 b+tree 1 921 25 1.015000 0.462000  0.003350 0.002560 0.006758 0.013710 0.007077 0.003648 
4915136 b+tree 1 921 25 1.015000 0.848000  0.002650 0.002033 0.005571 0.011849 0.006235 0.003174 
4915200 b+tree 1 921 25 1.015000 0.462000  0.001871 0.001650 0.004627 0.009077 0.004724 0.002557 
4915200 b+tree 1 921 25 1.015000 0.694000  0.001414 0.001293 0.003554 0.006844 0.003771 0.001991 
4915200 b+tree 1 921 25 1.015000 0.462000  0.001390 0.001222 0.003362 0.006506 0.003593 0.001887 
4915264 b+tree 1 921 25 1.015000 0.617000  0.001295 0.001089 0.002978 0.006257 0.003247 0.001657 
4915264 b+tree 1 921 25 1.015000 0.462000  0.001124 0.000992 0.002714 0.005424 0.002917 0.001525 
4915264 b+tree 1 921 25 1.015000 0.462000  0.001000 0.000914 0.002511 0.004815 0.002664 0.001409 
4915328 b+tree 1 921 25 1.015000 0.848000  0.000896 0.000787 0.002416 0.005892 0.002654 0.001308 
4915328 b+tree 1 921 26 1.015000 0.539000  0.002007 0.000938 0.002596 0.008517 0.003036 0.001595 
4915328 b+tree 1 921 25 1.015000 0.771000  0.000771 0.000706 0.001934 0.006416 0.002426 0.001190 
4915392 b+tree 1 921 25 1.015000 0.462000  0.000780 0.000687 0.001872 0.003649 0.002025 0.001057 
4915392 b+tree 1 921 25 1.015000 0.462000  0.000720 0.000646 0.001783 0.003869 0.001927 0.001012 
4915456 b+tree 1 921 25 1.015000 1.001000  0.000769 0.000610 0.001677 0.003676 0.001874 0.000957 
4915456 b+tree 1 921 25 1.015000 0.462000  0.000681 0.000622 0.001797 0.005470 0.002167 0.001166 
4915456 b+tree 1 921 25 1.015000 0.693000  0.000566 0.000526 0.001439 0.003351 0.001711 0.000856 
4915520 b+tree 1 921 25 1.015000 0.771000  0.000560 0.000499 0.001367 0.002645 0.001456 0.000769 
4915520 b+tree 1 921 25 1.015000 0.462000  0.000517 0.000468 0.001280 0.002475 0.001363 0.000721 
4915520 b+tree 1 921 25 1.015000 0.847000  0.000511 0.000420 0.001213 0.002636 0.001357 0.000699 
4915584 b+tree 1 921 25 1.015000 0.616000  0.000438 0.000394 0.001103 0.002116 0.001134 0.000612 
4915584 b+tree 1 921 25 1.015000 0.693000  0.000433 0.000582 0.001403 0.002876 0.001629 0.000801 
4915648 b+tree 1 921 25 1.015000 0.462000  0.070975 0.248667 0.080957 0.248783 0.000012 0.004990 
4915648 b+tree 1 921 25 1.015000 0.694000  0.000516 0.000408 0.001170 0.002618 0.001276 0.000641 
4915648 b+tree 1 921 25 1.015000 0.848000  0.000491 0.000386 0.001065 0.002365 0.001198 0.000603 
4915712 b+tree 1 921 25 1.015000 0.462000  0.000467 0.000344 0.000955 0.001988 0.001051 0.000547 
4915712 b+tree 1 921 25 1.015000 0.770000  0.032688 0.009153 0.019708 0.032766 0.010330 0.004680 
4915712 b+tree 1 921 25 1.015000 0.463000  0.000017 0.000015 0.000041 0.000080 0.000044 0.000023 
4915776 b+tree 1 921 25 1.015000 0.462000  0.000474 0.000371 0.001020 0.002281 0.001156 0.000580 
4915776 b+tree 1 921 25 1.015000 0.848000  0.000447 0.000356 0.000978 0.002177 0.001101 0.000557 
4915840 b+tree 1 921 25 1.015000 0.462000  0.000692 0.000445 0.001289 0.004339 0.001455 0.000741 
4915840 b+tree 1 921 25 1.015000 0.771000  0.000443 0.000401 0.001026 0.002300 0.001100 0.000548 
4915840 b+tree 1 921 25 1.015000 0.463000  0.000386 0.000322 0.000870 0.001764 0.000940 0.000488 
4915904 b+tree 1 921 25 1.015000 0.462000  0.000427 0.000341 0.000909 0.001943 0.000979 0.000510 
4915904 b+tree 1 921 25 1.015000 0.847000  0.000375 0.000309 0.000847 0.001852 0.000947 0.000486 
4915904 b+tree 1 921 25 1.015000 0.462000  0.000310 0.000276 0.000770 0.001495 0.000792 0.000426 
4915968 b+tree 1 921 25 1.015000 0.694000  0.000388 0.000304 0.000823 0.001796 0.000933 0.000473 
4915968 b+tree 1 921 25 1.015000 0.462000  0.018089 0.005166 0.011069 0.018154 0.005786 0.002628 
4916032 b+tree 1 921 25 1.015000 0.462000  0.000379 0.000298 0.000817 0.001744 0.000901 0.000457 
4916032 b+tree 1 921 25 1.015000 0.847000  0.000425 0.000300 0.000822 0.002454 0.001075 0.000524 
4916032 b+tree 1 921 25 1.015000 0.462000  0.020226 0.005850 0.012472 0.020291 0.006538 0.002974 
4916096 b+tree 1 921 25 1.015000 0.540000  0.000016 0.000015 0.000040 0.000078 0.000043 0.000022 
4916096 b+tree 1 921 25 1.015000 0.539000  0.000274 0.000252 0.000702 0.001332 0.000722 0.000389 
4916096 b+tree 1 921 25 1.015000 0.770000  0.000383 0.000277 0.000742 0.001643 0.000829 0.000419 
4916160 b+tree 1 921 25 1.015000 0.462000  0.000260 0.000236 0.000661 0.001271 0.000679 0.000367 
4916160 b+tree 1 921 25 1.015000 0.694000  0.000273 0.000241 0.000657 0.001280 0.000697 0.000368 
4916224 b+tree 1 921 25 1.015000 0.462000  0.000266 0.000226 0.000625 0.001214 0.000649 0.000347 
4916224 b+tree 1 921 25 1.015000 0.770000  0.000293 0.000242 0.000667 0.001426 0.000729 0.000373 
4916224 b+tree 1 921 25 1.015000 0.926000  0.000254 0.000245 0.000653 0.001535 0.000698 0.000358 
4916288 b+tree 1 921 25 1.015000 0.462000  0.000238 0.000219 0.000605 0.002094 0.000894 0.000442 
4916288 b+tree 1 921 25 1.015000 0.771000  0.000244 0.000211 0.000579 0.001139 0.000616 0.000325 
4916288 b+tree 1 921 25 1.015000 0.462000  0.000228 0.000197 0.000894 0.001935 0.000821 0.000405 
4916352 b+tree 1 921 25 1.015000 0.770000  0.000252 0.000213 0.000588 0.001256 0.000645 0.000327 
4916352 b+tree 1 921 25 1.015000 0.462000  0.000236 0.000189 0.000588 0.001476 0.000695 0.000373 
4916352 b+tree 1 921 25 1.015000 0.693000  0.000210 0.000193 0.000532 0.001037 0.000563 0.000298 
4916416 b+tree 1 921 25 1.015000 0.848000  0.000221 0.000191 0.000525 0.002047 0.000806 0.000397 
4916416 b+tree 1 921 26 1.015000 0.847000  0.000217 0.000193 0.000531 0.001190 0.000586 0.000303 
4916480 b+tree 1 921 26 1.015000 0.926000  0.000216 0.000186 0.000508 0.001003 0.000547 0.000286 
4916480 b+tree 1 921 26 1.015000 0.462000  0.000195 0.000174 0.000484 0.000933 0.000496 0.000269 
4916480 b+tree 1 921 25 1.015000 0.693000  0.000200 0.000177 0.000490 0.000954 0.000521 0.000274 
4916544 b+tree 1 921 25 1.015000 0.463000  0.014708 0.003752 0.008248 0.014768 0.004498 0.001836 
4916544 b+tree 1 921 25 1.015000 0.770000  0.000234 0.000183 0.000507 0.001107 0.000569 0.000292 
4916544 b+tree 1 921 25 1.015000 0.770000  0.000213 0.000175 0.000482 0.001001 0.000511 0.000269 
4916608 b+tree 1 921 25 1.015000 0.848000  0.000207 0.000170 0.000467 0.000959 0.000492 0.000278 
4916608 b+tree 1 921 26 1.015000 0.770000  0.000191 0.000168 0.000461 0.000910 0.000491 0.000259 
4916672 b+tree 1 921 26 1.015000 0.693000  0.000016 0.000014 0.000038 0.000083 0.000043 0.000023 
4916672 b+tree 1 921 26 1.015000 0.925000  0.000215 0.000161 0.000452 0.001154 0.000529 0.000267 
4916672 b+tree 1 921 26 1.015000 1.155000  0.000184 0.000149 0.000414 0.001088 0.000464 0.000242 
4916736 b+tree 1 921 26 1.015000 0.539000  0.000161 0.000144 0.000405 0.000784 0.000418 0.000225 
4916736 b+tree 1 921 26 1.015000 1.079000  0.000172 0.000150 0.000413 0.000805 0.000437 0.000231 
