#Timestamp	Benchmark	Run(#)	CPU Frequency (MHz)	CPU Temperature(C)	CPU Voltage(V)	CPU Power(W)	CPU_CYCLES	L1_DATA_CACHE_ACCESS	INSTRUCTIONS_RETIRED	BUS_CYCLES	L1I_CACHE_ACCESS	PREDICTABLE_BRANCH_SPECULATIVELY_EXECUTED
1688832 hybridsort 1 102 23 0.842000 0.308000  0.000004 0.000004 0.000010 0.000019 0.000013 0.000006 
1688832 hybridsort 1 102 23 0.842000 0.231000  0.000054 0.000020 0.000059 0.000126 0.000057 0.000028 
1688896 hybridsort 1 102 23 0.842000 0.308000  0.000016 0.000013 0.000055 0.000142 0.000057 0.000027 
1688960 hybridsort 1 102 23 0.842000 0.308000  0.000039 0.000033 0.000091 0.000199 0.000099 0.000053 
1689024 hybridsort 1 102 23 0.842000 0.308000  0.000026 0.000025 0.000068 0.000138 0.000070 0.000081 
1689088 hybridsort 1 102 23 0.842000 0.308000  0.000026 0.000024 0.000133 0.000262 0.000138 0.000062 
1689088 hybridsort 1 102 23 0.842000 0.308000  0.000015 0.000017 0.000047 0.000102 0.000048 0.000024 
1689152 hybridsort 1 102 23 0.842000 0.231000  0.000018 0.000014 0.000041 0.000086 0.000044 0.000023 
1689216 hybridsort 1 102 23 0.842000 0.308000  0.000016 0.000014 0.000040 0.000086 0.000046 0.000023 
1689216 hybridsort 1 102 23 0.842000 0.308000  0.000014 0.000013 0.000037 0.000070 0.000038 0.000021 
1689280 hybridsort 1 102 23 0.842000 0.308000  0.000015 0.000013 0.000037 0.000070 0.000039 0.000021 
1689344 hybridsort 1 102 23 0.842000 0.308000  0.000015 0.000013 0.000037 0.000074 0.000039 0.000021 
1689344 hybridsort 1 102 23 0.842000 0.308000  0.000015 0.000014 0.000041 0.000086 0.000045 0.000023 
1689408 hybridsort 1 102 23 0.842000 0.308000  0.010590 0.002989 0.006164 0.010690 0.003685 0.001482 
1689472 hybridsort 1 102 23 0.842000 0.308000  0.000034 0.000024 0.000067 0.000134 0.000069 0.000036 
1689536 hybridsort 1 102 23 0.842000 0.308000  0.000015 0.000013 0.000038 0.000083 0.000042 0.000022 
1689536 hybridsort 1 102 23 0.842000 0.308000  0.000008 0.000043 0.000029 0.000091 0.000000 0.000005 
1689600 hybridsort 1 102 23 0.842000 0.308000  0.000027 0.000024 0.000066 0.000167 0.000085 0.000048 
1689664 hybridsort 1 102 23 0.842000 0.308000  0.000025 0.000023 0.000064 0.000123 0.000066 0.000035 
1689664 hybridsort 1 102 23 0.842000 0.308000  0.000024 0.000023 0.000063 0.000119 0.000065 0.000035 
1689728 hybridsort 1 102 23 0.842000 0.308000  0.000019 0.000015 0.000042 0.000087 0.000046 0.000024 
1689792 hybridsort 1 102 23 0.842000 0.385000  0.000015 0.000013 0.000037 0.000076 0.000039 0.000021 
1689792 hybridsort 1 102 23 0.842000 0.308000  0.000168 0.000056 0.000143 0.000336 0.000128 0.000060 
1689856 hybridsort 1 102 23 0.842000 0.308000  0.000031 0.000027 0.000077 0.000194 0.000092 0.000047 
1689920 hybridsort 1 102 23 0.842000 0.308000  0.000029 0.000027 0.000077 0.000172 0.000087 0.000045 
1689984 hybridsort 1 102 23 0.842000 0.308000  0.008889 0.003928 0.008135 0.009065 0.003495 0.001869 
1689984 hybridsort 1 102 23 0.842000 0.308000  0.000024 0.000023 0.000066 0.000129 0.000068 0.000036 
1690048 hybridsort 1 102 23 0.842000 0.308000  0.000014 0.000013 0.000037 0.000069 0.000040 0.000021 
1690112 hybridsort 1 102 24 0.842000 0.308000  0.000015 0.000013 0.000037 0.000070 0.000038 0.000020 
1690176 hybridsort 1 102 23 0.842000 0.308000  0.000029 0.000027 0.000077 0.000145 0.000079 0.000043 
1690176 hybridsort 1 102 23 0.842000 0.308000  0.000007 0.000043 0.000029 0.000090 0.000000 0.000005 
1690240 hybridsort 1 102 23 0.842000 0.308000  0.000008 0.000065 0.000038 0.000121 0.000000 0.000006 
1690304 hybridsort 1 102 23 0.842000 0.308000  0.004976 0.001190 0.002313 0.005139 0.001603 0.000643 
1690304 hybridsort 1 102 23 0.842000 0.308000  0.000022 0.000015 0.000051 0.000117 0.000061 0.000031 
1690368 hybridsort 1 102 24 0.842000 0.308000  0.000014 0.000013 0.000037 0.000079 0.000040 0.000024 
1690432 hybridsort 1 102 23 0.842000 0.308000  0.000014 0.000014 0.000040 0.000083 0.000042 0.000022 
1690432 hybridsort 1 102 23 0.842000 0.308000  0.000015 0.000014 0.000041 0.000085 0.000044 0.000022 
1690496 hybridsort 1 102 23 0.842000 0.308000  0.000015 0.000013 0.000047 0.000098 0.000046 0.000023 
1690560 hybridsort 1 102 23 0.842000 0.308000  0.000033 0.000035 0.000092 0.000191 0.000096 0.000048 
1690624 hybridsort 1 102 24 0.842000 0.308000  0.000014 0.000014 0.000038 0.000076 0.000040 0.000023 
1690624 hybridsort 1 102 23 0.842000 0.231000  0.000014 0.000014 0.000039 0.000083 0.000041 0.000022 
1690688 hybridsort 1 102 23 0.842000 0.308000  0.000014 0.000013 0.000036 0.000072 0.000040 0.000021 
1690688 hybridsort 1 102 23 0.842000 0.231000  0.000014 0.000013 0.000039 0.000079 0.000040 0.000021 
1690752 hybridsort 1 102 23 0.842000 0.308000  0.000002 0.000012 0.000010 0.000025 0.000000 0.000001 
1690816 hybridsort 1 102 23 0.842000 0.308000  0.000008 0.000050 0.000030 0.000097 0.000000 0.000005 
1690816 hybridsort 1 102 23 0.842000 0.308000  0.000236 0.000768 0.000310 0.000818 0.000000 0.000025 
1690880 hybridsort 1 102 23 0.842000 0.385000  0.000007 0.000043 0.000028 0.000093 0.000000 0.000005 
1690944 hybridsort 1 102 23 0.842000 0.308000  0.000015 0.000013 0.000038 0.000077 0.000041 0.000022 
1691008 hybridsort 1 102 23 0.842000 0.308000  0.000036 0.000029 0.000081 0.000170 0.000084 0.000043 
1691008 hybridsort 1 102 23 0.842000 0.385000  0.000026 0.000015 0.000041 0.000084 0.000041 0.000021 
1691072 hybridsort 1 102 23 0.842000 0.308000  0.000016 0.000013 0.000038 0.000074 0.000039 0.000021 
1691136 hybridsort 1 102 24 0.842000 0.308000  0.000031 0.000041 0.000099 0.000259 0.000121 0.000192 
1691200 hybridsort 1 102 23 0.842000 0.308000  0.010527 0.009890 0.027703 0.052458 0.028569 0.015392 
1691200 hybridsort 1 102 23 0.842000 0.308000  0.009879 0.007980 0.022337 0.047897 0.024150 0.012201 
1691264 hybridsort 1 102 23 0.842000 0.308000  0.000029 0.000026 0.000073 0.000140 0.000076 0.000041 
1691328 hybridsort 1 102 23 0.842000 0.308000  0.004155 0.003565 0.009964 0.019865 0.010390 0.005490 
1691328 hybridsort 1 102 24 0.842000 0.308000  0.003544 0.003156 0.010204 0.025779 0.011848 0.005729 
1691392 hybridsort 1 102 23 0.842000 0.308000  0.000024 0.000022 0.000060 0.000116 0.000063 0.000033 
1691456 hybridsort 1 102 23 0.842000 0.308000  0.002633 0.002407 0.006434 0.013147 0.006695 0.003474 
1691520 hybridsort 1 102 23 0.842000 0.308000  0.737188 0.270500 0.576849 0.746592 0.303252 0.134225 
1691520 hybridsort 1 102 23 0.842000 0.308000  0.003128 0.001935 0.005280 0.010722 0.005429 0.002834 
1691584 hybridsort 1 102 23 0.842000 0.308000  0.001801 0.001632 0.004554 0.008668 0.004682 0.002522 
1691648 hybridsort 1 102 23 0.842000 0.385000  0.000028 0.000026 0.000090 0.000192 0.000091 0.000047 
1691648 hybridsort 1 102 23 0.842000 0.308000  0.000045 0.000030 0.000079 0.000156 0.000079 0.000042 
1691712 hybridsort 1 102 23 0.842000 0.308000  0.000039 0.000053 0.000121 0.000257 0.000126 0.000066 
1691776 hybridsort 1 102 23 0.842000 0.308000  0.000045 0.000032 0.000085 0.000185 0.000095 0.000047 
1691776 hybridsort 1 102 23 0.842000 0.308000  0.001161 0.001066 0.002987 0.005643 0.003058 0.007867 
1691840 hybridsort 1 102 23 0.842000 0.308000  0.001866 0.001250 0.003377 0.007178 0.003687 0.001858 
1691904 hybridsort 1 102 23 0.842000 0.308000  0.001095 0.000968 0.002694 0.005161 0.002798 0.001494 
1691968 hybridsort 1 102 23 0.842000 0.308000  0.000998 0.000926 0.002706 0.005326 0.002893 0.001493 
1691968 hybridsort 1 102 23 0.842000 0.308000  0.001005 0.000901 0.002503 0.004910 0.002616 0.001450 
1692032 hybridsort 1 102 23 0.842000 0.308000  0.013586 0.004358 0.009395 0.013677 0.005153 0.002122 
1692096 hybridsort 1 102 23 0.842000 0.308000  0.000025 0.000023 0.000062 0.000161 0.000082 0.000055 
1692096 hybridsort 1 102 23 0.842000 0.308000  0.001786 0.001018 0.002682 0.005457 0.002766 0.001422 
1692160 hybridsort 1 102 23 0.842000 0.308000  0.001197 0.000948 0.002587 0.005113 0.002855 0.001469 
1692224 hybridsort 1 102 23 0.842000 0.308000  0.000925 0.001224 0.003976 0.009296 0.004184 0.004802 
1692224 hybridsort 1 102 23 0.842000 0.308000  0.000814 0.000762 0.002123 0.004623 0.002346 0.001228 
1692288 hybridsort 1 102 23 0.842000 0.308000  0.017580 0.037821 0.014916 0.037917 0.000001 0.002031 
1692352 hybridsort 1 102 23 0.842000 0.308000  0.002468 0.001140 0.002872 0.006862 0.003069 0.001436 
1692352 hybridsort 1 102 23 0.842000 0.308000  0.000812 0.000000 0.000000 0.000000 0.000000 0.000000 
1692416 hybridsort 1 102 23 0.842000 0.308000  0.000914 0.000778 0.002215 0.004407 0.007712 0.003198 
1692480 hybridsort 1 102 23 0.842000 0.308000  0.000731 0.003879 0.008878 0.019752 0.006789 0.002854 
1692544 hybridsort 1 102 23 0.842000 0.308000  0.000002 0.000012 0.000009 0.000024 0.000000 0.000001 
1692608 hybridsort 1 102 23 0.842000 0.308000  0.000890 0.000730 0.002024 0.004242 0.002219 0.001109 
1692608 hybridsort 1 102 23 0.842000 0.308000  0.000670 0.000624 0.001730 0.003243 0.001800 0.000967 
1692672 hybridsort 1 102 24 0.842000 0.231000  0.000868 0.000705 0.001945 0.004143 0.002023 0.001023 
1692672 hybridsort 1 102 23 0.842000 0.308000  0.000007 0.000041 0.000027 0.000092 0.000000 0.000005 
1692736 hybridsort 1 102 23 0.842000 0.385000  0.000027 0.000025 0.000070 0.000136 0.000072 0.000040 
1692800 hybridsort 1 102 24 0.842000 0.308000  0.000023 0.000021 0.000058 0.000121 0.000062 0.000034 
1692800 hybridsort 1 102 23 0.842000 0.308000  0.000030 0.000023 0.000064 0.000135 0.000070 0.000035 
1692864 hybridsort 1 102 23 0.842000 0.308000  0.000023 0.000021 0.000058 0.000122 0.000068 0.000035 
1692928 hybridsort 1 102 23 0.842000 0.308000  0.000034 0.000023 0.000068 0.000150 0.000073 0.000035 
1692928 hybridsort 1 102 23 0.842000 0.308000  0.000608 0.000547 0.001435 0.002778 0.001485 0.000766 
1692992 hybridsort 1 102 23 0.842000 0.308000  0.000493 0.000458 0.001288 0.002434 0.001395 0.000732 
1693056 hybridsort 1 102 23 0.842000 0.308000  0.000597 0.000518 0.001374 0.002681 0.001486 0.000757 
1693120 hybridsort 1 102 23 0.842000 0.308000  0.004870 0.001311 0.002845 0.006844 0.002741 0.001209 
1693184 hybridsort 1 102 23 0.842000 0.308000  0.000584 0.000481 0.001330 0.002809 0.001502 0.000789 
1693248 hybridsort 1 102 23 0.842000 0.385000  0.000454 0.000413 0.001163 0.002215 0.001189 0.000644 
1693248 hybridsort 1 102 23 0.842000 0.308000  0.000575 0.000500 0.001339 0.003010 0.001498 0.000744 
1693312 hybridsort 1 102 23 0.842000 0.308000  0.000437 0.000401 0.001404 0.002953 0.001418 0.000699 
1693376 hybridsort 1 102 23 0.842000 0.308000  0.000476 0.000458 0.001201 0.002479 0.001239 0.000644 
1693440 hybridsort 1 102 23 0.842000 0.308000  0.000027 0.000024 0.000068 0.000134 0.000071 0.000038 
1693440 hybridsort 1 102 23 0.842000 0.308000  0.000044 0.000034 0.000100 0.000218 0.000105 0.000052 
1693504 hybridsort 1 102 23 0.842000 0.308000  0.000400 0.000357 0.001000 0.002306 0.001138 0.000587 
1693568 hybridsort 1 102 24 0.842000 0.231000  0.000690 0.000436 0.001151 0.002247 0.001182 0.000612 
1693632 hybridsort 1 102 23 0.842000 0.308000  0.000403 0.000346 0.000965 0.001915 0.001068 0.000557 
1693632 hybridsort 1 102 24 0.842000 0.308000  0.000366 0.000367 0.001006 0.002029 0.001033 0.000544 
1693696 hybridsort 1 102 24 0.842000 0.308000  0.000467 0.000390 0.001077 0.002163 0.001076 0.000568 
1693760 hybridsort 1 102 23 0.842000 0.308000  0.000092 0.000049 0.000108 0.000251 0.000106 0.000049 
1693760 hybridsort 1 102 24 0.842000 0.308000  0.000347 0.000360 0.000957 0.001882 0.000994 0.000517 
1693824 hybridsort 1 102 24 0.842000 0.308000  0.001994 0.000663 0.016222 0.027169 0.010379 0.004381 
1693888 hybridsort 1 102 23 0.842000 0.308000  0.000026 0.000024 0.000067 0.000127 0.000075 0.000039 
1693952 hybridsort 1 102 23 0.842000 0.308000  0.000038 0.000033 0.000137 0.000313 0.000130 0.000063 
1693952 hybridsort 1 102 23 0.842000 0.308000  0.000026 0.000024 0.000067 0.000128 0.000069 0.000038 
1694016 hybridsort 1 102 24 0.842000 0.308000  0.000025 0.000024 0.000067 0.000125 0.000073 0.000038 
1694080 hybridsort 1 102 23 0.842000 0.308000  0.001607 0.000474 0.000899 0.001714 0.000625 0.000260 
1694080 hybridsort 1 102 23 0.842000 0.308000  0.000029 0.000030 0.000077 0.000156 0.000077 0.000040 
1694144 hybridsort 1 102 23 0.842000 0.308000  0.000007 0.000039 0.000027 0.000399 0.000000 0.000011 
1694208 hybridsort 1 102 23 0.842000 0.308000  0.000007 0.000042 0.000029 0.000087 0.000000 0.000011 
1694272 hybridsort 1 102 23 0.842000 0.308000  0.000007 0.000039 0.000072 0.030844 0.011610 0.005978 
1694272 hybridsort 1 102 23 0.842000 0.231000  0.000022 0.000020 0.000055 0.000106 0.000082 0.000042 
1694336 hybridsort 1 102 23 0.842000 0.231000  0.000022 0.000020 0.000110 0.000206 0.000094 0.000046 
1694400 hybridsort 1 102 24 0.842000 0.385000  0.000031 0.000022 0.000059 0.000116 0.000061 0.000032 
1694400 hybridsort 1 102 24 0.842000 0.308000  0.000021 0.000021 0.000057 0.000111 0.000059 0.000032 
1694464 hybridsort 1 102 23 0.842000 0.231000  0.000255 0.000235 0.000657 0.001263 0.000681 0.000374 
1694528 hybridsort 1 102 24 0.842000 0.308000  0.000022 0.000020 0.000055 0.000106 0.000060 0.000033 
1694592 hybridsort 1 102 24 0.842000 0.308000  0.000051 0.000030 0.000079 0.000172 0.000084 0.000042 
1694592 hybridsort 1 102 24 0.842000 0.308000  0.001612 0.005563 0.001875 0.005607 0.000000 0.000132 
1694656 hybridsort 1 102 24 0.842000 0.308000  0.000060 0.000033 0.000089 0.000192 0.000087 0.000044 
1694720 hybridsort 1 102 24 0.842000 0.231000  0.000026 0.000023 0.000065 0.000126 0.000066 0.000040 
1694720 hybridsort 1 102 24 0.842000 0.308000  0.001193 0.000343 0.000672 0.001302 0.000488 0.000210 
1694784 hybridsort 1 102 23 0.842000 0.308000  0.000023 0.000021 0.000060 0.000126 0.000067 0.000034 
1694848 hybridsort 1 102 24 0.842000 0.308000  0.000007 0.000048 0.000029 0.000090 0.000000 0.000005 
1694912 hybridsort 1 102 23 0.842000 0.308000  0.000022 0.000020 0.000055 0.000105 0.000057 0.000031 
1694976 hybridsort 1 102 24 0.842000 0.308000  0.000022 0.000020 0.000055 0.000106 0.000065 0.000068 
1694976 hybridsort 1 102 23 0.842000 0.231000  0.000116 0.000058 0.000138 0.000280 0.000131 0.000066 
1695040 hybridsort 1 102 23 0.842000 0.231000  0.000026 0.000023 0.000065 0.000124 0.000074 0.000038 
1695104 hybridsort 1 102 23 0.842000 0.308000  0.000084 0.000037 0.000087 0.000187 0.000085 0.000044 
1695104 hybridsort 1 102 24 0.842000 0.308000  0.000064 0.000057 0.000161 0.000322 0.000206 0.000100 
1695168 hybridsort 1 102 23 0.842000 0.308000  0.004633 0.001151 0.002305 0.004721 0.001522 0.000607 
1695232 hybridsort 1 102 23 0.842000 0.308000  0.000055 0.000050 0.000122 0.000311 0.000128 0.000060 
1695296 hybridsort 1 102 23 0.842000 0.308000  0.000007 0.000043 0.000028 0.000092 0.000000 0.000014 
1695296 hybridsort 1 102 23 0.842000 0.308000  0.000007 0.000040 0.000026 0.000085 0.000000 0.000005 
1695360 hybridsort 1 102 23 0.842000 0.308000  0.000007 0.000039 0.000028 0.000089 0.000000 0.000005 
1695424 hybridsort 1 102 23 0.842000 0.308000  0.000007 0.000047 0.000028 0.000093 0.000000 0.000005 
1695424 hybridsort 1 102 24 0.842000 0.308000  0.000007 0.000039 0.000026 0.000091 0.000000 0.000005 
1695488 hybridsort 1 102 23 0.842000 0.308000  0.000007 0.000040 0.000026 0.000083 0.000000 0.000005 
1695552 hybridsort 1 102 24 0.842000 0.386000  0.000007 0.000040 0.000026 0.000083 0.000000 0.000005 
1695552 hybridsort 1 102 23 0.842000 0.308000  0.000007 0.000040 0.000030 0.000102 0.000000 0.000005 
1695616 hybridsort 1 102 23 0.842000 0.308000  0.000007 0.000040 0.000025 0.000084 0.000000 0.000005 
1695680 hybridsort 1 102 23 0.842000 0.385000  0.000007 0.000039 0.000026 0.000082 0.000000 0.000005 
1695680 hybridsort 1 102 23 0.842000 0.308000  0.000007 0.000043 0.000025 0.000085 0.000000 0.000005 
1695744 hybridsort 1 102 23 0.842000 0.308000  0.000007 0.000046 0.000028 0.000096 0.000000 0.000005 
1695808 hybridsort 1 102 23 0.842000 0.385000  0.000007 0.000045 0.000025 0.000292 0.000000 0.000007 
1695872 hybridsort 1 102 23 0.842000 0.308000  0.000007 0.000040 0.000026 0.000082 0.000000 0.000005 
1695872 hybridsort 1 102 23 0.842000 0.231000  0.000276 0.000236 0.000646 0.001438 0.000751 0.000376 
1695936 hybridsort 1 102 24 0.842000 0.308000  0.000240 0.000214 0.000592 0.001172 0.000609 0.000324 
1696000 hybridsort 1 102 24 0.842000 0.308000  0.000007 0.000044 0.000027 0.000086 0.000000 0.000005 
1696000 hybridsort 1 102 24 0.842000 0.308000  0.000226 0.000205 0.000605 0.001222 0.000624 0.000326 
1696064 hybridsort 1 102 24 0.842000 0.231000  0.000228 0.000467 0.000998 0.002240 0.000943 0.000435 
1696128 hybridsort 1 102 24 0.842000 0.231000  0.000274 0.000219 0.000607 0.001235 0.000657 0.000340 
1696128 hybridsort 1 102 24 0.842000 0.308000  0.000220 0.000199 0.000554 0.001116 0.000587 0.000313 
1696192 hybridsort 1 102 24 0.842000 0.308000  0.000025 0.000022 0.000063 0.000131 0.000086 0.000041 
1696256 hybridsort 1 102 24 0.842000 0.308000  0.001424 0.000373 0.000703 0.001583 0.000555 0.000228 
1696320 hybridsort 1 102 23 0.842000 0.308000  0.000275 0.000212 0.000584 0.001249 0.000646 0.000324 
1696320 hybridsort 1 102 23 0.842000 0.308000  0.004446 0.001154 0.002198 0.004566 0.001489 0.000604 
1696384 hybridsort 1 102 23 0.842000 0.308000  0.000007 0.000040 0.000026 0.000084 0.000000 0.000005 
1696448 hybridsort 1 102 23 0.842000 0.308000  0.000008 0.000050 0.000033 0.000105 0.000000 0.000005 
1696448 hybridsort 1 102 23 0.842000 0.385000  0.000002 0.000012 0.000008 0.000023 0.000000 0.000001 
1696576 hybridsort 1 102 23 0.842000 0.308000  0.000069 0.000031 0.000077 0.000218 0.000085 0.000042 
1696576 hybridsort 1 102 23 0.842000 0.308000  0.000026 0.000028 0.000072 0.000151 0.000073 0.000037 
1696640 hybridsort 1 102 24 0.842000 0.308000  0.000027 0.000020 0.000054 0.000110 0.000057 0.000030 
1696704 hybridsort 1 102 24 0.842000 0.385000  0.000173 0.000089 0.000367 0.000774 0.000261 0.000116 
1696768 hybridsort 1 102 24 0.842000 0.308000  0.000020 0.000048 0.000218 0.000457 0.000166 0.000071 
1696832 hybridsort 1 102 24 0.842000 0.231000  0.000181 0.000175 0.000476 0.001025 0.000524 0.000270 
1696832 hybridsort 1 102 24 0.842000 0.308000  0.000209 0.000165 0.000478 0.001138 0.000511 0.000267 
1696896 hybridsort 1 102 24 0.842000 0.308000  0.000185 0.000186 0.000492 0.001064 0.000507 0.000265 
1696960 hybridsort 1 102 24 0.842000 0.308000  0.000219 0.000164 0.000455 0.000981 0.000469 0.000252 
1696960 hybridsort 1 102 24 0.842000 0.385000  0.005365 0.001618 0.002969 0.005463 0.001642 0.000665 
1697024 hybridsort 1 102 24 0.842000 0.308000  0.000199 0.000161 0.000449 0.000976 0.000497 0.000259 
1697088 hybridsort 1 102 24 0.842000 0.308000  0.005125 0.015161 0.005363 0.015210 0.000002 0.000275 
1697152 hybridsort 1 102 24 0.842000 0.308000  0.000246 0.000215 0.000553 0.001196 0.000589 0.000287 
1697152 hybridsort 1 102 24 0.842000 0.308000  0.000343 0.000191 0.000577 0.001272 0.000588 0.000301 
1697216 hybridsort 1 102 24 0.842000 0.308000  0.000184 0.000162 0.000446 0.000904 0.000459 0.000256 
1697280 hybridsort 1 102 24 0.842000 0.308000  0.000172 0.000156 0.000443 0.000861 0.000460 0.000246 
1697280 hybridsort 1 102 24 0.842000 0.231000  0.000211 0.000226 0.000570 0.001337 0.000610 0.000296 
1697344 hybridsort 1 102 24 0.842000 0.308000  0.000171 0.000154 0.000429 0.000841 0.000442 0.000238 
1697408 hybridsort 1 102 24 0.842000 0.308000  0.000209 0.000176 0.000486 0.000998 0.000493 0.000258 
1697472 hybridsort 1 102 24 0.842000 0.308000  0.000178 0.000150 0.000430 0.000950 0.000452 0.000239 
1697472 hybridsort 1 102 24 0.842000 0.308000  0.000042 0.000039 0.000112 0.000220 0.000141 0.000070 
1697536 hybridsort 1 102 23 0.842000 0.308000  0.000069 0.000039 0.000092 0.000302 0.000111 0.000057 
1697600 hybridsort 1 102 23 0.842000 0.308000  0.000005 0.000005 0.000014 0.000026 0.000017 0.000009 
1697664 hybridsort 1 102 23 0.842000 0.308000  0.000021 0.000025 0.000062 0.000135 0.000063 0.000032 
1697664 hybridsort 1 102 24 0.842000 0.308000  0.000020 0.000018 0.000051 0.000462 0.000158 0.000065 
1697728 hybridsort 1 102 24 0.842000 0.308000  0.000021 0.000018 0.000051 0.000531 0.000182 0.000079 
1697792 hybridsort 1 102 24 0.842000 0.308000  0.000037 0.000036 0.000105 0.000198 0.000131 0.000065 
1697792 hybridsort 1 102 24 0.842000 0.385000  0.002489 0.000603 0.001216 0.002675 0.000855 0.000348 
1697856 hybridsort 1 102 24 0.842000 0.231000  0.000149 0.000151 0.000406 0.000794 0.000419 0.000221 
1697920 hybridsort 1 102 24 0.842000 0.308000  0.000203 0.000157 0.000536 0.001323 0.000571 0.000272 
1697984 hybridsort 1 102 24 0.842000 0.308000  0.000165 0.000192 0.000469 0.001182 0.000484 0.000240 
1697984 hybridsort 1 102 24 0.842000 0.308000  0.000492 0.000195 0.000484 0.001122 0.000499 0.000246 
1698048 hybridsort 1 102 24 0.842000 0.308000  0.000194 0.000153 0.000415 0.000958 0.000470 0.000239 
1698112 hybridsort 1 102 24 0.842000 0.308000  0.018904 0.006768 0.014417 0.009937 0.002853 0.001104 
1698176 hybridsort 1 102 23 0.842000 0.308000  0.000156 0.000134 0.000387 0.000800 0.000397 0.000213 
