#Timestamp	Benchmark	Run(#)	CPU Frequency (MHz)	CPU Temperature(C)	CPU Voltage(V)	CPU Power(W)	CPU_CYCLES	L1_DATA_CACHE_ACCESS	INSTRUCTIONS_RETIRED	BUS_CYCLES	L1I_CACHE_ACCESS	PREDICTABLE_BRANCH_SPECULATIVELY_EXECUTED
5815168 lud 1 1326 27 1.111000 0.462000  0.000027 0.000024 0.000067 0.000130 0.000070 0.000051 
5815232 lud 1 1326 27 1.111000 0.385000  0.000027 0.000024 0.000067 0.000129 0.000070 0.000037 
5815232 lud 1 1326 27 1.111000 0.385000  0.000028 0.000024 0.000067 0.000135 0.000070 0.000037 
5815232 lud 1 1326 27 1.111000 0.385000  0.000028 0.000024 0.000067 0.000314 0.000121 0.000058 
5815296 lud 1 1326 27 1.111000 0.462000  0.418526 0.134916 0.317500 0.418605 0.166550 0.077110 
5815296 lud 1 1326 27 1.111000 1.309000  0.000035 0.000027 0.000075 0.000159 0.000085 0.000042 
5815296 lud 1 1326 27 1.111000 0.925000  0.000100 0.000059 0.000129 0.000284 0.000132 0.000068 
5815360 lud 1 1326 27 1.111000 1.002000  0.000027 0.000024 0.000066 0.000132 0.000070 0.000037 
5815360 lud 1 1326 27 1.111000 0.539000  0.000027 0.000034 0.000098 0.000209 0.000088 0.000044 
5815424 lud 1 1326 27 1.111000 1.232000  0.000028 0.000023 0.000066 0.000128 0.000068 0.000036 
5815424 lud 1 1326 27 1.111000 1.003000  0.000030 0.000025 0.000068 0.000139 0.000071 0.000037 
5815424 lud 1 1326 27 1.111000 1.002000  0.000027 0.000023 0.000065 0.000127 0.000067 0.000036 
5815488 lud 1 1326 27 1.111000 1.541000  0.000031 0.000025 0.000071 0.000153 0.000080 0.000040 
5815488 lud 1 1326 27 1.111000 1.156000  0.000026 0.000023 0.000064 0.000126 0.000067 0.000036 
5815488 lud 1 1326 27 1.111000 1.002000  0.000035 0.000026 0.000071 0.000161 0.000079 0.000040 
5815552 lud 1 1326 27 1.111000 1.465000  0.000028 0.000024 0.000067 0.000159 0.000069 0.000037 
