#Timestamp	Benchmark	Run(#)	CPU Frequency (MHz)	CPU Temperature(C)	CPU Voltage(V)	CPU Power(W)	CPU_CYCLES	L1_DATA_CACHE_ACCESS	INSTRUCTIONS_RETIRED	BUS_CYCLES	L1I_CACHE_ACCESS	PREDICTABLE_BRANCH_SPECULATIVELY_EXECUTED
3699136 b+tree 1 518 24 0.880000 0.847000  0.000004 0.000032 0.000023 0.000062 0.000000 0.000003 
3699136 b+tree 1 518 25 0.880000 0.616000  0.000004 0.000031 0.000023 0.000060 0.000000 0.000003 
3699200 b+tree 1 518 25 0.880000 0.231000  0.000006 0.000005 0.000016 0.000032 0.000021 0.000010 
3699200 b+tree 1 518 25 0.880000 0.385000  0.000058 0.000048 0.000133 0.000273 0.000147 0.000075 
3699200 b+tree 1 518 25 0.880000 0.231000  0.000022 0.000021 0.000059 0.000114 0.000060 0.000032 
3699264 b+tree 1 518 25 0.880000 0.385000  0.000030 0.000023 0.000062 0.000130 0.000070 0.000035 
3699264 b+tree 1 518 25 0.880000 0.231000  0.000022 0.000020 0.000055 0.000104 0.000058 0.000031 
3699264 b+tree 1 518 25 0.880000 0.694000  0.000023 0.000021 0.000057 0.000110 0.000061 0.000032 
3699328 b+tree 1 518 25 0.880000 0.462000  0.000020 0.000118 0.000077 0.000263 0.000000 0.000014 
3699328 b+tree 1 518 24 0.880000 0.231000  0.000026 0.000022 0.000058 0.000114 0.000061 0.000031 
3699392 b+tree 1 518 24 0.880000 0.463000  0.000024 0.000021 0.000057 0.000115 0.000064 0.000033 
3699392 b+tree 1 518 25 0.880000 0.462000  0.000022 0.000020 0.000055 0.000106 0.000058 0.000031 
3699392 b+tree 1 518 25 0.880000 0.694000  0.000005 0.000005 0.000015 0.000038 0.000021 0.000010 
3699456 b+tree 1 518 25 0.880000 0.462000  0.000022 0.000020 0.000055 0.000105 0.000057 0.000030 
3699456 b+tree 1 518 24 0.880000 0.849000  0.000023 0.000021 0.000057 0.000113 0.000061 0.000032 
3699456 b+tree 1 518 24 0.880000 0.539000  0.000022 0.000020 0.000055 0.000104 0.000057 0.000030 
3699520 b+tree 1 518 24 0.880000 0.694000  0.000023 0.000021 0.000057 0.000110 0.000061 0.000032 
3699520 b+tree 1 518 24 0.880000 0.462000  0.000022 0.000020 0.000055 0.000105 0.000057 0.000030 
3699584 b+tree 1 518 24 0.880000 0.617000  0.000023 0.000021 0.000057 0.000109 0.000060 0.000032 
3699584 b+tree 1 518 25 0.880000 0.540000  0.000026 0.000020 0.000057 0.000116 0.000059 0.000031 
3699584 b+tree 1 518 25 0.880000 0.617000  0.000021 0.000017 0.000046 0.000098 0.000052 0.000026 
3699648 b+tree 1 518 24 0.880000 0.462000  0.000021 0.000020 0.000054 0.000115 0.000062 0.000032 
3699648 b+tree 1 518 25 0.880000 0.617000  0.000026 0.000022 0.000059 0.000126 0.000067 0.000034 
3699712 b+tree 1 518 25 0.880000 0.771000  0.000022 0.000021 0.000056 0.000130 0.000063 0.000032 
3699712 b+tree 1 518 25 0.880000 0.462000  0.000021 0.000019 0.000054 0.000103 0.000056 0.000030 
3699712 b+tree 1 518 25 0.880000 0.771000  0.000023 0.000021 0.000056 0.000116 0.000063 0.000032 
3699776 b+tree 1 518 25 0.880000 0.462000  0.000021 0.000019 0.000054 0.000104 0.000056 0.000030 
3699776 b+tree 1 518 24 0.880000 0.693000  0.000023 0.000020 0.000056 0.000108 0.000060 0.000032 
3699840 b+tree 1 518 24 0.880000 0.462000  0.000021 0.000019 0.000054 0.000105 0.000056 0.000030 
3699840 b+tree 1 518 25 0.880000 0.693000  0.000022 0.000020 0.000056 0.000107 0.000059 0.000031 
3699840 b+tree 1 518 25 0.880000 0.462000  0.000022 0.000020 0.000055 0.000113 0.000058 0.000031 
3699904 b+tree 1 518 25 0.880000 0.616000  0.000023 0.000020 0.000056 0.000108 0.000060 0.000031 
3699904 b+tree 1 518 25 0.880000 0.462000  0.000026 0.000020 0.000056 0.000114 0.000057 0.000031 
3699904 b+tree 1 518 25 0.880000 0.616000  0.000028 0.000022 0.000059 0.000125 0.000066 0.000034 
3699968 b+tree 1 518 25 0.880000 0.616000  0.000025 0.000020 0.000057 0.000118 0.000059 0.000031 
3699968 b+tree 1 518 25 0.880000 0.693000  0.000036 0.000023 0.000061 0.000137 0.000069 0.000034 
3700032 b+tree 1 518 25 0.880000 0.462000  0.000021 0.000020 0.000056 0.000114 0.000057 0.000030 
3700032 b+tree 1 518 25 0.880000 0.617000  0.000028 0.000022 0.000060 0.000158 0.000072 0.000035 
3700032 b+tree 1 518 25 0.880000 0.463000  0.000072 0.000027 0.000069 0.000173 0.000106 0.000104 
3700096 b+tree 1 518 24 0.880000 0.616000  0.000026 0.000021 0.000057 0.000116 0.000060 0.000031 
3700096 b+tree 1 518 25 0.880000 0.694000  0.000023 0.000020 0.000055 0.000110 0.000059 0.000031 
3700160 b+tree 1 518 25 0.880000 0.617000  0.000028 0.000021 0.000058 0.000124 0.000065 0.000033 
3700160 b+tree 1 518 24 0.880000 0.694000  0.000028 0.000022 0.000060 0.000126 0.000066 0.000033 
3700160 b+tree 1 518 24 0.880000 0.462000  0.000020 0.000019 0.000053 0.000100 0.000054 0.000029 
3700224 b+tree 1 518 25 0.880000 0.617000  0.000028 0.000022 0.000060 0.000128 0.000067 0.000034 
3700224 b+tree 1 518 24 0.880000 0.616000  0.000021 0.000019 0.000053 0.000104 0.000054 0.000029 
3700288 b+tree 1 518 24 0.880000 0.693000  0.000025 0.000021 0.000057 0.000121 0.000064 0.000033 
3700288 b+tree 1 518 25 0.880000 0.693000  0.000021 0.000019 0.000053 0.000106 0.000056 0.000030 
3700288 b+tree 1 518 25 0.880000 0.616000  0.000025 0.000021 0.000057 0.000121 0.000064 0.000033 
3700352 b+tree 1 518 25 0.880000 0.462000  0.000022 0.000019 0.000054 0.000122 0.000060 0.000031 
3700352 b+tree 1 518 25 0.880000 0.616000  0.000024 0.000021 0.000058 0.000123 0.000065 0.000033 
3700352 b+tree 1 518 25 0.880000 0.463000  0.000024 0.000020 0.000056 0.000112 0.000057 0.000030 
3700416 b+tree 1 518 25 0.880000 0.694000  0.000021 0.000031 0.000074 0.000151 0.000085 0.000041 
3700416 b+tree 1 518 25 0.880000 0.694000  0.000021 0.000019 0.000052 0.000099 0.000055 0.000029 
3700480 b+tree 1 518 25 0.880000 0.616000  0.000041 0.000021 0.000057 0.000125 0.000067 0.000033 
3700480 b+tree 1 518 25 0.880000 0.771000  0.000022 0.000020 0.000054 0.000106 0.000057 0.000031 
3700480 b+tree 1 518 25 0.880000 0.617000  0.000022 0.000020 0.000054 0.000104 0.000058 0.000030 
3700544 b+tree 1 518 25 0.880000 0.617000  0.000024 0.000020 0.000055 0.000108 0.000058 0.000031 
3700544 b+tree 1 518 25 0.880000 0.462000  0.000026 0.000022 0.000059 0.000126 0.000066 0.000033 
3700608 b+tree 1 518 24 0.880000 0.770000  0.000022 0.000020 0.000054 0.000106 0.000057 0.000030 
3700608 b+tree 1 518 24 0.880000 0.463000  0.000022 0.000020 0.000861 0.000654 0.000406 0.000169 
3700608 b+tree 1 518 24 0.880000 0.771000  0.043407 0.013307 0.028006 0.043473 0.014890 0.006336 
3700672 b+tree 1 518 24 0.880000 0.693000  0.000024 0.000020 0.000056 0.000116 0.000062 0.000032 
3700672 b+tree 1 518 24 0.880000 0.694000  0.000021 0.000021 0.000057 0.000124 0.000060 0.000031 
3700736 b+tree 1 518 24 0.880000 0.462000  0.000020 0.000019 0.000052 0.000098 0.000053 0.000029 
3700736 b+tree 1 518 25 0.880000 0.849000  0.000024 0.000021 0.000056 0.000118 0.000063 0.000032 
3700736 b+tree 1 518 25 0.880000 0.462000  0.000021 0.000019 0.000052 0.000099 0.000054 0.000029 
3700800 b+tree 1 518 25 0.880000 0.694000  0.000021 0.000020 0.000054 0.000103 0.000057 0.000030 
3700800 b+tree 1 518 25 0.880000 0.462000  0.000020 0.000019 0.000053 0.000106 0.000055 0.000029 
3700800 b+tree 1 518 25 0.880000 0.693000  0.000022 0.000020 0.000053 0.000103 0.000057 0.000030 
3700864 b+tree 1 518 25 0.880000 0.462000  0.000020 0.000018 0.000051 0.000098 0.000053 0.000029 
3700864 b+tree 1 518 25 0.880000 0.693000  0.000021 0.000020 0.000056 0.000123 0.000064 0.000032 
3700928 b+tree 1 518 25 0.880000 0.462000  0.000025 0.000020 0.000054 0.000114 0.000056 0.000030 
3700928 b+tree 1 518 25 0.880000 0.616000  0.000025 0.000020 0.000056 0.000118 0.000072 0.000035 
3700928 b+tree 1 518 25 0.880000 0.539000  0.000023 0.000019 0.000052 0.000106 0.000054 0.000029 
3700992 b+tree 1 518 24 0.880000 0.848000  0.000022 0.000019 0.000071 0.000149 0.000072 0.000039 
3700992 b+tree 1 518 24 0.880000 0.693000  0.000021 0.000019 0.000053 0.000102 0.000056 0.000030 
3701056 b+tree 1 518 24 0.880000 0.540000  0.000026 0.000021 0.000057 0.000119 0.000063 0.000032 
3701056 b+tree 1 518 24 0.880000 0.694000  0.000026 0.000020 0.000054 0.000118 0.000060 0.000030 
3701056 b+tree 1 518 24 0.880000 0.693000  0.000021 0.000020 0.000053 0.000115 0.000057 0.000029 
3701120 b+tree 1 518 25 0.880000 0.847000  0.000024 0.000020 0.000056 0.000120 0.000063 0.000032 
3701120 b+tree 1 518 25 0.880000 0.463000  0.000021 0.000018 0.000051 0.000099 0.000052 0.000029 
3701120 b+tree 1 518 24 0.880000 0.694000  0.000025 0.000020 0.000056 0.000124 0.000063 0.000032 
3701184 b+tree 1 518 25 0.880000 0.462000  0.000024 0.000019 0.000055 0.000115 0.000056 0.000030 
3701184 b+tree 1 518 25 0.880000 0.616000  0.000032 0.000021 0.000059 0.000134 0.000064 0.000032 
3701248 b+tree 1 518 25 0.880000 0.539000  0.000024 0.000020 0.000057 0.000118 0.000061 0.000032 
3701248 b+tree 1 518 24 0.880000 0.616000  0.000028 0.000021 0.000058 0.000125 0.000063 0.000032 
3701248 b+tree 1 518 24 0.880000 0.694000  0.000022 0.000019 0.000052 0.000103 0.000056 0.000029 
3701312 b+tree 1 518 25 0.880000 0.540000  0.000021 0.000019 0.000068 0.000134 0.000067 0.000038 
3701312 b+tree 1 518 25 0.880000 0.693000  0.000024 0.000019 0.000052 0.000106 0.000056 0.000029 
3701376 b+tree 1 518 24 0.880000 0.540000  0.000020 0.000018 0.000050 0.000096 0.000052 0.000028 
3701376 b+tree 1 518 25 0.880000 0.771000  0.000021 0.000019 0.000056 0.000122 0.000063 0.000032 
3701376 b+tree 1 518 25 0.880000 0.540000  0.000020 0.000018 0.000050 0.000095 0.000052 0.000028 
3701440 b+tree 1 518 25 0.880000 0.616000  0.000021 0.000019 0.000067 0.000135 0.000067 0.000037 
3701440 b+tree 1 518 25 0.880000 0.771000  0.000020 0.000018 0.000050 0.000097 0.000052 0.000028 
3701504 b+tree 1 518 25 0.880000 0.617000  0.000020 0.000019 0.000052 0.000099 0.000055 0.000030 
3701504 b+tree 1 518 24 0.880000 0.463000  0.000020 0.000018 0.000052 0.000107 0.000057 0.000029 
3701504 b+tree 1 518 24 0.880000 0.616000  0.000025 0.000020 0.000055 0.000115 0.000060 0.000031 
3701568 b+tree 1 518 25 0.880000 0.694000  0.000020 0.000019 0.000052 0.000098 0.000055 0.000029 
3701568 b+tree 1 518 25 0.880000 0.693000  0.000026 0.000020 0.000055 0.000114 0.000059 0.000030 
3701632 b+tree 1 518 25 0.880000 0.770000  0.000028 0.000020 0.000054 0.000112 0.000057 0.000030 
3701632 b+tree 1 518 25 0.880000 0.463000  0.000020 0.000018 0.000050 0.000096 0.000051 0.000028 
3701632 b+tree 1 518 25 0.880000 0.693000  0.000024 0.000019 0.000053 0.000109 0.000058 0.000030 
3701696 b+tree 1 518 25 0.880000 0.462000  0.000020 0.000018 0.000050 0.000094 0.000052 0.000028 
3701696 b+tree 1 518 25 0.880000 0.694000  0.000021 0.000027 0.000066 0.000159 0.000077 0.000042 
3701760 b+tree 1 518 25 0.880000 0.463000  0.000019 0.000018 0.000052 0.000102 0.000053 0.000038 
3701760 b+tree 1 518 25 0.880000 0.693000  0.000025 0.000020 0.000055 0.000118 0.000061 0.000031 
3701760 b+tree 1 518 25 0.880000 0.694000  0.000020 0.000018 0.000050 0.000102 0.000052 0.000028 
3701824 b+tree 1 518 25 0.880000 0.616000  0.000021 0.000019 0.000066 0.000132 0.000081 0.000043 
3701824 b+tree 1 518 24 0.880000 0.770000  0.000021 0.000019 0.000051 0.000099 0.000055 0.000029 
3701888 b+tree 1 518 24 0.880000 0.617000  0.000020 0.000019 0.000051 0.000097 0.000054 0.000029 
3701888 b+tree 1 518 25 0.880000 0.617000  0.000021 0.000020 0.000056 0.000128 0.000062 0.000031 
3701888 b+tree 1 518 25 0.880000 0.463000  0.000028 0.000019 0.000051 0.000103 0.000053 0.000028 
3701952 b+tree 1 518 25 0.880000 0.771000  0.000020 0.000018 0.000079 0.000195 0.000075 0.000036 
3701952 b+tree 1 518 25 0.880000 0.462000  0.000019 0.000018 0.000049 0.000093 0.000050 0.000027 
3702016 b+tree 1 518 25 0.880000 0.540000  0.000026 0.000019 0.000053 0.000114 0.000059 0.000030 
3702016 b+tree 1 518 25 0.880000 0.462000  0.000019 0.000018 0.000052 0.000107 0.000054 0.000028 
3702016 b+tree 1 518 25 0.880000 0.616000  0.000020 0.000019 0.000052 0.000115 0.000058 0.000030 
3702080 b+tree 1 518 25 0.880000 0.694000  0.000021 0.000018 0.000051 0.000099 0.000054 0.000028 
3702080 b+tree 1 518 25 0.880000 0.771000  0.251136 0.073992 0.164865 0.251280 0.087029 0.039056 
3702080 b+tree 1 518 25 0.880000 1.003000  0.000038 0.000034 0.000092 0.000180 0.000099 0.000052 
3702144 b+tree 1 518 25 0.880000 0.616000  0.000022 0.000019 0.000051 0.000098 0.000052 0.000028 
3702144 b+tree 1 518 25 0.880000 0.693000  0.000020 0.000019 0.000052 0.000109 0.000058 0.000030 
3702208 b+tree 1 518 25 0.880000 0.462000  0.000038 0.000019 0.000051 0.000112 0.000053 0.000028 
3702208 b+tree 1 518 25 0.880000 0.694000  0.000020 0.000019 0.000051 0.000105 0.000057 0.000030 
3702208 b+tree 1 518 25 0.880000 0.462000  0.000019 0.000017 0.000048 0.000092 0.000050 0.000027 
3702272 b+tree 1 518 25 0.880000 0.693000  0.000024 0.000020 0.000054 0.000114 0.000060 0.000031 
3702272 b+tree 1 518 25 0.880000 0.693000  0.000023 0.000019 0.000052 0.000111 0.000054 0.000028 
3702336 b+tree 1 518 25 0.880000 0.693000  0.000032 0.000020 0.000055 0.000119 0.000060 0.000030 
3702336 b+tree 1 518 24 0.880000 0.463000  0.000019 0.000018 0.000050 0.000099 0.000052 0.000027 
3702336 b+tree 1 518 25 0.880000 0.616000  0.000024 0.000020 0.000055 0.000114 0.000060 0.000031 
3702400 b+tree 1 518 25 0.880000 0.616000  0.000024 0.000020 0.000054 0.000113 0.000058 0.000030 
3702400 b+tree 1 518 25 0.880000 0.693000  0.000024 0.000020 0.000053 0.000111 0.000059 0.000031 
3702400 b+tree 1 518 25 0.880000 0.616000  0.000055 0.000036 0.000081 0.000194 0.000086 0.000046 
3702464 b+tree 1 518 25 0.880000 0.462000  0.000019 0.000017 0.000054 0.000134 0.000056 0.000028 
3702464 b+tree 1 518 25 0.880000 0.694000  0.000024 0.000020 0.000054 0.000114 0.000060 0.000030 
3702528 b+tree 1 518 25 0.880000 0.540000  0.000019 0.000017 0.000048 0.000216 0.000091 0.000042 
3702528 b+tree 1 518 25 0.880000 0.616000  0.000020 0.000018 0.000064 0.000128 0.000074 0.000037 
3702592 b+tree 1 518 25 0.880000 0.771000  0.000024 0.000018 0.000049 0.000097 0.000050 0.000027 
3702592 b+tree 1 518 25 0.880000 0.616000  0.000022 0.000019 0.000053 0.000109 0.000058 0.000030 
3702592 b+tree 1 518 25 0.880000 0.771000  0.000020 0.000018 0.000050 0.000101 0.000055 0.000029 
3702656 b+tree 1 518 25 0.880000 0.462000  0.000024 0.000019 0.000053 0.000110 0.000059 0.000030 
3702656 b+tree 1 518 25 0.880000 0.693000  0.000023 0.000019 0.000051 0.000110 0.000057 0.000030 
3702656 b+tree 1 518 25 0.880000 0.462000  0.000022 0.000019 0.000050 0.000098 0.000052 0.000027 
3702720 b+tree 1 518 25 0.880000 0.616000  0.000021 0.000018 0.000049 0.000109 0.000055 0.000029 
3702720 b+tree 1 518 25 0.880000 0.616000  0.000019 0.000017 0.000048 0.000091 0.000049 0.000026 
3702784 b+tree 1 518 25 0.880000 0.693000  0.000019 0.000018 0.000064 0.000127 0.000073 0.000036 
3702784 b+tree 1 518 25 0.880000 0.771000  0.000019 0.000017 0.000048 0.000090 0.000049 0.000026 
3702784 b+tree 1 518 25 0.880000 0.693000  0.000020 0.000018 0.000049 0.000095 0.000053 0.000028 
3702848 b+tree 1 518 25 0.880000 0.462000  0.000018 0.000017 0.000047 0.000127 0.000059 0.000030 
3702848 b+tree 1 518 25 0.880000 0.616000  0.000020 0.000018 0.000050 0.000101 0.000052 0.000028 
3702912 b+tree 1 518 25 0.880000 0.463000  0.000019 0.000017 0.000047 0.000090 0.000048 0.000026 
3702912 b+tree 1 518 25 0.880000 0.693000  0.000019 0.000018 0.000049 0.000093 0.000052 0.000027 
3702912 b+tree 1 518 25 0.880000 0.462000  0.000018 0.000017 0.000047 0.000088 0.000049 0.000026 
3702976 b+tree 1 518 25 0.880000 0.693000  0.000018 0.000014 0.000039 0.000085 0.000045 0.000024 
3702976 b+tree 1 518 25 0.880000 0.463000  0.000019 0.000017 0.000047 0.000089 0.000049 0.000026 
3702976 b+tree 1 518 25 0.880000 0.694000  0.000020 0.000018 0.000049 0.000094 0.000052 0.000027 
3703040 b+tree 1 518 25 0.880000 0.540000  0.000023 0.000017 0.000048 0.000098 0.000051 0.000027 
3703040 b+tree 1 518 25 0.880000 0.616000  0.000020 0.000018 0.000049 0.000095 0.000052 0.000027 
3703104 b+tree 1 518 25 0.880000 0.462000  0.000019 0.000017 0.000049 0.000101 0.000052 0.000027 
3703104 b+tree 1 518 25 0.880000 0.617000  0.000020 0.000018 0.000049 0.000094 0.000052 0.000027 
3703104 b+tree 1 518 25 0.880000 0.540000  0.000019 0.000017 0.000048 0.000108 0.000054 0.000028 
3703168 b+tree 1 518 25 0.880000 0.617000  1.219250 0.310469 0.625921 1.230337 0.384625 0.149523 
3703168 b+tree 1 518 25 0.880000 0.462000  0.000020 0.000017 0.000048 0.000095 0.000050 0.000027 
3703232 b+tree 1 518 25 0.880000 0.617000  0.000022 0.000018 0.000051 0.000105 0.000056 0.000029 
3703232 b+tree 1 518 25 0.880000 0.462000  0.000020 0.000018 0.000049 0.000108 0.000055 0.000029 
3703296 b+tree 1 518 25 0.880000 0.540000  0.000024 0.000019 0.000052 0.000109 0.000058 0.000030 
3703296 b+tree 1 518 25 0.880000 0.462000  0.000018 0.000017 0.000049 0.000098 0.000051 0.000027 
3703360 b+tree 1 518 25 0.880000 0.616000  0.000020 0.000026 0.000062 0.000126 0.000073 0.000036 
3703360 b+tree 1 518 25 0.880000 0.771000  0.000019 0.000017 0.000046 0.000090 0.000048 0.000026 
3703360 b+tree 1 518 25 0.880000 0.617000  0.000023 0.000018 0.000051 0.000107 0.000057 0.000029 
3703424 b+tree 1 518 25 0.880000 0.694000  0.000022 0.000019 0.000051 0.000106 0.000057 0.000029 
3703424 b+tree 1 518 25 0.880000 0.462000  0.000023 0.000019 0.000052 0.000109 0.000057 0.000029 
3703488 b+tree 1 518 25 0.880000 0.693000  0.000020 0.000018 0.000048 0.000093 0.000052 0.000027 
3703488 b+tree 1 518 25 0.880000 0.617000  0.000002 0.000012 0.000009 0.000024 0.000000 0.000001 
3703488 b+tree 1 518 25 0.880000 0.849000  0.000019 0.000017 0.000048 0.000092 0.000051 0.000027 
3703552 b+tree 1 518 25 0.880000 0.540000  0.000018 0.000016 0.000059 0.000125 0.000057 0.000029 
3703552 b+tree 1 518 25 0.880000 0.617000  0.000009 0.000054 0.000033 0.000103 0.000000 0.000005 
3703616 b+tree 1 518 25 0.880000 0.463000  0.000022 0.000018 0.000049 0.000105 0.000052 0.000027 
3703616 b+tree 1 518 25 0.880000 0.616000  0.000019 0.000017 0.000061 0.000120 0.000071 0.000035 
3703616 b+tree 1 518 25 0.880000 0.617000  0.000023 0.000017 0.000047 0.000094 0.000050 0.000026 
3703680 b+tree 1 518 25 0.880000 0.539000  0.000022 0.000018 0.000051 0.000106 0.000056 0.000029 
3703680 b+tree 1 518 25 0.880000 0.771000  0.000019 0.000017 0.000047 0.000093 0.000050 0.000026 
3703744 b+tree 1 518 25 0.880000 0.616000  0.000023 0.000019 0.000052 0.000110 0.000060 0.000030 
3703744 b+tree 1 518 25 0.880000 0.693000  0.000019 0.000017 0.000047 0.000094 0.000050 0.000027 
3703744 b+tree 1 518 25 0.880000 0.462000  0.000018 0.000016 0.000045 0.000086 0.000047 0.000025 
3703808 b+tree 1 518 25 0.880000 0.694000  0.000023 0.000018 0.000048 0.000101 0.000052 0.000027 
3703808 b+tree 1 518 25 0.880000 0.462000  0.000018 0.000016 0.000045 0.000086 0.000047 0.000025 
3703872 b+tree 1 518 25 0.880000 0.847000  0.000022 0.000018 0.000051 0.000113 0.000056 0.000028 
3703872 b+tree 1 518 25 0.880000 0.463000  0.000018 0.000018 0.000049 0.000099 0.000050 0.000026 
3703872 b+tree 1 518 25 0.880000 0.617000  0.000024 0.000019 0.000052 0.000109 0.000057 0.000028 
3703936 b+tree 1 518 25 0.880000 0.463000  0.000018 0.000016 0.000045 0.000099 0.000050 0.000026 
3703936 b+tree 1 518 24 0.880000 0.693000  0.000019 0.000017 0.000047 0.000090 0.000050 0.000026 
3703936 b+tree 1 518 24 0.880000 0.539000  0.000021 0.000017 0.000048 0.000099 0.000050 0.000026 
3704000 b+tree 1 518 25 0.880000 0.616000  0.000023 0.000018 0.000051 0.000106 0.000055 0.000028 
3704000 b+tree 1 518 25 0.880000 0.462000  0.000021 0.000017 0.000048 0.000101 0.000049 0.000026 
3704064 b+tree 1 518 25 0.880000 0.616000  0.000022 0.000018 0.000049 0.000104 0.000055 0.000029 
3704064 b+tree 1 518 25 0.880000 0.771000  0.000018 0.000017 0.000049 0.000103 0.000054 0.000028 
3704064 b+tree 1 518 25 0.880000 0.693000  0.000006 0.000004 0.000012 0.000026 0.000015 0.000007 
3704128 b+tree 1 518 25 0.880000 0.693000  0.000019 0.000017 0.000047 0.000093 0.000050 0.000026 
3704128 b+tree 1 518 25 0.880000 0.463000  0.000023 0.000018 0.000049 0.000104 0.000055 0.000028 
3704192 b+tree 1 518 25 0.880000 0.926000  0.000019 0.000017 0.000046 0.000090 0.000049 0.000026 
3704192 b+tree 1 518 25 0.880000 0.616000  0.000018 0.000017 0.000047 0.000088 0.000054 0.000028 
3704192 b+tree 1 518 25 0.880000 0.693000  0.000023 0.000018 0.000049 0.000107 0.000054 0.000028 
3704256 b+tree 1 518 25 0.880000 0.616000  0.000021 0.000017 0.000048 0.000100 0.000053 0.000028 
3704256 b+tree 1 518 25 0.880000 0.694000  0.000021 0.000018 0.000050 0.000101 0.000053 0.000027 
3704256 b+tree 1 518 25 0.880000 0.462000  0.000017 0.000016 0.000045 0.000084 0.000046 0.000025 
3704320 b+tree 1 518 25 0.880000 0.694000  0.000021 0.000018 0.000048 0.000100 0.000054 0.000028 
3704320 b+tree 1 518 25 0.880000 0.462000  0.000018 0.000016 0.000044 0.000084 0.000046 0.000025 
3704384 b+tree 1 518 25 0.880000 0.770000  0.000023 0.000018 0.000050 0.000104 0.000055 0.000028 
3704384 b+tree 1 518 25 0.880000 0.616000  0.000018 0.000016 0.000044 0.000085 0.000046 0.000025 
3704384 b+tree 1 518 25 0.880000 0.694000  0.000023 0.000019 0.000050 0.000103 0.000054 0.000027 
3704448 b+tree 1 518 25 0.880000 0.463000  0.000020 0.000016 0.000046 0.000093 0.000048 0.000026 
3704448 b+tree 1 518 25 0.880000 0.616000  0.000022 0.000018 0.000056 0.000143 0.000061 0.000030 
3704512 b+tree 1 518 25 0.880000 0.463000  0.000018 0.000017 0.000046 0.000095 0.000048 0.000026 
3704512 b+tree 1 518 25 0.880000 0.616000  0.000022 0.000018 0.000050 0.000112 0.000056 0.000028 
3704512 b+tree 1 518 25 0.880000 0.771000  0.000023 0.000018 0.000049 0.000105 0.000054 0.000028 
3704576 b+tree 1 518 25 0.880000 0.463000  0.000022 0.000018 0.000049 0.000102 0.000058 0.000029 
3704576 b+tree 1 518 25 0.880000 0.694000  0.000018 0.000017 0.000046 0.000089 0.000048 0.000026 
3704576 b+tree 1 518 25 0.880000 0.462000  0.000017 0.000016 0.000044 0.000084 0.000046 0.000025 
3704640 b+tree 1 518 25 0.880000 0.693000  0.000018 0.000017 0.000048 0.000097 0.000051 0.000027 
3704640 b+tree 1 518 25 0.880000 0.540000  0.000017 0.000016 0.000044 0.000084 0.000045 0.000024 
3704704 b+tree 1 518 25 0.880000 0.693000  0.000035 0.000026 0.000062 0.000136 0.000071 0.000034 
3704704 b+tree 1 518 25 0.880000 0.693000  0.000021 0.000019 0.000049 0.000202 0.000074 0.000033 
3704704 b+tree 1 518 25 0.880000 0.616000  0.000018 0.000017 0.000046 0.000088 0.000050 0.000026 
3704768 b+tree 1 518 25 0.880000 0.771000  0.000018 0.000016 0.000046 0.000094 0.000047 0.000025 
3704768 b+tree 1 518 25 0.880000 0.694000  0.000022 0.000018 0.000049 0.000103 0.000054 0.000028 
3704832 b+tree 1 518 24 0.880000 0.616000  0.000019 0.000017 0.000045 0.000089 0.000051 0.000026 
3704832 b+tree 1 518 24 0.880000 0.462000  0.000018 0.000024 0.000059 0.000140 0.000068 0.000037 
3704832 b+tree 1 518 25 0.880000 0.693000  0.000019 0.000017 0.000045 0.000091 0.000049 0.000026 
3704896 b+tree 1 518 25 0.880000 0.462000  0.000017 0.000016 0.000044 0.000082 0.000044 0.000024 
3704896 b+tree 1 518 25 0.880000 0.694000  0.000019 0.000017 0.000045 0.000090 0.000049 0.000025 
3704960 b+tree 1 518 25 0.880000 0.539000  0.000018 0.000018 0.000049 0.000110 0.000050 0.000026 
3704960 b+tree 1 518 25 0.880000 0.617000  0.000018 0.000016 0.000045 0.000087 0.000058 0.000029 
3704960 b+tree 1 518 25 0.880000 0.463000  0.000017 0.000016 0.000045 0.000090 0.000047 0.000025 
3705024 b+tree 1 518 25 0.880000 0.616000  0.000018 0.000016 0.000045 0.000086 0.000048 0.000025 
3705024 b+tree 1 518 25 0.880000 0.616000  0.000018 0.000016 0.000043 0.000086 0.000045 0.000024 
3705088 b+tree 1 518 25 0.880000 1.002000  0.000019 0.000017 0.000045 0.000088 0.000048 0.000025 
3705088 b+tree 1 518 25 0.880000 0.462000  0.000017 0.000016 0.000043 0.000081 0.000048 0.000025 
3705088 b+tree 1 518 25 0.880000 0.693000  0.000018 0.000016 0.000045 0.000088 0.000048 0.000025 
3705152 b+tree 1 518 24 0.880000 0.462000  0.000017 0.000015 0.000043 0.000081 0.000044 0.000024 
3705152 b+tree 1 518 24 0.880000 0.617000  0.363075 0.112673 0.538489 0.363172 0.219654 0.136097 
3705216 b+tree 1 518 24 0.880000 0.462000  0.000016 0.000015 0.000043 0.000081 0.000044 0.000024 
3705216 b+tree 1 518 24 0.880000 0.693000  0.000018 0.000016 0.000045 0.000085 0.000047 0.000025 
3705216 b+tree 1 518 24 0.880000 0.539000  0.000016 0.000015 0.000043 0.000081 0.000044 0.000024 
3705280 b+tree 1 518 25 0.880000 0.770000  0.000018 0.000016 0.000045 0.000086 0.000047 0.000025 
3705280 b+tree 1 518 25 0.880000 0.539000  0.000017 0.000016 0.000045 0.000091 0.000046 0.000025 
3705280 b+tree 1 518 25 0.880000 0.617000  0.002300 0.002092 0.005751 0.011087 0.006157 0.003232 
3705344 b+tree 1 518 24 0.880000 0.694000  0.000024 0.000020 0.000056 0.000111 0.000059 0.000031 
3705344 b+tree 1 518 24 0.880000 0.770000  0.000028 0.000023 0.000063 0.000133 0.000070 0.000036 
3705408 b+tree 1 518 24 0.880000 0.462000  0.000037 0.000023 0.000060 0.000122 0.000062 0.000032 
3705408 b+tree 1 518 24 0.880000 0.616000  0.000022 0.000017 0.000047 0.000100 0.000053 0.000027 
3705408 b+tree 1 518 24 0.880000 0.616000  0.000018 0.000016 0.000044 0.000086 0.000047 0.000025 
3705472 b+tree 1 518 25 0.880000 0.616000  0.000017 0.000016 0.000044 0.000085 0.000047 0.000025 
3705472 b+tree 1 518 25 0.880000 0.617000  0.000018 0.000016 0.000044 0.000085 0.000047 0.000025 
3705536 b+tree 1 518 25 0.880000 0.462000  0.000021 0.000018 0.000048 0.000100 0.000052 0.000027 
3705536 b+tree 1 518 24 0.880000 0.616000  0.000022 0.000017 0.000047 0.000099 0.000052 0.000027 
3705536 b+tree 1 518 24 0.880000 0.462000  0.000017 0.000015 0.000042 0.000081 0.000044 0.000024 
3705600 b+tree 1 518 25 0.880000 0.694000  0.000018 0.000016 0.000057 0.000115 0.000057 0.000032 
3705600 b+tree 1 518 25 0.880000 0.462000  0.000017 0.000015 0.000042 0.000080 0.000044 0.000024 
3705664 b+tree 1 518 25 0.880000 0.693000  0.000018 0.000016 0.000044 0.000085 0.000047 0.000025 
3705664 b+tree 1 518 25 0.880000 0.463000  0.000016 0.000015 0.000042 0.000083 0.000044 0.000024 
3705664 b+tree 1 518 25 0.880000 0.616000  0.000017 0.000016 0.000044 0.000083 0.000046 0.000025 
3705728 b+tree 1 518 25 0.880000 0.463000  0.000018 0.000015 0.000042 0.000118 0.000055 0.000027 
3705728 b+tree 1 518 24 0.880000 0.616000  0.000019 0.000016 0.000045 0.000094 0.000051 0.000026 
3705792 b+tree 1 518 24 0.880000 0.770000  0.000018 0.000016 0.000044 0.000085 0.000046 0.000024 
3705792 b+tree 1 518 25 0.880000 0.463000  0.000022 0.000017 0.000046 0.000098 0.000051 0.000026 
3705792 b+tree 1 518 25 0.880000 0.616000  0.000017 0.000016 0.000044 0.000087 0.000047 0.000025 
3705856 b+tree 1 518 25 0.880000 0.462000  0.000021 0.000017 0.000047 0.000096 0.000051 0.000026 
3705856 b+tree 1 518 25 0.880000 0.693000  0.000017 0.000016 0.000044 0.000085 0.000046 0.000025 
3705856 b+tree 1 518 25 0.880000 0.540000  0.000018 0.000215 0.000475 0.000330 0.000203 0.000115 
3705920 b+tree 1 518 25 0.880000 0.693000  0.000022 0.000017 0.000046 0.000100 0.000050 0.000026 
3705920 b+tree 1 518 25 0.880000 0.540000  0.000017 0.000015 0.000042 0.000080 0.000043 0.000023 
3705984 b+tree 1 518 25 0.880000 0.616000  0.000018 0.000018 0.000047 0.000110 0.000050 0.000025 
3705984 b+tree 1 518 25 0.880000 0.463000  0.000016 0.000015 0.000042 0.000080 0.000043 0.000023 
3705984 b+tree 1 518 25 0.880000 0.693000  0.000017 0.000016 0.000056 0.000111 0.000065 0.000032 
3706048 b+tree 1 518 25 0.880000 0.462000  0.000017 0.000015 0.000042 0.000080 0.000043 0.000023 
3706048 b+tree 1 518 25 0.880000 0.616000  0.000017 0.000016 0.000056 0.000112 0.000056 0.000032 
3706112 b+tree 1 518 25 0.880000 0.462000  0.000019 0.000016 0.000043 0.000088 0.000045 0.000024 
3706112 b+tree 1 518 25 0.880000 0.771000  0.000021 0.000017 0.000047 0.000098 0.000052 0.000027 
3706112 b+tree 1 518 25 0.880000 0.463000  0.000020 0.000017 0.000046 0.000100 0.000051 0.000026 
3706176 b+tree 1 518 25 0.880000 0.616000  0.000020 0.000017 0.000047 0.000097 0.000051 0.000026 
3706176 b+tree 1 518 25 0.880000 0.772000  0.000042 0.000023 0.000068 0.000131 0.000074 0.000036 
3706240 b+tree 1 518 25 0.880000 0.462000  0.000057 0.000022 0.000052 0.000124 0.000054 0.000026 
3706240 b+tree 1 518 25 0.880000 0.693000  0.000017 0.000016 0.000043 0.000083 0.000046 0.000024 
3706240 b+tree 1 518 25 0.880000 0.462000  0.000016 0.000015 0.000041 0.000079 0.000043 0.000023 
3706304 b+tree 1 518 25 0.880000 0.771000  0.000020 0.000017 0.000045 0.000096 0.000050 0.000026 
3706304 b+tree 1 518 25 0.880000 0.462000  0.000016 0.000015 0.000043 0.000088 0.000045 0.000024 
3706368 b+tree 1 518 25 0.880000 0.617000  0.000018 0.000016 0.000045 0.000104 0.000051 0.000025 
3706368 b+tree 1 518 24 0.880000 0.771000  0.000016 0.000015 0.000043 0.000087 0.000047 0.000024 
3706368 b+tree 1 518 25 0.880000 0.616000  0.000020 0.000017 0.000045 0.000094 0.000049 0.000025 
3706432 b+tree 1 518 25 0.880000 0.694000  0.000017 0.000016 0.000043 0.000083 0.000045 0.000024 
3706432 b+tree 1 518 25 0.880000 0.616000  0.000019 0.000016 0.000056 0.000108 0.000064 0.000032 
3706496 b+tree 1 518 25 0.880000 0.770000  0.000019 0.000016 0.000046 0.000094 0.000050 0.000025 
3706496 b+tree 1 518 25 0.880000 0.693000  0.000225 0.000206 0.000572 0.001101 0.000599 0.000320 
3706496 b+tree 1 518 25 0.880000 0.616000  0.000017 0.000016 0.000043 0.000083 0.000046 0.000024 
3706560 b+tree 1 518 25 0.880000 0.463000  0.000019 0.000016 0.000044 0.000089 0.000045 0.000024 
3706560 b+tree 1 518 24 0.880000 0.694000  0.000017 0.000017 0.000045 0.000099 0.000048 0.000025 
3706624 b+tree 1 518 24 0.880000 0.462000  0.000017 0.000016 0.000043 0.000088 0.000045 0.000023 
3706624 b+tree 1 518 24 0.880000 0.617000  0.000032 0.000019 0.000048 0.000104 0.000049 0.000025 
3706624 b+tree 1 518 24 0.880000 0.463000  0.000019 0.000015 0.000043 0.000087 0.000044 0.000023 
3706688 b+tree 1 518 24 0.880000 0.616000  0.000020 0.000017 0.000045 0.000094 0.000049 0.000025 
3706688 b+tree 1 518 25 0.880000 0.694000  0.141469 0.040472 0.084047 0.141677 0.046898 0.019503 
3706688 b+tree 1 518 25 0.880000 0.694000  0.000017 0.000016 0.000043 0.000090 0.000047 0.000025 
3706752 b+tree 1 518 25 0.880000 0.771000  0.000017 0.000015 0.000042 0.000082 0.000045 0.000024 
3706752 b+tree 1 518 25 0.880000 0.616000  0.000017 0.000015 0.000326 0.000272 0.000153 0.000085 
3706816 b+tree 1 518 25 0.880000 0.694000  0.000019 0.000017 0.000045 0.000096 0.000050 0.000025 
3706816 b+tree 1 518 25 0.880000 0.463000  0.000016 0.000014 0.000041 0.000077 0.000041 0.000022 
3706816 b+tree 1 518 25 0.880000 0.771000  0.000020 0.000016 0.000046 0.000093 0.000049 0.000025 
3706880 b+tree 1 518 25 0.880000 0.462000  0.000016 0.000015 0.000041 0.000077 0.000042 0.000023 
3706880 b+tree 1 518 25 0.880000 0.616000  0.000017 0.000015 0.000054 0.000115 0.000056 0.000031 
3706944 b+tree 1 518 25 0.880000 0.463000  0.000016 0.000016 0.000044 0.000093 0.000049 0.000025 
3706944 b+tree 1 518 25 0.880000 0.693000  0.000018 0.000015 0.000042 0.000083 0.000045 0.000024 
3706944 b+tree 1 518 24 0.880000 0.693000  0.000019 0.000015 0.000042 0.000091 0.000045 0.000023 
3707008 b+tree 1 518 24 0.880000 0.694000  0.000017 0.000015 0.000042 0.000082 0.000045 0.000024 
3707008 b+tree 1 518 25 0.880000 0.693000  0.000020 0.000015 0.000042 0.000087 0.000044 0.000023 
3707072 b+tree 1 518 24 0.880000 0.616000  0.000017 0.000015 0.000042 0.000081 0.000045 0.000024 
3707072 b+tree 1 518 24 0.880000 0.770000  0.000028 0.000017 0.000045 0.000089 0.000045 0.000024 
3707072 b+tree 1 518 24 0.880000 0.694000  0.000020 0.000016 0.000043 0.000091 0.000049 0.000025 
3707136 b+tree 1 518 24 0.880000 0.462000  0.000017 0.000015 0.000042 0.000090 0.000046 0.000024 
3707136 b+tree 1 518 24 0.880000 0.617000  0.000016 0.000015 0.000042 0.000081 0.000045 0.000023 
3707136 b+tree 1 518 24 0.880000 0.771000  0.000017 0.000015 0.000042 0.000081 0.000044 0.000023 
3707200 b+tree 1 518 24 0.880000 0.462000  0.000016 0.000015 0.000042 0.000917 0.000572 0.000262 
3707200 b+tree 1 518 24 0.880000 0.693000  0.000019 0.000015 0.000042 0.000085 0.000045 0.000024 
3707264 b+tree 1 518 24 0.880000 0.462000  0.000016 0.000014 0.000040 0.000076 0.000042 0.000022 
3707264 b+tree 1 518 24 0.880000 0.693000  0.000018 0.000015 0.000043 0.000089 0.000046 0.000024 
3707264 b+tree 1 518 24 0.880000 0.462000  0.000019 0.000015 0.000041 0.000080 0.000043 0.000022 
3707328 b+tree 1 518 24 0.880000 0.616000  0.000018 0.000015 0.000042 0.000083 0.000045 0.000024 
3707328 b+tree 1 518 24 0.880000 0.462000  0.000016 0.000014 0.000040 0.000076 0.000041 0.000022 
3707392 b+tree 1 518 25 0.880000 0.771000  0.000019 0.000015 0.000045 0.000106 0.000050 0.000025 
3707392 b+tree 1 518 25 0.880000 0.462000  0.000016 0.000014 0.000040 0.000077 0.000041 0.000022 
3707392 b+tree 1 518 24 0.880000 0.616000  0.000030 0.000018 0.000048 0.000104 0.000051 0.000025 
3707456 b+tree 1 518 24 0.880000 0.462000  0.005694 0.001206 0.002634 0.006523 0.001855 0.000890 
3707456 b+tree 1 518 24 0.880000 0.462000  0.000021 0.000017 0.000045 0.000096 0.000050 0.000025 
3707520 b+tree 1 518 24 0.880000 0.693000  0.000020 0.000017 0.000044 0.000093 0.000048 0.000024 
3707520 b+tree 1 518 24 0.880000 0.462000  0.000016 0.000014 0.000042 0.000086 0.000044 0.000023 
3707584 b+tree 1 518 25 0.880000 0.616000  0.000020 0.000017 0.000044 0.000094 0.000050 0.000025 
3707584 b+tree 1 518 24 0.880000 0.462000  0.000015 0.000014 0.000040 0.000075 0.000040 0.000022 
3707584 b+tree 1 518 24 0.880000 0.848000  0.000019 0.000015 0.000043 0.000090 0.000048 0.000024 
3707648 b+tree 1 518 25 0.880000 0.462000  0.000019 0.000015 0.000042 0.000084 0.000046 0.000023 
3707648 b+tree 1 518 24 0.880000 0.693000  0.000020 0.000016 0.000044 0.000094 0.000048 0.000025 
3707648 b+tree 1 518 24 0.880000 0.540000  0.000017 0.000015 0.000041 0.000081 0.000044 0.000023 
3707712 b+tree 1 518 24 0.880000 0.539000  0.000017 0.000022 0.000053 0.000114 0.000063 0.000030 
3707712 b+tree 1 518 24 0.880000 0.925000  0.000017 0.000015 0.000042 0.000085 0.000044 0.000023 
3707776 b+tree 1 518 25 0.880000 0.462000  0.000015 0.000014 0.000039 0.000075 0.000040 0.000022 
3707776 b+tree 1 518 25 0.880000 0.770000  0.000019 0.000016 0.000044 0.000092 0.000048 0.000025 
3707776 b+tree 1 518 25 0.880000 0.462000  0.000016 0.000014 0.000039 0.000075 0.000040 0.000022 
3707840 b+tree 1 518 25 0.880000 0.771000  0.000016 0.000015 0.000041 0.000106 0.000053 0.000030 
3707840 b+tree 1 518 24 0.880000 0.540000  0.000019 0.000015 0.000042 0.000086 0.000043 0.000023 
3707904 b+tree 1 518 24 0.880000 0.694000  0.000016 0.000015 0.000041 0.000079 0.000044 0.000023 
3707904 b+tree 1 518 24 0.880000 0.462000  0.000015 0.000014 0.000039 0.000074 0.000041 0.000022 
3707904 b+tree 1 518 24 0.880000 0.693000  0.000017 0.000015 0.000043 0.000093 0.000047 0.000024 
3707968 b+tree 1 518 24 0.880000 0.385000  0.000015 0.000014 0.000039 0.000074 0.000040 0.000022 
3707968 b+tree 1 518 24 0.880000 0.539000  0.000017 0.000015 0.000041 0.000079 0.000044 0.000023 
3708032 b+tree 1 518 24 0.880000 0.308000  0.000015 0.000014 0.000039 0.000074 0.000040 0.000022 
3708032 b+tree 1 518 25 0.880000 0.539000  0.000027 0.000018 0.000046 0.000101 0.000051 0.000025 
3708032 b+tree 1 518 25 0.880000 0.308000  0.000015 0.000014 0.000039 0.000075 0.000040 0.000022 
3708096 b+tree 1 518 24 0.880000 0.539000  0.000016 0.000015 0.000041 0.000078 0.000043 0.000023 
3708096 b+tree 1 518 24 0.880000 0.308000  0.000019 0.000015 0.000041 0.000085 0.000043 0.000023 
3708096 b+tree 1 518 24 0.880000 0.462000  0.000018 0.000016 0.000042 0.000084 0.000044 0.000023 
3708160 b+tree 1 518 24 0.880000 0.540000  0.000015 0.000015 0.000040 0.000083 0.000042 0.000022 
3708160 b+tree 1 518 24 0.880000 0.463000  0.000020 0.000016 0.000045 0.000095 0.000048 0.000024 
3708224 b+tree 1 518 24 0.880000 0.616000  0.000018 0.000014 0.000041 0.000083 0.000042 0.000022 
3708224 b+tree 1 518 25 0.880000 0.540000  0.000016 0.000015 0.000040 0.000077 0.000043 0.000023 
3708224 b+tree 1 518 25 0.880000 0.308000  0.000023 0.000015 0.000041 0.000083 0.000043 0.000022 
3708288 b+tree 1 518 24 0.880000 0.539000  0.000119 0.000103 0.000282 0.000562 0.000305 0.000159 
3708352 b+tree 1 518 24 0.880000 0.308000  0.000015 0.000014 0.000039 0.000074 0.000041 0.000021 
3708352 b+tree 1 518 24 0.880000 0.540000  0.000020 0.000015 0.000042 0.000095 0.000048 0.000024 
3708352 b+tree 1 518 24 0.880000 0.539000  0.000015 0.000014 0.000039 0.000075 0.000040 0.000021 
3708416 b+tree 1 518 25 0.880000 0.539000  0.000019 0.000015 0.000042 0.000089 0.000048 0.000024 
3708416 b+tree 1 518 25 0.880000 0.308000  0.000015 0.000014 0.000039 0.000082 0.000042 0.000022 
3708480 b+tree 1 518 24 0.880000 0.463000  0.000038 0.000028 0.000064 0.000147 0.000068 0.000036 
3708480 b+tree 1 518 25 0.880000 0.616000  0.000021 0.000018 0.000050 0.000101 0.000053 0.000028 
3708480 b+tree 1 518 25 0.880000 0.385000  0.000020 0.000015 0.000042 0.000089 0.000047 0.000024 
3708544 b+tree 1 518 25 0.880000 0.540000  0.000020 0.000015 0.000042 0.000091 0.000047 0.000024 
3708544 b+tree 1 518 24 0.880000 0.385000  0.000029 0.000015 0.000040 0.000089 0.000041 0.000029 
3708608 b+tree 1 518 24 0.880000 0.540000  0.000018 0.000015 0.000041 0.000087 0.000045 0.000023 
3708608 b+tree 1 518 25 0.880000 0.308000  0.000015 0.000014 0.000038 0.000074 0.000040 0.000021 
3708608 b+tree 1 518 25 0.880000 0.540000  0.000016 0.000014 0.000051 0.000106 0.000059 0.000029 
3708672 b+tree 1 518 25 0.880000 0.308000  0.000016 0.000014 0.000040 0.000078 0.000042 0.000022 
3708672 b+tree 1 518 25 0.880000 0.539000  0.000019 0.000015 0.000042 0.000090 0.000047 0.000024 
3708736 b+tree 1 518 25 0.880000 0.617000  0.000016 0.000014 0.000040 0.000079 0.000042 0.000028 
3708736 b+tree 1 518 25 0.880000 0.540000  0.000019 0.000016 0.000042 0.000086 0.000045 0.000023 
3708736 b+tree 1 518 24 0.880000 0.770000  0.000016 0.000025 0.000058 0.000135 0.000006 0.002422 
3708800 b+tree 1 518 24 0.880000 0.616000  0.000015 0.000014 0.000038 0.000076 0.000039 0.000021 
3708800 b+tree 1 518 24 0.880000 0.462000  0.000020 0.000018 0.000049 0.000103 0.000055 0.000029 
3708864 b+tree 1 518 24 0.880000 0.462000  0.000016 0.000014 0.000039 0.000077 0.000042 0.000022 
3708864 b+tree 1 518 24 0.880000 0.385000  0.000018 0.000015 0.000041 0.000087 0.000045 0.000023 
3708864 b+tree 1 518 25 0.880000 0.616000  0.000016 0.000014 0.000039 0.000077 0.000042 0.000023 
3708928 b+tree 1 518 25 0.880000 0.540000  0.000019 0.000016 0.000043 0.000091 0.000047 0.000024 
3708928 b+tree 1 518 24 0.880000 0.540000  0.000016 0.000014 0.000039 0.000077 0.000042 0.000022 
3708992 b+tree 1 518 24 0.880000 0.385000  0.000016 0.000014 0.000039 0.000105 0.000052 0.000286 
3708992 b+tree 1 518 24 0.880000 0.540000  0.000020 0.000015 0.000042 0.000089 0.000047 0.000024 
3708992 b+tree 1 518 24 0.880000 0.308000  0.000015 0.000014 0.000038 0.000071 0.000039 0.000021 
3709056 b+tree 1 518 24 0.880000 0.539000  0.000021 0.000123 0.000083 0.000255 0.000000 0.000014 
3709056 b+tree 1 518 24 0.880000 0.308000  0.000015 0.000013 0.000040 0.000092 0.000042 0.000022 
3709120 b+tree 1 518 24 0.880000 0.462000  0.000018 0.000015 0.000042 0.000089 0.000046 0.000024 
3709120 b+tree 1 518 24 0.880000 0.308000  0.000015 0.000014 0.000039 0.000081 0.000041 0.000022 
3709120 b+tree 1 518 25 0.880000 0.617000  0.000018 0.000015 0.000042 0.000088 0.000047 0.000024 
3709184 b+tree 1 518 25 0.880000 0.540000  0.000016 0.000014 0.000040 0.000086 0.000042 0.000022 
3709184 b+tree 1 518 25 0.880000 0.385000  0.000015 0.000013 0.000037 0.000072 0.000039 0.000021 
3709248 b+tree 1 518 24 0.880000 0.540000  0.000016 0.000014 0.000039 0.000074 0.000042 0.000022 
3709248 b+tree 1 518 24 0.880000 0.308000  0.000015 0.000013 0.000037 0.000073 0.000039 0.000021 
3709248 b+tree 1 518 24 0.880000 0.539000  0.043647 0.002776 0.006270 0.043724 0.003737 0.001649 
3709312 b+tree 1 518 24 0.880000 0.308000  0.000016 0.000013 0.000037 0.000073 0.000038 0.000021 
3709312 b+tree 1 518 24 0.880000 0.540000  0.000021 0.000016 0.000043 0.000094 0.000047 0.000023 
3709312 b+tree 1 518 24 0.880000 0.308000  0.000099 0.000030 0.000081 0.000170 0.000066 0.000032 
3709376 b+tree 1 518 24 0.880000 0.462000  0.000015 0.000020 0.000050 0.000100 0.000057 0.000028 
3709376 b+tree 1 518 24 0.880000 0.617000  0.000015 0.000014 0.000082 0.000167 0.000069 0.000033 
3709440 b+tree 1 518 24 0.880000 0.308000  0.000015 0.000014 0.000039 0.000074 0.000041 0.000022 
3709440 b+tree 1 518 24 0.880000 0.694000  0.000015 0.000014 0.000042 0.000087 0.000044 0.000023 
3709440 b+tree 1 518 24 0.880000 0.539000  0.000015 0.000014 0.000039 0.000074 0.000041 0.000022 
3709504 b+tree 1 518 24 0.880000 0.540000  0.000015 0.000014 0.000039 0.000082 0.000041 0.000021 
3709504 b+tree 1 518 24 0.880000 0.462000  0.000015 0.000014 0.000038 0.000073 0.000041 0.000022 
3709568 b+tree 1 518 24 0.880000 0.308000  0.000015 0.000014 0.000038 0.000079 0.000039 0.000021 
3709568 b+tree 1 518 24 0.880000 0.462000  0.000019 0.000015 0.000041 0.000088 0.000046 0.000023 
3709568 b+tree 1 518 24 0.880000 0.617000  0.000015 0.000014 0.000038 0.000075 0.000041 0.000021 
3709632 b+tree 1 518 25 0.880000 0.308000  0.000016 0.000014 0.000038 0.000076 0.000041 0.000022 
3709632 b+tree 1 518 25 0.880000 0.539000  0.000018 0.000015 0.000041 0.000086 0.000045 0.000023 
3709696 b+tree 1 518 24 0.880000 0.540000  0.000015 0.000013 0.000037 0.000070 0.000038 0.000020 
3709696 b+tree 1 518 24 0.880000 0.540000  0.000015 0.000014 0.000038 0.000074 0.000041 0.000021 
3709696 b+tree 1 518 24 0.880000 0.308000  0.000015 0.000013 0.000037 0.000072 0.000038 0.000020 
3709760 b+tree 1 518 24 0.880000 0.463000  0.000015 0.000014 0.000038 0.000073 0.000040 0.000021 
3709760 b+tree 1 518 24 0.880000 0.385000  0.000015 0.000013 0.000037 0.000072 0.000038 0.000020 
3709824 b+tree 1 518 24 0.880000 0.462000  0.000018 0.000015 0.000040 0.000086 0.000044 0.000023 
3709824 b+tree 1 518 24 0.880000 0.617000  0.000015 0.000014 0.000038 0.000076 0.000040 0.000021 
3709824 b+tree 1 518 24 0.880000 0.462000  0.000015 0.000014 0.000049 0.000099 0.000049 0.000028 
3709888 b+tree 1 518 24 0.880000 0.693000  0.000019 0.000015 0.000041 0.000087 0.000045 0.000023 
3709888 b+tree 1 518 24 0.880000 0.308000  0.000015 0.000013 0.000037 0.000075 0.000038 0.000021 
3709952 b+tree 1 518 24 0.880000 0.539000  0.000015 0.000014 0.000049 0.000099 0.000049 0.000028 
3709952 b+tree 1 518 24 0.880000 0.308000  0.000015 0.000014 0.000038 0.000074 0.000040 0.000021 
3710016 b+tree 1 518 25 0.880000 0.308000  0.000015 0.000020 0.000049 0.000099 0.000057 0.000028 
3710016 b+tree 1 518 25 0.880000 0.539000  0.000072 0.000064 0.000175 0.000348 0.000186 0.000098 
3710016 b+tree 1 518 24 0.880000 0.308000  0.000015 0.000013 0.000036 0.000072 0.000038 0.000020 
3710080 b+tree 1 518 24 0.880000 0.540000  0.000019 0.000015 0.000041 0.000088 0.000046 0.000023 
3710080 b+tree 1 518 24 0.880000 0.308000  0.020303 0.018570 0.052393 0.107251 0.054665 0.028813 
3710144 b+tree 1 518 25 0.880000 0.539000  0.007471 0.005966 0.016192 0.034906 0.017995 0.009108 
3710144 b+tree 1 518 25 0.880000 0.540000  0.004876 0.004316 0.012072 0.024314 0.013236 0.007104 
3710144 b+tree 1 518 25 0.880000 0.539000  0.004064 0.003703 0.010169 0.019655 0.010853 0.005705 
3710208 b+tree 1 518 24 0.880000 0.617000  0.003520 0.003186 0.008811 0.017166 0.009316 0.004926 
3710208 b+tree 1 518 24 0.880000 0.462000  0.003609 0.002982 0.008121 0.016951 0.008936 0.004599 
3710208 b+tree 1 518 24 0.880000 0.539000  0.002745 0.002482 0.006848 0.013587 0.007214 0.003823 
3710272 b+tree 1 518 24 0.880000 0.308000  0.002355 0.002110 0.005852 0.011369 0.006124 0.003258 
3710272 b+tree 1 518 24 0.880000 0.616000  0.002178 0.001853 0.005183 0.010726 0.005633 0.002885 
3710336 b+tree 1 518 24 0.880000 0.308000  0.001811 0.001634 0.004571 0.008691 0.004689 0.002524 
3710336 b+tree 1 518 24 0.880000 0.539000  0.001825 0.001604 0.004395 0.008643 0.004624 0.002461 
3710336 b+tree 1 518 25 0.880000 0.308000  0.001564 0.001419 0.003973 0.007520 0.004026 0.002193 
3710400 b+tree 1 518 25 0.880000 0.540000  0.006931 0.003715 0.007892 0.016436 0.007495 0.003915 
3710400 b+tree 1 518 25 0.880000 0.539000  0.001453 0.001141 0.003160 0.006148 0.003246 0.001730 
3710464 b+tree 1 518 25 0.880000 0.308000  0.001450 0.001164 0.003235 0.006672 0.003525 0.001816 
3710464 b+tree 1 518 25 0.880000 0.462000  0.001126 0.001160 0.003142 0.006594 0.003220 0.001671 
3710464 b+tree 1 518 25 0.880000 0.539000  0.001086 0.001002 0.002762 0.005318 0.002917 0.001545 
3710528 b+tree 1 518 24 0.880000 0.385000  0.000013 0.000077 0.000051 0.000161 0.000000 0.000009 
3710528 b+tree 1 518 24 0.880000 0.539000  0.001188 0.000941 0.002522 0.005447 0.002835 0.001440 
3710592 b+tree 1 518 25 0.880000 0.385000  0.000880 0.000895 0.002449 0.005820 0.002628 0.001353 
3710592 b+tree 1 518 25 0.880000 0.539000  0.000932 0.000812 0.002879 0.005691 0.003359 0.001638 
3710656 b+tree 1 518 25 0.880000 0.539000  0.000811 0.000735 0.002010 0.003854 0.002143 0.001129 
3710656 b+tree 1 518 25 0.880000 0.385000  0.000058 0.000052 0.000144 0.000280 0.000151 0.000080 
3710656 b+tree 1 518 24 0.880000 0.462000  0.000061 0.000054 0.000149 0.000290 0.000159 0.000084 
3710720 b+tree 1 518 24 0.880000 0.385000  0.000742 0.000637 0.001789 0.003816 0.001903 0.000987 
3710720 b+tree 1 518 25 0.880000 0.771000  0.000699 0.000610 0.001686 0.003586 0.001903 0.000968 
3710784 b+tree 1 518 24 0.880000 0.616000  0.000678 0.000598 0.001629 0.003191 0.001752 0.000917 
3710784 b+tree 1 518 24 0.880000 0.308000  0.000743 0.000611 0.001649 0.003487 0.001855 0.000954 
3710784 b+tree 1 518 24 0.880000 0.540000  0.000655 0.000566 0.001549 0.004147 0.002681 0.001238 
3710848 b+tree 1 518 25 0.880000 0.385000  0.000583 0.000515 0.001440 0.002778 0.001501 0.000799 
3710848 b+tree 1 518 25 0.880000 0.463000  0.000635 0.000536 0.001463 0.004146 0.001746 0.000856 
3710912 b+tree 1 518 24 0.880000 0.463000  0.000509 0.000462 0.001299 0.002505 0.001341 0.000721 
3710912 b+tree 1 518 24 0.880000 0.539000  0.000726 0.000510 0.001379 0.003524 0.001645 0.000806 
3710912 b+tree 1 518 24 0.880000 0.308000  0.000492 0.000435 0.001237 0.002532 0.001308 0.000696 
3710976 b+tree 1 518 24 0.880000 0.461000  0.000488 0.000450 0.001236 0.002365 0.001312 0.000694 
3710976 b+tree 1 518 24 0.880000 0.385000  0.000473 0.000414 0.001151 0.002352 0.001216 0.000644 
3711040 b+tree 1 518 24 0.880000 0.462000  0.000578 0.000437 0.001215 0.002565 0.001349 0.000692 
3711040 b+tree 1 518 24 0.880000 0.617000  0.000556 0.000443 0.001206 0.002570 0.001341 0.000685 
3711040 b+tree 1 518 24 0.880000 0.462000  0.000529 0.000429 0.001180 0.002477 0.001288 0.000669 
3711104 b+tree 1 518 25 0.880000 0.540000  0.000491 0.000411 0.001125 0.002335 0.001239 0.000642 
3711104 b+tree 1 518 25 0.880000 0.463000  0.000396 0.000363 0.001017 0.001936 0.001043 0.000564 
3711104 b+tree 1 518 24 0.880000 0.617000  0.000439 0.000378 0.001036 0.002071 0.001105 0.000582 
3711168 b+tree 1 518 24 0.880000 0.308000  0.000395 0.000352 0.000979 0.001906 0.001012 0.000542 
3711168 b+tree 1 518 24 0.880000 0.539000  0.000403 0.000364 0.001002 0.001935 0.001070 0.000563 
3711232 b+tree 1 518 24 0.880000 0.308000  0.000379 0.000360 0.000985 0.002021 0.001034 0.000549 
3711232 b+tree 1 518 24 0.880000 0.462000  0.000389 0.000350 0.000953 0.001834 0.001021 0.000538 
3711232 b+tree 1 518 24 0.880000 0.616000  0.000422 0.000330 0.000927 0.001892 0.000949 0.000504 
3711296 b+tree 1 518 24 0.880000 0.462000  0.000419 0.000346 0.000950 0.001986 0.001053 0.000549 
3711296 b+tree 1 518 24 0.880000 0.617000  0.000338 0.000308 0.000873 0.001692 0.000893 0.000481 
3711360 b+tree 1 518 25 0.880000 0.540000  0.000669 0.000348 0.000936 0.002023 0.000986 0.000511 
3711360 b+tree 1 518 24 0.880000 0.539000  0.000457 0.000351 0.000924 0.002030 0.001023 0.000514 
3711360 b+tree 1 518 24 0.880000 0.462000  0.000325 0.000297 0.000832 0.001605 0.000859 0.000461 
3711424 b+tree 1 518 25 0.880000 0.539000  0.000354 0.000312 0.000854 0.002366 0.001131 0.000557 
3711424 b+tree 1 518 24 0.880000 0.308000  0.000327 0.000291 0.000809 0.001554 0.000851 0.000500 
3711488 b+tree 1 518 24 0.880000 0.539000  0.000340 0.000311 0.000881 0.002187 0.001014 0.000510 
3711488 b+tree 1 518 24 0.880000 0.308000  0.000360 0.000294 0.000825 0.001713 0.000858 0.000450 
3711488 b+tree 1 518 24 0.880000 0.615000  0.000313 0.000287 0.000789 0.001497 0.000846 0.000455 
3711552 b+tree 1 518 24 0.880000 0.308000  0.000301 0.000277 0.000781 0.001611 0.000814 0.000435 
3711552 b+tree 1 518 24 0.880000 0.462000  0.001526 0.000801 0.001695 0.004060 0.001738 0.000790 
3711616 b+tree 1 518 24 0.880000 0.308000  0.000339 0.000268 0.000751 0.001528 0.000774 0.000408 
3711616 b+tree 1 518 24 0.880000 0.540000  0.000341 0.000333 0.000883 0.001974 0.000955 0.000472 
3711616 b+tree 1 518 24 0.880000 0.539000  0.000336 0.000268 0.000735 0.001515 0.000754 0.000399 
3711680 b+tree 1 518 24 0.880000 0.462000  0.000350 0.000283 0.000784 0.001627 0.000856 0.000442 
3711680 b+tree 1 518 24 0.880000 0.616000  0.000295 0.000263 0.000723 0.001491 0.000799 0.000419 
3711744 b+tree 1 518 24 0.880000 0.462000  0.000361 0.000270 0.000781 0.003789 0.001428 0.000621 
3711744 b+tree 1 518 24 0.880000 0.539000  0.000343 0.000274 0.000760 0.001629 0.000832 0.000426 
3711744 b+tree 1 518 24 0.880000 0.462000  0.000366 0.000273 0.000753 0.001615 0.000824 0.000423 
3711808 b+tree 1 518 25 0.880000 0.616000  0.000287 0.000250 0.000686 0.001366 0.000741 0.000445 
3711808 b+tree 1 518 24 0.880000 0.308000  0.000272 0.000246 0.021118 0.015411 0.008959 0.004121 
3711872 b+tree 1 518 24 0.880000 0.539000  0.000323 0.000252 0.000688 0.001457 0.000772 0.000394 
3711872 b+tree 1 518 25 0.880000 0.308000  0.000249 0.000221 0.000619 0.001217 0.000635 0.000343 
3711872 b+tree 1 518 24 0.880000 0.540000  0.000272 0.000236 0.000660 0.001352 0.000719 0.000375 
3711936 b+tree 1 518 24 0.880000 0.540000  0.000238 0.000217 0.000605 0.001160 0.000622 0.000336 
3711936 b+tree 1 518 25 0.880000 0.385000  0.000248 0.000227 0.001567 0.003758 0.001477 0.000646 
3712000 b+tree 1 518 24 0.880000 0.308000  0.000240 0.000219 0.000616 0.001219 0.000640 0.000341 
3712000 b+tree 1 518 24 0.880000 0.462000  0.000243 0.000220 0.000604 0.001166 0.000646 0.000340 
3712000 b+tree 1 518 25 0.880000 0.385000  0.000234 0.000214 0.000599 0.001241 0.000635 0.000332 
3712064 b+tree 1 518 25 0.880000 0.463000  0.000236 0.000217 0.000594 0.001140 0.000688 0.000353 
3712064 b+tree 1 518 25 0.880000 0.308000  0.000219 0.000202 0.000588 0.001208 0.000618 0.000328 
3712128 b+tree 1 518 24 0.880000 0.463000  0.000056 0.000052 0.000149 0.000288 0.000191 0.000093 
3712128 b+tree 1 518 24 0.880000 0.463000  0.000266 0.000219 0.000606 0.001290 0.000684 0.000346 
3712128 b+tree 1 518 25 0.880000 0.616000  0.000267 0.000213 0.000585 0.001226 0.000649 0.000334 
3712192 b+tree 1 518 25 0.880000 0.540000  0.000271 0.000221 0.000599 0.001273 0.000642 0.000323 
3712192 b+tree 1 518 24 0.880000 0.617000  0.000243 0.000212 0.000573 0.001180 0.000622 0.000324 
3712192 b+tree 1 518 25 0.880000 0.539000  0.000213 0.000195 0.000539 0.001048 0.000568 0.000301 
3712256 b+tree 1 518 25 0.880000 0.308000  0.000212 0.000194 0.000536 0.001502 0.000671 0.001183 
3712256 b+tree 1 518 24 0.880000 0.539000  0.000215 0.000191 0.000523 0.001044 0.000559 0.000294 
3712320 b+tree 1 518 24 0.880000 0.308000  0.000201 0.000179 0.000528 0.001093 0.000544 0.000286 
3712320 b+tree 1 518 24 0.880000 0.539000  0.000206 0.000187 0.000516 0.001014 0.000543 0.000289 
3712320 b+tree 1 518 24 0.880000 0.308000  0.000657 0.000238 0.000597 0.001407 0.000617 0.000305 
3712384 b+tree 1 518 24 0.880000 0.462000  0.000225 0.000186 0.000521 0.001096 0.000579 0.000300 
3712384 b+tree 1 518 24 0.880000 0.308000  0.000228 0.000193 0.000520 0.001102 0.000538 0.000281 
3712448 b+tree 1 518 25 0.880000 0.770000  0.000236 0.000194 0.000534 0.001132 0.000592 0.000302 
3712448 b+tree 1 518 25 0.880000 0.308000  0.000190 0.000175 0.000493 0.001025 0.000521 0.000285 
3712448 b+tree 1 518 25 0.880000 0.693000  0.000192 0.000259 0.000628 0.001493 0.000726 0.000397 
3712512 b+tree 1 518 25 0.880000 0.540000  0.000195 0.000175 0.000478 0.000943 0.000511 0.000269 
3712512 b+tree 1 518 25 0.880000 0.308000  0.000238 0.000191 0.000519 0.001117 0.000583 0.000294 
3712576 b+tree 1 518 25 0.880000 0.540000  0.000192 0.000172 0.000472 0.001075 0.000547 0.000282 
3712576 b+tree 1 518 25 0.880000 0.385000  0.000239 0.000186 0.000498 0.001065 0.000558 0.000285 
3712576 b+tree 1 518 25 0.880000 0.617000  0.000183 0.000169 0.000466 0.000907 0.000491 0.000260 
3712640 b+tree 1 518 25 0.880000 0.308000  0.000173 0.000159 0.000445 0.000844 0.000460 0.000247 
3712640 b+tree 1 518 25 0.880000 0.539000  0.000244 0.000177 0.000504 0.001160 0.000551 0.000279 
3712640 b+tree 1 518 25 0.880000 0.308000  0.000183 0.000155 0.000438 0.000895 0.000446 0.000241 
3712704 b+tree 1 518 25 0.880000 0.771000  0.000218 0.000166 0.000472 0.001107 0.000510 0.000266 
3712704 b+tree 1 518 24 0.880000 0.617000  0.000177 0.000153 0.000428 0.000887 0.000436 0.000237 
3712768 b+tree 1 518 25 0.880000 0.693000  0.000191 0.000164 0.000456 0.000965 0.000502 0.000260 
3712768 b+tree 1 518 25 0.880000 0.462000  0.000167 0.000151 0.000420 0.001497 0.000612 0.000456 
3712832 b+tree 1 518 24 0.880000 0.693000  0.000187 0.000112 0.000398 0.001115 0.000382 0.000167 
3712832 b+tree 1 518 24 0.880000 0.616000  0.000248 0.000176 0.000490 0.001186 0.000519 0.000267 
3712832 b+tree 1 518 24 0.880000 0.616000  0.000043 0.000037 0.000122 0.000311 0.000166 0.000078 
3712896 b+tree 1 518 24 0.880000 0.771000  0.000045 0.000036 0.000100 0.000217 0.000112 0.000057 
3712896 b+tree 1 518 24 0.880000 0.770000  0.000209 0.000150 0.000425 0.000922 0.000462 0.000240 
3712960 b+tree 1 518 24 0.880000 0.770000  0.000198 0.000157 0.000420 0.000879 0.000473 0.000240 
3712960 b+tree 1 518 25 0.880000 0.617000  0.000192 0.000153 0.000420 0.000874 0.000459 0.000238 
3712960 b+tree 1 518 25 0.880000 0.694000  0.000175 0.000208 0.000503 0.001289 0.000562 0.000298 
