#Timestamp	Benchmark	Run(#)	CPU Frequency (MHz)	CPU Temperature(C)	CPU Voltage(V)	CPU Power(W)	CPU_CYCLES	L1_DATA_CACHE_ACCESS	INSTRUCTIONS_RETIRED	BUS_CYCLES	L1I_CACHE_ACCESS	PREDICTABLE_BRANCH_SPECULATIVELY_EXECUTED
4494336 heartwall 1 710 27 0.919000 0.540000  0.000009 0.000008 0.000022 0.000045 0.000027 0.000013 
4494336 heartwall 1 710 27 0.919000 0.925000  0.000006 0.000005 0.000015 0.000030 0.000019 0.000009 
4494400 heartwall 1 710 27 0.919000 0.540000  0.000023 0.000021 0.000057 0.000112 0.000060 0.000032 
4494400 heartwall 1 710 27 0.919000 0.847000  0.000023 0.000020 0.000055 0.000108 0.000057 0.000031 
4494400 heartwall 1 710 27 0.919000 0.771000  0.000025 0.000021 0.000058 0.000125 0.000064 0.000033 
4494464 heartwall 1 710 27 0.919000 0.617000  0.000024 0.000021 0.000057 0.000115 0.000060 0.000032 
4494464 heartwall 1 710 26 0.919000 0.540000  0.000027 0.000022 0.000060 0.000126 0.000066 0.000034 
4494528 heartwall 1 710 27 0.919000 1.079000  0.000024 0.000021 0.000057 0.000111 0.000060 0.000032 
4494528 heartwall 1 710 27 0.919000 0.616000  0.000022 0.000020 0.000055 0.000107 0.000056 0.000030 
4494528 heartwall 1 710 27 0.919000 1.080000  0.000057 0.000025 0.000064 0.000156 0.000073 0.000036 
4494592 heartwall 1 710 27 0.919000 0.694000  0.000037 0.000029 0.000080 0.000181 0.000084 0.000044 
4494592 heartwall 1 710 27 0.919000 0.770000  0.000036 0.000029 0.000083 0.000185 0.000093 0.000047 
4494592 heartwall 1 710 26 0.919000 0.847000  0.000030 0.000026 0.000074 0.000145 0.000076 0.000041 
4494656 heartwall 1 710 26 0.919000 0.616000  0.000029 0.000026 0.000074 0.000142 0.000077 0.000041 
4494656 heartwall 1 710 27 0.919000 0.307000  0.000034 0.000026 0.000074 0.000149 0.000077 0.000041 
4494720 heartwall 1 710 27 0.919000 0.384000  0.000029 0.000026 0.000074 0.000142 0.000076 0.000041 
4494720 heartwall 1 710 27 0.919000 0.539000  0.000032 0.000028 0.000077 0.000151 0.000082 0.000050 
4494720 heartwall 1 710 27 0.919000 0.846000  0.000007 0.000058 0.000040 0.000110 0.000000 0.000005 
4494784 heartwall 1 710 27 0.919000 0.769000  0.000030 0.000031 0.000081 0.000175 0.000083 0.000043 
4494784 heartwall 1 710 27 0.919000 0.384000  0.000008 0.000007 0.000020 0.000040 0.000025 0.000012 
4494784 heartwall 1 710 27 0.919000 0.307000  0.000008 0.000008 0.000023 0.000063 0.000029 0.000014 
4494848 heartwall 1 710 27 0.919000 0.770000  0.000223 0.000165 0.000447 0.001069 0.000425 0.000189 
4494848 heartwall 1 710 27 0.919000 0.615000  0.000030 0.000026 0.000072 0.000143 0.000074 0.000040 
4494912 heartwall 1 710 28 0.919000 0.384000  0.000028 0.000026 0.000072 0.000137 0.000075 0.000040 
4494912 heartwall 1 710 27 0.919000 0.308000  0.000029 0.000026 0.000072 0.000139 0.000076 0.000040 
4494912 heartwall 1 710 27 0.919000 0.384000  0.000032 0.000028 0.000077 0.000207 0.000093 0.000046 
4494976 heartwall 1 710 28 0.919000 0.692000  0.000040 0.000027 0.000075 0.000153 0.000077 0.000041 
4494976 heartwall 1 710 28 0.919000 0.847000  0.000028 0.000026 0.000072 0.000138 0.000074 0.000040 
4494976 heartwall 1 710 28 0.919000 0.385000  0.000028 0.000026 0.000072 0.000136 0.000074 0.000040 
4495040 heartwall 1 710 27 0.919000 0.384000  0.000029 0.000029 0.000078 0.000159 0.000079 0.000041 
4495040 heartwall 1 710 27 0.919000 0.384000  0.000231 0.000057 0.000181 0.000393 0.000161 0.000082 
4495104 heartwall 1 710 27 0.919000 0.615000  0.000030 0.000026 0.000072 0.000141 0.000074 0.000040 
4495104 heartwall 1 710 27 0.919000 0.846000  0.000030 0.000026 0.000071 0.000145 0.000074 0.000040 
4495104 heartwall 1 710 28 0.919000 0.307000  0.000028 0.000026 0.000071 0.000138 0.000074 0.000040 
4495168 heartwall 1 710 28 0.919000 0.384000  0.000029 0.000026 0.000071 0.000153 0.000078 0.000041 
4495168 heartwall 1 710 28 0.919000 0.616000  0.000039 0.000029 0.000078 0.000173 0.000086 0.000045 
4495168 heartwall 1 710 28 0.919000 0.615000  0.000030 0.000026 0.000071 0.000144 0.000074 0.000040 
4495232 heartwall 1 710 28 0.919000 0.692000  0.000027 0.000025 0.000071 0.000136 0.000073 0.000039 
4495232 heartwall 1 710 28 0.919000 0.307000  0.000028 0.000025 0.000071 0.000136 0.000073 0.000039 
4495296 heartwall 1 710 28 0.919000 0.384000  0.010608 0.036075 0.011818 0.036406 0.000001 0.000766 
4495296 heartwall 1 710 28 0.919000 0.615000  0.000035 0.000028 0.000078 0.000214 0.000090 0.000045 
4495296 heartwall 1 710 28 0.919000 0.923000  0.000028 0.000025 0.000072 0.000152 0.000075 0.000041 
4495360 heartwall 1 710 28 0.919000 0.692000  0.000027 0.000026 0.000071 0.000148 0.000078 0.000041 
4495360 heartwall 1 710 28 0.919000 0.384000  0.000027 0.000025 0.000071 0.000133 0.000073 0.000039 
4495360 heartwall 1 710 28 0.919000 0.385000  0.000032 0.000032 0.000086 0.000249 0.000091 0.000045 
4495424 heartwall 1 710 28 0.919000 0.615000  0.000028 0.000025 0.000071 0.000137 0.000073 0.000039 
4495424 heartwall 1 710 28 0.919000 1.000000  0.000028 0.000025 0.000070 0.000136 0.000073 0.000039 
4495424 heartwall 1 710 28 0.919000 0.384000  0.000029 0.000026 0.000070 0.000137 0.000074 0.000039 
4495488 heartwall 1 710 28 0.919000 0.385000  0.000102 0.000031 0.000081 0.000207 0.000081 0.000042 
4495488 heartwall 1 710 28 0.919000 0.692000  0.000038 0.000029 0.000079 0.000175 0.000104 0.000050 
4495552 heartwall 1 710 28 0.919000 0.692000  0.000029 0.000025 0.000070 0.000143 0.000072 0.000039 
4495552 heartwall 1 710 28 0.919000 0.616000  0.000028 0.000025 0.000070 0.000133 0.000073 0.000039 
4495552 heartwall 1 710 28 0.919000 0.384000  0.000027 0.000025 0.000070 0.000133 0.000072 0.000039 
4495616 heartwall 1 710 28 0.919000 0.384000  0.000027 0.000025 0.000070 0.000132 0.000071 0.000039 
4495616 heartwall 1 710 28 0.919000 0.462000  0.000211 0.000109 0.000218 0.000451 0.000192 0.000096 
4495616 heartwall 1 710 28 0.919000 1.076000  0.000097 0.000031 0.000080 0.000211 0.000082 0.000042 
4495680 heartwall 1 710 28 0.919000 0.384000  0.000027 0.000025 0.000070 0.000135 0.000072 0.000039 
4495680 heartwall 1 710 28 0.919000 0.461000  0.000028 0.000025 0.000069 0.000135 0.000072 0.000039 
4495744 heartwall 1 710 28 0.919000 0.307000  0.000045 0.000033 0.000086 0.000212 0.000092 0.000045 
4495744 heartwall 1 710 28 0.919000 0.615000  0.000038 0.000028 0.000076 0.000171 0.000084 0.000048 
4495744 heartwall 1 710 28 0.919000 1.076000  0.000031 0.000026 0.000074 0.000160 0.000074 0.000040 
4495808 heartwall 1 710 28 0.919000 0.384000  0.000027 0.000025 0.000069 0.000131 0.000071 0.000038 
4495808 heartwall 1 710 28 0.919000 0.385000  0.000027 0.000025 0.000069 0.000131 0.000072 0.000038 
4495808 heartwall 1 710 28 0.919000 0.384000  0.000040 0.000028 0.000078 0.000189 0.000084 0.000043 
4495872 heartwall 1 710 28 0.919000 0.615000  0.000027 0.000025 0.000069 0.000134 0.000071 0.000038 
4495872 heartwall 1 710 28 0.919000 0.693000  0.000027 0.000025 0.000069 0.000132 0.000071 0.000038 
4495936 heartwall 1 710 28 0.919000 0.385000  0.000027 0.000025 0.000069 0.000130 0.000071 0.000038 
4495936 heartwall 1 710 28 0.919000 0.384000  0.000027 0.000025 0.000069 0.000131 0.000071 0.000038 
4495936 heartwall 1 710 28 0.919000 0.384000  0.000034 0.000033 0.000103 0.000231 0.000102 0.000049 
4496000 heartwall 1 710 28 0.919000 0.692000  0.000030 0.000025 0.000069 0.000140 0.000071 0.000038 
4496000 heartwall 1 710 28 0.919000 0.693000  0.000027 0.000025 0.000068 0.000132 0.000071 0.000038 
4496000 heartwall 1 710 28 0.919000 0.384000  0.000027 0.000025 0.000068 0.000132 0.000071 0.000038 
4496064 heartwall 1 710 28 0.919000 0.538000  0.000028 0.000024 0.000068 0.000135 0.000070 0.000038 
4496064 heartwall 1 710 28 0.919000 0.616000  0.000214 0.000152 0.000416 0.000969 0.000456 0.000207 
4496128 heartwall 1 710 28 0.919000 0.692000  0.000028 0.000024 0.000068 0.000132 0.000069 0.000038 
4496128 heartwall 1 710 28 0.919000 0.384000  0.000027 0.000024 0.000068 0.000130 0.000070 0.000038 
4496128 heartwall 1 710 28 0.919000 0.307000  0.000027 0.000024 0.000068 0.000129 0.000070 0.000038 
4496192 heartwall 1 710 28 0.919000 0.384000  0.000029 0.000026 0.000072 0.000229 0.000096 0.000047 
4496192 heartwall 1 710 28 0.919000 0.615000  0.051480 0.143171 0.053390 0.143214 0.000006 0.003591 
4496192 heartwall 1 710 28 0.919000 0.846000  0.000028 0.000024 0.000068 0.000130 0.000070 0.000037 
4496256 heartwall 1 710 28 0.919000 0.462000  0.000027 0.000024 0.000068 0.000130 0.000070 0.000038 
4496256 heartwall 1 710 28 0.919000 0.384000  0.000026 0.000024 0.000068 0.000128 0.000070 0.000038 
4496320 heartwall 1 710 28 0.919000 0.693000  0.000208 0.000151 0.000411 0.000941 0.000397 0.000188 
4496320 heartwall 1 710 28 0.919000 0.615000  0.000006 0.000056 0.000033 0.000101 0.000000 0.000004 
4496320 heartwall 1 710 28 0.919000 0.769000  0.000027 0.000024 0.000067 0.000156 0.000077 0.000039 
4496384 heartwall 1 710 28 0.919000 0.384000  0.000026 0.000024 0.000067 0.000127 0.000069 0.000037 
4496384 heartwall 1 710 28 0.919000 0.307000  0.000027 0.000025 0.000070 0.000147 0.000077 0.000040 
4496384 heartwall 1 710 28 0.919000 0.846000  0.000038 0.000027 0.000073 0.000165 0.000080 0.000041 
4496448 heartwall 1 710 28 0.919000 0.845000  0.000028 0.000024 0.000067 0.000157 0.000073 0.000038 
4496448 heartwall 1 710 28 0.919000 0.384000  0.000026 0.000024 0.000067 0.000146 0.000075 0.000039 
4496512 heartwall 1 710 28 0.919000 0.461000  0.000026 0.000024 0.000066 0.000126 0.000068 0.000037 
4496512 heartwall 1 710 28 0.919000 0.384000  0.000035 0.000027 0.000073 0.000159 0.000085 0.000043 
4496512 heartwall 1 710 28 0.919000 0.768000  0.000034 0.000026 0.000072 0.000154 0.000080 0.000040 
4496576 heartwall 1 710 28 0.919000 1.000000  0.000027 0.000024 0.000066 0.000128 0.000068 0.000037 
4496576 heartwall 1 710 28 0.919000 0.384000  0.000025 0.000024 0.000066 0.000123 0.000068 0.000037 
4496576 heartwall 1 710 28 0.919000 0.692000  0.000025 0.000024 0.000066 0.000125 0.000068 0.000037 
4496640 heartwall 1 710 28 0.919000 0.385000  0.000037 0.000028 0.000074 0.000161 0.000081 0.000041 
4496640 heartwall 1 710 28 0.919000 0.461000  0.055139 0.011937 0.024786 0.055260 0.014803 0.006093 
4496704 heartwall 1 710 28 0.919000 1.155000  0.000026 0.000024 0.000066 0.000127 0.000068 0.000037 
4496704 heartwall 1 710 28 0.919000 0.308000  0.000026 0.000025 0.000070 0.000154 0.000071 0.000038 
4496704 heartwall 1 710 28 0.919000 0.615000  0.000025 0.000024 0.000066 0.000125 0.000068 0.000037 
4496768 heartwall 1 710 28 0.919000 0.616000  0.000034 0.000028 0.000073 0.000157 0.000080 0.000041 
4496768 heartwall 1 710 28 0.919000 0.616000  0.000027 0.000023 0.000065 0.000131 0.000070 0.000037 
