#Timestamp	Benchmark	Run(#)	CPU Frequency (MHz)	CPU Temperature(C)	CPU Voltage(V)	CPU Power(W)	CPU_CYCLES	L1_DATA_CACHE_ACCESS	INSTRUCTIONS_RETIRED	BUS_CYCLES	L1I_CACHE_ACCESS	PREDICTABLE_BRANCH_SPECULATIVELY_EXECUTED
6619776 b+tree 1 1734 29 1.226000 1.927000  0.000029 0.000005 0.000014 0.000049 0.000016 0.000008 
6619776 b+tree 1 1734 29 1.226000 1.774000  0.000004 0.000004 0.000012 0.000024 0.000014 0.000007 
6619840 b+tree 1 1734 28 1.226000 1.389000  0.000006 0.000004 0.000012 0.000025 0.000015 0.000007 
6619840 b+tree 1 1734 28 1.226000 1.698000  0.000019 0.000016 0.000057 0.000123 0.000067 0.000033 
6619840 b+tree 1 1734 28 1.226000 1.852000  0.000018 0.000015 0.000043 0.000084 0.000044 0.000024 
6619904 b+tree 1 1734 28 1.226000 0.539000  0.000016 0.000015 0.000043 0.000080 0.000043 0.000024 
6619904 b+tree 1 1734 27 1.226000 0.539000  0.000017 0.000015 0.000043 0.000083 0.000044 0.000024 
6619904 b+tree 1 1734 27 1.226000 0.847000  0.000023 0.000016 0.000046 0.000108 0.000049 0.000025 
6619968 b+tree 1 1734 28 1.226000 1.695000  0.000004 0.000004 0.000012 0.000024 0.000014 0.000007 
6619968 b+tree 1 1734 29 1.226000 1.695000  0.000005 0.000004 0.000012 0.000024 0.000014 0.000007 
6619968 b+tree 1 1734 29 1.226000 1.773000  0.000127 0.000095 0.000209 0.000376 0.000168 0.000077 
6620032 b+tree 1 1734 30 1.226000 2.772000  0.000020 0.000016 0.000045 0.000100 0.000049 0.000025 
6620032 b+tree 1 1734 30 1.226000 1.773000  0.000018 0.000016 0.000043 0.000098 0.000045 0.000024 
6620032 b+tree 1 1734 30 1.226000 2.852000  0.000019 0.000016 0.000044 0.000087 0.000047 0.000025 
6620096 b+tree 1 1734 30 1.226000 1.695000  0.000020 0.000016 0.000045 0.000094 0.000049 0.000025 
6620096 b+tree 1 1734 30 1.226000 1.850000  0.000019 0.000016 0.000056 0.000116 0.000065 0.000032 
6620096 b+tree 1 1734 30 1.226000 2.849000  0.000018 0.000016 0.000044 0.000086 0.000046 0.000024 
6620160 b+tree 1 1734 30 1.226000 1.773000  0.000019 0.000016 0.000044 0.000087 0.000047 0.000024 
6620160 b+tree 1 1734 30 1.226000 1.773000  0.000017 0.000016 0.000043 0.000085 0.000046 0.000024 
6620160 b+tree 1 1734 30 1.226000 2.852000  0.000021 0.000017 0.000045 0.000102 0.000074 0.000035 
6620224 b+tree 1 1734 30 1.226000 2.853000  0.000023 0.000016 0.000044 0.000091 0.000045 0.000024 
6620224 b+tree 1 1734 30 1.226000 2.618000  0.000023 0.000017 0.000046 0.000103 0.000050 0.000026 
6620224 b+tree 1 1734 30 1.226000 1.850000  0.000019 0.000016 0.000043 0.000087 0.000046 0.000024 
6620288 b+tree 1 1734 30 1.226000 1.773000  0.000020 0.000017 0.000046 0.000096 0.000051 0.000026 
6620288 b+tree 1 1734 30 1.226000 1.925000  0.000020 0.000016 0.000045 0.000099 0.000049 0.000025 
6620352 b+tree 1 1734 30 1.226000 1.773000  0.000017 0.000015 0.000048 0.000117 0.000047 0.000025 
6620352 b+tree 1 1734 30 1.226000 2.619000  0.000020 0.000016 0.000044 0.000100 0.000051 0.000026 
6620352 b+tree 1 1734 30 1.226000 1.773000  0.000018 0.000016 0.000043 0.000087 0.000045 0.000024 
6620416 b+tree 1 1734 30 1.226000 1.850000  0.000017 0.000016 0.000043 0.000085 0.000046 0.000024 
6620416 b+tree 1 1734 30 1.226000 2.849000  0.000018 0.000016 0.000043 0.000085 0.000045 0.000024 
6620416 b+tree 1 1734 30 1.226000 1.850000  0.000017 0.000015 0.000041 0.000080 0.000043 0.000023 
6620480 b+tree 1 1734 30 1.226000 2.618000  0.000023 0.000017 0.000046 0.000107 0.000051 0.000026 
6620480 b+tree 1 1734 30 1.226000 1.850000  0.000018 0.000015 0.000043 0.000088 0.000045 0.000024 
6620480 b+tree 1 1734 30 1.226000 1.773000  0.000021 0.000016 0.000045 0.000100 0.000048 0.000025 
6620544 b+tree 1 1734 30 1.226000 1.772000  0.000018 0.000015 0.000042 0.000084 0.000045 0.000024 
6620544 b+tree 1 1734 30 1.226000 1.773000  0.000017 0.000015 0.000041 0.000081 0.000043 0.000023 
6620544 b+tree 1 1734 30 1.226000 2.158000  0.000020 0.000016 0.000044 0.000098 0.000048 0.000025 
6620608 b+tree 1 1734 30 1.226000 1.773000  0.000017 0.000015 0.000042 0.000085 0.000045 0.000024 
6620608 b+tree 1 1734 30 1.226000 1.771000  0.000023 0.000017 0.000045 0.000101 0.000048 0.000025 
6620608 b+tree 1 1734 30 1.226000 2.848000  0.000018 0.000015 0.000042 0.000084 0.000045 0.000024 
6620672 b+tree 1 1734 30 1.226000 1.850000  0.000017 0.000015 0.000041 0.000080 0.000042 0.000023 
6620672 b+tree 1 1734 30 1.226000 2.539000  0.000021 0.000016 0.000044 0.000096 0.000048 0.000025 
6620672 b+tree 1 1734 30 1.226000 1.849000  0.000017 0.000015 0.000042 0.000082 0.000044 0.000024 
6620736 b+tree 1 1734 30 1.226000 2.235000  0.000020 0.000016 0.000045 0.000098 0.000048 0.000025 
6620736 b+tree 1 1734 30 1.226000 1.925000  0.000018 0.000015 0.000042 0.000083 0.000045 0.000024 
6620736 b+tree 1 1734 30 1.226000 1.850000  0.000017 0.000014 0.000040 0.000079 0.000041 0.000022 
6620800 b+tree 1 1734 30 1.226000 2.158000  0.000022 0.000017 0.000045 0.000100 0.000051 0.000026 
6620800 b+tree 1 1734 30 1.226000 1.696000  0.000017 0.000015 0.000042 0.000086 0.000044 0.000023 
6620800 b+tree 1 1734 30 1.226000 1.773000  0.000019 0.000016 0.000044 0.000103 0.000049 0.000025 
6620864 b+tree 1 1734 30 1.226000 3.541000  0.000018 0.000015 0.000042 0.000083 0.000044 0.000023 
6620864 b+tree 1 1734 30 1.226000 1.773000  0.760189 0.153857 0.322268 0.760576 0.176988 0.075247 
6620928 b+tree 1 1734 30 1.226000 2.772000  0.000677 0.000094 0.000177 0.000904 0.000146 0.000061 
6620928 b+tree 1 1734 30 1.226000 1.772000  0.000019 0.000015 0.000043 0.000096 0.000047 0.000024 
6620928 b+tree 1 1734 30 1.226000 1.696000  0.000017 0.000014 0.000040 0.000078 0.000041 0.000022 
6620992 b+tree 1 1734 30 1.226000 1.927000  0.000020 0.000016 0.000044 0.000096 0.000047 0.000024 
6620992 b+tree 1 1734 30 1.226000 1.695000  0.000018 0.000015 0.000042 0.000084 0.000044 0.000023 
6620992 b+tree 1 1734 30 1.226000 2.005000  0.000017 0.000022 0.000054 0.000112 0.000062 0.000030 
6621056 b+tree 1 1734 30 1.226000 2.619000  0.000019 0.000015 0.000043 0.000098 0.000048 0.000024 
6621056 b+tree 1 1734 30 1.226000 1.773000  0.000017 0.000014 0.000040 0.000080 0.000041 0.000022 
6621056 b+tree 1 1734 30 1.226000 2.695000  0.000022 0.000016 0.000044 0.000099 0.000051 0.000026 
6621120 b+tree 1 1734 30 1.226000 1.849000  0.000018 0.000015 0.000041 0.000084 0.000044 0.000023 
6621120 b+tree 1 1734 30 1.226000 1.850000  0.000017 0.000022 0.000053 0.000115 0.000062 0.000030 
6621120 b+tree 1 1734 30 1.226000 1.773000  0.000022 0.000016 0.000044 0.000100 0.000048 0.000024 
6621184 b+tree 1 1734 30 1.226000 1.850000  0.000016 0.000014 0.000040 0.000077 0.000041 0.000022 
6621184 b+tree 1 1734 30 1.226000 2.928000  0.000019 0.000015 0.000042 0.000094 0.000047 0.000024 
6621184 b+tree 1 1734 30 1.226000 1.850000  0.000017 0.000015 0.000041 0.000083 0.000043 0.000023 
6621248 b+tree 1 1734 30 1.226000 2.236000  0.000017 0.000015 0.000041 0.000085 0.000046 0.000024 
6621248 b+tree 1 1734 30 1.226000 3.160000  0.000019 0.000016 0.000043 0.000093 0.000046 0.000024 
6621248 b+tree 1 1734 30 1.226000 1.927000  0.000017 0.000014 0.000039 0.000079 0.000041 0.000022 
6621312 b+tree 1 1734 30 1.226000 2.465000  0.000016 0.000022 0.000053 0.000135 0.000061 0.000033 
6621312 b+tree 1 1734 30 1.226000 1.773000  0.000132 0.000088 0.000217 0.000439 0.000171 0.000082 
6621376 b+tree 1 1734 30 1.226000 1.695000  0.000016 0.000015 0.000053 0.000110 0.000052 0.000030 
6621376 b+tree 1 1734 30 1.226000 2.541000  0.000020 0.000015 0.000042 0.000095 0.000047 0.000024 
6621376 b+tree 1 1734 30 1.226000 1.850000  0.000017 0.000015 0.000040 0.000083 0.000043 0.000023 
6621440 b+tree 1 1734 30 1.226000 1.773000  0.000017 0.000015 0.000041 0.000080 0.000043 0.000023 
6621440 b+tree 1 1734 30 1.226000 1.848000  0.000018 0.000015 0.000040 0.000081 0.000043 0.000023 
6621440 b+tree 1 1734 30 1.226000 1.773000  0.000016 0.000014 0.000039 0.000076 0.000040 0.000022 
6621504 b+tree 1 1734 30 1.226000 1.927000  0.000020 0.000015 0.000041 0.000098 0.000046 0.000025 
6621504 b+tree 1 1734 30 1.226000 1.773000  0.000017 0.000015 0.000040 0.000080 0.000043 0.000023 
6621504 b+tree 1 1734 30 1.226000 1.773000  0.000016 0.000015 0.000040 0.000078 0.000043 0.000023 
6621568 b+tree 1 1734 30 1.226000 2.848000  0.000017 0.000015 0.000040 0.000080 0.000043 0.000022 
6621568 b+tree 1 1734 30 1.226000 1.850000  0.000016 0.000014 0.000039 0.000076 0.000040 0.000021 
6621568 b+tree 1 1734 30 1.226000 2.462000  0.000018 0.000015 0.000041 0.000090 0.000045 0.000023 
6621632 b+tree 1 1734 30 1.226000 1.773000  0.000017 0.000015 0.000040 0.000082 0.000042 0.000022 
6621632 b+tree 1 1734 30 1.226000 1.927000  0.000017 0.000015 0.000040 0.000080 0.000043 0.000022 
6621632 b+tree 1 1734 30 1.226000 1.925000  0.000018 0.000015 0.000041 0.000091 0.000045 0.000023 
6621696 b+tree 1 1734 30 1.226000 1.927000  0.000016 0.000014 0.000038 0.000076 0.000039 0.000021 
6621696 b+tree 1 1734 30 1.226000 2.389000  0.000018 0.000014 0.000040 0.000087 0.000044 0.000023 
6621760 b+tree 1 1734 30 1.226000 1.773000  0.000024 0.000014 0.000039 0.000084 0.000040 0.000021 
6621760 b+tree 1 1734 30 1.226000 2.004000  0.000019 0.000015 0.000042 0.000091 0.000045 0.000023 
6621760 b+tree 1 1734 30 1.226000 3.160000  0.000018 0.000015 0.000041 0.000089 0.000044 0.000023 
6621824 b+tree 1 1734 30 1.226000 2.776000  0.000018 0.000015 0.000041 0.000090 0.000044 0.000023 
6621824 b+tree 1 1734 30 1.226000 2.542000  0.000018 0.000015 0.000041 0.000091 0.000044 0.000023 
6621824 b+tree 1 1734 30 1.226000 1.773000  0.000021 0.000015 0.000042 0.000094 0.000045 0.000023 
6621888 b+tree 1 1734 30 1.226000 1.695000  0.000021 0.000015 0.000042 0.000093 0.000046 0.000023 
6621888 b+tree 1 1734 30 1.226000 1.927000  0.000018 0.000014 0.000040 0.000081 0.000043 0.000022 
6621888 b+tree 1 1734 30 1.226000 1.773000  0.000016 0.000014 0.000788 0.000570 0.000323 0.000186 
6621952 b+tree 1 1734 30 1.226000 2.541000  0.000016 0.000014 0.000038 0.000078 0.000041 0.000022 
6621952 b+tree 1 1734 30 1.226000 1.773000  0.000017 0.000014 0.000039 0.000079 0.000042 0.000022 
6621952 b+tree 1 1734 30 1.226000 1.773000  0.000016 0.000014 0.000051 0.000106 0.000058 0.000029 
6622016 b+tree 1 1734 30 1.226000 3.160000  0.000017 0.000014 0.000039 0.000079 0.000042 0.000022 
6622016 b+tree 1 1734 30 1.226000 1.850000  0.000016 0.000013 0.000038 0.000074 0.000039 0.000021 
6622016 b+tree 1 1734 30 1.226000 2.003000  0.000016 0.000014 0.000039 0.000077 0.000041 0.000022 
6622080 b+tree 1 1734 30 1.226000 1.773000  0.000017 0.000014 0.000039 0.000080 0.000042 0.000022 
6622080 b+tree 1 1734 30 1.226000 1.695000  0.000016 0.000014 0.000039 0.000077 0.000041 0.000022 
6622080 b+tree 1 1734 30 1.226000 2.694000  0.000016 0.000014 0.000039 0.000079 0.000042 0.000022 
6622144 b+tree 1 1734 29 1.226000 1.773000  0.000016 0.000013 0.000037 0.000074 0.000039 0.000021 
6622144 b+tree 1 1734 29 1.226000 2.541000  0.000020 0.000014 0.000040 0.000087 0.000043 0.000022 
6622144 b+tree 1 1734 29 1.226000 1.773000  0.000016 0.000014 0.000038 0.000077 0.000041 0.000022 
6622208 b+tree 1 1734 29 1.226000 1.773000  0.000027 0.000016 0.000042 0.000096 0.000045 0.000023 
6622208 b+tree 1 1734 28 1.226000 2.928000  0.000018 0.000014 0.000039 0.000087 0.000043 0.000022 
6622272 b+tree 1 1734 28 1.226000 1.927000  0.000015 0.000013 0.000037 0.000072 0.000037 0.000020 
6622272 b+tree 1 1734 29 1.226000 2.466000  0.000021 0.000015 0.000041 0.000094 0.000044 0.000023 
6622272 b+tree 1 1734 29 1.226000 1.850000  0.030334 0.024409 0.067178 0.139393 0.071645 0.037723 
6622336 b+tree 1 1734 30 1.226000 1.850000  0.003492 0.002643 0.007274 0.015854 0.007995 0.004152 
6622336 b+tree 1 1734 30 1.226000 2.695000  0.001643 0.001337 0.003741 0.008068 0.004025 0.002101 
6622336 b+tree 1 1734 30 1.226000 1.695000  0.001050 0.000861 0.002405 0.005289 0.002461 0.001345 
6622400 b+tree 1 1734 30 1.226000 2.081000  0.000807 0.001037 0.002530 0.006109 0.002903 0.001601 
6622400 b+tree 1 1734 30 1.226000 1.850000  0.000717 0.000566 0.001583 0.003557 0.001717 0.000889 
6622400 b+tree 1 1734 30 1.226000 2.159000  0.000640 0.000483 0.001340 0.002982 0.001455 0.000747 
6622464 b+tree 1 1734 30 1.226000 2.925000  0.000499 0.000423 0.001139 0.002598 0.001275 0.000657 
6622464 b+tree 1 1734 30 1.226000 1.695000  0.000439 0.000353 0.000963 0.002382 0.001013 0.000532 
6622464 b+tree 1 1734 30 1.226000 1.772000  0.000445 0.000335 0.000917 0.001985 0.000983 0.000507 
6622528 b+tree 1 1734 29 1.226000 1.773000  0.000398 0.000314 0.000871 0.001923 0.000949 0.000497 
6622528 b+tree 1 1734 29 1.226000 1.773000  0.000394 0.000307 0.000863 0.001915 0.000961 0.000498 
6622528 b+tree 1 1734 30 1.226000 2.235000  0.000437 0.000311 0.000858 0.002006 0.000927 0.000480 
6622592 b+tree 1 1734 29 1.226000 1.156000  0.000330 0.000295 0.000835 0.001820 0.000901 0.000464 
6622592 b+tree 1 1734 29 1.226000 1.155000  0.000396 0.000305 0.000851 0.001972 0.000945 0.000482 
6622592 b+tree 1 1734 29 1.226000 2.311000  0.000356 0.000282 0.000794 0.001788 0.000864 0.000451 
6622656 b+tree 1 1734 29 1.226000 1.157000  0.000363 0.000291 0.000775 0.001567 0.000796 0.000421 
6622656 b+tree 1 1734 29 1.226000 1.772000  0.000387 0.000284 0.000765 0.001699 0.000835 0.000428 
6622656 b+tree 1 1734 29 1.226000 1.156000  0.000329 0.000261 0.000732 0.001637 0.000799 0.000419 
6622720 b+tree 1 1734 28 1.226000 1.310000  0.000315 0.000258 0.000725 0.001565 0.000786 0.000409 
6622720 b+tree 1 1734 28 1.226000 1.156000  0.000326 0.000256 0.000724 0.001661 0.000792 0.000405 
6622784 b+tree 1 1734 28 1.226000 1.157000  0.000269 0.000234 0.000656 0.001298 0.000669 0.000363 
6622784 b+tree 1 1734 28 1.226000 1.618000  0.000354 0.000264 0.000713 0.001559 0.000793 0.000403 
6622784 b+tree 1 1734 28 1.226000 1.388000  0.000343 0.000483 0.001075 0.003791 0.001142 0.000501 
6622848 b+tree 1 1734 28 1.226000 1.157000  0.000297 0.000236 0.000655 0.001446 0.000715 0.000373 
6622848 b+tree 1 1734 28 1.226000 2.234000  0.000301 0.000237 0.000654 0.001501 0.000726 0.000374 
6622848 b+tree 1 1734 28 1.226000 1.386000  0.000248 0.000217 0.000605 0.001184 0.000621 0.000336 
6622912 b+tree 1 1734 28 1.226000 1.772000  0.000325 0.000264 0.000678 0.001620 0.000735 0.000369 
6622912 b+tree 1 1734 28 1.226000 1.156000  0.000250 0.000218 0.000595 0.001177 0.000632 0.000336 
6622912 b+tree 1 1734 28 1.226000 1.233000  0.000236 0.000210 0.000579 0.001136 0.000612 0.000325 
6622976 b+tree 1 1734 28 1.226000 1.849000  0.000239 0.000203 0.000559 0.001104 0.000594 0.000313 
6622976 b+tree 1 1734 28 1.226000 1.156000  0.000228 0.000193 0.000532 0.001071 0.000558 0.000298 
6622976 b+tree 1 1734 28 1.226000 2.003000  0.000225 0.000196 0.000541 0.001075 0.000575 0.000303 
6623040 b+tree 1 1734 28 1.226000 1.156000  0.000232 0.000196 0.000535 0.001058 0.000570 0.000300 
6623040 b+tree 1 1734 28 1.226000 1.157000  0.000215 0.000189 0.000516 0.001030 0.000555 0.000291 
6623040 b+tree 1 1734 28 1.226000 2.159000  0.000270 0.000192 0.000527 0.001231 0.000597 0.000298 
6623104 b+tree 1 1734 28 1.226000 1.156000  0.000190 0.000190 0.000510 0.001085 0.000515 0.000273 
6623104 b+tree 1 1734 28 1.226000 1.695000  0.000258 0.000193 0.000531 0.001228 0.000584 0.000296 
6623104 b+tree 1 1734 28 1.226000 1.155000  0.000202 0.000177 0.000484 0.000968 0.000515 0.000271 
6623168 b+tree 1 1734 28 1.226000 1.233000  0.000207 0.000175 0.000478 0.000955 0.000511 0.000269 
6623168 b+tree 1 1734 28 1.226000 1.850000  0.000225 0.000176 0.000481 0.001104 0.000525 0.000270 
6623168 b+tree 1 1734 28 1.226000 1.157000  0.000191 0.000159 0.000442 0.000922 0.000455 0.000246 
6623232 b+tree 1 1734 28 1.226000 2.005000  0.000232 0.000173 0.000467 0.001022 0.000502 0.000260 
6623232 b+tree 1 1734 28 1.226000 1.156000  0.000195 0.000159 0.000442 0.000905 0.000466 0.000246 
6623232 b+tree 1 1734 28 1.226000 1.155000  0.000181 0.000159 0.000437 0.000867 0.000461 0.000245 
6623296 b+tree 1 1734 28 1.226000 1.463000  0.000184 0.000156 0.000426 0.000848 0.000455 0.000239 
6623296 b+tree 1 1734 28 1.226000 1.310000  0.000168 0.000154 0.000422 0.000823 0.000445 0.000237 
6623360 b+tree 1 1734 28 1.226000 1.926000  0.000170 0.000149 0.000411 0.000810 0.000436 0.000230 
6623360 b+tree 1 1734 28 1.226000 1.156000  0.000219 0.000161 0.000432 0.000972 0.000474 0.000241 
6623360 b+tree 1 1734 28 1.226000 1.156000  0.000220 0.000156 0.000421 0.000941 0.000457 0.000236 
6623424 b+tree 1 1734 28 1.226000 2.005000  0.000171 0.000144 0.000393 0.000777 0.000420 0.000220 
6623424 b+tree 1 1734 28 1.226000 1.157000  0.000199 0.000148 0.000396 0.000801 0.000404 0.000214 
6623424 b+tree 1 1734 28 1.226000 1.850000  0.000158 0.000140 0.000385 0.000768 0.000407 0.000216 
6623488 b+tree 1 1734 28 1.226000 1.385000  0.000166 0.000139 0.000381 0.000768 0.000405 0.000213 
6623488 b+tree 1 1734 28 1.226000 1.155000  0.000154 0.000137 0.000378 0.000746 0.000402 0.000212 
6623488 b+tree 1 1734 28 1.226000 1.156000  0.000163 0.000135 0.000369 0.000744 0.000392 0.000207 
6623552 b+tree 1 1734 28 1.226000 1.156000  0.000143 0.000127 0.000353 0.000679 0.000365 0.000196 
6623552 b+tree 1 1734 28 1.226000 1.541000  0.000156 0.000136 0.000367 0.000836 0.000406 0.000209 
6623552 b+tree 1 1734 28 1.226000 1.156000  0.000151 0.000130 0.000356 0.000725 0.000377 0.000201 
6623616 b+tree 1 1734 28 1.226000 1.156000  0.000168 0.000132 0.000366 0.000836 0.000408 0.000208 
6623616 b+tree 1 1734 28 1.226000 2.002000  0.000171 0.000129 0.000362 0.000811 0.000395 0.000204 
6623616 b+tree 1 1734 28 1.226000 1.465000  0.000446 0.000129 0.000352 0.000983 0.000361 0.000189 
6623680 b+tree 1 1734 28 1.226000 1.848000  0.000138 0.000123 0.000337 0.000664 0.000359 0.000189 
6623680 b+tree 1 1734 28 1.226000 1.156000  0.000140 0.000115 0.000321 0.000667 0.000333 0.000178 
6623680 b+tree 1 1734 28 1.226000 2.079000  0.000154 0.000121 0.000343 0.000756 0.000375 0.000192 
6623744 b+tree 1 1734 28 1.226000 1.157000  0.000154 0.000119 0.000341 0.000751 0.000367 0.000192 
6623744 b+tree 1 1734 28 1.226000 1.232000  0.000150 0.000121 0.000344 0.000762 0.000371 0.000190 
6623744 b+tree 1 1734 28 1.226000 1.696000  0.000170 0.000122 0.000341 0.000776 0.000371 0.000190 
6623808 b+tree 1 1734 28 1.226000 1.387000  0.000141 0.000111 0.000308 0.000632 0.000320 0.000172 
6623808 b+tree 1 1734 28 1.226000 1.695000  0.000155 0.000120 0.000329 0.000726 0.000355 0.000183 
6623808 b+tree 1 1734 28 1.226000 1.156000  0.000129 0.000111 0.000316 0.000689 0.000344 0.000180 
6623872 b+tree 1 1734 28 1.226000 1.233000  0.000146 0.000116 0.000320 0.000689 0.000341 0.000178 
6623872 b+tree 1 1734 28 1.226000 1.773000  0.000132 0.000112 0.000307 0.000605 0.000324 0.000172 
6623936 b+tree 1 1734 28 1.226000 1.156000  0.000129 0.000105 0.000293 0.000587 0.000307 0.000166 
6623936 b+tree 1 1734 28 1.226000 1.156000  0.000181 0.000115 0.000338 0.001047 0.000369 0.000185 
6623936 b+tree 1 1734 28 1.226000 1.773000  -0.827778 0.185383 0.388964 -0.827641 0.211200 0.090333 
6624000 b+tree 1 1734 29 1.226000 1.773000  0.000137 0.000111 0.000317 0.000686 0.000349 0.000178 
6624000 b+tree 1 1734 29 1.226000 2.851000  0.000902 0.000627 0.001711 0.004201 0.001955 0.000948 
6624000 b+tree 1 1734 29 1.226000 1.079000  0.000118 0.000098 0.000274 0.000536 0.000283 0.000151 
6624064 b+tree 1 1734 29 1.226000 1.618000  0.000035 0.000026 0.000073 0.000156 0.000093 0.000046 
6624064 b+tree 1 1734 29 1.226000 2.004000  0.000056 0.000025 0.000073 0.000180 0.000093 0.000045 
