#Timestamp	Benchmark	Run(#)	CPU Frequency (MHz)	CPU Temperature(C)	CPU Voltage(V)	CPU Power(W)	CPU_CYCLES	L1_DATA_CACHE_ACCESS	INSTRUCTIONS_RETIRED	BUS_CYCLES	L1I_CACHE_ACCESS	PREDICTABLE_BRANCH_SPECULATIVELY_EXECUTED
5754112 myocyte 1 1224 27 1.072000 0.308000  0.000021 0.000019 0.000053 0.000133 0.000062 0.000032 
5754112 myocyte 1 1224 27 1.072000 1.311000  0.000022 0.000019 0.000052 0.000103 0.000056 0.000029 
5754176 myocyte 1 1224 28 1.072000 0.925000  0.000028 0.000020 0.000054 0.000128 0.000062 0.000033 
5754176 myocyte 1 1224 28 1.072000 0.694000  0.000028 0.000020 0.000054 0.000128 0.000061 0.000032 
5754176 myocyte 1 1224 27 1.072000 1.309000  0.000005 0.000016 0.000034 0.000209 0.000045 0.000026 
5754240 myocyte 1 1224 28 1.072000 1.156000  0.000005 0.000017 0.000035 0.000196 0.000046 0.000019 
5754240 myocyte 1 1224 28 1.072000 1.079000  0.000005 0.000016 0.000034 0.000116 0.000044 0.000019 
5754304 myocyte 1 1224 28 1.072000 1.463000  0.000007 0.000008 0.000020 0.000124 0.000032 0.001183 
5754304 myocyte 1 1224 28 1.072000 1.079000  -14.753670 15.855883 2.411413 -14.718087 25.507969 16.272528 
5754304 myocyte 1 1224 27 1.072000 1.156000  0.000021 0.000006 0.000019 0.000059 0.000021 0.000012 
5754368 myocyte 1 1224 27 1.072000 1.387000  0.000006 0.000005 0.000013 0.000027 0.000016 0.000008 
5754368 myocyte 1 1224 27 1.072000 1.002000  0.000007 0.000005 0.000013 0.000031 0.000016 0.000008 
5754368 myocyte 1 1224 27 1.072000 1.310000  0.000005 0.000006 0.000016 0.000043 0.000025 0.000011 
5754432 myocyte 1 1224 27 1.072000 1.079000  0.000021 0.000006 0.000016 0.000043 0.000026 0.000012 
5754432 myocyte 1 1224 28 1.072000 1.079000  0.000021 0.000006 0.000016 0.000098 0.000025 0.000012 
5754496 myocyte 1 1224 28 1.072000 1.232000  0.000005 0.000006 0.000016 0.000035 0.000020 0.000010 
5754496 myocyte 1 1224 27 1.072000 1.079000  0.000005 0.000006 0.000016 0.000042 0.000025 0.000011 
5754496 myocyte 1 1224 27 1.072000 1.541000  0.000005 0.000010 0.000026 0.000098 0.000025 0.000014 
5754560 myocyte 1 1224 27 1.072000 1.156000  0.000006 0.000004 0.000013 0.000083 0.000023 0.000011 
5754560 myocyte 1 1224 28 1.072000 1.079000  0.000004 0.000004 0.000023 0.000080 0.000025 0.000011 
5754560 myocyte 1 1224 28 1.072000 1.078000  0.000005 0.000004 0.000024 0.000082 0.000025 0.000011 
5754624 myocyte 1 1224 27 1.072000 1.310000  0.000005 0.000006 0.000016 0.000043 0.000018 0.000009 
5754624 myocyte 1 1224 27 1.072000 1.079000  0.000005 0.000006 0.000015 0.000041 0.000019 0.000009 
5754624 myocyte 1 1224 27 1.072000 1.850000  0.000006 0.000004 0.000012 0.000028 0.000015 0.000008 
5754688 myocyte 1 1224 27 1.072000 1.079000  0.000005 0.000004 0.000015 0.000041 0.000018 0.000011 
5754688 myocyte 1 1224 28 1.072000 1.233000  0.000020 0.000006 0.000015 0.000148 0.000029 0.000014 
5754688 myocyte 1 1224 28 1.072000 1.079000  0.000005 0.000007 0.000018 0.000112 0.000026 0.000012 
5754752 myocyte 1 1224 28 1.072000 1.079000  0.000004 0.000006 0.000015 0.000092 0.000023 0.000012 
5754752 myocyte 1 1224 28 1.072000 1.079000  0.000005 0.000006 0.000015 0.000055 0.000024 0.000011 
5754816 myocyte 1 1224 28 1.072000 1.464000  0.000005 0.000009 0.000025 0.000093 0.000023 0.000013 
5754816 myocyte 1 1224 28 1.072000 1.233000  0.000005 0.000004 0.000022 0.000079 0.000024 0.000011 
5754816 myocyte 1 1224 28 1.072000 1.079000  0.000007 0.000004 0.000012 0.000056 0.000019 0.000009 
5754880 myocyte 1 1224 28 1.072000 1.156000  0.000005 0.000006 0.000015 0.000039 0.000023 0.000011 
5754880 myocyte 1 1224 28 1.072000 1.850000  0.000006 0.000004 0.000012 0.000027 0.000015 0.000007 
5754880 myocyte 1 1224 28 1.072000 1.079000  0.000005 0.000004 0.000012 0.000077 0.000023 0.000011 
5754944 myocyte 1 1224 28 1.072000 1.540000  0.000005 0.000006 0.000015 0.000038 0.000023 0.000010 
5754944 myocyte 1 1224 28 1.072000 1.310000  0.000005 0.000004 0.000022 0.000079 0.000023 0.000011 
5754944 myocyte 1 1224 27 1.072000 1.464000  0.000005 0.000009 0.000024 0.000090 0.000023 0.000013 
5755008 myocyte 1 1224 27 1.072000 1.233000  0.000020 0.000006 0.000015 0.000092 0.000023 0.000011 
5755008 myocyte 1 1224 27 1.072000 1.156000  0.000005 0.000006 0.000015 0.000038 0.000023 0.000010 
5755008 myocyte 1 1224 27 1.072000 1.618000  0.000019 0.000006 0.000014 0.000097 0.000026 0.000012 
5755072 myocyte 1 1224 28 1.072000 1.233000  0.000007 0.000004 0.000012 0.000028 0.000014 0.000007 
5755072 myocyte 1 1224 27 1.072000 1.464000  0.000005 0.000004 0.000021 0.000074 0.000022 0.000010 
5755136 myocyte 1 1224 27 1.072000 1.233000  0.000006 0.000004 0.000012 0.000028 0.000015 0.000007 
5755136 myocyte 1 1224 27 1.072000 1.002000  0.000004 0.000004 0.000011 0.000022 0.000014 0.000007 
5755136 myocyte 1 1224 27 1.072000 1.464000  0.000019 0.000005 0.000014 0.000087 0.000024 0.000011 
5755200 myocyte 1 1224 27 1.072000 1.079000  0.000005 0.000004 0.000011 0.000037 0.000022 0.000010 
5755200 myocyte 1 1224 27 1.072000 1.309000  0.000005 0.000004 0.000021 0.000073 0.000022 0.000010 
5755200 myocyte 1 1224 27 1.072000 1.464000  0.000005 0.000005 0.000014 0.000037 0.000022 0.000011 
5755264 myocyte 1 1224 27 1.072000 1.079000  0.000018 0.000007 0.000017 0.000050 0.000024 0.000011 
5755264 myocyte 1 1224 28 1.072000 1.309000  0.000005 0.000004 0.000020 0.000072 0.000022 0.000010 
5755264 myocyte 1 1224 28 1.072000 1.079000  0.000004 0.000009 0.000020 0.000086 0.000022 0.000010 
5755328 myocyte 1 1224 28 1.072000 1.233000  0.000004 0.000008 0.000019 0.000069 0.000019 0.000009 
5755328 myocyte 1 1224 27 1.072000 1.695000  0.000004 0.000005 0.000014 0.000035 0.000022 0.000010 
5755328 myocyte 1 1224 27 1.072000 1.079000  0.000004 0.000005 0.000014 0.000036 0.000021 0.000010 
5755392 myocyte 1 1224 28 1.072000 1.233000  0.000018 0.000005 0.000014 0.000084 0.000023 0.000010 
5755392 myocyte 1 1224 28 1.072000 1.156000  0.000018 0.000005 0.000014 0.000050 0.000017 0.000008 
5755456 myocyte 1 1224 27 1.072000 1.156000  0.350791 0.068512 0.150819 0.351231 0.092781 0.040513 
5755456 myocyte 1 1224 27 1.072000 1.542000  0.000004 0.000004 0.000011 0.000022 0.000014 0.000007 
