#Timestamp	Benchmark	Run(#)	CPU Frequency (MHz)	CPU Temperature(C)	CPU Voltage(V)	CPU Power(W)	CPU_CYCLES	L1_DATA_CACHE_ACCESS	INSTRUCTIONS_RETIRED	BUS_CYCLES	L1I_CACHE_ACCESS	PREDICTABLE_BRANCH_SPECULATIVELY_EXECUTED
2534912 hotspot 1 204 24 0.842000 0.385000  0.000156 0.000098 0.000256 0.000578 0.000283 0.000143 
2534912 hotspot 1 204 24 0.842000 0.385000  0.000047 0.000041 0.000115 0.000232 0.000130 0.000067 
2534976 hotspot 1 204 24 0.842000 0.462000  0.000011 0.000011 0.000031 0.000057 0.000038 0.000019 
2534976 hotspot 1 204 24 0.842000 0.385000  0.000016 0.000093 0.000064 0.000194 0.000000 0.000011 
2535040 hotspot 1 204 24 0.842000 0.308000  0.000071 0.000046 0.000122 0.000251 0.000130 0.000067 
2535040 hotspot 1 204 24 0.842000 0.308000  0.000075 0.000049 0.000131 0.000285 0.000146 0.000073 
2535104 hotspot 1 204 24 0.842000 0.231000  0.000067 0.000045 0.000121 0.000241 0.000123 0.000065 
2535104 hotspot 1 204 24 0.842000 0.462000  0.023162 0.005626 0.011683 0.023805 0.007598 0.003042 
2535168 hotspot 1 204 24 0.842000 0.462000  0.000098 0.000051 0.000132 0.000271 0.000133 0.000068 
2535168 hotspot 1 204 24 0.842000 0.385000  0.000055 0.000046 0.000125 0.000247 0.000126 0.000067 
2535232 hotspot 1 204 24 0.842000 0.462000  0.000047 0.000043 0.000118 0.000227 0.000125 0.000066 
2535232 hotspot 1 204 24 0.842000 0.308000  0.000015 0.000086 0.000058 0.000182 0.000000 0.000010 
2535296 hotspot 1 204 24 0.842000 0.462000  0.000044 0.000040 0.000113 0.000216 0.000118 0.000065 
2535296 hotspot 1 204 24 0.842000 0.308000  0.000055 0.000046 0.000126 0.000261 0.000139 0.000069 
2535360 hotspot 1 204 24 0.842000 0.386000  0.000044 0.000042 0.000117 0.000234 0.000123 0.000065 
2535360 hotspot 1 204 24 0.842000 0.385000  0.004082 0.011473 0.004530 0.011585 0.000002 0.000305 
2535424 hotspot 1 204 24 0.842000 0.385000  0.000064 0.000246 0.000117 0.000447 0.000000 0.000018 
2535488 hotspot 1 204 24 0.842000 0.386000  0.000020 0.000018 0.000049 0.000109 0.000055 0.000028 
2535488 hotspot 1 204 24 0.842000 0.462000  0.000019 0.000017 0.000047 0.000092 0.000052 0.000027 
2535552 hotspot 1 204 24 0.842000 0.385000  0.000019 0.000017 0.000047 0.000089 0.000048 0.000026 
2535552 hotspot 1 204 24 0.842000 0.386000  0.000018 0.000017 0.000051 0.000098 0.000051 0.000027 
2535616 hotspot 1 204 24 0.842000 0.385000  0.000739 0.035486 0.012947 0.035708 0.000004 0.000755 
2535680 hotspot 1 204 24 0.842000 0.462000  0.000015 0.000085 0.000058 0.000219 0.000000 0.000012 
2535680 hotspot 1 204 24 0.842000 0.385000  0.000015 0.000088 0.000060 0.000185 0.000000 0.000011 
2535744 hotspot 1 204 24 0.842000 0.385000  0.000044 0.000040 0.000114 0.000229 0.000120 0.000064 
2535744 hotspot 1 204 24 0.842000 0.308000  0.000054 0.000045 0.000123 0.000252 0.000138 0.000070 
2535808 hotspot 1 204 24 0.842000 0.385000  0.000080 0.000073 0.000204 0.000389 0.000209 0.000113 
2535808 hotspot 1 204 24 0.842000 0.386000  0.000098 0.000079 0.000231 0.000491 0.000277 0.000134 
2535872 hotspot 1 204 24 0.842000 0.385000  0.000077 0.000072 0.000202 0.000417 0.000217 0.000115 
2535872 hotspot 1 204 24 0.842000 0.386000  0.000103 0.000085 0.000231 0.000479 0.000256 0.000129 
2535936 hotspot 1 204 24 0.842000 0.385000  0.000077 0.000072 0.000201 0.000377 0.000205 0.000111 
2535936 hotspot 1 204 24 0.842000 0.385000  0.000101 0.000082 0.000221 0.000453 0.000241 0.000125 
2536000 hotspot 1 204 24 0.842000 0.385000  0.000079 0.000071 0.000200 0.000378 0.000205 0.000111 
2536000 hotspot 1 204 24 0.842000 0.231000  0.000101 0.000083 0.000228 0.000471 0.000247 0.000126 
2536064 hotspot 1 204 24 0.842000 0.385000  0.000080 0.000072 0.000199 0.000382 0.000206 0.000111 
2536064 hotspot 1 204 24 0.842000 0.385000  0.000102 0.000081 0.000219 0.000465 0.000243 0.000124 
2536128 hotspot 1 204 24 0.842000 0.385000  0.000076 0.000070 0.000198 0.000369 0.000201 0.000109 
2536128 hotspot 1 204 24 0.842000 0.462000  0.000078 0.000071 0.000197 0.000381 0.000204 0.000110 
2536192 hotspot 1 204 24 0.842000 0.462000  0.000082 0.000074 0.000207 0.000406 0.000218 0.000119 
2536192 hotspot 1 204 24 0.842000 0.308000  0.000081 0.000070 0.000196 0.000390 0.000201 0.000109 
2536256 hotspot 1 204 24 0.842000 0.385000  0.007185 0.002597 0.005504 0.007266 0.002975 0.001252 
2536256 hotspot 1 204 24 0.842000 0.385000  0.000080 0.000073 0.000202 0.000461 0.000239 0.000122 
2536320 hotspot 1 204 24 0.842000 0.386000  0.000075 0.000069 0.000194 0.000363 0.000200 0.000107 
2536320 hotspot 1 204 24 0.842000 0.385000  0.000078 0.000069 0.000193 0.000379 0.000198 0.000107 
2536320 hotspot 1 204 24 0.842000 0.385000  0.000080 0.000073 0.000200 0.000383 0.000213 0.000113 
2536384 hotspot 1 204 24 0.842000 0.463000  0.000018 0.000016 0.000046 0.000088 0.000047 0.000025 
2536448 hotspot 1 204 24 0.842000 0.386000  0.000028 0.000019 0.000051 0.000109 0.000057 0.000029 
2536448 hotspot 1 204 24 0.842000 0.385000  0.000018 0.000018 0.000048 0.000094 0.000049 0.000026 
2536448 hotspot 1 204 24 0.842000 0.462000  0.000019 0.000019 0.000051 0.000107 0.000056 0.000029 
2536512 hotspot 1 204 24 0.842000 0.308000  0.000018 0.000016 0.000045 0.000086 0.000047 0.000025 
2536512 hotspot 1 204 24 0.842000 0.385000  0.026610 0.010137 0.021908 0.027273 0.011130 0.005085 
2536576 hotspot 1 204 24 0.842000 0.386000  0.000071 0.000066 0.000186 0.000352 0.000191 0.000103 
2536576 hotspot 1 204 24 0.842000 0.385000  0.000071 0.000066 0.000186 0.000352 0.000188 0.000103 
2536640 hotspot 1 204 24 0.842000 0.385000  0.000014 0.000080 0.000053 0.000165 0.000000 0.000010 
2536704 hotspot 1 204 24 0.842000 0.385000  0.000072 0.000066 0.000185 0.000358 0.000197 0.000105 
2536704 hotspot 1 204 24 0.842000 0.462000  0.000088 0.000072 0.000201 0.000416 0.000223 0.000112 
2536768 hotspot 1 204 24 0.842000 0.308000  0.000073 0.000065 0.000183 0.000385 0.000198 0.000105 
2536768 hotspot 1 204 23 0.842000 0.385000  0.000089 0.000073 0.000199 0.000420 0.000223 0.000117 
2536768 hotspot 1 204 23 0.842000 0.308000  0.000071 0.000065 0.000182 0.000345 0.000189 0.000101 
2536832 hotspot 1 204 24 0.842000 0.385000  0.000072 0.000065 0.000182 0.000346 0.000187 0.000101 
2536832 hotspot 1 204 24 0.842000 0.385000  0.000090 0.000073 0.000199 0.000415 0.000221 0.000113 
2536896 hotspot 1 204 24 0.842000 0.462000  0.000018 0.000016 0.000049 0.000100 0.000053 0.000027 
2536896 hotspot 1 204 24 0.842000 0.385000  0.000021 0.000025 0.000063 0.000157 0.000074 0.000036 
2536960 hotspot 1 204 24 0.842000 0.308000  0.000017 0.000018 0.000047 0.000094 0.000049 0.000026 
2536960 hotspot 1 204 24 0.842000 0.462000  0.000018 0.000017 0.000047 0.000090 0.000132 0.000057 
2537024 hotspot 1 204 24 0.842000 0.385000  0.000027 0.000018 0.000048 0.000097 0.000049 0.000026 
2537024 hotspot 1 204 24 0.842000 0.463000  0.000023 0.000019 0.000051 0.000108 0.000056 0.000029 
2537088 hotspot 1 204 24 0.842000 0.308000  0.000018 0.000016 0.000045 0.000085 0.000047 0.000025 
2537088 hotspot 1 204 24 0.842000 0.385000  0.000019 0.000017 0.000047 0.000091 0.000050 0.000026 
2537152 hotspot 1 204 24 0.842000 0.462000  0.000068 0.000063 0.000174 0.000363 0.000190 0.000100 
2537152 hotspot 1 204 24 0.842000 0.386000  0.000067 0.000062 0.000173 0.000326 0.000179 0.000096 
2537216 hotspot 1 204 24 0.842000 0.462000  0.000019 0.000017 0.000055 0.000119 0.000059 0.000030 
2537216 hotspot 1 204 24 0.842000 0.385000  0.000018 0.000019 0.000049 0.000104 0.000051 0.000027 
2537280 hotspot 1 204 24 0.842000 0.385000  0.000087 0.000070 0.000193 0.000397 0.000211 0.000108 
2537280 hotspot 1 204 24 0.842000 0.463000  0.000086 0.000065 0.000177 0.000344 0.000182 0.000097 
2537344 hotspot 1 204 24 0.842000 0.385000  0.000109 0.000072 0.000190 0.000412 0.000212 0.000108 
2537344 hotspot 1 204 24 0.842000 0.385000  0.000065 0.000061 0.000170 0.000322 0.000174 0.000094 
2537408 hotspot 1 204 24 0.842000 0.385000  0.000065 0.000067 0.000178 0.000351 0.000184 0.000097 
2537408 hotspot 1 204 24 0.842000 0.462000  0.000082 0.000074 0.000198 0.000427 0.000221 0.000110 
2537472 hotspot 1 204 24 0.842000 0.386000  0.000065 0.000060 0.000169 0.000316 0.000181 0.000096 
2537472 hotspot 1 204 24 0.842000 0.462000  0.000071 0.006840 0.014463 0.021968 0.008080 0.003559 
2537536 hotspot 1 204 24 0.842000 0.385000  0.000013 0.000076 0.000051 0.000158 0.000000 0.000009 
2537536 hotspot 1 204 24 0.842000 0.385000  0.000063 0.000060 0.000168 0.000318 0.000172 0.000093 
2537600 hotspot 1 204 24 0.842000 0.385000  0.000078 0.000069 0.000297 0.000622 0.000279 0.000132 
2537600 hotspot 1 204 23 0.842000 0.385000  0.000064 0.000060 0.000167 0.000314 0.000171 0.000093 
2537664 hotspot 1 204 24 0.842000 0.385000  0.000041 0.000033 0.000090 0.000178 0.000093 0.000049 
2537664 hotspot 1 204 24 0.842000 0.385000  0.000039 0.000033 0.000095 0.000190 0.000098 0.000051 
2537728 hotspot 1 204 24 0.842000 0.385000  0.000036 0.000033 0.000094 0.000198 0.000112 0.000057 
2537728 hotspot 1 204 24 0.842000 0.385000  0.000035 0.000031 0.000103 0.000226 0.000105 0.000053 
2537792 hotspot 1 204 24 0.842000 0.385000  0.000040 0.000049 0.000118 0.000285 0.000137 0.000107 
2537792 hotspot 1 204 24 0.842000 0.385000  0.000034 0.000031 0.000088 0.000166 0.000090 0.000049 
2537856 hotspot 1 204 24 0.842000 0.385000  0.000036 0.000033 0.000096 0.000199 0.000101 0.000052 
2537856 hotspot 1 204 24 0.842000 0.385000  0.000034 0.000031 0.000087 0.000164 0.000090 0.000050 
2537856 hotspot 1 204 24 0.842000 0.386000  0.000033 0.000031 0.000087 0.000228 0.000107 0.000054 
2537920 hotspot 1 204 24 0.842000 0.385000  0.000034 0.000031 0.000087 0.000164 0.000090 0.000048 
2537984 hotspot 1 204 24 0.842000 0.386000  0.000040 0.000034 0.000093 0.000189 0.000103 0.000053 
2537984 hotspot 1 204 24 0.842000 0.385000  0.000033 0.000031 0.000087 0.000163 0.000089 0.000048 
2538048 hotspot 1 204 24 0.842000 0.385000  0.000043 0.000034 0.000092 0.000180 0.000093 0.000049 
2538048 hotspot 1 204 24 0.842000 0.386000  0.000063 0.000056 0.000159 0.000307 0.000165 0.000088 
2538112 hotspot 1 204 24 0.842000 0.385000  0.000034 0.000052 0.000128 0.000305 0.000129 0.000062 
2538112 hotspot 1 204 24 0.842000 0.386000  0.000043 0.000034 0.000094 0.000194 0.000105 0.000053 
2538176 hotspot 1 204 24 0.842000 0.386000  0.000035 0.000036 0.000101 0.000231 0.000104 0.000052 
2538176 hotspot 1 204 24 0.842000 0.385000  0.019400 0.052186 0.022180 0.052206 0.000006 0.001152 
2538240 hotspot 1 204 24 0.842000 0.385000  0.000012 0.000071 0.000047 0.000148 0.000000 0.000008 
2538240 hotspot 1 204 23 0.842000 0.385000  0.000013 0.000075 0.000051 0.000157 0.000000 0.000009 
2538304 hotspot 1 204 23 0.842000 0.463000  0.000033 0.000065 0.000152 0.000320 0.000142 0.000067 
2538304 hotspot 1 204 23 0.842000 0.385000  0.000040 0.000032 0.000093 0.000205 0.000102 0.000052 
2538368 hotspot 1 204 24 0.842000 0.463000  0.000036 0.000032 0.000089 0.000180 0.000101 0.000051 
2538368 hotspot 1 204 24 0.842000 0.385000  0.000042 0.000034 0.000098 0.000213 0.000103 0.000053 
2538432 hotspot 1 204 24 0.842000 0.463000  0.000047 0.000036 0.000108 0.000246 0.000123 0.000059 
2538432 hotspot 1 204 24 0.842000 0.386000  0.000033 0.000030 0.000085 0.000161 0.000088 0.000047 
2538496 hotspot 1 204 24 0.842000 0.308000  0.000035 0.000032 0.000091 0.000182 0.000096 0.000051 
2538496 hotspot 1 204 24 0.842000 0.462000  0.000033 0.000030 0.000085 0.000162 0.000107 0.000054 
2538496 hotspot 1 204 24 0.842000 0.385000  0.000003 0.000019 0.000016 0.000039 0.000000 0.000002 
2538560 hotspot 1 204 24 0.842000 0.385000  0.000043 0.000036 0.000098 0.000204 0.000107 0.000054 
2538560 hotspot 1 204 24 0.842000 0.308000  0.000033 0.000030 0.000085 0.000161 0.000095 0.000049 
2538624 hotspot 1 204 24 0.842000 0.385000  0.000034 0.000031 0.000088 0.000175 0.000093 0.000051 
2538624 hotspot 1 204 24 0.842000 0.385000  0.000034 0.000030 0.000084 0.000165 0.000089 0.000047 
2538688 hotspot 1 204 24 0.842000 0.462000  0.000035 0.000032 0.000088 0.000173 0.000094 0.000051 
2538688 hotspot 1 204 24 0.842000 0.385000  0.000033 0.000030 0.000084 0.000161 0.000087 0.000048 
2538752 hotspot 1 204 24 0.842000 0.462000  0.000037 0.000032 0.000091 0.000181 0.000092 0.000049 
2538752 hotspot 1 204 24 0.842000 0.385000  0.046532 0.016457 0.038441 0.046605 0.018727 0.008904 
2538816 hotspot 1 204 24 0.842000 0.386000  0.000017 0.000015 0.000043 0.000081 0.000045 0.000024 
2538816 hotspot 1 204 24 0.842000 0.385000  0.000035 0.000032 0.000087 0.000168 0.000094 0.000049 
2538880 hotspot 1 204 24 0.842000 0.385000  0.000033 0.000030 0.000084 0.000158 0.000086 0.000047 
2538880 hotspot 1 204 24 0.842000 0.385000  0.000033 0.000030 0.000084 0.000159 0.000086 0.000046 
2538944 hotspot 1 204 24 0.842000 0.385000  0.000034 0.000031 0.000087 0.000174 0.000096 0.000050 
2538944 hotspot 1 204 24 0.842000 0.385000  0.000032 0.000030 0.000084 0.000159 0.000086 0.000046 
2539008 hotspot 1 204 24 0.842000 0.385000  0.000033 0.000031 0.000087 0.000176 0.000110 0.000054 
2539008 hotspot 1 204 24 0.842000 0.462000  0.000041 0.000038 0.000098 0.000214 0.000103 0.000053 
2539072 hotspot 1 204 24 0.842000 0.385000  0.000045 0.000032 0.000089 0.000196 0.000098 0.000052 
2539072 hotspot 1 204 24 0.842000 0.385000  0.000035 0.000053 0.000124 0.000306 0.000130 0.000062 
2539136 hotspot 1 204 24 0.842000 0.386000  0.011516 0.034901 0.013288 0.035070 0.000005 0.000834 
2539200 hotspot 1 204 24 0.842000 0.385000  0.000012 0.000068 0.000068 0.000285 0.000000 0.000014 
2539200 hotspot 1 204 24 0.842000 0.385000  0.000017 0.000016 0.000044 0.000086 0.000047 0.000025 
2539264 hotspot 1 204 24 0.842000 0.385000  0.000018 0.000015 0.000042 0.000086 0.000044 0.000024 
2539264 hotspot 1 204 24 0.842000 0.385000  0.000051 0.000047 0.000130 0.000247 0.000134 0.000072 
2539328 hotspot 1 204 24 0.842000 0.385000  0.000039 0.000033 0.000111 0.000244 0.000116 0.000062 
2539328 hotspot 1 204 24 0.842000 0.385000  0.000011 0.000066 0.000044 0.000138 0.000000 0.000008 
2539392 hotspot 1 204 24 0.842000 0.385000  0.000034 0.000031 0.000086 0.000168 0.000092 0.000048 
2539392 hotspot 1 204 24 0.842000 0.385000  0.000016 0.000015 0.000042 0.000080 0.000043 0.000023 
2539456 hotspot 1 204 24 0.842000 0.385000  0.001952 0.007354 0.002373 0.007373 0.000001 0.000147 
2539456 hotspot 1 204 24 0.842000 0.386000  0.000013 0.000081 0.000054 0.000171 0.000000 0.000009 
2539520 hotspot 1 204 24 0.842000 0.463000  0.000032 0.000030 0.000082 0.000154 0.000086 0.000046 
2539520 hotspot 1 204 24 0.842000 0.385000  0.000034 0.000031 0.000086 0.000164 0.000091 0.000048 
2539584 hotspot 1 204 24 0.842000 0.385000  0.000032 0.000029 0.000082 0.000177 0.000092 0.000048 
2539584 hotspot 1 204 24 0.842000 0.386000  0.000032 0.000031 0.000085 0.000171 0.000089 0.000049 
2539648 hotspot 1 204 24 0.842000 0.385000  0.000511 0.000166 0.000333 0.000814 0.000285 0.000110 
2539648 hotspot 1 204 24 0.842000 0.462000  0.000034 0.000031 0.000094 0.000189 0.000098 0.000050 
2539712 hotspot 1 204 24 0.842000 0.385000  0.000032 0.000031 0.000085 0.000164 0.000087 0.000051 
2539712 hotspot 1 204 24 0.842000 0.463000  0.000040 0.000031 0.000084 0.000164 0.000091 0.000050 
2539776 hotspot 1 204 24 0.842000 0.385000  0.000031 0.000029 0.000081 0.000152 0.000083 0.000045 
2539840 hotspot 1 204 24 0.842000 0.385000  0.076669 0.039700 0.104654 0.076862 0.043191 0.021069 
2539840 hotspot 1 204 24 0.842000 0.385000  0.000031 0.000029 0.012617 0.018654 0.006871 0.003013 
2539904 hotspot 1 204 24 0.842000 0.463000  0.000038 0.000033 0.000091 0.000201 0.000101 0.000051 
2539904 hotspot 1 204 24 0.842000 0.462000  0.000031 0.000029 0.000081 0.000158 0.000085 0.000046 
2539968 hotspot 1 204 24 0.842000 0.385000  0.000038 0.000032 0.000089 0.000178 0.000098 0.000051 
2539968 hotspot 1 204 24 0.842000 0.385000  0.000032 0.000029 0.000081 0.000154 0.000084 0.000045 
2540032 hotspot 1 204 24 0.842000 0.462000  0.000036 0.000031 0.000087 0.000174 0.000089 0.000047 
2540032 hotspot 1 204 24 0.842000 0.385000  0.000040 0.000035 0.000095 0.000207 0.000105 0.000053 
2540096 hotspot 1 204 24 0.842000 0.385000  0.000040 0.000030 0.000093 0.000190 0.000095 0.000049 
2540096 hotspot 1 204 24 0.842000 0.385000  0.000034 0.000031 0.000084 0.000160 0.000098 0.000049 
2540160 hotspot 1 204 24 0.842000 0.463000  0.015348 0.040077 0.016965 0.040148 0.000005 0.001009 
2540160 hotspot 1 204 24 0.842000 0.385000  0.000011 0.000067 0.000045 0.000141 0.000000 0.000008 
2540224 hotspot 1 204 24 0.842000 0.385000  0.000031 0.000029 0.000080 0.000154 0.000082 0.000044 
2540224 hotspot 1 204 24 0.842000 0.385000  0.000032 0.000029 0.000080 0.000155 0.000085 0.000046 
2540288 hotspot 1 204 24 0.842000 0.385000  0.000032 0.000030 0.000082 0.000157 0.000084 0.000045 
2540288 hotspot 1 204 24 0.842000 0.385000  0.000033 0.000030 0.000083 0.000158 0.000088 0.000046 
2540352 hotspot 1 204 24 0.842000 0.385000  0.000031 0.000031 0.000084 0.000175 0.000087 0.000046 
2540352 hotspot 1 204 24 0.842000 0.386000  0.000052 0.000032 0.000087 0.000178 0.000089 0.000046 
2540416 hotspot 1 204 24 0.842000 0.386000  0.000038 0.000031 0.000086 0.000176 0.000099 0.000049 
2540416 hotspot 1 204 24 0.842000 0.385000  0.000031 0.000029 0.000079 0.000150 0.000082 0.000044 
2540416 hotspot 1 204 24 0.842000 0.385000  0.000033 0.000030 0.000083 0.000156 0.000088 0.000046 
2540480 hotspot 1 204 24 0.842000 0.308000  0.000044 0.000040 0.000114 0.000215 0.000117 0.000063 
2540480 hotspot 1 204 24 0.842000 0.385000  0.000033 0.000030 0.000088 0.000191 0.000101 0.000050 
2540544 hotspot 1 204 24 0.842000 0.385000  0.000016 0.000015 0.000041 0.000080 0.000042 0.000023 
2540608 hotspot 1 204 24 0.842000 0.385000  0.000023 0.000016 0.000044 0.000089 0.000046 0.000024 
2540608 hotspot 1 204 24 0.842000 0.386000  0.000031 0.000028 0.000079 0.000148 0.000081 0.000044 
2540672 hotspot 1 204 24 0.842000 0.462000  0.000035 0.000036 0.000097 0.000221 0.000099 0.000050 
2540672 hotspot 1 204 24 0.842000 0.386000  0.000035 0.000032 0.000086 0.000231 0.000106 0.000052 
2540736 hotspot 1 204 24 0.842000 0.385000  0.000051 0.000033 0.000091 0.000189 0.000094 0.000049 
2540736 hotspot 1 204 24 0.842000 0.462000  0.000036 0.000030 0.000082 0.000165 0.000091 0.000046 
2540800 hotspot 1 204 24 0.842000 0.462000  0.000031 0.000030 0.000118 0.000290 0.000005 0.001132 
2540800 hotspot 1 204 24 0.842000 0.385000  0.000015 0.000133 0.000063 0.000244 0.000000 0.000011 
2540864 hotspot 1 204 24 0.842000 0.385000  0.000030 0.000029 0.000081 0.000159 0.000085 0.000045 
2540864 hotspot 1 204 24 0.842000 0.385000  0.000040 0.000033 0.000088 0.000185 0.000096 0.000048 
2540928 hotspot 1 204 24 0.842000 0.308000  0.000030 0.000028 0.000078 0.000148 0.000081 0.000043 
2540928 hotspot 1 204 24 0.842000 0.462000  0.000002 0.000017 0.000013 0.000034 0.000000 0.000002 
2540992 hotspot 1 204 24 0.842000 0.386000  0.000030 0.000028 0.000079 0.000200 0.000102 0.000050 
2540992 hotspot 1 204 24 0.842000 0.385000  0.000031 0.000031 0.000083 0.000357 0.000136 0.000061 
2541056 hotspot 1 204 24 0.842000 0.462000  0.000037 0.000032 0.000084 0.000176 0.000087 0.000045 
2541056 hotspot 1 204 24 0.842000 0.385000  0.000030 0.000029 0.000085 0.000173 0.000089 0.000047 
2541056 hotspot 1 204 24 0.842000 0.385000  0.000031 0.000029 0.000081 0.000162 0.000089 0.000046 
2541120 hotspot 1 204 24 0.842000 0.385000  0.001486 0.006651 0.001984 0.006745 0.000001 0.000127 
2541184 hotspot 1 204 24 0.842000 0.385000  0.000013 0.000071 0.000043 0.000135 0.000000 0.000007 
2541184 hotspot 1 204 24 0.842000 0.385000  0.000010 0.000059 0.000039 0.000128 0.000000 0.000007 
2541248 hotspot 1 204 24 0.842000 0.385000  0.000045 0.000030 0.000091 0.000221 0.000100 0.000049 
2541248 hotspot 1 204 24 0.842000 0.385000  0.000030 0.000028 0.000083 0.000168 0.000088 0.000045 
2541312 hotspot 1 204 24 0.842000 0.539000  0.000037 0.000030 0.000081 0.000161 0.000085 0.000044 
2541312 hotspot 1 204 24 0.842000 0.385000  0.000034 0.000029 0.000083 0.000167 0.000086 0.000045 
2541376 hotspot 1 204 24 0.842000 0.463000  0.000079 0.000038 0.000098 0.000229 0.000104 0.000054 
2541376 hotspot 1 204 24 0.842000 0.462000  0.067041 0.020960 0.044258 0.067207 0.024256 0.010602 
2541440 hotspot 1 204 24 0.842000 0.385000  0.000036 0.000031 0.000082 0.000172 0.000091 0.000047 
2541440 hotspot 1 204 24 0.842000 0.385000  0.000030 0.000027 0.000076 0.000144 0.000079 0.000042 
2541504 hotspot 1 204 24 0.842000 0.385000  0.000033 0.000029 0.000079 0.000173 0.000085 0.000044 
2541504 hotspot 1 204 23 0.842000 0.385000  0.000041 0.000038 0.000111 0.000219 0.000115 0.000060 
2541568 hotspot 1 204 24 0.842000 0.462000  0.000030 0.000028 0.000079 0.000156 0.000084 0.000044 
2541568 hotspot 1 204 24 0.842000 0.385000  0.000032 0.000029 0.000079 0.000154 0.000085 0.000044 
2541632 hotspot 1 204 24 0.842000 0.385000  0.000030 0.000027 0.000076 0.000166 0.000083 0.000043 
2541632 hotspot 1 204 23 0.842000 0.386000  0.000032 0.000029 0.000079 0.000156 0.000084 0.000044 
2541632 hotspot 1 204 24 0.842000 0.386000  0.000010 0.000058 0.000039 0.000121 0.000000 0.000007 
2541696 hotspot 1 204 24 0.842000 0.385000  0.000029 0.000027 0.000078 0.000153 0.000082 0.000043 
2541760 hotspot 1 204 24 0.842000 0.385000  0.000038 0.000032 0.000085 0.000185 0.000094 0.000048 
2541760 hotspot 1 204 24 0.842000 0.308000  0.000029 0.000027 0.000075 0.000141 0.000077 0.000043 
2541760 hotspot 1 204 24 0.842000 0.463000  0.001604 0.005836 0.001998 0.005942 0.000001 0.000130 
2541824 hotspot 1 204 24 0.842000 0.385000  0.000011 0.000061 0.000068 0.000207 0.000000 0.000010 
2541824 hotspot 1 204 24 0.842000 0.385000  0.000029 0.000027 0.000075 0.000142 0.000077 0.000041 
2541888 hotspot 1 204 24 0.842000 0.385000  0.021463 0.008008 0.017492 0.021744 0.009132 0.003877 
2541888 hotspot 1 204 24 0.842000 0.386000  0.000029 0.000027 0.000075 0.000199 0.000093 0.000046 
2541952 hotspot 1 204 24 0.842000 0.385000  0.000033 0.000028 0.000076 0.000153 0.000080 0.000042 
2541952 hotspot 1 204 24 0.842000 0.385000  0.000037 0.000030 0.000083 0.000170 0.000091 0.000047 
2542016 hotspot 1 204 24 0.842000 0.462000  0.002329 0.008074 0.002828 0.008189 0.000001 0.000176 
2542016 hotspot 1 204 24 0.842000 0.386000  0.000039 0.000031 0.000084 0.000178 0.000091 0.000046 
2542080 hotspot 1 204 24 0.842000 0.385000  0.000029 0.000027 0.000075 0.000147 0.000079 0.000042 
2542080 hotspot 1 204 24 0.842000 0.385000  0.000035 0.000042 0.000101 0.000257 0.000137 0.000065 
2542144 hotspot 1 204 24 0.842000 0.308000  0.000010 0.000057 0.000038 0.000120 0.000000 0.000007 
2542208 hotspot 1 204 24 0.842000 0.462000  0.000032 0.000028 0.000107 0.000235 0.000121 0.000058 
