#Timestamp	Benchmark	Run(#)	CPU Frequency (MHz)	CPU Temperature(C)	CPU Voltage(V)	CPU Power(W)	CPU_CYCLES	L1_DATA_CACHE_ACCESS	INSTRUCTIONS_RETIRED	BUS_CYCLES	L1I_CACHE_ACCESS	PREDICTABLE_BRANCH_SPECULATIVELY_EXECUTED
3586496 srad_v2 1 518 24 0.880000 0.539000  0.280311 0.781201 0.302766 0.781592 0.000033 0.019250 
3586496 srad_v2 1 518 24 0.880000 0.848000  0.000009 0.000008 0.000023 0.000046 0.000029 0.000014 
3586560 srad_v2 1 518 24 0.880000 0.771000  0.000012 0.000009 0.000025 0.000049 0.000031 0.000015 
3946560 srad_v2 1 518 25 0.880000 0.539000  0.000005 0.000005 0.000014 0.000027 0.000017 0.000009 
3946560 srad_v2 1 518 25 0.880000 0.694000  0.000024 0.000020 0.000055 0.000116 0.000059 0.000030 
3946624 srad_v2 1 518 25 0.880000 0.386000  0.207923 0.703593 0.240287 0.704023 0.000044 0.014663 
3946624 srad_v2 1 518 25 0.880000 0.539000  0.000022 0.000019 0.000053 0.000116 0.000060 0.000031 
3946624 srad_v2 1 518 25 0.880000 0.616000  0.000032 0.000023 0.000063 0.000146 0.000066 0.000034 
3946688 srad_v2 1 518 25 0.880000 0.848000  0.000021 0.000019 0.000052 0.000108 0.000054 0.000029 
3946688 srad_v2 1 518 25 0.880000 0.770000  0.000021 0.000019 0.000053 0.000102 0.000056 0.000030 
3946752 srad_v2 1 518 25 0.880000 0.771000  0.000024 0.000019 0.000055 0.000111 0.000056 0.000029 
3946752 srad_v2 1 518 25 0.880000 0.616000  0.000021 0.000019 0.000053 0.000102 0.000057 0.000030 
3946752 srad_v2 1 518 25 0.880000 0.693000  0.000023 0.000020 0.000054 0.000112 0.000056 0.000029 
3946816 srad_v2 1 518 25 0.880000 0.616000  0.000024 0.000021 0.000057 0.000122 0.000064 0.000033 
3946816 srad_v2 1 518 25 0.880000 0.462000  0.000035 0.000022 0.000058 0.000129 0.000063 0.000032 
3946880 srad_v2 1 518 25 0.880000 0.694000  0.000024 0.000021 0.000056 0.000115 0.000061 0.000042 
3946880 srad_v2 1 518 25 0.880000 0.771000  0.000021 0.000021 0.000057 0.000115 0.000059 0.000030 
3946880 srad_v2 1 518 25 0.880000 0.462000  0.000021 0.000028 0.000068 0.000136 0.000080 0.000039 
3946944 srad_v2 1 518 25 0.880000 0.693000  0.000021 0.000019 0.000067 0.000135 0.000068 0.000038 
3946944 srad_v2 1 518 25 0.880000 0.462000  0.000020 0.000019 0.000052 0.000107 0.000055 0.000029 
3947008 srad_v2 1 518 25 0.880000 0.694000  0.000021 0.000019 0.000067 0.000135 0.000067 0.000038 
3947008 srad_v2 1 518 25 0.880000 0.463000  0.000004 0.000004 0.000011 0.000022 0.000014 0.000007 
3947008 srad_v2 1 518 25 0.880000 0.771000  0.000026 0.000021 0.000056 0.000118 0.000061 0.000031 
3947072 srad_v2 1 518 25 0.880000 0.617000  0.000025 0.000020 0.000055 0.000114 0.000061 0.000031 
3947072 srad_v2 1 518 25 0.880000 0.694000  0.000026 0.000021 0.000055 0.000116 0.000061 0.000031 
3947136 srad_v2 1 518 25 0.880000 0.772000  0.000022 0.000020 0.000054 0.000119 0.000060 0.000031 
3947136 srad_v2 1 518 25 0.880000 0.463000  0.000025 0.000021 0.000057 0.000120 0.000064 0.000032 
3947136 srad_v2 1 518 25 0.880000 0.771000  0.000021 0.000023 0.000059 0.000215 0.000077 0.000036 
3947200 srad_v2 1 518 25 0.880000 0.462000  0.000023 0.000019 0.000054 0.000113 0.000059 0.000031 
3947200 srad_v2 1 518 25 0.880000 0.694000  0.000153 0.000111 0.000319 0.000884 0.000352 0.000166 
3947264 srad_v2 1 518 25 0.880000 0.539000  0.232209 0.765851 0.266723 0.766195 0.000046 0.016355 
3947264 srad_v2 1 518 25 0.880000 0.694000  0.000026 0.000020 0.000055 0.000117 0.000061 0.000031 
3947264 srad_v2 1 518 25 0.880000 0.463000  0.000026 0.000019 0.000053 0.000110 0.000054 0.000029 
3947328 srad_v2 1 518 25 0.880000 0.617000  0.000155 0.000114 0.000280 0.000540 0.000220 0.000105 
3947328 srad_v2 1 518 25 0.880000 0.770000  0.000021 0.000019 0.000051 0.000099 0.000055 0.000029 
3947392 srad_v2 1 518 25 0.880000 0.616000  0.000021 0.000019 0.000051 0.000099 0.000055 0.000029 
3947392 srad_v2 1 518 25 0.880000 0.847000  0.000020 0.000018 0.000049 0.000098 0.000052 0.000027 
3947392 srad_v2 1 518 25 0.880000 0.617000  0.000020 0.000019 0.000051 0.000098 0.000054 0.000029 
3947456 srad_v2 1 518 25 0.880000 0.694000  0.000020 0.000018 0.000049 0.000094 0.000051 0.000027 
3947456 srad_v2 1 518 25 0.880000 0.694000  0.000020 0.000019 0.000051 0.000099 0.000056 0.000029 
3947520 srad_v2 1 518 25 0.880000 0.772000  0.000020 0.000019 0.000051 0.000098 0.000054 0.000029 
3947520 srad_v2 1 518 25 0.880000 0.616000  0.000021 0.000019 0.000051 0.000099 0.000055 0.000029 
3947520 srad_v2 1 518 25 0.880000 0.693000  0.000021 0.000019 0.000051 0.000099 0.000054 0.000029 
3947584 srad_v2 1 518 25 0.880000 0.462000  0.000019 0.000018 0.000049 0.000093 0.000051 0.000027 
3947584 srad_v2 1 518 25 0.880000 0.694000  0.000026 0.000019 0.000051 0.000104 0.000055 0.000029 
3947584 srad_v2 1 518 25 0.880000 0.771000  0.000019 0.000017 0.000049 0.000093 0.000050 0.000027 
3947648 srad_v2 1 518 25 0.880000 0.693000  0.000020 0.000018 0.000051 0.000097 0.000057 0.000030 
3947648 srad_v2 1 518 25 0.880000 0.462000  0.000020 0.000017 0.000049 0.000093 0.000050 0.000027 
3947712 srad_v2 1 518 25 0.880000 0.694000  0.000020 0.000018 0.000051 0.000098 0.000054 0.000028 
3947712 srad_v2 1 518 25 0.880000 0.462000  0.000044 0.000022 0.000057 0.000136 0.000085 0.000039 
3947712 srad_v2 1 518 25 0.880000 0.693000  0.000025 0.000020 0.000054 0.000113 0.000059 0.000030 
3947776 srad_v2 1 518 25 0.880000 0.694000  0.000020 0.000018 0.000050 0.000098 0.000053 0.000028 
3947776 srad_v2 1 518 24 0.880000 0.463000  0.000020 0.000018 0.000050 0.000096 0.000053 0.000028 
3947840 srad_v2 1 518 24 0.880000 0.693000  0.000021 0.000018 0.000050 0.000100 0.000054 0.000028 
3947840 srad_v2 1 518 25 0.880000 0.462000  0.000019 0.000017 0.000048 0.000094 0.000050 0.000027 
3947840 srad_v2 1 518 25 0.880000 0.693000  0.000025 0.000020 0.000054 0.000118 0.000060 0.000031 
3947904 srad_v2 1 518 25 0.880000 0.463000  0.000019 0.000017 0.000048 0.000092 0.000049 0.000027 
3947904 srad_v2 1 518 25 0.880000 0.693000  0.000024 0.000019 0.000053 0.000112 0.000058 0.000030 
3947968 srad_v2 1 518 25 0.880000 0.539000  0.000019 0.000019 0.000051 0.000104 0.000053 0.000028 
3947968 srad_v2 1 518 25 0.880000 0.771000  0.000028 0.000023 0.000060 0.000135 0.000063 0.000032 
3947968 srad_v2 1 518 25 0.880000 0.616000  0.000019 0.000018 0.000049 0.000104 0.000052 0.000029 
3948032 srad_v2 1 518 25 0.880000 0.617000  0.000022 0.000020 0.000057 0.000131 0.000062 0.000031 
3948032 srad_v2 1 518 25 0.880000 0.462000  0.000019 0.000018 0.000050 0.000103 0.000052 0.000028 
3948032 srad_v2 1 518 25 0.880000 0.693000  0.000041 0.000021 0.000056 0.000145 0.000064 0.000032 
3948096 srad_v2 1 518 25 0.880000 0.771000  0.000019 0.000018 0.000050 0.000101 0.000050 0.000027 
3948096 srad_v2 1 518 25 0.880000 0.694000  0.000023 0.000020 0.000054 0.000112 0.000059 0.000030 
3948160 srad_v2 1 518 25 0.880000 0.463000  0.000020 0.000018 0.000050 0.000096 0.000052 0.000028 
3948160 srad_v2 1 518 25 0.880000 0.693000  0.000020 0.000018 0.000064 0.000130 0.000075 0.000037 
3948160 srad_v2 1 518 25 0.880000 0.693000  0.000020 0.000018 0.000050 0.000096 0.000053 0.000028 
3948224 srad_v2 1 518 25 0.880000 0.462000  0.056359 0.016223 0.033899 0.056419 0.018480 0.007709 
3948224 srad_v2 1 518 25 0.880000 0.694000  0.000020 0.000018 0.000050 0.000096 0.000053 0.000028 
3948288 srad_v2 1 518 25 0.880000 0.462000  0.000019 0.000017 0.000048 0.000090 0.000049 0.000026 
3948288 srad_v2 1 518 25 0.880000 0.693000  0.000020 0.000018 0.000049 0.000096 0.000057 0.000029 
3948288 srad_v2 1 518 25 0.880000 0.540000  0.000020 0.000017 0.000048 0.000108 0.000049 0.000026 
3948352 srad_v2 1 518 25 0.880000 0.385000  0.000021 0.000018 0.000051 0.000115 0.000057 0.000029 
3948352 srad_v2 1 518 25 0.880000 0.693000  0.000022 0.000017 0.000047 0.000105 0.000050 0.000026 
3948416 srad_v2 1 518 25 0.880000 0.848000  0.000024 0.000019 0.000051 0.000103 0.000054 0.000028 
3948416 srad_v2 1 518 25 0.880000 0.462000  0.000019 0.000017 0.000047 0.000094 0.000049 0.000026 
3948416 srad_v2 1 518 25 0.880000 0.694000  0.000020 0.000018 0.000050 0.000106 0.000056 0.000029 
3948480 srad_v2 1 518 25 0.880000 0.616000  0.000025 0.000017 0.000048 0.000101 0.000050 0.000026 
3948480 srad_v2 1 518 25 0.880000 0.771000  0.000023 0.000019 0.000053 0.000112 0.000058 0.000030 
