#Timestamp	Benchmark	Run(#)	CPU Frequency (MHz)	CPU Temperature(C)	CPU Voltage(V)	CPU Power(W)	CPU_CYCLES	L1_DATA_CACHE_ACCESS	INSTRUCTIONS_RETIRED	BUS_CYCLES	L1I_CACHE_ACCESS	PREDICTABLE_BRANCH_SPECULATIVELY_EXECUTED
5966016 pathfinder 1 1326 27 1.111000 1.310000  0.000006 0.000005 0.000013 0.000029 0.000017 0.000008 
5966080 pathfinder 1 1326 27 1.111000 1.002000  0.000005 0.000005 0.000013 0.000027 0.000017 0.000008 
5966080 pathfinder 1 1326 27 1.111000 1.928000  0.000054 0.000022 0.000099 0.000347 0.000099 0.000045 
5966144 pathfinder 1 1326 28 1.111000 1.850000  0.000021 0.000018 0.000050 0.000110 0.000052 0.000028 
5966144 pathfinder 1 1326 28 1.111000 1.541000  0.000026 0.000020 0.000054 0.000117 0.000059 0.000030 
5966144 pathfinder 1 1326 28 1.111000 1.080000  0.000021 0.000019 0.000051 0.000103 0.000054 0.000029 
5966208 pathfinder 1 1326 28 1.111000 1.080000  0.000023 0.000019 0.000054 0.000118 0.000058 0.000030 
5966208 pathfinder 1 1326 28 1.111000 1.618000  0.000022 0.000019 0.000086 0.000218 0.000084 0.000040 
5966208 pathfinder 1 1326 28 1.111000 1.079000  0.000020 0.000018 0.000049 0.000097 0.000051 0.000027 
5966272 pathfinder 1 1326 28 1.111000 1.539000  0.000027 0.000020 0.000054 0.000117 0.000059 0.000030 
5966272 pathfinder 1 1326 28 1.111000 1.079000  0.000024 0.000019 0.000053 0.000115 0.000058 0.000030 
5966272 pathfinder 1 1326 28 1.111000 1.233000  0.000023 0.000019 0.000054 0.000121 0.000059 0.000030 
5966336 pathfinder 1 1326 28 1.111000 1.850000  0.000022 0.000027 0.000065 0.000145 0.000078 0.000037 
5966336 pathfinder 1 1326 28 1.111000 1.079000  0.084086 0.560399 0.013587 0.084191 0.814083 0.462798 
5966336 pathfinder 1 1326 28 1.111000 1.695000  0.000023 0.000019 0.000052 0.000112 0.000057 0.000030 
5966400 pathfinder 1 1326 28 1.111000 1.079000  0.000022 0.000018 0.000050 0.000105 0.000054 0.000028 
5966400 pathfinder 1 1326 28 1.111000 1.079000  0.000022 0.000019 0.000053 0.000114 0.000057 0.000030 
5966400 pathfinder 1 1326 28 1.111000 1.620000  0.000028 0.000020 0.000053 0.000114 0.000057 0.000029 
5966464 pathfinder 1 1326 28 1.111000 1.080000  0.000021 0.000017 0.000048 0.000095 0.000050 0.000027 
5966464 pathfinder 1 1326 28 1.111000 1.618000  0.000020 0.000018 0.000050 0.000098 0.000053 0.000028 
5966528 pathfinder 1 1326 28 1.111000 1.697000  0.000021 0.000018 0.000050 0.000100 0.000053 0.000028 
5966528 pathfinder 1 1326 28 1.111000 1.080000  0.000053 0.000027 0.000065 0.000161 0.000075 0.000041 
5966528 pathfinder 1 1326 28 1.111000 1.697000  0.000023 0.000019 0.000053 0.000116 0.000058 0.000030 
5966592 pathfinder 1 1326 28 1.111000 1.079000  0.000020 0.000017 0.000048 0.000096 0.000050 0.000027 
5966592 pathfinder 1 1326 28 1.111000 1.543000  0.000032 0.000020 0.000053 0.000125 0.000062 0.000031 
5966592 pathfinder 1 1326 28 1.111000 1.079000  0.000021 0.000018 0.000050 0.000097 0.000053 0.000028 
5966656 pathfinder 1 1326 28 1.111000 1.079000  0.000020 0.000026 0.000064 0.000133 0.000074 0.000038 
5966656 pathfinder 1 1326 28 1.111000 1.620000  0.000021 0.000018 0.000049 0.000097 0.000053 0.000028 
5966656 pathfinder 1 1326 27 1.111000 1.079000  0.000020 0.000017 0.000047 0.000093 0.000049 0.000026 
5966720 pathfinder 1 1326 27 1.111000 1.618000  0.000026 0.000023 0.000064 0.000125 0.000068 0.000036 
5966720 pathfinder 1 1326 27 1.111000 1.234000  0.000021 0.000018 0.000056 0.000122 0.000059 0.000030 
5966720 pathfinder 1 1326 27 1.111000 1.389000  0.000023 0.000019 0.000051 0.000110 0.000055 0.000028 
5966784 pathfinder 1 1326 28 1.111000 1.926000  0.000023 0.000018 0.000051 0.000111 0.000055 0.000028 
5966784 pathfinder 1 1326 28 1.111000 1.157000  0.000026 0.000019 0.000050 0.000104 0.000052 0.000027 
5966848 pathfinder 1 1326 28 1.111000 1.620000  0.000024 0.000019 0.000052 0.000119 0.000057 0.000029 
5966848 pathfinder 1 1326 28 1.111000 1.232000  0.000020 0.000017 0.000047 0.000093 0.000049 0.000026 
5966848 pathfinder 1 1326 28 1.111000 1.234000  0.000024 0.000019 0.000051 0.000111 0.000055 0.000028 
5966912 pathfinder 1 1326 28 1.111000 2.158000  0.000021 0.000018 0.000051 0.000112 0.000057 0.000029 
5966912 pathfinder 1 1326 28 1.111000 1.232000  0.000048 0.000021 0.000057 0.000141 0.000062 0.000031 
5966912 pathfinder 1 1326 28 1.111000 2.237000  0.000021 0.000018 0.000049 0.000104 0.000055 0.000028 
5966976 pathfinder 1 1326 28 1.111000 1.155000  0.000022 0.000017 0.000047 0.000106 0.000049 0.000026 
5966976 pathfinder 1 1326 28 1.111000 1.617000  0.000025 0.000019 0.000051 0.000109 0.000054 0.000028 
5966976 pathfinder 1 1326 28 1.111000 1.155000  0.000020 0.000018 0.000048 0.000095 0.000051 0.000028 
5967040 pathfinder 1 1326 28 1.111000 1.156000  0.000021 0.000018 0.000050 0.000109 0.000056 0.000029 
5967040 pathfinder 1 1326 28 1.111000 1.772000  0.000020 0.000018 0.000049 0.000103 0.000054 0.000028 
5967040 pathfinder 1 1326 28 1.111000 1.156000  0.000020 0.000026 0.000062 0.000733 0.000422 0.000241 
5967104 pathfinder 1 1326 28 1.111000 1.543000  0.000023 0.000018 0.000050 0.000105 0.000054 0.000028 
5967104 pathfinder 1 1326 28 1.111000 1.155000  0.000023 0.000019 0.000051 0.000107 0.000054 0.000028 
5967104 pathfinder 1 1326 28 1.111000 1.775000  0.000025 0.000019 0.000051 0.000111 0.000055 0.000028 
5967168 pathfinder 1 1326 28 1.111000 1.927000  0.000020 0.000017 0.000049 0.000105 0.000053 0.000028 
5967168 pathfinder 1 1326 28 1.111000 1.156000  0.000022 0.000018 0.000048 0.000095 0.000049 0.000026 
5967232 pathfinder 1 1326 28 1.111000 1.466000  0.000022 0.000018 0.000050 0.000111 0.000056 0.000029 
5967232 pathfinder 1 1326 28 1.111000 1.157000  0.000018 0.000017 0.000047 0.000100 0.000048 0.000026 
5967232 pathfinder 1 1326 28 1.111000 1.154000  0.000023 0.000018 0.000050 0.000111 0.000056 0.000029 
5967296 pathfinder 1 1326 28 1.111000 1.311000  0.000147 0.000103 0.000279 0.000652 0.000299 0.000135 
5967296 pathfinder 1 1326 27 1.111000 1.156000  0.000019 0.000017 0.000945 0.000659 0.000386 0.000223 
5967296 pathfinder 1 1326 27 1.111000 1.540000  0.000021 0.000017 0.000082 0.000211 0.000080 0.000037 
5967360 pathfinder 1 1326 27 1.111000 1.156000  0.000019 0.000017 0.000047 0.000093 0.000050 0.000027 
5967360 pathfinder 1 1326 27 1.111000 1.308000  0.000020 0.000017 0.000061 0.000135 0.000062 0.000035 
5967360 pathfinder 1 1326 27 1.111000 2.005000  0.000020 0.000017 0.000047 0.000093 0.000050 0.000026 
5967424 pathfinder 1 1326 27 1.111000 1.157000  0.000022 0.000018 0.000051 0.000110 0.000056 0.000029 
5967424 pathfinder 1 1326 27 1.111000 1.697000  0.000019 0.000017 0.000047 0.000092 0.000050 0.000026 
5967424 pathfinder 1 1326 27 1.111000 1.157000  0.000025 0.000018 0.000048 0.000112 0.000050 0.000026 
5967488 pathfinder 1 1326 27 1.111000 1.696000  0.000019 0.000017 0.000047 0.000091 0.000050 0.000026 
5967488 pathfinder 1 1326 27 1.111000 1.156000  0.000020 0.000017 0.000047 0.000092 0.000050 0.000026 
5967488 pathfinder 1 1326 27 1.111000 1.156000  0.000019 0.000017 0.000047 0.000091 0.000050 0.000026 
5967552 pathfinder 1 1326 27 1.111000 1.928000  0.000020 0.000017 0.000047 0.000101 0.000052 0.000027 
5967552 pathfinder 1 1326 27 1.111000 1.772000  0.000021 0.000018 0.000047 0.000093 0.000048 0.000025 
5967616 pathfinder 1 1326 28 1.111000 1.389000  0.000019 0.000017 0.000047 0.000090 0.000049 0.000026 
5967616 pathfinder 1 1326 28 1.111000 1.234000  0.000024 0.000017 0.000047 0.000108 0.000049 0.000026 
5967616 pathfinder 1 1326 28 1.111000 1.620000  0.000019 0.000017 0.000047 0.000091 0.000050 0.000026 
5967680 pathfinder 1 1326 28 1.111000 1.850000  0.000019 0.000017 0.000046 0.000090 0.000050 0.000026 
5967680 pathfinder 1 1326 28 1.111000 1.155000  0.000024 0.000018 0.000050 0.000111 0.000055 0.000028 
5967680 pathfinder 1 1326 28 1.111000 1.851000  0.000019 0.000017 0.000046 0.000090 0.000049 0.000026 
5967744 pathfinder 1 1326 28 1.111000 1.156000  0.000025 0.000017 0.000047 0.000110 0.000049 0.000026 
5967744 pathfinder 1 1326 28 1.111000 1.696000  0.000018 0.000017 0.000046 0.000089 0.000049 0.000026 
5967744 pathfinder 1 1326 28 1.111000 1.156000  0.000019 0.000017 0.000046 0.000090 0.000049 0.000026 
5967808 pathfinder 1 1326 27 1.111000 1.234000  0.000018 0.000017 0.000046 0.000090 0.000049 0.000026 
5967808 pathfinder 1 1326 27 1.111000 2.080000  0.000019 0.000017 0.000046 0.000090 0.000049 0.000026 
5967808 pathfinder 1 1326 28 1.111000 1.155000  0.000018 0.000016 0.000044 0.000087 0.000047 0.000025 
5967872 pathfinder 1 1326 28 1.111000 1.620000  0.000024 0.000018 0.000050 0.000109 0.000055 0.000027 
5967872 pathfinder 1 1326 27 1.111000 1.157000  0.000019 0.000017 0.000046 0.000092 0.000048 0.000025 
5967872 pathfinder 1 1326 27 1.111000 1.233000  0.000018 0.000017 0.000046 0.000089 0.000048 0.000026 
5967936 pathfinder 1 1326 27 1.111000 2.235000  0.000018 0.000017 0.000047 0.000101 0.000052 0.000027 
5967936 pathfinder 1 1326 28 1.111000 1.157000  0.000023 0.000018 0.000048 0.000099 0.000049 0.000026 
5967936 pathfinder 1 1326 28 1.111000 1.851000  0.000019 0.000017 0.000046 0.000089 0.000048 0.000026 
5968000 pathfinder 1 1326 27 1.111000 1.156000  0.000019 0.000016 0.000045 0.000102 0.000047 0.000025 
5968000 pathfinder 1 1326 27 1.111000 1.694000  0.000022 0.000017 0.000047 0.000103 0.000051 0.000026 
5968064 pathfinder 1 1326 28 1.111000 1.155000  0.000019 0.000016 0.000045 0.000147 0.000052 0.000026 
5968064 pathfinder 1 1326 28 1.111000 1.234000  0.000021 0.000017 0.000047 0.000099 0.000052 0.000027 
5968064 pathfinder 1 1326 27 1.111000 1.697000  0.000019 0.000016 0.000045 0.000090 0.000049 0.000025 
5968128 pathfinder 1 1326 27 1.111000 1.156000  0.000017 0.000015 0.000043 0.000085 0.000044 0.000024 
5968128 pathfinder 1 1326 27 1.111000 1.618000  0.000022 0.000017 0.000048 0.000108 0.000054 0.000027 
5968128 pathfinder 1 1326 28 1.111000 1.156000  0.000019 0.000017 0.000045 0.000092 0.000048 0.000025 
5968192 pathfinder 1 1326 28 1.111000 1.156000  0.000022 0.000017 0.000048 0.000101 0.000052 0.000027 
5968192 pathfinder 1 1326 28 1.111000 1.849000  0.000020 0.000017 0.000046 0.000099 0.000051 0.000026 
5968192 pathfinder 1 1326 28 1.111000 1.157000  0.000017 0.000015 0.000043 0.000083 0.000044 0.000024 
5968256 pathfinder 1 1326 28 1.111000 1.617000  0.000024 0.000017 0.000047 0.000100 0.000052 0.000026 
5968256 pathfinder 1 1326 28 1.111000 1.233000  0.000018 0.000017 0.000045 0.000089 0.000047 0.000025 
5968256 pathfinder 1 1326 28 1.111000 1.157000  0.000022 0.000017 0.000048 0.000101 0.000051 0.000027 
5968320 pathfinder 1 1326 28 1.111000 1.773000  0.000020 0.000016 0.000045 0.000096 0.000049 0.000026 
5968320 pathfinder 1 1326 28 1.111000 1.156000  0.000033 0.000018 0.000047 0.000101 0.000048 0.000025 
5968320 pathfinder 1 1326 27 1.111000 1.232000  0.000018 0.000024 0.000058 0.000124 0.000088 0.000041 
5968384 pathfinder 1 1326 27 1.111000 1.155000  0.000020 0.000016 0.000043 0.000098 0.000046 0.000024 
5968384 pathfinder 1 1326 27 1.111000 1.309000  0.000017 0.000016 0.000045 0.000086 0.000047 0.000025 
5968448 pathfinder 1 1326 27 1.111000 2.005000  0.000021 0.000016 0.000044 0.000097 0.000048 0.000025 
5968448 pathfinder 1 1326 28 1.111000 1.311000  0.000023 0.000017 0.000047 0.000100 0.000051 0.000026 
5968448 pathfinder 1 1326 28 1.111000 1.850000  0.000019 0.000017 0.000047 0.000100 0.000051 0.000026 
5968512 pathfinder 1 1326 28 1.111000 1.156000  0.000017 0.000015 0.000043 0.000083 0.000044 0.000024 
5968512 pathfinder 1 1326 28 1.111000 1.695000  0.000023 0.000017 0.000047 0.000105 0.000053 0.000027 
5968512 pathfinder 1 1326 28 1.111000 1.156000  0.000018 0.000016 0.000044 0.000089 0.000047 0.000025 
5968576 pathfinder 1 1326 27 1.111000 1.156000  0.000018 0.000016 0.000044 0.000118 0.000058 0.000029 
5968576 pathfinder 1 1326 27 1.111000 1.618000  0.000019 0.000016 0.000044 0.000088 0.000047 0.000025 
5968576 pathfinder 1 1326 27 1.111000 1.157000  0.000017 0.000015 0.000043 0.000081 0.000044 0.000024 
5968640 pathfinder 1 1326 27 1.111000 1.695000  0.000018 0.000034 0.000093 0.000208 0.000077 0.000037 
5968640 pathfinder 1 1326 27 1.111000 1.232000  0.000023 0.000017 0.000048 0.000100 0.000050 0.000026 
5968640 pathfinder 1 1326 27 1.111000 1.157000  0.000023 0.000017 0.000047 0.000104 0.000052 0.000027 
5968704 pathfinder 1 1326 27 1.111000 1.156000  0.000019 0.000017 0.000046 0.000102 0.000052 0.000026 
5968704 pathfinder 1 1326 27 1.111000 1.157000  0.000021 0.000017 0.000045 0.000089 0.000045 0.000024 
5968704 pathfinder 1 1326 27 1.111000 1.694000  0.000021 0.000017 0.000046 0.000099 0.000051 0.000026 
5968768 pathfinder 1 1326 28 1.111000 1.929000  0.000017 0.000015 0.000042 0.000082 0.000043 0.000024 
5968768 pathfinder 1 1326 28 1.111000 1.233000  0.000021 0.000017 0.000046 0.000099 0.000051 0.000026 
5968768 pathfinder 1 1326 28 1.111000 1.156000  0.000039 0.000018 0.000058 0.000150 0.000063 0.000030 
5968832 pathfinder 1 1326 28 1.111000 1.156000  0.000023 0.000017 0.000046 0.000099 0.000050 0.000026 
5968832 pathfinder 1 1326 28 1.111000 1.620000  0.000023 0.000017 0.000046 0.000100 0.000050 0.000026 
5968896 pathfinder 1 1326 28 1.111000 1.155000  0.000017 0.000015 0.000043 0.000099 0.000046 0.000024 
5968896 pathfinder 1 1326 28 1.111000 1.618000  0.000017 0.000016 0.000043 0.000083 0.000050 0.000026 
5968896 pathfinder 1 1326 28 1.111000 1.157000  0.000020 0.000016 0.000045 0.000100 0.000049 0.000025 
5968960 pathfinder 1 1326 27 1.111000 1.157000  0.000019 0.000016 0.000045 0.000098 0.000049 0.000025 
5968960 pathfinder 1 1326 27 1.111000 1.928000  0.000018 0.000016 0.000043 0.000087 0.000047 0.000024 
5968960 pathfinder 1 1326 27 1.111000 1.156000  0.000017 0.000015 0.000042 0.000081 0.000043 0.000023 
5969024 pathfinder 1 1326 27 1.111000 1.540000  0.000021 0.000017 0.000046 0.000103 0.000051 0.000026 
5969024 pathfinder 1 1326 27 1.111000 1.158000  0.000016 0.000015 0.000042 0.000090 0.000043 0.000024 
5969024 pathfinder 1 1326 28 1.111000 1.697000  0.000032 0.000018 0.000047 0.000106 0.000052 0.000026 
5969088 pathfinder 1 1326 28 1.111000 1.155000  0.000018 0.000016 0.000043 0.000088 0.000046 0.000024 
5969088 pathfinder 1 1326 28 1.111000 1.156000  0.000017 0.000016 0.000043 0.000084 0.000046 0.000024 
5969088 pathfinder 1 1326 28 1.111000 1.851000  0.000021 0.000017 0.000046 0.000103 0.000051 0.000026 
5969152 pathfinder 1 1326 27 1.111000 1.310000  0.000016 0.000015 0.000041 0.000079 0.000042 0.000024 
5969152 pathfinder 1 1326 27 1.111000 1.697000  0.000021 0.000017 0.000045 0.000096 0.000049 0.000025 
5969152 pathfinder 1 1326 27 1.111000 1.156000  0.000018 0.000015 0.000043 0.000085 0.000045 0.000024 
5969216 pathfinder 1 1326 27 1.111000 1.156000  0.000017 0.000015 0.000043 0.000082 0.000045 0.000024 
5969216 pathfinder 1 1326 27 1.111000 2.002000  0.000031 0.000018 0.000048 0.000111 0.000052 0.000026 
5969280 pathfinder 1 1326 27 1.111000 1.155000  0.000016 0.000015 0.000041 0.000079 0.000042 0.000023 
5969280 pathfinder 1 1326 27 1.111000 1.696000  0.000017 0.000016 0.000043 0.000082 0.000045 0.000024 
5969280 pathfinder 1 1326 27 1.111000 1.927000  0.000020 0.000016 0.000044 0.000097 0.000049 0.000025 
5969344 pathfinder 1 1326 27 1.111000 1.156000  0.000021 0.000016 0.000044 0.000097 0.000049 0.000025 
5969344 pathfinder 1 1326 27 1.111000 1.773000  0.000019 0.000015 0.000043 0.000097 0.000048 0.000025 
5969344 pathfinder 1 1326 27 1.111000 1.156000  0.000023 0.000016 0.000045 0.000100 0.000050 0.000026 
5969408 pathfinder 1 1326 27 1.111000 1.695000  0.000017 0.000015 0.000042 0.000083 0.000045 0.000024 
5969408 pathfinder 1 1326 27 1.111000 1.233000  0.000027 0.000015 0.000043 0.000103 0.000044 0.000023 
5969408 pathfinder 1 1326 27 1.111000 1.155000  0.000017 0.000015 0.000042 0.000083 0.000045 0.000024 
5969472 pathfinder 1 1326 27 1.111000 1.541000  0.000018 0.000015 0.000042 0.000084 0.000045 0.000024 
5969472 pathfinder 1 1326 27 1.111000 1.156000  0.000021 0.000016 0.000044 0.000094 0.000047 0.000025 
5969472 pathfinder 1 1326 28 1.111000 2.083000  0.000018 0.000015 0.000042 0.000084 0.000045 0.000024 
5969536 pathfinder 1 1326 28 1.111000 1.156000  0.000017 0.000015 0.000041 0.000079 0.000042 0.000022 
5969536 pathfinder 1 1326 28 1.111000 1.695000  0.000020 0.000016 0.000045 0.000101 0.000049 0.000025 
5969536 pathfinder 1 1326 28 1.111000 1.156000  0.000020 0.000016 0.000043 0.000086 0.000045 0.000024 
5969600 pathfinder 1 1326 28 1.111000 1.233000  0.000021 0.000016 0.000045 0.000096 0.000049 0.000025 
5969600 pathfinder 1 1326 28 1.111000 1.464000  0.000016 0.000015 0.000043 0.000090 0.000047 0.000024 
5969600 pathfinder 1 1326 27 1.111000 1.155000  0.000020 0.000016 0.000043 0.000083 0.000045 0.000024 
5969664 pathfinder 1 1326 27 1.111000 1.850000  0.000017 0.000015 0.000042 0.000081 0.000045 0.000023 
5969664 pathfinder 1 1326 27 1.111000 1.155000  0.000021 0.000015 0.000042 0.000089 0.000043 0.000023 
5969728 pathfinder 1 1326 27 1.111000 1.695000  0.000016 0.000015 0.000042 0.000080 0.000044 0.000023 
5969728 pathfinder 1 1326 27 1.111000 1.156000  0.000018 0.000015 0.000042 0.000106 0.000046 0.000024 
5969728 pathfinder 1 1326 27 1.111000 1.156000  0.000017 0.000015 0.000042 0.000082 0.000044 0.000023 
5969792 pathfinder 1 1326 27 1.111000 1.772000  0.000017 0.000015 0.000042 0.000081 0.000044 0.000023 
5969792 pathfinder 1 1326 27 1.111000 1.233000  0.000027 0.000018 0.000048 0.000168 0.000050 0.000024 
5969792 pathfinder 1 1326 27 1.111000 1.616000  0.000016 0.000015 0.000041 0.000080 0.000044 0.000023 
5969856 pathfinder 1 1326 27 1.111000 1.156000  0.000017 0.000015 0.000041 0.000080 0.000044 0.000023 
5969856 pathfinder 1 1326 27 1.111000 1.155000  0.000017 0.000015 0.000041 0.000081 0.000044 0.000023 
5969856 pathfinder 1 1326 27 1.111000 1.696000  0.000019 0.000015 0.000042 0.000091 0.000047 0.000024 
5969920 pathfinder 1 1326 27 1.111000 1.312000  0.000016 0.000014 0.000040 0.000077 0.000041 0.000022 
5969920 pathfinder 1 1326 27 1.111000 1.697000  0.000020 0.000016 0.000044 0.000096 0.000047 0.000025 
5969920 pathfinder 1 1326 28 1.111000 1.233000  0.000018 0.000015 0.000041 0.000083 0.000044 0.000023 
5969984 pathfinder 1 1326 28 1.111000 1.002000  0.000018 0.000015 0.000043 0.000095 0.000048 0.000025 
5969984 pathfinder 1 1326 27 1.111000 2.083000  0.000017 0.000015 0.000043 0.000096 0.000046 0.000024 
5969984 pathfinder 1 1326 27 1.111000 1.232000  0.000022 0.000016 0.000047 0.000138 0.000053 0.000025 
5970048 pathfinder 1 1326 28 1.111000 1.233000  0.000017 0.000015 0.000041 0.000080 0.000044 0.000023 
5970048 pathfinder 1 1326 28 1.111000 1.311000  0.111408 0.025795 0.054137 0.111612 0.030494 0.012894 
5970112 pathfinder 1 1326 27 1.111000 1.156000  0.000020 0.000015 0.000043 0.000096 0.000048 0.000025 
5970112 pathfinder 1 1326 28 1.111000 1.930000  0.000019 0.000015 0.000042 0.000093 0.000047 0.000024 
5970176 pathfinder 1 1326 28 1.111000 1.695000  0.000024 0.000020 0.000055 0.000110 0.000057 0.000030 
5970176 pathfinder 1 1326 28 1.111000 1.543000  0.000019 0.000015 0.000043 0.000089 0.000047 0.000024 
5970240 pathfinder 1 1326 28 1.111000 0.308000  0.000020 0.000014 0.000040 0.000085 0.000042 0.000022 
5970240 pathfinder 1 1326 27 1.111000 0.539000  0.000019 0.000016 0.000043 0.000088 0.000047 0.000024 
5970240 pathfinder 1 1326 27 1.111000 0.925000  0.000019 0.000016 0.000043 0.000090 0.000047 0.000024 
5970304 pathfinder 1 1326 27 1.111000 0.385000  0.000019 0.000015 0.000041 0.000084 0.000043 0.000022 
5970304 pathfinder 1 1326 27 1.111000 1.002000  0.000019 0.000016 0.000042 0.000090 0.000047 0.000024 
5970304 pathfinder 1 1326 27 1.111000 0.308000  0.000019 0.000015 0.000040 0.000084 0.000042 0.000023 
5970368 pathfinder 1 1326 27 1.111000 0.308000  0.000017 0.000015 0.000043 0.000090 0.000047 0.000024 
5970368 pathfinder 1 1326 27 1.111000 1.080000  0.000017 0.000015 0.000040 0.000251 0.000095 0.000042 
5970368 pathfinder 1 1326 27 1.111000 0.539000  0.000016 0.000014 0.000040 0.000082 0.000042 0.000022 
5970432 pathfinder 1 1326 27 1.111000 1.002000  0.000016 0.000015 0.000040 0.000078 0.000043 0.000022 
5970432 pathfinder 1 1326 27 1.111000 1.233000  0.000019 0.000015 0.000042 0.000092 0.000047 0.000023 
5970432 pathfinder 1 1326 27 1.111000 0.308000  0.000019 0.000015 0.000043 0.000091 0.000047 0.000024 
5970496 pathfinder 1 1326 28 1.111000 0.847000  0.000017 0.000015 0.000040 0.000080 0.000043 0.000022 
5970496 pathfinder 1 1326 28 1.111000 0.308000  0.000016 0.000014 0.000038 0.000075 0.000040 0.000021 
5970496 pathfinder 1 1326 27 1.111000 0.847000  0.000004 0.000004 0.000010 0.000021 0.000013 0.000006 
5970560 pathfinder 1 1326 27 1.111000 0.308000  0.000019 0.000015 0.000098 0.000213 0.000086 0.000039 
5970560 pathfinder 1 1326 27 1.111000 0.385000  0.000017 0.000014 0.000040 0.000083 0.000044 0.000023 
5970624 pathfinder 1 1326 27 1.111000 0.462000  0.000018 0.000015 0.000041 0.000086 0.000045 0.000023 
5970624 pathfinder 1 1326 27 1.111000 0.385000  0.000017 0.000015 0.000042 0.000085 0.000046 0.000024 
5970624 pathfinder 1 1326 27 1.111000 1.078000  0.000017 0.000014 0.000040 0.000083 0.000045 0.000023 
5970688 pathfinder 1 1326 27 1.111000 0.308000  0.000016 0.000014 0.000039 0.000078 0.000040 0.000022 
5970688 pathfinder 1 1326 27 1.111000 0.925000  0.000017 0.000015 0.000095 0.000206 0.000082 0.000038 
5970688 pathfinder 1 1326 27 1.111000 0.386000  0.000016 0.000014 0.000039 0.000083 0.000042 0.000022 
5970752 pathfinder 1 1326 27 1.111000 0.308000  0.000018 0.000015 0.000041 0.000086 0.000046 0.000024 
5970752 pathfinder 1 1326 27 1.111000 1.003000  0.000017 0.000015 0.000041 0.000087 0.000047 0.000024 
5970752 pathfinder 1 1326 27 1.111000 0.540000  0.000018 0.000014 0.000038 0.000087 0.000040 0.000021 
5970816 pathfinder 1 1326 27 1.111000 1.078000  0.000019 0.000015 0.000042 0.000089 0.000047 0.000024 
5970816 pathfinder 1 1326 27 1.111000 0.308000  0.000046 0.000024 0.000063 0.000150 0.000071 0.000034 
5970816 pathfinder 1 1326 27 1.111000 0.462000  0.000019 0.000016 0.000042 0.000086 0.000047 0.000024 
5970880 pathfinder 1 1326 27 1.111000 1.080000  0.000016 0.000021 0.000051 0.000110 0.000051 0.000029 
