#Timestamp	Benchmark	Run(#)	CPU Frequency (MHz)	CPU Temperature(C)	CPU Voltage(V)	CPU Power(W)	CPU_CYCLES	L1_DATA_CACHE_ACCESS	INSTRUCTIONS_RETIRED	BUS_CYCLES	L1I_CACHE_ACCESS	PREDICTABLE_BRANCH_SPECULATIVELY_EXECUTED
1816320 srad_v1 1 102 23 0.842000 0.385000  0.000007 0.000006 0.000018 0.000034 0.000022 0.000011 
1816384 srad_v1 1 102 23 0.842000 0.308000  0.000020 0.000017 0.000049 0.000096 0.000053 0.000028 
1816384 srad_v1 1 102 23 0.842000 0.308000  0.000004 0.000004 0.000012 0.000023 0.000016 0.000009 
1816448 srad_v1 1 102 24 0.842000 0.385000  0.000005 0.000004 0.000012 0.000023 0.000015 0.000008 
1816448 srad_v1 1 102 24 0.842000 0.308000  0.000018 0.000016 0.000046 0.000088 0.000047 0.000025 
1816512 srad_v1 1 102 23 0.842000 0.308000  0.000020 0.000017 0.000048 0.000097 0.000050 0.000026 
1816576 srad_v1 1 102 23 0.842000 0.231000  0.000007 0.000039 0.000027 0.000082 0.000000 0.000005 
1816576 srad_v1 1 102 23 0.842000 0.308000  0.000007 0.000040 0.000026 0.000082 0.000000 0.000005 
1816640 srad_v1 1 102 23 0.842000 0.231000  0.000023 0.000021 0.000058 0.000110 0.000060 0.000032 
1816640 srad_v1 1 102 23 0.842000 0.308000  0.000007 0.000040 0.000028 0.000089 0.000000 0.000005 
1816704 srad_v1 1 102 23 0.842000 0.308000  0.000005 0.000004 0.000012 0.000024 0.000016 0.000008 
1816768 srad_v1 1 102 23 0.842000 0.308000  0.000018 0.000016 0.000048 0.000095 0.000049 0.000026 
1816768 srad_v1 1 102 23 0.842000 0.308000  0.000018 0.000016 0.000046 0.000089 0.000047 0.000025 
1816896 srad_v1 1 102 23 0.842000 0.308000  0.000021 0.000018 0.000048 0.000104 0.000053 0.000027 
1816896 srad_v1 1 102 24 0.842000 0.308000  0.000018 0.000016 0.000045 0.000087 0.000047 0.000025 
1816960 srad_v1 1 102 23 0.842000 0.308000  0.000021 0.000018 0.000048 0.000093 0.000049 0.000027 
1817024 srad_v1 1 102 23 0.842000 0.308000  0.000018 0.000017 0.000047 0.000092 0.000049 0.000026 
1817024 srad_v1 1 102 23 0.842000 0.308000  0.000007 0.000047 0.000028 0.000100 0.000000 0.000005 
1817088 srad_v1 1 102 23 0.842000 0.308000  0.000018 0.000016 0.000045 0.000086 0.000049 0.000026 
1817088 srad_v1 1 102 23 0.842000 0.308000  0.000019 0.000016 0.000047 0.000122 0.000057 0.000029 
1817152 srad_v1 1 102 23 0.842000 0.308000  0.000018 0.000016 0.000045 0.000103 0.000052 0.000027 
1817216 srad_v1 1 102 23 0.842000 0.308000  0.000020 0.000018 0.000048 0.000097 0.000050 0.000026 
1817280 srad_v1 1 102 23 0.842000 0.308000  0.000018 0.000016 0.000045 0.000086 0.000047 0.000026 
1817280 srad_v1 1 102 23 0.842000 0.231000  0.000025 0.000029 0.000074 0.000152 0.000074 0.000038 
1817344 srad_v1 1 102 23 0.842000 0.308000  0.000007 0.000038 0.000026 0.000080 0.000000 0.000005 
1817408 srad_v1 1 102 23 0.842000 0.308000  0.000031 0.000020 0.000052 0.000108 0.000053 0.000027 
1817408 srad_v1 1 102 23 0.842000 0.231000  0.003958 0.001101 0.002213 0.004059 0.001348 0.000538 
1817472 srad_v1 1 102 23 0.842000 0.308000  0.000018 0.000016 0.000045 0.000087 0.000047 0.000025 
1817536 srad_v1 1 102 23 0.842000 0.308000  0.000019 0.000017 0.000051 0.000102 0.000052 0.000027 
1817536 srad_v1 1 102 23 0.842000 0.308000  0.000021 0.000018 0.000049 0.000096 0.000051 0.000027 
1817600 srad_v1 1 102 23 0.842000 0.308000  0.000018 0.000016 0.000045 0.000088 0.000046 0.000025 
1817664 srad_v1 1 102 23 0.842000 0.308000  0.000020 0.000017 0.000047 0.000091 0.000049 0.000026 
1817664 srad_v1 1 102 23 0.842000 0.308000  0.000008 0.000049 0.000030 0.000095 0.000000 0.000005 
1817728 srad_v1 1 102 23 0.842000 0.308000  0.000018 0.000016 0.000045 0.000092 0.000049 0.000026 
1817792 srad_v1 1 102 23 0.842000 0.308000  0.000007 0.000038 0.000026 0.000080 0.000000 0.000005 
1817856 srad_v1 1 102 23 0.842000 0.308000  0.000019 0.000016 0.000045 0.000087 0.000050 0.000026 
1817856 srad_v1 1 102 23 0.842000 0.308000  0.001037 0.002293 0.001136 0.002338 0.000000 0.000049 
1817920 srad_v1 1 102 23 0.842000 0.231000  0.000007 0.000048 0.000028 0.000092 0.000000 0.000005 
1817984 srad_v1 1 102 23 0.842000 0.308000  0.042777 0.023207 0.056039 0.042933 0.023693 0.013119 
1817984 srad_v1 1 102 23 0.842000 0.308000  0.000063 0.000029 0.000072 0.000149 0.000069 0.000036 
1818048 srad_v1 1 102 24 0.842000 0.231000  0.000020 0.000017 0.000047 0.000097 0.000050 0.000026 
1818112 srad_v1 1 102 23 0.842000 0.231000  0.000018 0.000016 0.000045 0.000090 0.000048 0.000025 
1818112 srad_v1 1 102 23 0.842000 0.308000  0.000018 0.000017 0.000045 0.000088 0.000050 0.000026 
1818176 srad_v1 1 102 23 0.842000 0.308000  0.000021 0.000017 0.000048 0.000097 0.000050 0.000027 
1818240 srad_v1 1 102 23 0.842000 0.231000  0.000019 0.000025 0.000060 0.003920 0.001447 0.000597 
1818304 srad_v1 1 102 23 0.842000 0.385000  0.006041 0.001430 0.003433 0.006141 0.002195 0.000000 
1818368 srad_v1 1 102 23 0.842000 0.308000  0.031444 0.011189 0.023753 0.031594 0.012429 0.005516 
1818432 srad_v1 1 102 23 0.842000 0.308000  0.000024 0.000019 0.000056 0.000127 0.000060 0.000030 
1818432 srad_v1 1 102 24 0.842000 0.308000  0.000022 0.000020 0.000056 0.000112 0.000057 0.000031 
1818496 srad_v1 1 102 23 0.842000 0.308000  0.000029 0.000022 0.000061 0.000138 0.000071 0.000036 
1818496 srad_v1 1 102 24 0.842000 0.308000  0.000022 0.000020 0.000055 0.000127 0.000063 0.000032 
1818560 srad_v1 1 102 23 0.842000 0.308000  0.000018 0.000016 0.000044 0.000086 0.000046 0.000025 
1818624 srad_v1 1 102 23 0.842000 0.308000  0.039798 0.014193 0.029612 0.039894 0.015687 0.006924 
1818688 srad_v1 1 102 23 0.842000 0.307000  0.000025 0.000022 0.000061 0.000121 0.000064 0.000034 
1818752 srad_v1 1 102 23 0.842000 0.308000  0.000025 0.000028 0.000072 0.000148 0.000071 0.000037 
1818752 srad_v1 1 102 24 0.842000 0.308000  0.000022 0.000020 0.000055 0.000105 0.000057 0.000031 
1818816 srad_v1 1 102 24 0.842000 0.307000  0.000022 0.000020 0.000055 0.000106 0.000057 0.000030 
1818880 srad_v1 1 102 24 0.842000 0.307000  0.000022 0.000020 0.000055 0.000104 0.000057 0.000030 
1818880 srad_v1 1 102 24 0.842000 0.308000  0.000221 0.000092 0.000202 0.000405 0.000000 0.000000 
1818944 srad_v1 1 102 24 0.842000 0.308000  0.000026 0.000018 0.000047 0.000093 0.000048 0.000025 
1819008 srad_v1 1 102 24 0.842000 0.308000  0.003201 0.000748 0.001480 0.003284 0.001004 0.000401 
1819008 srad_v1 1 102 23 0.842000 0.308000  0.000021 0.000027 0.000067 0.000146 0.000068 0.000036 
1819072 srad_v1 1 102 24 0.842000 0.308000  0.000017 0.000016 0.000045 0.000100 0.000051 0.000026 
1819136 srad_v1 1 102 23 0.842000 0.308000  0.000018 0.000018 0.000047 0.000104 0.000062 0.000034 
1819200 srad_v1 1 102 23 0.842000 0.308000  0.000020 0.000018 0.000048 0.000102 0.000056 0.000028 
1819200 srad_v1 1 102 24 0.842000 0.385000  0.000032 0.000019 0.000049 0.000110 0.000053 0.000027 
1819264 srad_v1 1 102 24 0.842000 0.308000  0.001228 0.000333 0.000640 0.001323 0.000465 0.000186 
1819328 srad_v1 1 102 24 0.842000 0.308000  0.000017 0.000018 0.000048 0.000109 0.000053 0.000027 
1819328 srad_v1 1 102 24 0.842000 0.231000  0.000029 0.000023 0.000069 0.010463 0.004607 0.002191 
1819392 srad_v1 1 102 24 0.842000 0.308000  0.000023 0.000020 0.000056 0.000123 0.000098 0.000044 
1819456 srad_v1 1 102 23 0.842000 0.308000  0.000020 0.000016 0.000056 0.000159 0.000074 0.000045 
1819520 srad_v1 1 102 24 0.842000 0.385000  0.000024 0.000023 0.000062 0.000142 0.000069 0.000036 
1819584 srad_v1 1 102 24 0.842000 0.308000  0.000025 0.000021 0.000060 0.000117 0.000063 0.000033 
1819584 srad_v1 1 102 23 0.842000 0.308000  0.000018 0.000016 0.000044 0.000085 0.000046 0.000024 
1819648 srad_v1 1 102 23 0.842000 0.308000  0.000058 0.000032 0.000093 0.000220 0.000092 0.000058 
1819712 srad_v1 1 102 23 0.842000 0.308000  0.000017 0.000016 0.000044 0.000095 0.000048 0.000025 
1819776 srad_v1 1 102 23 0.842000 0.308000  0.000017 0.000016 0.000055 0.000136 0.000066 0.000032 
1819776 srad_v1 1 102 24 0.842000 0.308000  0.000017 0.000016 0.000046 0.000101 0.000050 0.000026 
1819840 srad_v1 1 102 23 0.842000 0.231000  0.000021 0.000019 0.000090 0.000204 0.000100 0.000045 
1819904 srad_v1 1 102 23 0.842000 0.308000  0.000021 0.000019 0.000053 0.000101 0.000057 0.000030 
1819904 srad_v1 1 102 23 0.842000 0.308000  0.000022 0.000019 0.000050 0.000102 0.000052 0.000026 
1819968 srad_v1 1 102 23 0.842000 0.308000  0.001188 0.000327 0.000643 0.001273 0.000453 0.000185 
1820032 srad_v1 1 102 23 0.842000 0.308000  0.000025 0.000022 0.000062 0.000120 0.000081 0.000040 
1820032 srad_v1 1 102 23 0.842000 0.308000  0.000005 0.000004 0.000012 0.000023 0.000015 0.000007 
1820096 srad_v1 1 102 24 0.842000 0.308000  0.000018 0.000017 0.000046 0.000097 0.000047 0.000025 
1820160 srad_v1 1 102 24 0.842000 0.231000  0.000048 0.000030 0.000084 0.000175 0.000133 0.000066 
1820160 srad_v1 1 102 23 0.842000 0.308000  0.000021 0.000019 0.000053 0.000104 0.000054 0.000029 
1820224 srad_v1 1 102 24 0.842000 0.308000  0.000021 0.000019 0.000053 0.000100 0.000055 0.000029 
1820288 srad_v1 1 102 24 0.842000 0.308000  0.000022 0.000019 0.000053 0.000106 0.000057 0.000030 
1820352 srad_v1 1 102 23 0.842000 0.231000  0.000022 0.000030 0.004428 0.006122 0.002379 0.001054 
1820352 srad_v1 1 102 24 0.842000 0.308000  0.000018 0.000016 0.000043 0.000086 0.000045 0.000024 
1820416 srad_v1 1 102 23 0.842000 0.308000  0.000020 0.000017 0.000045 0.000090 0.000049 0.000026 
