#Timestamp	Benchmark	Run(#)	CPU Frequency (MHz)	CPU Temperature(C)	CPU Voltage(V)	CPU Power(W)	CPU_CYCLES	L1_DATA_CACHE_ACCESS	INSTRUCTIONS_RETIRED	BUS_CYCLES	L1I_CACHE_ACCESS	PREDICTABLE_BRANCH_SPECULATIVELY_EXECUTED
6370432 srad_v2 1 1632 29 1.188000 2.312000  0.000030 0.000021 0.000061 0.000163 0.000067 0.000033 
6561984 srad_v2 1 1632 29 1.188000 2.079000  0.000037 0.000031 0.000085 0.000171 0.000090 0.000048 
6561984 srad_v2 1 1632 29 1.188000 1.232000  0.000036 0.000030 0.000082 0.000164 0.000086 0.000046 
6562048 srad_v2 1 1632 29 1.188000 1.464000  0.000072 0.000037 0.000096 0.000228 0.000106 0.000052 
6562048 srad_v2 1 1632 28 1.188000 1.233000  0.000039 0.000031 0.000086 0.000205 0.000097 0.000049 
6562048 srad_v2 1 1632 29 1.188000 2.005000  0.000034 0.000029 0.000080 0.000179 0.000082 0.000044 
6562112 srad_v2 1 1632 29 1.188000 1.619000  0.000041 0.000029 0.000084 0.000196 0.000092 0.000050 
6562112 srad_v2 1 1632 30 1.188000 1.619000  0.000038 0.000031 0.000087 0.000197 0.000095 0.000048 
6562112 srad_v2 1 1632 30 1.188000 1.618000  0.000041 0.000031 0.000086 0.000188 0.000094 0.000049 
6562176 srad_v2 1 1632 30 1.188000 2.386000  0.000037 0.000030 0.000084 0.000187 0.000095 0.000049 
6562176 srad_v2 1 1632 30 1.188000 1.619000  0.044984 0.012059 0.026855 0.045103 0.013619 0.006145 
6562240 srad_v2 1 1632 30 1.188000 2.233000  0.000236 0.000123 0.000272 0.000496 0.000232 0.000109 
6562240 srad_v2 1 1632 30 1.188000 1.618000  0.000036 0.000030 0.000082 0.000166 0.000088 0.000046 
6562240 srad_v2 1 1632 29 1.188000 1.618000  0.000032 0.000028 0.000079 0.000153 0.000080 0.000043 
6562304 srad_v2 1 1632 29 1.188000 2.081000  0.000035 0.000030 0.000081 0.000161 0.000087 0.000046 
6562304 srad_v2 1 1632 29 1.188000 2.004000  0.000039 0.000030 0.000081 0.000167 0.000086 0.000045 
6562304 srad_v2 1 1632 29 1.188000 1.619000  0.000037 0.000031 0.000085 0.000188 0.000092 0.000048 
6562368 srad_v2 1 1632 29 1.188000 2.698000  0.000037 0.000030 0.000083 0.000181 0.000091 0.000047 
6562368 srad_v2 1 1632 29 1.188000 1.695000  0.000041 0.000030 0.000081 0.000170 0.000083 0.000044 
6562368 srad_v2 1 1632 29 1.188000 2.235000  0.000036 0.000030 0.000084 0.000193 0.000095 0.000048 
6562432 srad_v2 1 1632 29 1.188000 1.696000  0.000034 0.000028 0.000077 0.000154 0.000083 0.000044 
6562432 srad_v2 1 1632 29 1.188000 1.773000  0.000233 0.000172 0.000468 0.001077 0.000529 0.000280 
6562432 srad_v2 1 1632 29 1.188000 3.003000  0.000038 0.000030 0.000083 0.000194 0.000092 0.000047 
6562496 srad_v2 1 1632 29 1.188000 1.695000  0.000032 0.000027 0.000077 0.000177 0.000079 0.000042 
6562496 srad_v2 1 1632 29 1.188000 2.466000  0.000046 0.000030 0.000081 0.000183 0.000090 0.000046 
6562496 srad_v2 1 1632 29 1.188000 1.696000  0.000033 0.000029 0.000079 0.000158 0.000084 0.000044 
6562560 srad_v2 1 1632 29 1.188000 1.696000  0.000039 0.000030 0.000083 0.000182 0.000089 0.000046 
6562560 srad_v2 1 1632 29 1.188000 2.465000  0.000043 0.000029 0.000081 0.000181 0.000088 0.000045 
6562560 srad_v2 1 1632 29 1.188000 1.696000  0.000034 0.000027 0.000075 0.000153 0.000078 0.000042 
6562624 srad_v2 1 1632 29 1.188000 2.155000  0.000033 0.000028 0.000081 0.000183 0.000087 0.000045 
6562624 srad_v2 1 1632 29 1.188000 0.692000  0.000209 0.000046 0.000108 0.000353 0.000109 0.000053 
6562688 srad_v2 1 1632 29 1.188000 1.849000  0.000032 0.000041 0.000100 0.000253 0.000115 0.000064 
6562688 srad_v2 1 1632 30 1.188000 1.924000  0.000037 0.000030 0.000080 0.000176 0.000086 0.000044 
6562688 srad_v2 1 1632 30 1.188000 1.542000  0.000014 0.000008 0.000021 0.000057 0.000027 0.000013 
