#Timestamp	Benchmark	Run(#)	CPU Frequency (MHz)	CPU Temperature(C)	CPU Voltage(V)	CPU Power(W)	CPU_CYCLES	L1_DATA_CACHE_ACCESS	INSTRUCTIONS_RETIRED	BUS_CYCLES	L1I_CACHE_ACCESS	PREDICTABLE_BRANCH_SPECULATIVELY_EXECUTED
5964160 myocyte 1 1326 27 1.111000 1.618000  0.000028 0.000024 0.000067 0.000143 0.000075 0.000038 
5964224 myocyte 1 1326 27 1.111000 1.001000  0.000007 0.000006 0.000017 0.000035 0.000021 0.000010 
5964224 myocyte 1 1326 28 1.111000 0.926000  0.000030 0.000024 0.000068 0.000152 0.000078 0.000040 
5964224 myocyte 1 1326 28 1.111000 1.311000  0.000028 0.000024 0.000065 0.000133 0.000069 0.000036 
5964288 myocyte 1 1326 28 1.111000 1.078000  0.000037 0.000028 0.000074 0.000192 0.000079 0.000040 
5964288 myocyte 1 1326 28 1.111000 1.309000  0.000044 0.000025 0.000071 0.000176 0.000075 0.000038 
5964352 myocyte 1 1326 28 1.111000 1.540000  0.000048 0.000028 0.000080 0.000248 0.000086 0.000042 
5964352 myocyte 1 1326 28 1.111000 1.387000  0.000048 0.000028 0.000076 0.000224 0.000083 0.000041 
5964352 myocyte 1 1326 28 1.111000 1.309000  0.000033 0.000023 0.000064 0.000145 0.000067 0.000036 
5964416 myocyte 1 1326 28 1.111000 1.465000  0.000043 0.000025 0.000069 0.000174 0.000074 0.000038 
5964416 myocyte 1 1326 28 1.111000 1.927000  0.000027 0.000023 0.000064 0.000129 0.000068 0.000036 
5964416 myocyte 1 1326 28 1.111000 1.156000  0.000032 0.000025 0.000067 0.000143 0.000072 0.000037 
5964480 myocyte 1 1326 28 1.111000 2.080000  0.000035 0.000025 0.000067 0.000147 0.000074 0.000037 
5964480 myocyte 1 1326 28 1.111000 1.156000  0.000033 0.000025 0.000071 0.000193 0.000079 0.000039 
5964480 myocyte 1 1326 28 1.111000 1.541000  0.000033 0.000024 0.000066 0.000149 0.000073 0.000036 
5964544 myocyte 1 1326 28 1.111000 1.233000  0.000035 0.000023 0.000064 0.000153 0.000066 0.000035 
5964544 myocyte 1 1326 28 1.111000 1.310000  0.000028 0.000023 0.000065 0.000140 0.000071 0.000037 
5964544 myocyte 1 1326 28 1.111000 1.310000  0.000036 0.000024 0.000068 0.000171 0.000075 0.000038 
5964608 myocyte 1 1326 28 1.111000 1.311000  0.000037 0.000026 0.000071 0.000196 0.000078 0.000039 
5964608 myocyte 1 1326 28 1.111000 1.465000  0.000238 0.000142 0.000370 0.000808 0.000292 0.000130 
5964672 myocyte 1 1326 28 1.111000 1.310000  0.000038 0.000025 0.000069 0.000179 0.000080 0.000040 
5964672 myocyte 1 1326 28 1.111000 1.233000  0.000038 0.000026 0.000070 0.000182 0.000076 0.000039 
5964672 myocyte 1 1326 28 1.111000 1.464000  0.000040 0.000025 0.000071 0.000190 0.000077 0.000039 
5964736 myocyte 1 1326 28 1.111000 1.311000  0.000024 0.000021 0.000062 0.000144 0.000064 0.000034 
5964736 myocyte 1 1326 28 1.111000 1.465000  0.000029 0.000025 0.000069 0.000186 0.000076 0.000039 
5964736 myocyte 1 1326 28 1.111000 1.310000  0.000027 0.000022 0.000060 0.000125 0.000064 0.000034 
5964800 myocyte 1 1326 28 1.111000 1.310000  0.000035 0.000024 0.000066 0.000166 0.000072 0.000037 
5964800 myocyte 1 1326 28 1.111000 1.387000  0.000055 0.000026 0.000070 0.000195 0.000082 0.000040 
5964800 myocyte 1 1326 28 1.111000 1.310000  0.000038 0.000022 0.000062 0.000143 0.000063 0.000033 
5964864 myocyte 1 1326 28 1.111000 1.619000  0.000042 0.000024 0.000066 0.000178 0.000072 0.000036 
5964864 myocyte 1 1326 28 1.111000 1.618000  0.000029 0.000025 0.000067 0.000187 0.000074 0.000037 
5964928 myocyte 1 1326 29 1.111000 1.233000  0.000043 0.000024 0.000067 0.000167 0.000070 0.000036 
5964928 myocyte 1 1326 28 1.111000 1.464000  0.422781 0.129275 0.410625 0.422849 0.197662 0.110419 
5964928 myocyte 1 1326 28 1.111000 1.310000  0.000041 0.000022 0.000061 0.000157 0.000064 0.000033 
5964992 myocyte 1 1326 28 1.111000 1.311000  0.000024 0.000023 0.000063 0.000145 0.000067 0.000035 
5964992 myocyte 1 1326 28 1.111000 1.388000  0.000039 0.000023 0.000067 0.000193 0.000070 0.000036 
5964992 myocyte 1 1326 28 1.111000 1.311000  0.000037 0.000023 0.000063 0.000149 0.000068 0.000035 
5965056 myocyte 1 1326 28 1.111000 1.927000  0.000036 0.000024 0.000068 0.000188 0.000079 0.000038 
5965056 myocyte 1 1326 28 1.111000 1.233000  0.000031 0.000022 0.000061 0.000146 0.000062 0.000033 
5965056 myocyte 1 1326 28 1.111000 1.464000  0.000030 0.000023 0.000068 0.000142 0.000071 0.000036 
5965120 myocyte 1 1326 28 1.111000 1.310000  0.000027 0.000021 0.000059 0.000122 0.000063 0.000033 
5965120 myocyte 1 1326 28 1.111000 1.695000  0.000029 0.000023 0.000062 0.000133 0.000066 0.000034 
5965184 myocyte 1 1326 28 1.111000 1.927000  0.000027 0.000022 0.000061 0.000134 0.000067 0.000034 
5965184 myocyte 1 1326 28 1.111000 1.310000  0.000023 0.000022 0.000062 0.000127 0.000066 0.000034 
5965184 myocyte 1 1326 28 1.111000 1.464000  0.000031 0.000023 0.000061 0.000132 0.000067 0.000034 
5965248 myocyte 1 1326 28 1.111000 1.233000  0.000028 0.000022 0.000060 0.000122 0.000063 0.000033 
5965248 myocyte 1 1326 28 1.111000 1.695000  0.000031 0.000022 0.000062 0.000150 0.000066 0.000034 
5965248 myocyte 1 1326 28 1.111000 1.310000  0.000030 0.000021 0.000058 0.000136 0.000060 0.000032 
5965312 myocyte 1 1326 28 1.111000 1.233000  0.000042 0.000023 0.000064 0.000177 0.000069 0.000035 
5965312 myocyte 1 1326 28 1.111000 2.312000  0.000035 0.000024 0.000064 0.000177 0.000070 0.000036 
5965312 myocyte 1 1326 28 1.111000 1.465000  0.000036 0.000021 0.000059 0.000140 0.000061 0.000032 
5965376 myocyte 1 1326 28 1.111000 1.156000  0.000026 0.000021 0.000059 0.000128 0.000066 0.000034 
5965376 myocyte 1 1326 28 1.111000 1.311000  0.000043 0.000024 0.000066 0.000177 0.000070 0.000036 
5965376 myocyte 1 1326 28 1.111000 1.309000  0.000034 0.000023 0.000063 0.000161 0.000067 0.000035 
5965440 myocyte 1 1326 28 1.111000 2.158000  0.000031 0.000021 0.000062 0.000158 0.000068 0.000035 
5965440 myocyte 1 1326 28 1.111000 1.388000  0.000035 0.000021 0.000058 0.000131 0.000060 0.000032 
5965504 myocyte 1 1326 28 1.111000 1.464000  0.000158 0.000119 0.000338 0.000788 0.000381 0.000199 
