#Timestamp	Benchmark	Run(#)	CPU Frequency (MHz)	CPU Temperature(C)	CPU Voltage(V)	CPU Power(W)	CPU_CYCLES	L1_DATA_CACHE_ACCESS	INSTRUCTIONS_RETIRED	BUS_CYCLES	L1I_CACHE_ACCESS	PREDICTABLE_BRANCH_SPECULATIVELY_EXECUTED
6422144 bfs 1 1632 29 1.188000 2.542000  0.000052 0.000037 0.000103 0.000230 0.000112 0.000059 
6422144 bfs 1 1632 29 1.188000 1.850000  0.000042 0.000035 0.000098 0.000195 0.000100 0.000054 
6422144 bfs 1 1632 29 1.188000 2.311000  0.000047 0.000037 0.000105 0.000237 0.000117 0.000059 
6422208 bfs 1 1632 30 1.188000 1.696000  0.000042 0.000036 0.000100 0.000200 0.000107 0.000056 
6422208 bfs 1 1632 30 1.188000 1.618000  0.000042 0.000036 0.000100 0.000206 0.000108 0.000057 
6422208 bfs 1 1632 30 1.188000 1.695000  0.000052 0.000039 0.000107 0.000240 0.000115 0.000059 
6422272 bfs 1 1632 30 1.188000 1.695000  0.000057 0.000040 0.000109 0.000243 0.000114 0.000057 
6422272 bfs 1 1632 30 1.188000 2.544000  0.000041 0.000036 0.000099 0.000195 0.000105 0.000055 
6422272 bfs 1 1632 30 1.188000 1.696000  0.000044 0.000036 0.000099 0.000201 0.000106 0.000055 
6422336 bfs 1 1632 30 1.188000 2.622000  0.000041 0.000036 0.000099 0.000194 0.000105 0.000055 
6422336 bfs 1 1632 30 1.188000 2.235000  0.000042 0.000035 0.000098 0.000195 0.000104 0.000055 
6422400 bfs 1 1632 30 1.188000 1.850000  0.000040 0.000036 0.000098 0.000193 0.000105 0.000055 
6422400 bfs 1 1632 30 1.188000 2.235000  0.000040 0.000035 0.000097 0.000191 0.000103 0.000054 
6422400 bfs 1 1632 30 1.188000 1.618000  0.000040 0.000033 0.000093 0.000186 0.000096 0.000052 
6422464 bfs 1 1632 30 1.188000 1.696000  0.000050 0.000037 0.000101 0.000222 0.000110 0.000057 
6422464 bfs 1 1632 30 1.188000 3.237000  0.000046 0.000036 0.000099 0.000219 0.000107 0.000056 
6422464 bfs 1 1632 30 1.188000 1.773000  0.000042 0.000037 0.000100 0.000221 0.000110 0.000057 
6422528 bfs 1 1632 30 1.188000 2.158000  0.000039 0.000035 0.000097 0.000217 0.000107 0.000056 
6422528 bfs 1 1632 30 1.188000 1.619000  0.000045 0.000034 0.000094 0.000221 0.000099 0.000052 
6422528 bfs 1 1632 30 1.188000 1.619000  0.000042 0.000042 0.000108 0.000279 0.000143 0.000065 
6422592 bfs 1 1632 30 1.188000 1.696000  0.000047 0.000035 0.000095 0.000218 0.000102 0.000054 
6422592 bfs 1 1632 30 1.188000 1.619000  0.000042 0.000034 0.000099 0.000211 0.000106 0.000055 
6422592 bfs 1 1632 30 1.188000 2.619000  0.000042 0.000051 0.000122 0.000277 0.000147 0.000070 
6422656 bfs 1 1632 30 1.188000 1.773000  0.000043 0.000033 0.000093 0.000200 0.000098 0.000052 
6422656 bfs 1 1632 30 1.188000 2.389000  0.000039 0.000034 0.000094 0.000185 0.000100 0.000053 
6422656 bfs 1 1632 30 1.188000 1.619000  0.000043 0.000035 0.000098 0.000219 0.000107 0.000055 
6422720 bfs 1 1632 30 1.188000 1.542000  0.000043 0.000035 0.000098 0.000214 0.000106 0.000055 
6422720 bfs 1 1632 30 1.188000 2.387000  0.000038 0.000034 0.000093 0.000183 0.000099 0.000052 
6422720 bfs 1 1632 30 1.188000 1.618000  0.000039 0.000033 0.000091 0.000204 0.000097 0.000051 
6422784 bfs 1 1632 30 1.188000 2.466000  0.000038 0.000034 0.000093 0.000182 0.000099 0.000052 
6422784 bfs 1 1632 30 1.188000 1.542000  0.000048 0.000032 0.000093 0.000215 0.000102 0.000052 
6422848 bfs 1 1632 30 1.188000 2.390000  0.000041 0.000033 0.000096 0.000209 0.000104 0.000054 
6422848 bfs 1 1632 30 1.188000 1.619000  0.000040 0.000032 0.000090 0.000202 0.000095 0.000051 
6422848 bfs 1 1632 30 1.188000 1.618000  0.000037 0.000049 0.000119 0.000247 0.000137 0.000067 
6422912 bfs 1 1632 30 1.188000 2.618000  0.000042 0.000034 0.000094 0.000204 0.000101 0.000053 
6422912 bfs 1 1632 30 1.188000 1.619000  0.000037 0.000031 0.000088 0.000177 0.000091 0.000049 
6422912 bfs 1 1632 30 1.188000 2.543000  0.000049 0.000035 0.000095 0.000210 0.000104 0.000053 
6422976 bfs 1 1632 30 1.188000 1.619000  0.000043 0.000033 0.000091 0.000196 0.000097 0.000051 
6422976 bfs 1 1632 30 1.188000 1.619000  0.000044 0.000034 0.000096 0.000210 0.000104 0.000053 
6422976 bfs 1 1632 30 1.188000 2.388000  0.000040 0.000033 0.000117 0.000274 0.000121 0.000066 
6423040 bfs 1 1632 30 1.188000 2.004000  0.000037 0.000032 0.000088 0.000197 0.000092 0.000049 
6423040 bfs 1 1632 30 1.188000 2.778000  0.000037 0.000033 0.000089 0.000176 0.000096 0.000050 
6423040 bfs 1 1632 30 1.188000 1.773000  0.000057 0.000034 0.000093 0.000214 0.000104 0.000053 
6423104 bfs 1 1632 30 1.188000 1.620000  0.000036 0.000031 0.000085 0.000167 0.000088 0.000047 
6423104 bfs 1 1632 30 1.188000 2.466000  0.000046 0.000034 0.000094 0.000213 0.000101 0.000052 
6423104 bfs 1 1632 30 1.188000 1.696000  0.000036 0.000032 0.000088 0.000174 0.000094 0.000049 
6423168 bfs 1 1632 30 1.188000 1.619000  0.000038 0.000032 0.000091 0.000196 0.000099 0.000052 
6423168 bfs 1 1632 30 1.188000 1.619000  0.000066 0.000035 0.000095 0.000225 0.000103 0.000052 
6423168 bfs 1 1632 30 1.188000 1.619000  0.000034 0.000030 0.000084 0.000164 0.000087 0.000047 
6423232 bfs 1 1632 30 1.188000 2.469000  0.000043 0.000033 0.000092 0.000201 0.000099 0.000052 
6423232 bfs 1 1632 30 1.188000 1.619000  0.000039 0.000048 0.000173 0.000426 0.000144 0.000070 
6423296 bfs 1 1632 30 1.188000 1.850000  0.000035 0.000032 0.000087 0.000171 0.000092 0.000049 
6423296 bfs 1 1632 30 1.188000 2.929000  0.000036 0.000032 0.000087 0.000168 0.000091 0.000049 
6423296 bfs 1 1632 30 1.188000 1.851000  0.000035 0.000030 0.000083 0.000164 0.000085 0.000046 
6423360 bfs 1 1632 30 1.188000 2.388000  0.000047 0.000034 0.000092 0.000226 0.000100 0.000051 
6423360 bfs 1 1632 30 1.188000 1.619000  0.000034 0.000031 0.000086 0.000169 0.000091 0.000048 
6423360 bfs 1 1632 30 1.188000 1.542000  0.000037 0.000031 0.000087 0.000186 0.000094 0.000050 
6423424 bfs 1 1632 30 1.188000 1.619000  0.000037 0.000032 0.000088 0.000185 0.000092 0.000049 
6423424 bfs 1 1632 30 1.188000 1.850000  0.000034 0.000030 0.000082 0.000161 0.000085 0.000046 
6423424 bfs 1 1632 30 1.188000 2.236000  0.000039 0.000032 0.000089 0.000192 0.000096 0.000050 
6423488 bfs 1 1632 30 1.188000 1.542000  0.000037 0.000031 0.000085 0.000173 0.000090 0.000048 
6423488 bfs 1 1632 30 1.188000 2.083000  0.000035 0.000045 0.000110 0.000229 0.000128 0.000063 
6423488 bfs 1 1632 30 1.188000 2.774000  0.000036 0.000031 0.000085 0.000169 0.000091 0.000048 
6423552 bfs 1 1632 30 1.188000 1.618000  0.000035 0.000030 0.000082 0.000160 0.000086 0.000046 
6423552 bfs 1 1632 30 1.188000 2.544000  0.000064 0.000032 0.000087 0.000195 0.000091 0.000048 
6423552 bfs 1 1632 30 1.188000 1.619000  0.000034 0.000030 0.000084 0.000167 0.000089 0.000047 
6423616 bfs 1 1632 30 1.188000 1.620000  0.000034 0.000031 0.000084 0.000163 0.000090 0.000047 
6423616 bfs 1 1632 30 1.188000 2.854000  0.000040 0.000031 0.000085 0.000188 0.000093 0.000048 
6423616 bfs 1 1632 30 1.188000 1.619000  0.000038 0.000032 0.000087 0.000192 0.000096 0.000049 
6423680 bfs 1 1632 30 1.188000 2.235000  0.000036 0.000030 0.000083 0.000171 0.000089 0.000047 
6423680 bfs 1 1632 30 1.188000 1.618000  0.000039 0.000052 0.000188 0.000437 0.000148 0.000072 
6423680 bfs 1 1632 30 1.188000 1.619000  0.000035 0.000030 0.000083 0.000166 0.000088 0.000046 
6423744 bfs 1 1632 30 1.188000 1.619000  0.000034 0.000030 0.000084 0.000183 0.000092 0.000047 
6423744 bfs 1 1632 30 1.188000 1.695000  0.000044 0.000032 0.000088 0.000190 0.000093 0.000049 
6423744 bfs 1 1632 30 1.188000 2.544000  0.000034 0.000030 0.000082 0.000164 0.000088 0.000046 
6423808 bfs 1 1632 30 1.188000 1.619000  0.000045 0.000029 0.000082 0.000182 0.000087 0.000045 
6423808 bfs 1 1632 30 1.188000 2.546000  0.000035 0.000030 0.000082 0.000161 0.000087 0.000046 
6423872 bfs 1 1632 30 1.188000 2.775000  0.000035 0.000030 0.000081 0.000161 0.000087 0.000046 
6423872 bfs 1 1632 30 1.188000 1.619000  0.000034 0.000030 0.000081 0.000160 0.000086 0.000046 
6423872 bfs 1 1632 30 1.188000 1.927000  0.000034 0.000029 0.000081 0.000162 0.000086 0.000045 
6423936 bfs 1 1632 30 1.188000 1.619000  0.000046 0.000029 0.000081 0.000182 0.000085 0.000045 
6423936 bfs 1 1632 30 1.188000 1.850000  0.000039 0.000031 0.000087 0.000189 0.000094 0.000048 
6423936 bfs 1 1632 30 1.188000 1.618000  0.000034 0.000030 0.000081 0.000169 0.000087 0.000046 
6424000 bfs 1 1632 30 1.188000 2.158000  0.000041 0.000031 0.000086 0.000185 0.000091 0.000047 
6424000 bfs 1 1632 30 1.188000 2.542000  -0.251157 -0.178578 -0.095525 -0.251077 0.127213 0.553299 
6424000 bfs 1 1632 30 1.188000 1.619000  0.000035 0.000028 0.000079 0.000202 0.000085 0.000044 
6424064 bfs 1 1632 30 1.188000 2.466000  0.000042 0.000031 0.000083 0.000171 0.000089 0.000046 
6424064 bfs 1 1632 30 1.188000 1.619000  0.000032 0.000029 0.000080 0.000171 0.000085 0.000045 
6424064 bfs 1 1632 30 1.188000 1.619000  0.000033 0.000029 0.000080 0.000165 0.000087 0.000045 
6424128 bfs 1 1632 30 1.188000 2.465000  0.000034 0.000029 0.000080 0.000163 0.000087 0.000045 
6424128 bfs 1 1632 30 1.188000 1.619000  -0.481113 0.134330 0.308791 -0.481027 0.146360 0.070154 
6424128 bfs 1 1632 30 1.188000 2.468000  0.000227 0.000119 0.000262 0.000649 0.000259 0.000121 
6424192 bfs 1 1632 30 1.188000 2.080000  0.000045 0.000031 0.000084 0.000188 0.000092 0.000047 
6424192 bfs 1 1632 29 1.188000 1.695000  0.000030 0.000027 0.000076 0.000149 0.000078 0.000042 
6424192 bfs 1 1632 29 1.188000 1.850000  0.000038 0.000030 0.000082 0.000177 0.000090 0.000046 
6424256 bfs 1 1632 30 1.188000 1.618000  0.000035 0.000029 0.000079 0.000159 0.000083 0.000044 
6424256 bfs 1 1632 30 1.188000 1.773000  0.000036 0.000030 0.000082 0.000179 0.000089 0.000047 
6424320 bfs 1 1632 30 1.188000 2.925000  0.000036 0.000029 0.000080 0.000180 0.000089 0.000046 
6424320 bfs 1 1632 30 1.188000 1.618000  0.000031 0.000027 0.000075 0.000150 0.000077 0.000042 
6424320 bfs 1 1632 30 1.188000 2.385000  0.000037 0.000029 0.000081 0.000173 0.000088 0.000046 
6424384 bfs 1 1632 30 1.188000 1.618000  0.000033 0.000028 0.000078 0.000157 0.000082 0.000044 
6424384 bfs 1 1632 30 1.188000 1.773000  0.000040 0.000030 0.000084 0.000184 0.000091 0.000047 
6424384 bfs 1 1632 30 1.188000 1.618000  0.000036 0.000029 0.000080 0.000176 0.000088 0.000046 
6424448 bfs 1 1632 30 1.188000 1.619000  0.000034 0.000029 0.000082 0.000170 0.000089 0.000046 
6424448 bfs 1 1632 30 1.188000 2.541000  0.000032 0.000041 0.000100 0.000260 0.000117 0.000057 
6424448 bfs 1 1632 30 1.188000 1.619000  0.000032 0.000027 0.000074 0.000148 0.000078 0.000042 
6424512 bfs 1 1632 30 1.188000 2.467000  0.000037 0.000029 0.000080 0.000175 0.000087 0.000045 
6424512 bfs 1 1632 30 1.188000 1.619000  0.000039 0.000030 0.000083 0.000180 0.000088 0.000045 
6424512 bfs 1 1632 30 1.188000 2.622000  0.000031 0.000028 0.000077 0.000153 0.000082 0.000043 
6424576 bfs 1 1632 30 1.188000 2.080000  0.000034 0.000029 0.000079 0.000174 0.000086 0.000044 
6424576 bfs 1 1632 30 1.188000 1.773000  0.000035 0.000041 0.000098 0.000320 0.000113 0.000053 
6424576 bfs 1 1632 30 1.188000 2.004000  0.000105 0.000039 0.000118 0.000372 0.000129 0.000065 
6424640 bfs 1 1632 30 1.188000 1.619000  0.000032 0.000027 0.000076 0.000151 0.000080 0.000042 
6424640 bfs 1 1632 30 1.188000 1.616000  0.000037 0.000029 0.000078 0.000172 0.000086 0.000044 
6424640 bfs 1 1632 30 1.188000 2.466000  0.000034 0.000027 0.000078 0.000175 0.000086 0.000044 
6424704 bfs 1 1632 30 1.188000 1.619000  0.000029 0.000026 0.000072 0.000142 0.000075 0.000040 
6424704 bfs 1 1632 30 1.188000 2.310000  0.000037 0.000029 0.000080 0.000168 0.000088 0.000045 
6424768 bfs 1 1632 30 1.188000 1.619000  0.000032 0.000027 0.000075 0.000150 0.000098 0.000049 
6424768 bfs 1 1632 30 1.188000 1.619000  0.000031 0.000027 0.000097 0.000221 0.000098 0.000055 
6424768 bfs 1 1632 30 1.188000 2.772000  0.000033 0.000027 0.000077 0.000167 0.000084 0.000043 
6424832 bfs 1 1632 30 1.188000 1.773000  0.000030 0.000026 0.000082 0.000189 0.000084 0.000043 
6424832 bfs 1 1632 30 1.188000 2.466000  0.000029 0.000027 0.000074 0.000144 0.000079 0.000041 
6424832 bfs 1 1632 30 1.188000 1.619000  0.000037 0.000028 0.000076 0.000172 0.000082 0.000042 
6424896 bfs 1 1632 30 1.188000 1.619000  0.000036 0.000028 0.000080 0.000170 0.000089 0.000045 
6424896 bfs 1 1632 30 1.188000 2.463000  0.000031 0.000027 0.000073 0.000146 0.000078 0.000041 
6424896 bfs 1 1632 30 1.188000 1.772000  -8.103415 2.890722 6.590672 -8.102286 3.168784 1.501194 
6424960 bfs 1 1632 30 1.188000 1.773000  0.000035 0.000028 0.000077 0.000170 0.000083 0.000043 
6424960 bfs 1 1632 30 1.188000 2.930000  0.000034 0.000026 0.000075 0.000162 0.000083 0.000042 
6424960 bfs 1 1632 30 1.188000 1.620000  0.000039 0.000028 0.000077 0.000174 0.000085 0.000043 
6425024 bfs 1 1632 30 1.188000 2.389000  0.000031 0.000026 0.000073 0.000144 0.000078 0.000041 
6425024 bfs 1 1632 30 1.188000 1.696000  0.000031 0.000025 0.000070 0.000140 0.000073 0.000039 
6425024 bfs 1 1632 30 1.188000 1.619000  0.000031 0.000026 0.000072 0.000144 0.000077 0.000040 
6425088 bfs 1 1632 30 1.188000 1.619000  0.000032 0.000026 0.000073 0.000161 0.000081 0.000041 
6425088 bfs 1 1632 30 1.188000 1.618000  0.000035 0.000027 0.000076 0.000168 0.000085 0.000043 
6425152 bfs 1 1632 30 1.188000 2.696000  0.000030 0.000026 0.000072 0.000141 0.000076 0.000040 
6425152 bfs 1 1632 30 1.188000 1.773000  0.000030 0.000025 0.000069 0.000135 0.000071 0.000038 
6425152 bfs 1 1632 30 1.188000 1.618000  0.000029 0.000026 0.000071 0.000141 0.000076 0.000040 
6425216 bfs 1 1632 30 1.188000 1.618000  0.000031 0.000026 0.000071 0.000144 0.000077 0.000040 
6425216 bfs 1 1632 30 1.188000 1.696000  0.000031 0.000027 0.000073 0.000161 0.000085 0.000043 
6425216 bfs 1 1632 30 1.188000 2.386000  0.000030 0.000026 0.000071 0.000141 0.000076 0.000040 
6425280 bfs 1 1632 30 1.188000 1.618000  0.000099 0.000046 0.000107 0.000361 0.000117 0.000060 
6425280 bfs 1 1632 30 1.188000 1.620000  0.000067 0.000030 0.000079 0.000201 0.000088 0.000043 
6425280 bfs 1 1632 30 1.188000 1.619000  0.000031 0.000026 0.000070 0.000153 0.000077 0.000040 
6425344 bfs 1 1632 30 1.188000 1.619000  0.000032 0.000026 0.000073 0.000165 0.000087 0.000043 
6425344 bfs 1 1632 30 1.188000 2.618000  0.000227 0.000229 0.000581 0.001373 0.000628 0.000313 
6425344 bfs 1 1632 30 1.188000 1.928000  0.000028 0.000024 0.000071 0.000191 0.000074 0.000038 
6425408 bfs 1 1632 30 1.188000 2.386000  0.000028 0.000025 0.000069 0.000136 0.000074 0.000039 
6425408 bfs 1 1632 30 1.188000 1.620000  -0.164598 -0.151232 -0.057404 -0.164449 0.135736 0.522502 
6425408 bfs 1 1632 30 1.188000 1.619000  0.000028 0.000025 0.000069 0.000135 0.000074 0.000039 
6425472 bfs 1 1632 30 1.188000 2.311000  0.000029 0.000025 0.000069 0.000135 0.000073 0.000039 
6425472 bfs 1 1632 30 1.188000 1.850000  0.000028 0.000024 0.000066 0.000131 0.000070 0.000037 
6425536 bfs 1 1632 30 1.188000 2.389000  0.000031 0.000026 0.000073 0.000159 0.000078 0.000040 
6425536 bfs 1 1632 30 1.188000 1.542000  0.000029 0.000025 0.000068 0.000136 0.000073 0.000053 
6425536 bfs 1 1632 30 1.188000 1.620000  0.000031 0.000026 0.000071 0.000156 0.000077 0.000040 
6425600 bfs 1 1632 30 1.188000 2.622000  0.000029 0.000025 0.000068 0.000136 0.000073 0.000038 
6425600 bfs 1 1632 30 1.188000 1.618000  0.000027 0.000023 0.000065 0.000129 0.000068 0.000036 
6425600 bfs 1 1632 30 1.188000 3.082000  0.000028 0.000025 0.000067 0.000135 0.000092 0.000044 
6425664 bfs 1 1632 30 1.188000 1.619000  0.000028 0.000025 0.000067 0.000132 0.000072 0.000038 
6425664 bfs 1 1632 30 1.188000 1.773000  0.000027 0.000024 0.000067 0.000129 0.000070 0.000037 
6425664 bfs 1 1632 30 1.188000 2.466000  0.000032 0.000024 0.000068 0.000150 0.000075 0.000039 
6425728 bfs 1 1632 30 1.188000 1.695000  0.000054 0.000027 0.000070 0.000169 0.000072 0.000037 
6425728 bfs 1 1632 30 1.188000 2.236000  0.000026 0.000024 0.000066 0.000128 0.000070 0.000037 
6425728 bfs 1 1632 30 1.188000 1.619000  0.000028 0.000024 0.000066 0.000131 0.000070 0.000037 
6425792 bfs 1 1632 30 1.188000 1.542000  0.000033 0.000025 0.000070 0.000162 0.000079 0.000040 
6425792 bfs 1 1632 30 1.188000 2.696000  0.000028 0.000024 0.000065 0.000132 0.000070 0.000038 
6425792 bfs 1 1632 30 1.188000 1.850000  0.000026 0.000022 0.000063 0.000124 0.000065 0.000035 
6425856 bfs 1 1632 30 1.188000 2.312000  0.000026 0.000024 0.000065 0.000128 0.000069 0.000036 
6425856 bfs 1 1632 30 1.188000 1.619000  0.000028 0.000024 0.000065 0.000132 0.000069 0.000036 
6425856 bfs 1 1632 30 1.188000 1.620000  0.000028 0.000023 0.000067 0.000151 0.000076 0.000039 
6425920 bfs 1 1632 30 1.188000 2.848000  0.000029 0.000024 0.000067 0.000142 0.000074 0.000038 
6425920 bfs 1 1632 30 1.188000 1.620000  0.000025 0.000022 0.000062 0.000122 0.000064 0.000035 
6425920 bfs 1 1632 30 1.188000 1.927000  0.000031 0.000024 0.000068 0.000152 0.000074 0.000038 
6425984 bfs 1 1632 30 1.188000 1.619000  0.000028 0.000023 0.000064 0.000128 0.000068 0.000036 
6425984 bfs 1 1632 30 1.188000 1.772000  0.000030 0.000024 0.000066 0.000145 0.000073 0.000037 
6426048 bfs 1 1632 30 1.188000 1.620000  0.000035 0.000025 0.000068 0.000150 0.000073 0.000037 
6426048 bfs 1 1632 30 1.188000 1.773000  0.000025 0.000022 0.000061 0.000121 0.000063 0.000034 
6426048 bfs 1 1632 30 1.188000 2.541000  0.000029 0.000024 0.000066 0.000147 0.000073 0.000037 
6426112 bfs 1 1632 30 1.188000 1.619000  0.000027 0.000023 0.000063 0.000125 0.000067 0.000036 
6426112 bfs 1 1632 30 1.188000 1.619000  0.000028 0.000024 0.000066 0.000148 0.000073 0.000037 
6426112 bfs 1 1632 30 1.188000 1.618000  0.000027 0.000024 0.000064 0.000137 0.000068 0.000036 
6426176 bfs 1 1632 30 1.188000 1.696000  0.000025 0.000022 0.000061 0.000119 0.000062 0.000034 
6426176 bfs 1 1632 30 1.188000 2.698000  0.000031 0.000024 0.000066 0.000144 0.000072 0.000037 
6426176 bfs 1 1632 30 1.188000 1.619000  0.000204 0.000036 0.000130 0.000302 0.000122 0.000057 
6426240 bfs 1 1632 30 1.188000 1.619000  0.000061 0.000033 0.000098 0.000193 0.000105 0.000051 
6426240 bfs 1 1632 30 1.188000 2.698000  0.000029 0.000023 0.000063 0.000139 0.000070 0.000036 
6426240 bfs 1 1632 30 1.188000 1.696000  0.000026 0.000021 0.000060 0.000120 0.000063 0.000033 
6426304 bfs 1 1632 30 1.188000 1.616000  0.000034 0.000024 0.000065 0.000150 0.000072 0.000037 
6426304 bfs 1 1632 30 1.188000 2.622000  0.000026 0.000022 0.000062 0.000122 0.000066 0.000035 
6426368 bfs 1 1632 30 1.188000 1.619000  0.000025 0.000022 0.000062 0.000119 0.000066 0.000035 
6426368 bfs 1 1632 30 1.188000 2.466000  0.000031 0.000023 0.000064 0.000139 0.000069 0.000035 
6426368 bfs 1 1632 30 1.188000 1.697000  0.000030 0.000023 0.000065 0.000145 0.000071 0.000036 
6426432 bfs 1 1632 30 1.188000 1.618000  0.000028 0.000022 0.000064 0.000144 0.000072 0.000037 
6426432 bfs 1 1632 30 1.188000 1.618000  0.000026 0.000022 0.000061 0.000122 0.000065 0.000034 
6426432 bfs 1 1632 30 1.188000 1.618000  0.000031 0.000024 0.000064 0.000139 0.000066 0.000034 
6426496 bfs 1 1632 30 1.188000 2.080000  0.000007 0.000006 0.000016 0.000034 0.000020 0.000010 
6426496 bfs 1 1632 29 1.188000 2.004000  -0.096508 -0.128461 -0.024144 -0.096487 0.143724 0.498877 
6426496 bfs 1 1632 29 1.188000 2.081000  0.000031 0.000034 0.000083 0.000230 0.000088 0.000041 
6426560 bfs 1 1632 29 1.188000 1.619000  0.000027 0.000022 0.000061 0.000122 0.000066 0.000034 
6426560 bfs 1 1632 29 1.188000 0.693000  0.000025 0.000022 0.000061 0.000121 0.000064 0.000034 
6426560 bfs 1 1632 29 1.188000 1.540000  0.000028 0.000022 0.000060 0.000129 0.000066 0.000034 
6426624 bfs 1 1632 29 1.188000 0.693000  0.000028 0.000023 0.000063 0.000135 0.000071 0.000036 
6426624 bfs 1 1632 29 1.188000 2.617000  0.000024 0.000022 0.000060 0.000118 0.000064 0.000034 
6426624 bfs 1 1632 30 1.188000 1.696000  0.000024 0.000021 0.000058 0.000120 0.000063 0.000033 
6426688 bfs 1 1632 30 1.188000 2.387000  0.000026 0.000022 0.000060 0.000128 0.000066 0.000034 
6426688 bfs 1 1632 30 1.188000 1.697000  0.000027 0.000022 0.000061 0.000135 0.000068 0.000035 
6426688 bfs 1 1632 30 1.188000 1.696000  0.000029 0.000023 0.000062 0.000137 0.000069 0.000036 
6426752 bfs 1 1632 30 1.188000 2.390000  0.000031 0.000023 0.000063 0.000139 0.000069 0.000035 
6426752 bfs 1 1632 30 1.188000 1.696000  0.000031 0.000022 0.000061 0.000124 0.000064 0.000034 
6426816 bfs 1 1632 30 1.188000 2.467000  0.000024 0.000022 0.000059 0.000115 0.000063 0.000033 
6426816 bfs 1 1632 30 1.188000 2.928000  0.000114 0.000092 0.000254 0.000554 0.000279 0.000147 
6426816 bfs 1 1632 30 1.188000 2.082000  0.000023 0.000020 0.000056 0.000108 0.000058 0.000031 
6426880 bfs 1 1632 30 1.188000 1.850000  0.000025 0.000022 0.000061 0.000130 0.000072 0.000036 
6426880 bfs 1 1632 30 1.188000 1.696000  0.000024 0.000021 0.000058 0.000114 0.000063 0.000033 
6426880 bfs 1 1632 30 1.188000 1.696000  0.000023 0.000031 0.000075 0.000159 0.000088 0.000043 
6426944 bfs 1 1632 30 1.188000 2.543000  0.000026 0.000021 0.000059 0.000127 0.000064 0.000033 
6426944 bfs 1 1632 30 1.188000 1.850000  0.000026 0.000020 0.000055 0.000119 0.000057 0.000032 
6426944 bfs 1 1632 30 1.188000 2.389000  0.000022 0.000021 0.000058 0.000111 0.000061 0.000032 
6427008 bfs 1 1632 30 1.188000 1.694000  0.000028 0.000023 0.000063 0.000156 0.000065 0.000034 
6427008 bfs 1 1632 30 1.188000 1.773000  0.000023 0.000021 0.000057 0.000111 0.000061 0.000032 
6427008 bfs 1 1632 30 1.188000 2.387000  0.000025 0.000021 0.000057 0.000115 0.000061 0.000032 
6427072 bfs 1 1632 29 1.188000 0.462000  0.000023 0.000020 0.000056 0.000119 0.000057 0.000031 
6427072 bfs 1 1632 29 1.188000 1.544000  0.000028 0.000022 0.000060 0.000125 0.000065 0.000034 
6427136 bfs 1 1632 28 1.188000 1.233000  0.000024 0.000021 0.000057 0.000113 0.000062 0.000032 
6427136 bfs 1 1632 28 1.188000 1.081000  0.000025 0.000021 0.000060 0.000136 0.000068 0.000034 
6427136 bfs 1 1632 28 1.188000 1.851000  0.000040 0.000023 0.000062 0.000137 0.000069 0.000035 
6427200 bfs 1 1632 28 1.188000 0.462000  0.000022 0.000019 0.000054 0.000106 0.000055 0.000030 
6427200 bfs 1 1632 28 1.188000 1.155000  0.000027 0.000022 0.000060 0.000124 0.000066 0.000034 
6427200 bfs 1 1632 28 1.188000 0.462000  -0.069334 -0.120438 -0.013555 -0.069230 0.145958 0.488958 
6427264 bfs 1 1632 28 1.188000 0.462000  0.000026 0.000021 0.000060 0.000127 0.000067 0.000034 
6427264 bfs 1 1632 28 1.188000 1.234000  0.000025 0.000021 0.000062 0.000156 0.000069 0.000034 
6427264 bfs 1 1632 28 1.188000 0.925000  0.000037 0.000033 0.000093 0.000246 0.000106 0.000051 
6427328 bfs 1 1632 28 1.188000 0.462000  0.000027 0.000022 0.000059 0.000128 0.000065 0.000033 
6427328 bfs 1 1632 28 1.188000 1.695000  0.000026 0.000020 0.000057 0.000122 0.000064 0.000033 
6427328 bfs 1 1632 28 1.188000 0.463000  0.000026 0.000022 0.000059 0.000121 0.000064 0.000033 
6427392 bfs 1 1632 28 1.188000 1.232000  0.000024 0.000020 0.000056 0.000113 0.000060 0.000031 
6427392 bfs 1 1632 28 1.188000 0.539000  0.000023 0.000019 0.000053 0.000105 0.000055 0.000030 
6427392 bfs 1 1632 27 1.188000 0.771000  0.000023 0.000020 0.000055 0.000111 0.000060 0.000031 
6427456 bfs 1 1632 27 1.188000 0.617000  0.000024 0.000020 0.000094 0.000268 0.000092 0.000045 
6427456 bfs 1 1632 28 1.188000 1.852000  0.000025 0.000020 0.000057 0.000123 0.000063 0.000033 
