#Timestamp	Benchmark	Run(#)	CPU Frequency (MHz)	CPU Temperature(C)	CPU Voltage(V)	CPU Power(W)	CPU_CYCLES	L1_DATA_CACHE_ACCESS	INSTRUCTIONS_RETIRED	BUS_CYCLES	L1I_CACHE_ACCESS	PREDICTABLE_BRANCH_SPECULATIVELY_EXECUTED
6361024 kmeans 1 1555 29 1.130000 2.620000  0.000005 0.000003 0.000010 0.000022 0.000013 0.000006 
6361088 kmeans 1 1555 29 1.130000 2.081000  -1.071543 0.883284 1.863938 -1.069112 0.932201 0.434965 
6361088 kmeans 1 1555 29 1.130000 1.694000  0.000074 0.000063 0.000173 0.000348 0.000211 0.000106 
6361088 kmeans 1 1555 29 1.130000 1.465000  0.000016 0.000013 0.000037 0.000078 0.000038 0.000020 
6361152 kmeans 1 1555 29 1.130000 2.157000  0.000020 0.000014 0.000040 0.000086 0.000045 0.000023 
6361152 kmeans 1 1555 29 1.130000 0.539000  0.018550 0.015792 0.043387 0.089325 0.046102 0.024307 
6361152 kmeans 1 1555 29 1.130000 1.618000  0.007332 0.005708 0.015707 0.031742 0.016598 0.008795 
6361216 kmeans 1 1555 29 1.130000 2.695000  0.004539 0.003833 0.010549 0.022959 0.011772 0.006028 
6361216 kmeans 1 1555 29 1.130000 1.002000  0.003036 0.002695 0.008949 0.024194 0.009547 0.004649 
6361216 kmeans 1 1555 29 1.130000 2.158000  0.002733 0.002401 0.006614 0.013035 0.007028 0.003712 
6361280 kmeans 1 1555 29 1.130000 1.465000  0.002670 0.002119 0.005806 0.011809 0.006155 0.003250 
6361280 kmeans 1 1555 29 1.130000 1.387000  0.002422 0.001948 0.005507 0.012465 0.006063 0.003096 
6361280 kmeans 1 1555 29 1.130000 1.388000  0.002169 0.001761 0.004912 0.010614 0.005325 0.002770 
6361344 kmeans 1 1555 29 1.130000 1.464000  0.001923 0.001627 0.004427 0.008901 0.004517 0.002405 
6361344 kmeans 1 1555 29 1.130000 2.310000  0.001584 0.001396 0.003930 0.008379 0.004262 0.002209 
6361344 kmeans 1 1555 29 1.130000 1.465000  0.001414 0.001242 0.003481 0.006852 0.003551 0.001994 
6361408 kmeans 1 1555 29 1.130000 2.080000  0.001542 0.001271 0.003499 0.007401 0.003754 0.001962 
6361408 kmeans 1 1555 29 1.130000 1.465000  0.001435 0.001398 0.003692 0.008764 0.003842 0.001942 
6361408 kmeans 1 1555 29 1.130000 1.619000  0.001430 0.001129 0.003112 0.006745 0.003422 0.001769 
6361472 kmeans 1 1555 29 1.130000 2.311000  0.001184 0.001028 0.003647 0.008467 0.003703 0.001839 
6361472 kmeans 1 1555 29 1.130000 1.465000  0.001422 0.000941 0.002633 0.005863 0.002754 0.001446 
6361536 kmeans 1 1555 29 1.130000 2.081000  0.001014 0.000903 0.002490 0.004849 0.002647 0.001398 
6361536 kmeans 1 1555 29 1.130000 1.541000  0.001085 0.000883 0.002473 0.005518 0.002693 0.001373 
6361536 kmeans 1 1555 29 1.130000 1.388000  0.001005 0.000849 0.002351 0.005082 0.002545 0.001310 
6361600 kmeans 1 1555 29 1.130000 2.312000  0.000866 0.001099 0.002640 0.006121 0.002721 0.001513 
6361600 kmeans 1 1555 29 1.130000 1.389000  0.001074 0.000691 0.001944 0.004220 0.002018 0.001062 
6361600 kmeans 1 1555 29 1.130000 2.160000  0.000785 0.000677 0.001862 0.003694 0.001981 0.001047 
6361664 kmeans 1 1555 29 1.130000 2.389000  0.000757 0.000629 0.001723 0.003491 0.001866 0.000965 
6361664 kmeans 1 1555 29 1.130000 1.464000  0.000669 0.000604 0.001664 0.003232 0.001761 0.000936 
6361664 kmeans 1 1555 29 1.130000 2.238000  0.000700 0.000553 0.001553 0.003431 0.001714 0.000888 
6361728 kmeans 1 1555 29 1.130000 1.465000  0.000826 0.000519 0.001468 0.003354 0.001508 0.000801 
6361728 kmeans 1 1555 29 1.130000 1.619000  0.000765 0.000559 0.001546 0.003526 0.001728 0.000876 
6361728 kmeans 1 1555 29 1.130000 1.542000  0.000807 0.000506 0.001403 0.003422 0.001522 0.000798 
6361792 kmeans 1 1555 29 1.130000 1.388000  0.000700 0.000518 0.001408 0.003041 0.001506 0.000782 
6361792 kmeans 1 1555 29 1.130000 2.620000  0.000632 0.000493 0.001385 0.003135 0.001531 0.000773 
6361792 kmeans 1 1555 29 1.130000 1.464000  0.000738 0.000449 0.001262 0.002842 0.001308 0.000689 
6361856 kmeans 1 1555 29 1.130000 1.465000  0.000592 0.000464 0.001288 0.002792 0.001385 0.000715 
6361856 kmeans 1 1555 29 1.130000 1.465000  0.000591 0.000425 0.001203 0.002895 0.001323 0.000688 
6361856 kmeans 1 1555 29 1.130000 1.465000  0.000550 0.000442 0.001217 0.002600 0.001320 0.000686 
6361920 kmeans 1 1555 29 1.130000 2.310000  0.000520 0.000423 0.001196 0.002654 0.001316 0.000669 
6361920 kmeans 1 1555 29 1.130000 1.387000  0.000468 0.000387 0.001076 0.002343 0.001130 0.000601 
6361984 kmeans 1 1555 29 1.130000 2.158000  0.000478 0.000404 0.001133 0.002421 0.001230 0.000634 
6361984 kmeans 1 1555 28 1.130000 1.388000  0.000444 0.000391 0.001073 0.002124 0.001139 0.000601 
6361984 kmeans 1 1555 28 1.130000 1.542000  0.000435 0.000553 0.001338 0.002814 0.001551 0.000763 
6362048 kmeans 1 1555 29 1.130000 2.311000  0.000408 0.000356 0.000977 0.001930 0.001037 0.000549 
6362048 kmeans 1 1555 29 1.130000 1.465000  0.000542 0.000341 0.000961 0.002098 0.000994 0.000530 
6362048 kmeans 1 1555 29 1.130000 2.081000  0.000367 0.000326 0.001497 0.004238 0.001453 0.000699 
6362112 kmeans 1 1555 29 1.130000 1.465000  0.000354 0.000318 0.000876 0.001750 0.000922 0.000490 
6362112 kmeans 1 1555 28 1.130000 1.542000  0.000352 0.000314 0.000864 0.001680 0.000911 0.000484 
6362112 kmeans 1 1555 28 1.130000 2.312000  0.000365 0.000307 0.000845 0.001876 0.000950 0.000487 
6362176 kmeans 1 1555 29 1.130000 1.465000  0.000331 0.000279 0.000782 0.001706 0.000868 0.000457 
6362176 kmeans 1 1555 29 1.130000 1.618000  0.000421 0.000313 0.000844 0.001830 0.000909 0.000474 
6362176 kmeans 1 1555 29 1.130000 1.465000  0.000382 0.000278 0.000786 0.001912 0.000849 0.000448 
6362240 kmeans 1 1555 29 1.130000 1.465000  0.000409 0.000298 0.000815 0.001770 0.000879 0.000453 
6362240 kmeans 1 1555 29 1.130000 2.466000  0.000307 0.000267 0.000734 0.001459 0.000786 0.000413 
6362240 kmeans 1 1555 29 1.130000 1.464000  0.000285 0.000248 0.000695 0.001383 0.000711 0.000383 
6362304 kmeans 1 1555 29 1.130000 1.774000  0.000334 0.000271 0.000747 0.001615 0.000814 0.000419 
6362304 kmeans 1 1555 28 1.130000 1.465000  0.000317 0.000261 0.000721 0.001580 0.000783 0.000406 
6362304 kmeans 1 1555 28 1.130000 1.464000  0.000370 0.000267 0.000736 0.001664 0.000814 0.000422 
6362368 kmeans 1 1555 28 1.130000 2.544000  0.000312 0.000254 0.000699 0.001535 0.000772 0.000397 
6362368 kmeans 1 1555 28 1.130000 1.465000  0.000330 0.000255 0.000683 0.001392 0.000698 0.000369 
6362432 kmeans 1 1555 29 1.130000 2.390000  0.000322 0.000250 0.000702 0.001585 0.000762 0.000393 
6362432 kmeans 1 1555 28 1.130000 1.465000  0.000311 0.000249 0.000689 0.001508 0.000757 0.000388 
6362432 kmeans 1 1555 28 1.130000 1.465000  0.000290 0.000236 0.000660 0.001381 0.000714 0.000372 
6362496 kmeans 1 1555 29 1.130000 2.543000  0.000307 0.000233 0.000660 0.001435 0.000717 0.000372 
6362496 kmeans 1 1555 29 1.130000 1.465000  0.000274 0.000228 0.000639 0.001390 0.000707 0.000370 
6362496 kmeans 1 1555 29 1.130000 1.928000  0.000277 0.000230 0.000638 0.001411 0.000696 0.000363 
6362560 kmeans 1 1555 29 1.130000 1.465000  0.000285 0.000228 0.000634 0.001531 0.000711 0.000356 
6362560 kmeans 1 1555 29 1.130000 1.465000  0.000294 0.000232 0.000634 0.001389 0.000685 0.000353 
6362560 kmeans 1 1555 29 1.130000 1.464000  0.000278 0.000222 0.000629 0.001414 0.000698 0.000362 
6362624 kmeans 1 1555 29 1.130000 1.695000  0.000242 0.000203 0.000561 0.001118 0.000582 0.000313 
6362624 kmeans 1 1555 29 1.130000 2.082000  0.001646 0.001231 0.003357 0.007630 0.003767 0.002006 
6362624 kmeans 1 1555 29 1.130000 1.464000  0.000256 0.000204 0.000581 0.001320 0.000656 0.000335 
6362688 kmeans 1 1555 28 1.130000 1.465000  0.000283 0.000215 0.000583 0.001251 0.000620 0.000321 
6362688 kmeans 1 1555 28 1.130000 2.311000  0.000243 0.000195 0.000550 0.001187 0.000603 0.000318 
6362752 kmeans 1 1555 29 1.130000 2.081000  0.000216 0.000190 0.000535 0.001155 0.000547 0.000292 
6362752 kmeans 1 1555 29 1.130000 2.161000  0.000262 0.000205 0.000557 0.001228 0.000601 0.000311 
6362752 kmeans 1 1555 29 1.130000 1.696000  0.000224 0.000191 0.000524 0.001053 0.000554 0.000296 
6362816 kmeans 1 1555 29 1.130000 1.465000  0.000228 0.000201 0.000542 0.001216 0.000592 0.000309 
6362816 kmeans 1 1555 29 1.130000 2.312000  0.000215 0.000274 0.000663 0.001431 0.000771 0.000378 
6362816 kmeans 1 1555 29 1.130000 1.850000  0.000210 0.000179 0.000495 0.001105 0.000516 0.000276 
6362880 kmeans 1 1555 29 1.130000 1.463000  0.000209 0.000182 0.000499 0.000988 0.000531 0.000280 
6362880 kmeans 1 1555 29 1.130000 1.465000  0.000313 0.000184 0.000510 0.001246 0.000545 0.000283 
6362880 kmeans 1 1555 29 1.130000 1.465000  0.000243 0.000189 0.000511 0.001132 0.000562 0.000289 
6362944 kmeans 1 1555 29 1.130000 1.927000  0.000200 0.000172 0.000474 0.000933 0.000503 0.000266 
6362944 kmeans 1 1555 29 1.130000 1.388000  0.000239 0.000162 0.000460 0.001060 0.000484 0.000255 
6362944 kmeans 1 1555 29 1.130000 1.465000  0.000191 0.000165 0.000453 0.000904 0.000483 0.000254 
6363008 kmeans 1 1555 29 1.130000 1.465000  0.000208 0.000168 0.000469 0.001088 0.000532 0.000269 
6363008 kmeans 1 1555 29 1.130000 1.618000  0.000201 0.000165 0.000441 0.000885 0.000453 0.000240 
6363008 kmeans 1 1555 28 1.130000 2.083000  0.000183 0.000158 0.000432 0.000859 0.000458 0.000243 
6363072 kmeans 1 1555 28 1.130000 1.465000  0.000229 0.000289 0.000849 0.002130 0.000716 0.000348 
6363072 kmeans 1 1555 29 1.130000 1.465000  0.000171 0.000154 0.000423 0.000835 0.000449 0.000237 
6363136 kmeans 1 1555 29 1.130000 1.465000  0.000207 0.000155 0.000422 0.000947 0.000448 0.000234 
6363136 kmeans 1 1555 28 1.130000 1.002000  0.000205 0.000158 0.000432 0.000946 0.000468 0.000247 
