#Timestamp	Benchmark	Run(#)	CPU Frequency (MHz)	CPU Temperature(C)	CPU Voltage(V)	CPU Power(W)	CPU_CYCLES	L1_DATA_CACHE_ACCESS	INSTRUCTIONS_RETIRED	BUS_CYCLES	L1I_CACHE_ACCESS	PREDICTABLE_BRANCH_SPECULATIVELY_EXECUTED
6740736 hybridsort 1 1734 31 1.226000 1.927000  0.000017 0.000015 0.000041 0.000081 0.000043 0.000023 
6740736 hybridsort 1 1734 29 1.226000 2.156000  0.000018 0.000015 0.000042 0.000089 0.000047 0.000024 
6740736 hybridsort 1 1734 29 1.226000 1.620000  0.000019 0.000016 0.000043 0.000091 0.000048 0.000024 
6740800 hybridsort 1 1734 29 1.226000 0.540000  0.000020 0.000016 0.000043 0.000108 0.000044 0.000025 
6740800 hybridsort 1 1734 29 1.226000 0.539000  0.000016 0.000015 0.000041 0.000080 0.000043 0.000023 
6740800 hybridsort 1 1734 29 1.226000 0.540000  0.000018 0.000015 0.000042 0.000090 0.000047 0.000024 
6740864 hybridsort 1 1734 29 1.226000 0.539000  0.000020 0.000016 0.000044 0.000092 0.000049 0.000025 
6740864 hybridsort 1 1734 29 1.226000 1.694000  0.000018 0.000015 0.000041 0.000081 0.000043 0.000023 
6740864 hybridsort 1 1734 28 1.226000 1.695000  0.000020 0.000227 0.000462 0.001237 0.000279 0.000110 
6740928 hybridsort 1 1734 28 1.226000 1.850000  0.000017 0.000015 0.000040 0.000081 0.000043 0.000023 
6740928 hybridsort 1 1734 28 1.226000 1.925000  0.000017 0.000015 0.000040 0.000082 0.000043 0.000023 
6740992 hybridsort 1 1734 28 1.226000 1.850000  0.000020 0.000016 0.000043 0.000095 0.000046 0.000024 
6740992 hybridsort 1 1734 28 1.226000 2.541000  0.000021 0.000015 0.000041 0.000093 0.000045 0.000023 
6740992 hybridsort 1 1734 28 1.226000 1.850000  0.000021 0.000015 0.000042 0.000092 0.000046 0.000023 
6741056 hybridsort 1 1734 29 1.226000 1.928000  0.000017 0.000015 0.000042 0.000092 0.000046 0.000024 
6741056 hybridsort 1 1734 29 1.226000 3.159000  0.000019 0.000015 0.000042 0.000094 0.000045 0.000023 
6741056 hybridsort 1 1734 29 1.226000 1.851000  0.000016 0.000014 0.000038 0.000075 0.000039 0.000021 
6741120 hybridsort 1 1734 29 1.226000 2.620000  0.000018 0.000015 0.000040 0.000081 0.000043 0.000023 
6741120 hybridsort 1 1734 29 1.226000 1.850000  0.000016 0.000014 0.000038 0.000076 0.000040 0.000021 
6741184 hybridsort 1 1734 29 1.226000 2.620000  0.000019 0.000015 0.000042 0.000103 0.000046 0.000024 
6741184 hybridsort 1 1734 30 1.226000 1.850000  0.000017 0.000014 0.000040 0.000085 0.000042 0.000022 
6741184 hybridsort 1 1734 29 1.226000 2.080000  0.000018 0.000015 0.000041 0.000091 0.000045 0.000023 
6741248 hybridsort 1 1734 29 1.226000 2.544000  -0.088835 0.456114 0.102336 -0.088748 0.492926 0.250517 
6741248 hybridsort 1 1734 29 1.226000 2.080000  0.000019 0.000014 0.000039 0.000096 0.000041 0.000021 
6741312 hybridsort 1 1734 29 1.226000 1.539000  0.000018 0.000014 0.000040 0.000090 0.000044 0.000023 
6741312 hybridsort 1 1734 30 1.226000 0.770000  0.000018 0.000014 0.000038 0.000078 0.000039 0.000021 
6741312 hybridsort 1 1734 30 1.226000 1.463000  0.000018 0.000015 0.000041 0.000092 0.000045 0.000023 
6741376 hybridsort 1 1734 30 1.226000 0.770000  0.000017 0.000014 0.000038 0.000080 0.000039 0.000021 
6741376 hybridsort 1 1734 30 1.226000 1.385000  0.000022 0.000016 0.000042 0.000098 0.000046 0.000023 
6741376 hybridsort 1 1734 30 1.226000 0.924000  0.000017 0.000014 0.000038 0.000079 0.000039 0.000021 
6741440 hybridsort 1 1734 30 1.226000 0.924000  0.000015 0.000014 0.000038 0.000075 0.000039 0.000021 
6741440 hybridsort 1 1734 30 1.226000 1.540000  0.000019 0.000015 0.000042 0.000092 0.000045 0.000023 
6741440 hybridsort 1 1734 30 1.226000 2.310000  0.000015 0.000013 0.000038 0.000073 0.000038 0.000021 
6741504 hybridsort 1 1734 30 1.226000 0.770000  0.000016 0.000013 0.000038 0.000073 0.000039 0.000021 
6741504 hybridsort 1 1734 30 1.226000 0.770000  0.000016 0.000013 0.000038 0.000077 0.000038 0.000021 
6741504 hybridsort 1 1734 30 1.226000 2.775000  0.000019 0.000014 0.000040 0.000093 0.000044 0.000023 
6741568 hybridsort 1 1734 29 1.226000 3.236000  0.000005 0.000004 0.000014 0.000102 0.000017 0.000007 
6741568 hybridsort 1 1734 29 1.226000 0.770000  0.000005 0.000004 0.000010 0.000025 0.000013 0.000006 
6741568 hybridsort 1 1734 30 1.226000 0.770000  0.000005 0.000004 0.000011 0.000029 0.000014 0.000007 
6741632 hybridsort 1 1734 30 1.226000 1.616000  0.000111 0.000071 0.000139 0.000285 0.000117 0.000058 
6741632 hybridsort 1 1734 30 1.226000 1.694000  0.000017 0.000016 0.000043 0.000101 0.000044 0.000023 
6741632 hybridsort 1 1734 30 1.226000 1.385000  0.000018 0.000014 0.000040 0.000090 0.000043 0.000022 
6741696 hybridsort 1 1734 30 1.226000 1.770000  0.000016 0.000013 0.000037 0.000074 0.000038 0.000020 
6741696 hybridsort 1 1734 30 1.226000 1.001000  0.000018 0.000014 0.000040 0.000089 0.000044 0.000023 
6741696 hybridsort 1 1734 30 1.226000 0.770000  0.000019 0.000015 0.000040 0.000089 0.000044 0.000023 
6741760 hybridsort 1 1734 30 1.226000 1.541000  0.000014 0.000013 0.000037 0.000071 0.000038 0.000020 
6741760 hybridsort 1 1734 30 1.226000 0.847000  0.000014 0.000013 0.000037 0.000069 0.000038 0.000020 
6741824 hybridsort 1 1734 30 1.226000 0.770000  0.000005 0.000003 0.000010 0.000021 0.000012 0.000006 
6741824 hybridsort 1 1734 30 1.226000 2.387000  0.000005 0.000003 0.000010 0.000021 0.000012 0.000006 
6741824 hybridsort 1 1734 30 1.226000 0.770000  0.000020 0.000015 0.000040 0.000095 0.000045 0.000023 
6741888 hybridsort 1 1734 30 1.226000 0.847000  0.000017 0.000013 0.000036 0.000076 0.000038 0.000020 
6741888 hybridsort 1 1734 30 1.226000 1.462000  0.237456 0.183089 0.493615 0.988366 0.381777 0.182884 
6741888 hybridsort 1 1734 30 1.226000 0.769000  0.000010 0.000065 0.000038 0.000128 0.000000 0.000007 
6741952 hybridsort 1 1734 30 1.226000 1.462000  0.031935 0.004797 0.010682 0.043642 0.010318 0.004897 
6741952 hybridsort 1 1734 30 1.226000 0.770000  0.002358 0.001903 0.005307 0.011015 0.005470 0.002937 
6741952 hybridsort 1 1734 30 1.226000 0.847000  0.001746 0.001652 0.004632 0.008683 0.004699 0.002559 
6742016 hybridsort 1 1734 30 1.226000 0.770000  0.001724 0.001545 0.004301 0.008147 0.004409 0.002377 
6742016 hybridsort 1 1734 30 1.226000 0.770000  0.001504 0.001421 0.003990 0.007502 0.004044 0.002199 
6742016 hybridsort 1 1734 30 1.226000 1.464000  0.001777 0.001371 0.003772 0.008711 0.003989 0.002106 
6742080 hybridsort 1 1734 30 1.226000 2.388000  0.000497 0.000260 0.000743 0.001974 0.000930 0.000461 
6742080 hybridsort 1 1734 29 1.226000 2.309000  0.001114 0.000854 0.002357 0.005151 0.002497 0.001318 
6742080 hybridsort 1 1734 30 1.226000 0.847000  0.000902 0.000812 0.002235 0.004355 0.002365 0.001252 
6742144 hybridsort 1 1734 30 1.226000 2.002000  0.000843 0.000637 0.001797 0.004160 0.001978 0.001045 
6742144 hybridsort 1 1734 30 1.226000 0.847000  0.000019 0.000013 0.000038 0.000084 0.000039 0.000021 
6742208 hybridsort 1 1734 30 1.226000 1.309000  0.000740 0.000581 0.001641 0.003779 0.001813 0.000939 
6742208 hybridsort 1 1734 30 1.226000 0.770000  0.000775 0.000603 0.001673 0.003751 0.001814 0.000934 
6742208 hybridsort 1 1734 30 1.226000 0.770000  0.000577 0.000526 0.001467 0.002833 0.001501 0.000814 
6742272 hybridsort 1 1734 30 1.226000 0.770000  0.000538 0.000511 0.001432 0.002650 0.001458 0.000794 
6742272 hybridsort 1 1734 30 1.226000 0.847000  0.000526 0.000499 0.001388 0.002641 0.001424 0.000771 
6742272 hybridsort 1 1734 30 1.226000 0.847000  0.000617 0.000520 0.001419 0.003036 0.001557 0.000810 
6742336 hybridsort 1 1734 30 1.226000 0.924000  0.000632 0.000494 0.001401 0.003064 0.001527 0.000797 
