#Timestamp	Benchmark	Run(#)	CPU Frequency (MHz)	CPU Temperature(C)	CPU Voltage(V)	CPU Power(W)	CPU_CYCLES	L1_DATA_CACHE_ACCESS	INSTRUCTIONS_RETIRED	BUS_CYCLES	L1I_CACHE_ACCESS	PREDICTABLE_BRANCH_SPECULATIVELY_EXECUTED
5542848 srad_v1 1 1132 27 1.072000 0.461000  0.000022 0.000020 0.000055 0.000106 0.000059 0.000031 
5542848 srad_v1 1 1132 27 1.072000 0.308000  0.000022 0.000019 0.000054 0.000110 0.000057 0.000030 
5542912 srad_v1 1 1132 27 1.072000 0.694000  0.000022 0.000020 0.000055 0.000106 0.000059 0.000031 
5542912 srad_v1 1 1132 27 1.072000 0.924000  0.000025 0.000020 0.000055 0.000120 0.000058 0.000031 
5542912 srad_v1 1 1132 26 1.072000 0.308000  0.000025 0.000021 0.000057 0.000118 0.000063 0.000032 
5542976 srad_v1 1 1132 27 1.072000 0.770000  0.000022 0.000020 0.000055 0.000106 0.000058 0.000031 
5542976 srad_v1 1 1132 27 1.072000 0.308000  0.000021 0.000019 0.000052 0.000102 0.000055 0.000029 
5542976 srad_v1 1 1132 26 1.072000 0.771000  0.000021 0.000020 0.000054 0.000105 0.000058 0.000030 
5543040 srad_v1 1 1132 26 1.072000 0.308000  0.000026 0.000021 0.000058 0.000119 0.000061 0.000031 
5543040 srad_v1 1 1132 26 1.072000 0.308000  0.000025 0.000021 0.000058 0.000119 0.000062 0.000033 
5543040 srad_v1 1 1132 26 1.072000 0.308000  0.000024 0.000021 0.000057 0.000121 0.000064 0.000033 
5543104 srad_v1 1 1132 26 1.072000 0.308000  0.000026 0.000021 0.000055 0.000111 0.000057 0.000030 
5543104 srad_v1 1 1132 26 1.072000 0.770000  0.000027 0.000020 0.000057 0.000118 0.000063 0.000032 
5543168 srad_v1 1 1132 26 1.072000 0.308000  0.000021 0.000019 0.000052 0.000111 0.000054 0.000029 
5543168 srad_v1 1 1132 26 1.072000 0.308000  0.000026 0.000021 0.000058 0.000119 0.000063 0.000032 
5543168 srad_v1 1 1132 26 1.072000 0.385000  0.000023 0.000052 0.000130 0.000275 0.000110 0.000051 
5543232 srad_v1 1 1132 26 1.072000 0.308000  0.000041 0.000024 0.000061 0.000125 0.000061 0.000031 
5543232 srad_v1 1 1132 26 1.072000 0.771000  0.000025 0.000020 0.000055 0.000116 0.000061 0.000031 
5543232 srad_v1 1 1132 26 1.072000 0.308000  0.000024 0.000020 0.000054 0.000110 0.000057 0.000030 
5543296 srad_v1 1 1132 26 1.072000 0.540000  0.000025 0.000021 0.000058 0.000121 0.000065 0.000033 
5543296 srad_v1 1 1132 26 1.072000 0.308000  0.000023 0.000020 0.000054 0.000111 0.000062 0.000032 
5543296 srad_v1 1 1132 26 1.072000 0.308000  0.000026 0.000021 0.000058 0.000118 0.000062 0.000032 
5543360 srad_v1 1 1132 26 1.072000 0.925000  0.000022 0.000028 0.000069 0.000146 0.000081 0.000039 
5543360 srad_v1 1 1132 26 1.072000 0.848000  0.000021 0.000018 0.000051 0.000099 0.000053 0.000028 
5543360 srad_v1 1 1132 26 1.072000 0.539000  0.000022 0.000019 0.000053 0.000104 0.000057 0.000030 
5543424 srad_v1 1 1132 26 1.072000 0.308000  0.000024 0.000019 0.000053 0.000107 0.000056 0.000029 
5543424 srad_v1 1 1132 26 1.072000 0.308000  0.000021 0.000019 0.000053 0.000104 0.000057 0.000030 
5543424 srad_v1 1 1132 26 1.072000 0.308000  0.000022 0.000019 0.000053 0.000104 0.000056 0.000029 
5543488 srad_v1 1 1132 26 1.072000 0.385000  0.000023 0.000020 0.000056 0.000119 0.000063 0.000031 
5543488 srad_v1 1 1132 26 1.072000 0.694000  0.000023 0.000020 0.000056 0.000118 0.000062 0.000032 
5543552 srad_v1 1 1132 26 1.072000 0.308000  0.000026 0.000020 0.000054 0.000109 0.000056 0.000029 
5543552 srad_v1 1 1132 26 1.072000 1.233000  0.000023 0.000019 0.000055 0.000121 0.000061 0.000032 
5543552 srad_v1 1 1132 26 1.072000 0.847000  0.000021 0.000019 0.000053 0.000119 0.000055 0.000029 
5543616 srad_v1 1 1132 26 1.072000 1.312000  0.000021 0.000019 0.000053 0.000102 0.000056 0.000029 
5543616 srad_v1 1 1132 26 1.072000 0.924000  0.000022 0.000019 0.000052 0.000104 0.000055 0.000029 
5543616 srad_v1 1 1132 26 1.072000 0.925000  0.000024 0.000019 0.000055 0.000121 0.000061 0.000032 
5543680 srad_v1 1 1132 26 1.072000 1.154000  0.000024 0.000019 0.000055 0.000122 0.000062 0.000031 
5543680 srad_v1 1 1132 26 1.072000 0.694000  0.000021 0.000018 0.000050 0.000100 0.000052 0.000028 
5543680 srad_v1 1 1132 27 1.072000 1.234000  0.000022 0.000019 0.000053 0.000114 0.000061 0.000031 
5543744 srad_v1 1 1132 27 1.072000 0.849000  0.000021 0.000019 0.000055 0.000131 0.000055 0.000029 
5543744 srad_v1 1 1132 27 1.072000 0.922000  0.000021 0.000019 0.000051 0.000103 0.000055 0.000030 
5543744 srad_v1 1 1132 28 1.072000 0.615000  0.000693 0.000140 0.000287 0.000791 0.000208 0.000087 
5543808 srad_v1 1 1132 28 1.072000 0.846000  0.000027 0.000020 0.000054 0.000120 0.000062 0.000031 
5543808 srad_v1 1 1132 28 1.072000 0.615000  0.000041 0.000021 0.000060 0.000190 0.000067 0.000033 
5543872 srad_v1 1 1132 28 1.072000 0.616000  0.000022 0.000018 0.000052 0.000112 0.000061 0.000031 
5543872 srad_v1 1 1132 28 1.072000 0.846000  0.000023 0.000023 0.000067 0.000176 0.000067 0.000033 
5543872 srad_v1 1 1132 28 1.072000 1.002000  0.392273 0.117360 0.270633 0.392464 0.131988 0.061392 
5543936 srad_v1 1 1132 28 1.072000 1.080000  0.000026 0.000020 0.000054 0.000118 0.000059 0.000030 
5543936 srad_v1 1 1132 28 1.072000 1.002000  0.000023 0.000018 0.000050 0.000136 0.000060 0.000030 
5543936 srad_v1 1 1132 28 1.072000 0.926000  0.000024 0.000019 0.000054 0.000118 0.000058 0.000030 
5544000 srad_v1 1 1132 28 1.072000 1.232000  0.000126 0.000110 0.000307 0.000677 0.000343 0.000175 
