#Timestamp	Benchmark	Run(#)	CPU Frequency (MHz)	CPU Temperature(C)	CPU Voltage(V)	CPU Power(W)	CPU_CYCLES	L1_DATA_CACHE_ACCESS	INSTRUCTIONS_RETIRED	BUS_CYCLES	L1I_CACHE_ACCESS	PREDICTABLE_BRANCH_SPECULATIVELY_EXECUTED
3109440 kmeans 1 307 25 0.842000 0.462000  0.000028 0.000022 0.000074 0.000167 0.000091 0.000042 
3109440 kmeans 1 307 25 0.842000 0.617000  0.000025 0.000022 0.000064 0.000125 0.000080 0.000040 
3109504 kmeans 1 307 24 0.842000 0.540000  0.000095 0.000084 0.000236 0.000459 0.000241 0.000130 
3109504 kmeans 1 307 24 0.842000 0.463000  0.000023 0.000022 0.000063 0.000120 0.000079 0.000039 
3109568 kmeans 1 307 24 0.842000 0.539000  0.000304 0.000146 0.000400 0.002525 0.001460 0.000823 
3109568 kmeans 1 307 25 0.842000 0.539000  0.000093 0.000082 0.000229 0.000449 0.000236 0.000127 
3109632 kmeans 1 307 25 0.842000 0.462000  0.000065 0.000051 0.000137 0.000276 0.000143 0.000073 
3109632 kmeans 1 307 25 0.842000 0.616000  0.000099 0.000086 0.000235 0.000468 0.000252 0.000132 
3109696 kmeans 1 307 25 0.842000 0.463000  0.000090 0.000081 0.000226 0.000602 0.000288 0.000142 
3109696 kmeans 1 307 24 0.842000 0.539000  0.000103 0.000086 0.000235 0.000469 0.000249 0.000130 
3109696 kmeans 1 307 24 0.842000 0.539000  0.000109 0.000085 0.000229 0.000455 0.000239 0.000126 
3109760 kmeans 1 307 24 0.842000 0.539000  0.000117 0.000090 0.000248 0.000536 0.000283 0.000143 
3109760 kmeans 1 307 24 0.842000 0.617000  0.000050 0.000044 0.000123 0.000239 0.000128 0.000068 
3109824 kmeans 1 307 24 0.842000 0.539000  0.000266 0.000094 0.000220 0.000502 0.000205 0.000100 
3109824 kmeans 1 307 25 0.842000 0.539000  0.000087 0.000078 0.000227 0.000459 0.000233 0.000122 
3109888 kmeans 1 307 24 0.842000 0.540000  0.000086 0.000077 0.000665 0.002075 0.000746 0.000326 
3109888 kmeans 1 307 24 0.842000 0.540000  0.000088 0.000116 0.000427 0.000761 0.000341 0.000171 
3109952 kmeans 1 307 24 0.842000 0.462000  0.000111 0.000086 0.000234 0.000506 0.000259 0.000133 
3109952 kmeans 1 307 24 0.842000 0.462000  0.000085 0.000076 0.000212 0.000410 0.000219 0.000118 
3110016 kmeans 1 307 24 0.842000 0.539000  0.000096 0.000084 0.000230 0.000480 0.000253 0.000131 
3110016 kmeans 1 307 24 0.842000 0.462000  0.000084 0.000075 0.000210 0.000404 0.000216 0.000117 
3110016 kmeans 1 307 24 0.842000 0.539000  0.000147 0.000096 0.000249 0.000544 0.000270 0.000136 
3110080 kmeans 1 307 24 0.842000 0.308000  0.000079 0.000075 0.000209 0.000390 0.000214 0.000116 
3110080 kmeans 1 307 24 0.842000 0.539000  0.395196 -0.761052 0.423695 -0.760976 0.000038 0.025309 
3110144 kmeans 1 307 24 0.842000 0.386000  0.000082 0.000075 0.000208 0.000392 0.000214 0.000115 
3110144 kmeans 1 307 24 0.842000 0.463000  0.038952 0.014127 0.030194 0.039271 0.015465 0.007007 
3110208 kmeans 1 307 24 0.842000 0.308000  0.000081 0.000074 0.000207 0.000391 0.000212 0.000114 
3110208 kmeans 1 307 24 0.842000 0.539000  0.000094 0.000083 0.000229 0.000476 0.000250 0.000129 
3110272 kmeans 1 307 24 0.842000 0.308000  0.000091 0.000076 0.000218 0.000424 0.000220 0.000118 
3110272 kmeans 1 307 24 0.842000 0.463000  0.000011 0.000071 0.000044 0.000144 0.000000 0.000007 
3110272 kmeans 1 307 24 0.842000 0.539000  0.053592 0.019181 0.040781 0.053876 0.021113 0.009534 
3110336 kmeans 1 307 24 0.842000 0.540000  0.000166 0.000089 0.000237 0.000528 0.000262 0.000131 
3110336 kmeans 1 307 24 0.842000 0.539000  0.000092 0.000077 0.000215 0.000433 0.000224 0.000118 
3110400 kmeans 1 307 24 0.842000 0.462000  0.000082 0.000077 0.000210 0.000397 0.000272 0.000137 
3110400 kmeans 1 307 24 0.842000 0.462000  0.000091 0.000076 0.000216 0.000422 0.000223 0.000118 
3110464 kmeans 1 307 24 0.842000 0.539000  0.000084 0.000076 0.000208 0.000396 0.000221 0.000116 
3110464 kmeans 1 307 24 0.842000 0.540000  0.000081 0.000071 0.000207 0.000424 0.000225 0.000118 
3110528 kmeans 1 307 24 0.842000 0.463000  0.000080 0.000075 0.000206 0.000393 0.000219 0.000115 
3110528 kmeans 1 307 24 0.842000 0.540000  0.000077 0.000076 0.000207 0.000414 0.000211 0.000112 
3110528 kmeans 1 307 24 0.842000 0.463000  0.004795 0.016339 0.005514 0.016410 0.000001 0.000336 
3110592 kmeans 1 307 24 0.842000 0.462000  0.000030 0.000165 0.000063 0.000225 0.000000 0.000009 
3110592 kmeans 1 307 24 0.842000 0.540000  0.000090 0.002969 0.001074 0.003174 0.000000 0.000089 
3110656 kmeans 1 307 24 0.842000 0.462000  0.000010 0.000056 0.000038 0.000117 0.000000 0.000007 
3110656 kmeans 1 307 24 0.842000 0.463000  0.000074 0.000069 0.000195 0.000372 0.000200 0.000108 
3110720 kmeans 1 307 24 0.842000 0.462000  0.000078 0.000073 0.000202 0.000387 0.000214 0.000113 
3110720 kmeans 1 307 24 0.842000 0.462000  0.000078 0.000077 0.000206 0.000410 0.000213 0.000111 
3110784 kmeans 1 307 24 0.842000 0.462000  0.000047 0.000040 0.000112 0.000284 0.000132 0.000067 
3110784 kmeans 1 307 24 0.842000 0.462000  0.000074 0.000068 0.000191 0.000355 0.000196 0.000106 
3110784 kmeans 1 307 24 0.842000 0.463000  0.000091 0.000078 0.000213 0.001091 0.000426 0.000192 
3110848 kmeans 1 307 24 0.842000 0.463000  0.000074 0.000067 0.000193 0.000373 0.000197 0.000105 
3110848 kmeans 1 307 24 0.842000 0.462000  0.000202 0.000102 0.000304 0.000628 0.000336 0.000160 
3110912 kmeans 1 307 24 0.842000 0.308000  0.014588 0.004040 0.008407 0.014901 0.004919 0.002075 
3110912 kmeans 1 307 24 0.842000 0.463000  0.000092 0.000075 0.000207 0.000430 0.000231 0.000119 
3110976 kmeans 1 307 24 0.842000 0.539000  0.000096 0.000071 0.000203 0.000409 0.000209 0.000110 
3110976 kmeans 1 307 24 0.842000 0.463000  0.000010 0.000055 0.000038 0.000153 0.000000 0.000008 
3111040 kmeans 1 307 24 0.842000 0.539000  0.000093 0.000072 0.000197 0.000394 0.000204 0.000107 
3111040 kmeans 1 307 24 0.842000 0.539000  0.000093 0.000078 0.000213 0.000440 0.000228 0.000117 
3111104 kmeans 1 307 24 0.842000 0.462000  0.000073 0.000068 0.000192 0.000414 0.000208 0.000107 
3111104 kmeans 1 307 24 0.842000 0.462000  0.000077 0.000070 0.000248 0.000493 0.000289 0.000141 
3111104 kmeans 1 307 24 0.842000 0.462000  0.000080 0.000069 0.000194 0.000389 0.000202 0.000107 
3111168 kmeans 1 307 24 0.842000 0.462000  0.000083 0.000075 0.000206 0.000413 0.000223 0.000117 
3111168 kmeans 1 307 24 0.842000 0.539000  0.000083 0.000071 0.000193 0.000401 0.000205 0.000113 
3111232 kmeans 1 307 24 0.842000 0.540000  0.000077 0.000068 0.000239 0.000662 0.000328 0.000150 
3111232 kmeans 1 307 24 0.842000 0.540000  0.000081 0.000067 0.000188 0.000364 0.000192 0.000102 
3111296 kmeans 1 307 24 0.842000 0.540000  0.000093 0.000074 0.000198 0.000414 0.000222 0.000113 
3111296 kmeans 1 307 24 0.842000 0.462000  0.000113 0.000075 0.000198 0.000404 0.000211 0.000109 
3111296 kmeans 1 307 24 0.842000 0.462000  0.000083 0.000067 0.000184 0.000352 0.000189 0.000104 
3111360 kmeans 1 307 24 0.842000 0.462000  0.000078 0.000075 0.000203 0.000439 0.000208 0.000107 
3111360 kmeans 1 307 24 0.842000 0.462000  0.000093 0.000072 0.000195 0.000417 0.000222 0.000114 
3111424 kmeans 1 307 24 0.842000 0.539000  0.000069 0.000063 0.000176 0.000333 0.000182 0.000098 
3111424 kmeans 1 307 24 0.842000 0.462000  0.000009 0.000054 0.000037 0.000123 0.000000 0.000009 
3111488 kmeans 1 307 24 0.842000 0.385000  0.000070 0.000063 0.000175 0.000336 0.000194 0.000103 
3111488 kmeans 1 307 24 0.842000 0.540000  0.000011 0.000010 0.000028 0.000055 0.000036 0.000018 
3111488 kmeans 1 307 24 0.842000 0.385000  0.000068 0.000062 0.000174 0.000330 0.000179 0.000096 
3111552 kmeans 1 307 24 0.842000 0.616000  0.000093 0.000072 0.000197 0.000433 0.000214 0.000109 
3111552 kmeans 1 307 24 0.842000 0.308000  0.000069 0.000067 0.000181 0.000451 0.000206 0.000103 
3111616 kmeans 1 307 24 0.842000 0.462000  0.000123 0.000078 0.000200 0.000428 0.000232 0.000113 
3111616 kmeans 1 307 24 0.842000 0.308000  0.000065 0.000061 0.000170 0.000321 0.000175 0.000095 
3111680 kmeans 1 307 24 0.842000 0.462000  0.000069 0.000065 0.000195 0.000394 0.000200 0.000104 
3111680 kmeans 1 307 24 0.842000 0.385000  0.000067 0.000061 0.000170 0.000320 0.000186 0.000097 
3111744 kmeans 1 307 24 0.842000 0.539000  0.000080 0.000064 0.000179 0.000367 0.000213 0.000107 
3111744 kmeans 1 307 24 0.842000 0.308000  0.000065 0.000060 0.000168 0.000319 0.000172 0.000093 
3111744 kmeans 1 307 24 0.842000 0.617000  0.000071 0.000064 0.000174 0.000334 0.000185 0.000098 
3111808 kmeans 1 307 24 0.842000 0.308000  0.000704 0.000182 0.000408 0.000978 0.000366 0.000164 
3111808 kmeans 1 307 24 0.842000 0.540000  0.000083 0.000069 0.000182 0.000378 0.000199 0.000104 
3111872 kmeans 1 307 24 0.842000 0.385000  0.000063 0.000059 0.000166 0.000312 0.000169 0.000098 
3111872 kmeans 1 307 24 0.842000 0.616000  0.000070 0.000092 0.000222 0.000448 0.000259 0.000126 
3111936 kmeans 1 307 24 0.842000 0.462000  0.000319 0.000109 0.000242 0.000588 0.000254 0.000121 
3111936 kmeans 1 307 24 0.842000 0.462000  0.000079 0.000065 0.000173 0.000340 0.000180 0.000094 
3112000 kmeans 1 307 24 0.842000 0.462000  0.000068 0.000060 0.000174 0.000347 0.000180 0.000095 
3112000 kmeans 1 307 24 0.842000 0.463000  0.000079 0.000064 0.000178 0.000359 0.000190 0.000099 
3112064 kmeans 1 307 25 0.842000 0.308000  0.000065 0.000059 0.000163 0.000311 0.000167 0.000091 
3112064 kmeans 1 307 24 0.842000 0.463000  0.000064 0.000058 0.000163 0.000310 0.000167 0.000090 
3112064 kmeans 1 307 24 0.842000 0.462000  0.000066 0.000061 0.000227 0.000475 0.000260 0.000126 
3112128 kmeans 1 307 24 0.842000 0.462000  0.000067 0.000061 0.000168 0.000326 0.000179 0.000094 
3112128 kmeans 1 307 24 0.842000 0.462000  0.000080 0.000065 0.000178 0.000363 0.000196 0.000101 
3112192 kmeans 1 307 24 0.842000 0.462000  0.000062 0.000057 0.000167 0.000320 0.000171 0.000091 
3112192 kmeans 1 307 25 0.842000 0.463000  0.056328 0.018744 0.041309 0.058016 0.021725 0.009592 
3112256 kmeans 1 307 24 0.842000 0.462000  0.000068 0.000061 0.000167 0.000323 0.000177 0.000093 
3112256 kmeans 1 307 24 0.842000 0.540000  0.011118 0.040013 0.013428 0.040067 0.000001 0.000786 
3112320 kmeans 1 307 24 0.842000 0.462000  0.000010 0.000058 0.000037 0.000114 0.000000 0.000006 
3112320 kmeans 1 307 24 0.842000 0.463000  0.000063 0.000057 0.000160 0.000301 0.000165 0.000089 
3112320 kmeans 1 307 24 0.842000 0.463000  0.000071 0.000058 0.000169 0.000335 0.000174 0.000092 
3112384 kmeans 1 307 24 0.842000 0.462000  0.000063 0.000060 0.000174 0.000349 0.000176 0.000096 
3112448 kmeans 1 307 24 0.842000 0.617000  0.000080 0.000069 0.000181 0.000384 0.000198 0.000099 
3112448 kmeans 1 307 24 0.842000 0.463000  0.000071 0.000060 0.000167 0.000335 0.000174 0.000092 
3112512 kmeans 1 307 24 0.842000 0.462000  0.000065 0.000060 0.000164 0.000312 0.000175 0.000092 
3112512 kmeans 1 307 24 0.842000 0.385000  0.000072 0.000062 0.000167 0.000328 0.000182 0.000095 
3112576 kmeans 1 307 24 0.842000 0.540000  0.000074 0.000067 0.000179 0.000386 0.000199 0.000099 
3112576 kmeans 1 307 24 0.842000 0.308000  0.000069 0.000057 0.000159 0.000301 0.000174 0.000092 
3112576 kmeans 1 307 24 0.842000 0.463000  0.000064 0.000059 0.000162 0.000412 0.000210 0.000119 
3112640 kmeans 1 307 24 0.842000 0.385000  0.000070 0.000059 0.000164 0.000340 0.000174 0.000091 
3112640 kmeans 1 307 24 0.842000 0.540000  0.000108 0.000069 0.000184 0.000409 0.000197 0.000099 
3112704 kmeans 1 307 24 0.842000 0.308000  0.000078 0.000060 0.000167 0.000338 0.000173 0.000091 
3112704 kmeans 1 307 24 0.842000 0.539000  0.000076 0.000062 0.000168 0.000345 0.000184 0.000095 
3112768 kmeans 1 307 24 0.842000 0.539000  0.000067 0.000058 0.000163 0.000323 0.000167 0.000089 
3112768 kmeans 1 307 24 0.842000 0.616000  0.000074 0.000062 0.000172 0.000344 0.000183 0.000094 
3112768 kmeans 1 307 24 0.842000 0.462000  0.000067 0.000058 0.000162 0.000323 0.000167 0.000089 
3112832 kmeans 1 307 24 0.842000 0.616000  0.000122 0.000066 0.000177 0.000401 0.000195 0.000098 
3112832 kmeans 1 307 24 0.842000 0.308000  0.000069 0.000057 0.000161 0.000322 0.000166 0.000088 
3112896 kmeans 1 307 24 0.842000 0.539000  0.000078 0.000061 0.000167 0.000360 0.000187 0.000100 
3112896 kmeans 1 307 24 0.842000 0.462000  0.000059 0.000054 0.000154 0.000303 0.000161 0.000086 
3112960 kmeans 1 307 24 0.842000 0.463000  0.000074 0.000059 0.000163 0.000345 0.000183 0.000093 
3112960 kmeans 1 307 24 0.842000 0.385000  0.000058 0.000057 0.000159 0.000315 0.000164 0.000087 
3113024 kmeans 1 307 24 0.842000 0.462000  0.000061 0.000057 0.000155 0.000296 0.000200 0.000101 
3113024 kmeans 1 307 24 0.842000 0.308000  0.000058 0.000056 0.000158 0.000314 0.000161 0.000085 
3113024 kmeans 1 307 24 0.842000 0.540000  0.000062 0.000082 0.000199 0.000472 0.000230 0.000127 
3113088 kmeans 1 307 24 0.842000 0.308000  0.000058 0.000054 0.000148 0.000277 0.000154 0.000082 
3113088 kmeans 1 307 24 0.842000 0.693000  0.000119 0.000067 0.000176 0.000391 0.000183 0.000094 
3113152 kmeans 1 307 24 0.842000 0.385000  0.000057 0.000052 0.000147 0.000280 0.000149 0.000081 
3113152 kmeans 1 307 24 0.842000 0.463000  0.000074 0.000059 0.000162 0.000346 0.000177 0.000091 
3113216 kmeans 1 307 24 0.842000 0.462000  0.000060 0.000065 0.000169 0.000340 0.000168 0.000087 
3113216 kmeans 1 307 24 0.842000 0.616000  0.000056 0.000056 0.000152 0.000304 0.000157 0.000084 
3113216 kmeans 1 307 24 0.842000 0.463000  0.000059 0.000055 0.000196 0.000380 0.000233 0.000114 
3113280 kmeans 1 307 24 0.842000 0.617000  0.010108 0.033880 0.011709 0.033932 0.000001 0.000727 
3113280 kmeans 1 307 24 0.842000 0.462000  0.000070 0.000057 0.000152 0.000311 0.000160 0.000083 
3113344 kmeans 1 307 24 0.842000 0.386000  0.000058 0.000052 0.000145 0.000274 0.000151 0.000081 
3113344 kmeans 1 307 24 0.842000 0.540000  0.000060 0.000054 0.000150 0.000290 0.000159 0.000084 
3113408 kmeans 1 307 24 0.842000 0.462000  0.000057 0.000052 0.000144 0.000276 0.000150 0.000080 
3113408 kmeans 1 307 24 0.842000 0.539000  0.000061 0.000054 0.000149 0.000299 0.000159 0.000083 
3113408 kmeans 1 307 24 0.842000 0.462000  0.000067 0.000060 0.000163 0.000356 0.000179 0.000091 
3113472 kmeans 1 307 24 0.842000 0.693000  0.000058 0.000054 0.000149 0.000320 0.000206 0.000099 
3113472 kmeans 1 307 24 0.842000 0.308000  0.000057 0.000051 0.000143 0.000272 0.000147 0.000079 
3113536 kmeans 1 307 24 0.842000 0.539000  0.000076 0.000057 0.000152 0.000306 0.000173 0.000086 
3113536 kmeans 1 307 24 0.842000 0.539000  0.000056 0.000051 0.000142 0.000267 0.000145 0.000078 
3113600 kmeans 1 307 24 0.842000 0.540000  0.000057 0.000056 0.000149 0.000333 0.000160 0.000083 
3113600 kmeans 1 307 24 0.842000 0.463000  0.000010 0.000060 0.000039 0.000122 0.000000 0.000006 
3113664 kmeans 1 307 24 0.842000 0.539000  0.000059 0.000053 0.000146 0.000284 0.000182 0.000090 
3113664 kmeans 1 307 24 0.842000 0.463000  0.000065 0.000052 0.000143 0.000273 0.000146 0.000078 
3113664 kmeans 1 307 24 0.842000 0.462000  0.000063 0.000056 0.000149 0.000306 0.000157 0.000085 
3113728 kmeans 1 307 24 0.842000 0.462000  0.000070 0.000058 0.000159 0.000330 0.000174 0.000089 
3113728 kmeans 1 307 24 0.842000 0.462000  0.000064 0.000056 0.000156 0.000325 0.000161 0.000085 
3113792 kmeans 1 307 24 0.842000 0.462000  0.000116 0.000065 0.000172 0.000361 0.000174 0.000087 
3113792 kmeans 1 307 24 0.842000 0.540000  0.000069 0.000055 0.000155 0.000325 0.000156 0.000083 
3113856 kmeans 1 307 24 0.842000 0.308000  0.000443 0.000307 0.000858 0.002014 0.000989 0.000496 
3113856 kmeans 1 307 24 0.842000 0.463000  0.000060 0.000052 0.000145 0.000287 0.000147 0.000078 
3113920 kmeans 1 307 24 0.842000 0.462000  0.209851 0.068853 0.170276 0.210057 0.086935 0.042132 
3113920 kmeans 1 307 24 0.842000 0.462000  0.000052 0.000049 0.000136 0.000282 0.000148 0.000078 
3113920 kmeans 1 307 24 0.842000 0.463000  0.000054 0.000050 0.000139 0.000266 0.000149 0.000078 
3113984 kmeans 1 307 24 0.842000 0.385000  0.000057 0.000051 0.000144 0.000293 0.000159 0.000083 
3113984 kmeans 1 307 24 0.842000 0.540000  0.000056 0.000049 0.000141 0.000290 0.000149 0.000080 
3114048 kmeans 1 307 24 0.842000 0.462000  0.000067 0.000055 0.000153 0.000311 0.000177 0.000108 
3114048 kmeans 1 307 24 0.842000 0.462000  0.000062 0.000051 0.000143 0.000288 0.000149 0.000079 
3114112 kmeans 1 307 24 0.842000 0.463000  0.000064 0.000053 0.000145 0.000301 0.000169 0.000085 
3114112 kmeans 1 307 24 0.842000 0.385000  0.000053 0.000048 0.000137 0.000269 0.000144 0.000077 
3114112 kmeans 1 307 24 0.842000 0.385000  0.000056 0.000051 0.000139 0.000264 0.000148 0.000078 
3114176 kmeans 1 307 24 0.842000 0.540000  0.000053 0.000048 0.000133 0.000254 0.000138 0.000074 
3114176 kmeans 1 307 24 0.842000 0.462000  0.000057 0.000050 0.000139 0.000273 0.000148 0.000078 
3114240 kmeans 1 307 24 0.842000 0.308000  0.000053 0.000047 0.000132 0.000254 0.000135 0.000073 
3114240 kmeans 1 307 24 0.842000 0.462000  0.000067 0.000053 0.000145 0.000326 0.000163 0.000083 
3114304 kmeans 1 307 24 0.842000 0.386000  0.000090 0.000056 0.000147 0.000311 0.000149 0.000077 
3114304 kmeans 1 307 24 0.842000 0.539000  0.000059 0.000051 0.000139 0.000275 0.000150 0.000080 
3114368 kmeans 1 307 24 0.842000 0.385000  0.000055 0.000050 0.000138 0.000291 0.000148 0.000078 
3114368 kmeans 1 307 24 0.842000 0.385000  0.000066 0.000053 0.000143 0.000301 0.000155 0.000080 
3114368 kmeans 1 307 24 0.842000 0.463000  0.000052 0.000047 0.000159 0.000353 0.000163 0.000081 
3114432 kmeans 1 307 24 0.842000 0.462000  0.000054 0.000049 0.000135 0.000347 0.000165 0.000082 
3114432 kmeans 1 307 24 0.842000 0.540000  0.000050 0.000046 0.000129 0.000246 0.000132 0.000072 
3114496 kmeans 1 307 24 0.842000 0.463000  0.000060 0.000052 0.000139 0.000291 0.000156 0.000079 
3114496 kmeans 1 307 24 0.842000 0.308000  0.000049 0.000046 0.000137 0.000272 0.000139 0.000073 
3114560 kmeans 1 307 24 0.842000 0.462000  0.000052 0.000050 0.000136 0.000273 0.000148 0.000080 
3114560 kmeans 1 307 24 0.842000 0.540000  0.000050 0.000046 0.000128 0.000242 0.000132 0.000071 
3114560 kmeans 1 307 24 0.842000 0.462000  0.000013 0.000012 0.000035 0.000065 0.000044 0.000022 
3114624 kmeans 1 307 24 0.842000 0.540000  0.000008 0.000044 0.000030 0.000093 0.000000 0.000005 
3114624 kmeans 1 307 24 0.842000 0.462000  0.000008 0.000046 0.000031 0.000128 0.000000 0.000007 
3114688 kmeans 1 307 24 0.842000 0.616000  0.000064 0.000049 0.000136 0.000271 0.000138 0.000074 
3114688 kmeans 1 307 24 0.842000 0.462000  0.000056 0.000051 0.000139 0.000292 0.000155 0.000079 
3114752 kmeans 1 307 24 0.842000 0.462000  0.000050 0.000046 0.000133 0.000261 0.000138 0.000073 
3114752 kmeans 1 307 24 0.842000 0.462000  0.000065 0.000051 0.000139 0.000301 0.000157 0.000079 
3114816 kmeans 1 307 24 0.842000 0.617000  0.000049 0.000045 0.000127 0.000252 0.000132 0.000072 
3114816 kmeans 1 307 24 0.842000 0.539000  0.000129 0.000070 0.000168 0.000410 0.000199 0.000106 
3114816 kmeans 1 307 24 0.842000 0.617000  0.000051 0.000061 0.000155 0.000353 0.000161 0.000079 
3114880 kmeans 1 307 24 0.842000 0.463000  0.000064 0.000048 0.000152 0.000331 0.000163 0.000081 
3114880 kmeans 1 307 24 0.842000 0.462000  0.000059 0.000050 0.000139 0.000289 0.000155 0.000079 
3114944 kmeans 1 307 24 0.842000 0.462000  0.000051 0.000069 0.000166 0.001149 0.000684 0.000377 
3114944 kmeans 1 307 24 0.842000 0.463000  0.004096 0.011810 0.004504 0.011867 0.000000 0.000283 
3115008 kmeans 1 307 24 0.842000 0.462000  0.000049 0.000044 0.000177 0.000657 0.000245 0.000108 
3115008 kmeans 1 307 24 0.842000 0.462000  0.000047 0.000044 0.000123 0.000229 0.000126 0.000068 
3115072 kmeans 1 307 24 0.842000 0.463000  0.000051 0.000047 0.000128 0.000243 0.000167 0.000083 
3115072 kmeans 1 307 24 0.842000 0.539000  0.000056 0.000045 0.000124 0.000254 0.000132 0.000071 
3115072 kmeans 1 307 24 0.842000 0.462000  0.000057 0.000050 0.000137 0.000289 0.000154 0.000078 
3115136 kmeans 1 307 24 0.842000 0.385000  0.000054 0.000046 0.000131 0.000257 0.000136 0.000071 
3115136 kmeans 1 307 24 0.842000 0.463000  0.000052 0.000046 0.000128 0.000268 0.000144 0.000074 
3115200 kmeans 1 307 24 0.842000 0.308000  0.000057 0.000062 0.000157 0.000361 0.000158 0.000078 
3115200 kmeans 1 307 24 0.842000 0.463000  0.000062 0.000049 0.000133 0.000274 0.000149 0.000075 
3115264 kmeans 1 307 24 0.842000 0.308000  0.000047 0.000043 0.000120 0.000226 0.000123 0.000066 
3115264 kmeans 1 307 24 0.842000 0.462000  0.000062 0.000049 0.000129 0.000258 0.000138 0.000072 
3115328 kmeans 1 307 24 0.842000 0.463000  0.000054 0.000045 0.000127 0.000253 0.000131 0.000070 
3115328 kmeans 1 307 24 0.842000 0.462000  0.000049 0.000045 0.000173 0.000369 0.000185 0.000088 
3115328 kmeans 1 307 24 0.842000 0.462000  0.000055 0.000045 0.000126 0.000254 0.000134 0.000070 
3115392 kmeans 1 307 24 0.842000 0.462000  0.000061 0.000048 0.000131 0.000269 0.000146 0.000074 
3115392 kmeans 1 307 24 0.842000 0.308000  0.318149 0.107195 0.278150 0.318324 0.138585 0.069901 
3115456 kmeans 1 307 24 0.842000 0.462000  0.000037 0.000030 0.000081 0.000201 0.000097 0.000047 
3115456 kmeans 1 307 24 0.842000 0.540000  0.000053 0.000045 0.000126 0.000261 0.000132 0.000070 
3115520 kmeans 1 307 24 0.842000 0.462000  0.000057 0.000046 0.000128 0.000263 0.000143 0.000073 
3115520 kmeans 1 307 24 0.842000 0.308000  0.000053 0.000045 0.000132 0.000262 0.000132 0.000070 
3115520 kmeans 1 307 24 0.842000 0.462000  0.000056 0.000049 0.000163 0.000404 0.000175 0.000083 
3115584 kmeans 1 307 24 0.842000 0.540000  0.000053 0.000045 0.000125 0.000253 0.000130 0.000069 
3115584 kmeans 1 307 24 0.842000 0.463000  0.000050 0.000044 0.000124 0.000252 0.000138 0.000071 
3115648 kmeans 1 307 24 0.842000 0.308000  0.000052 0.000046 0.000127 0.000256 0.000130 0.000069 
3115648 kmeans 1 307 24 0.842000 0.462000  0.000029 0.000026 0.000093 0.000198 0.000096 0.000048 
3115712 kmeans 1 307 24 0.842000 0.308000  0.000060 0.000047 0.000131 0.000273 0.000138 0.000072 
3115712 kmeans 1 307 24 0.842000 0.462000  0.000029 0.000026 0.000072 0.000139 0.000077 0.000041 
3115712 kmeans 1 307 24 0.842000 0.462000  0.000053 0.000044 0.000123 0.000248 0.000136 0.000070 
3115776 kmeans 1 307 24 0.842000 0.462000  0.000049 0.000064 0.000155 0.000300 0.000179 0.000088 
3115776 kmeans 1 307 24 0.842000 0.540000  0.000046 0.000042 0.000115 0.000222 0.000120 0.000064 
3115840 kmeans 1 307 24 0.842000 0.462000  0.000048 0.000043 0.000120 0.000233 0.000135 0.000070 
3115840 kmeans 1 307 24 0.842000 0.308000  0.000067 0.000050 0.000133 0.000293 0.000135 0.000069 
3115904 kmeans 1 307 24 0.842000 0.616000  0.000053 0.000046 0.000125 0.000256 0.000140 0.000072 
3115904 kmeans 1 307 24 0.842000 0.308000  0.009954 0.002992 0.006232 0.010138 0.003553 0.001533 
3115904 kmeans 1 307 24 0.842000 0.462000  0.000047 0.000043 0.000119 0.000224 0.000126 0.000067 
3115968 kmeans 1 307 24 0.842000 0.308000  0.000047 0.000046 0.000128 0.000276 0.000135 0.000070 
3115968 kmeans 1 307 24 0.842000 0.462000  0.000054 0.000047 0.000144 0.000296 0.000149 0.000075 
3116032 kmeans 1 307 24 0.842000 0.539000  0.000051 0.000043 0.000121 0.000242 0.000123 0.000066 
3116032 kmeans 1 307 24 0.842000 0.540000  0.000051 0.000046 0.000125 0.000264 0.000140 0.000070 
3116096 kmeans 1 307 24 0.842000 0.616000  0.000063 0.000076 0.000175 0.000411 0.000176 0.000084 
3116096 kmeans 1 307 24 0.842000 0.462000  0.000057 0.000047 0.000128 0.000269 0.000142 0.000071 
3116096 kmeans 1 307 24 0.842000 0.462000  0.000053 0.000045 0.000120 0.000233 0.000123 0.000065 
3116160 kmeans 1 307 24 0.842000 0.385000  0.000055 0.000048 0.000129 0.000287 0.000141 0.000071 
3116160 kmeans 1 307 24 0.842000 0.540000  0.000052 0.000042 0.000117 0.000239 0.000119 0.000064 
3116224 kmeans 1 307 24 0.842000 0.462000  0.000054 0.000044 0.000122 0.000284 0.000145 0.000073 
3116224 kmeans 1 307 24 0.842000 0.616000  0.000044 0.000042 0.000116 0.000237 0.000121 0.000065 
3116288 kmeans 1 307 24 0.842000 0.462000  0.000047 0.000042 0.000116 0.000306 0.000153 0.000076 
3116288 kmeans 1 307 24 0.842000 0.617000  0.000044 0.000040 0.000111 0.000211 0.000116 0.000062 
3116288 kmeans 1 307 24 0.842000 0.463000  0.000046 0.000046 0.000125 0.000278 0.000138 0.000071 
3116352 kmeans 1 307 24 0.842000 0.308000  0.000045 0.000040 0.000117 0.000253 0.000121 0.000063 
3116352 kmeans 1 307 24 0.842000 0.462000  0.000049 0.000044 0.000119 0.000244 0.000132 0.000068 
3116416 kmeans 1 307 24 0.842000 0.308000  0.000330 0.000085 0.000194 0.000497 0.000189 0.000085 
3116416 kmeans 1 307 24 0.842000 0.540000  0.000050 0.000043 0.000117 0.000267 0.000130 0.000066 
3116480 kmeans 1 307 24 0.842000 0.462000  0.000045 0.000042 0.000147 0.000299 0.000149 0.000084 
3116480 kmeans 1 307 24 0.842000 0.463000  0.000044 0.000043 0.000115 0.000247 0.000126 0.000065 
3116544 kmeans 1 307 24 0.842000 0.617000  0.000044 0.000041 0.000114 0.000214 0.000120 0.000064 
3116544 kmeans 1 307 24 0.842000 0.540000  0.000045 0.000041 0.000116 0.000242 0.000130 0.000067 
3116544 kmeans 1 307 24 0.842000 0.462000  0.000051 0.000042 0.000114 0.000219 0.000117 0.000062 
3116608 kmeans 1 307 24 0.842000 0.540000  0.000080 0.000050 0.000127 0.000254 0.000132 0.000068 
3116608 kmeans 1 307 24 0.842000 0.385000  0.000042 0.000039 0.000108 0.000204 0.000111 0.000060 
3116672 kmeans 1 307 24 0.842000 0.462000  0.000044 0.000041 0.000112 0.000213 0.000120 0.000063 
3116672 kmeans 1 307 24 0.842000 0.462000  0.000041 0.000038 0.000108 0.000205 0.000110 0.000060 
3116736 kmeans 1 307 24 0.842000 0.463000  0.000046 0.000060 0.000187 0.000375 0.000197 0.000094 
3116736 kmeans 1 307 24 0.842000 0.463000  0.000040 0.000038 0.000107 0.000202 0.000110 0.000060 
3116800 kmeans 1 307 24 0.842000 0.539000  0.000129 0.000069 0.000198 0.000423 0.000184 0.000097 
3116800 kmeans 1 307 24 0.842000 0.308000  0.059971 0.018628 0.039471 0.060175 0.021354 0.009223 
3116800 kmeans 1 307 24 0.842000 0.463000  0.000051 0.000041 0.000115 0.000243 0.000128 0.000066 
3116864 kmeans 1 307 24 0.842000 0.462000  0.000079 0.000044 0.000121 0.000273 0.000126 0.000064 
3116864 kmeans 1 307 24 0.842000 0.462000  0.000052 0.000041 0.000115 0.000239 0.000129 0.000066 
3116928 kmeans 1 307 24 0.842000 0.539000  0.004631 0.001267 0.002919 0.004900 0.001842 0.000846 
3116928 kmeans 1 307 24 0.842000 0.462000  0.000041 0.000038 0.000106 0.000197 0.000109 0.000065 
3116992 kmeans 1 307 24 0.842000 0.462000  0.042843 0.118601 0.064203 0.118645 0.000002 0.002754 
3116992 kmeans 1 307 24 0.842000 0.308000  0.000007 0.000039 0.000026 0.000080 0.000000 0.000005 
3117056 kmeans 1 307 24 0.842000 0.462000  0.000007 0.000040 0.000028 0.000087 0.000000 0.000005 
3117056 kmeans 1 307 24 0.842000 0.462000  0.000007 0.000039 0.000026 0.000081 0.000000 0.000005 
3117056 kmeans 1 307 24 0.842000 0.462000  0.000008 0.000046 0.000030 0.000096 0.000000 0.000005 
3117120 kmeans 1 307 24 0.842000 0.462000  0.000035 0.000031 0.000088 0.000167 0.000090 0.000049 
3117120 kmeans 1 307 24 0.842000 0.462000  0.000055 0.000041 0.000111 0.000221 0.000115 0.000061 
3117184 kmeans 1 307 24 0.842000 0.308000  0.000043 0.000038 0.000106 0.000201 0.000110 0.000058 
3117184 kmeans 1 307 24 0.842000 0.462000  0.000054 0.000043 0.000129 0.000286 0.000142 0.000069 
3117248 kmeans 1 307 24 0.842000 0.308000  0.000042 0.000037 0.000105 0.000204 0.000110 0.000058 
3117248 kmeans 1 307 24 0.842000 0.462000  0.000044 0.000040 0.000109 0.000215 0.000117 0.000061 
3117312 kmeans 1 307 24 0.842000 0.308000  0.000042 0.000038 0.000105 0.000198 0.000109 0.000058 
3117312 kmeans 1 307 24 0.842000 0.540000  0.000039 0.000035 0.000095 0.000193 0.000104 0.000054 
3117312 kmeans 1 307 24 0.842000 0.385000  0.000042 0.000037 0.000104 0.000197 0.000109 0.000057 
3117376 kmeans 1 307 24 0.842000 0.540000  0.000010 0.000010 0.000028 0.000053 0.000035 0.000017 
3117440 kmeans 1 307 24 0.842000 0.540000  0.002925 0.000742 0.001491 0.003061 0.001042 0.000422 
3117440 kmeans 1 307 24 0.842000 0.462000  0.000046 0.000040 0.000111 0.000236 0.000126 0.000065 
3117504 kmeans 1 307 24 0.842000 0.540000  0.000049 0.000040 0.000109 0.000213 0.000115 0.000060 
3117504 kmeans 1 307 24 0.842000 0.462000  0.000051 0.000042 0.000116 0.000246 0.000132 0.000066 
3117504 kmeans 1 307 24 0.842000 0.462000  0.000045 0.000039 0.000108 0.000216 0.000112 0.000073 
3117568 kmeans 1 307 24 0.842000 0.462000  0.000043 0.000037 0.000102 0.000198 0.000106 0.000057 
3117568 kmeans 1 307 24 0.842000 0.539000  0.000048 0.000040 0.000108 0.000217 0.000114 0.000062 
3117632 kmeans 1 307 24 0.842000 0.308000  0.000052 0.000038 0.000105 0.000209 0.000107 0.000057 
3117632 kmeans 1 307 24 0.842000 0.539000  0.000043 0.000044 0.000117 0.000253 0.000123 0.000063 
3117696 kmeans 1 307 24 0.842000 0.463000  0.000040 0.000036 0.000101 0.000192 0.000104 0.000056 
3117696 kmeans 1 307 24 0.842000 0.386000  0.000107 0.000056 0.000166 0.000326 0.000178 0.000086 
3117760 kmeans 1 307 24 0.842000 0.385000  0.000006 0.000037 0.000025 0.000078 0.000000 0.000007 
3117760 kmeans 1 307 24 0.842000 0.462000  0.000051 0.000044 0.000115 0.000249 0.000121 0.000062 
3117760 kmeans 1 307 24 0.842000 0.385000  0.000041 0.000036 0.000100 0.000224 0.000108 0.000057 
3117824 kmeans 1 307 24 0.842000 0.539000  0.000050 0.000041 0.000112 0.000272 0.000133 0.000066 
3117824 kmeans 1 307 24 0.842000 0.385000  0.000039 0.000036 0.000100 0.000189 0.000105 0.000056 
3117888 kmeans 1 307 24 0.842000 0.462000  0.000078 0.000046 0.000120 0.000250 0.000127 0.000065 
3117888 kmeans 1 307 24 0.842000 0.462000  0.000049 0.000040 0.000111 0.000237 0.000117 0.000061 
3117952 kmeans 1 307 24 0.842000 0.308000  0.000049 0.000039 0.000109 0.000227 0.000119 0.000062 
3117952 kmeans 1 307 24 0.842000 0.385000  0.000039 0.000035 0.000099 0.000187 0.000102 0.000055 
3117952 kmeans 1 307 24 0.842000 0.462000  0.000060 0.000048 0.000125 0.000290 0.000134 0.000066 
3118016 kmeans 1 307 24 0.842000 0.385000  0.000038 0.000035 0.000099 0.000188 0.000101 0.000055 
3118016 kmeans 1 307 24 0.842000 0.462000  0.000042 0.000054 0.000132 0.000320 0.000153 0.000079 
3118080 kmeans 1 307 24 0.842000 0.462000  0.000039 0.000035 0.000099 0.000188 0.000103 0.000055 
3118080 kmeans 1 307 24 0.842000 0.462000  0.000047 0.000039 0.000108 0.000232 0.000119 0.000061 
3118144 kmeans 1 307 24 0.842000 0.539000  0.000037 0.000035 0.000098 0.000186 0.000100 0.000055 
3118144 kmeans 1 307 24 0.842000 0.462000  0.000049 0.000039 0.000107 0.000230 0.000117 0.000060 
3118144 kmeans 1 307 24 0.842000 0.308000  0.000037 0.000035 0.000097 0.000184 0.000100 0.000054 
3118208 kmeans 1 307 24 0.842000 0.462000  0.000027 0.000025 0.000087 0.000178 0.000103 0.000050 
3118208 kmeans 1 307 24 0.842000 0.308000  0.000038 0.000037 0.000101 0.000205 0.000111 0.000058 
3118272 kmeans 1 307 24 0.842000 0.462000  0.000046 0.000039 0.000105 0.000208 0.000109 0.000058 
3118272 kmeans 1 307 24 0.842000 0.616000  0.000044 0.000037 0.000103 0.000207 0.000107 0.000056 
3118336 kmeans 1 307 24 0.842000 0.463000  0.000041 0.000041 0.000111 0.000257 0.000135 0.000064 
3118336 kmeans 1 307 24 0.842000 0.308000  0.000042 0.000036 0.000104 0.000202 0.000106 0.000056 
3118400 kmeans 1 307 24 0.842000 0.462000  0.000042 0.000035 0.000098 0.000192 0.000103 0.000055 
3118400 kmeans 1 307 24 0.842000 0.308000  0.000038 0.000035 0.000096 0.000196 0.000101 0.000054 
3118400 kmeans 1 307 24 0.842000 0.463000  0.000041 0.000055 0.000133 0.000376 0.000164 0.000086 
3118464 kmeans 1 307 24 0.842000 0.385000  0.000024 0.000023 0.000064 0.000174 0.000078 0.000039 
3118464 kmeans 1 307 24 0.842000 0.462000  0.000030 0.000024 0.000069 0.000147 0.000077 0.000040 
3118528 kmeans 1 307 24 0.842000 0.308000  0.000043 0.000038 0.000107 0.000226 0.000111 0.000060 
3118528 kmeans 1 307 24 0.842000 0.463000  0.000103 0.000053 0.000127 0.000309 0.000149 0.000081 
3118592 kmeans 1 307 24 0.842000 0.540000  0.000042 0.000036 0.000100 0.000202 0.000104 0.000055 
3118592 kmeans 1 307 24 0.842000 0.462000  0.000039 0.000036 0.000098 0.000189 0.000106 0.000056 
3118656 kmeans 1 307 24 0.842000 0.462000  0.000037 0.000040 0.000108 0.000224 0.000109 0.000056 
3118656 kmeans 1 307 24 0.842000 0.462000  0.000045 0.000036 0.000101 0.000211 0.000113 0.000058 
3118656 kmeans 1 307 24 0.842000 0.540000  0.000042 0.000036 0.000100 0.000193 0.000102 0.000054 
3118720 kmeans 1 307 24 0.842000 0.462000  0.000039 0.000053 0.000126 0.000256 0.000150 0.000072 
3118720 kmeans 1 307 24 0.842000 0.539000  0.012333 0.002939 0.005846 0.012435 0.003724 0.001479 
3118784 kmeans 1 307 24 0.842000 0.539000  0.000036 0.000033 0.000093 0.000178 0.000096 0.000056 
3118784 kmeans 1 307 24 0.842000 0.540000  0.000038 0.000035 0.000097 0.000186 0.000103 0.000054 
3118848 kmeans 1 307 24 0.842000 0.308000  0.000037 0.000033 0.000093 0.000175 0.000096 0.000052 
3118848 kmeans 1 307 24 0.842000 0.539000  0.000058 0.000038 0.000103 0.000206 0.000104 0.000054 
3118912 kmeans 1 307 24 0.842000 0.540000  0.000043 0.000037 0.000103 0.000241 0.000120 0.000060 
3118912 kmeans 1 307 24 0.842000 0.462000  0.000037 0.000033 0.000093 0.000177 0.000094 0.000051 
3118976 kmeans 1 307 24 0.842000 0.462000  0.000047 0.000037 0.000108 0.000235 0.000119 0.000058 
3118976 kmeans 1 307 24 0.842000 0.385000  0.000036 0.000033 0.000092 0.000179 0.000094 0.000051 
3118976 kmeans 1 307 24 0.842000 0.616000  0.000036 0.000030 0.000083 0.000164 0.000109 0.000053 
3119040 kmeans 1 307 24 0.842000 0.308000  0.000047 0.000037 0.000103 0.000247 0.000111 0.000057 
3119040 kmeans 1 307 24 0.842000 0.463000  0.000038 0.000035 0.000096 0.000182 0.000102 0.000054 
3119104 kmeans 1 307 24 0.842000 0.462000  0.027489 0.007707 0.015903 0.027668 0.000000 0.000000 
3119104 kmeans 1 307 24 0.842000 0.540000  0.006302 0.002214 0.004758 0.006445 0.002528 0.001126 
3119168 kmeans 1 307 24 0.842000 0.308000  0.000032 0.000028 0.000079 0.000152 0.000081 0.000043 
3119168 kmeans 1 307 24 0.842000 0.617000  0.000174 0.000077 0.000170 0.000364 0.000161 0.000074 
3119168 kmeans 1 307 24 0.842000 0.463000  0.000030 0.000028 0.000078 0.000149 0.000080 0.000044 
3119232 kmeans 1 307 24 0.842000 0.539000  0.000032 0.000043 0.000105 0.000250 0.000122 0.000067 
3119232 kmeans 1 307 24 0.842000 0.462000  0.000036 0.000033 0.000092 0.000186 0.000101 0.000053 
3119296 kmeans 1 307 24 0.842000 0.539000  0.000039 0.000125 0.000296 0.000417 0.000194 0.000101 
3119296 kmeans 1 307 24 0.842000 0.463000  0.000039 0.000035 0.000095 0.000185 0.000102 0.000053 
3119360 kmeans 1 307 24 0.842000 0.462000  0.000038 0.000038 0.000103 0.000212 0.000109 0.000055 
3119360 kmeans 1 307 24 0.842000 0.463000  0.000039 0.000037 0.000099 0.000206 0.000105 0.000054 
3119424 kmeans 1 307 24 0.842000 0.462000  0.000043 0.000037 0.000103 0.000210 0.000109 0.000055 
3119424 kmeans 1 307 24 0.842000 0.462000  0.000038 0.000034 0.000094 0.000187 0.000099 0.000053 
3119424 kmeans 1 307 24 0.842000 0.463000  0.000056 0.000040 0.000107 0.000245 0.000115 0.000057 
3119488 kmeans 1 307 24 0.842000 0.462000  0.000037 0.000034 0.000094 0.000181 0.000100 0.000053 
3119488 kmeans 1 307 24 0.842000 0.462000  0.000044 0.000038 0.000114 0.000243 0.000120 0.000060 
3119552 kmeans 1 307 24 0.842000 0.540000  0.000040 0.000033 0.000096 0.000187 0.000099 0.000053 
3119552 kmeans 1 307 24 0.842000 0.463000  0.000038 0.000034 0.000094 0.000179 0.000100 0.000061 
3119616 kmeans 1 307 24 0.842000 0.385000  0.050255 0.014224 0.030056 0.050418 0.017088 0.007083 
3119616 kmeans 1 307 24 0.842000 0.463000  0.000040 0.000035 0.000097 0.000214 0.000112 0.000057 
3119616 kmeans 1 307 24 0.842000 0.539000  0.000036 0.000032 0.000102 0.000210 0.000105 0.000054 
3119680 kmeans 1 307 24 0.842000 0.463000  0.000037 0.000034 0.000093 0.000179 0.000100 0.000053 
3119680 kmeans 1 307 24 0.842000 0.385000  0.000035 0.000032 0.000090 0.000170 0.000094 0.000050 
3119744 kmeans 1 307 24 0.842000 0.463000  0.000040 0.000036 0.000100 0.000203 0.000110 0.000056 
3119744 kmeans 1 307 24 0.842000 0.385000  0.000035 0.000032 0.000089 0.000168 0.000091 0.000049 
3119808 kmeans 1 307 24 0.842000 0.694000  0.000043 0.000035 0.000121 0.000242 0.000142 0.000069 
3119808 kmeans 1 307 24 0.842000 0.385000  0.000035 0.000032 0.000089 0.000168 0.000093 0.000050 
3119872 kmeans 1 307 24 0.842000 0.462000  0.000037 0.000033 0.000092 0.000175 0.000097 0.000052 
3119872 kmeans 1 307 24 0.842000 0.463000  0.000036 0.000032 0.000089 0.000171 0.000098 0.000051 
3119872 kmeans 1 307 24 0.842000 0.539000  0.000040 0.000034 0.000091 0.000181 0.000095 0.000050 
3119936 kmeans 1 307 24 0.842000 0.308000  0.000034 0.000032 0.000088 0.000169 0.000090 0.000049 
3119936 kmeans 1 307 24 0.842000 0.539000  0.000052 0.000036 0.000104 0.000217 0.000107 0.000054 
3120000 kmeans 1 307 24 0.842000 0.308000  0.000034 0.000032 0.000088 0.000163 0.000090 0.000049 
3120000 kmeans 1 307 24 0.842000 0.539000  0.000041 0.000035 0.000095 0.000194 0.000104 0.000053 
3120000 kmeans 1 307 24 0.842000 0.308000  0.000056 0.000035 0.000094 0.000187 0.000096 0.000050 
3120064 kmeans 1 307 24 0.842000 0.616000  0.000036 0.000033 0.000091 0.000174 0.000097 0.000051 
3120064 kmeans 1 307 24 0.842000 0.308000  0.000033 0.000037 0.000405 0.000903 0.000304 0.000128 
3120128 kmeans 1 307 24 0.842000 0.462000  0.000035 0.000051 0.000121 0.000253 0.000140 0.000068 
3120192 kmeans 1 307 24 0.842000 0.540000  0.000036 0.000033 0.000090 0.000174 0.000096 0.000050 
3120192 kmeans 1 307 24 0.842000 0.308000  0.000035 0.000031 0.000086 0.000165 0.000098 0.000051 
3120192 kmeans 1 307 24 0.842000 0.539000  0.000043 0.000034 0.000090 0.000176 0.000093 0.000049 
3120256 kmeans 1 307 24 0.842000 0.385000  0.000034 0.000031 0.000086 0.000164 0.000092 0.000049 
3120256 kmeans 1 307 24 0.842000 0.616000  0.000036 0.000035 0.000159 0.000430 0.000157 0.000070 
3120320 kmeans 1 307 24 0.842000 0.308000  0.000033 0.000030 0.000085 0.000160 0.000088 0.000047 
3120320 kmeans 1 307 24 0.842000 0.616000  0.000035 0.000032 0.000089 0.000172 0.000114 0.000058 
3120384 kmeans 1 307 24 0.842000 0.308000  0.000034 0.000031 0.000085 0.000163 0.000088 0.000047 
3120384 kmeans 1 307 24 0.842000 0.539000  0.000041 0.000048 0.000115 0.000279 0.000133 0.000073 
