#Timestamp	Benchmark	Run(#)	CPU Frequency (MHz)	CPU Temperature(C)	CPU Voltage(V)	CPU Power(W)	CPU_CYCLES	L1_DATA_CACHE_ACCESS	INSTRUCTIONS_RETIRED	BUS_CYCLES	L1I_CACHE_ACCESS	PREDICTABLE_BRANCH_SPECULATIVELY_EXECUTED
4302336 particle_filter 1 710 26 0.919000 0.925000  0.000004 0.000004 0.000010 0.000020 0.000013 0.000006 
4302400 particle_filter 1 710 26 0.919000 0.848000  0.000004 0.000004 0.000010 0.000020 0.000013 0.000006 
4302400 particle_filter 1 710 26 0.919000 1.079000  0.000004 0.000004 0.000010 0.000020 0.000013 0.000006 
4302400 particle_filter 1 710 26 0.919000 0.463000  0.000015 0.000014 0.000038 0.000074 0.000040 0.000021 
4302464 particle_filter 1 710 26 0.919000 0.694000  0.000020 0.000015 0.000041 0.000091 0.000048 0.000024 
4302464 particle_filter 1 710 26 0.919000 0.540000  0.000015 0.000014 0.000040 0.000087 0.000042 0.000022 
4302528 particle_filter 1 710 26 0.919000 0.694000  0.000021 0.000015 0.000042 0.000091 0.000053 0.000026 
4302528 particle_filter 1 710 26 0.919000 0.540000  0.038444 0.174860 0.049398 0.175013 0.000006 0.002118 
4302528 particle_filter 1 710 26 0.919000 0.539000  0.000024 0.000017 0.000046 0.000110 0.000050 0.000031 
4302592 particle_filter 1 710 26 0.919000 0.617000  0.000020 0.000015 0.000046 0.000109 0.000047 0.000024 
4302592 particle_filter 1 710 26 0.919000 0.847000  0.000015 0.000014 0.000038 0.000072 0.000040 0.000021 
4302656 particle_filter 1 710 26 0.919000 0.693000  0.000020 0.000016 0.000042 0.000089 0.000046 0.000023 
4302656 particle_filter 1 710 25 0.919000 0.462000  0.000017 0.000014 0.000039 0.000082 0.000040 0.000021 
4302656 particle_filter 1 710 25 0.919000 0.693000  0.000018 0.000015 0.000043 0.000089 0.000046 0.000023 
4302720 particle_filter 1 710 25 0.919000 1.002000  0.000019 0.000015 0.000042 0.000107 0.000050 0.000025 
4302720 particle_filter 1 710 25 0.919000 0.925000  0.000019 0.000015 0.000040 0.000082 0.000042 0.000022 
4302720 particle_filter 1 710 25 0.919000 0.771000  0.000019 0.000015 0.000041 0.000090 0.000045 0.000023 
4302784 particle_filter 1 710 26 0.919000 0.539000  0.000015 0.000013 0.000038 0.000073 0.000039 0.000021 
4302784 particle_filter 1 710 26 0.919000 0.770000  0.000016 0.000014 0.000039 0.000076 0.000042 0.000022 
4302784 particle_filter 1 710 25 0.919000 0.463000  0.000016 0.000014 0.000038 0.000079 0.000040 0.000021 
4302848 particle_filter 1 710 25 0.919000 0.617000  0.000004 0.000004 0.000010 0.000020 0.000013 0.000006 
4302848 particle_filter 1 710 26 0.919000 0.617000  0.000020 0.000014 0.000039 0.000104 0.000047 0.000023 
4302912 particle_filter 1 710 26 0.919000 0.770000  0.000020 0.000015 0.000043 0.000105 0.000046 0.000024 
4302912 particle_filter 1 710 26 0.919000 0.848000  0.000020 0.000014 0.000038 0.000080 0.000040 0.000021 
4302912 particle_filter 1 710 25 0.919000 0.771000  0.000022 0.000015 0.000040 0.000100 0.000045 0.000023 
4302976 particle_filter 1 710 25 0.919000 0.616000  0.000019 0.000015 0.000047 0.000117 0.000052 0.000025 
4302976 particle_filter 1 710 26 0.919000 0.771000  0.000004 0.000004 0.000010 0.000020 0.000013 0.000006 
4302976 particle_filter 1 710 25 0.919000 0.847000  0.000043 0.000021 0.000050 0.000155 0.000064 0.000033 
4303040 particle_filter 1 710 25 0.919000 0.539000  0.000018 0.000014 0.000040 0.000085 0.000042 0.000022 
4303040 particle_filter 1 710 25 0.919000 0.769000  0.000019 0.000015 0.000041 0.000089 0.000046 0.000023 
4303104 particle_filter 1 710 25 0.919000 0.539000  0.000004 0.000004 0.000010 0.000021 0.000013 0.000006 
4303104 particle_filter 1 710 26 0.919000 0.769000  0.000019 0.000015 0.000040 0.000099 0.000049 0.000025 
4303104 particle_filter 1 710 26 0.919000 0.925000  0.000016 0.000013 0.000038 0.000081 0.000040 0.000021 
4303168 particle_filter 1 710 26 0.919000 0.770000  0.000018 0.000015 0.000042 0.000091 0.000048 0.000024 
4303168 particle_filter 1 710 26 0.919000 0.540000  0.000020 0.000015 0.000041 0.000087 0.000045 0.000023 
4303168 particle_filter 1 710 26 0.919000 0.771000  0.000018 0.000015 0.000042 0.000109 0.000049 0.000024 
4303232 particle_filter 1 710 26 0.919000 0.849000  0.000016 0.000014 0.000038 0.000074 0.000041 0.000022 
4303232 particle_filter 1 710 26 0.919000 0.463000  0.000016 0.000014 0.000038 0.000076 0.000041 0.000022 
4303296 particle_filter 1 710 26 0.919000 0.848000  0.000019 0.000015 0.000040 0.000090 0.000045 0.000023 
4303296 particle_filter 1 710 26 0.919000 0.848000  0.000014 0.000013 0.000037 0.000089 0.000040 0.000021 
4303296 particle_filter 1 710 26 0.919000 0.693000  0.000004 0.000003 0.000010 0.000019 0.000013 0.000006 
4303360 particle_filter 1 710 25 0.919000 0.539000  0.000015 0.000013 0.000038 0.000078 0.000041 0.000022 
4303360 particle_filter 1 710 25 0.919000 0.539000  0.000018 0.000015 0.000041 0.000087 0.000046 0.000023 
4303360 particle_filter 1 710 26 0.919000 0.540000  0.000039 0.000017 0.000043 0.000102 0.000045 0.000023 
4303424 particle_filter 1 710 26 0.919000 0.539000  0.000004 0.000003 0.000010 0.000019 0.000012 0.000006 
4303424 particle_filter 1 710 25 0.919000 0.924000  0.000016 0.000021 0.000054 0.000142 0.000063 0.000033 
4303488 particle_filter 1 710 26 0.919000 0.540000  0.000016 0.000013 0.000037 0.000073 0.000039 0.000023 
4303488 particle_filter 1 710 26 0.919000 1.002000  0.000243 0.382509 0.074456 -0.097885 -0.476425 0.214369 
4303552 particle_filter 1 710 26 0.919000 0.770000  0.000004 0.000003 0.000010 0.000021 0.000013 0.000006 
4303552 particle_filter 1 710 26 0.919000 0.539000  0.000005 0.000003 0.000016 0.000077 0.000019 0.000008 
4303552 particle_filter 1 710 26 0.919000 0.539000  0.000020 0.000015 0.000041 0.000095 0.000046 0.000023 
4303616 particle_filter 1 710 26 0.919000 0.539000  0.000014 0.000013 0.000036 0.000069 0.000037 0.000020 
4303616 particle_filter 1 710 25 0.919000 1.002000  0.000016 0.000014 0.000038 0.000073 0.000040 0.000021 
4303616 particle_filter 1 710 25 0.919000 0.539000  0.000015 0.000013 0.000036 0.000070 0.000038 0.000020 
4303680 particle_filter 1 710 25 0.919000 0.925000  0.010007 0.008710 0.024986 0.049291 0.031691 0.015537 
4303680 particle_filter 1 710 25 0.919000 0.616000  0.012022 0.010571 0.030099 0.066884 0.034344 0.017564 
4303744 particle_filter 1 710 25 0.919000 0.848000  0.009919 0.007322 0.020222 0.049455 0.022281 0.011396 
4303744 particle_filter 1 710 25 0.919000 0.925000  0.007973 0.005125 0.013621 0.029871 0.013685 0.007070 
4303744 particle_filter 1 710 25 0.919000 0.770000  0.002993 0.002726 0.007471 0.014332 0.007981 0.004190 
4303808 particle_filter 1 710 25 0.919000 0.462000  0.002586 0.002216 0.006032 0.012075 0.006558 0.003398 
4303808 particle_filter 1 710 25 0.919000 0.694000  0.002702 0.002206 0.005878 0.012642 0.006569 0.003321 
4303808 particle_filter 1 710 25 0.919000 0.770000  0.002243 0.001856 0.005048 0.010375 0.005382 0.002841 
4303872 particle_filter 1 710 25 0.919000 0.540000  -0.100396 0.830017 0.224837 -0.100280 -0.962720 0.463637 
4303872 particle_filter 1 710 25 0.919000 0.694000  0.000039 0.000031 0.000085 0.000180 0.000094 0.000048 
4303872 particle_filter 1 710 25 0.919000 0.616000  0.000031 0.000027 0.000076 0.000148 0.000078 0.000042 
4303936 particle_filter 1 710 25 0.919000 0.693000  0.001743 0.001573 0.004812 0.010293 0.005258 0.002611 
4303936 particle_filter 1 710 25 0.919000 0.925000  0.001617 0.001469 0.004019 0.007736 0.004299 0.002263 
4304000 particle_filter 1 710 25 0.919000 0.770000  0.000364 0.000310 0.000883 0.001764 0.001137 0.000550 
4304000 particle_filter 1 710 25 0.919000 0.771000  0.001285 0.001227 0.003370 0.009217 0.003827 0.001872 
4304000 particle_filter 1 710 25 0.919000 0.616000  0.001390 0.001098 0.003012 0.006510 0.003364 0.001717 
4304064 particle_filter 1 710 25 0.919000 0.771000  0.001270 0.000937 0.002557 0.005560 0.002670 0.001395 
4304064 particle_filter 1 710 25 0.919000 0.771000  0.001153 0.000859 0.002357 0.005176 0.003818 0.001784 
4304064 particle_filter 1 710 25 0.919000 0.694000  0.001024 0.000780 0.002135 0.004539 0.002379 0.001224 
4304128 particle_filter 1 710 25 0.919000 0.770000  0.000928 0.000745 0.002048 0.004379 0.002280 0.001157 
4304128 particle_filter 1 710 25 0.919000 1.001000  0.000850 0.000654 0.001804 0.003890 0.001996 0.001027 
4304192 particle_filter 1 710 26 0.919000 0.925000  0.000708 0.000599 0.001661 0.003539 0.001851 0.000944 
4304192 particle_filter 1 710 25 0.919000 0.924000  0.000660 0.000608 0.001632 0.003661 0.001760 0.000882 
4304192 particle_filter 1 710 25 0.919000 0.539000  0.000676 0.000520 0.001390 0.002871 0.001446 0.000760 
4304256 particle_filter 1 710 25 0.919000 0.616000  0.000572 0.000721 0.001747 0.004171 0.002029 0.001104 
4304256 particle_filter 1 710 25 0.919000 0.539000  0.000011 0.000015 0.000037 0.000147 0.000055 0.000024 
4304256 particle_filter 1 710 26 0.919000 0.849000  0.000688 0.000482 0.001364 0.003181 0.001506 0.000772 
4304320 particle_filter 1 710 25 0.919000 0.771000  0.000509 0.000577 0.001528 0.002869 0.001420 0.000797 
4304320 particle_filter 1 710 25 0.919000 0.694000  0.000609 0.000616 0.001622 0.003162 0.001602 0.000845 
4304384 particle_filter 1 710 25 0.919000 0.693000  0.000508 0.000549 0.001437 0.002672 0.001368 0.000749 
4304384 particle_filter 1 710 25 0.919000 0.616000  0.000612 0.000469 0.001257 0.002775 0.001413 0.000723 
4304384 particle_filter 1 710 25 0.919000 0.771000  0.000040 0.000036 0.000097 0.000187 0.000104 0.000055 
4304448 particle_filter 1 710 25 0.919000 0.539000  0.000037 0.000035 0.000097 0.000184 0.000114 0.000059 
4304448 particle_filter 1 710 25 0.919000 0.847000  0.000028 0.000025 0.000070 0.000185 0.000091 0.000051 
4304512 particle_filter 1 710 25 0.919000 0.462000  0.000027 0.000024 0.000067 0.000129 0.000070 0.000037 
4304512 particle_filter 1 710 25 0.919000 0.693000  0.000029 0.000025 0.000070 0.000141 0.000074 0.000039 
4304512 particle_filter 1 710 26 0.919000 0.771000  0.000031 0.000025 0.000070 0.000143 0.000075 0.000039 
4304576 particle_filter 1 710 25 0.919000 0.770000  0.000281 0.000252 0.000686 0.001350 0.000735 0.000386 
4304576 particle_filter 1 710 25 0.919000 0.925000  0.000388 0.000271 0.000743 0.001802 0.000806 0.000415 
4304576 particle_filter 1 710 25 0.919000 0.848000  0.000262 0.000242 0.000684 0.001531 0.000733 0.000377 
4304640 particle_filter 1 710 25 0.919000 0.693000  0.000366 0.000259 0.000696 0.001733 0.000788 0.000400 
4304640 particle_filter 1 710 25 0.919000 0.539000  0.000272 0.000217 0.000606 0.001291 0.000624 0.000336 
4304704 particle_filter 1 710 25 0.919000 0.925000  0.000262 0.000228 0.000805 0.001583 0.000938 0.000458 
4304704 particle_filter 1 710 25 0.919000 0.539000  0.000244 0.000212 0.000591 0.001132 0.000615 0.000328 
4304704 particle_filter 1 710 25 0.919000 0.540000  0.000301 0.000239 0.000653 0.001419 0.000736 0.000369 
4304768 particle_filter 1 710 25 0.919000 0.539000  0.000250 0.000218 0.000598 0.001200 0.000633 0.000335 
4304768 particle_filter 1 710 26 0.919000 0.771000  0.000236 0.000216 0.000594 0.001139 0.000634 0.000333 
4304768 particle_filter 1 710 25 0.919000 1.001000  0.000066 0.000054 0.000153 0.000303 0.000192 0.000094 
4304832 particle_filter 1 710 25 0.919000 0.617000  0.000232 0.000200 0.000556 0.001098 0.000572 0.000308 
4304832 particle_filter 1 710 25 0.919000 0.771000  0.000274 0.000221 0.000611 0.001317 0.000871 0.000499 
4304896 particle_filter 1 710 25 0.919000 0.616000  0.000357 0.000229 0.000630 0.001451 0.000645 0.000337 
4304896 particle_filter 1 710 26 0.919000 0.538000  0.000230 0.000203 0.000555 0.001084 0.000602 0.000313 
4304896 particle_filter 1 710 25 0.919000 1.002000  0.000054 0.000049 0.000141 0.000271 0.000178 0.000087 
4304960 particle_filter 1 710 25 0.919000 0.771000  0.000244 0.000206 0.000572 0.001226 0.000636 0.000341 
4304960 particle_filter 1 710 25 0.919000 0.925000  0.000233 0.000191 0.000527 0.001142 0.000561 0.000294 
4305024 particle_filter 1 710 25 0.919000 0.847000  0.000264 0.000212 0.000573 0.001240 0.000642 0.000323 
4305024 particle_filter 1 710 25 0.919000 0.847000  0.000254 0.000193 0.000536 0.001123 0.000585 0.000304 
4305088 particle_filter 1 710 26 0.919000 0.539000  0.000209 0.000182 0.000499 0.001006 0.000528 0.000280 
4305088 particle_filter 1 710 25 0.919000 0.771000  0.000218 0.000185 0.000503 0.001087 0.000560 0.000285 
4305152 particle_filter 1 710 26 0.919000 0.540000  0.000192 0.000166 0.000459 0.000922 0.000477 0.000261 
4305152 particle_filter 1 710 26 0.919000 0.848000  0.000383 0.000212 0.000555 0.001299 0.000569 0.000288 
4305152 particle_filter 1 710 26 0.919000 0.616000  0.000014 0.000082 0.000055 0.000170 0.000000 0.000010 
4305216 particle_filter 1 710 26 0.919000 0.847000  0.000003 0.000024 0.000018 0.000047 0.000000 0.000002 
