#Timestamp	Benchmark	Run(#)	CPU Frequency (MHz)	CPU Temperature(C)	CPU Voltage(V)	CPU Power(W)	CPU_CYCLES	L1_DATA_CACHE_ACCESS	INSTRUCTIONS_RETIRED	BUS_CYCLES	L1I_CACHE_ACCESS	PREDICTABLE_BRANCH_SPECULATIVELY_EXECUTED
5929536 heartwall 1 1326 29 1.111000 1.233000  0.000006 0.000005 0.000015 0.000031 0.000019 0.000009 
5929600 heartwall 1 1326 29 1.111000 1.620000  0.000031 0.000023 0.000061 0.000139 0.000069 0.000035 
5929600 heartwall 1 1326 29 1.111000 1.002000  0.000023 0.000020 0.000058 0.000125 0.000059 0.000031 
5929664 heartwall 1 1326 29 1.111000 1.234000  0.000032 0.000022 0.000061 0.000139 0.000069 0.000035 
5929664 heartwall 1 1326 29 1.111000 0.849000  0.000024 0.000021 0.000120 0.000281 0.000102 0.000049 
5929664 heartwall 1 1326 29 1.111000 1.156000  0.000032 0.000022 0.000062 0.000141 0.000069 0.000035 
5929728 heartwall 1 1326 29 1.111000 1.850000  0.000027 0.000024 0.000063 0.000170 0.000067 0.000034 
5929728 heartwall 1 1326 29 1.111000 1.307000  0.000024 0.000020 0.000055 0.000110 0.000057 0.000030 
5929728 heartwall 1 1326 30 1.111000 0.538000  0.000022 0.000020 0.000055 0.000106 0.000057 0.000031 
5929792 heartwall 1 1326 30 1.111000 0.615000  0.000021 0.000020 0.000055 0.000104 0.000056 0.000030 
5929792 heartwall 1 1326 30 1.111000 0.539000  0.000021 0.000020 0.000055 0.000103 0.000056 0.000030 
5929792 heartwall 1 1326 30 1.111000 0.539000  0.000045 0.000025 0.000064 0.000178 0.000069 0.000035 
5929856 heartwall 1 1326 30 1.111000 1.230000  0.000033 0.000022 0.000058 0.000124 0.000060 0.000031 
5929856 heartwall 1 1326 30 1.111000 0.539000  0.000022 0.000020 0.000055 0.000105 0.000057 0.000030 
5929856 heartwall 1 1326 30 1.111000 0.538000  0.000021 0.000019 0.000055 0.000103 0.000056 0.000030 
5929920 heartwall 1 1326 30 1.111000 0.539000  0.000021 0.000019 0.000054 0.000102 0.000055 0.000030 
5929920 heartwall 1 1326 30 1.111000 0.539000  0.000034 0.000022 0.000061 0.000149 0.000067 0.000034 
5929920 heartwall 1 1326 31 1.111000 1.307000  0.000024 0.000021 0.002454 0.001592 0.000935 0.000547 
5929984 heartwall 1 1326 31 1.111000 0.539000  0.000006 0.000005 0.000015 0.000030 0.000019 0.000009 
5929984 heartwall 1 1326 30 1.111000 0.539000  0.000006 0.000005 0.000015 0.000030 0.000018 0.000009 
5929984 heartwall 1 1326 30 1.111000 0.538000  0.000022 0.000020 0.000054 0.000104 0.000056 0.000030 
5930048 heartwall 1 1326 31 1.111000 1.999000  0.000022 0.000019 0.000054 0.000106 0.000056 0.000030 
5930112 heartwall 1 1326 31 1.111000 0.538000  0.000021 0.000019 0.000054 0.000101 0.000055 0.000030 
5930112 heartwall 1 1326 31 1.111000 0.538000  0.000021 0.000019 0.000054 0.000101 0.000055 0.000030 
5930112 heartwall 1 1326 31 1.111000 0.538000  0.000023 0.000020 0.000056 0.000110 0.000060 0.000031 
5930176 heartwall 1 1326 31 1.111000 1.076000  0.000029 0.000020 0.000056 0.000124 0.000059 0.000031 
5930176 heartwall 1 1326 31 1.111000 1.923000  0.000022 0.000019 0.000053 0.000104 0.000055 0.000029 
5930240 heartwall 1 1326 31 1.111000 0.538000  0.000021 0.000020 0.000057 0.000135 0.000059 0.000031 
5930240 heartwall 1 1326 31 1.111000 0.538000  0.000022 0.000019 0.000053 0.000102 0.000054 0.000029 
5930240 heartwall 1 1326 31 1.111000 0.538000  0.000023 0.000020 0.000055 0.000106 0.000059 0.000031 
5930304 heartwall 1 1326 31 1.111000 1.230000  0.000029 0.000020 0.000056 0.000139 0.000062 0.000032 
5930304 heartwall 1 1326 31 1.111000 1.462000  0.000021 0.000019 0.000053 0.000106 0.000054 0.000029 
5930304 heartwall 1 1326 31 1.111000 0.615000  0.000020 0.000019 0.000053 0.000099 0.000054 0.000029 
5930368 heartwall 1 1326 31 1.111000 0.538000  0.000021 0.000019 0.000056 0.000119 0.000057 0.000030 
5930368 heartwall 1 1326 31 1.111000 0.846000  0.000026 0.000020 0.000057 0.000135 0.000059 0.000031 
5930368 heartwall 1 1326 31 1.111000 1.230000  0.000030 0.000022 0.000059 0.000135 0.000065 0.000033 
5930432 heartwall 1 1326 31 1.111000 0.538000  0.000021 0.000019 0.000053 0.000101 0.000055 0.000029 
5930432 heartwall 1 1326 31 1.111000 0.538000  0.000020 0.000019 0.000053 0.000107 0.000056 0.000030 
5930432 heartwall 1 1326 31 1.111000 0.539000  0.000020 0.000019 0.000052 0.000097 0.000054 0.000029 
5930496 heartwall 1 1326 31 1.111000 0.847000  0.000023 0.000020 0.000055 0.000127 0.000062 0.000032 
5930496 heartwall 1 1326 31 1.111000 1.384000  0.000025 0.000020 0.000055 0.000125 0.000063 0.000033 
5930496 heartwall 1 1326 31 1.111000 1.615000  0.000021 0.000019 0.000059 0.000127 0.000060 0.000031 
5930560 heartwall 1 1326 31 1.111000 0.615000  0.000020 0.000019 0.000052 0.000097 0.000053 0.000029 
5930560 heartwall 1 1326 31 1.111000 0.538000  0.000020 0.000019 0.000052 0.000118 0.000058 0.000030 
5930624 heartwall 1 1326 31 1.111000 0.539000  0.000025 0.000022 0.000059 0.000154 0.000063 0.000032 
5930624 heartwall 1 1326 31 1.111000 1.230000  0.000025 0.000020 0.000056 0.000123 0.000061 0.000031 
5930624 heartwall 1 1326 31 1.111000 0.538000  0.000020 0.000019 0.000052 0.000098 0.000053 0.000029 
5930688 heartwall 1 1326 31 1.111000 0.539000  0.000020 0.000019 0.000052 0.000098 0.000053 0.000029 
5930688 heartwall 1 1326 31 1.111000 0.615000  0.000020 0.000019 0.000052 0.000097 0.000053 0.000029 
5930688 heartwall 1 1326 31 1.111000 0.539000  0.000031 0.000020 0.000056 0.000226 0.000066 0.000034 
5930752 heartwall 1 1326 32 1.111000 1.230000  0.000027 0.000020 0.000054 0.000113 0.000056 0.000029 
5930752 heartwall 1 1326 32 1.111000 0.538000  0.000020 0.000018 0.000052 0.000098 0.000053 0.000029 
5930752 heartwall 1 1326 31 1.111000 0.538000  0.000021 0.000018 0.000052 0.000098 0.000053 0.000029 
5930816 heartwall 1 1326 31 1.111000 0.539000  0.000020 0.000019 0.000052 0.000097 0.000053 0.000029 
5930816 heartwall 1 1326 31 1.111000 0.462000  0.000030 0.000029 0.000077 0.000282 0.000083 0.000039 
5930816 heartwall 1 1326 32 1.111000 1.307000  0.000030 0.000022 0.000059 0.000136 0.000064 0.000032 
5930880 heartwall 1 1326 32 1.111000 0.616000  0.000020 0.000018 0.000051 0.000097 0.000053 0.000028 
5930880 heartwall 1 1326 31 1.111000 0.538000  0.000020 0.000018 0.000051 0.000097 0.000053 0.000028 
5930880 heartwall 1 1326 31 1.111000 0.539000  0.000023 0.000019 0.000051 0.000103 0.000054 0.000028 
5930944 heartwall 1 1326 32 1.111000 0.770000  0.000030 0.000021 0.000056 0.000130 0.000063 0.000032 
5930944 heartwall 1 1326 32 1.111000 1.230000  0.000022 0.000018 0.000051 0.000105 0.000052 0.000028 
5931008 heartwall 1 1326 32 1.111000 0.539000  0.000021 0.000018 0.000051 0.000097 0.000052 0.000028 
5931008 heartwall 1 1326 32 1.111000 0.539000  0.000020 0.000018 0.000051 0.000095 0.000052 0.000028 
5931008 heartwall 1 1326 31 1.111000 0.538000  0.000019 0.000018 0.000051 0.000095 0.000052 0.000028 
5931072 heartwall 1 1326 32 1.111000 0.770000  0.000006 0.000005 0.000014 0.000029 0.000017 0.000009 
5931072 heartwall 1 1326 32 1.111000 1.232000  0.000023 0.000018 0.000051 0.000102 0.000053 0.000028 
5931072 heartwall 1 1326 31 1.111000 0.616000  0.000020 0.000018 0.000051 0.000096 0.000052 0.000028 
5931136 heartwall 1 1326 31 1.111000 0.539000  0.000020 0.000018 0.000051 0.000095 0.000052 0.000028 
5931136 heartwall 1 1326 32 1.111000 0.846000  0.000019 0.000018 0.000051 0.000096 0.000052 0.000028 
5931136 heartwall 1 1326 32 1.111000 0.538000  0.000017 0.000015 0.000041 0.000082 0.000044 0.000023 
5931200 heartwall 1 1326 32 1.111000 1.077000  0.000021 0.000018 0.000050 0.000097 0.000052 0.000028 
5931200 heartwall 1 1326 32 1.111000 0.539000  0.000019 0.000018 0.000053 0.000131 0.000055 0.000029 
5931200 heartwall 1 1326 32 1.111000 0.539000  0.000019 0.000018 0.000050 0.000093 0.000051 0.000028 
5931264 heartwall 1 1326 32 1.111000 0.924000  0.000021 0.000018 0.000050 0.000098 0.000051 0.000028 
5931264 heartwall 1 1326 32 1.111000 0.616000  0.000029 0.000020 0.000056 0.000127 0.000061 0.000031 
5931264 heartwall 1 1326 32 1.111000 1.155000  0.000021 0.000018 0.000050 0.000097 0.000052 0.000028 
5931328 heartwall 1 1326 32 1.111000 0.693000  0.000020 0.000018 0.000050 0.000097 0.000051 0.000028 
5931328 heartwall 1 1326 32 1.111000 0.538000  0.000022 0.000018 0.000050 0.000102 0.000051 0.000028 
5931392 heartwall 1 1326 32 1.111000 0.538000  0.000024 0.000018 0.000050 0.000102 0.000051 0.000028 
5931392 heartwall 1 1326 31 1.111000 0.693000  0.000029 0.000020 0.000056 0.000128 0.000062 0.000031 
5931392 heartwall 1 1326 31 1.111000 1.154000  0.000021 0.000018 0.000050 0.000097 0.000052 0.000028 
5931456 heartwall 1 1326 32 1.111000 0.616000  0.000022 0.000018 0.000050 0.000099 0.000051 0.000028 
5931456 heartwall 1 1326 32 1.111000 0.846000  0.000019 0.000018 0.000050 0.000092 0.000050 0.000027 
5931456 heartwall 1 1326 32 1.111000 0.539000  0.000021 0.000018 0.000050 0.000096 0.000051 0.000028 
5931520 heartwall 1 1326 32 1.111000 1.078000  0.000026 0.000019 0.000057 0.000129 0.000061 0.000031 
5931520 heartwall 1 1326 32 1.111000 1.308000  0.000023 0.000018 0.000049 0.000103 0.000051 0.000027 
5931520 heartwall 1 1326 32 1.111000 0.538000  0.000021 0.000018 0.000049 0.000100 0.000050 0.000027 
5931584 heartwall 1 1326 32 1.111000 0.538000  0.000019 0.000018 0.000049 0.000094 0.000050 0.000027 
5931584 heartwall 1 1326 32 1.111000 0.538000  0.000018 0.000018 0.000049 0.000091 0.000050 0.000027 
5931584 heartwall 1 1326 32 1.111000 0.769000  0.000024 0.000019 0.000054 0.000116 0.000060 0.000031 
5931648 heartwall 1 1326 32 1.111000 1.077000  0.000023 0.000018 0.000049 0.000103 0.000051 0.000027 
5931648 heartwall 1 1326 32 1.111000 0.692000  0.000019 0.000017 0.000049 0.000093 0.000050 0.000027 
5931648 heartwall 1 1326 32 1.111000 0.923000  0.000019 0.000018 0.000049 0.000094 0.000050 0.000027 
5931712 heartwall 1 1326 32 1.111000 0.538000  0.000019 0.000017 0.000049 0.000091 0.000050 0.000027 
5931712 heartwall 1 1326 32 1.111000 1.155000  0.000024 0.000018 0.000052 0.000120 0.000057 0.000030 
5931712 heartwall 1 1326 32 1.111000 0.538000  0.000020 0.000018 0.000049 0.000095 0.000051 0.000027 
5931776 heartwall 1 1326 32 1.111000 0.538000  0.000019 0.000017 0.000049 0.000093 0.000050 0.000027 
5931776 heartwall 1 1326 32 1.111000 0.538000  0.000020 0.000018 0.000049 0.000095 0.000050 0.000027 
5931840 heartwall 1 1326 32 1.111000 0.615000  0.000019 0.000018 0.000052 0.000118 0.000053 0.000028 
5931840 heartwall 1 1326 32 1.111000 1.078000  0.000027 0.000020 0.000054 0.000120 0.000059 0.000030 
