#Timestamp	Benchmark	Run(#)	CPU Frequency (MHz)	CPU Temperature(C)	CPU Voltage(V)	CPU Power(W)	CPU_CYCLES	L1_DATA_CACHE_ACCESS	INSTRUCTIONS_RETIRED	BUS_CYCLES	L1I_CACHE_ACCESS	PREDICTABLE_BRANCH_SPECULATIVELY_EXECUTED
4031168 backprop 1 614 26 0.919000 0.616000  0.000005 0.000004 0.000012 0.000025 0.000015 0.000007 
4031168 backprop 1 614 26 0.919000 0.694000  0.000021 0.000017 0.000045 0.000090 0.000047 0.000025 
4031232 backprop 1 614 26 0.919000 0.616000  0.000019 0.000016 0.000045 0.000092 0.000048 0.000025 
4031232 backprop 1 614 26 0.919000 0.617000  0.000019 0.000016 0.000045 0.000087 0.000048 0.000025 
4031232 backprop 1 614 26 0.919000 0.693000  0.000019 0.000016 0.000045 0.000088 0.000048 0.000025 
4031296 backprop 1 614 26 0.919000 0.694000  0.000037 0.000030 0.000082 0.000181 0.000092 0.000046 
4031296 backprop 1 614 26 0.919000 0.540000  0.000023 0.000018 0.000048 0.000099 0.000050 0.000025 
4031360 backprop 1 614 25 0.919000 0.771000  0.000071 0.000062 0.000170 0.000336 0.000182 0.000096 
4031360 backprop 1 614 25 0.919000 0.540000  0.000018 0.000015 0.000043 0.000088 0.000044 0.000024 
4031360 backprop 1 614 26 0.919000 0.770000  0.000020 0.000017 0.000045 0.000096 0.000054 0.000028 
4031424 backprop 1 614 25 0.919000 0.540000  0.000043 0.000026 0.000070 0.000182 0.000068 0.000035 
4031424 backprop 1 614 25 0.919000 0.693000  0.000018 0.000016 0.000058 0.000119 0.000058 0.000033 
4031424 backprop 1 614 25 0.919000 0.925000  0.000017 0.000015 0.000043 0.000082 0.000044 0.000024 
4031488 backprop 1 614 25 0.919000 0.539000  0.000018 0.000016 0.000044 0.000087 0.000047 0.000025 
4031488 backprop 1 614 25 0.919000 0.926000  0.035621 0.010766 0.022288 0.035858 0.012367 0.005171 
4031552 backprop 1 614 25 0.919000 0.539000  0.000021 0.000017 0.000047 0.000100 0.000051 0.000027 
4031552 backprop 1 614 25 0.919000 0.693000  0.000019 0.000017 0.000045 0.000093 0.000048 0.000025 
4031552 backprop 1 614 25 0.919000 0.770000  0.000018 0.000015 0.000043 0.000082 0.000044 0.000024 
4031616 backprop 1 614 25 0.919000 0.849000  0.000023 0.000018 0.000048 0.000105 0.000054 0.000027 
4031616 backprop 1 614 25 0.919000 0.770000  0.000031 0.000017 0.000046 0.000098 0.000047 0.000025 
4031680 backprop 1 614 25 0.919000 0.694000  0.000018 0.000016 0.000049 0.000111 0.000054 0.000027 
4031680 backprop 1 614 25 0.919000 0.847000  0.000017 0.000030 0.000072 0.000170 0.000066 0.000042 
4031680 backprop 1 614 25 0.919000 0.617000  0.000021 0.000017 0.000046 0.000100 0.000052 0.000027 
4031744 backprop 1 614 25 0.919000 0.770000  0.000066 0.000058 0.000157 0.000310 0.000169 0.000088 
4031744 backprop 1 614 25 0.919000 0.539000  0.000022 0.000017 0.000046 0.000100 0.000051 0.000026 
4031808 backprop 1 614 25 0.919000 0.848000  0.000019 0.000018 0.000049 0.000225 0.000085 0.000037 
4031808 backprop 1 614 25 0.919000 0.463000  0.000017 0.000015 0.000042 0.000082 0.000043 0.000023 
4031808 backprop 1 614 25 0.919000 0.693000  0.000021 0.000017 0.000046 0.000097 0.000051 0.000026 
4031872 backprop 1 614 25 0.919000 0.462000  0.000017 0.000015 0.000042 0.000083 0.000043 0.000023 
4031872 backprop 1 614 25 0.919000 0.694000  0.000022 0.000017 0.000046 0.000099 0.000052 0.000026 
4031936 backprop 1 614 25 0.919000 0.462000  0.000072 0.000024 0.000073 0.000215 0.000078 0.000039 
4031936 backprop 1 614 25 0.919000 0.694000  0.000018 0.000016 0.000045 0.000092 0.000048 0.000025 
4031936 backprop 1 614 25 0.919000 0.540000  0.000018 0.000016 0.000043 0.000151 0.000068 0.000033 
4032000 backprop 1 614 25 0.919000 0.694000  0.000017 0.000016 0.000043 0.000083 0.000046 0.000024 
4032000 backprop 1 614 25 0.919000 0.770000  0.000064 0.000055 0.000150 0.000299 0.000160 0.000084 
4032000 backprop 1 614 25 0.919000 0.539000  0.000066 0.000059 0.000162 0.000325 0.000166 0.000085 
4032064 backprop 1 614 25 0.919000 0.694000  0.000076 0.000058 0.000158 0.000333 0.000174 0.000089 
4032064 backprop 1 614 25 0.919000 0.617000  0.000056 0.000051 0.000142 0.000276 0.000146 0.000079 
4032128 backprop 1 614 25 0.919000 0.694000  0.000060 0.000053 0.000147 0.000284 0.000156 0.000082 
4032128 backprop 1 614 25 0.919000 0.694000  0.192205 0.613987 0.220002 0.614038 0.000055 0.012537 
4032128 backprop 1 614 25 0.919000 0.693000  0.000020 0.000016 0.000044 0.000091 0.000048 0.000025 
4032192 backprop 1 614 25 0.919000 0.617000  0.053074 0.015849 0.034357 0.053185 0.017874 0.008082 
4032192 backprop 1 614 25 0.919000 0.770000  0.000020 0.000016 0.000043 0.000090 0.000048 0.000025 
4032192 backprop 1 614 25 0.919000 0.693000  0.000016 0.000015 0.000041 0.000077 0.000042 0.000022 
4032256 backprop 1 614 25 0.919000 0.693000  0.000017 0.000015 0.000042 0.000082 0.000045 0.000024 
4032256 backprop 1 614 25 0.919000 0.462000  0.000018 0.000015 0.000042 0.000082 0.000045 0.000024 
4032320 backprop 1 614 25 0.919000 0.694000  0.000019 0.000016 0.000044 0.000094 0.000049 0.000025 
4032320 backprop 1 614 25 0.919000 0.771000  0.000009 0.000050 0.000034 0.000103 0.000000 0.000006 
4032320 backprop 1 614 25 0.919000 0.462000  0.000016 0.000014 0.000040 0.000077 0.000041 0.000022 
4032384 backprop 1 614 25 0.919000 0.694000  0.002273 0.000639 0.001328 0.002348 0.000769 0.000318 
4032384 backprop 1 614 25 0.919000 0.462000  0.000016 0.000014 0.000040 0.000076 0.000041 0.000022 
4032448 backprop 1 614 25 0.919000 0.770000  0.000033 0.000027 0.000074 0.000158 0.000083 0.000043 
4032448 backprop 1 614 25 0.919000 0.693000  0.000027 0.000024 0.000068 0.000131 0.000071 0.000038 
4032448 backprop 1 614 25 0.919000 0.770000  0.000037 0.000026 0.000072 0.000156 0.000079 0.000040 
4032512 backprop 1 614 25 0.919000 0.694000  0.000016 0.000014 0.000040 0.000076 0.000042 0.000022 
4032512 backprop 1 614 25 0.919000 0.694000  0.000029 0.000026 0.000071 0.000137 0.000076 0.000040 
4032512 backprop 1 614 25 0.919000 0.848000  0.000059 0.000051 0.000141 0.000273 0.000148 0.000079 
4032576 backprop 1 614 25 0.919000 0.694000  0.000020 0.000016 0.000044 0.000092 0.000048 0.000024 
4032576 backprop 1 614 25 0.919000 0.849000  0.010837 0.032268 0.010736 0.032320 0.000001 0.000997 
4032640 backprop 1 614 25 0.919000 0.462000  0.000016 0.000015 0.000041 0.000079 0.000044 0.000023 
4032640 backprop 1 614 25 0.919000 0.694000  0.000028 0.000026 0.000070 0.000136 0.000075 0.000039 
4032704 backprop 1 614 25 0.919000 0.770000  0.000016 0.000014 0.000040 0.000081 0.000044 0.000027 
4032704 backprop 1 614 25 0.919000 0.693000  0.000016 0.000015 0.000041 0.000079 0.000044 0.000023 
4032704 backprop 1 614 25 0.919000 0.463000  0.000017 0.000014 0.000039 0.000079 0.000041 0.000022 
4032768 backprop 1 614 25 0.919000 0.925000  0.000017 0.000015 0.000041 0.000086 0.000044 0.000023 
4032768 backprop 1 614 25 0.919000 1.311000  0.000017 0.000015 0.000041 0.000080 0.000043 0.000023 
4032768 backprop 1 614 25 0.919000 0.849000  0.000019 0.000015 0.000047 0.000108 0.000051 0.000025 
4032832 backprop 1 614 25 0.919000 0.849000  0.000019 0.000015 0.000041 0.000081 0.000044 0.000023 
4032832 backprop 1 614 25 0.919000 0.462000  0.000018 0.000016 0.000044 0.000089 0.000046 0.000023 
4032896 backprop 1 614 25 0.919000 0.925000  0.000020 0.000015 0.000042 0.000092 0.000047 0.000024 
4032896 backprop 1 614 25 0.919000 0.462000  0.000016 0.000017 0.000043 0.000090 0.000048 0.000023 
4032896 backprop 1 614 25 0.919000 0.694000  0.000016 0.000015 0.000041 0.000079 0.000044 0.000023 
4032960 backprop 1 614 25 0.919000 0.462000  0.016281 0.051503 0.017085 0.051551 0.000001 0.001368 
4032960 backprop 1 614 25 0.919000 0.694000  0.000019 0.000015 0.000042 0.000090 0.000047 0.000024 
4033024 backprop 1 614 25 0.919000 0.463000  0.000016 0.000015 0.000040 0.000078 0.000043 0.000023 
4033024 backprop 1 614 25 0.919000 0.694000  0.000020 0.000016 0.000044 0.000093 0.000048 0.000025 
4033024 backprop 1 614 25 0.919000 0.847000  0.000019 0.000015 0.000043 0.000091 0.000048 0.000024 
4033088 backprop 1 614 25 0.919000 0.462000  0.000016 0.000014 0.000039 0.000076 0.000040 0.000021 
4033088 backprop 1 614 25 0.919000 0.693000  0.000016 0.000015 0.000040 0.000077 0.000043 0.000023 
4033152 backprop 1 614 25 0.919000 0.462000  0.000049 0.000043 0.000121 0.000235 0.000126 0.000067 
4033152 backprop 1 614 25 0.919000 0.926000  0.000051 0.000046 0.000126 0.000242 0.000133 0.000070 
4033152 backprop 1 614 25 0.919000 0.463000  0.006010 0.002706 0.005909 0.006191 0.002818 0.001369 
4033216 backprop 1 614 25 0.919000 0.924000  0.000018 0.000015 0.000041 0.000102 0.000049 0.000024 
4033216 backprop 1 614 25 0.919000 0.616000  0.015810 0.006275 0.013398 0.016020 0.006746 0.003117 
4033216 backprop 1 614 25 0.919000 0.693000  0.000020 0.000016 0.000042 0.000085 0.000044 0.000022 
4033280 backprop 1 614 25 0.919000 0.847000  0.000016 0.000015 0.000040 0.000078 0.000043 0.000022 
4033280 backprop 1 614 25 0.919000 0.694000  0.032051 0.011429 0.024140 0.032229 0.012496 0.005573 
4033344 backprop 1 614 25 0.919000 0.694000  0.000017 0.000024 0.000056 0.000147 0.000066 0.000034 
4033344 backprop 1 614 25 0.919000 0.539000  0.000017 0.000014 0.000038 0.000080 0.000040 0.000021 
4033344 backprop 1 614 25 0.919000 0.770000  0.000020 0.000015 0.000046 0.000116 0.000051 0.000026 
4033408 backprop 1 614 25 0.919000 0.539000  0.049237 0.016952 0.035484 0.049443 0.018625 0.008157 
4033408 backprop 1 614 25 0.919000 0.617000  0.000020 0.000016 0.000072 0.000180 0.000071 0.000033 
4033472 backprop 1 614 25 0.919000 0.771000  0.000008 0.000046 0.000031 0.000095 0.000000 0.000005 
4033472 backprop 1 614 25 0.919000 0.462000  0.000015 0.000014 0.000038 0.000075 0.000039 0.000021 
4033472 backprop 1 614 25 0.919000 0.770000  0.000017 0.000014 0.000040 0.000080 0.000042 0.000022 
4033536 backprop 1 614 25 0.919000 0.694000  0.000016 0.000014 0.000038 0.000080 0.000040 0.000021 
4033536 backprop 1 614 25 0.919000 0.848000  0.000016 0.000014 0.000040 0.000080 0.000042 0.000022 
4033600 backprop 1 614 25 0.919000 0.540000  0.070802 0.022766 0.047127 0.071020 0.025452 0.010867 
4033600 backprop 1 614 25 0.919000 0.694000  0.000017 0.000014 0.000042 0.000099 0.000044 0.000023 
4033600 backprop 1 614 25 0.919000 0.847000  0.000018 0.000014 0.000039 0.000084 0.000042 0.000022 
4033664 backprop 1 614 25 0.919000 0.616000  0.000017 0.000014 0.000039 0.000080 0.000042 0.000022 
4033664 backprop 1 614 25 0.919000 0.848000  0.000008 0.000057 0.000034 0.000119 0.000000 0.000006 
4033728 backprop 1 614 25 0.919000 0.616000  0.000025 0.000151 0.000066 0.000268 0.000000 0.000008 
4033728 backprop 1 614 25 0.919000 0.770000  0.000009 0.000057 0.000033 0.000117 0.000000 0.000006 
4033728 backprop 1 614 25 0.919000 0.925000  0.000035 0.010365 0.021554 0.034214 0.011704 0.004982 
4033792 backprop 1 614 25 0.919000 0.693000  0.001466 0.005176 0.001643 0.005226 0.000000 0.000103 
4033792 backprop 1 614 25 0.919000 0.924000  0.000154 0.000053 0.000106 0.000284 0.000106 0.000050 
4033856 backprop 1 614 25 0.919000 0.693000  0.000044 0.000039 0.000108 0.000216 0.000112 0.000060 
4033856 backprop 1 614 25 0.919000 0.924000  0.000056 0.000043 0.000118 0.000262 0.000129 0.000065 
4033920 backprop 1 614 25 0.919000 0.540000  0.000050 0.000039 0.000108 0.000242 0.000207 0.000099 
4033920 backprop 1 614 25 0.919000 0.771000  0.000054 0.000041 0.000111 0.000241 0.000119 0.000061 
4033920 backprop 1 614 25 0.919000 0.384000  0.000018 0.000018 0.000045 0.000101 0.000045 0.000023 
4033984 backprop 1 614 25 0.919000 0.924000  0.000017 0.000015 0.000041 0.000116 0.000046 0.000023 
4033984 backprop 1 614 25 0.919000 0.771000  0.000007 0.000050 0.000028 0.000100 0.000000 0.000005 
4033984 backprop 1 614 25 0.919000 1.002000  0.000008 0.000056 0.000031 0.000130 0.000000 0.000006 
4034048 backprop 1 614 25 0.919000 0.616000  0.000016 0.000013 0.000037 0.000073 0.000039 0.000020 
4034048 backprop 1 614 26 0.919000 0.770000  0.000022 0.000015 0.000043 0.000113 0.000046 0.000023 
4034112 backprop 1 614 26 0.919000 0.693000  0.000016 0.000015 0.000040 0.000092 0.000040 0.000022 
4034112 backprop 1 614 26 0.919000 0.769000  0.000017 0.000014 0.000039 0.000085 0.000044 0.000022 
4034112 backprop 1 614 25 0.919000 0.540000  0.000015 0.000013 0.000036 0.000071 0.000037 0.000020 
4034176 backprop 1 614 25 0.919000 0.617000  0.000016 0.000014 0.000038 0.000074 0.000040 0.000021 
4034176 backprop 1 614 25 0.919000 0.539000  0.051057 0.013944 0.029919 0.051287 0.015646 0.006720 
4034240 backprop 1 614 25 0.919000 0.462000  0.000018 0.000014 0.000040 0.000085 0.000044 0.000023 
4034240 backprop 1 614 25 0.919000 0.617000  0.000019 0.000021 0.000056 0.000208 0.000073 0.000038 
4034240 backprop 1 614 25 0.919000 0.463000  0.000015 0.000013 0.000036 0.000070 0.000038 0.000020 
4034304 backprop 1 614 25 0.919000 0.616000  0.000018 0.000015 0.000040 0.000084 0.000044 0.000022 
4034304 backprop 1 614 25 0.919000 0.462000  0.000015 0.000013 0.000036 0.000070 0.000037 0.000020 
4034368 backprop 1 614 25 0.919000 0.616000  0.000016 0.000014 0.000040 0.000087 0.000045 0.000023 
4034368 backprop 1 614 25 0.919000 0.462000  0.000060 0.000023 0.000054 0.000526 0.000143 0.000062 
4034368 backprop 1 614 25 0.919000 0.539000  0.023411 0.017551 0.047160 0.103077 0.051755 0.026420 
4034432 backprop 1 614 25 0.919000 0.694000  0.010873 0.008258 0.025764 0.060564 0.027747 0.014005 
4034432 backprop 1 614 25 0.919000 0.540000  0.005936 0.005222 0.014606 0.028348 0.015096 0.008082 
4034496 backprop 1 614 25 0.919000 0.539000  0.004128 0.005719 0.013727 0.032665 0.013941 0.006768 
4034496 backprop 1 614 25 0.919000 0.540000  0.005162 0.022491 0.006214 0.022536 0.000001 0.000383 
4034496 backprop 1 614 25 0.919000 0.616000  0.004137 0.003245 0.008874 0.019293 0.009952 0.005074 
4034560 backprop 1 614 25 0.919000 0.617000  0.002906 0.002571 0.007179 0.013663 0.007363 0.003963 
4034560 backprop 1 614 25 0.919000 0.771000  0.002240 0.001980 0.005444 0.010724 0.005781 0.003052 
4034624 backprop 1 614 25 0.919000 0.463000  0.095202 0.026758 0.057224 0.095376 0.030248 0.013196 
4034624 backprop 1 614 25 0.919000 0.770000  0.002287 0.001769 0.004842 0.010372 0.005386 0.002766 
4034624 backprop 1 614 25 0.919000 0.617000  0.103256 0.030197 0.064975 0.103404 0.034002 0.014687 
4034688 backprop 1 614 25 0.919000 0.694000  0.002137 0.001649 0.004533 0.010527 0.004982 0.002542 
