#Timestamp	Benchmark	Run(#)	CPU Frequency (MHz)	CPU Temperature(C)	CPU Voltage(V)	CPU Power(W)	CPU_CYCLES	L1_DATA_CACHE_ACCESS	INSTRUCTIONS_RETIRED	BUS_CYCLES	L1I_CACHE_ACCESS	PREDICTABLE_BRANCH_SPECULATIVELY_EXECUTED
4900032 bfs 1 921 26 1.015000 0.694000  0.000053 0.000042 0.000116 0.000251 0.000121 0.000067 
4900096 bfs 1 921 26 1.015000 1.234000  0.000055 0.000048 0.000134 0.000339 0.000147 0.000074 
4900096 bfs 1 921 26 1.015000 1.464000  0.000050 0.000047 0.000124 0.000279 0.000127 0.000066 
4900160 bfs 1 921 26 1.015000 1.078000  0.000049 0.000043 0.000119 0.000232 0.000126 0.000066 
4900160 bfs 1 921 27 1.015000 1.002000  0.000048 0.000043 0.000118 0.000231 0.000127 0.000066 
4900160 bfs 1 921 27 1.015000 0.770000  0.000049 0.000043 0.000118 0.000232 0.000127 0.000066 
4900224 bfs 1 921 27 1.015000 1.232000  0.000023 0.000018 0.000051 0.000114 0.000057 0.000029 
4900224 bfs 1 921 27 1.015000 0.770000  0.000045 0.000040 0.000112 0.000213 0.000115 0.000062 
4900224 bfs 1 921 27 1.015000 1.156000  0.000056 0.000045 0.000122 0.000256 0.000133 0.000068 
4900288 bfs 1 921 27 1.015000 1.002000  0.000045 0.000040 0.000111 0.000214 0.000116 0.000062 
4900288 bfs 1 921 27 1.015000 1.078000  0.000048 0.000042 0.000114 0.000227 0.000124 0.000065 
4900288 bfs 1 921 27 1.015000 0.694000  0.000044 0.000040 0.000110 0.000208 0.000113 0.000061 
4900352 bfs 1 921 27 1.015000 0.770000  0.000057 0.000044 0.000120 0.000254 0.000131 0.000067 
4900352 bfs 1 921 26 1.015000 0.771000  0.000047 0.000041 0.000113 0.000223 0.000119 0.000063 
4900416 bfs 1 921 26 1.015000 0.771000  0.000045 0.000041 0.000113 0.000220 0.000121 0.000063 
4900416 bfs 1 921 27 1.015000 1.080000  0.000020 0.000017 0.000047 0.000094 0.000051 0.000027 
4900416 bfs 1 921 26 1.015000 0.771000  0.000043 0.000038 0.000107 0.000209 0.000154 0.000079 
4900480 bfs 1 921 26 1.015000 1.233000  0.000044 0.000041 0.000111 0.000213 0.000117 0.000062 
4900480 bfs 1 921 27 1.015000 0.848000  0.000050 0.000042 0.000115 0.000256 0.000132 0.000067 
4900480 bfs 1 921 27 1.015000 0.694000  0.000052 0.000043 0.000116 0.000245 0.000126 0.000065 
4900544 bfs 1 921 27 1.015000 1.001000  0.000048 0.000042 0.000114 0.000236 0.000124 0.000065 
4900544 bfs 1 921 27 1.015000 0.772000  0.000056 0.000044 0.000120 0.000251 0.000125 0.000063 
4900544 bfs 1 921 26 1.015000 1.157000  0.000046 0.000040 0.000109 0.000213 0.000116 0.000061 
4900608 bfs 1 921 26 1.015000 0.694000  0.000131 0.000063 0.000165 0.000507 0.000193 0.000092 
4900608 bfs 1 921 26 1.015000 1.080000  0.000048 0.000041 0.000115 0.000248 0.000128 0.000066 
4900672 bfs 1 921 27 1.015000 0.693000  0.000048 0.000040 0.000109 0.000275 0.000127 0.000065 
4900672 bfs 1 921 27 1.015000 0.772000  0.000053 0.000041 0.000113 0.000235 0.000123 0.000064 
4900672 bfs 1 921 27 1.015000 1.156000  0.000043 0.000039 0.000108 0.000208 0.000114 0.000061 
4900736 bfs 1 921 27 1.015000 0.772000  0.098935 0.026138 0.058785 0.098996 0.030741 0.013460 
4900736 bfs 1 921 27 1.015000 1.077000  0.000049 0.000040 0.000113 0.000241 0.000125 0.000064 
4900736 bfs 1 921 26 1.015000 0.772000  0.000045 0.000039 0.000108 0.000217 0.000116 0.000061 
4900800 bfs 1 921 26 1.015000 0.926000  0.000051 0.000041 0.000114 0.000237 0.000126 0.000064 
4900800 bfs 1 921 26 1.015000 1.157000  0.000049 0.000047 0.000123 0.000285 0.000132 0.000066 
4900800 bfs 1 921 26 1.015000 0.771000  0.000041 0.000037 0.000103 0.000198 0.000106 0.000057 
4900864 bfs 1 921 26 1.015000 0.848000  0.000054 0.000041 0.000112 0.000241 0.000125 0.000064 
4900864 bfs 1 921 26 1.015000 0.693000  0.000055 0.000041 0.000112 0.000248 0.000124 0.000064 
4900928 bfs 1 921 26 1.015000 0.771000  0.000053 0.000041 0.000113 0.000243 0.000125 0.000064 
4900928 bfs 1 921 26 1.015000 1.157000  0.000045 0.000038 0.000106 0.000209 0.000114 0.000059 
4900928 bfs 1 921 26 1.015000 0.772000  0.000041 0.000036 0.000101 0.000200 0.000104 0.000056 
4900992 bfs 1 921 26 1.015000 1.232000  0.000041 0.000038 0.000105 0.000202 0.000111 0.000059 
4900992 bfs 1 921 26 1.015000 0.694000  0.000011 0.000009 0.000027 0.000055 0.000034 0.000017 
4900992 bfs 1 921 26 1.015000 1.002000  0.000042 0.000038 0.000105 0.000202 0.000111 0.000059 
4901056 bfs 1 921 26 1.015000 1.156000  0.000041 0.000038 0.000104 0.000197 0.000110 0.000058 
4901056 bfs 1 921 27 1.015000 0.694000  0.000042 0.000038 0.000104 0.000202 0.000111 0.000058 
4901056 bfs 1 921 27 1.015000 1.078000  0.000088 0.000044 0.000119 0.000300 0.000129 0.000064 
4901120 bfs 1 921 27 1.015000 1.080000  0.000040 0.000035 0.000099 0.000193 0.000101 0.000055 
4901120 bfs 1 921 26 1.015000 1.001000  0.000051 0.000040 0.000108 0.000234 0.000121 0.000062 
4901184 bfs 1 921 26 1.015000 0.771000  0.000041 0.000037 0.000102 0.000493 0.000201 0.000094 
4901184 bfs 1 921 27 1.015000 0.694000  0.000046 0.000038 0.000107 0.000225 0.000115 0.000060 
4901184 bfs 1 921 27 1.015000 1.311000  0.000051 0.000039 0.000106 0.000224 0.000177 0.000082 
4901248 bfs 1 921 26 1.015000 0.848000  0.000039 0.000035 0.000097 0.000191 0.000100 0.000054 
4901248 bfs 1 921 26 1.015000 1.078000  0.000041 0.000037 0.000101 0.000194 0.000106 0.000056 
4901248 bfs 1 921 26 1.015000 0.693000  0.000040 0.000035 0.000097 0.000186 0.000100 0.000054 
4901312 bfs 1 921 26 1.015000 0.694000  0.000039 0.000036 0.000105 0.000246 0.000111 0.000058 
4901312 bfs 1 921 26 1.015000 0.693000  0.000042 0.000036 0.000100 0.000196 0.000106 0.000056 
4901376 bfs 1 921 26 1.015000 0.693000  0.000045 0.000038 0.000107 0.000224 0.000116 0.000059 
4901376 bfs 1 921 26 1.015000 1.157000  0.000083 0.000042 0.000114 0.000269 0.000125 0.000063 
4901376 bfs 1 921 26 1.015000 0.693000  0.000038 0.000034 0.000095 0.000184 0.000098 0.000053 
4901440 bfs 1 921 27 1.015000 0.848000  0.000049 0.000039 0.000105 0.000225 0.000116 0.000060 
4901440 bfs 1 921 27 1.015000 0.694000  6.004505 1.647328 3.658841 6.007021 1.903505 0.839412 
4901440 bfs 1 921 26 1.015000 1.001000  0.000046 0.000037 0.000103 0.000248 0.000117 0.000059 
4901504 bfs 1 921 26 1.015000 1.079000  0.000042 0.000053 0.000127 0.000285 0.000152 0.000073 
4901504 bfs 1 921 26 1.015000 0.694000  0.000037 0.000034 0.000095 0.000180 0.000097 0.000052 
4901504 bfs 1 921 27 1.015000 1.080000  0.000040 0.000036 0.000098 0.000189 0.000104 0.000055 
4901568 bfs 1 921 27 1.015000 0.770000  5.182612 1.435765 3.185915 5.184727 1.653520 0.730997 
4901568 bfs 1 921 26 1.015000 1.002000  0.000048 0.000037 0.000103 0.000224 0.000114 0.000059 
4901632 bfs 1 921 26 1.015000 0.694000  0.000039 0.000035 0.000097 0.000189 0.000102 0.000054 
4901632 bfs 1 921 26 1.015000 0.771000  0.000039 0.000035 0.000097 0.000188 0.000102 0.000054 
4901632 bfs 1 921 26 1.015000 1.232000  0.000040 0.000035 0.000097 0.000187 0.000103 0.000054 
4901696 bfs 1 921 26 1.015000 0.694000  0.039603 0.008342 0.017460 0.039671 0.010357 0.004322 
4901696 bfs 1 921 26 1.015000 1.079000  0.000018 0.000016 0.000045 0.000087 0.000048 0.000025 
4901696 bfs 1 921 26 1.015000 0.693000  0.000038 0.000033 0.000093 0.000177 0.000095 0.000052 
4901760 bfs 1 921 27 1.015000 0.694000  0.000049 0.000037 0.000102 0.000216 0.000111 0.000057 
4901760 bfs 1 921 27 1.015000 1.155000  0.000040 0.000036 0.000097 0.000190 0.000106 0.000055 
4901824 bfs 1 921 26 1.015000 0.693000  0.000039 0.001627 0.004021 0.002758 0.001641 0.000705 
4901824 bfs 1 921 26 1.015000 1.001000  0.000007 0.000042 0.000028 0.000087 0.000000 0.000005 
4901824 bfs 1 921 26 1.015000 0.693000  0.000038 0.000033 0.000091 0.000180 0.000094 0.000051 
4901888 bfs 1 921 26 1.015000 1.233000  0.000044 0.000036 0.000101 0.000216 0.000114 0.000057 
4901888 bfs 1 921 26 1.015000 1.156000  0.009882 0.002479 0.005202 0.010366 0.003148 0.001356 
4901952 bfs 1 921 26 1.015000 0.771000  0.000040 0.000034 0.000094 0.000207 0.000105 0.000054 
4901952 bfs 1 921 26 1.015000 1.156000  0.000045 0.000036 0.000100 0.000209 0.000107 0.000056 
4901952 bfs 1 921 26 1.015000 1.310000  0.000043 0.000034 0.000095 0.000204 0.000104 0.000054 
4902016 bfs 1 921 26 1.015000 0.694000  0.000036 0.000032 0.000090 0.000169 0.000092 0.000050 
4902016 bfs 1 921 26 1.015000 1.079000  0.000038 0.000034 0.000095 0.000191 0.000101 0.000053 
4902080 bfs 1 921 26 1.015000 0.693000  0.000044 0.000036 0.000100 0.000207 0.000111 0.000056 
4902080 bfs 1 921 26 1.015000 0.924000  0.000037 0.000034 0.000119 0.000244 0.000140 0.000068 
4902080 bfs 1 921 26 1.015000 1.234000  0.000040 0.000035 0.000095 0.000206 0.000106 0.000055 
4902144 bfs 1 921 26 1.015000 0.771000  0.000036 0.000031 0.000088 0.000172 0.000091 0.000049 
4902144 bfs 1 921 26 1.015000 1.156000  0.000038 0.000050 0.000120 0.000315 0.000142 0.000068 
4902144 bfs 1 921 26 1.015000 0.694000  0.000053 0.000046 0.000114 0.000291 0.000117 0.000058 
4902208 bfs 1 921 25 1.015000 1.155000  0.000045 0.000036 0.000097 0.000203 0.000106 0.000055 
4902208 bfs 1 921 25 1.015000 0.694000  0.000037 0.000033 0.000091 0.000177 0.000096 0.000051 
4902208 bfs 1 921 26 1.015000 0.693000  0.000037 0.000048 0.000118 0.000238 0.000136 0.000068 
4902272 bfs 1 921 26 1.015000 1.156000  0.000038 0.000033 0.000091 0.000179 0.000098 0.000051 
4902272 bfs 1 921 26 1.015000 0.771000  0.000035 0.000031 0.000087 0.000167 0.000089 0.000048 
4902336 bfs 1 921 26 1.015000 0.770000  0.000037 0.000033 0.000091 0.000176 0.000096 0.000051 
4902336 bfs 1 921 26 1.015000 0.770000  0.000046 0.000035 0.000096 0.000203 0.000105 0.000053 
4902336 bfs 1 921 25 1.015000 1.077000  0.000041 0.000036 0.000095 0.000199 0.000103 0.000053 
4902400 bfs 1 921 25 1.015000 1.080000  0.000036 0.000033 0.000090 0.000179 0.000095 0.000051 
4902400 bfs 1 921 25 1.015000 0.694000  0.000041 0.000036 0.000097 0.000198 0.000101 0.000052 
4902400 bfs 1 921 25 1.015000 1.080000  0.000041 0.000034 0.000094 0.000200 0.000103 0.000053 
4902464 bfs 1 921 26 1.015000 0.694000  0.000034 0.000032 0.000090 0.000184 0.000092 0.000049 
4902464 bfs 1 921 26 1.015000 1.078000  0.000041 0.000034 0.000098 0.000213 0.000105 0.000054 
4902464 bfs 1 921 26 1.015000 0.694000  0.000042 0.000034 0.000095 0.000200 0.000103 0.000054 
4902528 bfs 1 921 26 1.015000 0.694000  0.000044 0.000035 0.000095 0.000201 0.000103 0.000053 
4902528 bfs 1 921 26 1.015000 1.157000  0.000266 0.000194 0.000525 0.001209 0.000557 0.000260 
4902592 bfs 1 921 26 1.015000 0.694000  1.578992 0.659656 1.602236 1.579471 0.696954 0.370068 
4902592 bfs 1 921 26 1.015000 0.693000  0.000085 0.000047 0.000140 0.000271 0.000150 0.000073 
4902592 bfs 1 921 26 1.015000 1.156000  0.000120 0.000056 0.000134 0.000418 0.000158 0.000070 
4902656 bfs 1 921 26 1.015000 0.694000  0.000034 0.000030 0.000085 0.000166 0.000088 0.000047 
4902656 bfs 1 921 26 1.015000 1.080000  0.000040 0.000032 0.000089 0.000193 0.000099 0.000051 
4902656 bfs 1 921 25 1.015000 0.693000  0.000035 0.000032 0.000088 0.000173 0.000093 0.000049 
4902720 bfs 1 921 25 1.015000 0.694000  0.000040 0.000034 0.000093 0.000197 0.000104 0.000052 
4902720 bfs 1 921 25 1.015000 1.311000  0.000041 0.000033 0.000091 0.000200 0.000104 0.000053 
4902784 bfs 1 921 25 1.015000 0.694000  0.000035 0.000030 0.000084 0.000166 0.000087 0.000046 
4902784 bfs 1 921 26 1.015000 1.080000  0.000040 0.000033 0.000092 0.000193 0.000099 0.000051 
4902784 bfs 1 921 26 1.015000 0.693000  0.000037 0.000032 0.000088 0.000171 0.000095 0.000057 
4902848 bfs 1 921 26 1.015000 0.847000  0.000034 0.000031 0.000111 0.000230 0.000112 0.000445 
4902848 bfs 1 921 26 1.015000 1.156000  0.000036 0.000031 0.000086 0.000173 0.000093 0.000049 
4902848 bfs 1 921 26 1.015000 0.693000  0.000420 0.000105 0.000249 0.000613 0.000179 0.000101 
4902912 bfs 1 921 26 1.015000 1.002000  0.000041 0.000033 0.000090 0.000191 0.000098 0.000050 
4902912 bfs 1 921 26 1.015000 0.693000  0.041832 0.102185 0.045095 0.102232 0.000002 0.001765 
4902976 bfs 1 921 26 1.015000 1.002000  0.000032 0.000029 0.000082 0.000157 0.000084 0.000046 
4902976 bfs 1 921 26 1.015000 1.079000  0.000042 0.000034 0.000093 0.000202 0.000103 0.000054 
4902976 bfs 1 921 26 1.015000 0.693000  0.000034 0.000030 0.000086 0.000187 0.000097 0.000050 
4903040 bfs 1 921 25 1.015000 1.079000  0.000034 0.000031 0.000085 0.000165 0.000090 0.000048 
4903040 bfs 1 921 26 1.015000 1.156000  0.000035 0.000031 0.000085 0.000166 0.000090 0.000048 
4903040 bfs 1 921 26 1.015000 0.772000  0.000039 0.000032 0.000088 0.000188 0.000096 0.000050 
4903104 bfs 1 921 26 1.015000 1.619000  0.000043 0.000031 0.000087 0.000188 0.000095 0.000049 
4903104 bfs 1 921 26 1.015000 1.080000  0.057182 0.014053 0.029550 0.057247 0.016652 0.007030 
4903104 bfs 1 921 26 1.015000 1.078000  0.000041 0.000033 0.000090 0.000197 0.000100 0.000051 
4903168 bfs 1 921 26 1.015000 0.771000  0.000032 0.000029 0.000081 0.000199 0.000090 0.000047 
4903168 bfs 1 921 26 1.015000 0.771000  0.000039 0.000032 0.000088 0.000191 0.000098 0.000050 
4903232 bfs 1 921 26 1.015000 0.694000  0.000038 0.000036 0.000094 0.000223 0.000100 0.000050 
4903232 bfs 1 921 26 1.015000 0.694000  0.000042 0.000032 0.000090 0.000190 0.000098 0.000050 
4903232 bfs 1 921 26 1.015000 1.079000  0.000042 0.000035 0.000094 0.000234 0.000101 0.000051 
4903296 bfs 1 921 26 1.015000 0.694000  0.000032 0.000029 0.000080 0.000167 0.000083 0.000045 
4903296 bfs 1 921 25 1.015000 1.079000  0.000044 0.000032 0.000088 0.000192 0.000098 0.000050 
4903296 bfs 1 921 25 1.015000 0.693000  0.000034 0.000030 0.000083 0.000159 0.000088 0.000046 
4903360 bfs 1 921 26 1.015000 0.847000  0.000032 0.000030 0.000083 0.000159 0.000087 0.000046 
4903360 bfs 1 921 26 1.015000 1.311000  0.000037 0.000034 0.000091 0.000203 0.000098 0.000065 
4903360 bfs 1 921 26 1.015000 0.771000  0.000032 0.000028 0.000079 0.000152 0.000081 0.000044 
4903424 bfs 1 921 26 1.015000 1.003000  0.000038 0.000031 0.000085 0.000181 0.000095 0.000049 
4903424 bfs 1 921 26 1.015000 0.694000  0.000031 0.000028 0.000078 0.000151 0.000080 0.000044 
4903488 bfs 1 921 26 1.015000 0.847000  0.070606 0.017514 0.036871 0.070677 0.020711 0.008778 
4903488 bfs 1 921 26 1.015000 1.464000  0.000035 0.000030 0.000081 0.000165 0.000096 0.000048 
4903488 bfs 1 921 26 1.015000 0.771000  0.000031 0.000028 0.000078 0.000153 0.000080 0.000043 
4903552 bfs 1 921 26 1.015000 1.079000  0.000033 0.000030 0.000081 0.000157 0.000086 0.000045 
4903552 bfs 1 921 26 1.015000 0.694000  0.000033 0.000029 0.000081 0.000159 0.000085 0.000045 
4903552 bfs 1 921 26 1.015000 0.694000  0.000033 0.000029 0.000081 0.000158 0.000086 0.000045 
4903616 bfs 1 921 26 1.015000 0.694000  0.000036 0.000029 0.000082 0.000172 0.000089 0.000047 
4903616 bfs 1 921 26 1.015000 0.848000  0.000041 0.000031 0.000082 0.000164 0.000084 0.000044 
4903616 bfs 1 921 26 1.015000 0.694000  0.000032 0.000029 0.000080 0.000155 0.000085 0.000045 
4903680 bfs 1 921 26 1.015000 0.694000  0.000031 0.000028 0.000077 0.000149 0.000079 0.000043 
4903680 bfs 1 921 26 1.015000 1.156000  0.000042 0.000031 0.000084 0.000182 0.000091 0.000047 
4903744 bfs 1 921 26 1.015000 0.693000  0.000033 0.000028 0.000078 0.000208 0.000090 0.000046 
4903744 bfs 1 921 26 1.015000 1.078000  0.000031 0.000029 0.000080 0.000152 0.000084 0.000045 
4903744 bfs 1 921 26 1.015000 0.694000  0.000075 0.000030 0.000081 0.000191 0.000083 0.000043 
4903808 bfs 1 921 26 1.015000 0.694000  0.000031 0.000029 0.000102 0.000202 0.000117 0.000058 
4903808 bfs 1 921 26 1.015000 1.157000  0.000039 0.000030 0.000084 0.000185 0.000094 0.000048 
4903808 bfs 1 921 26 1.015000 0.771000  0.000030 0.000027 0.000075 0.000145 0.000077 0.000042 
4903872 bfs 1 921 26 1.015000 1.080000  0.000036 0.000030 0.000083 0.000173 0.000088 0.000048 
4903872 bfs 1 921 26 1.015000 0.693000  0.000225 0.000055 0.000127 0.000347 0.000119 0.000057 
4903872 bfs 1 921 26 1.015000 0.771000  0.000032 0.000028 0.000078 0.000150 0.000082 0.000044 
4903936 bfs 1 921 26 1.015000 1.156000  0.000031 0.000028 0.000078 0.000150 0.000131 0.000062 
4903936 bfs 1 921 26 1.015000 0.694000  0.000039 0.000030 0.000082 0.000178 0.000092 0.000047 
4904000 bfs 1 921 26 1.015000 1.309000  0.000032 0.000028 0.000077 0.000152 0.000084 0.000043 
4904000 bfs 1 921 26 1.015000 0.694000  0.000078 0.000034 0.000086 0.000193 0.000089 0.000045 
4904000 bfs 1 921 26 1.015000 1.002000  0.000031 0.000028 0.000077 0.000148 0.000081 0.000043 
4904064 bfs 1 921 26 1.015000 0.848000  0.000030 0.000027 0.000074 0.000142 0.000076 0.000042 
4904064 bfs 1 921 26 1.015000 0.769000  0.000030 0.000028 0.000077 0.000147 0.000081 0.000043 
4904064 bfs 1 921 26 1.015000 1.002000  0.000031 0.000028 0.000077 0.000148 0.000082 0.000043 
4904128 bfs 1 921 26 1.015000 0.694000  0.000032 0.000032 0.000083 0.000199 0.000089 0.000045 
4904128 bfs 1 921 26 1.015000 1.156000  0.000042 0.000032 0.000089 0.000197 0.000100 0.000050 
4904192 bfs 1 921 26 1.015000 0.694000  0.000030 0.000027 0.000073 0.000143 0.000077 0.000041 
4904192 bfs 1 921 26 1.015000 1.079000  0.000031 0.000027 0.000076 0.000147 0.000081 0.000042 
4904192 bfs 1 921 26 1.015000 0.694000  0.006037 0.001137 0.002284 0.006162 0.001572 0.000622 
4904256 bfs 1 921 26 1.015000 1.001000  0.000030 0.000027 0.000076 0.000147 0.000080 0.000042 
4904256 bfs 1 921 26 1.015000 1.312000  0.000031 0.000027 0.000075 0.000150 0.000080 0.000042 
4904256 bfs 1 921 26 1.015000 0.771000  0.000031 0.000028 0.000075 0.000147 0.000081 0.000045 
4904320 bfs 1 921 26 1.015000 1.079000  0.000033 0.000027 0.000076 0.000160 0.000083 0.000043 
4904320 bfs 1 921 26 1.015000 0.694000  0.000030 0.000026 0.000072 0.000149 0.000075 0.000040 
4904320 bfs 1 921 26 1.015000 1.002000  0.000038 0.000029 0.000079 0.000168 0.000088 0.000045 
4904384 bfs 1 921 26 1.015000 0.848000  0.000031 0.000027 0.000075 0.000149 0.000079 0.000042 
4904384 bfs 1 921 26 1.015000 0.694000  0.000030 0.000027 0.000075 0.000147 0.000079 0.000042 
4904448 bfs 1 921 26 1.015000 1.157000  0.000032 0.000028 0.000076 0.000160 0.000085 0.000044 
4904448 bfs 1 921 26 1.015000 0.694000  0.000031 0.008312 0.017532 0.033232 0.009907 0.004236 
4904448 bfs 1 921 26 1.015000 1.309000  0.000037 0.000029 0.000079 0.000167 0.000086 0.000044 
4904512 bfs 1 921 26 1.015000 0.926000  0.000029 0.000026 0.000071 0.000144 0.000073 0.000039 
4904512 bfs 1 921 26 1.015000 1.156000  0.000031 0.000027 0.000095 0.000387 0.000151 0.000062 
4904512 bfs 1 921 26 1.015000 1.311000  0.045516 0.011032 0.023089 0.045661 0.013567 0.005681 
4904576 bfs 1 921 26 1.015000 0.693000  0.000036 0.000027 0.000072 0.000144 0.000076 0.000040 
4904576 bfs 1 921 26 1.015000 1.002000  0.000030 0.000027 0.000073 0.000142 0.000078 0.000041 
4904640 bfs 1 921 26 1.015000 1.080000  0.053457 0.012403 0.025703 0.053701 0.015460 0.006386 
4904640 bfs 1 921 26 1.015000 1.155000  0.000035 0.000028 0.000078 0.000170 0.000087 0.000045 
4904640 bfs 1 921 26 1.015000 1.311000  0.000030 0.000026 0.000073 0.000145 0.000077 0.000041 
4904704 bfs 1 921 25 1.015000 0.694000  0.000035 0.000028 0.000076 0.000163 0.000084 0.000044 
4904704 bfs 1 921 25 1.015000 1.157000  0.000030 0.000027 0.000073 0.000142 0.000077 0.000041 
4904704 bfs 1 921 26 1.015000 0.925000  0.000028 0.000025 0.000070 0.000135 0.000082 0.000041 
4904768 bfs 1 921 26 1.015000 1.003000  0.000029 0.000026 0.000073 0.000141 0.000078 0.000041 
4904768 bfs 1 921 25 1.015000 0.694000  0.000037 0.000026 0.000074 0.000161 0.000076 0.000040 
4904768 bfs 1 921 26 1.015000 0.770000  0.000029 0.000026 0.000072 0.000140 0.000077 0.000041 
4904832 bfs 1 921 26 1.015000 0.693000  0.000029 0.000028 0.000076 0.000181 0.000080 0.000041 
4904832 bfs 1 921 26 1.015000 0.771000  0.000029 0.000026 0.000072 0.000139 0.000077 0.000041 
4904896 bfs 1 921 26 1.015000 1.311000  0.000036 0.000027 0.000075 0.000165 0.000085 0.000043 
4904896 bfs 1 921 26 1.015000 0.694000  0.000027 0.000025 0.000069 0.000134 0.000071 0.000038 
4904896 bfs 1 921 26 1.015000 1.234000  0.000030 0.000026 0.000071 0.000142 0.000076 0.000040 
4904960 bfs 1 921 26 1.015000 0.770000  0.000036 0.000028 0.000077 0.000165 0.000085 0.000043 
4904960 bfs 1 921 26 1.015000 1.001000  0.000035 0.000028 0.000078 0.000159 0.000085 0.000043 
4904960 bfs 1 921 26 1.015000 1.233000  0.000031 0.000026 0.000072 0.000156 0.000078 0.000040 
4905024 bfs 1 921 26 1.015000 0.849000  0.000027 0.000024 0.000068 0.000132 0.000070 0.000038 
4905024 bfs 1 921 26 1.015000 1.157000  0.000036 0.000027 0.000082 0.000183 0.000089 0.000044 
4905024 bfs 1 921 26 1.015000 0.693000  0.000028 0.000025 0.000068 0.000132 0.000070 0.000038 
4905088 bfs 1 921 26 1.015000 1.003000  0.000028 0.000026 0.000071 0.000136 0.000075 0.000040 
4905088 bfs 1 921 25 1.015000 0.693000  0.000031 0.000026 0.000071 0.000142 0.000075 0.000039 
4905152 bfs 1 921 26 1.015000 0.694000  0.000031 0.000027 0.000075 0.000161 0.000083 0.000043 
4905152 bfs 1 921 26 1.015000 1.155000  0.000034 0.000027 0.000075 0.000167 0.000085 0.000043 
4905152 bfs 1 921 26 1.015000 0.694000  0.000026 0.000024 0.000068 0.000129 0.000069 0.000037 
4905216 bfs 1 921 26 1.015000 0.924000  0.000028 0.000025 0.000070 0.000135 0.000074 0.000039 
4905216 bfs 1 921 26 1.015000 0.693000  0.129475 0.032794 0.068720 0.129584 0.038705 0.016310 
4905216 bfs 1 921 26 1.015000 1.311000  0.000028 0.000025 0.000070 0.000135 0.000074 0.000039 
4905280 bfs 1 921 26 1.015000 0.771000  0.000029 0.000026 0.000070 0.000137 0.000075 0.000039 
4905280 bfs 1 921 26 1.015000 0.694000  0.000027 0.000025 0.000070 0.000133 0.000073 0.000039 
4905280 bfs 1 921 26 1.015000 1.156000  0.000031 0.000026 0.000072 0.000157 0.000080 0.000040 
4905344 bfs 1 921 26 1.015000 0.694000  0.000026 0.000024 0.000067 0.000129 0.000068 0.000037 
4905344 bfs 1 921 26 1.015000 1.079000  0.000028 0.000025 0.000069 0.000134 0.000074 0.000039 
4905344 bfs 1 921 26 1.015000 0.694000  0.000028 0.000025 0.000069 0.000133 0.000073 0.000039 
4905408 bfs 1 921 26 1.015000 0.694000  0.000034 0.000027 0.000073 0.000158 0.000081 0.000041 
4905408 bfs 1 921 26 1.015000 1.157000  0.000028 0.000025 0.000069 0.000132 0.000072 0.000038 
4905472 bfs 1 921 26 1.015000 0.770000  0.000026 0.000024 0.000066 0.000126 0.000068 0.000036 
4905472 bfs 1 921 26 1.015000 1.001000  0.000029 0.000028 0.000074 0.000168 0.000082 0.000041 
4905472 bfs 1 921 26 1.015000 0.771000  0.000031 0.000028 0.000073 0.000165 0.000075 0.000039 
4905536 bfs 1 921 26 1.015000 1.309000  0.000031 0.000026 0.000072 0.000151 0.000078 0.000040 
4905536 bfs 1 921 26 1.015000 1.311000  0.155210 0.040060 0.084239 0.155340 0.046879 0.019985 
4905536 bfs 1 921 26 1.015000 0.771000  0.000031 0.000025 0.000069 0.000135 0.000073 0.000038 
4905600 bfs 1 921 26 1.015000 1.234000  0.000028 0.000025 0.000068 0.000132 0.000072 0.000038 
4905600 bfs 1 921 26 1.015000 0.694000  0.000026 0.000023 0.000074 0.000156 0.000076 0.000039 
4905600 bfs 1 921 26 1.015000 1.388000  0.000027 0.000024 0.000067 0.000130 0.000072 0.000038 
4905664 bfs 1 921 26 1.015000 0.693000  0.000027 0.000023 0.000065 0.000126 0.000067 0.000036 
4905664 bfs 1 921 26 1.015000 1.080000  0.000031 0.000025 0.000070 0.000153 0.000078 0.000040 
4905728 bfs 1 921 26 1.015000 1.233000  0.165355 0.042368 0.088997 0.165546 0.049656 0.021165 
4905728 bfs 1 921 26 1.015000 0.849000  0.000027 0.000024 0.000067 0.000130 0.000071 0.000038 
4905728 bfs 1 921 26 1.015000 1.156000  0.166540 0.042611 0.089426 0.166671 0.049974 0.021284 
4905792 bfs 1 921 26 1.015000 0.694000  0.000026 0.000023 0.000064 0.000126 0.000068 0.000036 
4905792 bfs 1 921 26 1.015000 0.849000  0.000027 0.000024 0.000067 0.000130 0.000071 0.000037 
4905792 bfs 1 921 26 1.015000 0.694000  0.170105 0.043218 0.090574 0.170223 0.050791 0.021596 
4905856 bfs 1 921 26 1.015000 1.001000  0.000033 0.000026 0.000070 0.000148 0.000076 0.000039 
4905856 bfs 1 921 26 1.015000 1.003000  0.000029 0.000024 0.000066 0.000133 0.000071 0.000037 
4905856 bfs 1 921 26 1.015000 0.693000  0.000030 0.000026 0.000070 0.000145 0.000076 0.000039 
4905920 bfs 1 921 26 1.015000 1.156000  0.000030 0.000025 0.000068 0.000146 0.000075 0.000038 
4905920 bfs 1 921 26 1.015000 0.693000  0.000025 0.000023 0.000064 0.000121 0.000065 0.000035 
4905984 bfs 1 921 26 1.015000 1.156000  0.000107 0.000028 0.000076 0.000224 0.000082 0.000041 
4905984 bfs 1 921 26 1.015000 0.694000  0.000032 0.000025 0.000070 0.000156 0.000077 0.000039 
4905984 bfs 1 921 26 1.015000 0.694000  0.000033 0.000026 0.000070 0.000149 0.000075 0.000039 
4906048 bfs 1 921 26 1.015000 0.694000  0.000030 0.000026 0.000070 0.000152 0.000078 0.000040 
4906048 bfs 1 921 26 1.015000 0.694000  0.000025 0.000022 0.000063 0.000122 0.000065 0.000035 
4906048 bfs 1 921 26 1.015000 1.158000  0.000028 0.000025 0.000068 0.000140 0.000074 0.000038 
4906112 bfs 1 921 26 1.015000 0.693000  1.228916 3.660696 1.364752 3.661289 0.000113 0.067601 
4906112 bfs 1 921 26 1.015000 1.079000  0.000030 0.000025 0.000068 0.000148 0.000076 0.000039 
4906112 bfs 1 921 26 1.015000 0.694000  0.000031 0.000025 0.000068 0.000141 0.000073 0.000037 
4906176 bfs 1 921 26 1.015000 0.694000  0.000032 0.000025 0.000070 0.000153 0.000078 0.000040 
4906176 bfs 1 921 26 1.015000 1.078000  0.000027 0.000027 0.000073 0.000172 0.000080 0.000040 
4906240 bfs 1 921 26 1.015000 0.694000  0.000025 0.000022 0.000063 0.000119 0.000064 0.000035 
4906240 bfs 1 921 26 1.015000 1.002000  0.000033 0.000027 0.000073 0.000158 0.000081 0.000041 
4906240 bfs 1 921 26 1.015000 0.847000  0.000027 0.000024 0.000065 0.000130 0.000069 0.000036 
4906304 bfs 1 921 26 1.015000 0.771000  0.000026 0.000034 0.000083 0.000170 0.000097 0.000047 
4906304 bfs 1 921 26 1.015000 1.311000  0.000087 0.000583 0.000359 0.001199 0.000000 0.000063 
4906304 bfs 1 921 26 1.015000 0.771000  0.000024 0.000022 0.000062 0.000117 0.000063 0.000034 
4906368 bfs 1 921 26 1.015000 1.080000  0.000026 0.000023 0.000067 0.000159 0.000073 0.000037 
4906368 bfs 1 921 26 1.015000 1.003000  0.007726 0.001461 0.002887 0.007826 0.001993 0.000784 
4906432 bfs 1 921 26 1.015000 1.235000  0.000025 0.000022 0.000063 0.000132 0.000069 0.000036 
4906432 bfs 1 921 26 1.015000 0.693000  0.000026 0.000023 0.000064 0.000126 0.000069 0.000036 
4906432 bfs 1 921 26 1.015000 0.693000  0.000025 0.000023 0.000064 0.000124 0.000068 0.000040 
4906496 bfs 1 921 26 1.015000 1.234000  0.000030 0.000024 0.000067 0.000145 0.000075 0.000038 
4906496 bfs 1 921 26 1.015000 0.770000  0.000025 0.000022 0.000061 0.000118 0.000063 0.000034 
4906496 bfs 1 921 26 1.015000 1.078000  0.000032 0.000025 0.000068 0.000145 0.000073 0.000038 
4906560 bfs 1 921 26 1.015000 0.694000  0.000025 0.000022 0.000061 0.000118 0.000063 0.000034 
4906560 bfs 1 921 26 1.015000 0.693000  0.000025 0.000023 0.000063 0.000122 0.000067 0.000041 
4906560 bfs 1 921 26 1.015000 0.694000  0.000026 0.000024 0.000065 0.000128 0.000069 0.000036 
4906624 bfs 1 921 26 1.015000 0.693000  0.001272 0.000313 0.000613 0.001369 0.000435 0.000180 
4906624 bfs 1 921 26 1.015000 1.157000  0.000027 0.000024 0.000066 0.000138 0.000072 0.000037 
4906688 bfs 1 921 26 1.015000 0.694000  0.000025 0.000022 0.000060 0.000116 0.000063 0.000033 
4906688 bfs 1 921 26 1.015000 1.000000  0.000030 0.000024 0.000066 0.000138 0.000071 0.000037 
4906688 bfs 1 921 26 1.015000 0.694000  0.000026 0.000023 0.000062 0.000122 0.000067 0.000035 
4906752 bfs 1 921 26 1.015000 1.002000  0.000033 0.000024 0.000067 0.000143 0.000073 0.000037 
4906752 bfs 1 921 26 1.015000 1.234000  0.000026 0.000023 0.000062 0.000120 0.000066 0.000035 
4906752 bfs 1 921 26 1.015000 0.847000  0.000024 0.000021 0.000060 0.000117 0.000061 0.000033 
4906816 bfs 1 921 26 1.015000 1.002000  0.000025 0.000022 0.000062 0.000119 0.000066 0.000035 
4906816 bfs 1 921 26 1.015000 0.694000  0.000024 0.000022 0.000062 0.000133 0.000069 0.000036 
4906880 bfs 1 921 26 1.015000 0.694000  0.000031 0.000024 0.000066 0.000140 0.000072 0.000037 
4906880 bfs 1 921 26 1.015000 1.309000  0.000028 0.000023 0.000063 0.000131 0.000067 0.000035 
4906880 bfs 1 921 26 1.015000 0.924000  0.000031 0.000024 0.000065 0.000136 0.000070 0.000036 
4906944 bfs 1 921 26 1.015000 1.234000  0.000026 0.000023 0.000065 0.000138 0.000071 0.000037 
4906944 bfs 1 921 26 1.015000 0.694000  0.000024 0.000021 0.000059 0.000113 0.000060 0.000033 
4906944 bfs 1 921 26 1.015000 1.001000  0.000025 0.000032 0.000079 0.000187 0.000091 0.000050 
4907008 bfs 1 921 26 1.015000 0.694000  0.000026 0.000024 0.000064 0.000153 0.000069 0.000035 
4907008 bfs 1 921 26 1.015000 0.849000  0.000027 0.000023 0.000062 0.000120 0.000065 0.000034 
4907072 bfs 1 921 26 1.015000 1.080000  0.000025 0.000022 0.000061 0.000120 0.000065 0.000034 
4907072 bfs 1 921 26 1.015000 0.693000  0.000024 0.000021 0.000058 0.000112 0.000060 0.000032 
4907072 bfs 1 921 26 1.015000 1.079000  0.000025 0.000022 0.000060 0.000117 0.000064 0.000034 
4907136 bfs 1 921 26 1.015000 0.693000  0.000025 0.000022 0.000060 0.000118 0.000064 0.000034 
4907136 bfs 1 921 25 1.015000 1.002000  0.000024 0.000022 0.000060 0.000116 0.000063 0.000034 
4907136 bfs 1 921 25 1.015000 0.694000  0.000026 0.000023 0.000063 0.000135 0.000070 0.000036 
4907200 bfs 1 921 26 1.015000 0.694000  0.000027 0.000023 0.000061 0.000120 0.000062 0.000033 
4907200 bfs 1 921 26 1.015000 1.081000  0.000025 0.000022 0.000060 0.000116 0.000063 0.000034 
4907200 bfs 1 921 26 1.015000 0.694000  0.036517 0.008999 0.019071 0.036613 0.010639 0.004563 
4907264 bfs 1 921 26 1.015000 1.079000  0.000030 0.000024 0.000065 0.000143 0.000072 0.000036 
4907264 bfs 1 921 26 1.015000 0.694000  0.000025 0.000022 0.000060 0.000116 0.000063 0.000033 
4907264 bfs 1 921 26 1.015000 1.462000  0.000030 0.000024 0.000064 0.000136 0.000069 0.000035 
4907328 bfs 1 921 26 1.015000 1.233000  0.000026 0.000023 0.000062 0.000133 0.000068 0.000035 
4907328 bfs 1 921 26 1.015000 0.693000  0.000024 0.000020 0.000057 0.000138 0.000063 0.000036 
4907392 bfs 1 921 26 1.015000 1.080000  0.000057 0.000366 0.000231 0.000770 0.000000 0.000039 
4907392 bfs 1 921 26 1.015000 0.693000  0.000024 0.000022 0.000063 0.000131 0.000066 0.000034 
4907392 bfs 1 921 26 1.015000 1.157000  0.000023 0.000021 0.000059 0.000113 0.000062 0.000033 
4907456 bfs 1 921 26 1.015000 1.312000  0.006531 0.002006 0.004403 0.006630 0.002231 0.000965 
4907456 bfs 1 921 25 1.015000 0.770000  0.000022 0.000020 0.000056 0.000108 0.000058 0.000031 
4907456 bfs 1 921 25 1.015000 1.156000  0.000026 0.000022 0.000062 0.000135 0.000068 0.000048 
4907520 bfs 1 921 26 1.015000 0.847000  0.000023 0.000020 0.000056 0.000107 0.000057 0.000031 
4907520 bfs 1 921 26 1.015000 1.233000  0.000023 0.000021 0.000058 0.000113 0.000062 0.000032 
4907584 bfs 1 921 26 1.015000 0.694000  0.000028 0.000022 0.000059 0.000120 0.000064 0.000033 
4907584 bfs 1 921 26 1.015000 0.693000  0.000023 0.000021 0.000082 0.000230 0.000087 0.000041 
4907584 bfs 1 921 26 1.015000 1.311000  0.000024 0.000021 0.000058 0.000112 0.000061 0.000032 
4907648 bfs 1 921 26 1.015000 0.693000  0.000023 0.000020 0.000056 0.000106 0.000058 0.000031 
4907648 bfs 1 921 26 1.015000 1.157000  0.000023 0.000021 0.000058 0.000143 0.000069 0.000035 
4907648 bfs 1 921 26 1.015000 0.693000  0.000022 0.000020 0.000057 0.000124 0.000065 0.000034 
4907712 bfs 1 921 26 1.015000 1.154000  0.000028 0.000023 0.000062 0.000135 0.000069 0.000035 
4907712 bfs 1 921 26 1.015000 0.848000  0.000024 0.000021 0.000057 0.000178 0.000076 0.000038 
4907712 bfs 1 921 25 1.015000 0.848000  0.000022 0.000020 0.000055 0.000106 0.000056 0.000030 
4907776 bfs 1 921 26 1.015000 1.003000  0.000025 0.000021 0.000059 0.000129 0.000066 0.000034 
4907840 bfs 1 921 26 1.015000 0.771000  0.000028 0.000021 0.000059 0.000129 0.000066 0.000033 
4907840 bfs 1 921 26 1.015000 1.002000  0.000029 0.000041 0.000095 0.000245 0.000089 0.000044 
4907840 bfs 1 921 26 1.015000 0.385000  0.000026 0.000021 0.000059 0.000127 0.000063 0.000033 
4907904 bfs 1 921 26 1.015000 0.924000  0.000030 0.000022 0.000060 0.000136 0.000066 0.000034 
4907904 bfs 1 921 26 1.015000 0.925000  0.000022 0.000020 0.000071 0.000177 0.000078 0.000037 
4907968 bfs 1 921 26 1.015000 1.465000  0.000027 0.000021 0.000073 0.000177 0.000077 0.000038 
4907968 bfs 1 921 26 1.015000 0.770000  0.000021 0.000019 0.000054 0.000103 0.000055 0.000030 
4907968 bfs 1 921 26 1.015000 1.078000  0.000027 0.000024 0.000063 0.000141 0.000068 0.000034 
4908032 bfs 1 921 26 1.015000 0.772000  0.000023 0.000020 0.000056 0.000106 0.000058 0.000036 
4908032 bfs 1 921 26 1.015000 0.771000  0.000022 0.000030 0.000072 0.000175 0.000083 0.000046 
4908032 bfs 1 921 26 1.015000 1.155000  0.000024 0.000021 0.000057 0.000122 0.000063 0.000032 
4908096 bfs 1 921 26 1.015000 0.693000  0.000021 0.000019 0.000053 0.000101 0.000054 0.000029 
4908096 bfs 1 921 26 1.015000 1.078000  0.000055 0.000035 0.000093 0.000268 0.000101 0.000046 
4908160 bfs 1 921 26 1.015000 0.772000  0.000029 0.000022 0.000059 0.000130 0.000065 0.000033 
4908160 bfs 1 921 26 1.015000 0.770000  0.000027 0.000021 0.000058 0.000124 0.000065 0.000033 
4908160 bfs 1 921 26 1.015000 1.157000  0.000028 0.000021 0.000058 0.000130 0.000064 0.000032 
4908224 bfs 1 921 26 1.015000 0.772000  0.000046 0.000021 0.000082 0.000268 0.000093 0.000045 
4908224 bfs 1 921 26 1.015000 1.155000  0.000022 0.000020 0.000064 0.000142 0.000067 0.000034 
4908224 bfs 1 921 26 1.015000 1.311000  0.000029 0.000022 0.000058 0.000128 0.000064 0.000033 
4908288 bfs 1 921 26 1.015000 0.771000  0.000025 0.000021 0.000058 0.000121 0.000063 0.000032 
4908288 bfs 1 921 26 1.015000 1.232000  0.000025 0.000033 0.000080 0.000169 0.000093 0.000045 
4908352 bfs 1 921 26 1.015000 0.770000  0.000021 0.000019 0.000074 0.001603 0.000388 0.000165 
4908352 bfs 1 921 26 1.015000 0.770000  0.000022 0.000020 0.000070 0.000143 0.000071 0.000040 
4908352 bfs 1 921 26 1.015000 1.078000  0.000021 0.000020 0.000054 0.000104 0.000058 0.000030 
4908416 bfs 1 921 26 1.015000 0.694000  0.000022 0.000039 0.000091 0.000222 0.000087 0.000043 
4908416 bfs 1 921 26 1.015000 1.233000  0.000028 0.000021 0.000057 0.000120 0.000062 0.000032 
4908480 bfs 1 921 26 1.015000 1.310000  0.013004 0.003692 0.007975 0.013115 0.004233 0.001831 
4908480 bfs 1 921 26 1.015000 0.770000  0.000026 0.000021 0.000055 0.000110 0.000056 0.000030 
4908480 bfs 1 921 26 1.015000 1.156000  0.000023 0.000020 0.000054 0.000105 0.000057 0.000030 
4908544 bfs 1 921 26 1.015000 0.849000  0.000021 0.000019 0.000052 0.000100 0.000054 0.000029 
4908544 bfs 1 921 26 1.015000 1.078000  0.000025 0.000021 0.000058 0.000122 0.000063 0.000032 
4908544 bfs 1 921 26 1.015000 1.311000  0.000024 0.000019 0.000053 0.000119 0.000059 0.000032 
4908608 bfs 1 921 26 1.015000 1.002000  0.000025 0.000020 0.000056 0.000118 0.000061 0.000031 
4908608 bfs 1 921 26 1.015000 1.234000  0.066385 0.257659 0.078023 0.257968 0.000012 0.004940 
4908672 bfs 1 921 26 1.015000 0.694000  0.022261 0.005968 0.012700 0.022357 0.006925 0.002979 
4908672 bfs 1 921 26 1.015000 0.617000  0.000025 0.000020 0.000056 0.000118 0.000062 0.000031 
4908672 bfs 1 921 26 1.015000 0.231000  0.000022 0.000019 0.000054 0.000103 0.000056 0.000030 
4908736 bfs 1 921 26 1.015000 0.771000  0.000024 0.000020 0.000054 0.000108 0.000059 0.000031 
4908736 bfs 1 921 26 1.015000 0.925000  0.000023 0.000020 0.000055 0.000114 0.000061 0.000031 
4908736 bfs 1 921 25 1.015000 0.385000  0.000020 0.000018 0.000051 0.000099 0.000058 0.000030 
4908800 bfs 1 921 25 1.015000 0.694000  0.000025 0.000021 0.000058 0.000121 0.000064 0.000032 
4908800 bfs 1 921 25 1.015000 0.308000  0.000022 0.000019 0.000053 0.000103 0.000058 0.000030 
4908800 bfs 1 921 25 1.015000 0.231000  0.000026 0.000021 0.000057 0.000118 0.000061 0.000031 
4908864 bfs 1 921 25 1.015000 0.231000  0.069648 0.278364 0.082796 0.278624 0.000013 0.005198 
4908864 bfs 1 921 25 1.015000 0.539000  0.000021 0.000019 0.000053 0.000103 0.000056 0.000030 
4908864 bfs 1 921 25 1.015000 0.771000  0.000022 0.000019 0.000053 0.000103 0.000056 0.000030 
4908928 bfs 1 921 25 1.015000 0.231000  0.128266 -0.397736 -0.431350 0.128324 -0.383085 0.382831 
4908928 bfs 1 921 25 1.015000 0.616000  0.000025 0.000021 0.000056 0.000115 0.000062 0.000031 
4908992 bfs 1 921 26 1.015000 0.849000  0.000026 0.000020 0.000055 0.000120 0.000063 0.000031 
4908992 bfs 1 921 26 1.015000 0.772000  0.000020 0.000019 0.000053 0.000100 0.000056 0.000030 
4908992 bfs 1 921 25 1.015000 0.616000  0.000021 0.000022 0.000058 0.000123 0.000065 0.000033 
4909056 bfs 1 921 25 1.015000 0.231000  0.000020 0.000018 0.000050 0.000103 0.000053 0.000028 
4909056 bfs 1 921 25 1.015000 0.616000  0.000022 0.000019 0.000052 0.000102 0.000056 0.000029 
4909056 bfs 1 921 25 1.015000 0.231000  0.000021 0.000019 0.000052 0.000100 0.000055 0.000029 
4909120 bfs 1 921 25 1.015000 0.231000  0.000026 0.000020 0.000056 0.000118 0.000061 0.000032 
4909120 bfs 1 921 25 1.015000 1.079000  0.000023 0.000019 0.000052 0.000104 0.000056 0.000029 
