#Timestamp	Benchmark	Run(#)	CPU Frequency (MHz)	CPU Temperature(C)	CPU Voltage(V)	CPU Power(W)	CPU_CYCLES	L1_DATA_CACHE_ACCESS	INSTRUCTIONS_RETIRED	BUS_CYCLES	L1I_CACHE_ACCESS	PREDICTABLE_BRANCH_SPECULATIVELY_EXECUTED
5970880 srad_v1 1 1326 27 1.111000 0.617000  0.000017 0.000015 0.000041 0.000085 0.000046 0.000023 
5970880 srad_v1 1 1326 27 1.111000 0.616000  0.000019 0.000015 0.000042 0.000087 0.000046 0.000024 
5970944 srad_v1 1 1326 27 1.111000 1.234000  0.000018 0.000015 0.000041 0.000084 0.000043 0.000022 
5970944 srad_v1 1 1326 27 1.111000 1.309000  0.000020 0.000015 0.000041 0.000092 0.000047 0.000024 
5971008 srad_v1 1 1326 27 1.111000 1.848000  0.000017 0.000014 0.000041 0.000089 0.000045 0.000023 
5971008 srad_v1 1 1326 28 1.111000 1.232000  0.000015 0.000013 0.000038 0.000074 0.000038 0.000021 
5971008 srad_v1 1 1326 28 1.111000 1.620000  0.000004 0.000004 0.000010 0.000021 0.000013 0.000006 
5971072 srad_v1 1 1326 27 1.111000 0.925000  0.000017 0.000014 0.000038 0.000088 0.000040 0.000021 
5971072 srad_v1 1 1326 27 1.111000 1.543000  0.000016 0.000014 0.000039 0.000077 0.000050 0.000025 
5971072 srad_v1 1 1326 28 1.111000 1.000000  0.000016 0.000014 0.000040 0.000085 0.000042 0.000022 
5971136 srad_v1 1 1326 28 1.111000 1.308000  0.000017 0.000014 0.000039 0.000079 0.000042 0.000022 
5971136 srad_v1 1 1326 28 1.111000 1.538000  0.000017 0.000015 0.000040 0.000092 0.000043 0.000022 
5971136 srad_v1 1 1326 28 1.111000 0.692000  0.000092 0.000021 0.000051 0.000155 0.000052 0.000025 
5971200 srad_v1 1 1326 29 1.111000 1.539000  0.000026 0.000015 0.000042 0.000097 0.000043 0.000022 
5971200 srad_v1 1 1326 29 1.111000 0.846000  0.000048 0.000015 0.000040 0.000105 0.000041 0.000021 
5971200 srad_v1 1 1326 29 1.111000 1.077000  0.000018 0.000015 0.000039 0.000091 0.000043 0.000022 
5971264 srad_v1 1 1326 29 1.111000 1.234000  0.000015 0.000014 0.000038 0.000082 0.000039 0.000021 
5971264 srad_v1 1 1326 29 1.111000 1.695000  0.000015 0.000014 0.000038 0.000074 0.000041 0.000022 
5971264 srad_v1 1 1326 28 1.111000 1.232000  0.000016 0.000014 0.000038 0.000074 0.000040 0.000021 
5971328 srad_v1 1 1326 28 1.111000 1.232000  0.000016 0.000014 0.000038 0.000076 0.000041 0.000025 
