#Timestamp	Benchmark	Run(#)	CPU Frequency (MHz)	CPU Temperature(C)	CPU Voltage(V)	CPU Power(W)	CPU_CYCLES	L1_DATA_CACHE_ACCESS	INSTRUCTIONS_RETIRED	BUS_CYCLES	L1I_CACHE_ACCESS	PREDICTABLE_BRANCH_SPECULATIVELY_EXECUTED
2020608 lavaMD 1 204 24 0.842000 0.462000  0.000109 0.000062 0.000149 0.000368 0.000176 0.000091 
2020608 lavaMD 1 204 24 0.842000 0.539000  0.000044 0.000040 0.000110 0.000210 0.000115 0.000061 
2020672 lavaMD 1 204 24 0.842000 0.462000  0.000061 0.000048 0.000135 0.000282 0.000150 0.000075 
2020672 lavaMD 1 204 24 0.842000 0.385000  0.000043 0.000039 0.000110 0.000210 0.000115 0.000061 
2020736 lavaMD 1 204 24 0.842000 0.462000  0.000051 0.000061 0.000148 0.000351 0.000170 0.000093 
2020736 lavaMD 1 204 24 0.842000 0.308000  0.000043 0.000039 0.000109 0.000209 0.000114 0.000061 
2020800 lavaMD 1 204 24 0.842000 0.385000  0.000059 0.000042 0.000114 0.000224 0.000117 0.000062 
2020800 lavaMD 1 204 24 0.842000 0.462000  0.000045 0.055233 0.020221 0.055298 0.000008 0.001314 
2020864 lavaMD 1 204 24 0.842000 0.385000  0.000048 0.000041 0.000115 0.000330 0.000147 0.000073 
2020864 lavaMD 1 204 24 0.842000 0.308000  0.046546 0.012280 0.029387 0.046848 0.014678 0.006818 
2020928 lavaMD 1 204 24 0.842000 0.462000  0.000044 0.000039 0.000108 0.000209 0.000117 0.000062 
2020928 lavaMD 1 204 24 0.842000 0.385000  0.000076 0.000042 0.000114 0.000247 0.000125 0.000063 
2020992 lavaMD 1 204 24 0.842000 0.385000  0.000008 0.000044 0.000032 0.000103 0.000000 0.000005 
2020992 lavaMD 1 204 24 0.842000 0.462000  0.052839 0.013689 0.032082 0.053004 0.016528 0.007524 
2021056 lavaMD 1 204 24 0.842000 0.385000  0.000053 0.000042 0.000118 0.000259 0.000130 0.000067 
2021056 lavaMD 1 204 24 0.842000 0.385000  0.000042 0.000038 0.000107 0.000206 0.000110 0.000059 
2021120 lavaMD 1 204 25 0.842000 0.385000  0.000063 0.000049 0.000136 0.000305 0.000147 0.000076 
2021120 lavaMD 1 204 24 0.842000 0.462000  0.000056 0.019150 0.044193 0.071304 0.022728 0.010351 
2021184 lavaMD 1 204 24 0.842000 0.462000  0.000062 0.000050 0.000139 0.000324 0.000152 0.000076 
2021184 lavaMD 1 204 24 0.842000 0.385000  0.000062 0.000038 0.000102 0.000222 0.000110 0.000056 
2021248 lavaMD 1 204 24 0.842000 0.385000  0.000045 0.000053 0.010566 0.027929 0.000009 0.000742 
2021248 lavaMD 1 204 24 0.842000 0.385000  0.000041 0.000038 0.000106 0.000203 0.000138 0.000069 
2021312 lavaMD 1 204 24 0.842000 0.308000  0.000040 0.000038 0.000106 0.000199 0.000109 0.000059 
2021312 lavaMD 1 204 24 0.842000 0.308000  0.000070 0.000045 0.000121 0.000265 0.000134 0.000068 
2021376 lavaMD 1 204 25 0.842000 0.462000  0.000041 0.000038 0.000105 0.000201 0.000108 0.000058 
2021376 lavaMD 1 204 25 0.842000 0.385000  0.000041 0.000040 0.000112 0.000221 0.000114 0.000060 
2021440 lavaMD 1 204 25 0.842000 0.231000  0.000040 0.000038 0.000105 0.000197 0.000108 0.000058 
2021440 lavaMD 1 204 24 0.842000 0.231000  0.000041 0.000093 0.000214 0.000448 0.000191 0.000120 
2021504 lavaMD 1 204 25 0.842000 0.308000  0.000049 0.000043 0.000115 0.000224 0.000118 0.000061 
2021504 lavaMD 1 204 25 0.842000 0.385000  0.000042 0.000038 0.000105 0.000201 0.000108 0.000058 
2021568 lavaMD 1 204 25 0.842000 0.308000  0.000041 0.000038 0.000105 0.000199 0.000108 0.000060 
2021568 lavaMD 1 204 25 0.842000 0.308000  0.000040 0.000038 0.000104 0.000197 0.000108 0.000058 
2021632 lavaMD 1 204 25 0.842000 0.308000  0.000041 0.000037 0.000107 0.000212 0.000113 0.000060 
2021632 lavaMD 1 204 25 0.842000 0.308000  0.000094 0.000060 0.000261 0.000897 0.000382 0.000162 
2021696 lavaMD 1 204 25 0.842000 0.308000  0.000040 0.000037 0.000104 0.000198 0.000107 0.000058 
2021696 lavaMD 1 204 25 0.842000 0.308000  0.000042 0.000037 0.000104 0.000213 0.000111 0.000058 
2021760 lavaMD 1 204 25 0.842000 0.308000  0.000040 0.000037 0.000112 0.000237 0.000114 0.000059 
2021760 lavaMD 1 204 25 0.842000 0.385000  0.000041 0.000037 0.000103 0.000201 0.000107 0.000058 
2021760 lavaMD 1 204 25 0.842000 0.385000  0.000040 0.000037 0.000103 0.000299 0.000140 0.000069 
2021824 lavaMD 1 204 25 0.842000 0.308000  0.000053 0.000043 0.000117 0.000237 0.000126 0.000065 
2021824 lavaMD 1 204 25 0.842000 0.385000  0.000041 0.000037 0.000103 0.000198 0.000106 0.000057 
2021888 lavaMD 1 204 25 0.842000 0.308000  0.000039 0.000037 0.000103 0.000194 0.000106 0.000085 
2021888 lavaMD 1 204 25 0.842000 0.308000  0.043663 0.014423 0.029066 0.043700 0.016341 0.007000 
2021952 lavaMD 1 204 25 0.842000 0.308000  0.000041 0.000037 0.000103 0.000196 0.000108 0.000057 
2021952 lavaMD 1 204 25 0.842000 0.308000  0.000044 0.000041 0.000114 0.000237 0.000127 0.000064 
2022016 lavaMD 1 204 25 0.842000 0.385000  0.000041 0.000037 0.000102 0.000197 0.000107 0.000057 
2022016 lavaMD 1 204 25 0.842000 0.385000  0.000050 0.000039 0.000106 0.000206 0.000109 0.000059 
2022080 lavaMD 1 204 25 0.842000 0.308000  0.000043 0.000039 0.000107 0.000207 0.000112 0.000060 
2022080 lavaMD 1 204 25 0.842000 0.385000  0.000040 0.000037 0.000102 0.000194 0.000107 0.000057 
2022144 lavaMD 1 204 25 0.842000 0.308000  0.000043 0.000039 0.000137 0.000276 0.000029 0.003009 
2022144 lavaMD 1 204 25 0.842000 0.385000  0.000007 0.000042 0.000028 0.000087 0.000000 0.000005 
2022208 lavaMD 1 204 25 0.842000 0.385000  0.000007 0.000041 0.000027 0.000108 0.000000 0.000005 
2022208 lavaMD 1 204 25 0.842000 0.385000  0.000010 0.000010 0.000027 0.000052 0.000035 0.000017 
2022208 lavaMD 1 204 25 0.842000 0.231000  0.000256 0.000842 0.000313 0.000854 0.000000 0.000022 
2022272 lavaMD 1 204 25 0.842000 0.385000  0.000064 0.000045 0.000117 0.000247 0.000154 0.000071 
2022272 lavaMD 1 204 25 0.842000 0.385000  0.000040 0.000036 0.000101 0.000241 0.000117 0.000060 
2022336 lavaMD 1 204 25 0.842000 0.385000  0.000080 0.000040 0.000109 0.000323 0.000134 0.000064 
2022336 lavaMD 1 204 25 0.842000 0.308000  0.000055 0.000040 0.000106 0.000205 0.000109 0.000057 
2022400 lavaMD 1 204 25 0.842000 0.231000  0.001607 0.003794 0.001690 0.003852 0.000000 0.000127 
2022400 lavaMD 1 204 25 0.842000 0.308000  0.000007 0.000041 0.000027 0.000085 0.000000 0.000005 
2022464 lavaMD 1 204 25 0.842000 0.385000  0.000010 0.000073 0.000045 0.000166 0.000000 0.000008 
2022464 lavaMD 1 204 25 0.842000 0.385000  0.000048 0.000040 0.000109 0.000280 0.000137 0.000067 
2022528 lavaMD 1 204 25 0.842000 0.385000  0.000040 0.000036 0.000100 0.000196 0.000104 0.000056 
