#Timestamp	Benchmark	Run(#)	CPU Frequency (MHz)	CPU Temperature(C)	CPU Voltage(V)	CPU Power(W)	CPU_CYCLES	L1_DATA_CACHE_ACCESS	INSTRUCTIONS_RETIRED	BUS_CYCLES	L1I_CACHE_ACCESS	PREDICTABLE_BRANCH_SPECULATIVELY_EXECUTED
5717056 heartwall 1 1224 28 1.072000 1.847000  0.000006 0.000005 0.000013 0.000028 0.000016 0.000008 
5717056 heartwall 1 1224 28 1.072000 1.156000  0.000005 0.000005 0.000013 0.000026 0.000016 0.000008 
5717120 heartwall 1 1224 28 1.072000 1.078000  0.000005 0.000005 0.000013 0.000027 0.000016 0.000008 
5717120 heartwall 1 1224 28 1.072000 1.002000  0.000027 0.000019 0.000052 0.000112 0.000055 0.000028 
5717120 heartwall 1 1224 28 1.072000 1.002000  0.000026 0.000018 0.000050 0.000113 0.000052 0.000027 
5717184 heartwall 1 1224 28 1.072000 1.079000  0.000024 0.000019 0.000052 0.000233 0.000089 0.000043 
5717184 heartwall 1 1224 28 1.072000 1.848000  0.000024 0.000018 0.000049 0.000118 0.000054 0.000028 
5717184 heartwall 1 1224 28 1.072000 1.616000  0.000025 0.000019 0.000052 0.000117 0.000057 0.000029 
5717248 heartwall 1 1224 28 1.072000 1.385000  0.000023 0.000017 0.000047 0.000103 0.000049 0.000026 
5717248 heartwall 1 1224 29 1.072000 1.000000  0.000019 0.000017 0.000047 0.000094 0.000049 0.000026 
5717248 heartwall 1 1224 29 1.072000 0.922000  0.000020 0.000018 0.000049 0.000098 0.000053 0.000028 
5717312 heartwall 1 1224 30 1.072000 0.538000  0.000022 0.000017 0.000047 0.000097 0.000050 0.000026 
5717312 heartwall 1 1224 30 1.072000 0.461000  0.000018 0.000017 0.000047 0.000090 0.000048 0.000026 
5717312 heartwall 1 1224 29 1.072000 0.999000  0.000023 0.000017 0.000047 0.000102 0.000049 0.000026 
5717376 heartwall 1 1224 29 1.072000 1.153000  0.000074 0.000026 0.000063 0.000182 0.000074 0.000036 
5717376 heartwall 1 1224 30 1.072000 0.461000  0.000019 0.000017 0.000047 0.000091 0.000049 0.000026 
5717440 heartwall 1 1224 30 1.072000 0.538000  0.000020 0.000017 0.000047 0.000096 0.000050 0.000026 
5717440 heartwall 1 1224 30 1.072000 0.461000  0.000019 0.000017 0.000047 0.000090 0.000049 0.000026 
5717440 heartwall 1 1224 30 1.072000 1.461000  0.000029 0.000018 0.000049 0.000122 0.000052 0.000027 
5717504 heartwall 1 1224 30 1.072000 1.230000  0.000021 0.000017 0.000047 0.000097 0.000048 0.000026 
5717504 heartwall 1 1224 30 1.072000 0.538000  0.000018 0.000017 0.000047 0.000088 0.000048 0.000026 
5717504 heartwall 1 1224 30 1.072000 0.538000  0.000019 0.000017 0.000047 0.000090 0.000048 0.000026 
5717568 heartwall 1 1224 30 1.072000 0.461000  0.000019 0.000017 0.000047 0.000090 0.000048 0.000026 
5717568 heartwall 1 1224 30 1.072000 1.541000  0.000023 0.000018 0.000048 0.000118 0.000054 0.000028 
5717568 heartwall 1 1224 30 1.072000 1.153000  0.000020 0.000017 0.000047 0.000094 0.000049 0.000026 
5717632 heartwall 1 1224 31 1.072000 0.461000  0.000018 0.000017 0.000046 0.000087 0.000048 0.000026 
5717632 heartwall 1 1224 31 1.072000 0.461000  0.000018 0.000017 0.000046 0.000088 0.000050 0.000026 
5717632 heartwall 1 1224 30 1.072000 0.461000  0.000018 0.000017 0.000046 0.000089 0.000048 0.000026 
5717696 heartwall 1 1224 30 1.072000 1.540000  0.000022 0.000026 0.000062 0.000158 0.000074 0.000036 
5717696 heartwall 1 1224 31 1.072000 1.384000  0.000019 0.000017 0.000046 0.000090 0.000048 0.000026 
5717760 heartwall 1 1224 31 1.072000 0.461000  0.000018 0.000017 0.000046 0.000088 0.000048 0.000026 
5717760 heartwall 1 1224 31 1.072000 0.539000  0.000018 0.000017 0.000046 0.000103 0.000052 0.000027 
5717760 heartwall 1 1224 31 1.072000 0.692000  0.017473 0.073985 0.022010 0.074078 0.000005 0.001241 
5717824 heartwall 1 1224 31 1.072000 1.153000  0.000026 0.000018 0.000049 0.000112 0.000056 0.000029 
5717824 heartwall 1 1224 31 1.072000 1.384000  0.000019 0.000017 0.000046 0.000090 0.000048 0.000026 
5717824 heartwall 1 1224 31 1.072000 0.539000  0.000018 0.000016 0.000046 0.000088 0.000048 0.000025 
5717888 heartwall 1 1224 31 1.072000 0.461000  0.000018 0.000016 0.000046 0.000088 0.000047 0.000026 
5717888 heartwall 1 1224 31 1.072000 0.461000  0.000025 0.000019 0.000050 0.000125 0.000060 0.000029 
5717888 heartwall 1 1224 31 1.072000 1.077000  0.000024 0.000018 0.000050 0.000111 0.000055 0.000028 
5717952 heartwall 1 1224 31 1.072000 0.616000  0.000018 0.000016 0.000046 0.000088 0.000048 0.000025 
5717952 heartwall 1 1224 31 1.072000 0.539000  0.000018 0.000017 0.000046 0.000088 0.000047 0.000025 
5718016 heartwall 1 1224 31 1.072000 0.692000  0.000018 0.000017 0.000046 0.000089 0.000048 0.000026 
5718016 heartwall 1 1224 31 1.072000 0.462000  0.000024 0.000018 0.000050 0.000110 0.000055 0.000028 
5718016 heartwall 1 1224 31 1.072000 1.001000  0.022696 0.088122 0.027207 0.088170 0.000005 0.001574 
5718080 heartwall 1 1224 31 1.072000 0.539000  0.000018 0.000017 0.000046 0.000089 0.000048 0.000026 
5718080 heartwall 1 1224 31 1.072000 0.538000  0.000017 0.000016 0.000046 0.000085 0.000047 0.000025 
5718080 heartwall 1 1224 31 1.072000 0.692000  0.000021 0.000016 0.000046 0.000093 0.000047 0.000025 
5718144 heartwall 1 1224 31 1.072000 0.693000  0.000139 0.000101 0.000279 0.000629 0.000258 0.000118 
5718144 heartwall 1 1224 31 1.072000 0.924000  0.000022 0.000016 0.000045 0.000095 0.000048 0.000025 
5718144 heartwall 1 1224 31 1.072000 0.461000  0.000018 0.000016 0.000045 0.000092 0.000047 0.000025 
5718208 heartwall 1 1224 31 1.072000 0.538000  0.000019 0.000016 0.000045 0.000087 0.000047 0.000025 
5718208 heartwall 1 1224 31 1.072000 0.615000  0.000018 0.000017 0.000049 0.000117 0.000051 0.000026 
5718272 heartwall 1 1224 31 1.072000 0.846000  0.000023 0.000017 0.000047 0.000102 0.000050 0.000026 
5718272 heartwall 1 1224 31 1.072000 1.845000  0.000021 0.000016 0.000045 0.000094 0.000047 0.000025 
5718272 heartwall 1 1224 31 1.072000 0.692000  0.000020 0.000016 0.000045 0.000089 0.000047 0.000025 
5718336 heartwall 1 1224 31 1.072000 0.538000  0.000017 0.000016 0.000045 0.000085 0.000047 0.000025 
5718336 heartwall 1 1224 31 1.072000 0.461000  0.000019 0.000016 0.000045 0.000088 0.000047 0.000025 
5718336 heartwall 1 1224 31 1.072000 0.999000  0.000023 0.000017 0.000047 0.000102 0.000050 0.000026 
5718400 heartwall 1 1224 31 1.072000 1.076000  0.000020 0.000016 0.000045 0.000093 0.000047 0.000025 
5718400 heartwall 1 1224 31 1.072000 0.461000  0.000019 0.000016 0.000045 0.000087 0.000047 0.000025 
5718400 heartwall 1 1224 31 1.072000 0.461000  0.000017 0.000016 0.000045 0.000084 0.000046 0.000025 
5718464 heartwall 1 1224 31 1.072000 0.538000  0.000018 0.000016 0.000047 0.000101 0.000053 0.000028 
5718464 heartwall 1 1224 31 1.072000 1.078000  0.000035 0.000018 0.000048 0.000125 0.000055 0.000028 
5718464 heartwall 1 1224 31 1.072000 1.076000  0.000019 0.000016 0.000045 0.000092 0.000046 0.000025 
5718528 heartwall 1 1224 31 1.072000 0.461000  0.000017 0.000016 0.000045 0.000084 0.000046 0.000025 
5718528 heartwall 1 1224 31 1.072000 0.923000  0.000017 0.000016 0.000047 0.000114 0.000049 0.000026 
5718528 heartwall 1 1224 31 1.072000 0.461000  0.000023 0.000018 0.000050 0.000107 0.000054 0.000029 
5718592 heartwall 1 1224 31 1.072000 0.693000  0.000021 0.000025 0.000060 0.000146 0.000071 0.000034 
5718592 heartwall 1 1224 31 1.072000 1.691000  0.000021 0.000016 0.000044 0.000093 0.000047 0.000025 
5718656 heartwall 1 1224 31 1.072000 0.461000  0.000017 0.000016 0.000044 0.000085 0.000046 0.000025 
5718656 heartwall 1 1224 31 1.072000 0.461000  0.000017 0.000016 0.000044 0.000084 0.000046 0.000025 
5718656 heartwall 1 1224 31 1.072000 0.461000  0.000019 0.000017 0.000046 0.000089 0.000049 0.000026 
5718720 heartwall 1 1224 31 1.072000 1.078000  0.000021 0.000017 0.000046 0.000098 0.000049 0.000026 
5718720 heartwall 1 1224 31 1.072000 1.922000  0.000019 0.000016 0.000044 0.000089 0.000046 0.000025 
5718720 heartwall 1 1224 31 1.072000 0.461000  0.000017 0.000016 0.000044 0.000087 0.000045 0.000025 
5718784 heartwall 1 1224 31 1.072000 0.538000  0.000018 0.000016 0.000044 0.000085 0.000046 0.000024 
5718784 heartwall 1 1224 31 1.072000 0.461000  0.000020 0.000017 0.000046 0.000093 0.000050 0.000026 
5718784 heartwall 1 1224 31 1.072000 1.076000  0.000049 0.000020 0.000051 0.000137 0.000056 0.000028 
5718848 heartwall 1 1224 31 1.072000 1.691000  0.000017 0.000016 0.000044 0.000084 0.000046 0.000024 
5718848 heartwall 1 1224 31 1.072000 0.461000  0.000017 0.000016 0.000044 0.000083 0.000045 0.000024 
5718848 heartwall 1 1224 31 1.072000 0.461000  0.000017 0.000016 0.000044 0.000085 0.000045 0.000024 
5718912 heartwall 1 1224 31 1.072000 0.462000  0.000019 0.000017 0.000046 0.000091 0.000049 0.000026 
5718912 heartwall 1 1224 31 1.072000 1.076000  0.000022 0.000025 0.000059 0.000158 0.000060 0.000034 
5718912 heartwall 1 1224 31 1.072000 1.538000  0.000017 0.000016 0.000044 0.000085 0.000046 0.000024 
5718976 heartwall 1 1224 31 1.072000 0.615000  0.000018 0.000016 0.000044 0.000085 0.000046 0.000024 
5718976 heartwall 1 1224 31 1.072000 0.461000  0.000027 0.000018 0.000047 0.000093 0.000048 0.000025 
5719040 heartwall 1 1224 31 1.072000 0.538000  0.000020 0.000017 0.000046 0.000091 0.000050 0.000026 
5719040 heartwall 1 1224 31 1.072000 1.076000  0.000019 0.000017 0.000045 0.000091 0.000049 0.000026 
5719040 heartwall 1 1224 31 1.072000 1.384000  0.000017 0.000016 0.000043 0.000083 0.000045 0.000024 
5719104 heartwall 1 1224 31 1.072000 0.538000  0.000018 0.000016 0.000043 0.000084 0.000045 0.000024 
5719104 heartwall 1 1224 31 1.072000 0.538000  0.000017 0.000016 0.000043 0.000082 0.000045 0.000024 
5719104 heartwall 1 1224 31 1.072000 0.461000  0.000019 0.000019 0.000051 0.000336 0.000094 0.000045 
5719168 heartwall 1 1224 31 1.072000 1.076000  0.000024 0.000018 0.000049 0.000112 0.000054 0.000027 
5719168 heartwall 1 1224 31 1.072000 0.461000  0.000017 0.000016 0.000043 0.000083 0.000045 0.000024 
5719168 heartwall 1 1224 31 1.072000 0.692000  0.000017 0.000026 0.000061 0.000167 0.000063 0.000029 
5719232 heartwall 1 1224 31 1.072000 0.462000  0.000017 0.000015 0.000043 0.000082 0.000044 0.000024 
5719232 heartwall 1 1224 31 1.072000 0.461000  0.000022 0.000017 0.000047 0.000109 0.000054 0.000027 
5719232 heartwall 1 1224 31 1.072000 0.461000  0.000017 0.000016 0.000043 0.000083 0.000045 0.000024 
5719296 heartwall 1 1224 31 1.072000 0.539000  0.000017 0.000016 0.000043 0.000083 0.000045 0.000024 
5719296 heartwall 1 1224 31 1.072000 0.538000  0.000017 0.000015 0.000043 0.000082 0.000045 0.000024 
5719296 heartwall 1 1224 31 1.072000 0.462000  0.000016 0.000015 0.000043 0.000081 0.000044 0.000024 
5719360 heartwall 1 1224 31 1.072000 0.539000  0.000022 0.000017 0.000048 0.000108 0.000054 0.000027 
5719360 heartwall 1 1224 31 1.072000 1.002000  0.000019 0.000015 0.000043 0.000087 0.000045 0.000024 
