#Timestamp	Benchmark	Run(#)	CPU Frequency (MHz)	CPU Temperature(C)	CPU Voltage(V)	CPU Power(W)	CPU_CYCLES	L1_DATA_CACHE_ACCESS	INSTRUCTIONS_RETIRED	BUS_CYCLES	L1I_CACHE_ACCESS	PREDICTABLE_BRANCH_SPECULATIVELY_EXECUTED
4267712 srad_v1 1 614 25 0.919000 0.616000  0.000033 0.000026 0.000075 0.000153 0.000082 0.000042 
4267712 srad_v1 1 614 25 0.919000 0.539000  0.000035 0.000027 0.000074 0.000157 0.000082 0.000042 
4267712 srad_v1 1 614 25 0.919000 0.308000  0.000032 0.000027 0.000073 0.000150 0.000082 0.000043 
4267776 srad_v1 1 614 25 0.919000 0.462000  0.000031 0.000026 0.000071 0.000146 0.000076 0.000039 
4267776 srad_v1 1 614 25 0.919000 0.540000  0.000025 0.000024 0.000066 0.000127 0.000068 0.000037 
4267840 srad_v1 1 614 25 0.919000 0.462000  0.000032 0.000026 0.000072 0.000148 0.000080 0.000041 
4267840 srad_v1 1 614 25 0.919000 0.231000  0.000026 0.000024 0.000066 0.000129 0.000067 0.000037 
4267840 srad_v1 1 614 25 0.919000 0.463000  0.000027 0.000025 0.000069 0.000130 0.000072 0.000039 
4267904 srad_v1 1 614 25 0.919000 0.231000  0.000030 0.000025 0.000070 0.000139 0.000072 0.000038 
4267904 srad_v1 1 614 25 0.919000 0.770000  0.000033 0.000026 0.000072 0.000150 0.000080 0.000041 
4267904 srad_v1 1 614 25 0.919000 0.231000  0.000026 0.000024 0.000066 0.000127 0.000068 0.000038 
4267968 srad_v1 1 614 25 0.919000 0.462000  0.000211 0.000149 0.000404 0.000884 0.000376 0.000172 
4267968 srad_v1 1 614 25 0.919000 0.540000  0.000033 0.000026 0.000072 0.000150 0.000079 0.000040 
4268032 srad_v1 1 614 25 0.919000 0.462000  0.000026 0.000023 0.000065 0.000126 0.000067 0.000036 
4268032 srad_v1 1 614 25 0.919000 0.847000  0.000032 0.000026 0.000072 0.000149 0.000079 0.000040 
4268032 srad_v1 1 614 25 0.919000 0.231000  0.000025 0.000023 0.000065 0.000125 0.000067 0.000036 
4268096 srad_v1 1 614 25 0.919000 0.231000  0.000087 0.000037 0.000088 0.000256 0.000115 0.000059 
4268096 srad_v1 1 614 25 0.919000 0.616000  0.000028 0.000025 0.000067 0.000133 0.000073 0.000038 
4268160 srad_v1 1 614 25 0.919000 0.308000  0.334551 0.093683 0.196800 0.334627 0.107337 0.045773 
4268160 srad_v1 1 614 25 0.919000 0.539000  0.000027 0.000025 0.000067 0.000132 0.000073 0.000038 
4268160 srad_v1 1 614 25 0.919000 0.231000  0.000026 0.000024 0.000067 0.000128 0.000071 0.000038 
4268224 srad_v1 1 614 25 0.919000 0.617000  0.000074 0.000031 0.000077 0.000181 0.000084 0.000041 
4268224 srad_v1 1 614 25 0.919000 0.231000  0.000029 0.000026 0.000071 0.000147 0.000078 0.000040 
4268288 srad_v1 1 614 25 0.919000 0.616000  0.000028 0.000025 0.000068 0.000145 0.000075 0.000039 
4268288 srad_v1 1 614 25 0.919000 0.231000  0.000025 0.000023 0.000064 0.000121 0.000066 0.000035 
4268288 srad_v1 1 614 25 0.919000 0.539000  0.000027 0.000024 0.000067 0.000129 0.000071 0.000037 
4268352 srad_v1 1 614 25 0.919000 0.231000  0.000025 0.000023 0.000064 0.000123 0.000066 0.000035 
4268352 srad_v1 1 614 25 0.919000 0.463000  0.000027 0.000024 0.000067 0.000170 0.000086 0.000043 
4268352 srad_v1 1 614 25 0.919000 0.231000  0.000027 0.000024 0.000066 0.000140 0.000073 0.000037 
4268416 srad_v1 1 614 25 0.919000 0.539000  0.000026 0.000024 0.000066 0.000127 0.000070 0.000037 
4268416 srad_v1 1 614 25 0.919000 0.231000  0.000027 0.000024 0.000066 0.000130 0.000072 0.000037 
4268480 srad_v1 1 614 25 0.919000 0.539000  0.000030 0.000025 0.000069 0.000143 0.000077 0.000040 
4268480 srad_v1 1 614 25 0.919000 0.539000  0.000026 0.000024 0.000066 0.000130 0.000071 0.000037 
4268480 srad_v1 1 614 25 0.919000 0.231000  0.000033 0.000025 0.000069 0.000148 0.000076 0.000040 
4268544 srad_v1 1 614 25 0.919000 0.539000  0.000033 0.000026 0.000071 0.000154 0.000079 0.000043 
4268544 srad_v1 1 614 25 0.919000 0.385000  0.000025 0.000023 0.000063 0.000122 0.000065 0.000035 
4268544 srad_v1 1 614 25 0.919000 0.616000  0.000032 0.000025 0.000068 0.000144 0.000074 0.000038 
4268608 srad_v1 1 614 25 0.919000 0.539000  0.000025 0.000031 0.000097 0.000196 0.000087 0.000044 
4268608 srad_v1 1 614 25 0.919000 0.694000  0.000028 0.000024 0.000065 0.000133 0.000074 0.000041 
4268672 srad_v1 1 614 25 0.919000 0.539000  0.000031 0.000023 0.000065 0.000137 0.000068 0.000036 
4268672 srad_v1 1 614 25 0.919000 0.771000  0.000026 0.000024 0.000067 0.000134 0.000074 0.000038 
4268672 srad_v1 1 614 25 0.919000 0.539000  0.000029 0.000024 0.000067 0.000141 0.000074 0.000038 
4268736 srad_v1 1 614 25 0.919000 0.616000  0.000026 0.000024 0.000084 0.000166 0.000097 0.000048 
4268736 srad_v1 1 614 25 0.919000 0.847000  0.000027 0.000024 0.000065 0.000127 0.000069 0.000037 
4268736 srad_v1 1 614 25 0.919000 0.540000  0.000026 0.000024 0.000066 0.000148 0.000068 0.000036 
4268800 srad_v1 1 614 25 0.919000 0.693000  0.000033 0.000025 0.000068 0.000147 0.000076 0.000039 
4268800 srad_v1 1 614 25 0.919000 0.462000  0.000025 0.000022 0.000062 0.000121 0.000064 0.000035 
4268864 srad_v1 1 614 25 0.919000 0.694000  0.000041 0.000028 0.000089 0.000226 0.000089 0.000044 
4268864 srad_v1 1 614 25 0.919000 0.616000  0.000030 0.000024 0.000066 0.000136 0.000068 0.000036 
4268864 srad_v1 1 614 25 0.919000 0.771000  0.000026 0.000025 0.000074 0.000164 0.000080 0.000042 
4268928 srad_v1 1 614 25 0.919000 0.461000  0.000026 0.000023 0.000064 0.000138 0.000067 0.000035 
4268928 srad_v1 1 614 25 0.919000 0.461000  0.000027 0.000024 0.000064 0.000132 0.000070 0.000038 
4268992 srad_v1 1 614 25 0.919000 0.461000  0.000026 0.000025 0.000066 0.000145 0.000072 0.000037 
4268992 srad_v1 1 614 25 0.919000 0.769000  0.000031 0.000025 0.000066 0.000136 0.000071 0.000037 
4268992 srad_v1 1 614 26 0.919000 0.692000  0.000030 0.000023 0.000064 0.000130 0.000066 0.000035 
4269056 srad_v1 1 614 26 0.919000 0.616000  0.000049 0.000027 0.000070 0.000153 0.000074 0.000038 
4269056 srad_v1 1 614 26 0.919000 0.461000  0.000030 0.000023 0.000064 0.000134 0.000068 0.000035 
4269056 srad_v1 1 614 26 0.919000 0.770000  0.000025 0.000023 0.000064 0.000122 0.000067 0.000035 
4269120 srad_v1 1 614 26 0.919000 0.771000  0.000024 0.000022 0.000061 0.000118 0.000063 0.000034 
4269120 srad_v1 1 614 26 0.919000 0.694000  0.000027 0.000025 0.000070 0.000149 0.000076 0.000038 
4269184 srad_v1 1 614 26 0.919000 0.925000  0.000030 0.000025 0.000066 0.000142 0.000072 0.000037 
4269184 srad_v1 1 614 25 0.919000 0.616000  0.000024 0.000022 0.000061 0.000117 0.000063 0.000034 
4269184 srad_v1 1 614 25 0.919000 0.770000  0.000025 0.000034 0.000081 0.000173 0.000098 0.000047 
4269248 srad_v1 1 614 25 0.919000 0.540000  0.000024 0.000022 0.000061 0.000117 0.000064 0.000034 
4269248 srad_v1 1 614 25 0.919000 0.848000  0.000026 0.000023 0.000063 0.000126 0.000068 0.000035 
