#Timestamp	Benchmark	Run(#)	CPU Frequency (MHz)	CPU Temperature(C)	CPU Voltage(V)	CPU Power(W)	CPU_CYCLES	L1_DATA_CACHE_ACCESS	INSTRUCTIONS_RETIRED	BUS_CYCLES	L1I_CACHE_ACCESS	PREDICTABLE_BRANCH_SPECULATIVELY_EXECUTED
4771136 heartwall 1 825 27 0.976000 0.924000  0.000004 0.000004 0.000011 0.000022 0.000014 0.000007 
4771136 heartwall 1 825 27 0.976000 0.693000  0.000005 0.000004 0.000011 0.000023 0.000014 0.000007 
4771136 heartwall 1 825 27 0.976000 0.847000  0.000023 0.000017 0.000046 0.000110 0.000052 0.000026 
4771200 heartwall 1 825 27 0.976000 1.157000  0.000027 0.000017 0.000048 0.000112 0.000051 0.000026 
4771200 heartwall 1 825 27 0.976000 0.847000  0.000021 0.000016 0.000045 0.000101 0.000051 0.000026 
4771200 heartwall 1 825 27 0.976000 1.157000  0.000024 0.000017 0.000046 0.000099 0.000051 0.000026 
4771264 heartwall 1 825 27 0.976000 0.617000  0.000017 0.000015 0.000041 0.000081 0.000043 0.000023 
4771264 heartwall 1 825 27 0.976000 0.849000  0.000214 0.001267 0.000830 0.002602 0.000000 0.000145 
4771328 heartwall 1 825 27 0.976000 0.770000  0.000199 0.001200 0.000767 0.002470 0.000000 0.000137 
4771328 heartwall 1 825 27 0.976000 0.925000  0.000018 0.000023 0.000055 0.000120 0.000065 0.000031 
4771328 heartwall 1 825 27 0.976000 1.157000  0.000202 0.001218 0.000786 0.002542 0.000000 0.000142 
4771392 heartwall 1 825 27 0.976000 0.769000  0.000196 0.001197 0.000768 0.002431 0.000000 0.000134 
4771392 heartwall 1 825 27 0.976000 0.692000  0.000175 0.001067 0.000674 0.002165 0.000000 0.000119 
4771392 heartwall 1 825 28 0.976000 0.384000  0.000028 0.000017 0.000045 0.000090 0.000046 0.000024 
4771456 heartwall 1 825 29 0.976000 0.384000  0.000016 0.000015 0.000040 0.000077 0.000042 0.000022 
4771456 heartwall 1 825 29 0.976000 0.385000  0.000021 0.000016 0.000050 0.000155 0.000055 0.000028 
4771456 heartwall 1 825 29 0.976000 0.769000  0.000021 0.000016 0.000043 0.000090 0.000044 0.000023 
4771520 heartwall 1 825 29 0.976000 1.076000  0.000016 0.000015 0.000040 0.000078 0.000042 0.000022 
4771520 heartwall 1 825 29 0.976000 0.385000  0.000016 0.000014 0.000040 0.000077 0.000042 0.000022 
4771584 heartwall 1 825 29 0.976000 0.384000  0.000016 0.000014 0.000040 0.000076 0.000056 0.000027 
4771584 heartwall 1 825 29 0.976000 0.385000  0.000018 0.000015 0.000042 0.000083 0.000045 0.000023 
4771584 heartwall 1 825 29 0.976000 0.770000  0.000017 0.000014 0.000040 0.000080 0.000042 0.000022 
4771648 heartwall 1 825 29 0.976000 0.692000  0.000016 0.000014 0.000040 0.000078 0.000042 0.000022 
4771648 heartwall 1 825 30 0.976000 0.385000  0.000015 0.000014 0.000040 0.000075 0.000042 0.000022 
4771648 heartwall 1 825 30 0.976000 0.539000  0.000016 0.000014 0.000041 0.000088 0.000043 0.000023 
4771712 heartwall 1 825 30 0.976000 0.693000  0.000020 0.000016 0.000044 0.000093 0.000050 0.000025 
4771712 heartwall 1 825 30 0.976000 0.769000  0.000017 0.000014 0.000040 0.000078 0.000041 0.000022 
4771712 heartwall 1 825 30 0.976000 0.769000  0.000017 0.000014 0.000040 0.000080 0.000041 0.000022 
4771776 heartwall 1 825 30 0.976000 0.384000  0.078155 0.275643 0.085750 0.276496 0.000009 0.005530 
4771776 heartwall 1 825 30 0.976000 0.615000  0.000016 0.000014 0.000040 0.000078 0.000041 0.000022 
4771840 heartwall 1 825 30 0.976000 1.078000  0.000019 0.000015 0.000042 0.000097 0.000048 0.000024 
4771840 heartwall 1 825 30 0.976000 0.769000  0.000019 0.000014 0.000040 0.000084 0.000041 0.000022 
4771840 heartwall 1 825 30 0.976000 0.461000  0.000016 0.000014 0.000040 0.000077 0.000041 0.000022 
4771904 heartwall 1 825 30 0.976000 0.384000  0.000016 0.000014 0.000040 0.000077 0.000041 0.000022 
4771904 heartwall 1 825 30 0.976000 0.384000  0.116756 0.396303 0.130313 0.401243 0.000019 0.008054 
4771904 heartwall 1 825 30 0.976000 0.846000  0.000020 0.000016 0.000043 0.000092 0.000048 0.000025 
4771968 heartwall 1 825 30 0.976000 1.076000  0.000016 0.000014 0.000040 0.000076 0.000040 0.000022 
4771968 heartwall 1 825 30 0.976000 0.462000  0.000109 0.000027 0.000061 0.000170 0.000056 0.000028 
4772032 heartwall 1 825 30 0.976000 0.538000  0.000016 0.000014 0.000040 0.000076 0.000041 0.000022 
4772032 heartwall 1 825 30 0.976000 0.384000  0.000020 0.000016 0.000043 0.000092 0.000048 0.000025 
4772032 heartwall 1 825 30 0.976000 0.770000  0.000017 0.000014 0.000039 0.000079 0.000041 0.000022 
4772096 heartwall 1 825 30 0.976000 0.692000  0.000029 0.000017 0.000045 0.000089 0.000045 0.000023 
4772096 heartwall 1 825 30 0.976000 0.615000  0.000015 0.000014 0.000039 0.000075 0.000041 0.000022 
4772096 heartwall 1 825 30 0.976000 0.384000  0.000015 0.000014 0.000039 0.000076 0.000040 0.000022 
4772160 heartwall 1 825 30 0.976000 0.693000  0.000019 0.000022 0.000053 0.000141 0.000054 0.000027 
4772160 heartwall 1 825 31 0.976000 0.769000  0.000018 0.000014 0.000038 0.000078 0.000040 0.000021 
4772224 heartwall 1 825 31 0.976000 0.384000  0.000015 0.000014 0.000039 0.000074 0.000041 0.000022 
4772224 heartwall 1 825 31 0.976000 0.461000  0.000016 0.000014 0.000039 0.000075 0.000041 0.000022 
4772224 heartwall 1 825 31 0.976000 0.384000  0.000020 0.000016 0.000042 0.000094 0.000049 0.000025 
4772288 heartwall 1 825 31 0.976000 1.307000  0.003260 0.000640 0.001241 0.003324 0.000836 0.000679 
4772288 heartwall 1 825 30 0.976000 0.924000  0.000016 0.000014 0.000038 0.000074 0.000040 0.000021 
4772352 heartwall 1 825 30 0.976000 0.384000  0.000015 0.000014 0.000039 0.000075 0.000041 0.000022 
4772352 heartwall 1 825 30 0.976000 0.462000  0.000016 0.000014 0.000039 0.000077 0.000041 0.000022 
4772352 heartwall 1 825 30 0.976000 0.693000  0.000020 0.000016 0.000043 0.000098 0.000049 0.000025 
4772416 heartwall 1 825 30 0.976000 0.769000  0.000020 0.000016 0.000043 0.000095 0.000049 0.000025 
4772416 heartwall 1 825 30 0.976000 1.155000  0.000016 0.000014 0.000039 0.000075 0.000040 0.000022 
4772416 heartwall 1 825 30 0.976000 0.385000  0.000016 0.000015 0.000043 0.000131 0.000048 0.000024 
4772480 heartwall 1 825 30 0.976000 0.461000  0.000015 0.000014 0.000039 0.000074 0.000040 0.000021 
4772480 heartwall 1 825 30 0.976000 0.385000  0.000021 0.000016 0.000043 0.000094 0.000048 0.000024 
4772480 heartwall 1 825 30 0.976000 0.769000  0.000016 0.000014 0.000038 0.000075 0.000040 0.000021 
4772544 heartwall 1 825 30 0.976000 0.384000  0.000016 0.000014 0.000039 0.000074 0.000040 0.000021 
4772608 heartwall 1 825 30 0.976000 0.384000  0.000015 0.000014 0.000038 0.000073 0.000040 0.000021 
4772608 heartwall 1 825 30 0.976000 0.845000  0.000021 0.000015 0.000041 0.000091 0.000045 0.000023 
4772608 heartwall 1 825 31 0.976000 0.769000  0.000016 0.000014 0.000038 0.000079 0.000039 0.000021 
4772672 heartwall 1 825 31 0.976000 0.384000  0.000020 0.000015 0.000040 0.000082 0.000040 0.000022 
4772672 heartwall 1 825 30 0.976000 0.384000  0.000015 0.000014 0.000038 0.000072 0.000040 0.000021 
4772672 heartwall 1 825 30 0.976000 0.385000  0.000015 0.000014 0.000038 0.000071 0.000039 0.000021 
4772736 heartwall 1 825 30 0.976000 0.539000  0.000020 0.000021 0.000051 0.000151 0.000056 0.000027 
4772736 heartwall 1 825 30 0.976000 0.769000  0.000016 0.000014 0.000038 0.000075 0.000039 0.000021 
4772736 heartwall 1 825 30 0.976000 0.692000  0.000016 0.000014 0.000038 0.000075 0.000041 0.000022 
4772800 heartwall 1 825 30 0.976000 0.384000  0.000015 0.000014 0.000045 0.000094 0.000046 0.000023 
4772800 heartwall 1 825 30 0.976000 0.384000  0.000015 0.000014 0.000038 0.000072 0.000039 0.000021 
4772864 heartwall 1 825 30 0.976000 0.768000  0.000019 0.000016 0.000047 0.000120 0.000050 0.000025 
4772864 heartwall 1 825 30 0.976000 0.692000  0.000015 0.000014 0.000038 0.000263 0.000074 0.000034 
4772864 heartwall 1 825 31 0.976000 0.384000  0.000016 0.000014 0.000038 0.000076 0.000039 0.000021 
4772928 heartwall 1 825 31 0.976000 0.384000  0.041828 0.014289 0.028168 0.041885 0.012858 0.004373 
4772928 heartwall 1 825 31 0.976000 0.461000  0.000017 0.000014 0.000039 0.000083 0.000042 0.000022 
4772928 heartwall 1 825 30 0.976000 0.999000  0.000016 0.000278 0.000640 0.000432 0.000257 0.000139 
4772992 heartwall 1 825 30 0.976000 1.000000  0.000016 0.000014 0.000038 0.000076 0.000039 0.000021 
4772992 heartwall 1 825 31 0.976000 0.384000  0.000016 0.000014 0.000038 0.000075 0.000039 0.000021 
4773056 heartwall 1 825 31 0.976000 0.615000  0.000004 0.000004 0.000010 0.000021 0.000013 0.000006 
4773056 heartwall 1 825 30 0.976000 0.385000  0.000021 0.000016 0.000042 0.000092 0.000047 0.000024 
4773056 heartwall 1 825 30 0.976000 0.768000  0.000017 0.000013 0.000038 0.000081 0.000039 0.000021 
4773120 heartwall 1 825 30 0.976000 1.000000  0.000014 0.000013 0.000038 0.000073 0.000039 0.000021 
4773120 heartwall 1 825 31 0.976000 0.384000  0.000014 0.000013 0.000037 0.000071 0.000039 0.000021 
4773120 heartwall 1 825 31 0.976000 0.384000  0.000016 0.000014 0.000038 0.000073 0.000039 0.000021 
4773184 heartwall 1 825 30 0.976000 0.385000  0.000020 0.000015 0.000042 0.000092 0.000046 0.000023 
4773184 heartwall 1 825 30 0.976000 0.845000  0.000017 0.000013 0.000037 0.000079 0.000039 0.000021 
4773184 heartwall 1 825 31 0.976000 0.384000  0.000015 0.000013 0.000037 0.000071 0.000039 0.000021 
4773248 heartwall 1 825 30 0.976000 0.461000  0.000014 0.000013 0.000037 0.000071 0.000038 0.000021 
4773248 heartwall 1 825 30 0.976000 0.384000  0.000014 0.000013 0.000037 0.000070 0.000038 0.000021 
4773312 heartwall 1 825 31 0.976000 0.922000  0.000019 0.000014 0.000040 0.000087 0.000045 0.000023 
4773312 heartwall 1 825 31 0.976000 0.692000  0.000015 0.000013 0.000037 0.000074 0.000039 0.000021 
4773312 heartwall 1 825 31 0.976000 0.692000  0.000014 0.000013 0.000037 0.000071 0.000038 0.000021 
4773376 heartwall 1 825 31 0.976000 0.461000  0.000014 0.000013 0.000037 0.000070 0.000038 0.000021 
4773376 heartwall 1 825 31 0.976000 0.384000  0.000014 0.000013 0.000037 0.000071 0.000038 0.000021 
4773376 heartwall 1 825 30 0.976000 0.692000  0.000018 0.000017 0.000043 0.000093 0.000046 0.000023 
4773440 heartwall 1 825 30 0.976000 0.692000  0.000015 0.000013 0.000037 0.000073 0.000038 0.000021 
4773440 heartwall 1 825 31 0.976000 0.384000  0.000014 0.000013 0.000037 0.000070 0.000038 0.000021 
4773440 heartwall 1 825 31 0.976000 0.384000  0.000014 0.000013 0.000037 0.000070 0.000038 0.000020 
4773504 heartwall 1 825 31 0.976000 0.461000  0.000015 0.000014 0.000038 0.000081 0.000040 0.000021 
4773504 heartwall 1 825 31 0.976000 0.846000  0.000019 0.000015 0.000040 0.000086 0.000044 0.000023 
4773504 heartwall 1 825 30 0.976000 0.771000  0.000004 0.000003 0.000010 0.000019 0.000012 0.000006 
