#Timestamp	Benchmark	Run(#)	CPU Frequency (MHz)	CPU Temperature(C)	CPU Voltage(V)	CPU Power(W)	CPU_CYCLES	L1_DATA_CACHE_ACCESS	INSTRUCTIONS_RETIRED	BUS_CYCLES	L1I_CACHE_ACCESS	PREDICTABLE_BRANCH_SPECULATIVELY_EXECUTED
6610560 lud 1 1734 28 1.226000 3.161000  0.000066 0.000057 0.000158 0.000308 0.000165 0.000088 
6610560 lud 1 1734 28 1.226000 0.771000  0.000065 0.000056 0.000157 0.000607 0.000234 0.000116 
6610560 lud 1 1734 28 1.226000 1.540000  0.140344 0.042999 0.103720 0.140452 0.056057 0.024002 
6610624 lud 1 1734 28 1.226000 0.848000  0.000064 0.000056 0.000156 0.000306 0.000162 0.000086 
6610624 lud 1 1734 28 1.226000 0.694000  0.000065 0.000056 0.000155 0.000305 0.000161 0.000086 
6610624 lud 1 1734 28 1.226000 0.771000  0.000066 0.000056 0.000154 0.000306 0.000162 0.000085 
6610688 lud 1 1734 28 1.226000 0.694000  0.000059 0.000052 0.000146 0.000280 0.000148 0.000080 
6610688 lud 1 1734 28 1.226000 0.539000  0.000058 0.000051 0.000144 0.000278 0.000147 0.000079 
6610688 lud 1 1734 28 1.226000 2.236000  0.000061 0.000062 0.000162 0.000430 0.000192 0.000093 
6610752 lud 1 1734 28 1.226000 0.616000  0.000064 0.000054 0.000149 0.000294 0.000156 0.000083 
6610752 lud 1 1734 28 1.226000 0.539000  0.001575 0.000600 0.001534 0.001809 0.000807 0.000380 
6610752 lud 1 1734 28 1.226000 0.771000  0.000059 0.000053 0.000147 0.000285 0.000152 0.000082 
6610816 lud 1 1734 28 1.226000 0.539000  0.000061 0.000053 0.000147 0.000286 0.000215 0.000105 
6610816 lud 1 1734 28 1.226000 2.080000  0.000065 0.000055 0.000150 0.000299 0.000160 0.000084 
6610816 lud 1 1734 28 1.226000 1.926000  0.000068 0.000055 0.000152 0.000322 0.000176 0.000090 
6610880 lud 1 1734 28 1.226000 2.156000  0.000062 0.000054 0.000190 0.000441 0.000195 0.000096 
6610880 lud 1 1734 28 1.226000 0.770000  0.000061 0.000050 0.000141 0.000284 0.000145 0.000078 
6610944 lud 1 1734 30 1.226000 2.619000  0.000063 0.000053 0.000145 0.000297 0.000152 0.000081 
