#Timestamp	Benchmark	Run(#)	CPU Frequency (MHz)	CPU Temperature(C)	CPU Voltage(V)	CPU Power(W)	CPU_CYCLES	L1_DATA_CACHE_ACCESS	INSTRUCTIONS_RETIRED	BUS_CYCLES	L1I_CACHE_ACCESS	PREDICTABLE_BRANCH_SPECULATIVELY_EXECUTED
2750528 bfs 1 307 25 0.842000 0.462000  0.000004 0.000004 0.000011 0.000021 0.000014 0.000007 
2750592 bfs 1 307 24 0.842000 0.540000  0.000004 0.000004 0.000011 0.000021 0.000013 0.000007 
2750592 bfs 1 307 24 0.842000 0.616000  0.000004 0.000005 0.000012 0.000027 0.000015 0.000007 
2750592 bfs 1 307 24 0.842000 0.617000  0.000004 0.000009 0.000023 0.000063 0.000025 0.000012 
2750656 bfs 1 307 24 0.842000 0.462000  0.000019 0.000016 0.000043 0.000094 0.000047 0.000024 
2750656 bfs 1 307 24 0.842000 0.462000  0.000016 0.000014 0.000041 0.000094 0.000044 0.000024 
2750720 bfs 1 307 24 0.842000 0.540000  0.000019 0.000018 0.000048 0.000094 0.000052 0.000027 
2750720 bfs 1 307 25 0.842000 0.616000  0.000174 0.000050 0.000116 0.000258 0.000097 0.000044 
2750784 bfs 1 307 25 0.842000 0.463000  0.000038 0.000021 0.000057 0.000123 0.000060 0.000030 
2750784 bfs 1 307 25 0.842000 0.539000  0.000018 0.000017 0.000048 0.000093 0.000050 0.000027 
2750848 bfs 1 307 25 0.842000 0.463000  0.000020 0.000018 0.000048 0.000093 0.000051 0.000027 
2750848 bfs 1 307 24 0.842000 0.616000  0.000018 0.000028 0.000101 0.000175 0.003583 0.001514 
2750848 bfs 1 307 24 0.842000 0.463000  0.000041 0.000022 0.000057 0.000120 0.000057 0.000029 
2750912 bfs 1 307 24 0.842000 0.539000  0.000018 0.000017 0.000102 0.000250 0.000092 0.000041 
2750912 bfs 1 307 24 0.842000 0.616000  0.000023 0.000019 0.000051 0.000106 0.000057 0.000029 
2750976 bfs 1 307 24 0.842000 0.462000  0.000020 0.000018 0.000049 0.000096 0.000052 0.000027 
2750976 bfs 1 307 24 0.842000 0.462000  0.000018 0.000016 0.000046 0.000086 0.000047 0.000026 
2751040 bfs 1 307 24 0.842000 0.616000  0.000031 0.000029 0.000081 0.000163 0.000089 0.000046 
2751040 bfs 1 307 24 0.842000 0.463000  0.000033 0.000050 0.000123 0.000295 0.000120 0.000056 
2751104 bfs 1 307 24 0.842000 0.462000  0.000032 0.000029 0.000079 0.000151 0.000084 0.000044 
2751104 bfs 1 307 24 0.842000 0.540000  0.000018 0.000016 0.000046 0.000091 0.000048 0.000026 
2751168 bfs 1 307 24 0.842000 0.539000  0.000022 0.000022 0.000073 0.000179 0.000074 0.000035 
2751168 bfs 1 307 24 0.842000 0.462000  0.000070 0.000032 0.000086 0.000208 0.000089 0.000051 
2751232 bfs 1 307 24 0.842000 0.616000  0.000019 0.000017 0.000047 0.000090 0.000050 0.000027 
2751232 bfs 1 307 24 0.842000 0.617000  0.028161 0.010327 0.025249 0.028274 0.012683 0.006126 
2751232 bfs 1 307 24 0.842000 0.616000  0.000019 0.000020 0.000056 0.000122 0.000060 0.000030 
2751296 bfs 1 307 24 0.842000 0.616000  0.002186 0.000628 0.001305 0.002278 0.000825 0.000340 
2751360 bfs 1 307 24 0.842000 0.617000  0.000019 0.000017 0.000047 0.000090 0.000051 0.000027 
2751360 bfs 1 307 24 0.842000 0.616000  0.000025 0.000018 0.000048 0.000105 0.000051 0.000026 
2751424 bfs 1 307 25 0.842000 0.616000  0.000034 0.000021 0.000058 0.000125 0.000060 0.000029 
2751424 bfs 1 307 24 0.842000 0.540000  0.000021 0.000017 0.000059 0.000140 0.000060 0.000030 
2751424 bfs 1 307 24 0.842000 0.385000  0.000031 0.000028 0.000075 0.000148 0.000081 0.000042 
2751488 bfs 1 307 24 0.842000 0.463000  0.000025 0.000022 0.000065 0.000239 0.000091 0.000046 
2751488 bfs 1 307 24 0.842000 0.617000  0.000022 0.000018 0.000049 0.000101 0.000054 0.000029 
2751552 bfs 1 307 24 0.842000 0.463000  0.000018 0.000017 0.000048 0.000093 0.000049 0.000026 
2751552 bfs 1 307 24 0.842000 0.616000  0.000021 0.000018 0.000049 0.000101 0.000054 0.000028 
2751616 bfs 1 307 24 0.842000 0.385000  0.000021 0.000017 0.000048 0.000096 0.000050 0.000026 
2751616 bfs 1 307 24 0.842000 0.462000  0.000023 0.000019 0.000052 0.000111 0.000058 0.000029 
2751616 bfs 1 307 24 0.842000 0.463000  0.000022 0.000018 0.000050 0.000106 0.000056 0.000029 
2751680 bfs 1 307 24 0.842000 0.540000  0.000022 0.000018 0.000050 0.000103 0.000055 0.000028 
2751680 bfs 1 307 24 0.842000 0.539000  0.000018 0.000017 0.000046 0.000089 0.000049 0.000026 
2751744 bfs 1 307 24 0.842000 0.463000  0.000018 0.000016 0.000044 0.000085 0.000046 0.000025 
2751744 bfs 1 307 24 0.842000 0.385000  0.000018 0.000017 0.000046 0.000089 0.000049 0.000026 
2751808 bfs 1 307 24 0.842000 0.539000  0.000018 0.000016 0.000044 0.000085 0.000046 0.000025 
2751808 bfs 1 307 24 0.842000 0.462000  0.000019 0.000018 0.000048 0.000097 0.000056 0.000028 
2751872 bfs 1 307 24 0.842000 0.308000  0.000017 0.000016 0.000044 0.000083 0.000045 0.000024 
2751872 bfs 1 307 24 0.842000 0.539000  0.000023 0.000018 0.000048 0.000105 0.000053 0.000027 
2751936 bfs 1 307 24 0.842000 0.308000  0.000017 0.000016 0.000044 0.000085 0.000045 0.000024 
2751936 bfs 1 307 24 0.842000 0.539000  0.000018 0.000017 0.000046 0.000088 0.000049 0.000026 
2751936 bfs 1 307 24 0.842000 0.385000  0.000017 0.000016 0.000044 0.000092 0.000048 0.000025 
2752000 bfs 1 307 24 0.842000 0.540000  0.000021 0.000018 0.000048 0.000099 0.000053 0.000028 
2752000 bfs 1 307 24 0.842000 0.308000  0.000017 0.000016 0.000046 0.000092 0.000048 0.000025 
2752064 bfs 1 307 24 0.842000 0.539000  0.000021 0.000017 0.000047 0.000102 0.000054 0.000027 
2752064 bfs 1 307 24 0.842000 0.385000  0.000017 0.000016 0.000046 0.000091 0.000047 0.000025 
2752064 bfs 1 307 24 0.842000 0.462000  0.000019 0.000017 0.000048 0.000098 0.000051 0.000026 
2752128 bfs 1 307 24 0.842000 0.308000  0.000017 0.000016 0.000044 0.000083 0.000045 0.000024 
2752128 bfs 1 307 24 0.842000 0.616000  0.000019 0.000017 0.000046 0.000116 0.000057 0.000029 
2752192 bfs 1 307 24 0.842000 0.385000  0.000017 0.000016 0.000044 0.000083 0.021255 0.011051 
2752192 bfs 1 307 24 0.842000 0.462000  0.000022 0.000018 0.000049 0.000102 0.000055 0.000028 
2752256 bfs 1 307 24 0.842000 0.617000  0.000017 0.000016 0.000046 0.000091 0.000048 0.000025 
2752256 bfs 1 307 24 0.842000 0.462000  0.000031 0.000027 0.000075 0.000148 0.000080 0.000042 
2752320 bfs 1 307 24 0.842000 0.385000  0.000029 0.000026 0.000072 0.000140 0.000074 0.000040 
2752320 bfs 1 307 24 0.842000 0.463000  0.000030 0.000027 0.000075 0.000144 0.000080 0.000042 
2752320 bfs 1 307 24 0.842000 0.308000  0.000028 0.000026 0.000072 0.000139 0.000073 0.000040 
2752384 bfs 1 307 24 0.842000 0.616000  0.000022 0.000017 0.000053 0.000122 0.000056 0.000028 
2752384 bfs 1 307 24 0.842000 0.385000  0.000017 0.000016 0.000044 0.000083 0.000045 0.000024 
2752448 bfs 1 307 24 0.842000 0.463000  0.000019 0.000017 0.000047 0.000097 0.000052 0.000027 
2752448 bfs 1 307 24 0.842000 0.617000  0.000020 0.000017 0.000047 0.000093 0.000049 0.000026 
2752512 bfs 1 307 24 0.842000 0.462000  0.000036 0.000029 0.000081 0.000201 0.000096 0.000047 
2752512 bfs 1 307 24 0.842000 0.539000  0.000017 0.000017 0.000045 0.000092 0.000048 0.000025 
2752576 bfs 1 307 24 0.842000 0.462000  0.000022 0.000018 0.000048 0.000105 0.000053 0.000027 
2752576 bfs 1 307 24 0.842000 0.385000  0.000017 0.000016 0.000043 0.000083 0.000044 0.000024 
2752576 bfs 1 307 24 0.842000 0.462000  0.000019 0.000017 0.000046 0.000092 0.000050 0.000026 
2752640 bfs 1 307 24 0.842000 0.385000  0.000017 0.000016 0.000043 0.000082 0.000045 0.014171 
2752640 bfs 1 307 24 0.842000 0.616000  0.000023 0.000017 0.000046 0.000091 0.000050 0.000026 
2752704 bfs 1 307 24 0.842000 0.308000  0.000017 0.000016 0.000043 0.000082 0.000045 0.000024 
2752704 bfs 1 307 24 0.842000 0.462000  0.000019 0.001980 0.004217 0.006685 0.002350 0.001044 
2752768 bfs 1 307 24 0.842000 0.462000  0.000017 0.000015 0.000043 0.000087 0.000046 0.000024 
2752768 bfs 1 307 24 0.842000 0.463000  6.317101 2.532650 6.181135 6.328806 2.957809 1.451410 
2752768 bfs 1 307 24 0.842000 0.539000  0.000018 0.000018 0.000054 0.000113 0.000053 0.000027 
2752832 bfs 1 307 24 0.842000 0.539000  0.000020 0.000016 0.000046 0.000093 0.000047 0.000025 
2752832 bfs 1 307 24 0.842000 0.463000  0.000028 0.000019 0.000053 0.000121 0.000059 0.000029 
2752896 bfs 1 307 24 0.842000 0.539000  0.000020 0.000017 0.000047 0.000098 0.000050 0.000026 
2752896 bfs 1 307 24 0.842000 0.462000  0.000018 0.000024 0.000058 0.000118 0.000068 0.000033 
2752960 bfs 1 307 24 0.842000 0.539000  0.000018 0.000015 0.000043 0.000084 0.000045 0.000024 
2752960 bfs 1 307 24 0.842000 0.617000  0.000018 0.000016 0.000045 0.000085 0.000047 0.000025 
2752960 bfs 1 307 24 0.842000 0.463000  0.000018 0.000017 0.000045 0.000099 0.000047 0.000024 
2753024 bfs 1 307 24 0.842000 0.463000  0.000025 0.000018 0.000050 0.000106 0.000055 0.000028 
2753024 bfs 1 307 24 0.842000 0.462000  0.000017 0.000016 0.000044 0.000084 0.000045 0.000024 
2753088 bfs 1 307 24 0.842000 0.462000  0.000021 0.000018 0.000047 0.000097 0.000051 0.000027 
2753088 bfs 1 307 24 0.842000 0.540000  0.000016 0.000015 0.000044 0.000086 0.000046 0.000024 
2753152 bfs 1 307 24 0.842000 0.462000  0.079796 0.030175 0.072281 0.079876 0.035345 0.016896 
2753152 bfs 1 307 24 0.842000 0.463000  0.000017 0.000016 0.000045 0.000090 0.000046 0.000025 
2753152 bfs 1 307 24 0.842000 0.462000  0.000022 0.000017 0.000047 0.000098 0.000052 0.000027 
2753216 bfs 1 307 24 0.842000 0.463000  0.000019 0.000018 0.000047 0.000094 0.000047 0.000025 
2753216 bfs 1 307 24 0.842000 0.539000  0.000017 0.000024 0.000057 0.000137 0.000067 0.000037 
2753280 bfs 1 307 24 0.842000 0.463000  0.000005 0.000004 0.000012 0.000026 0.000015 0.000007 
2753280 bfs 1 307 24 0.842000 0.462000  0.000021 0.000017 0.000048 0.000100 0.000052 0.000027 
2753344 bfs 1 307 24 0.842000 0.463000  0.000019 0.000016 0.000045 0.000093 0.000047 0.000025 
2753344 bfs 1 307 24 0.842000 0.462000  0.000022 0.000021 0.000061 0.000146 0.000064 0.000031 
2753344 bfs 1 307 24 0.842000 0.539000  0.000017 0.000016 0.000044 0.000091 0.000046 0.000025 
2753408 bfs 1 307 24 0.842000 0.463000  0.000021 0.000017 0.000046 0.000093 0.000049 0.000025 
2753408 bfs 1 307 24 0.842000 0.385000  0.000018 0.000016 0.000044 0.000095 0.000050 0.000025 
2753472 bfs 1 307 24 0.842000 0.463000  0.000017 0.000016 0.000044 0.000085 0.000047 0.000025 
2753472 bfs 1 307 24 0.842000 0.539000  0.000018 0.000016 0.000044 0.000084 0.000047 0.000025 
2753536 bfs 1 307 24 0.842000 0.539000  0.000018 0.000015 0.000042 0.000084 0.000070 0.000035 
2753536 bfs 1 307 24 0.842000 0.617000  0.000017 0.000016 0.000044 0.000084 0.000047 0.000025 
2753600 bfs 1 307 24 0.842000 0.462000  0.000017 0.000015 0.000042 0.000091 0.000046 0.000024 
2753600 bfs 1 307 24 0.842000 0.462000  0.000022 0.000017 0.000047 0.000101 0.000052 0.000027 
2753664 bfs 1 307 24 0.842000 0.616000  0.000016 0.000015 0.000042 0.000080 0.000043 0.000023 
2753664 bfs 1 307 24 0.842000 0.463000  0.052798 0.017354 0.037474 0.052918 0.019750 0.008803 
2753728 bfs 1 307 24 0.842000 0.463000  0.000017 0.000023 0.000056 0.000133 0.000066 0.000036 
2753728 bfs 1 307 24 0.842000 0.462000  0.000052 0.000021 0.000053 0.000119 0.000054 0.000027 
2753792 bfs 1 307 24 0.842000 0.617000  0.000017 0.000019 0.000048 0.000142 0.000071 0.000032 
2753792 bfs 1 307 24 0.842000 0.539000  0.000027 0.000156 0.000105 0.000330 0.000000 0.000018 
2753792 bfs 1 307 24 0.842000 0.539000  0.000030 0.000170 0.000102 0.000326 0.000000 0.000018 
2753856 bfs 1 307 24 0.842000 0.462000  0.000025 0.000145 0.000096 0.000304 0.000000 0.000017 
2753920 bfs 1 307 24 0.842000 0.462000  0.000017 0.000015 0.000043 0.000089 0.000046 0.000024 
2753920 bfs 1 307 24 0.842000 0.539000  0.000020 0.000017 0.000046 0.000093 0.000050 0.000025 
2753920 bfs 1 307 24 0.842000 0.462000  0.000016 0.000015 0.000043 0.000088 0.000045 0.000024 
2753984 bfs 1 307 24 0.842000 0.463000  0.000020 0.000016 0.000044 0.000102 0.000051 0.000026 
2753984 bfs 1 307 24 0.842000 0.385000  0.000016 0.000015 0.000042 0.000085 0.000044 0.000024 
2754048 bfs 1 307 24 0.842000 0.617000  0.000032 0.000018 0.000048 0.000099 0.000050 0.000025 
2754048 bfs 1 307 24 0.842000 0.308000  0.000017 0.000015 0.000042 0.000079 0.000043 0.000023 
2754048 bfs 1 307 24 0.842000 0.539000  0.000029 0.000018 0.000046 0.000108 0.000052 0.000026 
2754112 bfs 1 307 24 0.842000 0.308000  0.000016 0.000015 0.000041 0.000078 0.000042 0.000023 
2754112 bfs 1 307 24 0.842000 0.463000  0.000017 0.000016 0.000043 0.000083 0.000046 0.000024 
2754176 bfs 1 307 24 0.842000 0.308000  0.000016 0.000015 0.000041 0.000077 0.000042 0.000023 
2754176 bfs 1 307 24 0.842000 0.462000  0.085330 0.030293 0.067468 0.085447 0.034179 0.015933 
2754240 bfs 1 307 24 0.842000 0.539000  0.000016 0.000015 0.000041 0.000077 0.000043 0.000023 
2754240 bfs 1 307 24 0.842000 0.539000  0.000018 0.000023 0.000055 0.000129 0.000064 0.000035 
2754240 bfs 1 307 24 0.842000 0.308000  0.000016 0.000015 0.000041 0.000078 0.000042 0.000023 
2754304 bfs 1 307 24 0.842000 0.539000  0.000031 0.000021 0.000053 0.000123 0.000057 0.000028 
2754304 bfs 1 307 24 0.842000 0.308000  0.000016 0.000015 0.000041 0.000077 0.000042 0.000023 
2754368 bfs 1 307 24 0.842000 0.385000  0.000019 0.000016 0.000045 0.000097 0.000051 0.000026 
2754368 bfs 1 307 24 0.842000 0.308000  0.000016 0.000016 0.000045 0.000135 0.000064 0.000033 
2754432 bfs 1 307 24 0.842000 0.539000  0.000021 0.000017 0.000046 0.000095 0.000050 0.000026 
2754432 bfs 1 307 24 0.842000 0.385000  0.000016 0.000015 0.000043 0.000086 0.000045 0.000024 
2754496 bfs 1 307 24 0.842000 0.540000  0.000021 0.000017 0.000047 0.000099 0.000053 0.000026 
2754496 bfs 1 307 24 0.842000 0.308000  0.000017 0.000016 0.000045 0.000096 0.000047 0.000025 
2754496 bfs 1 307 24 0.842000 0.463000  0.000020 0.000016 0.000045 0.000094 0.000051 0.000026 
2754560 bfs 1 307 24 0.842000 0.386000  0.000047 0.000023 0.000070 0.000213 0.000086 0.000041 
2754560 bfs 1 307 24 0.842000 0.462000  0.000021 0.000016 0.000046 0.000094 0.000050 0.000026 
2754624 bfs 1 307 24 0.842000 0.539000  0.000016 0.000015 0.000042 0.000082 0.000044 0.000023 
2754624 bfs 1 307 24 0.842000 0.539000  0.000021 0.000017 0.000045 0.000093 0.000050 0.000026 
2754688 bfs 1 307 24 0.842000 0.462000  0.000072 0.000027 0.000062 0.000142 0.000061 0.000030 
2754688 bfs 1 307 25 0.842000 0.463000  0.000019 0.000016 0.142050 0.155970 0.068018 0.033155 
2754752 bfs 1 307 24 0.842000 0.616000  0.000019 0.000016 0.000044 0.000093 0.000049 0.000025 
2754752 bfs 1 307 24 0.842000 0.463000  0.000020 0.000017 0.000046 0.000094 0.000001 0.000820 
2754752 bfs 1 307 25 0.842000 0.617000  0.000016 0.000015 0.000042 0.000087 0.000046 0.000024 
2754816 bfs 1 307 24 0.842000 0.385000  0.000023 0.000134 0.000091 0.000278 0.000000 0.000016 
2754816 bfs 1 307 24 0.842000 0.462000  0.000016 0.000015 0.000041 0.000080 0.000043 0.000023 
2754880 bfs 1 307 24 0.842000 0.617000  0.000021 0.000017 0.000046 0.000094 0.000050 0.000026 
2754880 bfs 1 307 24 0.842000 0.617000  1.474717 0.566624 1.327533 1.475310 0.638458 0.310139 
2754944 bfs 1 307 24 0.842000 0.385000  0.000016 0.000015 0.000041 0.000082 0.000043 0.000023 
2754944 bfs 1 307 24 0.842000 0.462000  0.000016 0.000015 0.000042 0.000080 0.000044 0.000024 
2755008 bfs 1 307 24 0.842000 0.540000  0.000016 0.000015 0.000040 0.000076 0.000042 0.000023 
2755008 bfs 1 307 24 0.842000 0.462000  0.000016 0.062911 0.147120 0.164023 0.070853 0.034369 
2755008 bfs 1 307 24 0.842000 0.540000  0.000018 0.000017 0.000045 0.000091 0.000047 0.000024 
2755072 bfs 1 307 24 0.842000 0.540000  0.000016 0.000015 0.000042 0.000081 0.000044 0.000023 
2755072 bfs 1 307 24 0.842000 0.539000  0.000017 0.000014 0.000043 0.000093 0.000046 0.000028 
2755136 bfs 1 307 24 0.842000 0.462000  0.000017 0.000022 0.000054 0.000131 0.000062 0.000034 
2755136 bfs 1 307 24 0.842000 0.617000  0.000016 0.000015 0.000040 0.000075 0.000042 0.000024 
2755200 bfs 1 307 24 0.842000 0.462000  0.000017 0.000015 0.000045 0.000092 0.000047 0.000024 
2755200 bfs 1 307 24 0.842000 0.308000  0.000016 0.000014 0.000040 0.000076 0.000042 0.000022 
2755264 bfs 1 307 24 0.842000 0.462000  1.423174 0.546360 1.273383 1.424112 0.613903 0.296431 
2755264 bfs 1 307 24 0.842000 0.462000  0.000015 0.000014 0.000040 0.000076 0.000042 0.000022 
2755328 bfs 1 307 24 0.842000 0.463000  0.000018 0.000016 0.000043 0.000094 0.000046 0.000026 
2755328 bfs 1 307 24 0.842000 0.540000  0.000021 0.000016 0.000044 0.000096 0.000052 0.000026 
2755328 bfs 1 307 24 0.842000 0.308000  0.000016 0.000015 0.000043 0.000084 0.000044 0.000023 
2755392 bfs 1 307 24 0.842000 0.540000  1.401322 0.539880 1.255268 1.402025 0.605392 0.291054 
2755392 bfs 1 307 24 0.842000 0.539000  0.000018 0.000015 0.000043 0.000085 0.000044 0.000023 
2755456 bfs 1 307 24 0.842000 0.462000  0.000020 0.000016 0.000043 0.000084 0.000046 0.000024 
2755456 bfs 1 307 24 0.842000 0.540000  0.000018 0.000015 0.000042 0.000084 0.000044 0.000024 
2755520 bfs 1 307 24 0.842000 0.539000  0.000020 0.000016 0.000045 0.000091 0.000048 0.000025 
2755520 bfs 1 307 24 0.842000 0.462000  0.000016 0.000014 0.000040 0.000075 0.000041 0.000022 
2755520 bfs 1 307 24 0.842000 0.463000  0.001756 0.000415 0.000837 0.001827 0.000563 0.000230 
2755584 bfs 1 307 24 0.842000 0.308000  0.000016 0.000015 0.000040 0.000082 0.000042 0.000023 
2755584 bfs 1 307 24 0.842000 0.462000  0.000145 0.000121 0.000323 0.000695 0.000362 0.000191 
2755648 bfs 1 307 24 0.842000 0.308000  0.000016 0.000014 0.000040 0.000075 0.000041 0.000022 
2755648 bfs 1 307 24 0.842000 0.616000  0.000019 0.000015 0.000042 0.000086 0.000046 0.000024 
2755712 bfs 1 307 24 0.842000 0.308000  0.000017 0.000014 0.000040 0.000076 0.000041 0.000022 
2755712 bfs 1 307 24 0.842000 0.540000  0.000017 0.000015 0.000042 0.000084 0.000044 0.000023 
2755776 bfs 1 307 24 0.842000 0.308000  0.000016 0.000014 0.000040 0.000076 0.000042 0.000022 
2755776 bfs 1 307 24 0.842000 0.539000  0.000017 0.000016 0.000043 0.000092 0.000047 0.000025 
2755776 bfs 1 307 24 0.842000 0.308000  0.000015 0.000014 0.000040 0.000076 0.000041 0.000022 
2755840 bfs 1 307 24 0.842000 0.463000  0.000017 0.000015 0.000041 0.000080 0.000046 0.000024 
2755840 bfs 1 307 24 0.842000 0.462000  0.236252 0.115901 0.282207 0.236361 0.125047 0.066134 
2755904 bfs 1 307 24 0.842000 0.539000  0.000026 0.000022 0.000058 0.000114 0.000064 0.000033 
2755904 bfs 1 307 24 0.842000 0.463000  0.000016 0.000014 0.000040 0.000075 0.000041 0.000022 
2755968 bfs 1 307 24 0.842000 0.539000  0.000016 0.000015 0.000041 0.000078 0.000044 0.000023 
2755968 bfs 1 307 24 0.842000 0.539000  0.000015 0.000014 0.000039 0.000074 0.000040 0.000022 
2756032 bfs 1 307 24 0.842000 0.540000  0.000056 0.000023 0.000056 0.000161 0.000067 0.000031 
2756032 bfs 1 307 24 0.842000 0.385000  0.000021 0.000129 0.000079 0.000260 0.000000 0.000015 
2756032 bfs 1 307 24 0.842000 0.540000  0.000024 0.000016 0.000043 0.000096 0.000048 0.000024 
2756096 bfs 1 307 24 0.842000 0.385000  0.000015 0.000014 0.000039 0.000074 0.000040 0.000022 
2756096 bfs 1 307 24 0.842000 0.463000  0.000017 0.000015 0.000041 0.000080 0.000044 0.000023 
2756160 bfs 1 307 24 0.842000 0.385000  0.000016 0.000014 0.000039 0.000074 0.000041 0.000022 
2756160 bfs 1 307 24 0.842000 0.616000  0.000090 0.000028 0.000067 0.000153 0.000064 0.000030 
2756224 bfs 1 307 24 0.842000 0.462000  0.000020 0.000017 0.000045 0.000089 0.000046 0.000023 
2756224 bfs 1 307 24 0.842000 0.540000  0.000018 0.000026 0.000075 0.000192 0.000079 0.000044 
2756224 bfs 1 307 24 0.842000 0.462000  0.000015 0.000014 0.000039 0.000078 0.000041 0.000022 
2756288 bfs 1 307 24 0.842000 0.539000  0.000016 0.000015 0.000041 0.000077 0.000043 0.000023 
2756288 bfs 1 307 24 0.842000 0.462000  0.000016 0.000014 0.000039 0.000076 0.000040 0.000022 
2756352 bfs 1 307 24 0.842000 0.462000  0.000016 0.000015 0.000041 0.000078 0.000043 0.000023 
2756352 bfs 1 307 24 0.842000 0.385000  0.000015 0.000014 0.000039 0.000073 0.000040 0.000022 
2756416 bfs 1 307 24 0.842000 0.462000  0.000016 0.000015 0.000043 0.000086 0.000046 0.000024 
2756416 bfs 1 307 24 0.842000 0.540000  0.000016 0.000014 0.000039 0.000075 0.000040 0.000022 
2756480 bfs 1 307 24 0.842000 0.617000  0.000022 0.000137 0.000089 0.000286 0.000000 0.000015 
2756480 bfs 1 307 24 0.842000 0.617000  0.000020 0.000117 0.000088 0.000287 0.000000 0.000014 
2756544 bfs 1 307 24 0.842000 0.539000  0.000017 0.000017 0.000050 0.000110 0.000050 0.000025 
2756544 bfs 1 307 24 0.842000 0.616000  0.000022 0.000016 0.000044 0.000093 0.000045 0.000024 
2756608 bfs 1 307 24 0.842000 0.539000  0.000016 0.000032 0.000072 0.000157 0.000069 0.000032 
2756608 bfs 1 307 24 0.842000 0.539000  0.000034 0.000023 0.000065 0.000176 0.000068 0.000033 
2756672 bfs 1 307 24 0.842000 0.462000  0.000020 0.000016 0.000043 0.000090 0.000048 0.000024 
2756672 bfs 1 307 24 0.842000 0.540000  0.000019 0.000015 0.000042 0.000083 0.000042 0.000022 
2756672 bfs 1 307 24 0.842000 0.539000  0.000034 0.000018 0.000046 0.000100 0.000050 0.000025 
2756736 bfs 1 307 24 0.842000 0.617000  0.000018 0.000015 0.000041 0.000082 0.000043 0.000022 
2756736 bfs 1 307 24 0.842000 0.539000  0.000020 0.000016 0.000042 0.000092 0.000048 0.000030 
2756800 bfs 1 307 24 0.842000 0.539000  0.000016 0.000015 0.000040 0.000077 0.000042 0.000022 
2756800 bfs 1 307 24 0.842000 0.617000  0.000019 0.000017 0.000044 0.000092 0.000046 0.000023 
2756864 bfs 1 307 24 0.842000 0.617000  0.000015 0.000014 0.000038 0.000073 0.000039 0.000021 
2756864 bfs 1 307 24 0.842000 0.539000  0.000016 0.000015 0.000040 0.000078 0.000043 0.000022 
2756928 bfs 1 307 24 0.842000 0.694000  0.000018 0.000015 0.000040 0.000083 0.000042 0.000022 
2756928 bfs 1 307 24 0.842000 0.616000  0.000022 0.000019 0.000053 0.000104 0.000058 0.000030 
2756992 bfs 1 307 24 0.842000 0.616000  0.000018 0.000015 0.000042 0.000089 0.000071 0.000034 
2756992 bfs 1 307 24 0.842000 0.308000  0.000015 0.000014 0.000038 0.000073 0.000039 0.000021 
2757056 bfs 1 307 24 0.842000 0.539000  0.000017 0.000015 0.000041 0.000084 0.000046 0.000023 
2757056 bfs 1 307 24 0.842000 0.385000  0.000015 0.000014 0.000038 0.000074 0.000041 0.000021 
2757056 bfs 1 307 24 0.842000 0.462000  0.000016 0.000014 0.000040 0.000079 0.000043 0.000023 
2757120 bfs 1 307 24 0.842000 0.462000  0.000014 0.000014 0.000042 0.000085 0.000043 0.000022 
2757120 bfs 1 307 24 0.842000 0.462000  0.000016 0.000014 0.000039 0.000076 0.000041 0.000022 
2757184 bfs 1 307 24 0.842000 0.463000  0.000014 0.000014 0.000038 0.000071 0.000039 0.000021 
2757184 bfs 1 307 24 0.842000 0.462000  0.000016 0.000014 0.000042 0.000089 0.000046 0.000023 
2757184 bfs 1 307 24 0.842000 0.539000  0.000015 0.000014 0.000040 0.000084 0.000041 0.000022 
2757248 bfs 1 307 24 0.842000 0.617000  0.012963 0.004334 0.009253 0.013231 0.004934 0.002201 
2757248 bfs 1 307 24 0.842000 0.386000  0.000015 0.000014 0.000038 0.000071 0.000039 0.000021 
2757312 bfs 1 307 24 0.842000 0.463000  0.000018 0.000015 0.000041 0.000088 0.000046 0.000024 
2757312 bfs 1 307 24 0.842000 0.539000  0.000015 0.000013 0.000038 0.000071 0.000038 0.000021 
2757376 bfs 1 307 24 0.842000 0.462000  0.000020 0.000015 0.000042 0.000089 0.000047 0.000024 
2757376 bfs 1 307 24 0.842000 0.308000  0.000015 0.000014 0.000040 0.000082 0.000043 0.000022 
2757440 bfs 1 307 24 0.842000 0.463000  0.000018 0.000016 0.000041 0.000086 0.000046 0.000023 
2757440 bfs 1 307 24 0.842000 0.308000  0.000015 0.000013 0.000040 0.000089 0.000042 0.000022 
2757440 bfs 1 307 24 0.842000 0.539000  0.000024 0.000016 0.000044 0.000091 0.000047 0.000024 
2757504 bfs 1 307 24 0.842000 0.308000  0.000015 0.000014 0.000038 0.000072 0.000057 0.000027 
2757504 bfs 1 307 24 0.842000 0.462000  0.000018 0.000015 0.000045 0.000113 0.000052 0.000025 
2757568 bfs 1 307 24 0.842000 0.308000  0.000015 0.000014 0.000038 0.000071 0.000039 0.000021 
2757568 bfs 1 307 24 0.842000 0.540000  0.000016 0.000015 0.000045 0.000103 0.000050 0.000025 
2757632 bfs 1 307 24 0.842000 0.463000  0.000015 0.000013 0.000038 0.000071 0.000039 0.000021 
2757632 bfs 1 307 24 0.842000 0.463000  0.000018 0.000015 0.000039 0.000078 0.000042 0.000022 
2757632 bfs 1 307 24 0.842000 0.308000  0.000014 0.000013 0.000037 0.000070 0.000038 0.000021 
2757696 bfs 1 307 24 0.842000 0.462000  0.000018 0.000015 0.000041 0.000085 0.000046 0.000023 
2757696 bfs 1 307 24 0.842000 0.463000  0.000014 0.000013 0.000037 0.000070 0.000039 0.000021 
2757760 bfs 1 307 24 0.842000 0.539000  0.000017 0.000014 0.000040 0.000079 0.000041 0.000022 
2757760 bfs 1 307 24 0.842000 0.463000  0.000015 0.000014 0.000039 0.000098 0.000050 0.000025 
2757824 bfs 1 307 24 0.842000 0.539000  0.000023 0.000015 0.000040 0.000082 0.000059 0.000028 
2757824 bfs 1 307 24 0.842000 0.540000  0.000019 0.000015 0.000041 0.000090 0.000046 0.000023 
2757888 bfs 1 307 24 0.842000 0.308000  0.000015 0.000028 0.000075 0.000153 0.000064 0.000031 
2757888 bfs 1 307 24 0.842000 0.616000  0.000015 0.000014 0.000039 0.000085 0.000053 0.000030 
2757952 bfs 1 307 24 0.842000 0.308000  0.000019 0.000018 0.000049 0.000093 0.000051 0.000033 
2757952 bfs 1 307 24 0.842000 0.462000  0.000058 0.000021 0.000064 0.000123 0.000056 0.000029 
2757952 bfs 1 307 24 0.842000 0.540000  0.000014 0.000013 0.000037 0.000070 0.000038 0.000021 
2758016 bfs 1 307 24 0.842000 0.462000  0.000016 0.000014 0.000050 0.000106 0.000051 0.000029 
2758016 bfs 1 307 24 0.842000 0.386000  0.000015 0.000013 0.000037 0.000070 0.000038 0.000021 
2758080 bfs 1 307 24 0.842000 0.462000  0.000015 0.000014 0.000039 0.000075 0.000041 0.000022 
2758080 bfs 1 307 24 0.842000 0.385000  0.000014 0.000013 0.000037 0.000071 0.000038 0.000021 
2758144 bfs 1 307 24 0.842000 0.539000  0.000015 0.000014 0.000039 0.000075 0.000041 0.000022 
2758144 bfs 1 307 24 0.842000 0.617000  0.000018 0.000015 0.000042 0.000086 0.000046 0.000024 
2758144 bfs 1 307 24 0.842000 0.462000  0.000018 0.000014 0.000039 0.000082 0.000040 0.000021 
2758208 bfs 1 307 24 0.842000 0.462000  0.000015 0.000014 0.000038 0.000073 0.000049 0.000025 
2758208 bfs 1 307 24 0.842000 0.540000  0.000017 0.000014 0.000039 0.000084 0.000042 0.000022 
2758272 bfs 1 307 24 0.842000 0.462000  0.000019 0.000015 0.000041 0.000087 0.000050 0.000024 
2758272 bfs 1 307 24 0.842000 0.540000  0.000014 0.000014 0.000039 0.000078 0.000041 0.000021 
2758336 bfs 1 307 24 0.842000 0.463000  0.000018 0.000014 0.000040 0.000084 0.000046 0.000023 
2758336 bfs 1 307 24 0.842000 0.308000  0.000017 0.000014 0.000038 0.000078 0.000040 0.000021 
2758400 bfs 1 307 24 0.842000 0.463000  0.000019 0.000016 0.000042 0.000092 0.000047 0.000024 
2758400 bfs 1 307 24 0.842000 0.462000  0.000015 0.000016 0.000042 0.000096 0.000044 0.000022 
2758400 bfs 1 307 24 0.842000 0.462000  0.000019 0.000015 0.000040 0.000084 0.000045 0.000023 
2758464 bfs 1 307 24 0.842000 0.463000  0.000014 0.000013 0.000037 0.000071 0.000038 0.000020 
2758464 bfs 1 307 24 0.842000 0.462000  0.000015 0.000014 0.000038 0.000073 0.000041 0.000021 
2758528 bfs 1 307 24 0.842000 0.616000  0.000017 0.000014 0.000039 0.000078 0.000041 0.000021 
2758528 bfs 1 307 24 0.842000 0.462000  0.000017 0.000015 0.000040 0.000085 0.000045 0.000023 
2758592 bfs 1 307 24 0.842000 0.539000  0.000017 0.000013 0.000038 0.000076 0.000039 0.000021 
2758592 bfs 1 307 24 0.842000 0.385000  0.000015 0.000014 0.000038 0.000072 0.000041 0.000022 
2758592 bfs 1 307 24 0.842000 0.616000  0.000016 0.000013 0.000039 0.000078 0.000040 0.000022 
2758656 bfs 1 307 24 0.842000 0.539000  0.018034 0.004928 0.010258 0.018116 0.006098 0.002552 
2758656 bfs 1 307 24 0.842000 0.308000  0.000015 0.000014 0.000038 0.000080 0.000040 0.000021 
2758720 bfs 1 307 24 0.842000 0.462000  0.000015 0.000014 0.000038 0.000072 0.000040 0.000021 
2758720 bfs 1 307 24 0.842000 0.308000  0.000077 0.000113 0.000294 0.000665 0.000276 0.000133 
2758784 bfs 1 307 24 0.842000 0.462000  0.000015 0.000014 0.000038 0.000074 0.000043 0.000022 
2758784 bfs 1 307 24 0.842000 0.463000  0.000014 0.000013 0.000036 0.000078 0.000041 0.000021 
2758784 bfs 1 307 24 0.842000 0.463000  0.000015 0.000014 0.000038 0.000075 0.000041 0.000022 
2758848 bfs 1 307 24 0.842000 0.540000  0.000019 0.000014 0.000039 0.000080 0.000041 0.000021 
2758848 bfs 1 307 24 0.842000 0.539000  0.000074 0.000058 0.000159 0.000340 0.000180 0.000090 
2758912 bfs 1 307 24 0.842000 0.616000  0.077199 0.069169 0.191581 0.416499 0.211081 0.109263 
2758912 bfs 1 307 24 0.842000 0.463000  0.011769 0.010507 0.029234 0.055602 0.030198 0.016222 
2758976 bfs 1 307 24 0.842000 0.540000  0.008251 0.007242 0.020168 0.042310 0.022647 0.011472 
2758976 bfs 1 307 24 0.842000 0.386000  0.005672 0.005267 0.014687 0.027886 0.016102 0.008419 
2759040 bfs 1 307 24 0.842000 0.540000  0.004058 0.003696 0.010291 0.019626 0.010560 0.005765 
2759040 bfs 1 307 24 0.842000 0.463000  0.003785 0.003148 0.008502 0.017271 0.009152 0.713026 
2759040 bfs 1 307 24 0.842000 0.539000  0.000019 0.000017 0.000047 0.000092 0.000049 0.000026 
2759104 bfs 1 307 24 0.842000 0.462000  0.000019 0.000018 0.000051 0.000104 0.000056 0.000029 
2759104 bfs 1 307 24 0.842000 0.539000  0.000018 0.000017 0.000047 0.000090 0.000048 0.000026 
2759168 bfs 1 307 24 0.842000 0.462000  0.000022 0.000019 0.000051 0.000108 0.000058 0.000030 
2759168 bfs 1 307 24 0.842000 0.540000  0.001449 0.001276 0.003570 0.007529 0.003733 0.001944 
2759232 bfs 1 307 24 0.842000 0.462000  0.001186 0.001085 0.002998 0.007817 0.003916 0.001946 
2759232 bfs 1 307 24 0.842000 0.463000  0.001214 0.001001 0.002818 0.005608 0.002950 0.001539 
2759232 bfs 1 307 24 0.842000 0.462000  0.001050 0.001343 0.003286 0.006484 0.003827 0.001867 
2759296 bfs 1 307 24 0.842000 0.539000  0.000896 0.000808 0.002252 0.004270 0.002347 0.001253 
2759296 bfs 1 307 24 0.842000 0.463000  0.001085 0.000858 0.002322 0.004866 0.002614 0.001328 
2759360 bfs 1 307 24 0.842000 0.539000  0.000841 0.000733 0.002040 0.004011 0.002155 0.001175 
2759360 bfs 1 307 24 0.842000 0.463000  0.000020 0.000018 0.000054 0.000118 0.000058 0.000034 
2759424 bfs 1 307 24 0.842000 0.539000  0.000020 0.000018 0.000049 0.000096 0.000052 0.000027 
2759424 bfs 1 307 24 0.842000 0.539000  0.000865 0.000680 0.001891 0.003764 0.001952 0.000999 
2759424 bfs 1 307 24 0.842000 0.540000  0.000013 0.000074 0.000049 0.000155 0.000000 0.000009 
2759488 bfs 1 307 24 0.842000 0.462000  0.000687 0.000608 0.002723 0.005836 0.002567 0.001196 
2759552 bfs 1 307 24 0.842000 0.463000  0.000696 0.000566 0.001561 0.003287 0.001723 0.000879 
2759552 bfs 1 307 25 0.842000 0.308000  0.000542 0.000493 0.001672 0.003544 0.001714 0.000855 
2759552 bfs 1 307 24 0.842000 0.462000  0.000571 0.000509 0.001404 0.002804 0.001489 0.000784 
2759616 bfs 1 307 24 0.842000 0.462000  0.000508 0.000473 0.001321 0.002494 0.001360 0.000734 
2759616 bfs 1 307 24 0.842000 0.463000  0.003953 0.009561 0.004248 0.009646 0.000000 0.000260 
2759680 bfs 1 307 24 0.842000 0.385000  0.000621 0.000520 0.001383 0.002676 0.001415 0.000747 
2759680 bfs 1 307 24 0.842000 0.539000  0.000583 0.000485 0.001331 0.002692 0.001388 0.000725 
2759680 bfs 1 307 25 0.842000 0.462000  0.000013 0.000081 0.000054 0.000171 0.000000 0.000009 
2759744 bfs 1 307 24 0.842000 0.539000  0.000012 0.000067 0.000044 0.000139 0.000000 0.000008 
2759744 bfs 1 307 24 0.842000 0.462000  0.000565 0.000480 0.001333 0.002897 0.001496 0.000747 
2759808 bfs 1 307 24 0.842000 0.539000  0.000517 0.000434 0.001213 0.002436 0.001267 0.000668 
2759808 bfs 1 307 24 0.842000 0.462000  0.000014 0.000088 0.000055 0.000177 0.000000 0.000009 
2759872 bfs 1 307 24 0.842000 0.308000  0.000300 0.001130 0.000411 0.001204 0.000000 0.000034 
2759872 bfs 1 307 24 0.842000 0.462000  0.000468 0.000412 0.001166 0.002453 0.001269 0.000656 
2759936 bfs 1 307 24 0.842000 0.308000  0.000423 0.000381 0.001057 0.002042 0.001092 0.000587 
2759936 bfs 1 307 24 0.842000 0.462000  0.000468 0.000412 0.001131 0.002265 0.001235 0.000641 
2759936 bfs 1 307 24 0.842000 0.462000  0.000743 0.000437 0.001154 0.002292 0.001146 0.000603 
2760000 bfs 1 307 24 0.842000 0.463000  0.000464 0.000383 0.001076 0.002201 0.001131 0.000595 
2760000 bfs 1 307 24 0.842000 0.462000  0.000418 0.000376 0.001040 0.002651 0.001345 0.000762 
2760064 bfs 1 307 24 0.842000 0.385000  0.000045 0.000041 0.000114 0.000255 0.000135 0.000073 
2760064 bfs 1 307 24 0.842000 0.462000  0.000047 0.000063 0.000153 0.000364 0.000176 0.000097 
2760128 bfs 1 307 25 0.842000 0.539000  0.000408 0.000360 0.001006 0.002094 0.001037 0.000541 
2760128 bfs 1 307 25 0.842000 0.539000  0.000460 0.000357 0.000976 0.001982 0.001057 0.000549 
2760192 bfs 1 307 24 0.842000 0.694000  0.000338 0.000312 0.000865 0.001632 0.000898 0.000481 
2760192 bfs 1 307 24 0.842000 0.539000  0.000663 0.000374 0.000996 0.002123 0.001068 0.000543 
2760192 bfs 1 307 24 0.842000 0.693000  0.000317 0.000301 0.000841 0.001579 0.000865 0.000474 
2760256 bfs 1 307 24 0.842000 0.462000  0.000012 0.000080 0.000051 0.000166 0.000000 0.000009 
2760256 bfs 1 307 24 0.842000 0.385000  0.000327 0.000289 0.000808 0.001560 0.000827 0.000448 
2760320 bfs 1 307 25 0.842000 0.463000  0.001809 0.000578 0.001389 0.003324 0.001351 0.000629 
2760320 bfs 1 307 25 0.842000 0.539000  0.000378 0.000313 0.000857 0.001812 0.000948 0.000475 
2760384 bfs 1 307 24 0.842000 0.462000  0.000302 0.000293 0.000816 0.001623 0.000841 0.000447 
2760384 bfs 1 307 24 0.842000 0.540000  0.000577 0.000347 0.000954 0.002158 0.001033 0.000504 
2760448 bfs 1 307 24 0.842000 0.462000  0.000290 0.000283 0.000777 0.001580 0.000822 0.000436 
2760448 bfs 1 307 24 0.842000 0.540000  0.000370 0.000299 0.000824 0.001696 0.000959 0.000476 
2760448 bfs 1 307 25 0.842000 0.539000  0.000325 0.000277 0.000790 0.001535 0.000788 0.000423 
2760512 bfs 1 307 25 0.842000 0.462000  0.000012 0.000068 0.000063 0.000188 0.000000 0.000010 
2760512 bfs 1 307 24 0.842000 0.463000  0.000327 0.000268 0.000746 0.001498 0.000775 0.000411 
2760576 bfs 1 307 24 0.842000 0.462000  0.001507 0.003447 0.001612 0.003553 0.000000 0.000116 
2760576 bfs 1 307 25 0.842000 0.386000  0.000319 0.000256 0.000756 0.001578 0.000779 0.000412 
2760640 bfs 1 307 25 0.842000 0.462000  0.000046 0.000041 0.000144 0.000292 0.000169 0.000082 
2760640 bfs 1 307 25 0.842000 0.540000  0.000301 0.000254 0.000696 0.001413 0.000740 0.000391 
2760704 bfs 1 307 25 0.842000 0.462000  0.000269 0.000252 0.000703 0.001411 0.000766 0.000400 
2760704 bfs 1 307 25 0.842000 0.308000  0.000358 0.000267 0.000741 0.001549 0.000772 0.000403 
2760704 bfs 1 307 24 0.842000 0.540000  0.000264 0.000243 0.000860 0.001714 0.001001 0.000500 
2760768 bfs 1 307 25 0.842000 0.539000  0.000286 0.000249 0.000682 0.001364 0.000706 0.000368 
2760768 bfs 1 307 25 0.842000 0.462000  0.000387 0.000272 0.000734 0.001576 0.000802 0.000397 
2760832 bfs 1 307 25 0.842000 0.385000  0.000280 0.000246 0.000692 0.001452 0.000728 0.000380 
2760832 bfs 1 307 25 0.842000 0.463000  0.000485 0.000274 0.000721 0.001580 0.000782 0.000393 
2760896 bfs 1 307 24 0.842000 0.617000  0.000238 0.000227 0.000635 0.001278 0.000645 0.000346 
2760896 bfs 1 307 24 0.842000 0.462000  0.000292 0.000250 0.000665 0.001708 0.000851 0.000406 
2760960 bfs 1 307 24 0.842000 0.540000  0.007690 0.020563 0.008358 0.020652 0.000001 0.000541 
2760960 bfs 1 307 24 0.842000 0.462000  0.000239 0.000223 0.071953 0.178056 0.000009 0.004672 
2760960 bfs 1 307 24 0.842000 0.539000  0.000012 0.000067 0.000045 0.000139 0.000000 0.000009 
2761024 bfs 1 307 24 0.842000 0.463000  0.000276 0.000242 0.001052 0.002166 0.000985 0.000461 
2761024 bfs 1 307 24 0.842000 0.539000  0.000231 0.000213 0.000584 0.001130 0.000623 0.000328 
2761088 bfs 1 307 24 0.842000 0.616000  0.000227 0.000274 0.000696 0.001617 0.000708 0.000351 
2761088 bfs 1 307 24 0.842000 0.616000  0.000250 0.000210 0.000582 0.001200 0.000611 0.000320 
2761152 bfs 1 307 24 0.842000 0.463000  0.000265 0.000217 0.000590 0.001236 0.000663 0.000337 
2761152 bfs 1 307 24 0.842000 0.462000  0.000248 0.000217 0.000605 0.001279 0.000633 0.000330 
2761152 bfs 1 307 24 0.842000 0.463000  0.000224 0.000301 0.000717 0.001777 0.000865 0.000460 
2761216 bfs 1 307 24 0.842000 0.462000  0.000011 0.000065 0.000042 0.000134 0.000000 0.000007 
2761216 bfs 1 307 24 0.842000 0.539000  0.000012 0.000073 0.000049 0.000158 0.000000 0.000008 
2761280 bfs 1 307 24 0.842000 0.308000  0.000011 0.000063 0.000042 0.000131 0.000000 0.000007 
2761280 bfs 1 307 24 0.842000 0.462000  0.000012 0.000073 0.000050 0.000153 0.000000 0.000008 
2761344 bfs 1 307 24 0.842000 0.540000  0.000194 0.000178 0.000502 0.001028 0.000531 0.000281 
2761344 bfs 1 307 24 0.842000 0.462000  0.000198 0.000180 0.000494 0.001293 0.000649 0.000364 
2761408 bfs 1 307 24 0.842000 0.540000  0.000260 0.000184 0.000498 0.001043 0.000538 0.000310 
2761408 bfs 1 307 24 0.842000 0.462000  0.000395 0.000218 0.000570 0.001234 0.000608 0.000303 
2761408 bfs 1 307 24 0.842000 0.540000  0.000206 0.000174 0.000487 0.000953 0.000494 0.000262 
2761472 bfs 1 307 24 0.842000 0.539000  0.000232 0.000191 0.000506 0.001065 0.000570 0.000287 
2761472 bfs 1 307 24 0.842000 0.539000  0.003014 0.010038 0.003566 0.010124 0.000000 0.000222 
2761536 bfs 1 307 24 0.842000 0.616000  0.000223 0.000181 0.000488 0.000985 0.000502 0.000260 
2761536 bfs 1 307 24 0.842000 0.540000  0.000176 0.000161 0.000447 0.002742 0.001026 0.000459 
2761600 bfs 1 307 24 0.842000 0.462000  0.000184 0.000270 0.000946 0.002150 0.000874 0.000392 
2761600 bfs 1 307 24 0.842000 0.463000  0.000189 0.000168 0.000460 0.000890 0.000513 0.000264 
2761664 bfs 1 307 24 0.842000 0.462000  0.000219 0.000179 0.000481 0.000990 0.000537 0.000272 
2761664 bfs 1 307 25 0.842000 0.463000  0.000191 0.000165 0.000461 0.000913 0.000478 0.000250 
2761664 bfs 1 307 24 0.842000 0.463000  0.000223 0.000174 0.000495 0.001034 0.000541 0.000274 
2761728 bfs 1 307 24 0.842000 0.539000  0.000193 0.000163 0.000458 0.000907 0.000471 0.000250 
2761728 bfs 1 307 24 0.842000 0.462000  0.000176 0.000162 0.000444 0.001414 0.000647 0.000313 
2761792 bfs 1 307 24 0.842000 0.616000  0.103951 0.030541 0.063517 0.104201 0.035466 0.015060 
2761792 bfs 1 307 24 0.842000 0.617000  0.000119 0.000046 0.000119 0.000294 0.000129 0.000063 
2761856 bfs 1 307 24 0.842000 0.462000  0.000058 0.000045 0.000115 0.000243 0.000126 0.000067 
2761856 bfs 1 307 24 0.842000 0.463000  0.000217 0.000173 0.000465 0.000986 0.000518 0.000265 
2761856 bfs 1 307 24 0.842000 0.463000  0.000166 0.000158 0.000431 0.000879 0.000441 0.000236 
2761920 bfs 1 307 24 0.842000 0.463000  0.000175 0.000158 0.000463 0.000994 0.000552 0.000276 
2761920 bfs 1 307 25 0.842000 0.386000  0.000158 0.000152 0.000430 0.000876 0.000447 0.000241 
2761984 bfs 1 307 25 0.842000 0.462000  0.000171 0.000227 0.000549 0.001307 0.000636 0.000349 
2761984 bfs 1 307 24 0.842000 0.308000  0.000070 0.000054 0.000145 0.000345 0.000143 0.000072 
2762048 bfs 1 307 24 0.842000 0.539000  0.000208 0.000162 0.000441 0.000929 0.000497 0.000253 
2762048 bfs 1 307 24 0.842000 0.463000  0.000158 0.000151 0.000445 0.000931 0.000450 0.000240 
2762048 bfs 1 307 24 0.842000 0.463000  0.000197 0.000164 0.000449 0.000929 0.000511 0.000256 
2762112 bfs 1 307 24 0.842000 0.540000  0.000166 0.000151 0.000419 0.000854 0.000451 0.000233 
2762112 bfs 1 307 24 0.842000 0.462000  0.000172 0.000147 0.000403 0.000792 0.000436 0.000229 
2762176 bfs 1 307 24 0.842000 0.539000  0.000162 0.000145 0.000397 0.000783 0.000426 0.000230 
2762176 bfs 1 307 24 0.842000 0.462000  0.000155 0.000144 0.000396 0.000754 0.000419 0.000222 
2762240 bfs 1 307 24 0.842000 0.462000  0.000151 0.000139 0.000396 0.000799 0.000425 0.000226 
2762240 bfs 1 307 24 0.842000 0.462000  0.000153 0.000141 0.000389 0.000743 0.000413 0.000218 
2762240 bfs 1 307 24 0.842000 0.539000  0.000038 0.000035 0.000100 0.000189 0.000128 0.000062 
2762304 bfs 1 307 24 0.842000 0.539000  0.000306 0.000163 0.000420 0.000864 0.000430 0.000221 
2762304 bfs 1 307 24 0.842000 0.308000  0.000142 0.000131 0.000365 0.000678 0.000375 0.000202 
2762368 bfs 1 307 24 0.842000 0.462000  0.000181 0.000144 0.000389 0.000807 0.000461 0.000228 
2762368 bfs 1 307 24 0.842000 0.462000  0.000139 0.000128 0.000358 0.000685 0.000365 0.000206 
2762432 bfs 1 307 24 0.842000 0.462000  0.000143 0.000134 0.000377 0.000754 0.000415 0.000216 
2762432 bfs 1 307 24 0.842000 0.462000  0.192542 0.105299 0.263764 0.192599 0.111638 0.061767 
2762432 bfs 1 307 24 0.842000 0.539000  0.000147 0.000134 0.000369 0.000943 0.000472 0.000272 
2762496 bfs 1 307 24 0.842000 0.308000  0.000015 0.000014 0.000038 0.000073 0.000039 0.000021 
2762496 bfs 1 307 24 0.842000 0.462000  0.000016 0.000014 0.000051 0.000103 0.000060 0.000029 
2762560 bfs 1 307 24 0.842000 0.462000  0.000138 0.000125 0.000345 0.000666 0.000361 0.000193 
2762560 bfs 1 307 24 0.842000 0.462000  0.000157 0.000137 0.000378 0.000795 0.000424 0.000217 
2762624 bfs 1 307 24 0.842000 0.540000  0.000166 0.000138 0.000387 0.000801 0.000426 0.000217 
2762624 bfs 1 307 24 0.842000 0.463000  0.000172 0.000139 0.000381 0.000800 0.000421 0.000213 
2762688 bfs 1 307 24 0.842000 0.539000  0.000156 0.000128 0.000358 0.000717 0.000367 0.000191 
2762688 bfs 1 307 24 0.842000 0.462000  0.000019 0.000015 0.000042 0.000088 0.000047 0.000024 
2762688 bfs 1 307 24 0.842000 0.539000  0.000133 0.000120 0.000332 0.000633 0.000344 0.000191 
2762752 bfs 1 307 24 0.842000 0.539000  0.000170 0.000138 0.000361 0.000744 0.000434 0.000215 
2762752 bfs 1 307 24 0.842000 0.385000  0.000129 0.000118 0.000329 0.000634 0.000337 0.000182 
2762816 bfs 1 307 24 0.842000 0.462000  0.000145 0.000130 0.000358 0.000731 0.000392 0.000204 
2762816 bfs 1 307 24 0.842000 0.540000  0.000128 0.000117 0.000346 0.000685 0.000351 0.000186 
2762880 bfs 1 307 24 0.842000 0.616000  0.000342 0.000238 0.000535 0.001258 0.000585 0.000307 
2762880 bfs 1 307 24 0.842000 0.385000  0.000127 0.000116 0.000322 0.000612 0.000333 0.000179 
2762944 bfs 1 307 24 0.842000 0.462000  0.000139 0.000122 0.000443 0.001097 0.000562 0.000260 
2762944 bfs 1 307 24 0.842000 0.462000  0.000128 0.000115 0.000318 0.000609 0.000329 0.000176 
2762944 bfs 1 307 24 0.842000 0.463000  0.000175 0.000153 0.000394 0.000904 0.000434 0.000213 
2763008 bfs 1 307 24 0.842000 0.386000  0.000144 0.000135 0.000354 0.000739 0.000367 0.000189 
2763008 bfs 1 307 24 0.842000 0.462000  0.000132 0.000118 0.000362 0.001125 0.000495 0.000261 
2763072 bfs 1 307 24 0.842000 0.540000  0.083707 0.033574 0.076653 0.084036 0.036715 0.017623 
2763072 bfs 1 307 24 0.842000 0.462000  0.000159 0.000130 0.000355 0.000744 0.000396 0.000199 
2763136 bfs 1 307 25 0.842000 0.540000  0.000139 0.000120 0.000341 0.000703 0.000358 0.000184 
2763136 bfs 1 307 25 0.842000 0.462000  0.000148 0.000123 0.000333 0.000702 0.000376 0.000192 
2763136 bfs 1 307 24 0.842000 0.539000  0.000117 0.000123 0.000346 0.000748 0.000368 0.000185 
2763200 bfs 1 307 24 0.842000 0.463000  0.000141 0.000117 0.000330 0.000680 0.000368 0.000189 
2763200 bfs 1 307 24 0.842000 0.539000  0.000137 0.000115 0.000321 0.000645 0.000332 0.000176 
2763264 bfs 1 307 24 0.842000 0.463000  0.000122 0.000168 0.000404 0.000806 0.000471 0.000230 
2763264 bfs 1 307 24 0.842000 0.539000  0.017472 0.005129 0.010791 0.017529 0.006029 0.002608 
2763328 bfs 1 307 24 0.842000 0.463000  0.000123 0.000113 0.000309 0.000590 0.000329 0.000173 
2763328 bfs 1 307 24 0.842000 0.385000  0.000135 0.000113 0.000314 0.000634 0.000325 0.000173 
2763392 bfs 1 307 24 0.842000 0.462000  0.000148 0.000120 0.000325 0.000682 0.000359 0.000181 
2763392 bfs 1 307 24 0.842000 0.385000  0.000162 0.000120 0.000334 0.000707 0.000351 0.000180 
2763392 bfs 1 307 24 0.842000 0.462000  0.000873 0.000409 0.000912 0.001659 0.000804 0.000377 
2763456 bfs 1 307 24 0.842000 0.540000  0.000145 0.000113 0.000313 0.000634 0.000323 0.000172 
2763456 bfs 1 307 24 0.842000 0.462000  0.000147 0.000121 0.000336 0.000731 0.000375 0.000185 
2763520 bfs 1 307 24 0.842000 0.617000  0.000115 0.000103 0.000285 0.000576 0.000324 0.000168 
2763520 bfs 1 307 24 0.842000 0.463000  0.000139 0.000114 0.000312 0.000644 0.000339 0.000176 
2763584 bfs 1 307 24 0.842000 0.616000  0.000130 0.000123 0.000336 0.001510 0.000561 0.000244 
2763584 bfs 1 307 24 0.842000 0.462000  0.000121 0.000158 0.000379 0.000943 0.000454 0.000216 
2763584 bfs 1 307 24 0.842000 0.539000  0.000035 0.000031 0.000086 0.000168 0.000092 0.000048 
2763648 bfs 1 307 24 0.842000 0.462000  0.000108 0.000099 0.000275 0.000520 0.000287 0.000153 
2763648 bfs 1 307 24 0.842000 0.539000  0.000113 0.000104 0.000283 0.000538 0.000304 0.000159 
2763712 bfs 1 307 24 0.842000 0.463000  0.000105 0.000097 0.000277 0.000532 0.000283 0.000151 
2763712 bfs 1 307 24 0.842000 0.540000  0.000111 0.000101 0.000280 0.000538 0.000296 0.000157 
2763776 bfs 1 307 24 0.842000 0.463000  0.000129 0.000107 0.000285 0.000589 0.000299 0.000155 
2763776 bfs 1 307 24 0.842000 0.462000  0.000115 0.000164 0.000595 0.001147 0.000470 0.000232 
2763840 bfs 1 307 24 0.842000 0.463000  0.000107 0.000100 0.000276 0.000567 0.000303 0.000158 
2763840 bfs 1 307 24 0.842000 0.463000  0.000115 0.000100 0.000279 0.000556 0.000287 0.000154 
2763840 bfs 1 307 24 0.842000 0.462000  0.000186 0.000107 0.000287 0.000595 0.000368 0.000181 
2763904 bfs 1 307 24 0.842000 0.462000  0.000115 0.000099 0.000282 0.000563 0.000284 0.000176 
2763904 bfs 1 307 24 0.842000 0.462000  0.000131 0.000108 0.000288 0.000586 0.000318 0.000160 
2763968 bfs 1 307 24 0.842000 0.540000  0.000119 0.000102 0.000296 0.000636 0.000328 0.000165 
2763968 bfs 1 307 24 0.842000 0.462000  0.000124 0.000104 0.000277 0.000560 0.000303 0.000157 
2764032 bfs 1 307 24 0.842000 0.463000  0.000115 0.000094 0.000260 0.000502 0.000265 0.000143 
2764032 bfs 1 307 24 0.842000 0.462000  0.000104 0.000096 0.000342 0.000773 0.000430 0.000203 
2764096 bfs 1 307 24 0.842000 0.616000  0.000010 0.000063 0.000041 0.000131 0.000000 0.000007 
2764096 bfs 1 307 24 0.842000 0.540000  0.000098 0.000089 0.000250 0.000473 0.000259 0.000139 
2764160 bfs 1 307 24 0.842000 0.462000  0.000113 0.000102 0.000271 0.000688 0.000316 0.000158 
2764160 bfs 1 307 24 0.842000 0.463000  0.000093 0.000088 0.000247 0.000457 0.000255 0.000138 
2764160 bfs 1 307 24 0.842000 0.462000  0.000096 0.000088 0.000246 0.000474 0.000256 0.000138 
2764224 bfs 1 307 24 0.842000 0.463000  0.000176 0.000159 0.000476 0.001165 0.000479 0.000231 
2764224 bfs 1 307 24 0.842000 0.616000  0.000265 0.000123 0.000346 0.000767 0.000377 0.000179 
2764288 bfs 1 307 24 0.842000 0.462000  0.000100 0.000091 0.000251 0.000484 0.000269 0.000140 
2764288 bfs 1 307 24 0.842000 0.539000  0.000108 0.000091 0.000255 0.000511 0.000267 0.000141 
2764352 bfs 1 307 24 0.842000 0.463000  0.000121 0.000098 0.000267 0.000544 0.000287 0.000147 
2764352 bfs 1 307 24 0.842000 0.616000  0.000109 0.000088 0.000247 0.000495 0.000276 0.000144 
2764352 bfs 1 307 24 0.842000 0.462000  0.000118 0.000094 0.000254 0.000993 0.000422 0.000204 
2764416 bfs 1 307 24 0.842000 0.308000  0.000090 0.000085 0.000236 0.000446 0.000242 0.000131 
2764416 bfs 1 307 24 0.842000 0.540000  0.000106 0.000089 0.000316 0.000661 0.000375 0.000180 
2764480 bfs 1 307 24 0.842000 0.539000  0.000332 0.000291 0.000847 0.001697 0.000879 0.000461 
2764480 bfs 1 307 24 0.842000 0.463000  0.000123 0.000094 0.000255 0.000536 0.000283 0.000145 
2764480 bfs 1 307 24 0.842000 0.308000  0.000119 0.000095 0.000264 0.000555 0.000274 0.000143 
2764544 bfs 1 307 24 0.842000 0.540000  0.000107 0.000090 0.000250 0.000610 0.000331 0.000158 
2764544 bfs 1 307 24 0.842000 0.462000  0.000087 0.000082 0.000229 0.000443 0.000240 0.000129 
2764608 bfs 1 307 24 0.842000 0.462000  0.000116 0.000096 0.000255 0.000526 0.000281 0.000143 
2764608 bfs 1 307 24 0.842000 0.539000  0.000090 0.000081 0.000228 0.000433 0.000233 0.000126 
2764672 bfs 1 307 24 0.842000 0.463000  0.000092 0.000085 0.000390 0.000741 0.000354 0.000173 
2764672 bfs 1 307 24 0.842000 0.539000  0.000095 0.000081 0.000236 0.000484 0.000254 0.000132 
2764736 bfs 1 307 24 0.842000 0.463000  0.000174 0.000101 0.000265 0.000573 0.000289 0.000146 
2764736 bfs 1 307 24 0.842000 0.462000  0.000086 0.000080 0.000223 0.000423 0.000227 0.000124 
2764736 bfs 1 307 24 0.842000 0.462000  0.000092 0.000084 0.000300 0.000588 0.000299 0.000170 
2764800 bfs 1 307 24 0.842000 0.540000  0.000089 0.000085 0.000236 0.000481 0.000254 0.000131 
2764800 bfs 1 307 24 0.842000 0.462000  0.000158 0.000099 0.000264 0.000572 0.000289 0.000143 
2764864 bfs 1 307 24 0.842000 0.463000  0.000085 0.000078 0.000219 0.000411 0.000225 0.000121 
2764864 bfs 1 307 24 0.842000 0.463000  0.000090 0.000082 0.000227 0.000434 0.000240 0.000127 
2764928 bfs 1 307 24 0.842000 0.540000  0.000086 0.000085 0.000239 0.000508 0.000256 0.000133 
2764928 bfs 1 307 24 0.842000 0.462000  0.000099 0.000083 0.000226 0.000448 0.000243 0.000127 
2764992 bfs 1 307 24 0.842000 0.540000  0.000009 0.000050 0.000034 0.000104 0.000000 0.000006 
2764992 bfs 1 307 24 0.842000 0.462000  0.000096 0.000085 0.000237 0.000487 0.000270 0.000136 
2765056 bfs 1 307 24 0.842000 0.540000  0.000301 0.001150 0.000418 0.001237 0.000000 0.000033 
2765056 bfs 1 307 24 0.842000 0.385000  0.000085 0.000076 0.000222 0.000442 0.000227 0.000120 
2765056 bfs 1 307 24 0.842000 0.462000  0.000095 0.000081 0.000226 0.000460 0.000250 0.000129 
2765120 bfs 1 307 24 0.842000 0.463000  0.000086 0.000076 0.000211 0.000412 0.000217 0.000117 
2765120 bfs 1 307 24 0.842000 0.462000  0.000090 0.000117 0.000282 0.000583 0.000336 0.000160 
2765184 bfs 1 307 24 0.842000 0.308000  0.001850 0.005399 0.002134 0.005450 0.000000 0.000138 
2765184 bfs 1 307 24 0.842000 0.462000  0.000228 0.000205 0.000724 0.001485 0.000858 0.000414 
2765248 bfs 1 307 24 0.842000 0.308000  0.000080 0.000074 0.000206 0.000390 0.000213 0.000114 
2765248 bfs 1 307 24 0.842000 0.616000  0.000093 0.000078 0.000213 0.000415 0.000226 0.000119 
2765312 bfs 1 307 24 0.842000 0.308000  0.000081 0.000073 0.000204 0.000387 0.000209 0.000113 
2765312 bfs 1 307 24 0.842000 0.462000  0.000084 0.000078 0.000213 0.000411 0.000227 0.000120 
2765312 bfs 1 307 24 0.842000 0.385000  0.000082 0.000073 0.000215 0.000720 0.000312 0.000153 
2765376 bfs 1 307 24 0.842000 0.462000  0.000083 0.000076 0.000210 0.000396 0.000221 0.000118 
2765376 bfs 1 307 24 0.842000 0.540000  0.000141 0.000087 0.000226 0.000461 0.000231 0.000119 
2765440 bfs 1 307 24 0.842000 0.385000  0.000089 0.000078 0.000213 0.000435 0.000221 0.000117 
2765440 bfs 1 307 24 0.842000 0.616000  0.000084 0.000077 0.000209 0.000531 0.000273 0.000136 
2765504 bfs 1 307 24 0.842000 0.539000  0.000008 0.000048 0.000035 0.000115 0.000000 0.000006 
2765504 bfs 1 307 24 0.842000 0.462000  0.000007 0.000006 0.000018 0.000035 0.000023 0.000011 
2765504 bfs 1 307 24 0.842000 0.385000  0.000078 0.000072 0.000198 0.000380 0.000207 0.000110 
2765568 bfs 1 307 24 0.842000 0.462000  0.000105 0.000121 0.000432 0.000768 0.000349 0.000169 
2765568 bfs 1 307 24 0.842000 0.385000  0.000077 0.000070 0.000196 0.000377 0.000203 0.000108 
2765632 bfs 1 307 24 0.842000 0.462000  0.247657 0.127564 0.313633 0.248308 0.137968 0.072312 
2765632 bfs 1 307 24 0.842000 0.540000  0.000077 0.000071 0.000196 0.000373 0.000205 0.000109 
2765632 bfs 1 307 24 0.842000 0.462000  0.000079 0.000074 0.000203 0.000447 0.000225 0.000117 
2765696 bfs 1 307 24 0.842000 0.308000  0.000077 0.000070 0.000194 0.000370 0.000200 0.000108 
2765696 bfs 1 307 24 0.842000 0.539000  0.000086 0.000073 0.000202 0.000404 0.000207 0.000110 
2765760 bfs 1 307 24 0.842000 0.463000  0.000158 0.000089 0.000235 0.000504 0.000251 0.000125 
2765760 bfs 1 307 24 0.842000 0.540000  0.000096 0.000077 0.000217 0.000444 0.000220 0.000114 
2765824 bfs 1 307 24 0.842000 0.463000  0.000079 0.000073 0.000200 0.000500 0.000257 0.000147 
2765824 bfs 1 307 24 0.842000 0.308000  0.000079 0.000073 0.000199 0.000377 0.000211 0.000111 
2765888 bfs 1 307 24 0.842000 0.308000  0.000074 0.000069 0.000190 0.000354 0.000197 0.000106 
2765888 bfs 1 307 24 0.842000 0.462000  0.000080 0.000072 0.000197 0.000376 0.000210 0.000110 
2765952 bfs 1 307 24 0.842000 0.540000  0.000075 0.000077 0.000202 0.000418 0.000210 0.000108 
2765952 bfs 1 307 24 0.842000 0.462000  0.000072 0.000067 0.000187 0.000361 0.000194 0.000105 
2765952 bfs 1 307 24 0.842000 0.463000  0.000096 0.000075 0.000206 0.000423 0.000227 0.000117 
2766016 bfs 1 307 24 0.842000 0.462000  0.000385 0.026880 0.064189 0.057409 0.029159 0.014859 
2766016 bfs 1 307 24 0.842000 0.539000  0.000139 0.000130 0.000363 0.000687 0.000373 0.000201 
2766080 bfs 1 307 24 0.842000 0.462000  0.000155 0.000136 0.000377 0.000732 0.000398 0.000210 
2766080 bfs 1 307 24 0.842000 0.462000  0.000171 0.000147 0.000406 0.000828 0.000442 0.000226 
2766144 bfs 1 307 24 0.842000 0.463000  0.000139 0.000127 0.000357 0.000670 0.000366 0.000197 
2766144 bfs 1 307 24 0.842000 0.462000  0.000009 0.000052 0.000035 0.000110 0.000000 0.000006 
2766208 bfs 1 307 24 0.842000 0.540000  0.000008 0.000114 0.000057 0.000195 0.000000 0.000007 
2766208 bfs 1 307 24 0.842000 0.462000  0.000008 0.000050 0.000033 0.000106 0.000000 0.000006 
2766272 bfs 1 307 24 0.842000 0.308000  0.082897 0.045807 0.114861 0.083276 0.048292 0.026870 
2766272 bfs 1 307 24 0.842000 0.385000  0.000137 0.000080 0.000204 0.000422 0.000207 0.000104 
2766336 bfs 1 307 24 0.842000 0.539000  0.000066 0.000061 0.000170 0.000323 0.000179 0.000096 
2766336 bfs 1 307 24 0.842000 0.463000  0.000070 0.000064 0.000176 0.000340 0.000186 0.000099 
2766336 bfs 1 307 24 0.842000 0.540000  0.000065 0.000068 0.000182 0.000368 0.000190 0.000099 
2766400 bfs 1 307 24 0.842000 0.462000  0.000069 0.000094 0.000243 0.000587 0.000278 0.000148 
2766400 bfs 1 307 24 0.842000 0.540000  0.000109 0.000070 0.000183 0.000382 0.000302 0.000148 
2766464 bfs 1 307 24 0.842000 0.539000  0.000069 0.000063 0.000174 0.000346 0.000189 0.000098 
2766464 bfs 1 307 24 0.842000 0.540000  0.000075 0.000064 0.000177 0.000356 0.000184 0.000097 
2766528 bfs 1 307 24 0.842000 0.539000  0.000081 0.000065 0.000183 0.000385 0.000202 0.000105 
2766528 bfs 1 307 24 0.842000 0.617000  0.000107 0.000070 0.000186 0.000394 0.000194 0.000100 
2766528 bfs 1 307 24 0.842000 0.463000  0.000069 0.000063 0.000221 0.000447 0.000225 0.000130 
2766592 bfs 1 307 24 0.842000 0.540000  0.000075 0.000063 0.000176 0.000354 0.000186 0.000097 
2766592 bfs 1 307 24 0.842000 0.462000  0.000068 0.000062 0.000171 0.000327 0.000182 0.000096 
2766656 bfs 1 307 24 0.842000 0.308000  0.000026 0.000023 0.000064 0.000125 0.000068 0.000036 
2766656 bfs 1 307 24 0.842000 0.463000  0.000080 0.000066 0.000180 0.000424 0.000210 0.000106 
2766720 bfs 1 307 24 0.842000 0.540000  0.000064 0.000103 0.000286 0.068405 0.025710 0.011605 
2766720 bfs 1 307 24 0.842000 0.462000  0.000068 0.000091 0.000218 0.000437 0.000257 0.000124 
2766784 bfs 1 307 24 0.842000 0.462000  0.070662 0.023299 0.050612 0.071038 0.026609 0.011955 
2766784 bfs 1 307 24 0.842000 0.539000  0.000062 0.000058 0.000187 0.000382 0.000187 0.000097 
2766848 bfs 1 307 24 0.842000 0.463000  0.000028 0.000024 0.000066 0.000136 0.000071 0.000037 
2766848 bfs 1 307 24 0.842000 0.385000  0.000063 0.000057 0.000159 0.000304 0.000164 0.000088 
2766912 bfs 1 307 24 0.842000 0.462000  0.000032 0.000025 0.000070 0.000149 0.000078 0.000040 
2766912 bfs 1 307 24 0.842000 0.463000  0.000062 0.000057 0.000157 0.000299 0.000163 0.000087 
2766976 bfs 1 307 24 0.842000 0.463000  0.000083 0.000065 0.000175 0.000383 0.000197 0.000099 
2766976 bfs 1 307 24 0.842000 0.308000  0.000060 0.000056 0.000156 0.000297 0.000161 0.000087 
2767040 bfs 1 307 24 0.842000 0.462000  0.000080 0.000064 0.000174 0.000373 0.000193 0.000098 
2767040 bfs 1 307 24 0.842000 0.308000  0.000061 0.000056 0.000155 0.000295 0.000161 0.000086 
2767040 bfs 1 307 24 0.842000 0.462000  0.000076 0.000096 0.000234 0.000564 0.000242 0.000114 
2767104 bfs 1 307 24 0.842000 0.308000  0.000058 0.000055 0.000164 0.000321 0.000165 0.000087 
2767104 bfs 1 307 24 0.842000 0.539000  0.000127 0.000072 0.000185 0.000390 0.000196 0.000098 
2767168 bfs 1 307 24 0.842000 0.617000  0.000128 0.000093 0.000283 0.000706 0.000300 0.000150 
2767168 bfs 1 307 24 0.842000 0.462000  0.000063 0.000058 0.000159 0.000301 0.000168 0.000089 
2767232 bfs 1 307 24 0.842000 0.539000  0.017070 0.006462 0.013870 0.017167 0.006961 0.003234 
2767232 bfs 1 307 24 0.842000 0.463000  0.000073 0.000063 0.000227 0.000455 0.000228 0.000110 
2767296 bfs 1 307 24 0.842000 0.463000  0.000339 0.000133 0.000317 0.000707 0.000303 0.000169 
2767296 bfs 1 307 24 0.842000 0.539000  0.000061 0.000057 0.000157 0.000295 0.000201 0.000102 
2767360 bfs 1 307 24 0.842000 0.463000  0.021406 0.008084 0.017302 0.021503 0.008736 0.004054 
2767360 bfs 1 307 24 0.842000 0.462000  0.000030 0.000025 0.000068 0.000145 0.000077 0.000039 
2767360 bfs 1 307 24 0.842000 0.539000  0.000738 0.000238 0.000459 0.000834 0.000329 0.000142 
2767424 bfs 1 307 24 0.842000 0.462000  0.000026 0.000024 0.000065 0.000126 0.000069 0.000037 
2767424 bfs 1 307 24 0.842000 0.308000  0.000025 0.000022 0.000062 0.000121 0.000065 0.000035 
2767488 bfs 1 307 24 0.842000 0.540000  0.000183 0.000078 0.000192 0.000456 0.000205 0.000101 
2767488 bfs 1 307 24 0.842000 0.308000  0.000057 0.000053 0.000148 0.000280 0.000153 0.000082 
2767552 bfs 1 307 24 0.842000 0.539000  0.000063 0.000035 0.000102 0.000197 0.000110 0.000053 
2767552 bfs 1 307 24 0.842000 0.616000  0.000120 0.000082 0.000232 0.000607 0.000245 0.000121 
2767616 bfs 1 307 24 0.842000 0.462000  0.000069 0.000067 0.000176 0.000381 0.000188 0.000093 
2767616 bfs 1 307 24 0.842000 0.540000  0.000025 0.000022 0.000062 0.000127 0.000070 0.000037 
2767680 bfs 1 307 24 0.842000 0.463000  0.000061 0.000093 0.000218 0.000536 0.000245 0.000130 
2767680 bfs 1 307 24 0.842000 0.462000  0.000026 0.000023 0.000064 0.000127 0.000069 0.000036 
2767680 bfs 1 307 24 0.842000 0.385000  0.000063 0.000056 0.000176 0.000378 0.000188 0.000094 
2767744 bfs 1 307 24 0.842000 0.463000  0.000057 0.000051 0.000144 0.000274 0.000148 0.000080 
2767744 bfs 1 307 24 0.842000 0.539000  0.000070 0.000057 0.000160 0.000332 0.000175 0.000090 
2767808 bfs 1 307 24 0.842000 0.308000  0.000055 0.000051 0.000143 0.000270 0.000147 0.000079 
2767808 bfs 1 307 24 0.842000 0.462000  0.008179 0.003049 0.007030 0.008279 0.003482 0.001403 
2767872 bfs 1 307 24 0.842000 0.540000  0.000056 0.000051 0.000143 0.000269 0.000148 0.000079 
2767872 bfs 1 307 24 0.842000 0.539000  0.000028 0.000024 0.000066 0.000137 0.000074 0.000037 
2767936 bfs 1 307 24 0.842000 0.386000  0.000110 0.000059 0.000156 0.000332 0.000158 0.000083 
2767936 bfs 1 307 24 0.842000 0.462000  0.000026 0.000034 0.000082 0.000169 0.000096 0.000047 
2768000 bfs 1 307 24 0.842000 0.308000  0.000119 0.000080 0.000225 0.000631 0.000270 0.000128 
2768000 bfs 1 307 24 0.842000 0.462000  0.000014 0.000013 0.000038 0.000071 0.000048 0.000023 
2768000 bfs 1 307 24 0.842000 0.463000  0.002297 0.000580 0.001120 0.002390 0.000798 0.000321 
2768064 bfs 1 307 24 0.842000 0.540000  0.000072 0.000058 0.000158 0.000330 0.000180 0.000090 
2768064 bfs 1 307 24 0.842000 0.463000  0.000116 0.000153 0.010940 0.016030 0.006128 0.002689 
2768128 bfs 1 307 24 0.842000 0.539000  0.000062 0.000055 0.000153 0.000318 0.000174 0.000087 
2768128 bfs 1 307 24 0.842000 0.462000  0.000154 0.000107 0.000406 0.000878 0.000393 0.000176 
2768192 bfs 1 307 24 0.842000 0.539000  0.000057 0.000052 0.000204 0.000416 0.000230 0.000110 
2768192 bfs 1 307 24 0.842000 0.463000  0.000113 0.000103 0.000284 0.000544 0.000301 0.000159 
2768256 bfs 1 307 24 0.842000 0.463000  0.000071 0.000055 0.000150 0.000321 0.000173 0.000085 
2768256 bfs 1 307 24 0.842000 0.463000  0.000058 0.000051 0.000142 0.000273 0.000150 0.000079 
2768320 bfs 1 307 24 0.842000 0.462000  0.000065 0.000053 0.000143 0.000278 0.000148 0.000078 
2768320 bfs 1 307 24 0.842000 0.540000  0.000102 0.000095 0.000265 0.000501 0.000271 0.000146 
2768320 bfs 1 307 24 0.842000 0.462000  0.000417 0.000179 0.000458 0.001064 0.000458 0.000211 
2768384 bfs 1 307 24 0.842000 0.539000  0.019812 0.006966 0.014882 0.019930 0.007736 0.003525 
2768384 bfs 1 307 24 0.842000 0.539000  0.000051 0.000048 0.000134 0.000256 0.000139 0.000075 
2768448 bfs 1 307 24 0.842000 0.540000  0.000058 0.000083 0.000328 0.000667 0.000314 0.000145 
2768448 bfs 1 307 24 0.842000 0.385000  0.000051 0.000048 0.000134 0.000253 0.000137 0.000074 
2768512 bfs 1 307 24 0.842000 0.463000  0.000104 0.000060 0.000158 0.000345 0.000169 0.000084 
2768512 bfs 1 307 24 0.842000 0.385000  0.000052 0.000048 0.000133 0.000249 0.000137 0.000074 
2768576 bfs 1 307 24 0.842000 0.539000  0.000122 0.000100 0.000280 0.000578 0.000303 0.000156 
2768576 bfs 1 307 24 0.842000 0.385000  0.000051 0.000047 0.000132 0.000252 0.000137 0.000078 
2768640 bfs 1 307 24 0.842000 0.462000  0.000053 0.000073 0.000177 0.000342 0.000203 0.000100 
2768640 bfs 1 307 24 0.842000 0.616000  0.013840 0.003577 0.007155 0.014233 0.004683 0.001848 
2768704 bfs 1 307 24 0.842000 0.463000  0.000065 0.000054 0.000148 0.000303 0.000163 0.000082 
2768704 bfs 1 307 24 0.842000 0.539000  0.000090 0.000067 0.000320 0.000751 0.000282 0.000149 
2768768 bfs 1 307 24 0.842000 0.463000  0.000055 0.000049 0.000135 0.000267 0.000151 0.000078 
2768768 bfs 1 307 24 0.842000 0.462000  0.000093 0.000061 0.000171 0.000357 0.000164 0.000082 
2768768 bfs 1 307 24 0.842000 0.462000  0.000092 0.000058 0.000156 0.000331 0.000168 0.000084 
2768832 bfs 1 307 24 0.842000 0.463000  0.000056 0.000049 0.000134 0.000264 0.000144 0.000075 
2768832 bfs 1 307 24 0.842000 0.462000  0.000051 0.000046 0.000129 0.000243 0.000133 0.000071 
2768896 bfs 1 307 24 0.842000 0.540000  0.000031 0.000023 0.000062 0.000129 0.000067 0.000035 
2768896 bfs 1 307 24 0.842000 0.539000  0.000059 0.000047 0.000148 0.000308 0.000159 0.000104 
2768960 bfs 1 307 24 0.842000 0.616000  0.000152 0.000062 0.000159 0.000375 0.000170 0.000084 
2768960 bfs 1 307 24 0.842000 0.308000  0.000049 0.000045 0.000127 0.000235 0.000129 0.000070 
2769024 bfs 1 307 24 0.842000 0.540000  0.000052 0.000048 0.000170 0.000347 0.000175 0.000097 
2769024 bfs 1 307 24 0.842000 0.540000  0.000092 0.000084 0.000231 0.000444 0.000243 0.000129 
2769088 bfs 1 307 24 0.842000 0.462000  0.000064 0.000057 0.000153 0.000330 0.000172 0.000084 
2769088 bfs 1 307 24 0.842000 0.463000  0.000049 0.000045 0.000125 0.000241 0.000131 0.000070 
2769088 bfs 1 307 24 0.842000 0.462000  0.000024 0.000022 0.000060 0.000118 0.000064 0.000034 
2769152 bfs 1 307 24 0.842000 0.385000  0.000202 0.000084 0.000202 0.000390 0.000183 0.000091 
2769152 bfs 1 307 24 0.842000 0.463000  0.003628 0.001582 0.003443 0.003723 0.001689 0.000800 
2769216 bfs 1 307 24 0.842000 0.385000  0.000049 0.000044 0.000124 0.000239 0.000129 0.000069 
2769216 bfs 1 307 24 0.842000 0.617000  0.000063 0.000048 0.000132 0.000270 0.000143 0.000073 
2769280 bfs 1 307 24 0.842000 0.463000  0.000047 0.000044 0.000123 0.000234 0.000127 0.000069 
2769280 bfs 1 307 24 0.842000 0.463000  0.000060 0.000052 0.000141 0.000312 0.000154 0.000079 
2769344 bfs 1 307 24 0.842000 0.540000  0.048280 0.013748 0.028437 0.049031 0.016935 0.007118 
2769344 bfs 1 307 24 0.842000 0.462000  0.000063 0.000052 0.000140 0.000281 0.000146 0.000073 
2769344 bfs 1 307 24 0.842000 0.540000  0.000052 0.000047 0.000164 0.000337 0.000167 0.000096 
2769408 bfs 1 307 24 0.842000 0.385000  0.000048 0.000044 0.000122 0.000230 0.000126 0.000067 
2769408 bfs 1 307 24 0.842000 0.539000  0.000024 0.000022 0.000059 0.000115 0.000064 0.000033 
2769472 bfs 1 307 24 0.842000 0.462000  0.000029 0.000022 0.000059 0.000135 0.000066 0.000035 
2769472 bfs 1 307 24 0.842000 0.539000  0.000063 0.000048 0.000129 0.000254 0.000137 0.000071 
2769536 bfs 1 307 24 0.842000 0.463000  0.000047 0.000043 0.000121 0.000229 0.000125 0.000067 
2769536 bfs 1 307 24 0.842000 0.540000  0.000055 0.000048 0.000130 0.000263 0.000142 0.000074 
2769536 bfs 1 307 24 0.842000 0.308000  0.000047 0.000043 0.000143 0.000311 0.000145 0.000073 
2769600 bfs 1 307 24 0.842000 0.462000  0.000029 0.000023 0.000063 0.000131 0.000070 0.000036 
2769664 bfs 1 307 24 0.842000 0.463000  0.118169 0.040088 0.085265 0.118489 0.045024 0.020059 
2769664 bfs 1 307 24 0.842000 0.462000  0.000049 0.000045 0.000167 0.000352 0.000194 0.000093 
2769728 bfs 1 307 24 0.842000 0.539000  0.122584 0.041174 0.087318 0.122894 0.046480 0.020627 
2769728 bfs 1 307 24 0.842000 0.462000  0.000061 0.000050 0.000137 0.000326 0.000159 0.000078 
2769728 bfs 1 307 24 0.842000 0.308000  0.128820 0.042581 0.090046 0.129128 0.048389 0.021350 
2769792 bfs 1 307 24 0.842000 0.462000  0.000104 0.000085 0.000258 0.000671 0.000303 0.000144 
2769792 bfs 1 307 24 0.842000 0.385000  0.000047 0.000043 0.000119 0.000228 0.000123 0.000066 
2769856 bfs 1 307 24 0.842000 0.462000  0.000057 0.000048 0.000133 0.000352 0.000164 0.000080 
2769856 bfs 1 307 24 0.842000 0.386000  0.000045 0.000042 0.000118 0.000221 0.000120 0.000065 
2769920 bfs 1 307 24 0.842000 0.693000  0.000058 0.000046 0.000129 0.000265 0.000150 0.000075 
2769920 bfs 1 307 25 0.842000 0.308000  0.000047 0.000042 0.000117 0.000221 0.000122 0.000065 
2769984 bfs 1 307 25 0.842000 0.462000  0.000061 0.000047 0.000129 0.000275 0.000142 0.000072 
2769984 bfs 1 307 24 0.842000 0.308000  0.000045 0.000042 0.000116 0.000255 0.000126 0.000066 
2769984 bfs 1 307 24 0.842000 0.539000  0.000053 0.000046 0.000129 0.000265 0.000142 0.000072 
2770048 bfs 1 307 24 0.842000 0.462000  0.000045 0.000042 0.000126 0.000249 0.000127 0.000067 
2770048 bfs 1 307 24 0.842000 0.462000  0.000026 0.000021 0.000057 0.000113 0.000061 0.000032 
2770112 bfs 1 307 24 0.842000 0.308000  0.000080 0.000063 0.000202 0.000515 0.000226 0.000109 
2770112 bfs 1 307 24 0.842000 0.462000  0.000058 0.000047 0.000128 0.000258 0.000139 0.000071 
2770176 bfs 1 307 24 0.842000 0.462000  0.057396 0.018805 0.039742 0.057682 0.021463 0.009498 
2770176 bfs 1 307 24 0.842000 0.462000  0.000023 0.000031 0.000075 0.000179 0.000087 0.000047 
2770240 bfs 1 307 24 0.842000 0.462000  0.000047 0.000043 0.000153 0.000308 0.000179 0.000087 
2770240 bfs 1 307 24 0.842000 0.385000  0.000045 0.000041 0.000114 0.000218 0.000118 0.000063 
2770304 bfs 1 307 24 0.842000 0.462000  0.000023 0.000021 0.000057 0.000111 0.000061 0.000032 
2770304 bfs 1 307 24 0.842000 0.540000  0.000044 0.000049 0.000128 0.000258 0.000131 0.000067 
2770304 bfs 1 307 24 0.842000 0.539000  0.000119 0.000067 0.000167 0.000431 0.000189 0.000091 
2770368 bfs 1 307 24 0.842000 0.462000  0.000056 0.000045 0.000123 0.000254 0.000135 0.000069 
2770368 bfs 1 307 24 0.842000 0.539000  0.000053 0.000044 0.000120 0.000240 0.000128 0.000067 
2770432 bfs 1 307 24 0.842000 0.462000  0.000057 0.000045 0.000124 0.000259 0.000138 0.000070 
2770432 bfs 1 307 24 0.842000 0.540000  0.000047 0.000042 0.000116 0.000241 0.000131 0.000091 
2770496 bfs 1 307 24 0.842000 0.462000  0.000053 0.000046 0.000126 0.000263 0.000141 0.000071 
2770496 bfs 1 307 24 0.842000 0.462000  0.000047 0.000042 0.000116 0.000224 0.000123 0.000065 
2770560 bfs 1 307 24 0.842000 0.462000  0.000046 0.000606 0.001338 0.000938 0.000569 0.000323 
2770560 bfs 1 307 24 0.842000 0.539000  0.000023 0.000021 0.000057 0.000111 0.000061 0.000032 
2770560 bfs 1 307 24 0.842000 0.462000  0.000054 0.000046 0.000124 0.000244 0.000128 0.000067 
2770624 bfs 1 307 24 0.842000 0.462000  0.006121 0.001661 0.003592 0.006168 0.002181 0.000874 
2770624 bfs 1 307 24 0.842000 0.462000  0.000045 0.000048 0.000131 0.000284 0.000143 0.000071 
2770688 bfs 1 307 24 0.842000 0.540000  0.000052 0.000043 0.000118 0.000248 0.000128 0.000067 
2770688 bfs 1 307 24 0.842000 0.385000  0.000051 0.000045 0.000120 0.000234 0.000123 0.000064 
2770752 bfs 1 307 24 0.842000 0.540000  0.000123 0.000061 0.000146 0.000357 0.000173 0.000093 
2770752 bfs 1 307 24 0.842000 0.462000  0.000042 0.000039 0.000109 0.000202 0.000112 0.000060 
2770816 bfs 1 307 24 0.842000 0.462000  0.000055 0.000045 0.000120 0.000293 0.000140 0.000069 
2770816 bfs 1 307 24 0.842000 0.308000  0.000042 0.000038 0.000117 0.000312 0.000143 0.000071 
2770880 bfs 1 307 24 0.842000 0.539000  0.000330 0.000240 0.000656 0.001510 0.000731 0.000340 
2770880 bfs 1 307 24 0.842000 0.539000  0.000042 0.000038 0.000107 0.000202 0.000111 0.000059 
2770944 bfs 1 307 24 0.842000 0.462000  0.000054 0.000043 0.000115 0.000228 0.000122 0.000071 
2770944 bfs 1 307 24 0.842000 0.385000  0.000041 0.000038 0.000106 0.000201 0.000109 0.000059 
2771008 bfs 1 307 24 0.842000 0.539000  0.000180 0.000085 0.000223 0.000520 0.000239 0.000117 
2771008 bfs 1 307 24 0.842000 0.385000  0.000042 0.000038 0.000106 0.000204 0.000109 0.000058 
2771072 bfs 1 307 24 0.842000 0.539000  0.000050 0.000043 0.000117 0.000238 0.000127 0.000065 
2771072 bfs 1 307 24 0.842000 0.385000  0.000130 0.000078 0.000200 0.000539 0.000198 0.000094 
2771072 bfs 1 307 24 0.842000 0.462000  0.000049 0.000043 0.000114 0.000237 0.000128 0.000066 
2771136 bfs 1 307 24 0.842000 0.539000  0.025936 0.008304 0.017622 0.026252 0.009530 0.004150 
2771136 bfs 1 307 24 0.842000 0.463000  0.000052 0.000044 0.000124 0.000264 0.000136 0.000068 
2771200 bfs 1 307 24 0.842000 0.616000  0.000048 0.000041 0.000115 0.000245 0.000128 0.000065 
2771200 bfs 1 307 24 0.842000 0.462000  0.000048 0.000041 0.000109 0.000213 0.000114 0.000091 
2771264 bfs 1 307 24 0.842000 0.539000  0.000043 0.000039 0.000110 0.000231 0.000121 0.000062 
2771264 bfs 1 307 24 0.842000 0.462000  0.000027 0.000021 0.000058 0.000122 0.000066 0.000033 
2771328 bfs 1 307 24 0.842000 0.462000  0.000021 0.000019 0.000053 0.000101 0.000054 0.000029 
2771328 bfs 1 307 24 0.842000 0.462000  0.000022 0.000020 0.000055 0.000107 0.000062 0.000032 
2771328 bfs 1 307 24 0.842000 0.540000  0.000109 0.000064 0.000152 0.000404 0.000180 0.000086 
2771392 bfs 1 307 24 0.842000 0.463000  0.000052 0.000041 0.000113 0.000231 0.000124 0.000064 
2771392 bfs 1 307 24 0.842000 0.540000  0.000065 0.000060 0.000168 0.000320 0.000172 0.000093 
2771456 bfs 1 307 24 0.842000 0.462000  0.000051 0.000041 0.000138 0.000313 0.000150 0.000072 
2771456 bfs 1 307 24 0.842000 0.462000  0.000041 0.000043 0.000131 0.000319 0.000138 0.000068 
2771520 bfs 1 307 24 0.842000 0.462000  0.000044 0.000056 0.000136 0.000323 0.000160 0.000086 
2771520 bfs 1 307 24 0.842000 0.462000  0.000042 0.000038 0.000105 0.000205 0.000113 0.000059 
2771520 bfs 1 307 24 0.842000 0.463000  0.000047 0.000040 0.000118 0.000247 0.000133 0.000066 
2771584 bfs 1 307 24 0.842000 0.539000  0.000042 0.000038 0.000105 0.000204 0.000112 0.000059 
2771584 bfs 1 307 24 0.842000 0.463000  0.000047 0.000039 0.000106 0.000234 0.000119 0.000061 
2771648 bfs 1 307 24 0.842000 0.539000  0.000039 0.000037 0.000104 0.000210 0.000108 0.000058 
2771648 bfs 1 307 24 0.842000 0.463000  0.000050 0.000040 0.000111 0.000231 0.000124 0.000063 
2771712 bfs 1 307 24 0.842000 0.462000  0.000039 0.000036 0.000100 0.000190 0.000102 0.000055 
2771712 bfs 1 307 24 0.842000 0.462000  0.000045 0.000037 0.000101 0.000195 0.000106 0.000056 
2771712 bfs 1 307 24 0.842000 0.385000  0.000038 0.000036 0.000100 0.000188 0.000103 0.000055 
2771776 bfs 1 307 24 0.842000 0.462000  0.000042 0.000056 0.000162 0.000319 0.000155 0.000085 
2771776 bfs 1 307 24 0.842000 0.308000  0.000039 0.000036 0.000100 0.000190 0.000103 0.000055 
2771840 bfs 1 307 24 0.842000 0.462000  0.000052 0.000042 0.000111 0.000231 0.000121 0.000062 
2771840 bfs 1 307 24 0.842000 0.385000  0.000038 0.000035 0.000099 0.000189 0.000106 0.000056 
2771904 bfs 1 307 24 0.842000 0.540000  0.000041 0.000055 0.000133 0.000273 0.000154 0.000076 
2771904 bfs 1 307 24 0.842000 0.540000  0.000039 0.000037 0.000105 0.000210 0.000108 0.000057 
2771968 bfs 1 307 24 0.842000 0.385000  0.000041 0.000037 0.000102 0.000196 0.000118 0.000061 
2771968 bfs 1 307 24 0.842000 0.617000  0.000038 0.000035 0.000105 0.000205 0.000105 0.000056 
2772032 bfs 1 307 24 0.842000 0.462000  0.000040 0.000037 0.000102 0.000198 0.000107 0.000057 
2772032 bfs 1 307 24 0.842000 0.540000  0.000037 0.000035 0.000103 0.000217 0.000106 0.000056 
2772032 bfs 1 307 24 0.842000 0.539000  0.075521 0.025388 0.055091 0.075775 0.028191 0.012553 
2772096 bfs 1 307 24 0.842000 0.385000  0.000038 0.000035 0.000098 0.000185 0.000100 0.000054 
2772096 bfs 1 307 24 0.842000 0.462000  0.000041 0.000035 0.000098 0.000188 0.000101 0.000054 
2772160 bfs 1 307 24 0.842000 0.462000  0.000067 0.000043 0.000115 0.000251 0.000129 0.000063 
2772160 bfs 1 307 24 0.842000 0.539000  0.000038 0.000035 0.000097 0.000186 0.000102 0.000055 
2772224 bfs 1 307 24 0.842000 0.462000  0.000047 0.000039 0.000107 0.000215 0.000114 0.000060 
2772224 bfs 1 307 24 0.842000 0.617000  0.000045 0.000039 0.000105 0.000209 0.000116 0.000059 
2772288 bfs 1 307 24 0.842000 0.462000  0.000040 0.000056 0.000233 0.088390 0.031275 0.013402 
2772288 bfs 1 307 24 0.842000 0.539000  0.000037 0.000034 0.000097 0.000182 0.000099 0.000055 
2772288 bfs 1 307 24 0.842000 0.308000  0.000038 0.000035 0.000096 0.000180 0.000100 0.000054 
2772352 bfs 1 307 24 0.842000 0.463000  0.000100 0.000054 0.000157 0.000313 0.000150 0.000082 
2772352 bfs 1 307 24 0.842000 0.462000  0.000058 0.000054 0.000152 0.000286 0.000155 0.000084 
2772416 bfs 1 307 24 0.842000 0.462000  0.000042 0.000036 0.000102 0.000202 0.000105 0.000056 
2772416 bfs 1 307 24 0.842000 0.616000  0.000049 0.000039 0.000106 0.000218 0.000117 0.000060 
2772480 bfs 1 307 24 0.842000 0.540000  0.000042 0.000036 0.000104 0.000202 0.000106 0.000056 
2772480 bfs 1 307 24 0.842000 0.462000  0.000081 0.000044 0.000119 0.000287 0.000134 0.000064 
2772480 bfs 1 307 24 0.842000 0.462000  0.000049 0.000036 0.000101 0.000212 0.000106 0.000056 
2772544 bfs 1 307 24 0.842000 0.462000  0.000039 0.000036 0.000099 0.000250 0.000129 0.000069 
2772544 bfs 1 307 24 0.842000 0.540000  0.000045 0.000035 0.000097 0.000198 0.000105 0.000056 
2772608 bfs 1 307 24 0.842000 0.463000  0.000049 0.000038 0.000104 0.000210 0.000112 0.000058 
2772608 bfs 1 307 24 0.842000 0.539000  0.000049 0.000038 0.000104 0.000219 0.000115 0.000059 
2772672 bfs 1 307 24 0.842000 0.463000  0.000047 0.000042 0.000109 0.000222 0.000111 0.000056 
2772672 bfs 1 307 24 0.842000 0.539000  0.000037 0.000035 0.000096 0.000188 0.000099 0.000053 
2772672 bfs 1 307 24 0.842000 0.463000  0.000048 0.000038 0.000104 0.000249 0.000124 0.000061 
2772736 bfs 1 307 24 0.842000 0.462000  0.000036 0.000034 0.000097 0.000194 0.000102 0.000054 
2772736 bfs 1 307 24 0.842000 0.616000  0.000038 0.000052 0.000126 0.000287 0.000144 0.000081 
2772800 bfs 1 307 24 0.842000 0.462000  0.069978 0.021081 0.044295 0.070110 0.024464 0.010456 
2772800 bfs 1 307 24 0.842000 0.463000  0.000039 0.000035 0.000097 0.000185 0.000104 0.000055 
2772864 bfs 1 307 24 0.842000 0.539000  0.000037 0.000033 0.000094 0.000177 0.000097 0.000052 
2772864 bfs 1 307 24 0.842000 0.539000  0.000039 0.000035 0.000097 0.000196 0.000104 0.000055 
2772928 bfs 1 307 24 0.842000 0.308000  0.000037 0.000033 0.000093 0.000217 0.000108 0.000055 
2772928 bfs 1 307 24 0.842000 0.462000  0.000038 0.000035 0.000096 0.000184 0.000103 0.000054 
2772928 bfs 1 307 24 0.842000 0.462000  0.000019 0.000017 0.000049 0.000105 0.000054 0.000028 
2772992 bfs 1 307 24 0.842000 0.616000  0.000038 0.000035 0.000096 0.000183 0.000103 0.000054 
2772992 bfs 1 307 24 0.842000 0.462000  0.000035 0.000033 0.000092 0.000188 0.000100 0.000052 
2773056 bfs 1 307 24 0.842000 0.462000  0.000039 0.000035 0.000096 0.000187 0.000102 0.000054 
2773056 bfs 1 307 24 0.842000 0.462000  0.003786 0.001345 0.002906 0.003862 0.001543 0.000662 
2773120 bfs 1 307 24 0.842000 0.462000  0.000051 0.000039 0.000105 0.000404 0.000177 0.000084 
2773120 bfs 1 307 24 0.842000 0.308000  0.000036 0.000033 0.000092 0.000175 0.000094 0.000051 
2773184 bfs 1 307 24 0.842000 0.463000  0.000045 0.000037 0.000100 0.000225 0.000109 0.000057 
2773184 bfs 1 307 24 0.842000 0.308000  0.000037 0.000037 0.000103 0.000216 0.000106 0.000055 
2773184 bfs 1 307 24 0.842000 0.539000  0.000046 0.000038 0.000104 0.000219 0.000115 0.000060 
2773248 bfs 1 307 24 0.842000 0.385000  0.000035 0.000033 0.000189 0.000378 0.000157 0.000077 
2773248 bfs 1 307 24 0.842000 0.462000  0.000044 0.000036 0.000102 0.000212 0.000111 0.000057 
2773312 bfs 1 307 24 0.842000 0.308000  0.000037 0.000033 0.000091 0.000174 0.000093 0.000050 
2773312 bfs 1 307 24 0.842000 0.462000  0.000038 0.000034 0.000095 0.000182 0.000122 0.000061 
2773312 bfs 1 307 24 0.842000 0.462000  0.000036 0.000033 0.000091 0.000176 0.000094 0.000050 
2773376 bfs 1 307 24 0.842000 0.539000  0.000050 0.000036 0.000098 0.000204 0.000105 0.000055 
2773376 bfs 1 307 24 0.842000 0.463000  0.000035 0.000032 0.000090 0.000170 0.000093 0.000052 
2773440 bfs 1 307 24 0.842000 0.463000  0.000041 0.000036 0.000098 0.000198 0.000107 0.000055 
2773440 bfs 1 307 24 0.842000 0.462000  0.000035 0.000032 0.000090 0.000170 0.000092 0.000050 
2773504 bfs 1 307 24 0.842000 0.540000  0.125927 0.038734 0.083218 0.127334 0.044870 0.019746 
2773504 bfs 1 307 24 0.842000 0.308000  0.000036 0.000032 0.000090 0.000172 0.000093 0.000050 
2773568 bfs 1 307 24 0.842000 0.540000  0.000038 0.000034 0.000093 0.000181 0.000101 0.000054 
2773568 bfs 1 307 24 0.842000 0.462000  0.000035 0.000032 0.000090 0.000168 0.000092 0.000050 
2773632 bfs 1 307 24 0.842000 0.539000  0.000038 0.000056 0.000130 0.000276 0.000148 0.000071 
2773632 bfs 1 307 24 0.842000 0.308000  0.000041 0.000034 0.000095 0.000198 0.000112 0.000056 
2773696 bfs 1 307 24 0.842000 0.463000  0.000042 0.000035 0.000097 0.000203 0.000110 0.000057 
2773696 bfs 1 307 24 0.842000 0.308000  0.000036 0.000034 0.000093 0.000186 0.000097 0.000051 
2773760 bfs 1 307 24 0.842000 0.539000  0.000039 0.000034 0.000125 0.000274 0.000146 0.000070 
2773760 bfs 1 307 24 0.842000 0.463000  0.000052 0.000035 0.000098 0.000196 0.000099 0.000052 
2773760 bfs 1 307 24 0.842000 0.462000  0.000043 0.000035 0.000096 0.000201 0.000107 0.000054 
2773824 bfs 1 307 24 0.842000 0.385000  0.000039 0.000033 0.000094 0.000182 0.000095 0.000051 
2773824 bfs 1 307 24 0.842000 0.462000  0.000058 0.000039 0.000101 0.000211 0.000111 0.000056 
2773888 bfs 1 307 24 0.842000 0.463000  0.000035 0.000032 0.000091 0.000181 0.000096 0.000051 
2773888 bfs 1 307 24 0.842000 0.462000  0.000046 0.000036 0.000099 0.000207 0.000109 0.000055 
2773888 bfs 1 307 24 0.842000 0.539000  0.000039 0.000033 0.000093 0.000181 0.000094 0.000051 
2773952 bfs 1 307 24 0.842000 0.462000  0.000041 0.000034 0.000095 0.000197 0.000105 0.000054 
2773952 bfs 1 307 24 0.842000 0.386000  0.000045 0.000036 0.000100 0.000219 0.000104 0.000054 
2774016 bfs 1 307 24 0.842000 0.462000  0.000041 0.000035 0.000098 0.000200 0.000106 0.000055 
2774016 bfs 1 307 24 0.842000 0.539000  0.000038 0.000033 0.000092 0.000182 0.000098 0.000051 
2774080 bfs 1 307 24 0.842000 0.462000  0.000037 0.000033 0.000090 0.000175 0.000097 0.000051 
2774080 bfs 1 307 24 0.842000 0.539000  0.000034 0.000031 0.000087 0.000166 0.000090 0.000048 
2774080 bfs 1 307 24 0.842000 0.462000  0.000039 0.000034 0.000096 0.000194 0.000112 0.000056 
2774144 bfs 1 307 24 0.842000 0.540000  0.000033 0.000031 0.000086 0.000164 0.000089 0.000048 
2774144 bfs 1 307 24 0.842000 0.539000  0.000041 0.000035 0.000094 0.000198 0.000105 0.000054 
2774208 bfs 1 307 24 0.842000 0.308000  0.000034 0.000035 0.000094 0.000186 0.000096 0.000050 
2774208 bfs 1 307 24 0.842000 0.539000  0.000036 0.000033 0.000090 0.000176 0.000096 0.000051 
2774272 bfs 1 307 24 0.842000 0.539000  0.000034 0.000031 0.000086 0.000164 0.000089 0.000048 
2774272 bfs 1 307 24 0.842000 0.462000  0.000037 0.000034 0.000119 0.000298 0.000137 0.000065 
2774272 bfs 1 307 24 0.842000 0.308000  0.000033 0.000031 0.000086 0.000162 0.000088 0.000049 
2774336 bfs 1 307 24 0.842000 0.463000  0.000038 0.000033 0.000093 0.000286 0.000168 0.000078 
2774336 bfs 1 307 24 0.842000 0.308000  0.000039 0.000032 0.000092 0.000198 0.000097 0.000050 
2774400 bfs 1 307 24 0.842000 0.462000  0.204625 0.064832 0.138865 0.205474 0.074155 0.032861 
2774400 bfs 1 307 24 0.842000 0.539000  0.000047 0.000043 0.000120 0.000228 0.000123 0.000066 
2774464 bfs 1 307 24 0.842000 0.462000  0.000056 0.000049 0.000133 0.000273 0.000150 0.000076 
2774464 bfs 1 307 24 0.842000 0.385000  0.000046 0.000043 0.000120 0.000224 0.000122 0.000066 
2774528 bfs 1 307 24 0.842000 0.540000  0.000035 0.000032 0.000089 0.000169 0.000095 0.000050 
2774528 bfs 1 307 24 0.842000 0.539000  0.063032 0.020288 0.043155 0.063196 0.023042 0.010056 
2774528 bfs 1 307 24 0.842000 0.462000  0.000040 0.000049 0.000119 0.000285 0.000126 0.000060 
2774592 bfs 1 307 24 0.842000 0.617000  0.000037 0.000032 0.000090 0.000178 0.000092 0.000049 
2774592 bfs 1 307 24 0.842000 0.462000  0.000041 0.000035 0.000097 0.000203 0.000109 0.000055 
2774656 bfs 1 307 24 0.842000 0.308000  0.000038 0.000031 0.000089 0.000176 0.000092 0.000049 
2774656 bfs 1 307 24 0.842000 0.462000  0.000043 0.000034 0.000094 0.000192 0.000106 0.000054 
2774720 bfs 1 307 24 0.842000 0.540000  0.000044 0.000032 0.000089 0.000176 0.000092 0.000049 
2774720 bfs 1 307 24 0.842000 0.463000  0.000040 0.000034 0.000092 0.000191 0.000102 0.000053 
2774720 bfs 1 307 24 0.842000 0.540000  0.000042 0.000034 0.000096 0.000198 0.000102 0.000052 
2774784 bfs 1 307 24 0.842000 0.462000  0.000071 0.000039 0.000108 0.000248 0.000113 0.000056 
2774784 bfs 1 307 24 0.842000 0.385000  0.000037 0.000032 0.000088 0.000175 0.000089 0.000047 
2774848 bfs 1 307 24 0.842000 0.539000  0.000042 0.000034 0.000093 0.000193 0.000103 0.000053 
2774848 bfs 1 307 24 0.842000 0.463000  0.076046 0.024208 0.051230 0.076142 0.027521 0.011984 
2774912 bfs 1 307 24 0.842000 0.540000  0.000044 0.000032 0.000086 0.000189 0.000094 0.000049 
2774912 bfs 1 307 24 0.842000 0.462000  0.000035 0.000032 0.000087 0.000171 0.000093 0.000049 
2774912 bfs 1 307 24 0.842000 0.308000  0.000058 0.000033 0.000090 0.000195 0.000093 0.000048 
2774976 bfs 1 307 24 0.842000 0.462000  0.000140 0.000054 0.000217 0.000454 0.000182 0.000083 
2774976 bfs 1 307 24 0.842000 0.385000  0.000032 0.000030 0.000084 0.000158 0.000085 0.000046 
2775040 bfs 1 307 24 0.842000 0.539000  0.000035 0.000032 0.000112 0.000221 0.000131 0.000065 
2775040 bfs 1 307 24 0.842000 0.308000  0.000032 0.000030 0.000083 0.000156 0.000086 0.000046 
2775104 bfs 1 307 24 0.842000 0.539000  0.000042 0.000033 0.000089 0.000173 0.000095 0.000049 
2775104 bfs 1 307 24 0.842000 0.308000  0.000032 0.000030 0.000083 0.000155 0.000085 0.000046 
2775168 bfs 1 307 24 0.842000 0.616000  0.000039 0.000032 0.000089 0.000180 0.000096 0.000049 
2775168 bfs 1 307 24 0.842000 0.463000  0.000031 0.000029 0.000083 0.000159 0.000085 0.000046 
2775168 bfs 1 307 24 0.842000 0.462000  0.000034 0.000031 0.000087 0.000169 0.000091 0.000048 
2775232 bfs 1 307 24 0.842000 0.462000  0.000040 0.000070 0.000301 0.000717 0.000254 0.000106 
2775232 bfs 1 307 24 0.842000 0.462000  0.000052 0.000033 0.000089 0.000176 0.000090 0.000047 
2775296 bfs 1 307 24 0.842000 0.462000  0.000284 0.000194 0.004649 0.003464 0.002056 0.000848 
2775296 bfs 1 307 25 0.842000 0.462000  0.094546 0.029414 0.062207 0.094618 0.033677 0.014603 
2775360 bfs 1 307 24 0.842000 0.462000  0.000041 0.000035 0.000093 0.000194 0.000103 0.000052 
2775360 bfs 1 307 24 0.842000 0.540000  0.000034 0.000031 0.000085 0.000178 0.000093 0.000049 
2775424 bfs 1 307 24 0.842000 0.462000  0.000034 0.000029 0.000083 0.000173 0.000085 0.000046 
2775424 bfs 1 307 24 0.842000 0.539000  0.000009 0.000008 0.000022 0.000044 0.000028 0.000014 
2775488 bfs 1 307 24 0.842000 0.308000  0.941840 -0.926175 1.003887 -0.926072 0.000013 0.026356 
2775488 bfs 1 307 24 0.842000 0.616000  0.000016 0.000093 0.000062 0.000194 0.000000 0.000011 
2775552 bfs 1 307 24 0.842000 0.463000  0.000051 0.000038 0.000106 0.000239 0.000111 0.000057 
2775552 bfs 1 307 24 0.842000 0.616000  0.000041 0.000031 0.000086 0.000179 0.000090 0.000048 
2775616 bfs 1 307 24 0.842000 0.616000  0.000033 0.000029 0.000081 0.000161 0.000083 0.000045 
2775616 bfs 1 307 24 0.842000 0.539000  0.000043 0.000030 0.000083 0.000184 0.000084 0.000046 
2775680 bfs 1 307 24 0.842000 0.539000  0.000032 0.000029 0.000081 0.000153 0.000083 0.000045 
2775680 bfs 1 307 24 0.842000 0.462000  0.000034 0.000031 0.000084 0.000161 0.000090 0.000047 
2775680 bfs 1 307 24 0.842000 0.385000  0.000031 0.000029 0.000080 0.000151 0.000082 0.000046 
2775744 bfs 1 307 24 0.842000 0.462000  0.000048 0.000033 0.000092 0.000198 0.000100 0.000051 
2775744 bfs 1 307 24 0.842000 0.385000  0.000031 0.000029 0.000080 0.000154 0.000083 0.000044 
2775808 bfs 1 307 24 0.842000 0.462000  0.000031 0.000029 0.000080 0.000162 0.000084 0.000045 
2775808 bfs 1 307 25 0.842000 0.461000  0.000060 0.000040 0.000102 0.000260 0.000118 0.000057 
2775872 bfs 1 307 25 0.842000 0.539000  0.000035 0.000030 0.000085 0.000170 0.000087 0.000047 
2775872 bfs 1 307 24 0.842000 0.462000  0.115476 0.035969 0.075728 0.115546 0.040999 0.017841 
2775872 bfs 1 307 24 0.842000 0.540000  0.000041 0.000033 0.000091 0.000194 0.000095 0.000050 
2775936 bfs 1 307 24 0.842000 0.540000  0.000036 0.000031 0.011724 0.034546 0.000001 0.000695 
2775936 bfs 1 307 24 0.842000 0.617000  0.000015 0.000087 0.000059 0.000180 0.000000 0.000012 
2776000 bfs 1 307 24 0.842000 0.462000  0.000030 0.000028 0.000079 0.000152 0.000082 0.000044 
2776000 bfs 1 307 24 0.842000 0.462000  0.000039 0.000032 0.000086 0.000177 0.000091 0.000047 
2776064 bfs 1 307 24 0.842000 0.308000  0.000031 0.000035 0.000090 0.000181 0.000090 0.000047 
2776064 bfs 1 307 24 0.842000 0.540000  0.000037 0.000031 0.000169 0.000329 0.000143 0.000073 
2776128 bfs 1 307 24 0.842000 0.308000  0.000036 0.000030 0.000083 0.000170 0.000088 0.000046 
2776128 bfs 1 307 24 0.842000 0.616000  0.000032 0.000030 0.000082 0.000155 0.000086 0.000064 
2776192 bfs 1 307 25 0.842000 0.385000  0.000031 0.000028 0.000078 0.000149 0.000081 0.000044 
2776192 bfs 1 307 25 0.842000 0.694000  0.000184 0.000071 0.000150 0.000374 0.000166 0.000074 
2776256 bfs 1 307 25 0.842000 0.539000  0.000036 0.000031 0.000086 0.000178 0.000095 0.000049 
2776256 bfs 1 307 24 0.842000 0.463000  0.000061 0.000035 0.000093 0.000201 0.000101 0.000051 
2776256 bfs 1 307 24 0.842000 0.540000  0.000034 0.000029 0.000084 0.000192 0.000089 0.000047 
2776320 bfs 1 307 24 0.842000 0.463000  0.000039 0.000032 0.000085 0.000177 0.000095 0.000049 
2776320 bfs 1 307 24 0.842000 0.540000  0.011598 0.035139 0.013046 0.035225 0.000001 0.000834 
2776384 bfs 1 307 24 0.842000 0.463000  0.000040 0.000031 0.000085 0.000180 0.000096 0.000049 
2776384 bfs 1 307 24 0.842000 0.540000  0.000035 0.000028 0.000079 0.000159 0.000082 0.000045 
2776448 bfs 1 307 24 0.842000 0.462000  0.000033 0.000029 0.000081 0.000166 0.000090 0.000046 
2776448 bfs 1 307 24 0.842000 0.386000  0.000030 0.000029 0.000082 0.000165 0.000086 0.000045 
2776512 bfs 1 307 24 0.842000 0.462000  0.000031 0.000043 0.000103 0.000248 0.000121 0.000059 
2776512 bfs 1 307 24 0.842000 0.463000  0.000038 0.000029 0.000083 0.000163 0.000087 0.000045 
2776512 bfs 1 307 25 0.842000 0.462000  0.000031 0.000029 0.000080 0.000149 0.000084 0.000045 
2776576 bfs 1 307 24 0.842000 0.385000  0.000035 0.000031 0.000084 0.000179 0.000088 0.000048 
2776576 bfs 1 307 24 0.842000 0.462000  0.000035 0.000031 0.000084 0.000171 0.000092 0.000047 
2776640 bfs 1 307 24 0.842000 0.385000  0.000029 0.000027 0.000076 0.000143 0.000078 0.000042 
2776640 bfs 1 307 24 0.842000 0.463000  0.000036 0.000042 0.000104 0.000218 0.000109 0.000054 
2776704 bfs 1 307 24 0.842000 0.462000  0.000031 0.000027 0.000076 0.000148 0.000079 0.000042 
2776704 bfs 1 307 24 0.842000 0.463000  0.000031 0.000029 0.000079 0.000152 0.000084 0.000044 
2776704 bfs 1 307 24 0.842000 0.385000  0.000029 0.000027 0.000076 0.000142 0.000078 0.000042 
2776768 bfs 1 307 24 0.842000 0.463000  0.000018 0.000105 0.000062 0.000206 0.000000 0.000011 
2776768 bfs 1 307 24 0.842000 0.463000  0.000013 0.000078 0.000052 0.000163 0.000000 0.000009 
2776832 bfs 1 307 24 0.842000 0.539000  0.000031 0.000029 0.000078 0.000150 0.000083 0.000044 
2776832 bfs 1 307 24 0.842000 0.540000  0.000037 0.000031 0.000083 0.000163 0.000085 0.000044 
2776896 bfs 1 307 24 0.842000 0.540000  0.000029 0.000027 0.000081 0.000162 0.000086 0.000044 
2776896 bfs 1 307 24 0.842000 0.461000  0.000030 0.000027 0.000075 0.000143 0.000077 0.000041 
2776960 bfs 1 307 24 0.842000 0.463000  0.000038 0.000032 0.000085 0.000184 0.000095 0.000047 
2776960 bfs 1 307 24 0.842000 0.386000  0.000029 0.000027 0.000075 0.000142 0.000076 0.000041 
2777024 bfs 1 307 24 0.842000 0.463000  0.000034 0.000029 0.000081 0.000165 0.000088 0.000045 
2777024 bfs 1 307 24 0.842000 0.463000  0.000028 0.000027 0.000074 0.000202 0.000104 0.000050 
2777024 bfs 1 307 24 0.842000 0.462000  0.000037 0.000030 0.000083 0.000175 0.000093 0.000047 
2777088 bfs 1 307 24 0.842000 0.385000  0.000030 0.000027 0.000074 0.000143 0.000076 0.000041 
2777088 bfs 1 307 24 0.842000 0.539000  0.000036 0.000030 0.000082 0.000169 0.000089 0.000046 
2777152 bfs 1 307 24 0.842000 0.462000  0.000029 0.000027 0.000074 0.000141 0.000076 0.000041 
2777152 bfs 1 307 24 0.842000 0.463000  0.000032 0.000028 0.000080 0.000164 0.000086 0.000044 
2777216 bfs 1 307 24 0.842000 0.308000  0.000028 0.000027 0.000074 0.000140 0.000076 0.000041 
2777216 bfs 1 307 24 0.842000 0.539000  0.000030 0.000028 0.000077 0.000146 0.000081 0.000043 
2777216 bfs 1 307 24 0.842000 0.462000  0.000028 0.000026 0.000074 0.000140 0.000076 0.000041 
2777280 bfs 1 307 24 0.842000 0.539000  0.000031 0.000028 0.000077 0.000151 0.000081 0.000043 
2777280 bfs 1 307 24 0.842000 0.463000  0.000034 0.000030 0.000083 0.000166 0.000086 0.000044 
2777344 bfs 1 307 24 0.842000 0.539000  0.000029 0.000029 0.000081 0.000168 0.000084 0.000044 
2777344 bfs 1 307 24 0.842000 0.463000  0.000038 0.000031 0.000082 0.000173 0.000090 0.000046 
2777408 bfs 1 307 24 0.842000 0.540000  0.000029 0.000028 0.000077 0.000157 0.000080 0.000043 
2777408 bfs 1 307 24 0.842000 0.462000  0.000031 0.000028 0.000098 0.000196 0.000103 0.000057 
2777408 bfs 1 307 24 0.842000 0.462000  0.000029 0.000028 0.000076 0.000156 0.000083 0.000043 
2777472 bfs 1 307 24 0.842000 0.463000  0.000023 0.000018 0.000047 0.000103 0.000053 0.000026 
2777472 bfs 1 307 24 0.842000 0.539000  0.000033 0.000027 0.000077 0.000155 0.000081 0.000042 
2777536 bfs 1 307 24 0.842000 0.463000  0.000082 0.000041 0.000099 0.000246 0.000116 0.000063 
2777536 bfs 1 307 24 0.842000 0.540000  0.000003 0.000021 0.000017 0.000042 0.000000 0.000002 
2777600 bfs 1 307 24 0.842000 0.539000  0.000028 0.000141 0.000074 0.000279 0.000000 0.000013 
2777600 bfs 1 307 24 0.842000 0.540000  0.000029 0.000027 0.000075 0.000146 0.000078 0.000041 
2777664 bfs 1 307 24 0.842000 0.462000  0.000037 0.000029 0.000078 0.000197 0.000099 0.000049 
2777664 bfs 1 307 24 0.842000 0.385000  0.000028 0.000027 0.000075 0.000145 0.000076 0.000041 
2777664 bfs 1 307 24 0.842000 0.539000  0.000051 0.000030 0.000079 0.000162 0.000083 0.000043 
2777728 bfs 1 307 24 0.842000 0.385000  0.003043 0.006465 0.003092 0.006487 0.000000 0.000208 
2777728 bfs 1 307 24 0.842000 0.463000  0.000014 0.000082 0.000071 0.000222 0.000000 0.000012 
2777792 bfs 1 307 24 0.842000 0.385000  0.000029 0.000030 0.000077 0.000155 0.000080 0.000042 
2777792 bfs 1 307 24 0.842000 0.539000  0.000030 0.000027 0.000075 0.000145 0.000079 0.000042 
2777856 bfs 1 307 24 0.842000 0.463000  0.000028 0.000026 0.000072 0.000136 0.000073 0.000040 
2777856 bfs 1 307 24 0.842000 0.539000  0.000032 0.000028 0.000077 0.000157 0.000080 0.000042 
2777920 bfs 1 307 24 0.842000 0.463000  0.000014 0.000160 0.000079 0.000251 0.000000 0.000012 
2777920 bfs 1 307 24 0.842000 0.540000  0.000032 0.000027 0.000076 0.000151 0.000081 0.000042 
2777920 bfs 1 307 24 0.842000 0.539000  0.000030 0.000027 0.000074 0.000142 0.000079 0.000049 
2777984 bfs 1 307 24 0.842000 0.462000  0.000038 0.000027 0.000074 0.000144 0.000076 0.000040 
2777984 bfs 1 307 24 0.842000 0.462000  0.000037 0.000028 0.000079 0.000164 0.000085 0.000043 
2778048 bfs 1 307 24 0.842000 0.385000  0.000028 0.000025 0.000071 0.000135 0.000073 0.000039 
2778048 bfs 1 307 24 0.842000 0.462000  0.000029 0.000027 0.000074 0.000140 0.000078 0.000041 
2778112 bfs 1 307 24 0.842000 0.463000  0.000028 0.000026 0.000071 0.000133 0.000073 0.000039 
2778112 bfs 1 307 24 0.842000 0.463000  0.000030 0.000027 0.000073 0.000153 0.000082 0.000042 
2778176 bfs 1 307 24 0.842000 0.308000  0.000029 0.000027 0.000073 0.000143 0.000079 0.000041 
2778176 bfs 1 307 24 0.842000 0.385000  0.000030 0.000027 0.000075 0.000147 0.000077 0.000041 
2778176 bfs 1 307 24 0.842000 0.308000  0.000033 0.000029 0.000080 0.000169 0.000088 0.000045 
2778240 bfs 1 307 24 0.842000 0.386000  0.000036 0.000027 0.000073 0.000161 0.000081 0.000042 
2778240 bfs 1 307 24 0.842000 0.308000  0.000029 0.000027 0.000073 0.000272 0.000123 0.000058 
2778304 bfs 1 307 24 0.842000 0.385000  0.000028 0.000025 0.000071 0.000138 0.000074 0.000040 
2778304 bfs 1 307 24 0.842000 0.308000  0.000038 0.000029 0.000078 0.000165 0.000087 0.000044 
2778368 bfs 1 307 24 0.842000 0.308000  0.000012 0.000072 0.000048 0.000150 0.000000 0.000009 
2778368 bfs 1 307 24 0.842000 0.463000  0.000015 0.000175 0.000090 0.000275 0.000000 0.000012 
