#Timestamp	Benchmark	Run(#)	CPU Frequency (MHz)	CPU Temperature(C)	CPU Voltage(V)	CPU Power(W)	CPU_CYCLES	L1_DATA_CACHE_ACCESS	INSTRUCTIONS_RETIRED	BUS_CYCLES	L1I_CACHE_ACCESS	PREDICTABLE_BRANCH_SPECULATIVELY_EXECUTED
4646464 b+tree 1 825 25 0.976000 0.694000  0.000023 0.000018 0.000051 0.000108 0.000052 0.000028 
4646464 b+tree 1 825 26 0.976000 0.848000  0.000147 0.000048 0.000120 0.000238 0.000104 0.000049 
4646464 b+tree 1 825 26 0.976000 0.308000  0.000024 0.000019 0.000054 0.000110 0.000056 0.000029 
4646528 b+tree 1 825 26 0.976000 0.771000  0.000025 0.000021 0.000056 0.000117 0.000062 0.000032 
4646528 b+tree 1 825 25 0.976000 0.540000  0.000027 0.000019 0.000055 0.000130 0.000057 0.000030 
4646528 b+tree 1 825 25 0.976000 0.616000  0.000022 0.000019 0.000052 0.000103 0.000056 0.000029 
4646592 b+tree 1 825 26 0.976000 0.616000  0.000028 0.000020 0.000054 0.000135 0.000076 0.000045 
4646592 b+tree 1 825 26 0.976000 0.616000  0.000025 0.000020 0.000055 0.000118 0.000061 0.000031 
4646656 b+tree 1 825 26 0.976000 1.234000  0.000025 0.000020 0.000054 0.000155 0.000071 0.000034 
4646656 b+tree 1 825 26 0.976000 0.694000  0.000026 0.000019 -0.574093 -0.009311 0.000012 0.025193 
4646656 b+tree 1 825 26 0.976000 1.001000  0.000026 0.000020 0.000055 0.000120 0.000062 0.000032 
4646720 b+tree 1 825 26 0.976000 0.616000  0.000031 0.000036 0.000089 0.000177 0.000072 0.000044 
4646720 b+tree 1 825 26 0.976000 0.616000  0.000026 0.000021 0.000055 0.000114 0.000057 0.000029 
4646720 b+tree 1 825 26 0.976000 0.924000  0.000021 0.000019 0.000052 0.000102 0.000056 0.000029 
4646784 b+tree 1 825 26 0.976000 0.694000  -1.407278 0.003409 -1.304910 0.003529 0.000028 0.058124 
4646784 b+tree 1 825 26 0.976000 0.924000  0.000026 0.000021 0.000056 0.000122 0.000063 0.000032 
4646784 b+tree 1 825 26 0.976000 0.616000  0.000027 0.000021 0.000054 0.000113 0.000058 0.000030 
4646848 b+tree 1 825 26 0.976000 0.694000  0.000025 0.000021 0.000057 0.000133 0.000063 0.000032 
4646848 b+tree 1 825 26 0.976000 1.079000  0.000021 0.000019 0.000052 0.000102 0.000055 0.000029 
4646912 b+tree 1 825 26 0.976000 0.617000  0.000020 0.000018 0.000050 0.000099 0.000052 0.000028 
4646912 b+tree 1 825 26 0.976000 1.001000  0.000024 0.000019 0.000053 0.000117 0.000060 0.000031 
4646912 b+tree 1 825 26 0.976000 0.617000  0.000021 0.000019 0.000052 0.000102 0.000056 0.000029 
4646976 b+tree 1 825 26 0.976000 0.617000  0.000026 0.000020 0.000055 0.000119 0.000062 0.000031 
4646976 b+tree 1 825 25 0.976000 0.924000  0.233812 0.067552 0.145734 0.234094 0.078070 0.034119 
4646976 b+tree 1 825 25 0.976000 0.693000  0.000030 0.000018 0.000051 0.000126 0.000056 0.000029 
4647040 b+tree 1 825 26 0.976000 0.924000  0.000024 0.000020 0.000055 0.000120 0.000062 0.000032 
4647040 b+tree 1 825 26 0.976000 0.848000  0.000021 0.000019 0.000051 0.000102 0.000056 0.000029 
4647104 b+tree 1 825 26 0.976000 0.771000  0.000022 0.000018 0.000049 0.000097 0.000052 0.000028 
4647104 b+tree 1 825 26 0.976000 1.001000  0.000021 0.000019 0.000051 0.000100 0.000055 0.000029 
4647104 b+tree 1 825 26 0.976000 0.694000  6.645723 1.914997 7.339530 6.649766 3.156967 1.811216 
4647168 b+tree 1 825 26 0.976000 1.002000  0.000026 0.000020 0.000056 0.000122 0.000062 0.000031 
4647168 b+tree 1 825 27 0.976000 1.157000  0.000021 0.000019 0.000051 0.000100 0.000055 0.000029 
4647168 b+tree 1 825 27 0.976000 0.771000  0.000026 0.000020 0.000054 0.000117 0.000060 0.000031 
4647232 b+tree 1 825 26 0.976000 0.925000  0.000021 0.000036 0.000090 0.000223 0.000089 0.000041 
4647232 b+tree 1 825 26 0.976000 0.693000  0.000020 0.000018 0.000049 0.000095 0.000051 0.000027 
4647296 b+tree 1 825 27 0.976000 0.924000  0.000024 0.000019 0.000053 0.000117 0.000060 0.000031 
4647296 b+tree 1 825 27 0.976000 0.616000  0.000025 0.000020 0.000055 0.000117 0.000059 0.000030 
4647296 b+tree 1 825 26 0.976000 0.770000  0.000024 0.000019 0.000053 0.000114 0.000062 0.000031 
4647360 b+tree 1 825 26 0.976000 1.002000  0.000032 0.000035 0.000087 0.000186 0.000075 0.000044 
4647360 b+tree 1 825 26 0.976000 0.694000  0.000025 0.000019 0.000050 0.000100 0.000052 0.000028 
4647360 b+tree 1 825 26 0.976000 1.002000  0.000023 0.000019 0.000054 0.000123 0.000061 0.000031 
4647424 b+tree 1 825 26 0.976000 0.693000  0.000019 0.000017 0.000049 0.000093 0.000050 0.000027 
4647424 b+tree 1 825 26 0.976000 0.925000  0.000020 0.000018 0.000050 0.000099 0.000054 0.000028 
4647488 b+tree 1 825 26 0.976000 0.770000  0.000024 0.000020 0.000054 0.000110 0.000060 0.000030 
4647488 b+tree 1 825 26 0.976000 0.693000  0.000021 0.000018 0.000065 0.000135 0.000076 0.000037 
4647488 b+tree 1 825 26 0.976000 1.312000  3.915512 1.133319 4.094755 3.916689 1.790224 1.006169 
4647552 b+tree 1 825 26 0.976000 1.002000  0.000019 0.000017 0.000048 0.000093 0.000051 0.000027 
4647552 b+tree 1 825 26 0.976000 1.156000  0.000026 0.000020 0.000054 0.000118 0.000059 0.000030 
4647552 b+tree 1 825 26 0.976000 0.616000  0.000024 0.000018 0.000049 0.000110 0.000052 0.000027 
4647616 b+tree 1 825 26 0.976000 0.925000  0.000020 0.000027 0.000065 0.000156 0.000075 0.000041 
4647616 b+tree 1 825 26 0.976000 0.925000  0.000021 0.000018 0.000050 0.000101 0.000054 0.000028 
4647680 b+tree 1 825 26 0.976000 1.002000  0.000147 0.000059 0.000137 0.000255 0.000123 0.000058 
4647680 b+tree 1 825 26 0.976000 1.002000  0.000053 0.000027 0.000064 0.000161 0.000075 0.000041 
4647680 b+tree 1 825 26 0.976000 0.617000  0.000020 0.000018 0.000050 0.000108 0.000053 0.000028 
4647744 b+tree 1 825 26 0.976000 0.925000  0.000020 0.000018 0.000050 0.000097 0.000053 0.000028 
4647744 b+tree 1 825 26 0.976000 0.926000  0.000020 0.000018 0.000050 0.000096 0.000053 0.000028 
4647744 b+tree 1 825 26 0.976000 0.617000  0.000023 0.000019 0.000052 0.000175 0.000074 0.000035 
4647808 b+tree 1 825 26 0.976000 1.234000  0.000024 0.000019 0.000052 0.000114 0.000059 0.000030 
4647808 b+tree 1 825 26 0.976000 0.616000  0.000020 0.000017 0.000047 0.000096 0.000057 0.000029 
4647808 b+tree 1 825 25 0.976000 0.694000  0.000020 0.000018 0.000049 0.000098 0.000053 0.000028 
4647872 b+tree 1 825 25 0.976000 0.693000  0.000048 0.000019 0.000052 0.000130 0.000055 0.000028 
4647872 b+tree 1 825 26 0.976000 0.925000  0.000021 0.000018 0.000049 0.000098 0.000052 0.000027 
4647936 b+tree 1 825 26 0.976000 0.617000  0.000020 0.000018 0.000049 0.000097 0.000052 0.000027 
4647936 b+tree 1 825 26 0.976000 0.617000  0.000019 0.000017 0.000047 0.000091 0.000048 0.000026 
4647936 b+tree 1 825 25 0.976000 1.002000  0.000023 0.000019 0.000052 0.000115 0.000059 0.000030 
4648000 b+tree 1 825 25 0.976000 0.617000  0.000019 0.000017 0.000047 0.000098 0.000049 0.000026 
4648000 b+tree 1 825 26 0.976000 0.925000  0.000023 0.000018 0.000051 0.000110 0.000057 0.000029 
4648064 b+tree 1 825 26 0.976000 0.617000  0.000021 0.000018 0.000049 0.000097 0.000052 0.000027 
4648064 b+tree 1 825 26 0.976000 0.925000  0.000024 0.000019 0.000052 0.000109 0.000056 0.000029 
4648064 b+tree 1 825 26 0.976000 1.078000  0.000020 0.000018 0.000051 0.000143 0.000063 0.000030 
4648128 b+tree 1 825 26 0.976000 0.616000  0.000023 0.000018 0.000049 0.000098 0.000050 0.000027 
4648128 b+tree 1 825 26 0.976000 1.003000  0.000023 0.000019 0.000051 0.000112 0.000056 0.000030 
4648128 b+tree 1 825 26 0.976000 0.616000  0.000018 0.000017 0.000046 0.000090 0.000048 0.000026 
4648192 b+tree 1 825 26 0.976000 0.924000  0.000020 0.000026 0.000062 0.000129 0.000073 0.000035 
4648192 b+tree 1 825 26 0.976000 0.616000  0.000019 0.000017 0.000047 0.000099 0.000049 0.000026 
4648192 b+tree 1 825 26 0.976000 0.925000  0.000019 0.000018 0.000048 0.000093 0.000051 0.000027 
4648256 b+tree 1 825 26 0.976000 0.617000  0.000014 0.000084 0.000056 0.000173 0.000000 0.000010 
4648256 b+tree 1 825 26 0.976000 0.616000  0.000023 0.000018 0.000049 0.000104 0.000055 0.000028 
4648320 b+tree 1 825 26 0.976000 1.158000  0.000021 0.000018 0.000049 0.000106 0.000055 0.000029 
4648320 b+tree 1 825 26 0.976000 0.694000  0.000018 0.000017 0.000046 0.000090 0.000048 0.000026 
4648320 b+tree 1 825 26 0.976000 0.848000  0.000019 0.000018 0.000062 0.000128 0.000062 0.000035 
4648384 b+tree 1 825 26 0.976000 0.616000  0.000024 0.000018 0.000048 0.000099 0.000049 0.000026 
4648384 b+tree 1 825 26 0.976000 1.003000  0.000023 0.000019 0.000052 0.000115 0.000058 0.000029 
4648384 b+tree 1 825 26 0.976000 0.617000  0.000019 0.000018 0.000048 0.000095 0.000051 0.000027 
4648448 b+tree 1 825 26 0.976000 0.694000  0.000023 0.000019 0.000051 0.000112 0.000058 0.000029 
4648448 b+tree 1 825 26 0.976000 1.157000  0.000046 0.000025 0.000075 0.000146 0.000081 0.000039 
4648512 b+tree 1 825 26 0.976000 0.770000  0.000821 0.003774 0.001105 0.003862 0.000000 0.000080 
4648512 b+tree 1 825 26 0.976000 1.002000  0.000024 0.000019 0.000051 0.000110 0.000057 0.000029 
4648512 b+tree 1 825 26 0.976000 0.693000  0.000020 0.000017 0.000048 0.000095 0.000050 0.000027 
4648576 b+tree 1 825 26 0.976000 0.616000  0.000023 0.000019 0.000051 0.000113 0.000057 0.000029 
4648576 b+tree 1 825 26 0.976000 1.157000  0.000019 0.000017 0.000047 0.000094 0.000050 0.000027 
4648576 b+tree 1 825 26 0.976000 0.693000  0.000022 0.000018 0.000048 0.000118 0.000052 0.000027 
4648640 b+tree 1 825 26 0.976000 1.002000  0.000045 0.000025 0.000076 0.000156 0.000072 0.000039 
4648640 b+tree 1 825 26 0.976000 0.616000  2.183858 0.606674 1.968472 2.184273 0.901237 0.480304 
4648640 b+tree 1 825 26 0.976000 0.925000  0.000023 0.000018 0.000051 0.000112 0.000057 0.000029 
4648704 b+tree 1 825 26 0.976000 0.694000  0.000018 0.000016 0.000045 0.000089 0.000047 0.000025 
4648704 b+tree 1 825 26 0.976000 0.770000  0.000024 0.000018 0.000050 0.000109 0.000057 0.000029 
4648768 b+tree 1 825 26 0.976000 1.080000  0.000019 0.000017 0.000047 0.000096 0.000050 0.000027 
4648768 b+tree 1 825 26 0.976000 0.693000  0.000023 0.000018 0.000050 0.000106 0.000055 0.000029 
4648768 b+tree 1 825 26 0.976000 1.080000  0.000019 0.000017 0.000061 0.000132 0.000062 0.000035 
4648832 b+tree 1 825 26 0.976000 0.770000  0.007419 0.029649 0.008973 0.029734 0.000001 0.000569 
4648832 b+tree 1 825 26 0.976000 0.923000  0.000023 0.000018 0.000047 0.000095 0.000050 0.000026 
4648832 b+tree 1 825 26 0.976000 0.616000  0.000019 0.000016 0.000045 0.000089 0.000047 0.000026 
4648896 b+tree 1 825 26 0.976000 1.077000  0.000022 0.000018 0.000049 0.000106 0.000056 0.000028 
4648896 b+tree 1 825 26 0.976000 1.156000  0.000022 0.000017 0.000048 0.000108 0.000055 0.000028 
4648960 b+tree 1 825 26 0.976000 0.693000  0.000024 0.000018 0.000050 0.000108 0.000056 0.000029 
4648960 b+tree 1 825 26 0.976000 1.312000  0.000020 0.000025 0.000060 0.000153 0.000072 0.000039 
4648960 b+tree 1 825 25 0.976000 0.616000  0.000552 0.000188 0.000402 0.000627 0.000224 0.000092 
4649024 b+tree 1 825 25 0.976000 1.003000  0.000024 0.000018 0.000050 0.000112 0.000057 0.000029 
4649024 b+tree 1 825 26 0.976000 1.155000  0.000019 0.000017 0.000047 0.000095 0.000050 0.000026 
4649024 b+tree 1 825 26 0.976000 0.770000  0.000013 0.000081 0.000053 0.000168 0.000000 0.000009 
4649088 b+tree 1 825 26 0.976000 1.619000  0.000014 0.000096 0.000057 0.000192 0.000000 0.000010 
4649088 b+tree 1 825 26 0.976000 0.847000  0.000133 0.000031 0.000070 0.000232 0.000072 0.000033 
4649152 b+tree 1 825 26 0.976000 0.924000  0.000019 0.000017 0.000046 0.000091 0.000050 0.000026 
4649152 b+tree 1 825 26 0.976000 0.849000  0.000021 0.000016 0.000044 0.000092 0.000046 0.000025 
4649152 b+tree 1 825 26 0.976000 0.694000  0.000021 0.000017 0.000046 0.000093 0.000050 0.000026 
4649216 b+tree 1 825 26 0.976000 1.233000  0.000020 0.000017 0.000047 0.000137 0.000057 0.000028 
4649216 b+tree 1 825 26 0.976000 0.694000  0.000018 0.000016 0.000044 0.000086 0.000046 0.000024 
4649216 b+tree 1 825 26 0.976000 1.002000  0.000018 0.000017 0.000046 0.000089 0.000070 0.000043 
4649280 b+tree 1 825 26 0.976000 1.079000  0.000018 0.000017 0.000045 0.000098 0.000048 0.000025 
4649280 b+tree 1 825 26 0.976000 0.925000  0.000024 0.000018 0.000048 0.000106 0.000054 0.000028 
4649344 b+tree 1 825 26 0.976000 1.155000  0.000018 0.000017 0.000045 0.000091 0.000048 0.000025 
4649344 b+tree 1 825 25 0.976000 0.616000  0.000020 0.000017 0.000047 0.000101 0.000053 0.000027 
4649344 b+tree 1 825 25 0.976000 1.002000  0.000019 0.000024 0.000058 0.000125 0.000069 0.000034 
4649408 b+tree 1 825 26 0.976000 0.693000  0.000018 0.000019 0.000048 0.000110 0.000051 0.000026 
4649408 b+tree 1 825 26 0.976000 1.080000  0.000020 0.000017 0.000047 0.000101 0.000052 0.000027 
4649408 b+tree 1 825 26 0.976000 0.694000  0.015040 0.055199 0.018477 0.055295 0.000002 0.001069 
4649472 b+tree 1 825 26 0.976000 1.001000  0.000019 0.000017 0.000045 0.000090 0.000049 0.000025 
4649472 b+tree 1 825 26 0.976000 1.080000  0.000084 0.000073 0.000198 0.000398 0.000214 0.000112 
4649536 b+tree 1 825 26 0.976000 0.771000  0.000021 0.000017 0.000045 0.000090 0.000047 0.000025 
4649536 b+tree 1 825 26 0.976000 1.079000  0.000013 0.000074 0.000050 0.000152 0.000000 0.000009 
4649536 b+tree 1 825 26 0.976000 0.694000  0.000019 0.000017 0.000045 0.000089 0.000050 0.000026 
4649600 b+tree 1 825 26 0.976000 0.617000  0.000018 0.000016 0.000045 0.000086 0.000048 0.000025 
4649600 b+tree 1 825 26 0.976000 1.079000  0.000021 0.000016 0.000046 0.000102 0.000052 0.000027 
4649664 b+tree 1 825 26 0.976000 0.772000  0.000022 0.000016 0.000044 0.000094 0.000046 0.000024 
4649664 b+tree 1 825 26 0.976000 0.925000  0.000018 0.000016 0.000045 0.000088 0.000048 0.000025 
4649664 b+tree 1 825 26 0.976000 0.693000  0.028622 0.008112 0.016513 0.028942 0.009353 0.003923 
4649728 b+tree 1 825 26 0.976000 0.693000  0.000022 0.000017 0.000047 0.000103 0.000053 0.000028 
4649728 b+tree 1 825 26 0.976000 1.079000  0.000024 0.000017 0.000047 0.000106 0.000054 0.000027 
4649728 b+tree 1 825 26 0.976000 0.770000  0.000017 0.000015 0.000043 0.000084 0.000044 0.000024 
4649792 b+tree 1 825 26 0.976000 1.157000  0.000018 0.000016 0.000044 0.000087 0.000058 0.000029 
4649792 b+tree 1 825 26 0.976000 0.770000  0.000019 0.000017 0.000047 0.000103 0.000054 0.000027 
4649856 b+tree 1 825 26 0.976000 0.925000  0.000021 0.000017 0.000047 0.000102 0.000053 0.000027 
4649856 b+tree 1 825 26 0.976000 1.079000  0.000023 0.000018 0.000047 0.000101 0.000052 0.000026 
4649856 b+tree 1 825 26 0.976000 0.770000  0.000124 0.000030 0.000067 0.000190 0.000063 0.000031 
4649920 b+tree 1 825 26 0.976000 1.080000  0.000021 0.000017 0.000047 0.000100 0.000050 0.000026 
4649920 b+tree 1 825 25 0.976000 0.693000  0.000021 0.000016 0.000044 0.000094 0.000046 0.000024 
4649920 b+tree 1 825 25 0.976000 0.924000  0.000018 0.000016 0.000044 0.000085 0.000047 0.000025 
4649984 b+tree 1 825 25 0.976000 1.232000  0.000018 0.000016 0.000044 0.000086 0.000047 0.000025 
4649984 b+tree 1 825 25 0.976000 0.770000  0.011090 0.039432 0.012867 0.039993 0.000002 0.000790 
4650048 b+tree 1 825 25 0.976000 0.925000  0.000018 0.000016 0.000044 0.000086 0.000047 0.000025 
4650048 b+tree 1 825 26 0.976000 0.617000  0.000017 0.000015 0.000042 0.000081 0.000044 0.000023 
4650048 b+tree 1 825 26 0.976000 0.925000  0.000022 0.000017 0.000046 0.000101 0.000052 0.000027 
4650112 b+tree 1 825 26 0.976000 0.617000  0.000018 0.000016 0.000044 0.000088 0.000046 0.000024 
4650112 b+tree 1 825 26 0.976000 1.157000  0.000018 0.000024 0.000056 0.000121 0.000066 0.000032 
4650112 b+tree 1 825 26 0.976000 1.079000  0.000022 0.000017 0.000045 0.000099 0.000052 0.000026 
4650176 b+tree 1 825 26 0.976000 0.770000  0.000017 0.000015 0.000042 0.000081 0.000044 0.000023 
4650176 b+tree 1 825 26 0.976000 0.925000  0.000072 0.000065 0.000177 0.000346 0.000190 0.000099 
4650240 b+tree 1 825 26 0.976000 0.770000  0.000018 0.000016 0.000044 0.000087 0.000047 0.000024 
4650240 b+tree 1 825 26 0.976000 1.001000  0.000021 0.000017 0.000046 0.000101 0.000052 0.000026 
4650240 b+tree 1 825 26 0.976000 1.080000  0.000043 0.000023 0.000068 0.000134 0.000074 0.000036 
4650304 b+tree 1 825 26 0.976000 0.694000  0.000017 0.000015 0.000042 0.000081 0.000043 0.000023 
4650304 b+tree 1 825 26 0.976000 0.848000  0.000023 0.000017 0.000046 0.000101 0.000051 0.000026 
4650304 b+tree 1 825 26 0.976000 1.233000  0.019920 0.006928 0.014929 0.020182 0.007591 0.003550 
4650368 b+tree 1 825 26 0.976000 1.310000  0.000019 0.000016 0.000045 0.000100 0.000051 0.000026 
4650368 b+tree 1 825 26 0.976000 1.541000  0.000023 0.000017 0.000045 0.000105 0.000052 0.000026 
4650432 b+tree 1 825 26 0.976000 1.079000  0.000022 0.000017 0.000045 0.000100 0.000051 0.000026 
4650432 b+tree 1 825 26 0.976000 1.309000  0.000022 0.000016 0.000045 0.000099 0.000051 0.000026 
4650432 b+tree 1 825 26 0.976000 1.001000  0.000017 0.000015 0.000041 0.000080 0.000043 0.000023 
4650496 b+tree 1 825 26 0.976000 1.309000  0.000022 0.000023 0.000055 0.000136 0.000064 0.000035 
4650496 b+tree 1 825 26 0.976000 1.156000  0.000084 0.000109 0.000246 0.000702 0.000264 0.000117 
4650560 b+tree 1 825 26 0.976000 1.387000  0.000070 0.000059 0.000166 0.000348 0.000183 0.000095 
4650560 b+tree 1 825 26 0.976000 1.388000  0.000021 0.000016 0.000044 0.000099 0.000051 0.000026 
4650560 b+tree 1 825 26 0.976000 1.079000  0.000017 0.000014 0.000040 0.000079 0.000042 0.000022 
4650624 b+tree 1 825 26 0.976000 1.310000  0.000021 0.000016 0.000045 0.000100 0.000050 0.000025 
4650624 b+tree 1 825 26 0.976000 1.311000  0.000037 0.000017 0.000044 0.000100 0.000046 0.000024 
4650624 b+tree 1 825 26 0.976000 1.695000  0.000021 0.000016 0.000044 0.000097 0.000050 0.000025 
4650688 b+tree 1 825 26 0.976000 1.618000  0.000017 0.000015 0.000042 0.000084 0.000045 0.000023 
4650688 b+tree 1 825 26 0.976000 1.079000  0.000020 0.000016 0.000043 0.000095 0.000049 0.000025 
4650752 b+tree 1 825 26 0.976000 1.850000  0.000023 0.000016 0.000044 0.000097 0.000049 0.000025 
4650752 b+tree 1 825 26 0.976000 1.388000  0.000021 0.000016 0.000043 0.000094 0.000048 0.000025 
4650752 b+tree 1 825 26 0.976000 1.387000  0.000022 0.000016 0.000044 0.000096 0.000049 0.000025 
4650816 b+tree 1 825 26 0.976000 1.541000  0.000017 0.000014 0.000039 0.000081 0.000041 0.000022 
4650816 b+tree 1 825 26 0.976000 1.464000  0.000020 0.000021 0.000051 0.000132 0.000057 0.000027 
4650816 b+tree 1 825 26 0.976000 0.770000  0.000017 0.000014 0.000074 0.000218 0.000110 0.000046 
4650880 b+tree 1 825 26 0.976000 1.311000  0.000018 0.000015 0.000043 0.000092 0.000048 0.000026 
4650880 b+tree 1 825 26 0.976000 0.770000  0.000021 0.000016 0.000043 0.000097 0.000048 0.000025 
4650944 b+tree 1 825 26 0.976000 1.079000  0.000020 0.000016 0.000043 0.000093 0.000048 0.000025 
4650944 b+tree 1 825 26 0.976000 0.924000  0.000020 0.000018 0.000046 0.000108 0.000053 0.000026 
4650944 b+tree 1 825 26 0.976000 0.770000  0.000016 0.000014 0.000039 0.000076 0.000041 0.000022 
4651008 b+tree 1 825 26 0.976000 1.002000  0.000021 0.000016 0.000043 0.000094 0.000049 0.000025 
4651008 b+tree 1 825 26 0.976000 0.617000  0.000020 0.000018 0.000046 0.000114 0.000049 0.000024 
4651008 b+tree 1 825 26 0.976000 1.078000  0.000020 0.000016 0.000043 0.000094 0.000048 0.000025 
4651072 b+tree 1 825 26 0.976000 1.772000  0.000017 0.000015 0.000040 0.000081 0.000044 0.000023 
4651072 b+tree 1 825 26 0.976000 0.694000  0.000020 0.000016 0.000043 0.000092 0.000047 0.000024 
4651136 b+tree 1 825 26 0.976000 1.156000  0.000018 0.000015 0.000042 0.000096 0.000048 0.000024 
4651136 b+tree 1 825 26 0.976000 0.693000  0.000015 0.000014 0.000039 0.000075 0.000040 0.000021 
4651136 b+tree 1 825 26 0.976000 1.081000  0.000018 0.000015 0.000041 0.000090 0.000046 0.000024 
4651200 b+tree 1 825 26 0.976000 0.616000  0.000019 0.000014 0.000040 0.000091 0.000043 0.000022 
4651200 b+tree 1 825 26 0.976000 1.001000  0.000019 0.000015 0.000042 0.000090 0.000047 0.000024 
4651200 b+tree 1 825 26 0.976000 0.616000  0.000016 0.000015 0.000040 0.000080 0.000043 0.000022 
4651264 b+tree 1 825 26 0.976000 0.617000  0.000020 0.000021 0.000052 0.000122 0.000062 0.000030 
4651264 b+tree 1 825 26 0.976000 0.925000  0.000017 0.000015 0.000040 0.000078 0.000043 0.000022 
4651328 b+tree 1 825 26 0.976000 0.771000  0.000016 0.000014 0.000038 0.000074 0.000040 0.000021 
4651328 b+tree 1 825 26 0.976000 1.002000  0.000016 0.000015 0.000040 0.000079 0.000043 0.000022 
4651328 b+tree 1 825 26 0.976000 0.771000  0.000019 0.000015 0.000041 0.000086 0.000042 0.000022 
4651392 b+tree 1 825 26 0.976000 1.080000  0.000019 0.000015 0.000042 0.000090 0.000047 0.000024 
4651392 b+tree 1 825 26 0.976000 0.694000  0.000016 0.000015 0.000040 0.000077 0.000042 0.000022 
4651392 b+tree 1 825 26 0.976000 0.771000  0.000020 0.000016 0.000042 0.000089 0.000047 0.000024 
4651456 b+tree 1 825 26 0.976000 1.078000  0.000020 0.000015 0.000042 0.000092 0.000048 0.000024 
4651456 b+tree 1 825 26 0.976000 1.233000  0.000020 0.000015 0.000042 0.000091 0.000047 0.000024 
4651456 b+tree 1 825 26 0.976000 1.001000  0.000016 0.000015 0.000040 0.000078 0.000042 0.000022 
4651520 b+tree 1 825 26 0.976000 0.693000  0.000016 0.000014 0.000038 0.000074 0.000040 0.000021 
4651520 b+tree 1 825 26 0.976000 1.079000  0.000016 0.000014 0.000039 0.000077 0.000042 0.000022 
4651584 b+tree 1 825 26 0.976000 0.694000  0.000016 0.000014 0.000039 0.000081 0.000041 0.000022 
4651584 b+tree 1 825 26 0.976000 1.001000  0.000020 0.000015 0.000042 0.000089 0.000046 0.000024 
4651584 b+tree 1 825 26 0.976000 1.157000  0.000019 0.000015 0.000042 0.000092 0.000047 0.000024 
4651648 b+tree 1 825 26 0.976000 1.002000  0.000018 0.000015 0.000041 0.000086 0.000045 0.000023 
4651648 b+tree 1 825 26 0.976000 1.156000  0.000017 0.000014 0.000039 0.000081 0.000042 0.000022 
4651648 b+tree 1 825 26 0.976000 0.616000  0.000018 0.000016 0.000043 0.000091 0.000047 0.000024 
4651712 b+tree 1 825 26 0.976000 0.925000  0.000020 0.000015 0.000042 0.000090 0.000046 0.000024 
4651712 b+tree 1 825 26 0.976000 1.002000  0.000016 0.000014 0.000038 0.000080 0.000041 0.000021 
4651712 b+tree 1 825 26 0.976000 0.926000  0.000015 0.000014 0.000039 0.000103 0.000051 0.000029 
4651776 b+tree 1 825 26 0.976000 0.617000  0.000016 0.000014 0.000041 0.000097 0.000044 0.000023 
4651776 b+tree 1 825 26 0.976000 0.693000  0.000019 0.000015 0.000042 0.000092 0.000047 0.000024 
4651840 b+tree 1 825 26 0.976000 1.155000  0.000017 0.000014 0.000040 0.000112 0.000049 0.000025 
4651840 b+tree 1 825 26 0.976000 0.617000  0.000015 0.000013 0.000037 0.000074 0.000077 0.000036 
4651840 b+tree 1 825 26 0.976000 0.616000  0.000016 0.000014 0.000039 0.000104 0.000051 0.000025 
4651904 b+tree 1 825 26 0.976000 0.462000  0.000016 0.000014 0.000039 0.000083 0.000041 0.000059 
4651904 b+tree 1 825 26 0.976000 1.002000  0.000018 0.000015 0.000041 0.000089 0.000046 0.000023 
4651904 b+tree 1 825 26 0.976000 0.617000  0.000016 0.000014 0.000039 0.000080 0.000042 0.000022 
4651968 b+tree 1 825 26 0.976000 0.925000  0.071248 0.265153 0.083662 0.265216 0.000019 0.004712 
4651968 b+tree 1 825 26 0.976000 1.079000  0.000019 0.000015 0.000041 0.000090 0.000046 0.000023 
4652032 b+tree 1 825 26 0.976000 0.847000  0.000020 0.000014 0.000039 0.000086 0.000041 0.000022 
4652032 b+tree 1 825 26 0.976000 1.080000  0.000017 0.000014 0.000127 0.000308 0.000105 0.000046 
4652032 b+tree 1 825 26 0.976000 0.771000  0.000018 0.000018 0.000049 0.000106 0.000055 0.000026 
4652096 b+tree 1 825 26 0.976000 0.769000  0.000028 0.000020 0.000053 0.000124 0.000056 0.000027 
4652096 b+tree 1 825 26 0.976000 0.847000  0.000018 0.000015 0.000040 0.000085 0.000045 0.000023 
4652160 b+tree 1 825 26 0.976000 0.694000  0.000015 0.000013 0.000037 0.000071 0.000038 0.000020 
4652160 b+tree 1 825 26 0.976000 1.002000  0.000028 0.000017 0.000043 0.000094 0.000046 0.000024 
4652160 b+tree 1 825 26 0.976000 0.617000  0.000020 0.000015 0.000040 0.000112 0.000053 0.000026 
4652224 b+tree 1 825 25 0.976000 0.924000  0.075728 0.287638 0.089565 0.287704 0.000020 0.005043 
4652224 b+tree 1 825 26 0.976000 0.847000  0.000019 0.000015 0.000040 0.000115 0.000053 0.000026 
4652224 b+tree 1 825 26 0.976000 0.617000  0.000016 0.000013 0.000037 0.000078 0.000039 0.000020 
4652288 b+tree 1 825 26 0.976000 1.311000  0.000017 0.000014 0.000038 0.000079 0.000041 0.000021 
4652288 b+tree 1 825 26 0.976000 1.079000  0.000021 0.000016 0.000044 0.000108 0.000045 0.000022 
4652352 b+tree 1 825 26 0.976000 1.231000  0.000017 0.000014 0.000039 0.000085 0.000044 0.000023 
4652352 b+tree 1 825 26 0.976000 1.079000  0.000018 0.000014 0.000050 0.000138 0.000051 0.000024 
4652352 b+tree 1 825 26 0.976000 0.770000  0.060743 0.045017 0.121491 0.246180 0.127766 0.066940 
4652416 b+tree 1 825 26 0.976000 1.155000  0.005867 0.004911 0.013432 0.026853 0.014467 0.007518 
4652416 b+tree 1 825 26 0.976000 0.770000  0.000043 0.000036 0.000100 0.000205 0.000105 0.000056 
4652416 b+tree 1 825 26 0.976000 1.080000  0.000042 0.000038 0.000104 0.000202 0.000110 0.000058 
4652480 b+tree 1 825 26 0.976000 0.849000  0.001174 0.000987 0.002740 0.005623 0.002862 0.001524 
4652480 b+tree 1 825 26 0.976000 1.158000  0.001216 0.000893 0.002484 0.005435 0.002714 0.001397 
4652544 b+tree 1 825 26 0.976000 0.771000  0.000957 0.000806 0.002221 0.004469 0.002318 0.001241 
4652544 b+tree 1 825 26 0.976000 0.924000  0.000904 0.000806 0.002223 0.004360 0.002357 0.001249 
4652544 b+tree 1 825 26 0.976000 1.309000  0.000822 0.000733 0.002005 0.003956 0.002143 0.001130 
4652608 b+tree 1 825 26 0.976000 1.001000  0.000763 0.000673 0.001844 0.003680 0.001983 0.001041 
4652608 b+tree 1 825 26 0.976000 1.156000  0.000731 0.000672 0.001766 0.004025 0.001917 0.000962 
4652608 b+tree 1 825 26 0.976000 1.079000  0.000651 0.000567 0.001564 0.003065 0.001641 0.000900 
4652672 b+tree 1 825 26 0.976000 0.847000  0.000633 0.000801 0.001929 0.004667 0.002262 0.001228 
4652672 b+tree 1 825 26 0.976000 0.848000  0.000666 0.000481 0.001378 0.002937 0.001441 0.000749 
4652672 b+tree 1 825 26 0.976000 0.847000  0.000560 0.000474 0.001686 0.003824 0.001717 0.000963 
4652736 b+tree 1 825 26 0.976000 0.771000  0.000521 0.000469 0.001294 0.002913 0.001367 0.000715 
4652736 b+tree 1 825 26 0.976000 1.001000  0.000521 0.000455 0.001240 0.002462 0.001349 0.000704 
4652800 b+tree 1 825 26 0.976000 0.694000  0.000524 0.000434 0.001184 0.002581 0.001325 0.000680 
4652800 b+tree 1 825 25 0.976000 0.540000  0.000509 0.000405 0.001107 0.002349 0.001240 0.000638 
4652800 b+tree 1 825 25 0.976000 0.694000  0.000511 0.000377 0.001041 0.002878 0.001193 0.000613 
4652864 b+tree 1 825 25 0.976000 0.616000  0.000442 0.000372 0.000978 0.001972 0.001020 0.000529 
4652864 b+tree 1 825 25 0.976000 0.771000  0.000422 0.000354 0.000969 0.002072 0.001073 0.000547 
4652864 b+tree 1 825 26 0.976000 0.462000  0.000513 0.000329 0.000916 0.002142 0.000976 0.000508 
4652928 b+tree 1 825 26 0.976000 0.849000  0.000407 0.000329 0.000912 0.001939 0.001006 0.000523 
4652928 b+tree 1 825 26 0.976000 0.847000  0.000421 0.000334 0.000915 0.004173 0.009430 0.003795 
4652992 b+tree 1 825 26 0.976000 1.311000  0.000331 0.000468 0.001267 0.003716 0.001280 0.000584 
4652992 b+tree 1 825 25 0.976000 0.847000  0.000399 0.000298 0.000804 0.001768 0.000918 0.000462 
4653056 b+tree 1 825 25 0.976000 0.616000  0.000317 0.000272 0.000750 0.001503 0.000793 0.000434 
4653056 b+tree 1 825 25 0.976000 0.849000  0.000385 0.000288 0.000785 0.001659 0.000855 0.000435 
4653056 b+tree 1 825 25 0.976000 0.848000  0.000326 0.000274 0.000758 0.001611 0.000827 0.000419 
4653120 b+tree 1 825 25 0.976000 0.462000  0.001208 0.000396 0.001180 0.002587 0.001067 0.000551 
4653120 b+tree 1 825 25 0.976000 0.462000  0.000295 0.000254 0.000698 0.001610 0.000777 0.000410 
4653120 b+tree 1 825 25 0.976000 0.462000  0.000333 0.000257 0.000700 0.001392 0.000744 0.000390 
4653184 b+tree 1 825 26 0.976000 1.002000  0.000332 0.000252 0.000695 0.001499 0.000782 0.000403 
4653184 b+tree 1 825 26 0.976000 0.462000  0.000332 0.000235 0.000644 0.001468 0.000690 0.000362 
4653184 b+tree 1 825 26 0.976000 0.694000  0.000294 0.000237 0.000658 0.001486 0.000750 0.000382 
4653248 b+tree 1 825 26 0.976000 0.462000  0.000272 0.000230 0.000630 0.001275 0.000677 0.000356 
4653248 b+tree 1 825 26 0.976000 0.616000  0.000297 0.000232 0.000648 0.001409 0.000725 0.000375 
4653312 b+tree 1 825 26 0.976000 0.463000  0.000281 0.000231 0.000641 0.001497 0.000713 0.000366 
4653312 b+tree 1 825 26 0.976000 0.462000  0.000285 0.000227 0.000612 0.001211 0.000635 0.000334 
4653312 b+tree 1 825 25 0.976000 0.847000  0.000283 0.000220 0.000598 0.001198 0.000620 0.000329 
4653376 b+tree 1 825 25 0.976000 0.463000  0.000297 0.000214 0.000598 0.001254 0.000627 0.000328 
4653376 b+tree 1 825 26 0.976000 0.694000  0.000274 0.000224 0.000617 0.001308 0.000679 0.000347 
4653376 b+tree 1 825 26 0.976000 0.462000  0.000269 0.000217 0.000589 0.001206 0.000637 0.000330 
4653440 b+tree 1 825 25 0.976000 0.617000  0.000264 0.000222 0.000609 0.001322 0.000680 0.000447 
4653440 b+tree 1 825 25 0.976000 0.462000  0.106902 0.396657 0.124961 0.396717 0.000027 0.006905 
4653440 b+tree 1 825 25 0.976000 0.462000  0.000269 0.000225 0.000589 0.001190 0.000615 0.000318 
4653504 b+tree 1 825 26 0.976000 0.771000  0.000231 0.000205 0.000562 0.001513 0.000731 0.000413 
4653504 b+tree 1 825 26 0.976000 0.462000  0.000293 0.000198 0.000567 0.001246 0.000590 0.000308 
4653568 b+tree 1 825 26 0.976000 0.616000  0.000223 0.000201 0.000710 0.001456 0.000723 0.000406 
4653568 b+tree 1 825 26 0.976000 0.462000  0.000002 0.000013 0.000009 0.000025 0.000000 0.000001 
4653568 b+tree 1 825 26 0.976000 0.462000  0.000263 0.000207 0.000564 0.001214 0.000630 0.000323 
4653632 b+tree 1 825 26 0.976000 0.848000  0.000217 0.000191 0.000524 0.001035 0.000557 0.000296 
4653632 b+tree 1 825 26 0.976000 0.540000  0.000266 0.000205 0.000551 0.001296 0.000637 0.000322 
4653632 b+tree 1 825 26 0.976000 0.694000  0.000252 0.000197 0.000533 0.001157 0.000597 0.000309 
4653696 b+tree 1 825 26 0.976000 0.462000  0.000208 0.000178 0.000492 0.000972 0.000513 0.000273 
4653696 b+tree 1 825 26 0.976000 0.771000  0.000377 0.000222 0.000576 0.001292 0.000631 0.000316 
4653760 b+tree 1 825 26 0.976000 0.924000  0.000198 0.000179 0.000501 0.001042 0.000524 0.000276 
4653760 b+tree 1 825 26 0.976000 0.540000  0.005361 0.017453 0.005910 0.017526 0.000001 0.000382 
4653760 b+tree 1 825 26 0.976000 0.771000  0.000202 0.000180 0.000497 0.001003 0.000529 0.000279 
4653824 b+tree 1 825 26 0.976000 0.462000  0.000216 0.000184 0.000511 0.001084 0.000565 0.000288 
4653824 b+tree 1 825 26 0.976000 0.694000  0.000221 0.000186 0.000519 0.001145 0.000587 0.000297 
4653824 b+tree 1 825 26 0.976000 0.463000  0.000190 0.000167 0.000464 0.000899 0.000482 0.000258 
4653888 b+tree 1 825 26 0.976000 0.771000  0.000195 0.000176 0.000619 0.001324 0.000630 0.000353 
4653888 b+tree 1 825 26 0.976000 0.463000  0.000033 0.000030 0.000081 0.000171 0.000088 0.000045 
4653952 b+tree 1 825 26 0.976000 0.772000  0.000218 0.000174 0.000484 0.001054 0.000547 0.000279 
4653952 b+tree 1 825 26 0.976000 0.771000  0.000207 0.000171 0.000476 0.001040 0.000533 0.000276 
4653952 b+tree 1 825 26 0.976000 0.463000  0.000181 0.000158 0.000438 0.000855 0.000452 0.000244 
4654016 b+tree 1 825 26 0.976000 0.694000  0.000190 0.000166 0.000583 0.001264 0.000600 0.000335 
4654016 b+tree 1 825 26 0.976000 0.463000  0.000177 0.000155 0.000428 0.000891 0.000468 0.000246 
4654016 b+tree 1 825 25 0.976000 0.694000  0.000209 0.000166 0.000462 0.000998 0.000518 0.000265 
4654080 b+tree 1 825 26 0.976000 0.462000  0.000179 0.000159 0.000438 0.000871 0.000464 0.000245 
4654080 b+tree 1 825 26 0.976000 0.462000  0.000171 0.000158 0.000457 0.001006 0.000507 0.000257 
4654144 b+tree 1 825 26 0.976000 1.002000  0.001397 0.000929 0.002535 0.005999 0.002865 0.001482 
4654144 b+tree 1 825 26 0.976000 0.462000  0.000205 0.000155 0.000424 0.000919 0.000440 0.000234 
4654144 b+tree 1 825 26 0.976000 0.694000  0.000171 0.000152 0.000415 0.000815 0.000447 0.000234 
4654208 b+tree 1 825 26 0.976000 0.462000  0.000167 0.000143 0.000395 0.000793 0.000412 0.000222 
4654208 b+tree 1 825 26 0.976000 0.385000  0.000202 0.000158 0.000429 0.000902 0.000474 0.000245 
4654208 b+tree 1 825 26 0.976000 0.462000  0.000168 0.000149 0.000407 0.000789 0.000433 0.000228 
4654272 b+tree 1 825 26 0.976000 0.462000  0.000160 0.000146 0.000401 0.000776 0.000426 0.000226 
4654272 b+tree 1 825 26 0.976000 0.770000  0.000166 0.000144 0.000393 0.000780 0.000425 0.000221 
4654272 b+tree 1 825 26 0.976000 0.463000  0.000154 0.000135 0.000375 0.000727 0.000394 0.000209 
4654336 b+tree 1 825 26 0.976000 0.770000  0.000183 0.000145 0.000406 0.000872 0.000452 0.000229 
4654336 b+tree 1 825 26 0.976000 0.462000  0.000152 0.000154 0.000407 0.001160 0.000424 0.000244 
4654400 b+tree 1 825 26 0.976000 0.770000  0.000154 0.000137 0.000378 0.000746 0.000403 0.000212 
4654400 b+tree 1 825 25 0.976000 0.617000  0.000190 0.000135 0.000376 0.000818 0.000400 0.000208 
4654400 b+tree 1 825 25 0.976000 0.770000  0.000149 0.000135 0.000412 0.000900 0.000453 0.000227 
4654464 b+tree 1 825 26 0.976000 0.847000  0.000160 0.000136 0.000370 0.000750 0.000394 0.000206 
4654464 b+tree 1 825 26 0.976000 0.616000  0.000176 0.000137 0.000381 0.000818 0.000414 0.000215 
4654464 b+tree 1 825 26 0.976000 0.694000  0.000333 0.000143 0.000382 0.001011 0.000442 0.000217 
4654528 b+tree 1 825 26 0.976000 0.617000  0.000145 0.000124 0.000346 0.000701 0.000359 0.000192 
4654528 b+tree 1 825 26 0.976000 0.771000  0.000145 0.000131 0.000357 0.000693 0.000380 0.000201 
4654528 b+tree 1 825 26 0.976000 1.002000  0.000215 0.000133 0.000360 0.000917 0.000406 0.000206 
4654592 b+tree 1 825 26 0.976000 0.772000  0.000151 0.000129 0.000350 0.000718 0.000366 0.000194 
4654592 b+tree 1 825 26 0.976000 0.463000  0.000145 0.000127 0.000349 0.000726 0.000378 0.000197 
4654656 b+tree 1 825 26 0.976000 0.462000  0.000167 0.000134 0.000364 0.000803 0.000411 0.000210 
4654656 b+tree 1 825 26 0.976000 0.693000  0.000155 0.000124 0.000356 0.000758 0.000394 0.000201 
4654656 b+tree 1 825 26 0.976000 0.462000  0.000131 0.000118 0.000330 0.000646 0.000339 0.000182 
4654720 b+tree 1 825 26 0.976000 0.925000  0.000165 0.000136 0.000372 0.000831 0.000413 0.000209 
4654720 b+tree 1 825 26 0.976000 0.463000  0.000165 0.000120 0.000338 0.000731 0.000353 0.000188 
4654720 b+tree 1 825 26 0.976000 0.694000  0.000166 0.000131 0.000357 0.000784 0.000464 0.000223 
4654784 b+tree 1 825 25 0.976000 0.462000  0.000146 0.000122 0.000334 0.000688 0.000359 0.000187 
4654784 b+tree 1 825 25 0.976000 0.463000  0.000135 0.000120 0.000428 0.000880 0.000500 0.000243 
4654848 b+tree 1 825 25 0.976000 0.925000  0.000135 0.000118 0.000566 0.001288 0.000510 0.000250 
4654848 b+tree 1 825 26 0.976000 0.463000  0.000124 0.000112 0.000311 0.000604 0.000320 0.000172 
4654848 b+tree 1 825 26 0.976000 0.694000  0.000159 0.000125 0.000348 0.000876 0.000385 0.000194 
4654912 b+tree 1 825 25 0.976000 0.694000  0.000157 0.000111 0.000313 0.000777 0.000334 0.000176 
4654912 b+tree 1 825 25 0.976000 0.925000  0.000140 0.000169 0.000409 0.000941 0.000472 0.000233 
4654912 b+tree 1 825 26 0.976000 0.616000  0.000030 0.000026 0.000071 0.000146 0.000078 0.000041 
4654976 b+tree 1 825 26 0.976000 1.002000  0.000166 0.000183 0.000540 0.001254 0.000586 0.000276 
4654976 b+tree 1 825 26 0.976000 1.002000  0.000136 0.000110 0.000305 0.000761 0.000334 0.000173 
4655040 b+tree 1 825 26 0.976000 0.770000  0.000113 0.000102 0.000286 0.000582 0.000295 0.000159 
4655040 b+tree 1 825 26 0.976000 1.233000  0.000157 0.000117 0.000314 0.000691 0.000358 0.000180 
4655040 b+tree 1 825 26 0.976000 0.771000  0.000117 0.000101 0.000282 0.000552 0.000291 0.000157 
4655104 b+tree 1 825 26 0.976000 1.080000  0.000121 0.000107 0.000292 0.000577 0.000313 0.000164 
