#Timestamp	Benchmark	Run(#)	CPU Frequency (MHz)	CPU Temperature(C)	CPU Voltage(V)	CPU Power(W)	CPU_CYCLES	L1_DATA_CACHE_ACCESS	INSTRUCTIONS_RETIRED	BUS_CYCLES	L1I_CACHE_ACCESS	PREDICTABLE_BRANCH_SPECULATIVELY_EXECUTED
3256128 leukocyte 1 403 24 0.842000 0.540000  0.000024 0.000019 0.000054 0.000110 0.000056 0.000030 
3256128 leukocyte 1 403 24 0.842000 0.540000  0.000006 0.000005 0.000015 0.000029 0.000019 0.000009 
3256192 leukocyte 1 403 24 0.842000 0.385000  0.000005 0.000005 0.000015 0.000028 0.000018 0.000009 
3256192 leukocyte 1 403 24 0.842000 0.539000  0.000056 0.000047 0.000130 0.000268 0.000138 0.000073 
3256256 leukocyte 1 403 24 0.842000 0.385000  0.000050 0.000044 0.000124 0.000240 0.000127 0.000069 
3256256 leukocyte 1 403 24 0.842000 0.385000  0.000130 0.000176 0.000425 0.000886 0.000503 0.000311 
3256256 leukocyte 1 403 24 0.842000 0.385000  0.000022 0.000309 0.000606 0.001282 0.000441 0.000183 
3256320 leukocyte 1 403 24 0.842000 0.539000  0.000006 0.000009 0.000023 0.000053 0.000025 0.000011 
3256320 leukocyte 1 403 24 0.842000 0.462000  0.000006 0.000005 0.000015 0.000028 0.000018 0.000009 
3256384 leukocyte 1 403 24 0.842000 0.694000  0.000021 0.000019 0.000077 0.000177 0.000076 0.000036 
3256384 leukocyte 1 403 25 0.842000 0.461000  0.000027 0.000022 0.000069 0.000156 0.000073 0.000036 
3256384 leukocyte 1 403 25 0.842000 0.538000  0.000025 0.000021 0.000057 0.000115 0.000061 0.000031 
3256448 leukocyte 1 403 25 0.842000 0.617000  0.000026 0.000022 0.000059 0.000123 0.000066 0.000033 
3256448 leukocyte 1 403 25 0.842000 0.539000  0.000023 0.000020 0.000055 0.000109 0.000059 0.000031 
3256512 leukocyte 1 403 25 0.842000 0.308000  0.000020 0.000019 0.000053 0.000100 0.000054 0.000029 
3256512 leukocyte 1 403 25 0.842000 0.539000  0.000153 0.000121 0.000320 0.000644 0.000344 0.000176 
3256576 leukocyte 1 403 24 0.842000 0.385000  0.000021 0.000019 0.000053 0.000101 0.000055 0.000031 
3256576 leukocyte 1 403 24 0.842000 0.693000  0.000026 0.000034 0.000084 0.000216 0.000081 0.000039 
3256576 leukocyte 1 403 25 0.842000 0.308000  0.000021 0.000019 0.000053 0.000102 0.000054 0.000029 
3256640 leukocyte 1 403 25 0.842000 0.385000  0.000020 0.000019 0.000053 0.000098 0.000054 0.000029 
3256640 leukocyte 1 403 25 0.842000 0.308000  0.000021 0.000019 0.000053 0.000100 0.000055 0.000029 
3256704 leukocyte 1 403 25 0.842000 0.384000  0.000020 0.000019 0.000053 0.000098 0.000054 0.000029 
3256704 leukocyte 1 403 25 0.842000 0.308000  0.001135 0.000317 0.000618 0.001223 0.000421 0.000173 
3256704 leukocyte 1 403 25 0.842000 0.540000  0.000029 0.000023 0.000065 0.000149 0.000068 0.000035 
3256768 leukocyte 1 403 25 0.842000 0.694000  0.000062 0.000048 0.000129 0.000283 0.000144 0.000074 
3256768 leukocyte 1 403 25 0.842000 0.539000  0.000021 0.000023 0.000070 0.000131 0.000065 0.000033 
3256832 leukocyte 1 403 25 0.842000 0.616000  0.304770 1.025661 0.360068 1.026444 0.000075 0.017136 
3256832 leukocyte 1 403 25 0.842000 0.308000  0.000021 0.000019 0.000052 0.000100 0.000054 0.000029 
3256896 leukocyte 1 403 25 0.842000 0.307000  0.000020 0.000019 0.000052 0.000100 0.000057 0.000033 
3256896 leukocyte 1 403 25 0.842000 0.308000  0.000020 0.000019 0.000052 0.000097 0.000054 0.000029 
3256960 leukocyte 1 403 25 0.842000 0.308000  0.000025 0.000020 0.000056 0.000116 0.000062 0.000032 
3256960 leukocyte 1 403 25 0.842000 0.539000  0.000020 0.000019 0.000052 0.000099 0.000054 0.000029 
3256960 leukocyte 1 403 25 0.842000 0.539000  0.000055 0.000045 0.000156 0.000311 0.000180 0.000089 
3257024 leukocyte 1 403 25 0.842000 0.385000  0.000021 0.000020 0.000055 0.000119 0.000057 0.000030 
3257024 leukocyte 1 403 25 0.842000 0.539000  0.000022 0.000029 0.000069 0.000144 0.000082 0.000040 
3257088 leukocyte 1 403 25 0.842000 0.308000  0.000020 0.000018 0.000052 0.000099 0.000053 0.000029 
3257088 leukocyte 1 403 25 0.842000 0.308000  0.007586 0.002061 0.004152 0.008051 0.002749 0.001131 
3257152 leukocyte 1 403 25 0.842000 0.308000  0.000019 0.000018 0.000051 0.000095 0.000053 0.000029 
3257152 leukocyte 1 403 25 0.842000 0.307000  0.000027 0.000021 0.000058 0.000123 0.000065 0.000033 
3257152 leukocyte 1 403 25 0.842000 0.461000  0.000034 0.000021 0.000057 0.000119 0.000057 0.000030 
3257216 leukocyte 1 403 25 0.842000 0.539000  0.000020 0.000018 0.000051 0.000097 0.000053 0.000028 
3257216 leukocyte 1 403 25 0.842000 0.462000  0.000022 0.000020 0.000055 0.000114 0.000061 0.000031 
3257280 leukocyte 1 403 25 0.842000 0.308000  0.000021 0.000018 0.000051 0.000101 0.000052 0.000028 
3257280 leukocyte 1 403 25 0.842000 0.540000  0.000030 0.000027 0.000078 0.000149 0.000098 0.000048 
3257280 leukocyte 1 403 25 0.842000 0.308000  0.000020 0.000018 0.000051 0.000098 0.000053 0.000028 
3257344 leukocyte 1 403 25 0.842000 0.461000  0.000021 0.000018 0.000051 0.000098 0.000055 0.000029 
3257344 leukocyte 1 403 25 0.842000 0.308000  0.000028 0.000100 0.000220 0.000347 0.000144 0.000063 
3257408 leukocyte 1 403 25 0.842000 0.308000  0.000005 0.000005 0.000014 0.000026 0.000017 0.000009 
3257408 leukocyte 1 403 25 0.842000 0.308000  0.000122 0.000107 0.000288 0.000565 0.000299 0.000159 
3257472 leukocyte 1 403 25 0.842000 0.385000  0.000024 0.000019 0.000054 0.000110 0.000056 0.000030 
3257472 leukocyte 1 403 25 0.842000 0.463000  0.000025 0.000021 0.000055 0.000116 0.000061 0.000031 
3257472 leukocyte 1 403 25 0.842000 0.616000  0.000020 0.000018 0.000051 0.000198 0.000080 0.000048 
3257536 leukocyte 1 403 25 0.842000 0.308000  0.000019 0.000018 0.000050 0.000095 0.000052 0.000028 
3257536 leukocyte 1 403 25 0.842000 0.461000  0.000020 0.000018 0.000050 0.000095 0.000052 0.000028 
3257600 leukocyte 1 403 25 0.842000 0.461000  0.000021 0.000029 0.000070 0.000141 0.000081 0.000039 
3257600 leukocyte 1 403 25 0.842000 0.308000  0.000112 0.000098 0.000272 0.000525 0.000284 0.000151 
3257600 leukocyte 1 403 25 0.842000 0.462000  0.000026 0.000021 0.000057 0.000119 0.000063 0.000032 
3257664 leukocyte 1 403 25 0.842000 0.385000  0.000020 0.000018 0.000050 0.000096 0.000052 0.000028 
3257664 leukocyte 1 403 25 0.842000 0.539000  0.000021 0.000019 0.000052 0.000105 0.000057 0.000030 
3257728 leukocyte 1 403 25 0.842000 0.693000  0.000020 0.000018 0.000050 0.000096 0.000051 0.000028 
