#Timestamp	Benchmark	Run(#)	CPU Frequency (MHz)	CPU Temperature(C)	CPU Voltage(V)	CPU Power(W)	CPU_CYCLES	L1_DATA_CACHE_ACCESS	INSTRUCTIONS_RETIRED	BUS_CYCLES	L1I_CACHE_ACCESS	PREDICTABLE_BRANCH_SPECULATIVELY_EXECUTED
3099904 hotspot 1 307 24 0.842000 0.462000  0.000022 0.000016 0.000053 0.000115 0.000055 0.000056 
3099904 hotspot 1 307 24 0.842000 0.462000  0.000015 0.000014 0.000039 0.000074 0.000039 0.000021 
3099904 hotspot 1 307 24 0.842000 0.462000  0.000021 0.000015 0.000043 0.000093 0.000047 0.000024 
3099968 hotspot 1 307 24 0.842000 0.231000  0.000016 0.000017 0.000043 0.000094 0.000046 0.000024 
3099968 hotspot 1 307 24 0.842000 0.308000  0.000016 0.000015 0.000041 0.000080 0.000043 0.000023 
3100032 hotspot 1 307 24 0.842000 0.154000  0.000015 0.000014 0.000039 0.000073 0.000042 0.000023 
3100032 hotspot 1 307 24 0.842000 0.386000  0.000017 0.000015 0.000043 0.000088 0.000046 0.000023 
3100096 hotspot 1 307 24 0.842000 0.231000  0.000015 0.000014 0.000039 0.000073 0.000040 0.000021 
3100096 hotspot 1 307 24 0.842000 0.385000  0.000016 0.000015 0.000051 0.000109 0.000058 0.000028 
3100160 hotspot 1 307 24 0.842000 0.231000  0.000015 0.000014 0.000039 0.000072 0.000040 0.000022 
3100160 hotspot 1 307 24 0.842000 0.385000  0.000017 0.000015 0.000041 0.000087 0.000045 0.000023 
3100160 hotspot 1 307 24 0.842000 0.231000  0.000015 0.000014 0.000038 0.000073 0.000040 0.000021 
3100224 hotspot 1 307 24 0.842000 0.385000  -0.548548 0.437800 -0.191841 -0.548455 0.473047 0.236819 
3100224 hotspot 1 307 24 0.842000 0.231000  0.000015 0.000014 0.000038 0.000083 0.000042 0.000022 
3100288 hotspot 1 307 24 0.842000 0.462000  0.000019 0.000030 0.000082 0.000154 0.000068 0.000033 
3100288 hotspot 1 307 24 0.842000 0.385000  0.000015 0.000014 0.000038 0.000073 0.000040 0.000021 
3100352 hotspot 1 307 24 0.842000 0.385000  0.000016 0.000014 0.000043 0.000246 0.000112 0.000050 
3100352 hotspot 1 307 24 0.842000 0.308000  0.000018 0.000015 0.000043 -0.416806 0.360508 0.180440 
3100352 hotspot 1 307 24 0.842000 0.385000  0.000015 0.000014 0.000041 0.000081 0.000137 0.000056 
3100416 hotspot 1 307 24 0.842000 0.308000  0.000020 0.000016 0.000042 0.000084 0.000043 0.000022 
3100416 hotspot 1 307 24 0.842000 0.385000  0.000016 0.000014 0.000039 0.000079 0.000040 0.000021 
3100480 hotspot 1 307 24 0.842000 0.308000  0.000018 0.000015 0.000042 0.000085 0.000046 0.000024 
3100480 hotspot 1 307 24 0.842000 0.385000  0.000016 0.000014 0.000038 0.000077 0.000039 0.000021 
3100544 hotspot 1 307 24 0.842000 0.385000  0.000019 0.000016 0.000044 0.000090 0.000048 0.000025 
3100544 hotspot 1 307 24 0.842000 0.308000  0.000017 0.000014 0.000041 0.000083 0.000042 0.000022 
3100608 hotspot 1 307 24 0.842000 0.308000  0.000077 0.332278 -0.143937 -0.412463 0.359222 0.179721 
3100608 hotspot 1 307 24 0.842000 0.385000  0.000021 0.000020 0.000054 0.000108 0.000059 0.000031 
3100608 hotspot 1 307 24 0.842000 0.385000  0.000015 0.000014 0.000038 0.000072 0.000039 0.000021 
3100672 hotspot 1 307 24 0.842000 0.385000  0.000017 0.000015 0.000040 0.000078 0.000044 0.000023 
3100672 hotspot 1 307 24 0.842000 0.308000  0.000015 0.000014 0.000038 0.000072 0.000039 0.000021 
3100736 hotspot 1 307 24 0.842000 0.385000  0.000017 0.000015 0.000041 0.000079 0.000043 0.000022 
3100736 hotspot 1 307 24 0.842000 0.385000  0.000015 0.000014 0.000038 0.000074 0.000039 0.000021 
3100736 hotspot 1 307 24 0.842000 0.385000  0.000016 0.000014 0.000039 0.000076 0.000042 0.000022 
3100800 hotspot 1 307 24 0.842000 0.231000  0.301466 0.952246 0.342359 0.952409 0.000040 0.020683 
3100800 hotspot 1 307 24 0.842000 0.385000  0.000102 0.000627 0.000414 0.001555 0.000000 0.000075 
3100864 hotspot 1 307 24 0.842000 0.385000  0.000015 0.000014 0.000038 0.000072 0.000040 0.000021 
3100864 hotspot 1 307 24 0.842000 0.308000  0.000016 0.000014 0.000039 0.000076 0.000042 0.000022 
3100928 hotspot 1 307 24 0.842000 0.154000  0.000015 0.000014 0.000038 0.000077 0.000040 0.000021 
3100928 hotspot 1 307 24 0.842000 0.385000  0.000037 0.000019 0.000050 0.000107 0.000053 0.000026 
3100928 hotspot 1 307 24 0.842000 0.231000  0.000015 0.000014 0.000038 0.000072 0.000039 0.000021 
3100992 hotspot 1 307 24 0.842000 0.385000  0.000015 0.000021 0.000051 0.000104 0.000063 0.000030 
3100992 hotspot 1 307 24 0.842000 0.231000  0.000015 0.000014 0.000038 0.000071 0.000038 0.000021 
3101056 hotspot 1 307 24 0.842000 0.308000  0.000016 0.000014 0.000039 0.000104 0.000054 0.000030 
3101056 hotspot 1 307 24 0.842000 0.385000  0.000020 0.000016 0.000043 0.000088 0.000045 0.000040 
3101120 hotspot 1 307 24 0.842000 0.308000  0.000582 0.004127 0.001973 0.005344 0.000000 0.000322 
3101120 hotspot 1 307 24 0.842000 0.386000  0.000042 0.000021 0.000051 0.000125 0.000060 0.000032 
3101184 hotspot 1 307 24 0.842000 0.386000  0.043975 0.012517 0.025882 0.043991 0.014893 0.006247 
3101184 hotspot 1 307 24 0.842000 0.385000  0.000038 0.000020 0.000049 0.000118 0.000058 0.000031 
3101248 hotspot 1 307 24 0.842000 0.385000  0.000014 0.000013 0.000038 0.000071 0.000039 0.000021 
3101248 hotspot 1 307 24 0.842000 0.540000  0.000024 0.000016 0.000043 0.000086 0.000044 0.000038 
3101312 hotspot 1 307 24 0.842000 0.308000  0.000019 0.000016 0.000043 0.000088 0.000046 0.000024 
3101312 hotspot 1 307 24 0.842000 0.539000  0.000018 0.000015 0.000040 0.000079 0.000044 0.000023 
3101312 hotspot 1 307 24 0.842000 0.308000  0.032579 0.076191 0.035043 0.076781 0.000004 0.002160 
3101376 hotspot 1 307 24 0.842000 0.462000  0.000082 0.000493 0.000318 0.002477 0.000000 0.000141 
3101376 hotspot 1 307 24 0.842000 0.539000  0.000094 0.000571 0.000357 0.001480 0.000000 0.000067 
3101440 hotspot 1 307 24 0.842000 0.385000  0.000015 0.000013 0.000037 0.000072 0.000039 0.000021 
3101440 hotspot 1 307 24 0.842000 0.385000  0.000019 0.000015 0.000041 0.000086 0.000047 0.000024 
3101504 hotspot 1 307 24 0.842000 0.539000  0.000017 0.000015 0.000041 0.000085 0.000042 0.000022 
3101504 hotspot 1 307 24 0.842000 0.463000  0.000018 0.000015 0.000041 0.000085 0.000043 0.000022 
3101504 hotspot 1 307 24 0.842000 0.308000  0.000020 0.000015 0.000042 0.000089 0.000044 0.000023 
3101568 hotspot 1 307 24 0.842000 0.308000  0.000026 0.000018 0.000046 0.000107 0.000048 0.000024 
3101568 hotspot 1 307 24 0.842000 0.308000  0.000015 0.000017 0.000063 0.000110 0.000053 0.000027 
3101632 hotspot 1 307 24 0.842000 0.539000  0.000015 0.000014 0.000039 0.000074 0.000041 0.000023 
3101632 hotspot 1 307 24 0.842000 0.385000  0.000015 0.000013 0.000037 0.000070 0.000038 0.000021 
3101696 hotspot 1 307 24 0.842000 0.462000  0.000019 0.000015 0.000042 0.000088 0.000046 0.000024 
3101696 hotspot 1 307 24 0.842000 0.462000  0.000015 0.000016 0.000046 0.000102 0.000047 0.000023 
3101696 hotspot 1 307 24 0.842000 0.462000  0.000015 0.000014 0.000039 0.000074 0.000041 0.000022 
3101760 hotspot 1 307 24 0.842000 0.385000  0.000015 0.000013 0.000037 0.000072 0.000041 0.000021 
3101760 hotspot 1 307 24 0.842000 0.463000  0.000025 0.000017 0.000044 0.000087 0.000045 0.000023 
3101824 hotspot 1 307 24 0.842000 0.462000  0.000015 0.000013 0.000037 0.000070 0.000038 0.000021 
3101824 hotspot 1 307 24 0.842000 0.540000  0.001311 0.001050 0.002809 0.005512 0.002976 0.001547 
3101888 hotspot 1 307 24 0.842000 0.462000  0.000015 0.000013 0.000037 0.000071 0.000038 0.000021 
3101888 hotspot 1 307 24 0.842000 0.540000  0.000019 0.000015 0.000084 0.000199 0.000080 0.000036 
3101952 hotspot 1 307 24 0.842000 0.540000  0.000015 0.000013 0.000037 0.000072 0.000039 0.000020 
3101952 hotspot 1 307 24 0.842000 0.616000  0.000015 0.000014 0.000038 0.000073 0.000041 0.000022 
3101952 hotspot 1 307 24 0.842000 0.386000  0.000050 0.000021 0.000051 0.000122 0.000051 0.000025 
3102016 hotspot 1 307 24 0.842000 0.462000  0.000017 0.000014 0.000041 0.000084 0.000044 0.000023 
3102016 hotspot 1 307 24 0.842000 0.308000  0.000015 0.000014 0.000039 0.000079 0.000041 0.000021 
3102080 hotspot 1 307 24 0.842000 0.462000  0.000019 0.000016 0.000042 0.000087 0.000046 0.000023 
3102080 hotspot 1 307 24 0.842000 0.540000  0.000015 0.000014 0.000038 0.000078 0.000040 0.000021 
3102144 hotspot 1 307 24 0.842000 0.539000  0.000015 0.000022 0.000056 0.000124 0.000058 0.000028 
3102144 hotspot 1 307 24 0.842000 0.463000  0.000017 0.000014 0.000039 0.000078 0.000040 0.000022 
3102208 hotspot 1 307 24 0.842000 0.462000  0.000019 0.000015 0.000046 0.000101 0.000050 0.000025 
3102208 hotspot 1 307 24 0.842000 0.540000  0.000014 0.000013 0.000037 0.000076 0.000039 0.000021 
3102208 hotspot 1 307 24 0.842000 0.462000  0.000019 0.000015 0.000072 0.000157 0.000069 0.000032 
3102272 hotspot 1 307 24 0.842000 0.539000  0.000016 0.000014 0.000039 0.000078 0.000041 0.000021 
3102272 hotspot 1 307 24 0.842000 0.463000  0.000018 0.000015 0.000041 0.000086 0.000045 0.000023 
3102336 hotspot 1 307 24 0.842000 0.617000  0.000018 0.000015 0.000042 0.000088 0.000043 0.000023 
3102400 hotspot 1 307 24 0.842000 0.462000  0.000020 0.000018 0.000049 0.000094 0.000052 0.000028 
3102400 hotspot 1 307 24 0.842000 0.386000  0.000042 0.000018 0.000045 0.000098 0.000045 0.000023 
3102464 hotspot 1 307 24 0.842000 0.540000  0.000018 0.000014 0.000040 0.000084 0.000043 0.000022 
3102464 hotspot 1 307 24 0.842000 0.385000  0.000014 0.000013 0.000036 0.000069 0.000037 0.000020 
3102528 hotspot 1 307 24 0.842000 0.462000  0.000015 0.000020 0.000049 0.000118 0.000056 0.000031 
3102528 hotspot 1 307 24 0.842000 0.308000  0.000015 0.000013 0.000036 0.000068 0.000038 0.000020 
3102592 hotspot 1 307 24 0.842000 0.463000  0.000043 0.000018 0.000045 0.000103 0.000047 0.000023 
3102592 hotspot 1 307 24 0.842000 0.386000  0.000014 0.000013 0.000038 0.000075 0.000039 0.000021 
3102592 hotspot 1 307 24 0.842000 0.462000  0.000015 0.000014 0.000038 0.000072 0.000040 0.000021 
3102656 hotspot 1 307 24 0.842000 0.385000  0.071491 0.066010 0.183959 0.345385 0.187981 0.101914 
3102656 hotspot 1 307 24 0.842000 0.463000  0.010664 0.009737 0.027230 0.053513 0.029107 0.015518 
3102720 hotspot 1 307 24 0.842000 0.463000  0.000485 0.000396 0.001100 0.002258 0.001202 0.000610 
3102720 hotspot 1 307 24 0.842000 0.539000  0.005071 0.004556 0.012570 0.024115 0.013231 0.007009 
3102720 hotspot 1 307 25 0.842000 0.539000  0.010880 0.005249 0.013081 0.029389 0.014554 0.006946 
3102784 hotspot 1 307 24 0.842000 0.540000  0.003489 0.003276 0.008922 0.018053 0.013402 0.006603 
3102784 hotspot 1 307 24 0.842000 0.462000  0.003752 0.002963 0.007829 0.015257 0.008022 0.004204 
3102848 hotspot 1 307 24 0.842000 0.462000  0.002577 0.002343 0.006456 0.012765 0.006858 0.003603 
3102848 hotspot 1 307 24 0.842000 0.539000  0.002322 0.002046 0.005650 0.010801 0.005982 0.003166 
3102912 hotspot 1 307 24 0.842000 0.462000  0.146117 0.048176 0.100942 0.146468 0.054247 0.024162 
3102912 hotspot 1 307 24 0.842000 0.462000  0.002587 0.005767 0.015890 0.032539 0.013256 0.005915 
3102912 hotspot 1 307 24 0.842000 0.539000  0.002102 0.001809 0.005100 0.010175 0.005270 0.002785 
3102976 hotspot 1 307 24 0.842000 0.462000  0.001872 0.001722 0.004714 0.009096 0.005121 0.002685 
3102976 hotspot 1 307 24 0.842000 0.539000  0.001673 0.001569 0.004450 0.008963 0.004616 0.002467 
3103040 hotspot 1 307 24 0.842000 0.463000  0.001610 0.002160 0.005225 0.012730 0.005980 0.002904 
3103040 hotspot 1 307 24 0.842000 0.539000  0.001809 0.001427 0.004070 0.008041 0.004125 0.002195 
3103104 hotspot 1 307 24 0.842000 0.462000  0.001522 0.001442 0.003826 0.007773 0.004144 0.002115 
3103104 hotspot 1 307 24 0.842000 0.540000  0.001348 0.001203 0.003355 0.006879 0.003742 0.001952 
3103104 hotspot 1 307 24 0.842000 0.462000  0.001882 0.001307 0.003495 0.007060 0.003660 0.001908 
3103168 hotspot 1 307 24 0.842000 0.463000  0.001986 0.001283 0.003407 0.006957 0.003431 0.001806 
3103168 hotspot 1 307 24 0.842000 0.462000  1.403294 0.450549 0.946347 1.412950 0.513395 0.225727 
3103232 hotspot 1 307 24 0.842000 0.539000  0.000492 0.012538 0.028547 0.029408 0.013621 0.006579 
3103232 hotspot 1 307 24 0.842000 0.463000  0.001051 0.000951 0.002837 0.006210 0.003218 0.001613 
3103296 hotspot 1 307 24 0.842000 0.462000  0.034344 0.011097 0.023564 0.034430 0.012525 0.005544 
3103296 hotspot 1 307 24 0.842000 0.385000  0.000945 0.000857 0.002387 0.004555 0.002474 0.001326 
3103360 hotspot 1 307 24 0.842000 0.462000  0.001168 0.000925 0.002561 0.005388 0.002809 0.001450 
3103360 hotspot 1 307 24 0.842000 0.462000  0.000873 0.000803 0.002243 0.004220 0.002302 0.001242 
3103360 hotspot 1 307 24 0.842000 0.462000  0.002256 0.001211 0.003557 0.007058 0.003995 0.001902 
3103424 hotspot 1 307 24 0.842000 0.462000  0.114939 0.039098 0.083077 0.115181 0.043841 0.019768 
3103424 hotspot 1 307 24 0.842000 0.539000  0.000233 0.000210 0.000596 0.001154 0.000619 0.000327 
3103488 hotspot 1 307 24 0.842000 0.463000  0.000020 0.000017 0.000047 0.000093 0.000051 0.000026 
3103488 hotspot 1 307 24 0.842000 0.694000  0.000018 0.000021 0.000054 0.000121 0.000056 0.000028 
3103552 hotspot 1 307 24 0.842000 0.693000  0.000977 0.000818 0.002199 0.004434 0.002388 0.001236 
3103552 hotspot 1 307 24 0.842000 0.462000  0.000779 0.000723 0.002024 0.003799 0.002074 0.001123 
3103616 hotspot 1 307 24 0.842000 0.463000  0.000809 0.000745 0.002040 0.004347 0.002322 0.001182 
3103616 hotspot 1 307 24 0.842000 0.308000  0.000848 0.000717 0.002046 0.004000 0.002099 0.001103 
3103616 hotspot 1 307 24 0.842000 0.462000  0.000742 0.001052 0.002532 0.005432 0.002556 0.001414 
3103680 hotspot 1 307 24 0.842000 0.462000  0.000787 0.000660 0.001875 0.003805 0.001931 0.001014 
3103680 hotspot 1 307 24 0.842000 0.463000  0.000861 0.000690 0.001898 0.003967 0.002162 0.001074 
3103744 hotspot 1 307 24 0.842000 0.308000  0.000638 0.000623 0.001711 0.003397 0.001817 0.000953 
3103744 hotspot 1 307 24 0.842000 0.540000  0.009294 0.002763 0.005761 0.009373 0.003254 0.001381 
3103808 hotspot 1 307 24 0.842000 0.539000  0.000017 0.000017 0.000047 0.000091 0.000047 0.000025 
3103808 hotspot 1 307 24 0.842000 0.462000  0.000019 0.000017 0.000047 0.000089 0.000050 0.000026 
3103808 hotspot 1 307 24 0.842000 0.308000  0.000019 0.000016 0.000045 0.000090 0.000046 0.000025 
3103872 hotspot 1 307 24 0.842000 0.693000  0.000005 0.000004 0.000012 0.000023 0.000015 0.000008 
3103872 hotspot 1 307 24 0.842000 0.539000  0.000018 0.000016 0.000045 0.000085 0.000046 0.000025 
3103936 hotspot 1 307 24 0.842000 0.539000  0.000725 0.000617 0.001679 0.003467 0.001750 0.000927 
3103936 hotspot 1 307 24 0.842000 0.463000  0.000638 0.000577 0.001587 0.003039 0.001679 0.000892 
3104000 hotspot 1 307 24 0.842000 0.385000  0.000018 0.000016 0.000045 0.000087 0.000046 0.000025 
3104000 hotspot 1 307 24 0.842000 0.540000  0.000582 0.000764 0.001852 0.004540 0.002238 0.001232 
3104000 hotspot 1 307 24 0.842000 0.385000  0.000533 0.000479 0.001334 0.002570 0.001377 0.000740 
3104064 hotspot 1 307 24 0.842000 0.462000  0.000780 0.000571 0.001614 0.004089 0.001848 0.000925 
3104128 hotspot 1 307 24 0.842000 0.539000  0.001812 0.005105 0.010745 0.023087 0.007288 0.002923 
3104128 hotspot 1 307 24 0.842000 0.462000  0.000491 0.000518 0.001337 0.002971 0.001370 0.000703 
3104192 hotspot 1 307 24 0.842000 0.462000  0.031968 0.011660 0.024957 0.032568 0.012554 0.005805 
3104192 hotspot 1 307 24 0.842000 0.539000  0.000774 0.000321 0.000784 0.001853 0.000801 0.000399 
3104192 hotspot 1 307 24 0.842000 0.463000  0.000254 0.000175 0.000465 0.000993 0.000500 0.000248 
3104256 hotspot 1 307 24 0.842000 0.539000  0.005033 0.001529 0.003196 0.005121 0.001809 0.000799 
3104256 hotspot 1 307 24 0.842000 0.463000  0.000019 0.000018 0.000049 0.000168 0.000072 0.000033 
3104320 hotspot 1 307 24 0.842000 0.462000  0.000018 0.000016 0.000044 0.000085 0.000046 0.000025 
3104320 hotspot 1 307 24 0.842000 0.462000  0.000022 0.000019 0.000051 0.000110 0.000055 0.000028 
3104384 hotspot 1 307 24 0.842000 0.539000  0.000511 0.000436 0.001218 0.002488 0.001267 0.000675 
3104384 hotspot 1 307 24 0.842000 0.463000  0.000714 0.000211 0.000394 0.000795 0.000299 0.000122 
3104384 hotspot 1 307 24 0.842000 0.540000  0.000503 0.000425 0.001179 0.002363 0.001218 0.000647 
3104448 hotspot 1 307 24 0.842000 0.462000  0.001524 0.000708 0.001647 0.003930 0.001720 0.000813 
3104448 hotspot 1 307 24 0.842000 0.539000  0.000410 0.000397 0.001124 0.002218 0.001184 0.000623 
3104512 hotspot 1 307 24 0.842000 0.462000  0.000468 0.000502 0.001293 0.002856 0.001396 0.000700 
3104512 hotspot 1 307 24 0.842000 0.385000  0.000403 0.000396 0.001109 0.002218 0.001151 0.000609 
3104576 hotspot 1 307 24 0.842000 0.539000  0.000427 0.000490 0.001303 0.002969 0.001423 0.000731 
3104576 hotspot 1 307 24 0.842000 0.540000  0.000409 0.000374 0.001076 0.002112 0.001104 0.000593 
3104576 hotspot 1 307 24 0.842000 0.462000  0.006119 0.001804 0.003728 0.006200 0.002147 0.000939 
3104640 hotspot 1 307 24 0.842000 0.385000  0.000034 0.000032 0.000090 0.000170 0.000115 0.000056 
3104640 hotspot 1 307 24 0.842000 0.462000  0.000486 0.000396 0.001073 0.002185 0.001172 0.000604 
3104704 hotspot 1 307 24 0.842000 0.385000  0.000443 0.000372 0.001042 0.002075 0.001093 0.000573 
3104704 hotspot 1 307 24 0.842000 0.539000  0.000423 0.000445 0.001155 0.002483 0.001235 0.000613 
3104768 hotspot 1 307 24 0.842000 0.385000  0.000387 0.000889 0.002080 0.003467 0.001600 0.001442 
3104768 hotspot 1 307 24 0.842000 0.462000  0.000448 0.000364 0.001011 0.002125 0.001130 0.000578 
3104832 hotspot 1 307 24 0.842000 0.539000  0.000354 0.000331 0.000960 0.001897 0.000976 0.000517 
3104832 hotspot 1 307 24 0.842000 0.462000  0.000376 0.000338 0.000939 0.002232 0.001130 0.000564 
3104832 hotspot 1 307 24 0.842000 0.540000  0.000435 0.000330 0.000941 0.001846 0.000942 0.000503 
3104896 hotspot 1 307 24 0.842000 0.462000  0.000356 0.000326 0.000893 0.001693 0.000951 0.000502 
3104896 hotspot 1 307 24 0.842000 0.693000  0.000372 0.000318 0.000890 0.001775 0.000922 0.000489 
3104960 hotspot 1 307 24 0.842000 0.462000  0.002526 0.001164 0.002714 0.005934 0.002453 0.001113 
3104960 hotspot 1 307 24 0.842000 0.539000  0.000310 0.000303 0.000832 0.001676 0.000868 0.000466 
3105024 hotspot 1 307 24 0.842000 0.462000  0.000390 0.000319 0.000884 0.001818 0.000963 0.000491 
3105024 hotspot 1 307 24 0.842000 0.540000  0.000296 0.000293 0.000823 0.001636 0.000852 0.000450 
3105088 hotspot 1 307 24 0.842000 0.539000  0.000311 0.000423 0.001026 0.002009 0.001185 0.000584 
3105088 hotspot 1 307 24 0.842000 0.462000  0.000339 0.000286 0.000793 0.001585 0.000815 0.000430 
3105088 hotspot 1 307 24 0.842000 0.616000  0.000478 0.000328 0.000870 0.001937 0.000949 0.000499 
3105152 hotspot 1 307 24 0.842000 0.385000  0.000275 0.000261 0.000727 0.001562 0.000780 0.000414 
3105152 hotspot 1 307 24 0.842000 0.540000  0.000290 0.000271 0.000746 0.001413 0.000793 0.000420 
3105216 hotspot 1 307 24 0.842000 0.386000  0.000018 0.000016 0.000044 0.000085 0.000045 0.000024 
3105216 hotspot 1 307 24 0.842000 0.539000  0.000445 0.000285 0.000777 0.001685 0.000877 0.000439 
3105280 hotspot 1 307 24 0.842000 0.308000  0.000270 0.000244 0.000683 0.001301 0.000700 0.000378 
3105280 hotspot 1 307 24 0.842000 0.617000  0.000312 0.000262 0.000726 0.001497 0.000798 0.000412 
3105280 hotspot 1 307 24 0.842000 0.539000  0.000258 0.000239 0.000666 0.001244 0.000681 0.000369 
3105344 hotspot 1 307 24 0.842000 0.617000  0.000269 0.000249 0.000683 0.001339 0.000726 0.000393 
3105344 hotspot 1 307 24 0.842000 0.462000  0.000313 0.000273 0.000741 0.001543 0.000824 0.000420 
3105408 hotspot 1 307 24 0.842000 0.462000  0.000247 0.000244 0.000681 0.001357 0.000697 0.000372 
3105408 hotspot 1 307 24 0.842000 0.462000  0.007272 0.005492 0.012776 0.009446 0.005644 0.003333 
3105472 hotspot 1 307 24 0.842000 0.539000  0.000259 0.000234 0.000648 0.001257 0.000689 0.000382 
3105472 hotspot 1 307 24 0.842000 0.462000  0.000301 0.000257 0.000704 0.002138 0.001001 0.000499 
3105536 hotspot 1 307 24 0.842000 0.539000  0.000268 0.000231 0.000661 0.001287 0.000668 0.000353 
3105536 hotspot 1 307 24 0.842000 0.463000  0.000427 0.000271 0.000722 0.001540 0.001032 0.000503 
3105600 hotspot 1 307 24 0.842000 0.539000  0.000017 0.000015 0.000043 0.000082 0.000045 0.000024 
3105600 hotspot 1 307 24 0.842000 0.462000  0.000286 0.000229 0.000637 0.001398 0.000716 0.000368 
3105600 hotspot 1 307 24 0.842000 0.385000  0.000229 0.000208 0.000640 0.001514 0.000680 0.000351 
3105664 hotspot 1 307 24 0.842000 0.539000  0.000238 0.000218 0.000824 0.002302 0.000962 0.000500 
3105664 hotspot 1 307 24 0.842000 0.540000  0.000224 0.000203 0.000569 0.001077 0.000637 0.000332 
3105728 hotspot 1 307 24 0.842000 0.462000  0.000269 0.000217 0.000601 0.001248 0.000683 0.000352 
3105728 hotspot 1 307 24 0.842000 0.462000  0.000375 0.000234 0.000616 0.001305 0.000638 0.000332 
3105792 hotspot 1 307 24 0.842000 0.693000  0.000231 0.000309 0.000737 0.001541 0.000874 0.000422 
3105792 hotspot 1 307 24 0.842000 0.385000  0.000210 0.000198 0.000561 0.001072 0.000575 0.000309 
3105856 hotspot 1 307 24 0.842000 0.539000  0.000115 0.000093 0.000257 0.000527 0.000285 0.000145 
3105856 hotspot 1 307 24 0.842000 0.463000  0.000233 0.000201 0.000560 0.001139 0.000581 0.000310 
3105920 hotspot 1 307 24 0.842000 0.540000  0.000211 0.000196 0.000695 0.001507 0.000741 0.000363 
3105920 hotspot 1 307 24 0.842000 0.462000  0.000228 0.000199 0.000545 0.001113 0.000561 0.000301 
3105984 hotspot 1 307 24 0.842000 0.462000  0.000286 0.000215 0.000596 0.001258 0.000659 0.000332 
