#Timestamp	Benchmark	Run(#)	CPU Frequency (MHz)	CPU Temperature(C)	CPU Voltage(V)	CPU Power(W)	CPU_CYCLES	L1_DATA_CACHE_ACCESS	INSTRUCTIONS_RETIRED	BUS_CYCLES	L1I_CACHE_ACCESS	PREDICTABLE_BRANCH_SPECULATIVELY_EXECUTED
5537600 pathfinder 1 1132 28 1.072000 0.771000  0.000049 0.000037 0.000103 0.000232 0.000114 0.000058 
5537664 pathfinder 1 1132 28 1.072000 1.233000  0.000004 0.000004 0.000011 0.000022 0.000014 0.000007 
5537664 pathfinder 1 1132 27 1.072000 0.847000  0.000038 0.000034 0.000094 0.000184 0.000097 0.000052 
5537664 pathfinder 1 1132 27 1.072000 1.234000  0.000048 0.000038 0.000105 0.000232 0.000116 0.000059 
5537728 pathfinder 1 1132 28 1.072000 0.847000  0.000051 0.000038 0.000105 0.000233 0.000117 0.000059 
5537728 pathfinder 1 1132 28 1.072000 1.233000  0.000010 0.000009 0.000025 0.000050 0.000032 0.000016 
5537792 pathfinder 1 1132 28 1.072000 1.465000  0.000043 0.000040 0.000107 0.000251 0.000115 0.000058 
5537792 pathfinder 1 1132 28 1.072000 0.849000  0.000039 0.000033 0.000092 0.000182 0.000095 0.000051 
5537792 pathfinder 1 1132 28 1.072000 1.234000  0.000039 0.000035 0.000095 0.000261 0.000125 0.000062 
5537856 pathfinder 1 1132 28 1.072000 0.847000  0.000499 0.000433 0.001185 0.002340 0.001274 0.000666 
5537856 pathfinder 1 1132 28 1.072000 0.849000  0.000049 0.000036 0.000100 0.000223 0.000112 0.000057 
5537920 pathfinder 1 1132 28 1.072000 1.465000  0.000017 0.000022 0.000053 0.000111 0.000062 0.000030 
5537920 pathfinder 1 1132 28 1.072000 0.847000  0.000039 0.000034 0.000094 0.000182 0.000122 0.000061 
5537920 pathfinder 1 1132 28 1.072000 0.848000  0.000038 0.000050 0.000120 0.000259 0.000141 0.000069 
5537984 pathfinder 1 1132 28 1.072000 1.234000  0.000039 0.000034 0.000093 0.000179 0.000098 0.000052 
5537984 pathfinder 1 1132 28 1.072000 0.847000  0.000036 0.000032 0.000089 0.000172 0.000092 0.000049 
5537984 pathfinder 1 1132 28 1.072000 1.234000  0.000076 0.000038 0.000103 0.000249 0.000113 0.000056 
5538048 pathfinder 1 1132 28 1.072000 0.849000  0.000048 0.000036 0.000099 0.000220 0.000111 0.000056 
5538048 pathfinder 1 1132 28 1.072000 0.925000  0.000040 0.000033 0.000092 0.000195 0.000102 0.000053 
5538048 pathfinder 1 1132 28 1.072000 1.079000  0.000039 0.000033 0.000091 0.000180 0.000097 0.000051 
5538112 pathfinder 1 1132 28 1.072000 0.847000  0.000047 0.000036 0.000098 0.000216 0.000109 0.000056 
5538112 pathfinder 1 1132 28 1.072000 1.234000  0.000037 0.000033 0.000091 0.000178 0.000096 0.000051 
5538176 pathfinder 1 1132 28 1.072000 0.849000  0.000035 0.000031 0.000087 0.000168 0.000090 0.000048 
5538176 pathfinder 1 1132 28 1.072000 0.848000  0.000037 0.000033 0.000090 0.000176 0.000096 0.000051 
5538176 pathfinder 1 1132 28 1.072000 0.847000  0.000037 0.000033 0.000090 0.000183 0.000096 0.000050 
5538240 pathfinder 1 1132 28 1.072000 0.925000  0.000043 0.000034 0.000094 0.000204 0.000103 0.000053 
5538240 pathfinder 1 1132 28 1.072000 1.543000  0.000037 0.000033 0.000089 0.000174 0.000094 0.000050 
5538240 pathfinder 1 1132 28 1.072000 1.002000  0.000035 0.000031 0.000086 0.000164 0.000089 0.000048 
5538304 pathfinder 1 1132 28 1.072000 1.234000  0.000037 0.000032 0.000089 0.000173 0.000094 0.000050 
5538304 pathfinder 1 1132 28 1.072000 0.847000  0.000035 0.000030 0.000085 0.000165 0.000112 0.000054 
5538304 pathfinder 1 1132 27 1.072000 1.232000  0.000042 0.000034 0.000092 0.000199 0.000103 0.000053 
5538368 pathfinder 1 1132 27 1.072000 1.001000  0.000040 0.000033 0.000091 0.000193 0.000098 0.000051 
5538368 pathfinder 1 1132 28 1.072000 0.848000  0.000041 0.000034 0.000092 0.000197 0.000099 0.000052 
5538368 pathfinder 1 1132 27 1.072000 1.002000  0.000038 0.000033 0.000091 0.000196 0.000098 0.000051 
5538432 pathfinder 1 1132 27 1.072000 1.001000  0.000072 0.000035 0.000092 0.000202 0.000092 0.000048 
5538432 pathfinder 1 1132 27 1.072000 1.156000  0.000038 0.000032 0.000088 0.000188 0.000097 0.000051 
5538432 pathfinder 1 1132 27 1.072000 1.543000  0.000047 0.000034 0.000094 0.000208 0.000104 0.000052 
5538496 pathfinder 1 1132 27 1.072000 0.847000  0.000044 0.000034 0.000099 0.000230 0.000108 0.000054 
5538496 pathfinder 1 1132 27 1.072000 1.465000  0.000035 0.000031 0.000086 0.000164 0.000090 0.000048 
5538560 pathfinder 1 1132 27 1.072000 1.002000  0.000034 0.000030 0.000082 0.000162 0.000085 0.000046 
5538560 pathfinder 1 1132 27 1.072000 1.002000  0.000033 0.000031 0.000085 0.000162 0.000089 0.000048 
5538560 pathfinder 1 1132 27 1.072000 1.002000  0.000035 0.000031 0.000085 0.000167 0.000091 0.000047 
5538624 pathfinder 1 1132 27 1.072000 0.924000  0.000034 0.000031 0.000085 0.000165 0.000090 0.000047 
5538624 pathfinder 1 1132 27 1.072000 1.387000  0.000034 0.000031 0.000084 0.000165 0.000090 0.000047 
5538624 pathfinder 1 1132 27 1.072000 0.925000  0.000032 0.000029 0.000081 0.000155 0.000083 0.000045 
5538688 pathfinder 1 1132 27 1.072000 1.387000  0.000033 0.000030 0.000084 0.000162 0.000088 0.000047 
5538688 pathfinder 1 1132 27 1.072000 1.001000  0.000032 0.000029 0.000080 0.000156 0.000084 0.000045 
5538688 pathfinder 1 1132 27 1.072000 1.079000  0.000033 0.000030 0.000083 0.000161 0.000088 0.000046 
5538752 pathfinder 1 1132 27 1.072000 1.542000  0.000034 0.000030 0.000083 0.000159 0.000088 0.000046 
5538752 pathfinder 1 1132 27 1.072000 1.079000  0.000033 0.000030 0.000083 0.000160 0.000088 0.000047 
5538816 pathfinder 1 1132 27 1.072000 1.388000  0.000071 0.000035 0.000092 0.000215 0.000100 0.000050 
5538816 pathfinder 1 1132 27 1.072000 0.925000  0.000031 0.000028 0.000079 0.000154 0.000080 0.000043 
5538816 pathfinder 1 1132 27 1.072000 1.540000  0.000064 0.000033 0.000087 0.000199 0.000094 0.000048 
5538880 pathfinder 1 1132 27 1.072000 1.003000  0.000033 0.000029 0.000081 0.000159 0.000085 0.000045 
5538880 pathfinder 1 1132 27 1.072000 1.001000  0.000032 0.000030 0.000081 0.000157 0.000086 0.000046 
5538880 pathfinder 1 1132 27 1.072000 1.464000  0.000036 0.000031 0.000085 0.000184 0.000093 0.000048 
5538944 pathfinder 1 1132 27 1.072000 0.925000  0.000031 0.000028 0.000078 0.000156 0.000080 0.000043 
5538944 pathfinder 1 1132 27 1.072000 1.309000  0.000038 0.000032 0.000085 0.000186 0.000094 0.000048 
5538944 pathfinder 1 1132 27 1.072000 0.925000  0.000031 0.000028 0.000077 0.000148 0.000079 0.000043 
5539008 pathfinder 1 1132 27 1.072000 1.463000  0.000036 0.000030 0.000082 0.000184 0.000093 0.000048 
5539008 pathfinder 1 1132 27 1.072000 0.926000  0.000041 0.000031 0.000084 0.000191 0.000093 0.000047 
5539072 pathfinder 1 1132 27 1.072000 0.925000  0.000033 0.000029 0.000080 0.000171 0.000088 0.000046 
5539072 pathfinder 1 1132 27 1.072000 1.618000  0.000039 0.000030 0.000083 0.000183 0.000092 0.000047 
5539072 pathfinder 1 1132 27 1.072000 0.924000  0.000030 0.000027 0.000076 0.000148 0.000077 0.000042 
5539136 pathfinder 1 1132 27 1.072000 1.079000  0.000037 0.000030 0.000084 0.000178 0.000090 0.000046 
5539136 pathfinder 1 1132 27 1.072000 0.926000  0.000032 0.000029 0.000079 0.000154 0.000083 0.000044 
5539136 pathfinder 1 1132 27 1.072000 1.311000  0.000030 0.000028 0.000078 0.000152 0.000083 0.000047 
5539200 pathfinder 1 1132 27 1.072000 1.079000  0.000042 0.000031 0.000083 0.000174 0.000090 0.000046 
5539264 pathfinder 1 1132 27 1.072000 1.002000  0.000030 0.000028 0.000078 0.000150 0.000097 0.000048 
5539264 pathfinder 1 1132 27 1.072000 1.464000  0.000033 0.000028 0.000079 0.000174 0.000089 0.000046 
5539264 pathfinder 1 1132 27 1.072000 1.001000  0.000029 0.000027 0.000074 0.000142 0.000076 0.000041 
5539328 pathfinder 1 1132 27 1.072000 1.619000  0.000031 0.000028 0.000077 0.000148 0.000081 0.000043 
5539328 pathfinder 1 1132 27 1.072000 1.002000  0.000030 0.000026 0.000075 0.000160 0.000085 0.000044 
5539328 pathfinder 1 1132 27 1.072000 1.311000  0.000036 0.000029 0.000081 0.000179 0.000091 0.000047 
5539392 pathfinder 1 1132 27 1.072000 1.234000  0.000070 0.000030 0.000084 0.000210 0.000089 0.000045 
5539392 pathfinder 1 1132 27 1.072000 0.926000  0.000038 0.000030 0.000083 0.000185 0.000092 0.000047 
5539392 pathfinder 1 1132 27 1.072000 1.466000  0.000032 0.000028 0.000076 0.000149 0.000081 0.000043 
5539456 pathfinder 1 1132 27 1.072000 1.078000  0.720267 0.192532 0.430011 0.720776 0.215074 0.098055 
5539456 pathfinder 1 1132 27 1.072000 1.001000  0.000035 0.000029 0.000080 0.000169 0.000088 0.000045 
5539520 pathfinder 1 1132 27 1.072000 1.465000  0.000031 0.000028 0.000076 0.000149 0.000081 0.000043 
5539520 pathfinder 1 1132 27 1.072000 0.925000  0.000031 0.000028 0.000076 0.000148 0.000082 0.000043 
5539520 pathfinder 1 1132 27 1.072000 1.388000  0.000031 0.000027 0.000076 0.000147 0.000080 0.000042 
5539584 pathfinder 1 1132 27 1.072000 0.925000  0.000033 0.000026 0.000939 0.001964 0.000545 0.000217 
5539584 pathfinder 1 1132 27 1.072000 1.002000  0.000032 0.000029 0.000090 0.000218 0.000096 0.000047 
5539584 pathfinder 1 1132 27 1.072000 1.002000  0.730429 0.191413 0.426790 0.730964 0.215356 0.097823 
5539648 pathfinder 1 1132 27 1.072000 1.002000  0.000038 0.000030 0.000081 0.000174 0.000087 0.000045 
5539648 pathfinder 1 1132 27 1.072000 1.234000  0.000030 0.000027 0.000075 0.000144 0.000079 0.000042 
5539712 pathfinder 1 1132 27 1.072000 1.002000  0.000030 0.000026 0.000072 0.000141 0.000075 0.000040 
5539712 pathfinder 1 1132 26 1.072000 1.466000  0.000034 0.000027 0.000077 0.000166 0.000085 0.000044 
5539712 pathfinder 1 1132 26 1.072000 1.621000  0.738986 0.194359 0.432439 0.739520 0.218984 0.099403 
5539776 pathfinder 1 1132 27 1.072000 1.001000  0.000029 0.000027 0.000074 0.000143 0.000079 0.000042 
5539776 pathfinder 1 1132 27 1.072000 1.388000  0.000030 0.000027 0.000074 0.000144 0.000079 0.000041 
5539776 pathfinder 1 1132 27 1.072000 1.079000  0.000033 -0.644143 0.411040 -0.644043 0.000084 0.027812 
5539840 pathfinder 1 1132 27 1.072000 0.925000  0.000037 0.000029 0.000079 0.000176 0.000088 0.000045 
5539840 pathfinder 1 1132 27 1.072000 1.003000  0.000031 0.000027 0.000073 0.000150 0.000079 0.000041 
5539840 pathfinder 1 1132 27 1.072000 0.925000  0.000029 0.000027 0.000073 0.000142 0.000077 0.000041 
5539904 pathfinder 1 1132 27 1.072000 1.309000  0.000030 0.000027 0.000073 0.000143 0.000078 0.000041 
5539904 pathfinder 1 1132 27 1.072000 1.002000  0.000028 0.000025 0.000070 0.000136 0.000072 0.000039 
5539968 pathfinder 1 1132 27 1.072000 1.465000  0.000030 0.000026 0.000073 0.000141 0.000084 0.000044 
5539968 pathfinder 1 1132 27 1.072000 1.618000  0.000030 0.000027 0.000073 0.000142 0.000078 0.000041 
5539968 pathfinder 1 1132 27 1.072000 0.924000  0.000030 0.000026 0.000072 0.000141 0.000079 0.000042 
5540032 pathfinder 1 1132 27 1.072000 1.312000  0.000029 0.000026 0.000072 0.000139 0.000077 0.000040 
5540032 pathfinder 1 1132 27 1.072000 1.002000  0.000028 0.000025 0.000069 0.000133 0.000071 0.000038 
5540032 pathfinder 1 1132 27 1.072000 1.308000  0.000036 0.000028 0.000076 0.000162 0.000084 0.000042 
5540096 pathfinder 1 1132 27 1.072000 1.001000  0.000030 0.000026 0.000071 0.000150 0.000080 0.000041 
5540096 pathfinder 1 1132 27 1.072000 0.925000  0.000034 0.000027 0.000076 0.000181 0.000087 0.000044 
5540096 pathfinder 1 1132 27 1.072000 1.312000  0.000031 0.000027 0.000075 0.000159 0.000081 0.000042 
5540160 pathfinder 1 1132 27 1.072000 1.001000  0.000030 0.000029 0.000076 0.000283 0.000102 0.000053 
5540160 pathfinder 1 1132 27 1.072000 1.311000  0.000033 0.000027 0.000074 0.000155 0.000081 0.000042 
5540160 pathfinder 1 1132 27 1.072000 1.002000  0.000034 0.000026 0.000073 0.000171 0.000086 0.000043 
5540224 pathfinder 1 1132 27 1.072000 0.925000  0.000035 0.000028 0.000075 0.000162 0.000082 0.000043 
5540224 pathfinder 1 1132 27 1.072000 1.388000  0.000144 0.000106 0.000293 0.000683 0.000329 0.000167 
5540288 pathfinder 1 1132 27 1.072000 1.002000  0.000046 0.000027 0.000073 0.000151 0.000074 0.000039 
5540288 pathfinder 1 1132 27 1.072000 1.157000  0.000029 0.000026 0.000070 0.000138 0.000075 0.000039 
5540288 pathfinder 1 1132 27 1.072000 1.619000  0.000030 0.000026 0.000070 0.000139 0.000075 0.000039 
5540352 pathfinder 1 1132 27 1.072000 1.080000  0.000028 0.000025 0.000070 0.000135 0.000074 0.000039 
5540352 pathfinder 1 1132 27 1.072000 1.232000  0.000030 0.000026 0.000073 0.000161 0.000081 0.000042 
5540352 pathfinder 1 1132 27 1.072000 1.080000  0.000027 0.000024 0.000067 0.000130 0.000077 0.000039 
5540416 pathfinder 1 1132 27 1.072000 1.387000  0.000031 0.000025 0.000071 0.000153 0.000077 0.000040 
5540416 pathfinder 1 1132 27 1.072000 0.925000  0.000029 0.000025 0.000069 0.000136 0.000073 0.000039 
5540416 pathfinder 1 1132 27 1.072000 1.002000  0.000027 0.000025 0.000089 0.000247 0.000111 0.000059 
5540480 pathfinder 1 1132 27 1.072000 1.542000  0.000031 0.000026 0.000073 0.000165 0.000082 0.000041 
5540480 pathfinder 1 1132 27 1.072000 1.081000  0.000027 0.000024 0.000066 0.000129 0.000068 0.000037 
5540544 pathfinder 1 1132 27 1.072000 1.002000  0.000033 0.000027 0.000072 0.000153 0.000076 0.000040 
5540544 pathfinder 1 1132 27 1.072000 0.925000  0.000027 0.000025 0.000068 0.000132 0.000072 0.000038 
5540544 pathfinder 1 1132 27 1.072000 1.001000  0.000027 0.000025 0.000108 0.000224 0.000100 0.000049 
5540608 pathfinder 1 1132 27 1.072000 1.388000  0.000028 0.000025 0.000068 0.000132 0.000071 0.000038 
5540608 pathfinder 1 1132 27 1.072000 1.001000  0.000026 0.000023 0.000065 0.000124 0.000067 0.000036 
5540608 pathfinder 1 1132 27 1.072000 1.311000  0.000028 0.000025 0.000067 0.000131 0.000072 0.000038 
5540672 pathfinder 1 1132 27 1.072000 1.003000  0.000035 0.000027 0.000072 0.000158 0.000078 0.000040 
5540672 pathfinder 1 1132 27 1.072000 1.001000  0.000029 0.000025 0.000070 0.000148 0.000076 0.000039 
5540672 pathfinder 1 1132 27 1.072000 1.541000  0.000032 0.000026 0.000070 0.000150 0.000077 0.000039 
5540736 pathfinder 1 1132 27 1.072000 0.924000  0.000026 0.000023 0.000064 0.000127 0.000066 0.000036 
5540736 pathfinder 1 1132 27 1.072000 1.388000  0.000033 0.000025 0.000069 0.000153 0.000079 0.000040 
5540800 pathfinder 1 1132 27 1.072000 0.926000  0.000027 0.000024 0.000066 0.000129 0.000070 0.000037 
5540800 pathfinder 1 1132 27 1.072000 1.001000  0.000027 0.000024 0.000066 0.000130 0.000073 0.000038 
5540800 pathfinder 1 1132 27 1.072000 1.464000  0.000032 0.000025 0.000069 0.000147 0.000076 0.000039 
5540864 pathfinder 1 1132 27 1.072000 1.079000  0.000027 0.000023 0.000063 0.000125 0.000065 0.000035 
5540864 pathfinder 1 1132 27 1.072000 1.465000  0.000029 0.000024 0.000069 0.000148 0.000076 0.000039 
5540864 pathfinder 1 1132 27 1.072000 1.001000  0.000049 0.000028 0.000073 0.000176 0.000076 0.000039 
5540928 pathfinder 1 1132 27 1.072000 1.001000  0.000193 0.000051 0.000119 0.000318 0.000114 0.000053 
5540928 pathfinder 1 1132 27 1.072000 1.312000  0.210998 0.057873 0.124824 0.211339 0.065424 0.028814 
5540928 pathfinder 1 1132 27 1.072000 0.925000  0.000026 0.000024 0.000065 0.000129 0.000070 0.000037 
5540992 pathfinder 1 1132 27 1.072000 1.156000  0.000029 0.000024 0.000066 0.000141 0.000072 0.000038 
5540992 pathfinder 1 1132 27 1.072000 1.002000  0.000097 0.000038 0.000153 0.000618 0.000148 0.000068 
5540992 pathfinder 1 1132 27 1.072000 1.465000  0.000030 0.000024 0.000067 0.000141 0.000073 0.000038 
5541056 pathfinder 1 1132 27 1.072000 1.619000  0.000027 0.000024 0.000065 0.000129 0.000071 0.000036 
5541056 pathfinder 1 1132 27 1.072000 1.002000  0.000026 0.000035 0.000083 0.000175 0.000098 0.000047 
5541120 pathfinder 1 1132 27 1.072000 1.388000  0.000029 0.000024 0.000067 0.000141 0.000072 0.000038 
5541120 pathfinder 1 1132 27 1.072000 1.003000  0.234176 0.063113 0.135792 0.234493 0.071970 0.031617 
5541120 pathfinder 1 1132 27 1.072000 1.310000  0.000030 0.000025 0.000069 0.000152 0.000076 0.000039 
5541184 pathfinder 1 1132 27 1.072000 1.002000  0.000027 0.000023 0.000064 0.000130 0.000069 0.000036 
5541184 pathfinder 1 1132 27 1.072000 0.925000  0.251107 0.067645 0.145355 0.251493 0.077216 0.033982 
5541184 pathfinder 1 1132 27 1.072000 1.157000  0.000083 0.000108 0.000263 0.000550 0.000305 0.000149 
5541248 pathfinder 1 1132 27 1.072000 0.926000  0.000111 0.000040 0.000094 0.000211 0.000135 0.000151 
5541248 pathfinder 1 1132 27 1.072000 1.080000  0.000025 0.000034 0.000082 0.000180 0.000084 0.000047 
5541312 pathfinder 1 1132 27 1.072000 1.696000  0.000007 0.000006 0.000017 0.000034 0.000021 0.000010 
5541312 pathfinder 1 1132 26 1.072000 1.158000  0.000025 0.000023 0.000063 0.000122 0.000067 0.000035 
5541312 pathfinder 1 1132 27 1.072000 1.388000  0.000026 0.000023 0.000063 0.000122 0.000067 0.000035 
5541376 pathfinder 1 1132 27 1.072000 0.926000  0.000024 0.000022 0.000061 0.000156 0.000067 0.000035 
5541376 pathfinder 1 1132 27 1.072000 1.079000  0.000029 0.000024 0.000066 0.000144 0.000073 0.000037 
5541376 pathfinder 1 1132 27 1.072000 1.003000  0.000024 0.000022 0.000060 0.000117 0.000062 0.000034 
5541440 pathfinder 1 1132 27 1.072000 1.311000  0.000024 0.000023 0.000062 0.000121 0.000066 0.000035 
5541440 pathfinder 1 1132 27 1.072000 1.001000  0.000025 0.000023 0.000062 0.000122 0.000066 0.000035 
5541440 pathfinder 1 1132 27 1.072000 0.926000  0.000031 0.000024 0.000066 0.000145 0.000074 0.000038 
5541504 pathfinder 1 1132 27 1.072000 1.618000  0.000029 0.000023 0.000065 0.000147 0.000071 0.000037 
5541504 pathfinder 1 1132 27 1.072000 0.926000  0.000024 0.000021 0.000060 0.000115 0.000061 0.000033 
5541568 pathfinder 1 1132 27 1.072000 1.079000  0.000025 0.000023 0.000062 0.000122 0.000067 0.000035 
5541568 pathfinder 1 1132 27 1.072000 1.002000  0.000026 0.000022 0.000062 0.000122 0.000066 0.000035 
5541568 pathfinder 1 1132 27 1.072000 1.002000  0.000024 0.000023 0.000062 0.000119 0.000065 0.000035 
5541632 pathfinder 1 1132 27 1.072000 1.387000  0.000025 0.000022 0.000061 0.000120 0.000065 0.000034 
5541632 pathfinder 1 1132 27 1.072000 1.080000  0.000024 0.000021 0.000059 0.000114 0.000062 0.000033 
5541632 pathfinder 1 1132 27 1.072000 1.312000  0.000025 0.000022 0.000061 0.000118 0.000065 0.000034 
5541696 pathfinder 1 1132 27 1.072000 0.925000  0.000024 0.000021 0.000059 0.000128 0.000067 0.000035 
5541696 pathfinder 1 1132 26 1.072000 1.000000  0.000031 0.000024 0.000066 0.000148 0.000074 0.000037 
5541696 pathfinder 1 1132 26 1.072000 1.387000  0.000026 0.000022 0.000061 0.000120 0.000065 0.000034 
5541760 pathfinder 1 1132 26 1.072000 1.001000  0.000024 0.000022 0.000061 0.000117 0.000065 0.000034 
5541760 pathfinder 1 1132 26 1.072000 1.540000  0.000026 0.000022 0.000062 0.000132 0.000068 0.000035 
5541760 pathfinder 1 1132 27 1.072000 0.926000  0.000023 0.000021 0.000058 0.000112 0.000059 0.000032 
5541824 pathfinder 1 1132 27 1.072000 1.387000  0.000024 0.000022 0.000060 0.000258 0.000099 0.000047 
5541824 pathfinder 1 1132 27 1.072000 0.925000  0.000023 0.000021 0.000058 0.000110 0.000059 0.000032 
5541888 pathfinder 1 1132 27 1.072000 1.157000  0.000023 0.000022 0.000060 0.000115 0.000063 0.000034 
5541888 pathfinder 1 1132 27 1.072000 1.003000  0.000024 0.000022 0.000060 0.000116 0.000063 0.000033 
5541888 pathfinder 1 1132 27 1.072000 0.926000  0.000024 0.000022 0.000060 0.000116 0.000063 0.000033 
5541952 pathfinder 1 1132 27 1.072000 1.620000  0.000026 0.000022 0.000061 0.000126 0.000065 0.000035 
5541952 pathfinder 1 1132 27 1.072000 0.925000  0.000023 0.000020 0.000057 0.000111 0.000058 0.000032 
5541952 pathfinder 1 1132 27 1.072000 1.387000  0.000023 0.000021 0.000059 0.000115 0.000062 0.000033 
5542016 pathfinder 1 1132 27 1.072000 1.002000  0.000029 0.000022 0.000060 0.000129 0.000066 0.000034 
5542016 pathfinder 1 1132 27 1.072000 1.003000  0.000027 0.000022 0.000061 0.000129 0.000066 0.000034 
5542016 pathfinder 1 1132 27 1.072000 1.541000  0.000027 0.000022 0.000063 0.000142 0.000071 0.000036 
5542080 pathfinder 1 1132 26 1.072000 0.925000  0.000022 0.000020 0.000056 0.000112 0.000058 0.000033 
5542080 pathfinder 1 1132 26 1.072000 1.310000  0.000024 0.000021 0.000059 0.000114 0.000062 0.000033 
5542080 pathfinder 1 1132 27 1.072000 1.080000  0.000023 0.000020 0.000056 0.000108 0.000058 0.000031 
5542144 pathfinder 1 1132 27 1.072000 1.308000  0.000023 0.000021 0.000058 0.000113 0.000062 0.000033 
5542144 pathfinder 1 1132 26 1.072000 1.620000  0.000024 0.000021 0.000058 0.000115 0.000062 0.000033 
5542208 pathfinder 1 1132 26 1.072000 1.001000  0.000027 0.000022 0.000062 0.000131 0.000067 0.000034 
5542208 pathfinder 1 1132 26 1.072000 1.234000  0.000025 0.000021 0.000058 0.000115 0.000063 0.000033 
5542208 pathfinder 1 1132 26 1.072000 1.080000  0.000023 0.000020 0.000056 0.000107 0.000058 0.000034 
5542272 pathfinder 1 1132 26 1.072000 1.311000  0.000023 0.000021 0.000058 0.000112 0.000061 0.000032 
5542272 pathfinder 1 1132 27 1.072000 1.078000  0.000022 0.000020 0.000055 0.000107 0.000058 0.000031 
5542272 pathfinder 1 1132 27 1.072000 1.387000  0.000023 0.000021 0.000057 0.000111 0.000060 0.000032 
5542336 pathfinder 1 1132 26 1.072000 1.001000  0.000024 0.000021 0.000057 0.000114 0.000061 0.000032 
5542336 pathfinder 1 1132 26 1.072000 1.001000  0.000028 0.000022 0.000059 0.000116 0.000063 0.000033 
5542336 pathfinder 1 1132 26 1.072000 1.387000  0.000030 0.000022 0.000059 0.000129 0.000064 0.000033 
5542400 pathfinder 1 1132 27 1.072000 1.002000  0.000022 0.000020 0.000055 0.000105 0.000056 0.000030 
5542400 pathfinder 1 1132 27 1.072000 1.311000  0.000022 0.000021 0.000057 0.000109 0.000060 0.000032 
5542464 pathfinder 1 1132 27 1.072000 0.926000  0.000022 0.000020 0.000055 0.000107 0.000057 0.000030 
5542464 pathfinder 1 1132 27 1.072000 1.311000  0.000022 0.000021 0.000057 0.000111 0.000060 0.000032 
5542464 pathfinder 1 1132 27 1.072000 1.002000  0.000027 0.000022 0.000060 0.000126 0.000064 0.000033 
5542528 pathfinder 1 1132 27 1.072000 0.925000  0.000027 0.000022 0.000060 0.000131 0.000066 0.000034 
5542528 pathfinder 1 1132 27 1.072000 1.387000  0.000023 0.000021 0.000056 0.000110 0.000060 0.000032 
5542528 pathfinder 1 1132 27 1.072000 0.926000  0.000022 0.000019 0.000054 0.000105 0.000055 0.000030 
5542592 pathfinder 1 1132 26 1.072000 1.311000  0.000023 0.000020 0.000056 0.000109 0.000060 0.000031 
5542592 pathfinder 1 1132 26 1.072000 1.001000  0.000022 0.000019 0.000054 0.000104 0.000056 0.000030 
5542592 pathfinder 1 1132 26 1.072000 1.309000  0.000023 0.000022 0.000070 0.000191 0.000075 0.000037 
5542656 pathfinder 1 1132 27 1.072000 0.694000  0.000023 0.000020 0.000056 0.000113 0.000059 0.000031 
5542656 pathfinder 1 1132 27 1.072000 0.848000  0.000024 0.000021 0.000058 0.000124 0.000068 0.000034 
5542656 pathfinder 1 1132 27 1.072000 1.001000  0.000027 0.000020 0.000055 0.000133 0.000063 0.000033 
5542720 pathfinder 1 1132 27 1.072000 0.615000  0.000021 0.000019 0.000053 0.000104 0.000054 0.000029 
5542720 pathfinder 1 1132 27 1.072000 1.308000  0.000027 0.000022 0.000059 0.000129 0.000066 0.000034 
5542784 pathfinder 1 1132 27 1.072000 1.001000  0.000022 0.000020 0.000055 0.000110 0.000059 0.000031 
5542784 pathfinder 1 1132 27 1.072000 1.003000  0.000022 0.000020 0.000055 0.000107 0.000059 0.000031 
5542784 pathfinder 1 1132 27 1.072000 1.309000  0.000027 0.000020 0.000055 0.000127 0.000060 0.000031 
5542848 pathfinder 1 1132 27 1.072000 1.465000  0.000022 0.000019 0.000053 0.000103 0.000055 0.000029 
