#Timestamp	Benchmark	Run(#)	CPU Frequency (MHz)	CPU Temperature(C)	CPU Voltage(V)	CPU Power(W)	CPU_CYCLES	L1_DATA_CACHE_ACCESS	INSTRUCTIONS_RETIRED	BUS_CYCLES	L1I_CACHE_ACCESS	PREDICTABLE_BRANCH_SPECULATIVELY_EXECUTED
6167488 myocyte 1 1428 28 1.130000 1.309000  1.936099 9.556959 1.447124 1.936530 0.808630 -8.074208 
6167488 myocyte 1 1428 28 1.130000 1.079000  0.000033 0.000026 0.000075 0.000169 0.000084 0.000043 
6167552 myocyte 1 1428 28 1.130000 1.387000  0.000037 0.000028 0.000078 0.000200 0.000087 0.000044 
6167552 myocyte 1 1428 28 1.130000 1.311000  0.000028 0.000024 0.000068 0.000136 0.000070 0.000038 
6167616 myocyte 1 1428 28 1.130000 1.155000  0.000038 0.000027 0.000074 0.000168 0.000080 0.000043 
6167616 myocyte 1 1428 28 1.130000 1.156000  0.000039 0.000027 0.000075 0.000182 0.000080 0.000041 
6167616 myocyte 1 1428 29 1.130000 1.388000  0.000029 0.000027 0.000075 0.000176 0.000081 0.000042 
6167680 myocyte 1 1428 29 1.130000 1.850000  0.000040 0.000027 0.000074 0.000179 0.000080 0.000041 
6167680 myocyte 1 1428 29 1.130000 1.542000  0.000034 0.000025 0.000073 0.000181 0.000074 0.000040 
6167680 myocyte 1 1428 29 1.130000 1.695000  0.000045 0.000028 0.000077 0.000202 0.000086 0.000044 
6167744 myocyte 1 1428 29 1.130000 1.464000  0.000038 0.000026 0.000072 0.000179 0.000075 0.000039 
6167744 myocyte 1 1428 29 1.130000 1.848000  0.000038 0.000027 0.000074 0.000184 0.000079 0.000041 
6167744 myocyte 1 1428 29 1.130000 1.310000  0.000030 0.000027 0.000073 0.000171 0.000078 0.000041 
6167808 myocyte 1 1428 28 1.130000 1.619000  0.000045 0.000027 0.000074 0.000188 0.000079 0.000041 
6167808 myocyte 1 1428 28 1.130000 1.618000  0.000039 0.000026 0.000072 0.000163 0.000076 0.000040 
6167808 myocyte 1 1428 28 1.130000 1.465000  0.000045 0.000026 0.000069 0.000172 0.000073 0.000038 
6167872 myocyte 1 1428 28 1.130000 1.773000  0.000030 0.000025 0.000069 0.000161 0.000075 0.000039 
6167872 myocyte 1 1428 29 1.130000 1.155000  0.000302 0.000102 0.000232 0.000447 0.000152 0.000068 
6167936 myocyte 1 1428 29 1.130000 1.927000  0.000037 0.000026 0.000075 0.000204 0.000084 0.000042 
6167936 myocyte 1 1428 29 1.130000 2.389000  0.000043 0.000028 0.000075 0.000202 0.000083 0.000042 
6167936 myocyte 1 1428 28 1.130000 1.464000  0.000039 0.000025 0.000070 0.000174 0.000072 0.000038 
6168000 myocyte 1 1428 28 1.130000 1.541000  0.000046 0.000028 0.000075 0.000206 0.000084 0.000042 
6168000 myocyte 1 1428 29 1.130000 1.464000  0.000037 0.000026 0.000071 0.000171 0.000074 0.000039 
6168000 myocyte 1 1428 29 1.130000 1.310000  0.000043 0.000027 0.000073 0.000192 0.000081 0.000041 
6168064 myocyte 1 1428 29 1.130000 2.234000  0.000040 0.000027 0.000074 0.000205 0.000081 0.000041 
6168064 myocyte 1 1428 29 1.130000 1.618000  0.000034 0.000025 0.000068 0.000158 0.000070 0.000037 
6168064 myocyte 1 1428 29 1.130000 1.927000  0.000027 0.000024 0.000073 0.000191 0.000080 0.000040 
6168128 myocyte 1 1428 29 1.130000 1.465000  0.000036 0.000025 0.000070 0.000176 0.000075 0.000038 
6168128 myocyte 1 1428 29 1.130000 1.388000  0.000037 0.000026 0.000071 0.000183 0.000077 0.000039 
6168128 myocyte 1 1428 29 1.130000 2.310000  0.000030 0.000025 0.000071 0.000185 0.000077 0.000039 
6168192 myocyte 1 1428 29 1.130000 1.311000  0.000025 0.000023 0.000066 0.000155 0.000067 0.000036 
6168192 myocyte 1 1428 29 1.130000 1.695000  0.000034 0.000025 0.000088 0.000223 0.000090 0.000050 
6168256 myocyte 1 1428 29 1.130000 1.464000  0.000042 0.000027 0.000072 0.000181 0.000077 0.000039 
6168256 myocyte 1 1428 29 1.130000 1.465000  0.000048 0.000027 0.000075 0.000204 0.000082 0.000041 
6168256 myocyte 1 1428 29 1.130000 1.927000  0.000046 0.000026 0.000091 0.000247 0.000105 0.000050 
6168320 myocyte 1 1428 29 1.130000 1.465000  0.000034 0.000023 0.000065 0.000154 0.000068 0.000035 
6168320 myocyte 1 1428 29 1.130000 1.618000  0.000034 0.000024 0.000069 0.000174 0.000074 0.000038 
6168320 myocyte 1 1428 29 1.130000 1.772000  0.000033 0.000026 0.000072 0.000202 0.000077 0.000039 
6168384 myocyte 1 1428 29 1.130000 1.310000  0.000041 0.000025 0.000069 0.000179 0.000076 0.000039 
6168384 myocyte 1 1428 29 1.130000 1.773000  0.000035 0.000036 0.000087 0.000225 0.000088 0.000049 
6168384 myocyte 1 1428 29 1.130000 1.464000  0.000025 0.000021 0.000062 0.000141 0.000065 0.000035 
6168448 myocyte 1 1428 29 1.130000 1.848000  0.000033 0.000024 0.000067 0.000156 0.000071 0.000037 
6168448 myocyte 1 1428 29 1.130000 1.618000  0.000034 0.000025 0.000068 0.000167 0.000071 0.000037 
6168512 myocyte 1 1428 29 1.130000 1.464000  0.000037 0.000024 0.000069 0.000178 0.000075 0.000038 
6168512 myocyte 1 1428 29 1.130000 2.081000  0.000042 0.000026 0.000070 0.000189 0.000076 0.000039 
6168512 myocyte 1 1428 29 1.130000 1.464000  0.000032 0.000022 0.000062 0.000148 0.000066 0.000035 
6168576 myocyte 1 1428 29 1.130000 1.618000  0.000031 0.000023 0.000064 0.000161 0.000077 0.000039 
6168576 myocyte 1 1428 29 1.130000 1.465000  0.000033 0.000023 0.000066 0.000155 0.000068 0.000036 
6168576 myocyte 1 1428 29 1.130000 1.387000  0.000031 0.000034 0.000085 0.000206 0.000098 0.000047 
6168640 myocyte 1 1428 29 1.130000 2.158000  0.000027 0.000024 0.000064 0.000155 0.000070 0.000036 
6168640 myocyte 1 1428 29 1.130000 1.464000  0.000024 0.000022 0.000062 0.000145 0.000064 0.000034 
6168640 myocyte 1 1428 29 1.130000 1.925000  0.000041 0.000024 0.000065 0.000159 0.000070 0.000036 
6168704 myocyte 1 1428 29 1.130000 1.464000  0.000025 0.000021 0.000060 0.000143 0.000063 0.000034 
6168704 myocyte 1 1428 29 1.130000 1.926000  0.000032 0.000024 0.000065 0.000158 0.000069 0.000036 
6168704 myocyte 1 1428 29 1.130000 1.388000  0.000025 0.000022 0.000060 0.000117 0.000067 0.000034 
