#Timestamp	Benchmark	Run(#)	CPU Frequency (MHz)	CPU Temperature(C)	CPU Voltage(V)	CPU Power(W)	CPU_CYCLES	L1_DATA_CACHE_ACCESS	INSTRUCTIONS_RETIRED	BUS_CYCLES	L1I_CACHE_ACCESS	PREDICTABLE_BRANCH_SPECULATIVELY_EXECUTED
5379328 bfs 1 1132 27 1.072000 0.771000  0.000023 0.000016 0.000069 0.000175 0.000062 0.000030 
5379328 bfs 1 1132 27 1.072000 1.695000  0.000005 0.000004 0.000012 0.000025 0.000015 0.000007 
5379328 bfs 1 1132 27 1.072000 0.923000  0.000019 0.000016 0.000044 0.000086 0.000047 0.000025 
5379392 bfs 1 1132 27 1.072000 0.925000  0.000023 0.000017 0.000048 0.000104 0.000053 0.000027 
5379392 bfs 1 1132 27 1.072000 1.156000  0.000020 0.000017 0.000045 0.000147 0.000063 0.000030 
5379456 bfs 1 1132 27 1.072000 0.926000  0.000021 0.000017 0.000045 0.000089 0.000046 0.000024 
5379456 bfs 1 1132 27 1.072000 1.543000  0.000018 0.000016 0.000044 0.000085 0.000046 0.000025 
5379456 bfs 1 1132 27 1.072000 1.003000  0.000005 0.000004 0.000012 0.000029 0.000015 0.000007 
5379520 bfs 1 1132 27 1.072000 0.925000  0.000018 0.000016 0.000044 0.000085 0.000047 0.000025 
5379520 bfs 1 1132 27 1.072000 0.925000  0.000018 0.000016 0.000044 0.000087 0.000047 0.000025 
5379520 bfs 1 1132 27 1.072000 0.926000  0.000020 0.000017 0.000047 0.000105 0.000053 0.000027 
5379584 bfs 1 1132 27 1.072000 1.543000  0.000024 0.000017 0.000046 0.000101 0.000050 0.000026 
5379584 bfs 1 1132 27 1.072000 0.926000  0.000017 0.000015 0.000042 0.000082 0.000043 0.000023 
5379584 bfs 1 1132 27 1.072000 1.772000  0.000021 0.000017 0.000046 0.000097 0.000051 0.000026 
5379648 bfs 1 1132 27 1.072000 0.925000  0.000019 0.000015 0.000042 0.000084 0.000043 0.000023 
5379648 bfs 1 1132 27 1.072000 1.002000  0.000018 0.000016 0.000044 0.000085 0.000046 0.000024 
5379648 bfs 1 1132 27 1.072000 1.620000  0.000018 0.000016 0.000043 0.000087 0.000046 0.000024 
5379712 bfs 1 1132 27 1.072000 0.925000  0.000019 0.000016 0.000044 0.000093 0.000048 0.000025 
5379712 bfs 1 1132 27 1.072000 1.309000  0.000019 0.000017 0.000047 0.000098 0.000050 0.000025 
5379776 bfs 1 1132 27 1.072000 0.924000  0.000017 0.000015 0.000042 0.000082 0.000043 0.000023 
5379776 bfs 1 1132 27 1.072000 1.157000  0.000018 0.000016 0.000043 0.000086 0.000046 0.000024 
5379776 bfs 1 1132 27 1.072000 0.849000  0.000020 0.000016 0.000045 0.000099 0.000051 0.000026 
5379840 bfs 1 1132 27 1.072000 1.311000  0.000020 0.000017 0.000045 0.000099 0.000050 0.000026 
5379840 bfs 1 1132 27 1.072000 1.312000  0.000020 0.000016 0.000045 0.000098 0.000049 0.000025 
5379840 bfs 1 1132 27 1.072000 0.849000  0.000021 0.000016 0.000044 0.000089 0.000045 0.000024 
5379904 bfs 1 1132 27 1.072000 1.388000  0.000018 0.000016 0.000043 0.000085 0.000046 0.000024 
5379904 bfs 1 1132 27 1.072000 0.848000  1.192116 0.299475 0.639543 1.193300 0.345651 0.151962 
5379904 bfs 1 1132 28 1.072000 1.002000  0.000020 0.000016 0.000044 0.000096 0.000050 0.000026 
5379968 bfs 1 1132 28 1.072000 1.465000  0.000018 0.000016 0.000043 0.000086 0.000046 0.000024 
5379968 bfs 1 1132 27 1.072000 0.924000  0.000017 0.000016 0.000043 0.000084 0.000046 0.000024 
5380032 bfs 1 1132 27 1.072000 1.464000  0.000019 0.000016 0.000043 0.000093 0.000048 0.000025 
5380032 bfs 1 1132 27 1.072000 0.848000  0.000017 0.000015 0.000041 0.000082 0.000042 0.000023 
5380032 bfs 1 1132 27 1.072000 0.848000  0.000019 0.000016 0.000045 0.000095 0.000051 0.000026 
5380096 bfs 1 1132 27 1.072000 0.924000  0.000017 0.000016 0.000043 0.000082 0.000045 0.000024 
5380096 bfs 1 1132 27 1.072000 0.849000  0.000017 0.000015 0.000042 0.000083 0.000045 0.000024 
5380096 bfs 1 1132 27 1.072000 1.387000  0.000034 0.000017 0.000047 0.000125 0.000053 0.000027 
5380160 bfs 1 1132 27 1.072000 0.847000  0.000017 0.000015 0.000041 0.000081 0.000042 0.000023 
5380160 bfs 1 1132 27 1.072000 1.309000  0.000017 0.000015 0.000042 0.000082 0.000045 0.000024 
5380160 bfs 1 1132 27 1.072000 0.848000  0.000021 0.000017 0.000046 0.000102 0.000051 0.000026 
5380224 bfs 1 1132 27 1.072000 0.847000  0.000021 0.000017 0.000045 0.000097 0.000048 0.000025 
5380224 bfs 1 1132 27 1.072000 0.849000  0.000019 0.000016 0.000045 0.000096 0.000049 0.000025 
5380224 bfs 1 1132 27 1.072000 0.926000  0.000020 0.000016 0.000042 0.000084 0.000043 0.000023 
5380288 bfs 1 1132 27 1.072000 1.003000  0.000017 0.000015 0.000042 0.000083 0.000045 0.000024 
5380288 bfs 1 1132 27 1.072000 1.001000  0.000017 0.000015 0.000040 0.000079 0.000042 0.000022 
5380352 bfs 1 1132 27 1.072000 1.308000  0.000017 0.000015 0.000042 0.000083 0.000045 0.000024 
5380352 bfs 1 1132 27 1.072000 0.847000  0.000018 0.000015 0.000042 0.000084 0.000045 0.000024 
5380352 bfs 1 1132 27 1.072000 0.924000  0.000017 0.000015 0.000042 0.000081 0.000044 0.000023 
5380416 bfs 1 1132 27 1.072000 1.389000  0.000018 0.000015 0.000042 0.000084 0.000044 0.000023 
5380416 bfs 1 1132 27 1.072000 0.848000  0.000019 0.000016 0.000042 0.000083 0.000043 0.000023 
5380416 bfs 1 1132 27 1.072000 1.079000  0.000021 0.000016 0.000043 0.000098 0.000048 0.000025 
5380480 bfs 1 1132 27 1.072000 0.925000  0.000020 0.000015 0.000042 0.000092 0.000044 0.000024 
5380480 bfs 1 1132 27 1.072000 1.233000  0.000020 0.000016 0.000045 0.000099 0.000049 0.000025 
5380480 bfs 1 1132 27 1.072000 0.848000  0.000017 0.000015 0.000042 0.000083 0.000045 0.000023 
5380544 bfs 1 1132 27 1.072000 0.847000  0.000017 0.000015 0.000042 0.000082 0.000045 0.000023 
5380544 bfs 1 1132 27 1.072000 1.156000  0.000037 0.000019 0.000049 0.000111 0.000053 0.000026 
5380544 bfs 1 1132 27 1.072000 0.849000  0.000016 0.000014 0.000040 0.000078 0.000041 0.000022 
5380608 bfs 1 1132 27 1.072000 1.157000  0.000017 0.000015 0.000041 0.000081 0.000044 0.000023 
5380608 bfs 1 1132 26 1.072000 0.925000  0.000017 0.000015 0.000041 0.000092 0.000043 0.000023 
5380608 bfs 1 1132 26 1.072000 1.465000  0.000017 0.000015 0.000041 0.000083 0.000045 0.000023 
5380672 bfs 1 1132 26 1.072000 1.620000  0.000021 0.000015 0.000042 0.000101 0.000046 0.000024 
5380672 bfs 1 1132 26 1.072000 1.002000  0.000021 0.000016 0.000044 0.000093 0.000049 0.000025 
5380736 bfs 1 1132 26 1.072000 1.234000  0.000021 0.000016 0.000044 0.000094 0.000048 0.000024 
5380736 bfs 1 1132 26 1.072000 1.002000  0.000016 0.000014 0.000040 0.000078 0.000058 0.000029 
5380736 bfs 1 1132 27 1.072000 1.234000  0.000020 0.000016 0.000044 0.000097 0.000049 0.000025 
5380800 bfs 1 1132 27 1.072000 0.849000  0.000017 0.000015 0.000041 0.000082 0.000044 0.000023 
5380800 bfs 1 1132 26 1.072000 1.001000  0.000021 0.000016 0.000044 0.000096 0.000049 0.000025 
5380800 bfs 1 1132 26 1.072000 1.619000  0.000021 0.000016 0.000042 0.000087 0.000045 0.000023 
5380864 bfs 1 1132 26 1.072000 0.848000  0.000021 0.000016 0.000042 0.000084 0.000043 0.000023 
5380864 bfs 1 1132 26 1.072000 1.387000  0.000017 0.000015 0.000041 0.000079 0.000043 0.000023 
5380864 bfs 1 1132 26 1.072000 0.848000  0.000016 0.000015 0.000040 0.000087 0.000042 0.000022 
5380928 bfs 1 1132 26 1.072000 1.233000  0.000021 0.000016 0.000043 0.000095 0.000049 0.000025 
5380928 bfs 1 1132 26 1.072000 0.925000  0.000021 0.000016 0.000043 0.000096 0.000048 0.000025 
5380928 bfs 1 1132 26 1.072000 0.924000  0.000020 0.000015 0.000043 0.000091 0.000047 0.000024 
5380992 bfs 1 1132 26 1.072000 1.311000  0.000017 0.000015 0.000041 0.000079 0.000043 0.000023 
5380992 bfs 1 1132 26 1.072000 0.848000  0.000016 0.000014 0.000039 0.000076 0.000041 0.000022 
5381056 bfs 1 1132 26 1.072000 1.233000  0.000020 0.000016 0.000043 0.000097 0.000049 0.000025 
5381056 bfs 1 1132 26 1.072000 0.847000  0.164502 0.323354 0.196656 0.323403 0.000003 0.004616 
5381056 bfs 1 1132 26 1.072000 1.232000  0.000019 0.000015 0.000042 0.000092 0.000047 0.000024 
5381120 bfs 1 1132 26 1.072000 0.848000  0.000017 0.000015 0.000040 0.000080 0.000044 0.000023 
5381120 bfs 1 1132 26 1.072000 0.847000  0.000016 0.000015 0.000040 0.000079 0.000043 0.000023 
5381120 bfs 1 1132 26 1.072000 1.541000  0.000017 0.000015 0.000040 0.000079 0.000043 0.000023 
5381184 bfs 1 1132 26 1.072000 0.847000  0.000031 0.000016 0.000043 0.000090 0.000044 0.000023 
5381184 bfs 1 1132 26 1.072000 1.311000  0.000020 0.000015 0.000041 0.000090 0.000046 0.000024 
5381184 bfs 1 1132 26 1.072000 0.849000  0.000016 0.000014 0.000039 0.000074 0.000040 0.000021 
5381248 bfs 1 1132 26 1.072000 1.541000  0.000017 0.000015 0.000040 0.000079 0.000043 0.000023 
5381248 bfs 1 1132 26 1.072000 0.926000  0.000109 0.000095 0.000262 0.000527 0.000281 0.000146 
5381312 bfs 1 1132 26 1.072000 0.847000  0.000019 0.000015 0.000042 0.000091 0.000047 0.000024 
5381312 bfs 1 1132 26 1.072000 1.311000  0.000019 0.000015 0.000041 0.000089 0.000046 0.000024 
5381312 bfs 1 1132 27 1.072000 0.848000  0.000016 0.000014 0.000038 0.000074 0.000039 0.000021 
5381376 bfs 1 1132 26 1.072000 1.233000  0.000021 0.000015 0.000042 0.000092 0.000047 0.000024 
5381376 bfs 1 1132 26 1.072000 0.848000  0.000016 0.000014 0.000040 0.000077 0.000042 0.000022 
5381376 bfs 1 1132 26 1.072000 1.233000  0.000016 0.000014 0.000039 0.000077 0.000042 0.000022 
5381440 bfs 1 1132 26 1.072000 1.465000  0.000017 0.000014 0.000039 0.000079 0.000043 0.000022 
5381440 bfs 1 1132 26 1.072000 0.849000  0.000015 0.000014 0.000038 0.000072 0.000039 0.000021 
5381440 bfs 1 1132 26 1.072000 1.310000  0.000016 0.000014 0.000039 0.000077 0.000042 0.000022 
5381504 bfs 1 1132 26 1.072000 0.847000  0.166300 0.334235 0.198521 0.334276 0.000003 0.004869 
5381504 bfs 1 1132 26 1.072000 1.387000  0.000018 0.000015 0.000041 0.000088 0.000045 0.000023 
5381504 bfs 1 1132 26 1.072000 0.847000  0.000016 0.000014 0.000039 0.000077 0.000042 0.000022 
5381568 bfs 1 1132 26 1.072000 0.847000  0.000016 0.000014 0.000039 0.000099 0.000048 0.000024 
5381568 bfs 1 1132 26 1.072000 1.311000  0.000017 0.000014 0.000040 0.000087 0.000045 0.000023 
5381632 bfs 1 1132 26 1.072000 0.847000  0.000015 0.000013 0.000038 0.000073 0.000039 0.000021 
5381632 bfs 1 1132 26 1.072000 1.232000  0.000016 0.000014 0.000039 0.000076 0.000041 0.000022 
5381632 bfs 1 1132 26 1.072000 1.465000  0.000016 0.000014 0.000039 0.000078 0.000042 0.000022 
5381696 bfs 1 1132 26 1.072000 0.848000  0.000018 0.000015 0.000041 0.000088 0.000045 0.000023 
5381696 bfs 1 1132 26 1.072000 0.925000  0.000016 0.000014 0.000039 0.000080 0.000042 0.000022 
5381696 bfs 1 1132 26 1.072000 0.847000  0.000018 0.000015 0.000041 0.000087 0.000045 0.000023 
5381760 bfs 1 1132 26 1.072000 1.388000  0.000017 0.000015 0.000041 0.000086 0.000044 0.000023 
5381760 bfs 1 1132 26 1.072000 0.849000  0.000020 0.000014 0.000038 0.000081 0.000042 0.000022 
5381760 bfs 1 1132 26 1.072000 1.309000  0.000016 0.000014 0.000039 0.000077 0.000048 0.000024 
5381824 bfs 1 1132 26 1.072000 1.233000  0.000016 0.000014 0.000039 0.000075 0.000041 0.000022 
5381824 bfs 1 1132 26 1.072000 0.849000  0.000016 0.000014 0.000039 0.000075 0.000041 0.000022 
5381824 bfs 1 1132 26 1.072000 1.464000  0.000018 0.000016 0.000043 0.000105 0.000045 0.000023 
5381888 bfs 1 1132 26 1.072000 0.849000  0.000020 0.000015 0.000041 0.000091 0.000046 0.000023 
5381888 bfs 1 1132 27 1.072000 1.312000  0.167204 0.341515 0.199580 0.341564 0.000004 0.005027 
5381952 bfs 1 1132 26 1.072000 0.925000  0.000016 0.000013 0.000037 0.000073 0.000039 0.000020 
5381952 bfs 1 1132 26 1.072000 0.846000  0.000019 0.000015 0.000041 0.000089 0.000046 0.000023 
5381952 bfs 1 1132 27 1.072000 0.849000  0.189634 0.047848 0.101850 0.189991 0.055317 0.024415 
5382016 bfs 1 1132 27 1.072000 1.155000  0.000020 0.000015 0.000041 0.000090 0.000046 0.000023 
5382016 bfs 1 1132 27 1.072000 1.234000  0.000020 0.000015 0.000041 0.000088 0.000044 0.000023 
5382016 bfs 1 1132 26 1.072000 0.848000  0.000015 0.000013 0.000037 0.000071 0.000038 0.000020 
5382080 bfs 1 1132 26 1.072000 1.310000  0.000015 0.000014 0.000038 0.000074 0.000041 0.000021 
5382080 bfs 1 1132 27 1.072000 0.847000  0.000016 0.000014 0.000038 0.000074 0.000041 0.000021 
5382080 bfs 1 1132 27 1.072000 0.847000  0.000015 0.000025 0.000060 0.000127 0.000056 0.000028 
5382144 bfs 1 1132 27 1.072000 1.389000  0.000016 0.000014 0.000038 0.000075 0.000040 0.000021 
5382144 bfs 1 1132 27 1.072000 0.924000  0.000015 0.000013 0.000037 0.000071 0.000038 0.000020 
5382208 bfs 1 1132 26 1.072000 1.310000  0.000016 0.000014 0.000038 0.000075 0.000041 0.000030 
5382208 bfs 1 1132 26 1.072000 0.849000  0.000015 0.000013 0.000036 0.000070 0.000038 0.000020 
5382208 bfs 1 1132 26 1.072000 1.080000  0.000016 0.000014 0.000038 0.000074 0.000040 0.000021 
5382272 bfs 1 1132 26 1.072000 0.847000  0.000016 0.000014 0.000038 0.000075 0.000040 0.000021 
5382272 bfs 1 1132 26 1.072000 0.847000  0.032474 0.027426 0.075183 0.158332 0.084370 0.043023 
5382272 bfs 1 1132 26 1.072000 1.387000  0.006886 0.006006 0.016398 0.031910 0.017532 0.009194 
5382336 bfs 1 1132 26 1.072000 0.848000  0.004990 0.004437 0.012311 0.023916 0.012773 0.006848 
5382336 bfs 1 1132 26 1.072000 1.464000  0.002983 0.002747 0.007572 0.014631 0.008036 0.004245 
5382336 bfs 1 1132 26 1.072000 0.849000  0.002671 0.002300 0.006519 0.013829 0.007430 0.003867 
5382400 bfs 1 1132 26 1.072000 0.848000  0.002431 0.002093 0.005869 0.012382 0.006355 0.003297 
5382400 bfs 1 1132 26 1.072000 1.387000  0.002690 0.001924 0.005343 0.011817 0.005896 0.003006 
5382464 bfs 1 1132 26 1.072000 1.001000  0.002123 0.001715 0.004602 0.009233 0.004733 0.002495 
5382464 bfs 1 1132 26 1.072000 1.389000  0.001669 0.001512 0.004163 0.008135 0.004420 0.002337 
5382464 bfs 1 1132 26 1.072000 0.847000  0.001621 0.001380 0.003889 0.008394 0.004057 0.002125 
5382528 bfs 1 1132 27 1.072000 1.231000  0.001863 0.001358 0.003844 0.008443 0.004190 0.002136 
5382528 bfs 1 1132 27 1.072000 0.847000  0.001358 0.001215 0.003358 0.006659 0.003570 0.001879 
5382528 bfs 1 1132 27 1.072000 0.849000  0.001264 0.001136 0.003129 0.006093 0.003354 0.001755 
5382592 bfs 1 1132 27 1.072000 1.311000  0.001483 0.001117 0.003095 0.006645 0.003418 0.001751 
5382592 bfs 1 1132 26 1.072000 1.311000  0.001072 0.000956 0.002683 0.005266 0.002760 0.001487 
5382592 bfs 1 1132 26 1.072000 1.387000  0.001305 0.000997 0.002819 0.006138 0.003059 0.001554 
5382656 bfs 1 1132 26 1.072000 0.848000  0.001478 0.000897 0.002472 0.005241 0.002566 0.001357 
5382656 bfs 1 1132 26 1.072000 1.232000  0.001140 0.000933 0.002591 0.005726 0.002883 0.001468 
5382656 bfs 1 1132 26 1.072000 0.848000  0.001038 0.000854 0.002419 0.005396 0.002674 0.001354 
5382720 bfs 1 1132 26 1.072000 0.926000  0.001132 0.000879 0.002346 0.005037 0.002610 0.001339 
5382720 bfs 1 1132 26 1.072000 1.465000  0.000904 0.000749 0.002114 0.004541 0.002349 0.001198 
5382784 bfs 1 1132 26 1.072000 0.847000  0.000818 0.000690 0.001938 0.004389 0.002043 0.001069 
5382784 bfs 1 1132 26 1.072000 0.849000  0.000723 0.000644 0.001767 0.003486 0.001884 0.000995 
5382784 bfs 1 1132 26 1.072000 0.847000  0.000835 0.000662 0.001822 0.004037 0.002042 0.001041 
5382848 bfs 1 1132 26 1.072000 0.925000  0.000742 0.000604 0.001670 0.003628 0.001858 0.000958 
5382848 bfs 1 1132 26 1.072000 1.926000  0.000690 0.000571 0.001600 0.003396 0.001731 0.000899 
5382848 bfs 1 1132 26 1.072000 1.002000  0.000571 0.000519 0.001447 0.002815 0.001494 0.000805 
5382912 bfs 1 1132 26 1.072000 1.387000  0.000600 0.000534 0.001462 0.002881 0.001562 0.000822 
5382912 bfs 1 1132 26 1.072000 0.849000  0.000583 0.000494 0.001370 0.002704 0.001429 0.000778 
5382912 bfs 1 1132 26 1.072000 0.847000  0.000657 0.000533 0.001467 0.003131 0.001644 0.000833 
5382976 bfs 1 1132 26 1.072000 1.003000  0.000570 0.000509 0.001482 0.003514 0.001661 0.000830 
5382976 bfs 1 1132 26 1.072000 0.849000  0.000571 0.000501 0.001404 0.003106 0.001573 0.000807 
5382976 bfs 1 1132 26 1.072000 1.156000  0.000558 0.000471 0.001291 0.002575 0.001377 0.000724 
5383040 bfs 1 1132 26 1.072000 1.080000  0.000500 0.000437 0.001216 0.002366 0.001266 0.000676 
5383040 bfs 1 1132 26 1.072000 1.233000  0.000561 0.000450 0.002007 0.004733 0.001960 0.000926 
5383040 bfs 1 1132 26 1.072000 1.079000  0.000625 0.000439 0.001232 0.002604 0.001341 0.000679 
5383104 bfs 1 1132 26 1.072000 1.310000  0.000502 0.000408 0.001112 0.002399 0.001261 0.000637 
5383104 bfs 1 1132 26 1.072000 1.309000  0.000436 0.000371 0.001053 0.002170 0.001159 0.000609 
5383168 bfs 1 1132 26 1.072000 0.848000  0.000521 0.000402 0.001092 0.002401 0.001219 0.000622 
5383168 bfs 1 1132 26 1.072000 1.387000  0.000425 0.000362 0.000992 0.001946 0.001061 0.000558 
5383168 bfs 1 1132 26 1.072000 1.002000  0.000509 0.000346 0.000974 0.002059 0.001012 0.000534 
5383232 bfs 1 1132 26 1.072000 1.309000  0.000474 0.000357 0.000978 0.002103 0.001087 0.000548 
5383232 bfs 1 1132 26 1.072000 1.466000  0.440474 0.114467 0.241280 0.440740 0.130606 0.057069 
5383232 bfs 1 1132 26 1.072000 0.848000  0.000427 0.000343 0.000961 0.002098 0.001075 0.000550 
5383296 bfs 1 1132 26 1.072000 1.387000  0.000373 0.000326 0.000994 0.003165 0.001099 0.000538 
5383296 bfs 1 1132 26 1.072000 1.003000  0.000339 0.000301 0.000840 0.001651 0.000871 0.000466 
5383296 bfs 1 1132 26 1.072000 1.464000  0.455623 0.117815 0.248343 0.457091 0.135040 0.059025 
5383360 bfs 1 1132 27 1.072000 1.543000  0.461934 0.120218 0.252890 0.462185 0.137050 0.059908 
5383360 bfs 1 1132 27 1.072000 1.309000  0.000407 0.000335 0.000932 0.001951 0.001038 0.000532 
5383424 bfs 1 1132 27 1.072000 0.925000  0.000347 0.000305 0.000835 0.001618 0.000884 0.000469 
5383424 bfs 1 1132 27 1.072000 1.002000  0.170667 0.372190 0.203690 0.372229 0.000006 0.005628 
5383424 bfs 1 1132 26 1.072000 1.233000  0.000393 0.000313 0.000851 0.001839 0.000960 0.000490 
5383488 bfs 1 1132 26 1.072000 1.002000  0.000431 0.722602 1.518745 2.815785 0.827699 0.360517 
5383488 bfs 1 1132 27 1.072000 2.158000  0.000336 0.000287 0.000786 0.002156 0.000968 0.000470 
5383488 bfs 1 1132 26 1.072000 1.387000  0.000340 0.000271 0.000765 0.001627 0.000843 0.000439 
5383552 bfs 1 1132 26 1.072000 0.848000  0.000339 0.000291 0.000775 0.001579 0.000798 0.000414 
5383552 bfs 1 1132 26 1.072000 1.388000  0.000303 0.000265 0.000725 0.001445 0.000772 0.000407 
5383552 bfs 1 1132 26 1.072000 0.849000  0.000430 0.000267 0.000743 0.001643 0.000760 0.000396 
5383616 bfs 1 1132 26 1.072000 1.311000  0.000343 0.000275 0.000746 0.001582 0.000837 0.000428 
5383616 bfs 1 1132 26 1.072000 0.847000  0.000285 0.000253 0.000695 0.001394 0.000743 0.000389 
5383616 bfs 1 1132 26 1.072000 1.002000  0.000278 0.000249 0.000881 0.001763 0.001019 0.000501 
5383680 bfs 1 1132 26 1.072000 1.464000  0.000328 0.000256 0.000690 0.001512 0.000772 0.000393 
5383680 bfs 1 1132 26 1.072000 0.848000  0.000250 0.000223 0.000623 0.001207 0.000640 0.000346 
5383744 bfs 1 1132 26 1.072000 1.465000  0.000323 0.000243 0.000665 0.001452 0.000738 0.000382 
5383744 bfs 1 1132 26 1.072000 0.847000  0.000325 0.000237 0.000652 0.001488 0.000732 0.000374 
5383744 bfs 1 1132 26 1.072000 1.080000  0.000265 0.000234 0.000643 0.001382 0.000700 0.000358 
5383808 bfs 1 1132 26 1.072000 1.464000  0.000298 0.000231 0.000626 0.001322 0.000686 0.000354 
5383808 bfs 1 1132 26 1.072000 0.847000  0.000229 0.000205 0.000573 0.001103 0.000587 0.000318 
5383808 bfs 1 1132 26 1.072000 1.311000  0.000236 0.000211 0.000578 0.001124 0.000620 0.000325 
5383872 bfs 1 1132 26 1.072000 0.847000  0.000234 0.000211 0.000570 0.001137 0.000614 0.000320 
5383872 bfs 1 1132 26 1.072000 1.078000  0.000263 0.000209 0.000582 0.001271 0.000648 0.000335 
5383872 bfs 1 1132 26 1.072000 1.311000  0.000242 0.000202 0.000552 0.001118 0.000593 0.000311 
5383936 bfs 1 1132 26 1.072000 1.002000  0.000209 0.000188 0.000526 0.001048 0.000538 0.000291 
5383936 bfs 1 1132 26 1.072000 1.231000  0.000239 0.000209 0.000571 0.001203 0.000613 0.000319 
5384000 bfs 1 1132 26 1.072000 0.847000  0.000206 0.000185 0.000538 0.001119 0.000581 0.000310 
5384000 bfs 1 1132 26 1.072000 1.465000  0.000220 0.000192 0.000528 0.001030 0.000560 0.000296 
5384064 bfs 1 1132 26 1.072000 0.848000  0.559138 0.143040 0.301683 0.559361 0.164032 0.071535 
5384064 bfs 1 1132 26 1.072000 1.309000  0.000266 0.000206 0.000556 0.001203 0.000618 0.000317 
5384064 bfs 1 1132 26 1.072000 0.924000  0.000207 0.000189 0.000517 0.001027 0.000551 0.000290 
5384128 bfs 1 1132 26 1.072000 1.157000  0.000264 0.000199 0.000544 0.001189 0.000603 0.000310 
5384128 bfs 1 1132 26 1.072000 1.311000  0.000252 0.000198 0.000529 0.001160 0.000598 0.000305 
5384128 bfs 1 1132 26 1.072000 0.848000  0.000190 0.000172 0.000482 0.000931 0.000492 0.000268 
5384192 bfs 1 1132 27 1.072000 1.309000  0.000241 0.000188 0.000509 0.001098 0.000570 0.000294 
5384192 bfs 1 1132 26 1.072000 0.924000  0.000197 0.000175 0.000483 0.000948 0.000513 0.000271 
5384256 bfs 1 1132 26 1.072000 0.848000  0.000218 0.000180 0.000495 0.001059 0.000551 0.000282 
5384256 bfs 1 1132 27 1.072000 1.464000  0.000215 0.000177 0.000498 0.001115 0.000618 0.000301 
5384256 bfs 1 1132 27 1.072000 0.848000  0.000180 0.000162 0.000451 0.000873 0.000465 0.000250 
5384320 bfs 1 1132 26 1.072000 1.309000  0.000186 0.000166 0.000457 0.000891 0.000488 0.000257 
5384320 bfs 1 1132 26 1.072000 0.849000  0.000186 0.000164 0.000448 0.000964 0.000469 0.000247 
5384320 bfs 1 1132 26 1.072000 1.235000  0.000175 0.000163 0.000447 0.000865 0.000475 0.000252 
5384384 bfs 1 1132 26 1.072000 0.848000  0.000182 0.000161 0.000440 0.000861 0.000469 0.000247 
5384384 bfs 1 1132 26 1.072000 0.849000  0.000224 0.000168 0.000462 0.001016 0.000515 0.000263 
5384384 bfs 1 1132 27 1.072000 1.388000  0.000189 0.000158 0.000443 0.000939 0.000490 0.000252 
5384448 bfs 1 1132 27 1.072000 1.002000  0.000163 0.000148 0.000411 0.000789 0.000425 0.000229 
5384448 bfs 1 1132 27 1.072000 1.311000  0.000187 0.000156 0.000433 0.000910 0.000469 0.000245 
5384448 bfs 1 1132 27 1.072000 1.080000  0.000169 0.000151 0.000415 0.000813 0.000443 0.000234 
5384512 bfs 1 1132 27 1.072000 0.849000  0.000166 0.000150 0.000411 0.000798 0.000436 0.000231 
5384512 bfs 1 1132 27 1.072000 1.388000  0.000198 0.000156 0.000425 0.000952 0.000480 0.000243 
5384576 bfs 1 1132 26 1.072000 0.847000  0.000155 0.000138 0.000383 0.000754 0.000399 0.000213 
5384576 bfs 1 1132 26 1.072000 1.309000  0.000053 0.000040 0.000111 0.000238 0.000122 0.000062 
5384576 bfs 1 1132 26 1.072000 1.001000  0.000160 0.000141 0.000387 0.000765 0.000408 0.000216 
5384640 bfs 1 1132 27 1.072000 1.003000  0.000150 0.000140 0.000385 0.000740 0.000408 0.000217 
5384640 bfs 1 1132 27 1.072000 1.619000  0.000161 0.000138 0.000378 0.000746 0.000402 0.000212 
5384640 bfs 1 1132 26 1.072000 0.848000  0.000176 0.000142 0.000380 0.000754 0.000390 0.000205 
5384704 bfs 1 1132 26 1.072000 1.311000  0.000459 0.000155 0.000453 0.001454 0.000498 0.000239 
5384704 bfs 1 1132 26 1.072000 0.848000  0.000185 0.000131 0.000368 0.000782 0.000380 0.000202 
5384704 bfs 1 1132 26 1.072000 1.388000  0.000165 0.000136 0.000378 0.000805 0.000411 0.000214 
5384768 bfs 1 1132 26 1.072000 1.543000  0.000157 0.000132 0.000375 0.000888 0.000409 0.000212 
5384768 bfs 1 1132 26 1.072000 0.848000  0.000168 0.000134 0.000376 0.000821 0.000421 0.000216 
5384768 bfs 1 1132 26 1.072000 1.310000  0.000161 0.000134 0.000372 0.000792 0.000409 0.000208 
5384832 bfs 1 1132 26 1.072000 0.848000  0.000138 0.000121 0.000340 0.000665 0.000349 0.000188 
5384832 bfs 1 1132 26 1.072000 1.311000  0.000179 0.000133 0.000360 0.000768 0.000388 0.000202 
5384896 bfs 1 1132 26 1.072000 0.848000  0.000142 0.000127 0.000349 0.000700 0.000369 0.000195 
5384896 bfs 1 1132 26 1.072000 1.466000  0.000138 0.000184 0.000445 0.000888 0.000519 0.000254 
5384896 bfs 1 1132 26 1.072000 1.695000  0.000153 0.000127 0.000717 0.001584 0.000615 0.000292 
5384960 bfs 1 1132 26 1.072000 0.848000  0.000129 0.000116 0.000321 0.000628 0.000331 0.000178 
5384960 bfs 1 1132 26 1.072000 1.773000  0.000133 0.000175 0.000427 0.001033 0.000492 0.000271 
5384960 bfs 1 1132 26 1.072000 0.848000  0.000129 0.000118 0.000326 0.000648 0.000345 0.000182 
5385024 bfs 1 1132 26 1.072000 1.001000  0.000164 0.000125 0.000343 0.000750 0.000384 0.000196 
5385024 bfs 1 1132 26 1.072000 1.541000  0.000164 0.000125 0.000342 0.000741 0.000372 0.000192 
5385024 bfs 1 1132 26 1.072000 0.925000  0.000125 0.000110 0.000308 0.000595 0.000315 0.000170 
5385088 bfs 1 1132 26 1.072000 1.388000  0.000124 0.000114 0.000314 0.000610 0.000336 0.000177 
5385088 bfs 1 1132 26 1.072000 0.847000  0.000168 0.000111 0.000307 0.000663 0.000321 0.000172 
5385152 bfs 1 1132 26 1.072000 1.388000  0.000122 0.000112 0.000307 0.000593 0.000328 0.000172 
5385152 bfs 1 1132 26 1.072000 0.847000  0.000127 0.000111 0.000304 0.000604 0.000323 0.000171 
5385152 bfs 1 1132 26 1.072000 1.002000  0.000152 0.000117 0.000321 0.000701 0.000357 0.000183 
5385216 bfs 1 1132 26 1.072000 1.311000  0.000125 0.000109 0.000301 0.000604 0.000320 0.000169 
5385216 bfs 1 1132 26 1.072000 0.847000  0.000150 0.000118 0.000319 0.000688 0.000351 0.000181 
5385216 bfs 1 1132 26 1.072000 1.620000  0.000150 0.000115 0.000315 0.000675 0.000346 0.000179 
5385280 bfs 1 1132 26 1.072000 0.847000  0.000119 0.000105 0.000300 0.000664 0.000309 0.000162 
5385280 bfs 1 1132 26 1.072000 1.233000  0.000405 0.000137 0.000361 0.001005 0.000393 0.000192 
5385280 bfs 1 1132 26 1.072000 1.773000  0.000210 0.000123 0.000319 0.000734 0.000350 0.000175 
5385344 bfs 1 1132 26 1.072000 0.848000  0.000132 0.000111 0.000305 0.000634 0.000328 0.000171 
5385344 bfs 1 1132 26 1.072000 1.388000  0.000124 0.000104 0.000290 0.000595 0.000318 0.000167 
5385344 bfs 1 1132 26 1.072000 0.925000  0.000108 0.000098 0.000273 0.000520 0.000280 0.000152 
5385408 bfs 1 1132 26 1.072000 1.233000  0.000125 0.000110 0.000294 0.000641 0.000326 0.000167 
5385408 bfs 1 1132 26 1.072000 0.847000  0.000116 0.000102 0.000281 0.000563 0.000299 0.000157 
5385472 bfs 1 1132 26 1.072000 0.926000  0.000325 0.000152 0.000359 0.000923 0.000430 0.000206 
5385472 bfs 1 1132 26 1.072000 1.464000  0.000112 0.000100 0.000274 0.000538 0.000290 0.000153 
5385472 bfs 1 1132 26 1.072000 0.924000  0.000105 0.000094 0.000263 0.000500 0.000272 0.000146 
5385536 bfs 1 1132 26 1.072000 1.387000  0.000112 0.000098 0.000268 0.000530 0.000288 0.000151 
5385536 bfs 1 1132 26 1.072000 0.849000  0.000107 0.000093 0.000256 0.000510 0.000268 0.000145 
5385536 bfs 1 1132 26 1.072000 1.231000  0.000136 0.000103 0.000283 0.000626 0.000315 0.000160 
5385600 bfs 1 1132 26 1.072000 0.849000  0.000123 0.000096 0.000269 0.000606 0.000287 0.000233 
5385600 bfs 1 1132 26 1.072000 0.847000  0.000120 0.000100 0.000275 0.000586 0.000300 0.000154 
5385600 bfs 1 1132 26 1.072000 1.464000  0.000182 0.000107 0.000285 0.000646 0.000311 0.000156 
5385664 bfs 1 1132 26 1.072000 0.848000  0.000100 0.000089 0.000250 0.000483 0.000257 0.000139 
5385664 bfs 1 1132 26 1.072000 1.232000  0.000102 0.000093 0.000256 0.000495 0.000272 0.000143 
5385728 bfs 1 1132 26 1.072000 0.847000  0.000119 0.000094 0.000264 0.000616 0.000308 0.000154 
5385728 bfs 1 1132 26 1.072000 0.849000  0.000119 0.000094 0.000265 0.000605 0.000302 0.000152 
5385728 bfs 1 1132 26 1.072000 1.156000  0.000111 0.000092 0.000323 0.000664 0.000376 0.000184 
5385792 bfs 1 1132 26 1.072000 1.233000  0.000128 0.000088 0.000248 0.000547 0.000261 0.000137 
5385792 bfs 1 1132 26 1.072000 1.232000  0.000118 0.000143 0.000336 0.001075 0.000344 0.000165 
5385792 bfs 1 1132 26 1.072000 0.848000  0.000107 0.000088 0.000244 0.000573 0.000273 0.000140 
5385856 bfs 1 1132 27 1.072000 0.385000  0.000110 0.000091 0.000254 0.000571 0.000285 0.000144 
5385856 bfs 1 1132 27 1.072000 1.001000  0.000099 0.000087 0.000237 0.000471 0.000254 0.000133 
5385856 bfs 1 1132 27 1.072000 0.462000  0.000098 0.000086 0.000235 0.000464 0.000249 0.000132 
5385920 bfs 1 1132 27 1.072000 1.001000  0.000024 0.000021 0.000060 0.000124 0.000078 0.000037 
5385920 bfs 1 1132 27 1.072000 0.848000  0.000088 0.000080 0.000222 0.000423 0.000230 0.000123 
5385920 bfs 1 1132 27 1.072000 1.308000  0.000089 0.000082 0.000226 0.000434 0.000240 0.000127 
5385984 bfs 1 1132 26 1.072000 0.924000  0.000097 0.000082 0.000224 0.000451 0.000240 0.000126 
5385984 bfs 1 1132 26 1.072000 0.925000  0.000090 0.000082 0.000224 0.000501 0.000258 0.000131 
5386048 bfs 1 1132 26 1.072000 0.849000  0.000100 0.000081 0.000225 0.000485 0.000251 0.000130 
5386048 bfs 1 1132 26 1.072000 1.080000  0.000087 0.000076 0.000213 0.000411 0.000312 0.000156 
5386048 bfs 1 1132 26 1.072000 1.232000  0.000095 0.000079 0.000223 0.000478 0.000252 0.000130 
5386112 bfs 1 1132 26 1.072000 0.848000  0.000106 0.000080 0.000219 0.000470 0.000224 0.000120 
5386112 bfs 1 1132 26 1.072000 1.232000  0.000101 0.000084 0.000233 0.000511 0.000258 0.000132 
5386112 bfs 1 1132 26 1.072000 1.619000  0.000089 0.000078 0.000217 0.000443 0.000231 0.000122 
5386176 bfs 1 1132 26 1.072000 1.620000  0.000085 0.000079 0.000216 0.000419 0.000230 0.000121 
5386176 bfs 1 1132 26 1.072000 1.388000  0.000094 0.000078 0.000222 0.000477 0.000247 0.000126 
5386176 bfs 1 1132 27 1.072000 0.926000  0.000081 0.000073 0.000206 0.000393 0.000210 0.000114 
5386240 bfs 1 1132 27 1.072000 1.309000  0.000101 0.000082 0.000223 0.000491 0.000250 0.000127 
5386240 bfs 1 1132 26 1.072000 0.924000  7.100092 16.854252 8.433672 16.856043 0.000360 0.267589 
5386240 bfs 1 1132 26 1.072000 0.924000  0.000105 0.000084 0.000226 0.000500 0.000254 0.000128 
5386304 bfs 1 1132 26 1.072000 1.465000  0.000096 0.000077 0.000216 0.000460 0.000244 0.000124 
5386304 bfs 1 1132 26 1.072000 0.848000  0.000081 0.000072 0.000202 0.000386 0.000208 0.000112 
5386368 bfs 1 1132 26 1.072000 1.232000  0.000304 0.000180 0.000391 0.000853 0.000390 0.000206 
5386368 bfs 1 1132 26 1.072000 0.925000  0.000087 0.000075 0.000207 0.000415 0.000220 0.000116 
5386368 bfs 1 1132 26 1.072000 0.925000  0.000106 0.000081 0.000219 0.000487 0.000245 0.000123 
5386432 bfs 1 1132 26 1.072000 1.541000  0.000101 0.000077 0.000211 0.000583 0.000250 0.000124 
5386432 bfs 1 1132 26 1.072000 0.925000  0.000076 0.000070 0.000197 0.000373 0.000202 0.000109 
5386432 bfs 1 1132 26 1.072000 1.233000  0.000033 0.000028 0.000077 0.000162 0.000082 0.000043 
5386496 bfs 1 1132 26 1.072000 0.924000  0.000083 0.000073 0.000202 0.000401 0.000212 0.000112 
5386496 bfs 1 1132 26 1.072000 1.155000  0.000098 0.000082 0.000229 0.000528 0.000248 0.000124 
5386496 bfs 1 1132 26 1.072000 0.924000  0.000093 0.000078 0.000212 0.000446 0.000236 0.000120 
5386560 bfs 1 1132 26 1.072000 0.308000  0.000078 0.000069 0.000192 0.000370 0.000197 0.000106 
5386560 bfs 1 1132 26 1.072000 0.771000  0.000083 0.000072 0.000198 0.000389 0.000210 0.000111 
5386560 bfs 1 1132 26 1.072000 0.308000  0.000079 0.000069 0.000190 0.000371 0.000197 0.000106 
5386624 bfs 1 1132 26 1.072000 1.310000  0.000087 0.000072 0.000196 0.000426 0.000211 0.000111 
