#Timestamp	Benchmark	Run(#)	CPU Frequency (MHz)	CPU Temperature(C)	CPU Voltage(V)	CPU Power(W)	CPU_CYCLES	L1_DATA_CACHE_ACCESS	INSTRUCTIONS_RETIRED	BUS_CYCLES	L1I_CACHE_ACCESS	PREDICTABLE_BRANCH_SPECULATIVELY_EXECUTED
3625152 particle_filter 1 518 25 0.880000 0.693000  0.000004 0.000004 0.000011 0.000021 0.000013 0.000007 
3625152 particle_filter 1 518 25 0.880000 0.847000  0.000017 0.000015 0.000040 0.000080 0.000044 0.000023 
3625216 particle_filter 1 518 25 0.880000 0.694000  0.000015 0.000014 0.000039 0.000073 0.000040 0.000021 
3625216 particle_filter 1 518 25 0.880000 0.694000  0.000011 0.000069 0.000045 0.000141 0.000000 0.000008 
3625280 particle_filter 1 518 25 0.880000 0.386000  0.000063 0.000026 0.000062 0.000122 0.000057 0.000028 
3625280 particle_filter 1 518 25 0.880000 0.616000  0.000020 0.000016 0.000043 0.000090 0.000048 0.000024 
3625280 particle_filter 1 518 25 0.880000 0.540000  0.000016 0.000014 0.000039 0.000075 0.000041 0.000022 
3625344 particle_filter 1 518 25 0.880000 0.616000  0.000018 0.000015 0.000041 0.000088 0.000046 0.000024 
3625344 particle_filter 1 518 25 0.880000 0.462000  0.000016 0.000018 0.000045 0.000096 0.000047 0.000023 
3625408 particle_filter 1 518 25 0.880000 0.771000  0.000017 0.000020 0.000051 0.000130 0.000054 0.000026 
3625408 particle_filter 1 518 25 0.880000 0.693000  0.000018 0.000014 0.000040 0.000085 0.000042 0.000022 
3625408 particle_filter 1 518 25 0.880000 0.540000  0.000033 0.000022 0.000056 0.000113 0.000053 0.000029 
3625472 particle_filter 1 518 25 0.880000 0.616000  0.000016 0.000015 0.000040 0.000078 0.000043 0.000022 
3625472 particle_filter 1 518 25 0.880000 0.616000  0.000016 0.000015 0.000040 0.000076 0.000042 0.000022 
3625536 particle_filter 1 518 25 0.880000 0.693000  0.000016 0.000014 0.000038 0.000078 0.000041 0.000022 
3625536 particle_filter 1 518 25 0.880000 0.693000  0.000004 0.000004 0.000010 0.000020 0.000013 0.000006 
3625536 particle_filter 1 518 25 0.880000 0.925000  0.193886 0.049982 0.108152 0.193917 0.058303 0.024927 
3625600 particle_filter 1 518 25 0.880000 0.462000  0.000015 0.000014 0.000038 0.000073 0.000040 0.000021 
3625600 particle_filter 1 518 25 0.880000 0.616000  0.000016 0.000014 0.000040 0.000079 0.000044 0.000023 
3625664 particle_filter 1 518 25 0.880000 0.386000  0.000019 0.000014 0.000039 0.000079 0.000040 0.000021 
3625664 particle_filter 1 518 25 0.880000 0.693000  0.000018 0.000015 0.000042 0.000088 0.000046 0.000047 
3625664 particle_filter 1 518 25 0.880000 0.770000  0.000020 0.000014 0.000039 0.000084 0.000042 0.000022 
3625728 particle_filter 1 518 25 0.880000 0.617000  0.000022 0.000017 0.000049 0.000133 0.000057 0.000031 
3625728 particle_filter 1 518 25 0.880000 0.693000  0.000019 0.000014 0.000039 0.000086 0.000042 0.000022 
3625792 particle_filter 1 518 25 0.880000 0.770000  0.000019 0.000015 0.000041 0.000089 0.000046 0.000024 
3625792 particle_filter 1 518 25 0.880000 0.693000  0.000015 0.000018 0.000046 0.000102 0.000049 0.000024 
3625792 particle_filter 1 518 25 0.880000 0.692000  0.000004 0.000004 0.000010 0.000020 0.000013 0.000006 
3625856 particle_filter 1 518 25 0.880000 0.694000  0.000004 0.000004 0.000010 0.000020 0.000013 0.000006 
3625856 particle_filter 1 518 25 0.880000 0.617000  0.000020 0.000015 0.000042 0.000091 0.000047 0.000024 
3625920 particle_filter 1 518 25 0.880000 0.539000  0.000022 0.000015 0.000041 0.000082 0.000044 0.000023 
3625920 particle_filter 1 518 25 0.880000 0.616000  0.000020 0.000015 0.000045 0.000104 0.000049 0.000025 
3625920 particle_filter 1 518 25 0.880000 0.694000  0.000015 0.000014 0.000039 0.000075 0.000041 0.000022 
3625984 particle_filter 1 518 25 0.880000 0.539000  0.000015 0.000327 0.000771 0.000500 0.000315 0.000182 
3625984 particle_filter 1 518 25 0.880000 0.616000  0.000016 0.000014 0.000039 0.000078 0.000041 0.000022 
3626048 particle_filter 1 518 25 0.880000 0.462000  0.000028 0.000016 0.000042 0.000099 0.000045 0.000023 
3626048 particle_filter 1 518 25 0.880000 0.539000  0.000016 0.000014 0.000052 0.000155 0.000062 0.000032 
3626112 particle_filter 1 518 25 0.880000 0.462000  0.226196 0.236094 -0.400986 0.226262 0.350606 0.133191 
3626112 particle_filter 1 518 25 0.880000 0.769000  0.000048 0.000021 0.000050 0.000119 0.000054 0.000026 
3626112 particle_filter 1 518 25 0.880000 0.540000  0.000017 0.000014 0.000039 0.000083 0.000044 0.000023 
3626176 particle_filter 1 518 25 0.880000 0.385000  0.000015 0.000014 0.000039 0.000080 0.000043 0.000033 
3626176 particle_filter 1 518 25 0.880000 0.540000  0.000011 0.000086 0.000052 0.000164 0.000000 0.000008 
3626240 particle_filter 1 518 25 0.880000 0.540000  0.000016 0.000014 0.000039 0.000074 0.000041 0.000035 
3626240 particle_filter 1 518 25 0.880000 0.540000  0.000015 0.000031 0.000086 0.000232 0.000070 0.000033 
3626304 particle_filter 1 518 25 0.880000 0.694000  0.002569 0.000680 0.001427 0.002633 0.000818 0.000343 
3626304 particle_filter 1 518 25 0.880000 0.462000  0.000014 0.000013 0.000037 0.000070 0.000038 0.000021 
3626304 particle_filter 1 518 25 0.880000 0.617000  0.000018 0.000015 0.000040 0.000086 0.000045 0.000023 
3626368 particle_filter 1 518 25 0.880000 0.385000  0.000040 0.000020 0.000057 0.000151 0.000062 0.000031 
3626368 particle_filter 1 518 25 0.880000 0.617000  0.000019 0.000015 0.000041 0.000085 0.000044 0.000022 
3626432 particle_filter 1 518 25 0.880000 0.694000  0.000019 0.000015 0.000041 0.000089 0.000046 0.000023 
3626432 particle_filter 1 518 25 0.880000 0.617000  0.000015 0.000015 0.000041 0.000090 0.000046 0.000023 
3626432 particle_filter 1 518 25 0.880000 0.539000  0.000089 0.000029 0.000065 0.000149 0.000061 0.000030 
3626496 particle_filter 1 518 25 0.880000 0.770000  0.000011 0.000061 0.000048 0.000166 0.000000 0.000008 
3626496 particle_filter 1 518 25 0.880000 0.694000  0.000011 0.000072 0.000044 0.000154 0.000000 0.000008 
3626560 particle_filter 1 518 25 0.880000 0.384000  0.000015 0.000013 0.000037 0.000072 0.000038 0.000021 
3626560 particle_filter 1 518 25 0.880000 0.694000  0.000004 0.000003 0.000010 0.000020 0.000012 0.000006 
3626560 particle_filter 1 518 25 0.880000 0.462000  0.000015 0.000013 0.000037 0.000071 0.000037 0.000020 
3626624 particle_filter 1 518 25 0.880000 0.616000  0.000015 0.000020 0.000049 0.000100 0.000058 0.000028 
3626624 particle_filter 1 518 25 0.880000 0.385000  0.000010 0.000059 0.000039 0.000121 0.000000 0.000007 
3626688 particle_filter 1 518 25 0.880000 0.694000  0.000016 0.000014 0.000038 0.000101 0.000050 0.000028 
3626688 particle_filter 1 518 25 0.880000 0.385000  0.000018 0.000014 0.000040 0.000082 0.000043 0.000022 
3626688 particle_filter 1 518 25 0.880000 0.694000  0.000004 0.000003 0.000010 0.000019 0.000012 0.000006 
3626752 particle_filter 1 518 25 0.880000 0.847000  0.000020 0.000015 0.000040 0.000088 0.000045 0.000023 
3626752 particle_filter 1 518 25 0.880000 0.616000  0.000019 0.000015 0.000040 0.000086 0.000045 0.000023 
3626816 particle_filter 1 518 25 0.880000 0.770000  0.000016 0.000014 0.000039 0.000078 0.000042 0.000022 
3626816 particle_filter 1 518 25 0.880000 0.463000  0.000647 0.000183 0.000366 0.000716 0.000252 0.000108 
3626816 particle_filter 1 518 25 0.880000 0.539000  0.000018 0.000014 0.000039 0.000095 0.000046 0.000023 
3626880 particle_filter 1 518 25 0.880000 0.385000  0.104854 0.074185 0.201536 0.389520 0.201078 0.107464 
3626880 particle_filter 1 518 25 0.880000 0.540000  0.000108 0.000097 0.000267 0.000513 0.000286 0.000150 
3626944 particle_filter 1 518 25 0.880000 0.385000  0.000106 0.000092 0.000254 0.000496 0.000266 0.000141 
3626944 particle_filter 1 518 25 0.880000 0.616000  0.002848 0.002531 0.006977 0.013467 0.007369 0.003897 
3626944 particle_filter 1 518 25 0.880000 0.617000  0.002101 0.002093 0.005575 0.011177 0.005816 0.003033 
3627008 particle_filter 1 518 25 0.880000 0.616000  0.001733 0.001547 0.004269 0.008240 0.004556 0.002392 
3627008 particle_filter 1 518 25 0.880000 0.385000  0.001503 0.001366 0.003832 0.007283 0.003972 0.002117 
3627072 particle_filter 1 518 25 0.880000 0.693000  0.001479 0.001310 0.003584 0.006990 0.003806 0.002023 
3627072 particle_filter 1 518 25 0.880000 0.385000  0.001266 0.001161 0.003258 0.006199 0.003355 0.001801 
3627072 particle_filter 1 518 25 0.880000 0.693000  0.001613 0.001257 0.003430 0.007088 0.003730 0.001902 
3627136 particle_filter 1 518 25 0.880000 0.463000  0.000287 0.000274 0.000778 0.001513 0.000992 0.000487 
3627136 particle_filter 1 518 25 0.880000 0.616000  0.001319 0.001054 0.002942 0.006293 0.003265 0.001672 
3627136 particle_filter 1 518 25 0.880000 0.385000  0.001122 0.000966 0.002671 0.005817 0.002848 0.001512 
3627200 particle_filter 1 518 25 0.880000 0.848000  0.001674 0.001083 0.002880 0.006784 0.003143 0.001576 
3627200 particle_filter 1 518 25 0.880000 0.462000  0.001279 0.000933 0.002607 0.007008 0.003064 0.001535 
3627264 particle_filter 1 518 25 0.880000 0.693000  0.001077 0.001044 0.002803 0.006154 0.002782 0.001474 
3627264 particle_filter 1 518 25 0.880000 0.693000  0.001011 0.000788 0.002160 0.004802 0.002363 0.001219 
3627328 particle_filter 1 518 25 0.880000 0.616000  0.000741 0.000681 0.001902 0.003643 0.001945 0.001054 
3627328 particle_filter 1 518 25 0.880000 0.461000  0.000867 0.000721 0.002029 0.004370 0.002290 0.001162 
3627328 particle_filter 1 518 25 0.880000 0.616000  0.000719 0.000635 0.001775 0.003384 0.001818 0.000984 
3627392 particle_filter 1 518 25 0.880000 0.693000  0.000819 0.000662 0.001834 0.003766 0.002034 0.001048 
3627392 particle_filter 1 518 25 0.880000 0.540000  0.000966 0.000679 0.001788 0.003659 0.001880 0.000972 
3627392 particle_filter 1 518 25 0.880000 0.694000  0.000652 0.000589 0.001632 0.003230 0.001745 0.000910 
3627456 particle_filter 1 518 25 0.880000 0.616000  0.000161 0.000143 0.000410 0.000786 0.000517 0.000255 
3627456 particle_filter 1 518 25 0.880000 0.771000  0.000637 0.000558 0.001533 0.003051 0.001636 0.000858 
3627520 particle_filter 1 518 25 0.880000 0.385000  0.000591 0.000542 0.001485 0.002863 0.001588 0.000835 
3627520 particle_filter 1 518 25 0.880000 0.771000  0.000769 0.000512 0.001397 0.002988 0.001451 0.000764 
3627520 particle_filter 1 518 25 0.880000 0.617000  0.000550 0.000500 0.001366 0.002624 0.001465 0.000771 
3627584 particle_filter 1 518 25 0.880000 0.385000  0.000532 0.000589 0.001604 0.002964 0.001518 0.000832 
3627584 particle_filter 1 518 25 0.880000 0.771000  0.000525 0.000472 0.001286 0.002475 0.001381 0.000722 
3627648 particle_filter 1 518 25 0.880000 0.540000  0.000482 0.000515 0.001316 0.002742 0.001431 0.000723 
3627648 particle_filter 1 518 24 0.880000 0.539000  0.000582 0.000476 0.001339 0.003004 0.001443 0.000890 
3627648 particle_filter 1 518 25 0.880000 0.694000  0.000482 0.000428 0.001174 0.002565 0.001307 0.000679 
3627712 particle_filter 1 518 25 0.880000 0.770000  0.000536 0.000436 0.001203 0.002467 0.001317 0.000685 
3627712 particle_filter 1 518 25 0.880000 0.616000  0.000448 0.000410 0.001118 0.002139 0.001195 0.000630 
3627712 particle_filter 1 518 25 0.880000 0.462000  0.000528 0.000443 0.001404 0.003396 0.001465 0.000694 
3627776 particle_filter 1 518 25 0.880000 0.616000  0.000521 0.000468 0.001230 0.002647 0.001328 0.000662 
3627776 particle_filter 1 518 25 0.880000 0.462000  0.000395 0.000356 0.000996 0.001892 0.001021 0.000552 
3627840 particle_filter 1 518 25 0.880000 0.616000  0.000414 0.000372 0.001022 0.002336 0.001236 0.000626 
3627840 particle_filter 1 518 25 0.880000 0.463000  0.000105 0.000091 0.000281 0.000584 0.000362 0.000171 
3627840 particle_filter 1 518 25 0.880000 0.694000  0.000500 0.000401 0.001094 0.002402 0.001215 0.000624 
3627904 particle_filter 1 518 25 0.880000 0.770000  0.000370 0.000341 0.000965 0.002009 0.001006 0.000531 
3627904 particle_filter 1 518 25 0.880000 0.770000  0.000384 0.000375 0.000988 0.002102 0.001050 0.000539 
3627968 particle_filter 1 518 25 0.880000 0.694000  0.000422 0.000333 0.000930 0.002009 0.000962 0.000512 
3627968 particle_filter 1 518 25 0.880000 0.771000  0.000369 0.000382 0.001044 0.002415 0.001108 0.000551 
3627968 particle_filter 1 518 25 0.880000 0.616000  0.000448 0.000337 0.000909 0.001979 0.001025 0.000520 
3628032 particle_filter 1 518 25 0.880000 0.385000  0.000409 0.000325 0.000896 0.001894 0.000992 0.000505 
3628032 particle_filter 1 518 25 0.880000 0.693000  0.000332 0.000303 0.000836 0.001600 0.000884 0.000468 
3628096 particle_filter 1 518 25 0.880000 0.694000  0.000356 0.000322 0.000858 0.001696 0.000885 0.000459 
3628096 particle_filter 1 518 25 0.880000 0.694000  0.000325 0.000341 0.000893 0.001879 0.000937 0.000483 
3628096 particle_filter 1 518 25 0.880000 0.462000  0.000308 0.000274 0.000767 0.001447 0.000782 0.000425 
3628160 particle_filter 1 518 25 0.880000 0.693000  0.000361 0.000293 0.000806 0.001819 0.000904 0.000457 
3628160 particle_filter 1 518 25 0.880000 0.617000  0.000307 0.000282 0.001269 0.003383 0.001220 0.000560 
3628224 particle_filter 1 518 25 0.880000 0.617000  0.000356 0.000292 0.000814 0.001739 0.000910 0.000459 
3628224 particle_filter 1 518 25 0.880000 0.771000  0.000347 0.000271 0.000774 0.001616 0.000793 0.000420 
3628224 particle_filter 1 518 25 0.880000 0.617000  0.000290 0.000265 0.000730 0.001392 0.000773 0.000473 
3628288 particle_filter 1 518 25 0.880000 0.693000  0.000289 0.000259 0.000705 0.001419 0.000788 0.000412 
3628288 particle_filter 1 518 25 0.880000 0.462000  0.000310 0.000267 0.000745 0.001542 0.000829 0.000422 
3628352 particle_filter 1 518 25 0.880000 0.616000  0.000453 0.000368 0.001344 0.002541 0.001034 0.000622 
3628352 particle_filter 1 518 25 0.880000 0.463000  0.000288 0.000238 0.000657 0.001347 0.000699 0.000368 
3628352 particle_filter 1 518 25 0.880000 0.694000  0.000355 0.000269 0.000728 0.001563 0.000810 0.000409 
3628416 particle_filter 1 518 25 0.880000 0.694000  0.000318 0.000232 0.000669 0.001368 0.000698 0.000365 
3628416 particle_filter 1 518 25 0.880000 0.771000  0.000310 0.000257 0.000685 0.001436 0.000752 0.000383 
3628480 particle_filter 1 518 25 0.880000 0.386000  0.000282 0.000226 0.000632 0.001316 0.000658 0.000347 
3628480 particle_filter 1 518 25 0.880000 0.693000  0.000302 0.000238 0.000646 0.001357 0.000719 0.000367 
3628480 particle_filter 1 518 25 0.880000 0.385000  0.000272 0.000221 0.000619 0.001289 0.000633 0.000336 
3628544 particle_filter 1 518 25 0.880000 0.617000  0.000243 0.000219 0.000631 0.001288 0.000686 0.000353 
3628544 particle_filter 1 518 25 0.880000 0.616000  0.000246 0.000206 0.000590 0.001272 0.000655 0.000344 
3628608 particle_filter 1 518 25 0.880000 0.616000  0.001696 0.000812 0.001803 0.003399 0.001489 0.000741 
3628608 particle_filter 1 518 25 0.880000 0.694000  0.000227 0.000208 0.000576 0.001118 0.000608 0.000321 
3628608 particle_filter 1 518 25 0.880000 0.462000  0.000430 0.000263 0.000721 0.001777 0.000771 0.000387 
3628672 particle_filter 1 518 25 0.880000 0.694000  0.000221 0.000205 0.000564 0.001196 0.000581 0.000311 
3628672 particle_filter 1 518 25 0.880000 0.771000  0.000242 0.000205 0.000578 0.001220 0.000647 0.000329 
3628672 particle_filter 1 518 25 0.880000 0.693000  0.000217 0.000185 0.000515 0.001018 0.000541 0.000296 
