#Timestamp	Benchmark	Run(#)	CPU Frequency (MHz)	CPU Temperature(C)	CPU Voltage(V)	CPU Power(W)	CPU_CYCLES	L1_DATA_CACHE_ACCESS	INSTRUCTIONS_RETIRED	BUS_CYCLES	L1I_CACHE_ACCESS	PREDICTABLE_BRANCH_SPECULATIVELY_EXECUTED
3148032 srad_v2 1 403 24 0.842000 0.539000  0.000132 0.000099 0.000266 0.000582 0.000293 0.000148 
3148032 srad_v2 1 403 24 0.842000 0.540000  0.000099 0.000085 0.000239 0.000467 0.000247 0.000132 
3148096 srad_v2 1 403 24 0.842000 0.694000  0.000158 0.000101 0.000267 0.000796 0.000324 0.000155 
3583936 srad_v2 1 403 24 0.842000 0.694000  -0.331167 0.401061 -0.063494 -0.331086 0.383752 0.204460 
3583936 srad_v2 1 403 24 0.842000 0.617000  0.000207 0.000060 0.000200 0.000364 0.000165 0.000083 
3584000 srad_v2 1 403 24 0.842000 0.540000  0.000011 0.000010 0.000028 0.000054 0.000035 0.000017 
3584000 srad_v2 1 403 24 0.842000 0.385000  0.000019 0.000017 0.000048 0.000102 0.000053 0.000029 
3584000 srad_v2 1 403 24 0.842000 0.617000  0.000020 0.000017 0.000048 0.000097 0.000051 0.000027 
3584064 srad_v2 1 403 24 0.842000 0.385000  0.000754 0.000208 0.000391 0.000827 0.000290 0.000119 
3584064 srad_v2 1 403 24 0.842000 0.616000  0.000021 0.000017 0.000049 0.000110 0.000058 0.000029 
3584128 srad_v2 1 403 24 0.842000 0.540000  0.000044 0.000037 0.000102 0.000212 0.000106 0.000057 
3584128 srad_v2 1 403 24 0.842000 0.616000  -0.320952 0.400138 -0.058310 -0.320889 0.383339 0.203976 
3584128 srad_v2 1 403 24 0.842000 0.386000  0.000040 0.000037 0.000102 0.000197 0.000106 0.000057 
3584192 srad_v2 1 403 24 0.842000 0.385000  0.000016 0.000014 0.000041 0.000088 0.000046 0.000023 
3584192 srad_v2 1 403 24 0.842000 0.385000  0.000015 0.000013 0.000038 0.000073 0.000038 0.000021 
3584256 srad_v2 1 403 24 0.842000 0.540000  0.000050 0.000041 0.000113 0.000240 0.000126 0.000064 
3584256 srad_v2 1 403 24 0.842000 0.616000  0.000018 0.000017 0.000046 0.000100 0.000052 0.000027 
3584320 srad_v2 1 403 25 0.842000 0.540000  0.000139 0.000350 0.000760 0.000677 0.000360 0.000192 
3584320 srad_v2 1 403 24 0.842000 0.539000  0.799798 2.498050 0.937025 2.500526 0.000143 0.056255 
3584384 srad_v2 1 403 24 0.842000 0.385000  0.000040 0.000036 0.000100 0.000197 0.000103 0.000055 
3584384 srad_v2 1 403 24 0.842000 0.540000  0.000042 0.000056 0.000133 0.000336 0.000173 0.000081 
3584448 srad_v2 1 403 24 0.842000 0.540000  0.000019 0.000017 0.000048 0.000102 0.000054 0.000027 
3584448 srad_v2 1 403 24 0.842000 0.539000  0.000047 0.000041 0.000111 0.000230 0.000121 0.000062 
3584512 srad_v2 1 403 24 0.842000 0.617000  0.000042 0.000038 0.000103 0.000197 0.000109 0.000058 
3584512 srad_v2 1 403 24 0.842000 0.540000  0.000019 0.000017 0.000048 0.000093 0.000051 0.000027 
3584512 srad_v2 1 403 24 0.842000 0.616000  0.000052 0.000040 0.000106 0.000214 0.000114 0.000058 
3584576 srad_v2 1 403 24 0.842000 0.385000  0.000038 0.000039 0.000105 0.000211 0.000107 0.000056 
3584576 srad_v2 1 403 24 0.842000 0.616000  0.000286 0.001677 0.001122 0.003621 0.000000 0.000197 
3584640 srad_v2 1 403 24 0.842000 0.462000  0.000038 0.000035 0.000098 0.000187 0.000101 0.000054 
3584640 srad_v2 1 403 24 0.842000 0.617000  0.000047 0.000038 0.000106 0.000222 0.000119 0.000061 
3584704 srad_v2 1 403 24 0.842000 0.386000  0.000046 0.000042 0.000142 0.000398 0.000162 0.000082 
3584704 srad_v2 1 403 24 0.842000 0.539000  0.000040 0.000038 0.000129 0.000275 0.000148 0.000072 
3584704 srad_v2 1 403 24 0.842000 0.617000  0.008437 0.002633 0.005655 0.008507 0.002993 0.001347 
3584768 srad_v2 1 403 24 0.842000 0.539000  0.000047 0.000038 0.000105 0.000224 0.000118 0.000060 
3584768 srad_v2 1 403 24 0.842000 0.617000  0.000041 0.000037 0.000101 0.000194 0.000108 0.000057 
3584832 srad_v2 1 403 24 0.842000 0.540000  0.000023 0.000019 0.000051 0.000108 0.000058 0.000029 
3584832 srad_v2 1 403 24 0.842000 0.617000  0.000050 0.000040 0.000105 0.000210 0.000112 0.000058 
3584832 srad_v2 1 403 24 0.842000 0.617000  0.000048 0.000040 0.000109 0.000230 0.000118 0.000059 
3584896 srad_v2 1 403 24 0.842000 0.771000  0.003864 0.001353 0.002920 0.003950 0.001559 0.000718 
3584896 srad_v2 1 403 24 0.842000 0.539000  0.000018 0.000016 0.000045 0.000088 0.000046 0.000025 
3584960 srad_v2 1 403 24 0.842000 0.616000  0.000048 0.000039 0.000105 0.000260 0.000125 0.000063 
3584960 srad_v2 1 403 24 0.842000 0.385000  0.000038 0.000034 0.000095 0.000191 0.000100 0.000053 
3585024 srad_v2 1 403 24 0.842000 0.539000  0.000019 0.000017 0.000060 0.000158 0.000072 0.000034 
3585024 srad_v2 1 403 24 0.842000 0.462000  0.000018 0.000016 0.000045 0.000086 0.000047 0.000025 
3585088 srad_v2 1 403 24 0.842000 0.539000  0.000048 0.000039 0.000104 0.000219 0.000116 0.000059 
3585088 srad_v2 1 403 24 0.842000 0.617000  0.004774 0.001675 0.003764 0.004879 0.001931 0.000826 
3585088 srad_v2 1 403 24 0.842000 0.539000  0.000046 0.000037 0.000102 0.000215 0.000113 0.000059 
3585152 srad_v2 1 403 24 0.842000 0.616000  0.000076 0.000066 0.000152 0.000338 0.000149 0.000079 
3585152 srad_v2 1 403 24 0.842000 0.540000  0.000039 0.000035 0.000098 0.000256 0.000145 0.000071 
3585216 srad_v2 1 403 24 0.842000 0.694000  0.000039 0.000035 0.000097 0.000188 0.000102 0.000054 
3585216 srad_v2 1 403 24 0.842000 0.462000  0.000036 0.000033 0.000094 0.000177 0.000096 0.000052 
3585280 srad_v2 1 403 24 0.842000 0.539000  0.173057 0.504990 0.193834 0.506448 0.000018 0.011932 
3585280 srad_v2 1 403 24 0.842000 0.385000  0.000044 0.000037 0.000101 0.000211 0.000113 0.000058 
3585280 srad_v2 1 403 24 0.842000 0.693000  0.000043 0.000036 0.000097 0.000194 0.000106 0.000055 
3585344 srad_v2 1 403 24 0.842000 0.385000  0.013545 0.004472 0.009865 0.013563 0.005139 0.002111 
3585344 srad_v2 1 403 24 0.842000 0.539000  0.000019 0.000017 0.000046 0.000091 0.000049 0.000026 
3585408 srad_v2 1 403 24 0.842000 0.463000  0.000047 0.000039 0.000106 0.000220 0.000116 0.000059 
3585408 srad_v2 1 403 24 0.842000 0.539000  0.000039 0.000035 0.000097 0.000186 0.000102 0.000054 
3585408 srad_v2 1 403 24 0.842000 0.539000  0.000044 0.000039 0.000106 0.000218 0.000116 0.000058 
3585472 srad_v2 1 403 24 0.842000 0.617000  0.204376 0.584223 0.226791 0.586945 0.000021 0.014204 
3585472 srad_v2 1 403 24 0.842000 0.385000  0.000037 0.000033 0.000093 0.000172 0.000095 0.000051 
3585536 srad_v2 1 403 24 0.842000 0.540000  0.000019 0.000017 0.000046 0.000091 0.000050 0.000026 
3585536 srad_v2 1 403 24 0.842000 0.386000  0.000037 0.000033 0.000092 0.000177 0.000096 0.000051 
3585600 srad_v2 1 403 24 0.842000 0.540000  0.000038 0.000035 0.000096 0.000183 0.000102 0.000054 
3585600 srad_v2 1 403 24 0.842000 0.386000  0.000036 0.000033 0.000092 0.000174 0.000094 0.000051 
3585600 srad_v2 1 403 24 0.842000 0.539000  0.000075 0.000041 0.000109 0.000247 0.000125 0.000062 
3585664 srad_v2 1 403 24 0.842000 0.540000  0.000039 0.000037 0.000144 0.000391 0.000168 0.000081 
3585664 srad_v2 1 403 24 0.842000 0.539000  0.000038 0.000034 0.000095 0.000245 0.000124 0.000069 
3585728 srad_v2 1 403 24 0.842000 0.616000  0.212705 0.625141 0.237971 0.625790 0.000023 0.014943 
3585728 srad_v2 1 403 24 0.842000 0.539000  0.000046 0.000037 0.000101 0.000214 0.000112 0.000057 
3585792 srad_v2 1 403 24 0.842000 0.616000  0.000039 0.000034 0.000094 0.000185 0.000100 0.000053 
3585792 srad_v2 1 403 24 0.842000 0.385000  0.000037 0.000034 0.000094 0.000179 0.000100 0.000053 
3585792 srad_v2 1 403 24 0.842000 0.617000  0.000045 0.000035 0.000096 0.000251 0.000113 0.000057 
3585856 srad_v2 1 403 24 0.842000 0.462000  0.000035 0.000032 0.000090 0.000169 0.000093 0.000050 
3585856 srad_v2 1 403 24 0.842000 0.616000  0.000018 0.000017 0.000045 0.000088 0.000049 0.000026 
3585920 srad_v2 1 403 24 0.842000 0.463000  0.000035 0.000032 0.000089 0.000169 0.000092 0.000049 
3585920 srad_v2 1 403 24 0.842000 0.540000  0.000046 0.000035 0.000094 0.000208 0.000106 0.000054 
3585984 srad_v2 1 403 24 0.842000 0.539000  0.000035 0.000032 0.000089 0.000171 0.000092 0.000052 
3585984 srad_v2 1 403 24 0.842000 0.617000  0.000046 0.000036 0.000098 0.000203 0.000107 0.000055 
3585984 srad_v2 1 403 24 0.842000 0.616000  0.005475 0.002098 0.004517 0.005545 0.002304 0.001067 
3586048 srad_v2 1 403 24 0.842000 0.540000  0.000044 0.000035 0.000098 0.000204 0.000107 0.000055 
3586048 srad_v2 1 403 24 0.842000 0.539000  0.000035 0.000031 0.000088 0.000167 0.000091 0.000049 
3586112 srad_v2 1 403 24 0.842000 0.385000  0.000035 0.000031 0.000088 0.000171 0.000091 0.000049 
3586112 srad_v2 1 403 24 0.842000 0.616000  0.012921 0.004650 0.009960 0.013007 0.005147 0.002340 
3586176 srad_v2 1 403 24 0.842000 0.385000  0.000035 0.000032 0.000088 0.000170 0.000091 0.000049 
3586176 srad_v2 1 403 24 0.842000 0.693000  0.000036 0.000033 0.000091 0.000175 0.000096 0.000051 
3586176 srad_v2 1 403 24 0.842000 0.385000  0.000066 0.000048 0.000161 0.000414 0.000166 0.000079 
3586240 srad_v2 1 403 24 0.842000 0.538000  0.000138 0.000054 0.000153 0.000340 0.000168 0.000077 
3586240 srad_v2 1 403 24 0.842000 0.617000  0.000041 0.000034 0.000097 0.000219 0.000107 0.000054 
3586304 srad_v2 1 403 24 0.842000 0.616000  0.000046 0.000036 0.000096 0.000206 0.000107 0.000055 
3586304 srad_v2 1 403 24 0.842000 0.615000  0.000045 0.000035 0.000094 0.000201 0.000098 0.000052 
3586368 srad_v2 1 403 24 0.842000 0.539000  0.000035 0.000031 0.000087 0.000168 0.000090 0.000048 
3586368 srad_v2 1 403 24 0.842000 0.461000  0.000115 0.000097 0.000267 0.000589 0.000282 0.000149 
3586368 srad_v2 1 403 24 0.842000 0.616000  0.000010 0.000008 0.000023 0.000046 0.000030 0.000015 
3586432 srad_v2 1 403 24 0.842000 0.616000  0.000042 0.000033 0.000090 0.000179 0.000092 0.000049 
3586432 srad_v2 1 403 25 0.842000 0.539000  0.000039 0.000032 0.000087 0.000171 0.000091 0.000048 
3586496 srad_v2 1 403 25 0.842000 0.693000  0.000037 0.000031 0.000086 0.000172 0.000090 0.000048 
