#Timestamp	Benchmark	Run(#)	CPU Frequency (MHz)	CPU Temperature(C)	CPU Voltage(V)	CPU Power(W)	CPU_CYCLES	L1_DATA_CACHE_ACCESS	INSTRUCTIONS_RETIRED	BUS_CYCLES	L1I_CACHE_ACCESS	PREDICTABLE_BRANCH_SPECULATIVELY_EXECUTED
5961600 kmeans 1 1326 28 1.111000 1.234000  0.000033 0.000030 0.000083 0.000189 0.000095 0.000049 
5961600 kmeans 1 1326 28 1.111000 1.387000  0.000040 0.000030 0.000086 0.000185 0.000098 0.000049 
5961664 kmeans 1 1326 28 1.111000 1.079000  0.000033 0.000028 0.000078 0.000200 0.000091 0.000046 
5961664 kmeans 1 1326 28 1.111000 1.694000  0.000039 0.000030 0.000085 0.000182 0.000093 0.000048 
5961664 kmeans 1 1326 28 1.111000 1.156000  0.000034 0.000029 0.000081 0.000163 0.000135 0.000066 
5961728 kmeans 1 1326 28 1.111000 1.311000  0.000034 0.000029 0.000080 0.000160 0.000085 0.000045 
5961728 kmeans 1 1326 28 1.111000 1.697000  0.000034 0.000029 0.000080 0.000155 0.000085 0.000045 
5961792 kmeans 1 1326 27 1.111000 1.079000  0.000032 0.000027 0.000077 0.000151 0.000079 0.000065 
5961792 kmeans 1 1326 28 1.111000 1.311000  0.000034 0.000029 0.000080 0.000157 0.000084 0.000044 
5961792 kmeans 1 1326 28 1.111000 1.080000  0.000040 0.000031 0.000084 0.000182 0.000091 0.000047 
5961856 kmeans 1 1326 28 1.111000 1.080000  0.000033 0.000029 0.000079 0.000156 0.000085 0.000044 
5961856 kmeans 1 1326 28 1.111000 1.080000  0.000037 0.000029 0.000080 0.000173 0.000131 0.000060 
5961856 kmeans 1 1326 28 1.111000 1.079000  0.000039 0.000029 0.000082 0.000179 0.000091 0.000047 
5961920 kmeans 1 1326 28 1.111000 1.543000  0.000032 0.000029 0.000079 0.000154 0.000083 0.000044 
5961920 kmeans 1 1326 28 1.111000 1.079000  0.000035 0.000027 0.000076 0.000168 0.000079 0.000042 
5961920 kmeans 1 1326 28 1.111000 1.154000  0.000045 0.000030 0.000083 0.000190 0.000093 0.000048 
5961984 kmeans 1 1326 28 1.111000 1.079000  0.000032 0.000029 0.000078 0.000156 0.000084 0.000044 
5961984 kmeans 1 1326 28 1.111000 1.078000  0.000039 0.000030 0.000084 0.000184 0.000093 0.000048 
5961984 kmeans 1 1326 28 1.111000 1.697000  0.000033 0.000028 0.000078 0.000154 0.000083 0.000044 
5962048 kmeans 1 1326 28 1.111000 1.080000  0.000034 0.000027 0.000078 0.000179 0.000081 0.000059 
5962048 kmeans 1 1326 28 1.111000 1.157000  0.000032 0.000028 0.000078 0.000151 0.000083 0.000044 
5962048 kmeans 1 1326 28 1.111000 1.080000  0.000037 0.000028 0.000077 0.000168 0.000082 0.000044 
5962112 kmeans 1 1326 28 1.111000 1.078000  0.000034 0.000028 0.000079 0.000166 0.000085 0.000045 
5962112 kmeans 1 1326 28 1.111000 1.695000  0.000032 0.000028 0.000077 0.000151 0.000082 0.000043 
5962112 kmeans 1 1326 28 1.111000 1.078000  0.000036 0.000027 0.000079 0.000480 0.000172 0.000076 
5962176 kmeans 1 1326 28 1.111000 1.543000  0.000037 0.000029 0.000080 0.000179 0.000090 0.000046 
5962176 kmeans 1 1326 28 1.111000 1.078000  0.000030 0.000028 0.000077 0.000150 0.000080 0.000043 
5962240 kmeans 1 1326 28 1.111000 1.080000  0.000034 0.000028 0.000078 0.000168 0.000085 0.000044 
5962240 kmeans 1 1326 28 1.111000 1.694000  0.000032 0.000028 0.000076 0.000151 0.000081 0.000043 
5962240 kmeans 1 1326 28 1.111000 1.078000  0.000031 0.000026 0.000074 0.000142 0.000076 0.000041 
5962304 kmeans 1 1326 28 1.111000 1.388000  0.000038 0.000028 0.000078 0.000167 0.000085 0.000044 
5962304 kmeans 1 1326 28 1.111000 1.233000  0.000030 0.000028 0.000076 0.000149 0.000081 0.000043 
5962304 kmeans 1 1326 28 1.111000 1.078000  0.000040 0.000030 0.000081 0.000175 0.000088 0.000046 
5962368 kmeans 1 1326 28 1.111000 1.542000  0.000032 0.000027 0.000076 0.000161 0.000085 0.000044 
5962368 kmeans 1 1326 28 1.111000 1.234000  0.000029 0.000026 0.000073 0.000141 0.000074 0.000040 
5962368 kmeans 1 1326 28 1.111000 1.466000  0.000032 0.000027 0.000097 0.000216 0.000098 0.000055 
5962432 kmeans 1 1326 28 1.111000 1.080000  0.000033 0.000028 0.000075 0.000150 0.000080 0.000042 
5962432 kmeans 1 1326 28 1.111000 1.541000  0.000031 0.000027 0.000075 0.000147 0.000079 0.000042 
5962432 kmeans 1 1326 28 1.111000 1.928000  0.000033 0.000027 0.000077 0.000164 0.000084 0.000043 
5962496 kmeans 1 1326 27 1.111000 1.002000  0.000037 0.000029 0.000080 0.000169 0.000083 0.000043 
5962496 kmeans 1 1326 27 1.111000 1.772000  0.000031 0.000027 0.000075 0.000146 0.000079 0.000042 
5962496 kmeans 1 1326 27 1.111000 1.002000  0.000041 0.000027 0.000075 0.000164 0.000079 0.000041 
5962560 kmeans 1 1326 27 1.111000 1.620000  0.000038 0.000029 0.000079 0.000169 0.000085 0.000044 
5962560 kmeans 1 1326 27 1.111000 1.079000  0.000035 0.000027 0.000074 0.000154 0.000078 0.000041 
5962624 kmeans 1 1326 27 1.111000 1.156000  0.000038 0.000029 0.000079 0.000177 0.000088 0.000045 
5962624 kmeans 1 1326 27 1.111000 1.774000  0.000030 0.000027 0.000074 0.000144 0.000078 0.000041 
5962624 kmeans 1 1326 27 1.111000 1.155000  0.000034 0.000026 0.000074 0.000167 0.000076 0.000040 
5962688 kmeans 1 1326 27 1.111000 1.619000  0.000030 0.000027 0.000074 0.000142 0.000078 0.000041 
5962688 kmeans 1 1326 27 1.111000 1.002000  0.000032 0.000027 0.000073 0.000150 0.000079 0.000041 
5962688 kmeans 1 1326 27 1.111000 1.156000  0.000029 0.000027 0.000080 0.000176 0.000086 0.000044 
5962752 kmeans 1 1326 28 1.111000 1.928000  0.000034 0.000027 0.000077 0.000167 0.000083 0.000043 
5962752 kmeans 1 1326 28 1.111000 1.078000  0.000039 0.000028 0.000075 0.000154 0.000078 0.000041 
5962752 kmeans 1 1326 28 1.111000 1.617000  0.000038 0.000028 0.000078 0.000167 0.000084 0.000043 
5962816 kmeans 1 1326 28 1.111000 1.003000  0.000029 0.000025 0.000070 0.000164 0.000076 0.000040 
5962816 kmeans 1 1326 27 1.111000 1.774000  0.000037 0.000029 0.000078 0.000166 0.000084 0.000043 
5962816 kmeans 1 1326 27 1.111000 1.080000  0.000030 0.000028 0.000077 0.000170 0.000085 0.000044 
5962880 kmeans 1 1326 28 1.111000 1.078000  0.000033 0.000028 0.000077 0.000173 0.000086 0.000044 
5962880 kmeans 1 1326 27 1.111000 1.311000  0.000033 0.000026 0.000075 0.000164 0.000083 0.000043 
5962880 kmeans 1 1326 27 1.111000 1.079000  0.000028 0.000026 0.000071 0.000151 0.000074 0.000039 
5962944 kmeans 1 1326 27 1.111000 1.001000  0.000030 0.000026 0.000093 0.000204 0.000094 0.000053 
5962944 kmeans 1 1326 27 1.111000 1.851000  0.000007 0.000043 0.000028 0.000095 0.000000 0.000005 
5963008 kmeans 1 1326 27 1.111000 1.080000  0.000029 0.000025 0.000069 0.000134 0.000072 0.000038 
5963008 kmeans 1 1326 27 1.111000 1.928000  0.000029 0.000026 0.000071 0.000138 0.000076 0.000040 
5963008 kmeans 1 1326 27 1.111000 1.080000  0.000355 0.001908 0.000461 0.001985 0.000000 0.000035 
5963072 kmeans 1 1326 27 1.111000 1.080000  0.000038 0.000027 0.000075 0.000172 0.000085 0.000043 
5963072 kmeans 1 1326 27 1.111000 1.080000  0.327086 0.113826 0.397663 0.327218 0.185246 0.108963 
5963072 kmeans 1 1326 27 1.111000 1.079000  0.000036 0.000028 0.000075 0.000162 0.000083 0.000043 
5963136 kmeans 1 1326 27 1.111000 1.543000  0.000030 0.000026 0.000071 0.000139 0.000075 0.000040 
5963136 kmeans 1 1326 27 1.111000 1.080000  0.000037 0.000026 0.000071 0.000152 0.000072 0.000039 
5963136 kmeans 1 1326 27 1.111000 1.541000  0.000080 0.000035 0.000086 0.000204 0.000091 0.000045 
5963200 kmeans 1 1326 27 1.111000 1.078000  0.000029 0.000025 0.000071 0.000151 0.000078 0.000041 
5963200 kmeans 1 1326 27 1.111000 1.079000  0.000034 0.000027 0.000073 0.000160 0.000081 0.000041 
5963200 kmeans 1 1326 27 1.111000 1.695000  0.000029 0.000026 0.000070 0.000138 0.000075 0.000039 
5963264 kmeans 1 1326 27 1.111000 1.311000  0.000038 0.000025 0.000070 0.000153 0.000074 0.000039 
5963264 kmeans 1 1326 27 1.111000 1.774000  0.000034 0.000027 0.000074 0.000164 0.000082 0.000041 
5963328 kmeans 1 1326 27 1.111000 1.079000  0.000029 0.000025 0.000070 0.000140 0.000074 0.000039 
5963328 kmeans 1 1326 27 1.111000 1.080000  0.000033 0.000026 0.000074 0.000163 0.000082 0.000042 
5963328 kmeans 1 1326 28 1.111000 1.697000  0.000030 0.000025 0.000070 0.000137 0.000073 0.000039 
5963392 kmeans 1 1326 28 1.111000 1.079000  0.000027 0.000024 0.000067 0.000129 0.000069 0.000037 
5963392 kmeans 1 1326 27 1.111000 2.081000  0.000028 0.000025 0.000069 0.000134 0.000073 0.000039 
5963392 kmeans 1 1326 27 1.111000 1.233000  0.000030 0.000025 0.000069 0.000136 0.000092 0.000044 
5963456 kmeans 1 1326 27 1.111000 1.465000  0.000076 0.000035 0.000085 0.000202 0.000091 0.000045 
5963456 kmeans 1 1326 27 1.111000 1.771000  0.000031 0.000025 0.000071 0.000152 0.000079 0.000041 
5963456 kmeans 1 1326 27 1.111000 1.079000  0.000027 0.000024 0.000066 0.000129 0.000069 0.000039 
5963520 kmeans 1 1326 27 1.111000 1.696000  0.000028 0.000025 0.000069 0.000133 0.000073 0.000039 
5963520 kmeans 1 1326 27 1.111000 1.310000  0.000037 0.000027 0.000070 0.000146 0.000076 0.000039 
5963520 kmeans 1 1326 27 1.111000 1.079000  0.000029 0.000025 0.000068 0.000133 0.000072 0.000038 
5963584 kmeans 1 1326 27 1.111000 1.696000  0.000030 0.000025 0.000070 0.000150 0.000076 0.000039 
5963584 kmeans 1 1326 28 1.111000 1.079000  0.000032 0.000025 0.000068 0.000137 0.000070 0.000037 
5963584 kmeans 1 1326 28 1.111000 1.617000  0.000035 0.000026 0.000072 0.000162 0.000080 0.000041 
5963648 kmeans 1 1326 27 1.111000 1.078000  0.000027 0.000024 0.000067 0.000147 0.000070 0.000037 
5963648 kmeans 1 1326 27 1.111000 1.080000  0.000032 0.000026 0.000071 0.000155 0.000077 0.000040 
5963712 kmeans 1 1326 27 1.111000 1.079000  0.000029 0.000025 0.000068 0.000137 0.000072 0.000038 
5963712 kmeans 1 1326 27 1.111000 1.079000  0.000032 0.000026 0.000072 0.000158 0.000079 0.000040 
5963712 kmeans 1 1326 27 1.111000 2.004000  0.000028 0.000025 0.000068 0.000134 0.000072 0.000038 
5963776 kmeans 1 1326 27 1.111000 1.079000  0.000042 0.000024 0.000066 0.000149 0.000070 0.000037 
5963776 kmeans 1 1326 27 1.111000 1.234000  0.000027 0.000024 0.000067 0.000130 0.000071 0.000038 
5963776 kmeans 1 1326 27 1.111000 1.156000  0.000030 0.000025 0.000067 0.000144 0.000072 0.000038 
5963840 kmeans 1 1326 27 1.111000 1.156000  0.000032 0.000026 0.000072 0.000159 0.000079 0.000041 
5963840 kmeans 1 1326 27 1.111000 1.772000  0.000030 0.000024 0.000074 0.000186 0.000079 0.000041 
5963840 kmeans 1 1326 27 1.111000 1.156000  0.000035 0.000024 0.000067 0.000155 0.000071 0.000037 
5963904 kmeans 1 1326 27 1.111000 1.849000  0.000034 0.000026 0.000071 0.000158 0.000079 0.000040 
5963904 kmeans 1 1326 28 1.111000 1.080000  0.000027 0.000024 0.000066 0.000133 0.000070 0.000037 
5963904 kmeans 1 1326 28 1.111000 1.079000  0.000031 0.000025 0.000071 0.000149 0.000076 0.000039 
5963968 kmeans 1 1326 28 1.111000 1.850000  0.000028 0.000024 0.000066 0.000185 0.000086 0.000043 
5963968 kmeans 1 1326 28 1.111000 1.080000  0.000035 0.000024 0.000066 0.000144 0.000069 0.000036 
5963968 kmeans 1 1326 27 1.111000 1.619000  0.000027 0.000024 0.000066 0.000128 0.000069 0.000037 
5964032 kmeans 1 1326 27 1.111000 1.080000  0.000030 0.000026 0.000069 0.000152 0.000076 0.000039 
5964032 kmeans 1 1326 27 1.111000 1.620000  0.000034 0.000025 0.000071 0.000158 0.000078 0.000040 
5964096 kmeans 1 1326 28 1.111000 1.772000  0.000032 0.000024 0.000072 0.000166 0.000079 0.000040 
5964096 kmeans 1 1326 28 1.111000 1.234000  0.000026 0.000023 0.000063 0.000123 0.000065 0.000035 
5964096 kmeans 1 1326 27 1.111000 1.619000  0.000188 0.000140 0.000384 0.000867 0.000430 0.000213 
5964160 kmeans 1 1326 27 1.111000 1.079000  0.000030 0.000024 0.000068 0.000152 0.000077 0.000039 
5964160 kmeans 1 1326 27 1.111000 1.003000  3.628608 16.469793 4.170687 16.476830 0.001416 0.255770 
