#Timestamp	Benchmark	Run(#)	CPU Frequency (MHz)	CPU Temperature(C)	CPU Voltage(V)	CPU Power(W)	CPU_CYCLES	L1_DATA_CACHE_ACCESS	INSTRUCTIONS_RETIRED	BUS_CYCLES	L1I_CACHE_ACCESS	PREDICTABLE_BRANCH_SPECULATIVELY_EXECUTED
4553792 nn 1 710 26 0.919000 0.540000  0.000005 0.000004 0.000013 0.000025 0.000016 0.000008 
4553792 nn 1 710 26 0.919000 0.925000  0.000005 0.000004 0.000013 0.000025 0.000016 0.000008 
4553856 nn 1 710 26 0.919000 0.616000  0.000019 0.000017 0.000047 0.000092 0.000050 0.000026 
4553856 nn 1 710 26 0.919000 0.617000  0.000021 0.000025 0.000060 0.000150 0.000068 0.000032 
4553856 nn 1 710 26 0.919000 0.616000  0.000021 0.000018 0.000048 0.000098 0.000051 0.000027 
4553920 nn 1 710 26 0.919000 0.539000  0.000023 0.000018 0.000051 0.000107 0.000056 0.000028 
4553920 nn 1 710 26 0.919000 0.616000  0.000023 0.000018 0.000052 0.000112 0.000057 0.000029 
4553920 nn 1 710 26 0.919000 0.770000  0.000005 0.000004 0.000013 0.000025 0.000016 0.000008 
4553984 nn 1 710 26 0.919000 0.847000  0.000021 0.000018 0.000049 0.000114 0.000051 0.000027 
4553984 nn 1 710 26 0.919000 0.771000  0.000031 0.000021 0.000057 0.000145 0.000063 0.000031 
4554048 nn 1 710 26 0.919000 0.848000  0.000027 0.000020 0.000056 0.000137 0.000059 0.000030 
4554048 nn 1 710 26 0.919000 0.539000  0.000022 0.000018 0.000048 0.000095 0.000050 0.000026 
