#Timestamp	Benchmark	Run(#)	CPU Frequency (MHz)	CPU Temperature(C)	CPU Voltage(V)	CPU Power(W)	CPU_CYCLES	L1_DATA_CACHE_ACCESS	INSTRUCTIONS_RETIRED	BUS_CYCLES	L1I_CACHE_ACCESS	PREDICTABLE_BRANCH_SPECULATIVELY_EXECUTED
4029696 lavaMD 1 614 26 0.919000 0.693000  0.000005 0.000004 0.000012 0.000024 0.000016 0.000008 
4029696 lavaMD 1 614 26 0.919000 0.847000  0.000005 0.000004 0.000012 0.000024 0.000015 0.000008 
4029696 lavaMD 1 614 26 0.919000 0.539000  0.000018 0.000016 0.000046 0.000089 0.000047 0.000025 
4029760 lavaMD 1 614 26 0.919000 0.617000  0.000024 0.000019 0.000051 0.000107 0.000055 0.000029 
4029760 lavaMD 1 614 26 0.919000 0.462000  0.000022 0.000017 0.000047 0.000096 0.000048 0.000026 
4029824 lavaMD 1 614 25 0.919000 0.694000  0.000157 0.000105 0.000285 0.000667 0.000320 0.000169 
4029824 lavaMD 1 614 25 0.919000 0.694000  0.000021 0.000018 0.000049 0.000102 0.000054 0.000028 
4029824 lavaMD 1 614 25 0.919000 0.462000  0.000018 0.000016 0.000046 0.000090 0.000047 0.000025 
4029888 lavaMD 1 614 25 0.919000 0.694000  0.000161 0.000105 0.000285 0.000699 0.000321 0.000148 
4029888 lavaMD 1 614 25 0.919000 0.771000  0.084105 0.023457 0.051844 0.084231 0.027736 0.011963 
4029952 lavaMD 1 614 25 0.919000 0.385000  0.000018 0.000016 0.000045 0.000086 0.000047 0.000025 
4029952 lavaMD 1 614 25 0.919000 0.308000  0.000018 0.000016 0.000045 0.000086 0.000047 0.000025 
4029952 lavaMD 1 614 25 0.919000 0.462000  0.000024 0.000018 0.000050 0.000107 0.000056 0.000029 
4030016 lavaMD 1 614 25 0.919000 0.308000  0.000018 0.000016 0.000045 0.000086 0.000047 0.000025 
4030016 lavaMD 1 614 25 0.919000 0.385000  0.000036 0.000018 0.000048 0.000104 0.000049 0.000026 
4030016 lavaMD 1 614 25 0.919000 0.462000  0.000017 0.000016 0.000045 0.000086 0.000047 0.000025 
4030080 lavaMD 1 614 25 0.919000 0.385000  0.000018 0.000016 0.000045 0.000085 0.000047 0.000025 
4030080 lavaMD 1 614 25 0.919000 0.308000  0.000017 0.000016 0.000045 0.000085 0.000047 0.000025 
4030144 lavaMD 1 614 25 0.919000 0.539000  0.000021 0.000018 0.000049 0.000103 0.000054 0.000028 
4030144 lavaMD 1 614 25 0.919000 0.308000  0.000018 0.000016 0.000045 0.000086 0.000047 0.000027 
4030144 lavaMD 1 614 25 0.919000 0.385000  0.000017 0.000016 0.000045 0.000085 0.000047 0.000025 
4030208 lavaMD 1 614 25 0.919000 0.616000  0.000017 0.000016 0.000045 0.000084 0.000046 0.000025 
4030208 lavaMD 1 614 25 0.919000 0.385000  0.000033 0.000019 0.000050 0.000101 0.000050 0.000026 
4030208 lavaMD 1 614 26 0.919000 0.616000  0.000019 0.000017 0.000048 0.000100 0.000052 0.000027 
4030272 lavaMD 1 614 26 0.919000 0.308000  0.000018 0.000016 0.000045 0.000088 0.000046 0.000025 
4030272 lavaMD 1 614 25 0.919000 0.616000  0.000017 0.000016 0.000045 0.000085 0.000046 0.000025 
4030272 lavaMD 1 614 25 0.919000 0.308000  0.000017 0.000016 0.000045 0.000084 0.000046 0.000025 
4030336 lavaMD 1 614 25 0.919000 0.539000  0.000044 0.000021 0.000055 0.000112 0.000053 0.000028 
4030336 lavaMD 1 614 26 0.919000 0.308000  0.000017 0.000016 0.000045 0.000084 0.000046 0.000025 
4030400 lavaMD 1 614 26 0.919000 0.308000  0.000019 0.000017 0.000047 0.000090 0.000061 0.000030 
4030400 lavaMD 1 614 26 0.919000 0.308000  0.000019 0.000016 0.000045 0.000087 0.000047 0.000025 
4030464 lavaMD 1 614 25 0.919000 0.385000  0.000017 0.000016 0.000045 0.000084 0.000046 0.000025 
4030464 lavaMD 1 614 25 0.919000 0.308000  0.000018 0.000016 0.000045 0.000087 0.000051 0.000026 
4030464 lavaMD 1 614 26 0.919000 0.385000  0.000017 0.000016 0.000045 0.000084 0.000046 0.000026 
4030528 lavaMD 1 614 26 0.919000 0.539000  0.000088 0.000069 0.000192 0.000405 0.000216 0.000111 
4030528 lavaMD 1 614 26 0.919000 0.308000  0.000017 0.000016 0.000044 0.000084 0.000046 0.000025 
4030528 lavaMD 1 614 26 0.919000 0.308000  0.000018 0.000016 0.000044 0.000085 0.000046 0.000025 
4030592 lavaMD 1 614 26 0.919000 0.616000  0.000017 0.000016 0.000044 0.000084 0.000046 0.000025 
4030592 lavaMD 1 614 26 0.919000 0.385000  0.000017 0.000016 0.000044 0.000082 0.000045 0.000026 
4030656 lavaMD 1 614 26 0.919000 0.462000  0.000017 0.000016 0.000044 0.000083 0.000045 0.000024 
4030656 lavaMD 1 614 26 0.919000 0.539000  0.000018 0.000017 0.000059 0.000118 0.000070 0.000034 
4030656 lavaMD 1 614 26 0.919000 0.308000  0.000073 0.000064 0.000177 0.000350 0.000182 0.000098 
4030720 lavaMD 1 614 26 0.919000 0.308000  0.000017 0.000016 0.000044 0.000083 0.000046 0.000024 
4030720 lavaMD 1 614 25 0.919000 0.693000  0.000017 0.000016 0.000044 0.000084 0.000046 0.000026 
4030720 lavaMD 1 614 26 0.919000 0.308000  0.000017 0.000016 0.000044 0.000082 0.000045 0.000024 
4030784 lavaMD 1 614 26 0.919000 0.385000  0.000017 0.000016 0.000044 0.000083 0.000045 0.000024 
4030784 lavaMD 1 614 26 0.919000 0.539000  0.000022 0.000018 0.000048 0.000101 0.000054 0.000027 
4030848 lavaMD 1 614 26 0.919000 0.616000  0.000017 0.000016 0.000044 0.000083 0.000045 0.000024 
4030848 lavaMD 1 614 26 0.919000 0.308000  0.000017 0.000016 0.000044 0.000082 0.000045 0.000024 
4030848 lavaMD 1 614 26 0.919000 0.308000  0.000017 0.000016 0.000044 0.000083 0.000045 0.000024 
4030912 lavaMD 1 614 26 0.919000 0.308000  0.000017 0.000016 0.000044 0.000084 0.000046 0.000024 
4030912 lavaMD 1 614 26 0.919000 0.539000  0.000032 0.000020 0.000053 0.000116 0.000058 0.000029 
4030912 lavaMD 1 614 26 0.919000 0.308000  0.000017 0.000016 0.000044 0.000086 0.000045 0.000024 
4030976 lavaMD 1 614 26 0.919000 0.385000  0.000017 0.000016 0.000044 0.000083 0.000045 0.000024 
4030976 lavaMD 1 614 26 0.919000 0.693000  0.000017 0.000024 0.000057 0.000138 0.000056 0.000028 
4031040 lavaMD 1 614 26 0.919000 0.308000  0.000017 0.000016 0.000044 0.000083 0.000044 0.000024 
4031040 lavaMD 1 614 26 0.919000 0.308000  0.000018 0.000016 0.000045 0.000086 0.000048 0.000025 
4031040 lavaMD 1 614 26 0.919000 0.770000  0.000021 0.000017 0.000048 0.000104 0.000053 0.000027 
4031104 lavaMD 1 614 26 0.919000 0.693000  0.000017 0.000016 0.000044 0.000082 0.000045 0.000024 
4031104 lavaMD 1 614 26 0.919000 0.539000  0.147097 0.044031 0.096464 0.147210 0.050554 0.021963 
4031104 lavaMD 1 614 26 0.919000 0.462000  0.000021 0.000017 0.000048 0.000101 0.000053 0.000027 
