#Timestamp	Benchmark	Run(#)	CPU Frequency (MHz)	CPU Temperature(C)	CPU Voltage(V)	CPU Power(W)	CPU_CYCLES	L1_DATA_CACHE_ACCESS	INSTRUCTIONS_RETIRED	BUS_CYCLES	L1I_CACHE_ACCESS	PREDICTABLE_BRANCH_SPECULATIVELY_EXECUTED
5069184 kmeans 1 921 27 1.015000 1.156000  0.000007 0.000005 0.000015 0.000033 0.000019 0.000009 
5069184 kmeans 1 921 27 1.015000 1.079000  0.000042 0.000023 0.000061 0.000128 0.000062 0.000032 
5069184 kmeans 1 921 27 1.015000 0.925000  0.000013 0.000081 0.000070 0.000229 0.000000 0.000012 
5069248 kmeans 1 921 27 1.015000 0.771000  0.000023 0.000021 0.000056 0.000110 0.000060 0.000032 
5069248 kmeans 1 921 27 1.015000 0.771000  0.000024 0.000021 0.000056 0.000112 0.000060 0.000032 
5069248 kmeans 1 921 27 1.015000 1.079000  0.000024 0.000020 0.000056 0.000111 0.000059 0.000031 
5069312 kmeans 1 921 26 1.015000 0.770000  0.000022 0.000019 0.000054 0.000104 0.000055 0.000030 
5069312 kmeans 1 921 26 1.015000 1.079000  0.000025 0.000031 0.000114 0.000236 0.000095 0.000047 
5069376 kmeans 1 921 27 1.015000 1.080000  0.030625 0.008726 0.019434 0.030729 0.009529 0.004383 
5069376 kmeans 1 921 27 1.015000 0.771000  0.000028 0.000022 0.000059 0.000128 0.000066 0.000034 
5069376 kmeans 1 921 26 1.015000 0.693000  0.035689 0.010474 0.023140 0.035872 0.011431 0.005242 
5069440 kmeans 1 921 27 1.015000 0.694000  0.000021 0.000019 0.000053 0.000102 0.000055 0.000029 
5069440 kmeans 1 921 27 1.015000 1.001000  0.000023 0.000020 0.000057 0.000119 0.000062 0.000032 
5069440 kmeans 1 921 26 1.015000 0.694000  0.000023 0.000019 0.000053 0.000106 0.000055 0.000029 
5069504 kmeans 1 921 26 1.015000 1.001000  0.000028 0.000022 0.000058 0.000126 0.000063 0.000032 
5069504 kmeans 1 921 26 1.015000 1.232000  0.040645 0.011349 0.024830 0.040766 0.012597 0.005694 
5069568 kmeans 1 921 26 1.015000 0.693000  0.000027 0.000022 0.000060 0.000124 0.000062 0.000032 
5069568 kmeans 1 921 27 1.015000 1.079000  0.000026 0.000021 0.000058 0.000121 0.000063 0.000033 
5069568 kmeans 1 921 27 1.015000 0.693000  0.000012 0.000074 0.000047 0.000151 0.000000 0.000008 
5069632 kmeans 1 921 27 1.015000 1.080000  0.000028 0.000021 0.000058 0.000127 0.000065 0.000033 
5069632 kmeans 1 921 27 1.015000 1.078000  0.000023 0.000020 0.000055 0.000108 0.000059 0.000042 
5069632 kmeans 1 921 27 1.015000 0.771000  0.000022 0.000020 0.000055 0.000106 0.000058 0.000031 
5069696 kmeans 1 921 27 1.015000 1.079000  0.000022 0.000020 0.000055 0.000107 0.000059 0.000031 
5069696 kmeans 1 921 27 1.015000 0.848000  0.000021 0.000019 0.000053 0.000101 0.000055 0.000029 
5069696 kmeans 1 921 26 1.015000 1.080000  0.000023 0.000020 0.000054 0.000106 0.000058 0.000030 
5069760 kmeans 1 921 26 1.015000 0.693000  0.000022 0.000019 0.000052 0.000100 0.000054 0.000029 
5069760 kmeans 1 921 26 1.015000 1.002000  0.000022 0.000020 0.000054 0.000105 0.000058 0.000030 
5069824 kmeans 1 921 26 1.015000 1.233000  0.000022 0.000020 0.000087 0.000209 0.000080 0.000040 
5069824 kmeans 1 921 26 1.015000 0.693000  0.000022 0.000020 0.000054 0.000105 0.000058 0.000030 
5069824 kmeans 1 921 27 1.015000 1.234000  0.000028 0.000025 0.000067 0.000133 0.000073 0.000038 
5069888 kmeans 1 921 27 1.015000 0.693000  0.000025 0.000021 0.000058 0.000126 0.000064 0.000033 
5069888 kmeans 1 921 26 1.015000 1.389000  0.000022 0.000020 0.000059 0.000141 0.000066 0.000033 
5069888 kmeans 1 921 26 1.015000 0.770000  0.000021 0.000018 0.000052 0.000099 0.000053 0.000029 
5069952 kmeans 1 921 26 1.015000 0.770000  0.000024 0.000021 0.000056 0.000121 0.000066 0.000033 
5069952 kmeans 1 921 26 1.015000 1.080000  0.012473 0.004479 0.009636 0.012586 0.004808 0.002241 
5070016 kmeans 1 921 26 1.015000 0.849000  0.000027 0.000022 0.000058 0.000123 0.000062 0.000032 
5070016 kmeans 1 921 26 1.015000 1.078000  0.000030 0.000025 0.000070 0.000153 0.000079 0.000040 
5070016 kmeans 1 921 26 1.015000 0.693000  0.000943 0.000266 0.000504 0.001040 0.000370 0.000156 
5070080 kmeans 1 921 26 1.015000 1.001000  0.000037 0.000022 0.000058 0.000159 0.000069 0.000034 
5070080 kmeans 1 921 26 1.015000 0.694000  0.000022 0.000019 0.000053 0.000103 0.000056 0.000030 
5070080 kmeans 1 921 26 1.015000 0.848000  0.000022 0.000019 0.000053 0.000103 0.000056 0.000030 
5070144 kmeans 1 921 26 1.015000 1.387000  0.000028 0.000021 0.000057 0.000123 0.000062 0.000031 
5070144 kmeans 1 921 26 1.015000 0.694000  0.000025 0.000020 0.000057 0.000124 0.000063 0.000032 
5070208 kmeans 1 921 26 1.015000 1.078000  0.000023 0.000020 0.000056 0.000122 0.000063 0.000032 
5070208 kmeans 1 921 27 1.015000 0.694000  0.000021 0.000018 0.000051 0.000097 0.000052 0.000029 
5070208 kmeans 1 921 27 1.015000 0.693000  0.000021 0.000019 0.000068 0.000137 0.000078 0.000038 
5070272 kmeans 1 921 26 1.015000 1.080000  0.000028 0.000021 0.000057 0.000120 0.000062 0.000031 
5070272 kmeans 1 921 26 1.015000 0.694000  0.000020 0.000018 0.000050 0.000098 0.000052 0.000028 
5070272 kmeans 1 921 27 1.015000 1.078000  0.000025 0.000021 0.000056 0.000117 0.000060 0.000031 
5070336 kmeans 1 921 26 1.015000 0.694000  0.000022 0.000019 0.000052 0.000102 0.000056 0.000029 
5070336 kmeans 1 921 26 1.015000 0.694000  0.000022 0.000019 0.000052 0.000101 0.000063 0.000033 
5070400 kmeans 1 921 26 1.015000 1.002000  0.000026 0.000020 0.000055 0.000120 0.000061 0.000031 
5070400 kmeans 1 921 26 1.015000 0.694000  0.000020 0.000018 0.000050 0.000096 0.000051 0.000028 
5070400 kmeans 1 921 27 1.015000 1.003000  0.000021 0.000019 0.000052 0.000101 0.000055 0.000029 
5070464 kmeans 1 921 27 1.015000 0.694000  0.016222 0.060466 0.018820 0.060541 0.000002 0.001156 
5070464 kmeans 1 921 27 1.015000 1.233000  0.000026 0.000020 0.000055 0.000120 0.000061 0.000031 
5070464 kmeans 1 921 26 1.015000 1.232000  0.000024 0.000019 0.000052 0.000108 0.000055 0.000031 
5070528 kmeans 1 921 26 1.015000 0.849000  0.000023 0.000020 0.000055 0.000114 0.000060 0.000030 
5070528 kmeans 1 921 26 1.015000 1.080000  0.000023 0.000019 0.000053 0.000111 0.000058 0.000030 
5070528 kmeans 1 921 26 1.015000 0.694000  0.038875 0.011908 0.025655 0.038972 0.013160 0.005873 
5070592 kmeans 1 921 26 1.015000 0.770000  0.000025 0.000020 0.000054 0.000112 0.000060 0.000031 
5070592 kmeans 1 921 26 1.015000 1.234000  0.043011 0.013395 0.028815 0.043124 0.014796 0.006620 
5070656 kmeans 1 921 26 1.015000 0.693000  0.000025 0.000020 0.000053 0.000103 0.000054 0.000028 
5070656 kmeans 1 921 26 1.015000 1.003000  0.000021 0.000019 0.000051 0.000100 0.000055 0.000029 
5070656 kmeans 1 921 26 1.015000 0.694000  0.044187 0.013663 0.029302 0.044287 0.015140 0.006750 
5070720 kmeans 1 921 26 1.015000 1.079000  0.000025 0.000020 0.000056 0.000114 0.000062 0.000033 
5070720 kmeans 1 921 26 1.015000 1.001000  0.000020 0.000018 0.000049 0.000095 0.000051 0.000027 
5070720 kmeans 1 921 26 1.015000 1.078000  0.000021 0.000019 0.000051 0.000099 0.000054 0.000029 
5070784 kmeans 1 921 26 1.015000 0.694000  0.000020 0.000019 0.000051 0.000097 0.000054 0.000029 
5070784 kmeans 1 921 26 1.015000 0.694000  0.000021 0.000019 0.000051 0.000099 0.000054 0.000029 
5070784 kmeans 1 921 26 1.015000 1.155000  0.000023 0.000019 0.000051 0.000109 0.000056 0.000029 
5070848 kmeans 1 921 26 1.015000 0.771000  0.000020 0.000017 0.000049 0.000095 0.000050 0.000027 
5070848 kmeans 1 921 26 1.015000 1.001000  0.000021 0.000018 0.000050 0.000098 0.000054 0.000028 
5070912 kmeans 1 921 26 1.015000 0.771000  0.000020 0.000018 0.000050 0.000097 0.000054 0.000028 
5070912 kmeans 1 921 26 1.015000 1.156000  0.000020 0.000018 0.000050 0.000097 0.000053 0.000028 
5070912 kmeans 1 921 26 1.015000 1.156000  0.000022 0.000019 0.000053 0.000115 0.000059 0.000030 
5070976 kmeans 1 921 26 1.015000 0.925000  0.000019 0.000017 0.000048 0.000093 0.000050 0.000027 
5070976 kmeans 1 921 26 1.015000 1.080000  0.000020 0.000018 0.000050 0.000097 0.000054 0.000030 
5070976 kmeans 1 921 26 1.015000 0.694000  0.000020 0.000018 0.000050 0.000098 0.000053 0.000028 
5071040 kmeans 1 921 26 1.015000 0.694000  0.000020 0.000018 0.000050 0.000097 0.000053 0.000028 
5071040 kmeans 1 921 26 1.015000 0.693000  0.000022 0.000020 0.000053 0.000122 0.000057 0.000029 
5071040 kmeans 1 921 26 1.015000 0.694000  0.000025 0.000019 0.000053 0.000110 0.000057 0.000030 
5071104 kmeans 1 921 26 1.015000 1.311000  0.000022 0.000019 0.000052 0.000116 0.000059 0.000030 
5071104 kmeans 1 921 26 1.015000 0.694000  0.000021 0.000017 0.000048 0.000126 0.000062 0.000033 
5071168 kmeans 1 921 26 1.015000 1.001000  0.000023 0.000018 0.000050 0.000108 0.000055 0.000028 
5071168 kmeans 1 921 26 1.015000 0.694000  0.000023 0.000019 0.000053 0.000119 0.000057 0.000029 
5071168 kmeans 1 921 26 1.015000 0.771000  0.000025 0.000020 0.000054 0.000179 0.000064 0.000031 
5071232 kmeans 1 921 26 1.015000 1.079000  0.000021 0.000018 0.000049 0.000097 0.000052 0.000027 
5071232 kmeans 1 921 26 1.015000 0.771000  0.000020 0.000017 0.000047 0.000093 0.000049 0.000026 
5071232 kmeans 1 921 26 1.015000 1.078000  0.000023 0.000019 0.000052 0.000113 0.000058 0.000030 
5071296 kmeans 1 921 26 1.015000 0.694000  0.000024 0.000018 0.000051 0.000114 0.000057 0.000030 
5071296 kmeans 1 921 26 1.015000 0.772000  0.000023 0.000018 0.000051 0.000109 0.000056 0.000029 
5071296 kmeans 1 921 26 1.015000 1.155000  0.000022 0.000018 0.000052 0.000111 0.000057 0.000031 
5071360 kmeans 1 921 26 1.015000 0.770000  0.000019 0.000017 0.000047 0.000092 0.000067 0.000032 
5071360 kmeans 1 921 26 1.015000 1.002000  0.000022 0.000018 0.000052 0.000113 0.000058 0.000029 
5071424 kmeans 1 921 26 1.015000 0.693000  0.107309 0.032599 0.070409 0.107403 0.036165 0.015967 
5071424 kmeans 1 921 26 1.015000 0.772000  0.000144 0.000105 0.001191 0.001096 0.000547 0.000294 
5071424 kmeans 1 921 26 1.015000 1.080000  0.000020 0.000026 0.000063 0.000134 0.000074 0.000036 
5071488 kmeans 1 921 26 1.015000 0.694000  0.000019 0.000017 0.000047 0.000091 0.000048 0.000026 
5071488 kmeans 1 921 26 1.015000 1.233000  0.000038 0.000021 0.000056 0.000129 0.000060 0.000030 
5071488 kmeans 1 921 26 1.015000 1.235000  0.000020 0.000018 0.000048 0.000099 0.000051 0.000027 
5071552 kmeans 1 921 26 1.015000 0.694000  0.000024 0.000019 0.000051 0.000108 0.000056 0.000029 
5071552 kmeans 1 921 26 1.015000 1.233000  0.000011 0.000069 0.000046 0.000142 0.000000 0.000008 
5071616 kmeans 1 921 26 1.015000 0.694000  0.000019 0.000017 0.000047 0.000098 0.000048 0.000026 
5071616 kmeans 1 921 26 1.015000 0.694000  0.000023 0.000018 0.000050 0.000108 0.000056 0.000029 
5071616 kmeans 1 921 26 1.015000 0.694000  0.000025 0.000019 0.000051 0.000111 0.000078 0.000037 
5071680 kmeans 1 921 26 1.015000 0.693000  0.000024 0.000019 0.000051 0.000107 0.000056 0.000028 
5071680 kmeans 1 921 27 1.015000 1.235000  0.000024 0.000019 0.000051 0.000107 0.000056 0.000028 
5071680 kmeans 1 921 27 1.015000 0.694000  0.000019 0.000016 0.000046 0.000090 0.000047 0.000025 
5071744 kmeans 1 921 27 1.015000 1.002000  0.000020 0.000018 0.000049 0.000103 0.000054 0.000028 
5071744 kmeans 1 921 26 1.015000 0.694000  0.000025 0.000019 0.000051 0.000112 0.000056 0.000028 
5071808 kmeans 1 921 26 1.015000 1.002000  0.000024 0.000018 0.000050 0.000134 0.000061 0.000030 
5071808 kmeans 1 921 26 1.015000 1.157000  0.000023 0.000018 0.000050 0.000106 0.000055 0.000028 
5071808 kmeans 1 921 26 1.015000 0.694000  0.000019 0.000016 0.000046 0.000090 0.000047 0.000025 
5071872 kmeans 1 921 27 1.015000 0.924000  0.000019 0.000017 0.000061 0.000126 0.000071 0.000035 
5071872 kmeans 1 921 26 1.015000 1.310000  0.000021 0.000018 0.000049 0.000106 0.000054 0.000028 
5071872 kmeans 1 921 26 1.015000 0.693000  0.000018 0.000016 0.000045 0.000088 0.000046 0.000025 
5071936 kmeans 1 921 27 1.015000 1.080000  0.000019 0.000017 0.000061 0.000132 0.000072 0.000035 
5071936 kmeans 1 921 27 1.015000 0.694000  0.000011 0.000064 0.000041 0.000132 0.000000 0.000007 
5072000 kmeans 1 921 27 1.015000 1.002000  0.000019 0.000017 0.000047 0.000091 0.000050 0.000026 
5072000 kmeans 1 921 26 1.015000 1.232000  0.000019 0.000017 0.000047 0.000093 0.000049 0.000026 
5072000 kmeans 1 921 26 1.015000 0.925000  0.000022 0.000018 0.000050 0.000108 0.000056 0.000028 
5072064 kmeans 1 921 26 1.015000 1.156000  0.000021 0.000017 0.000048 0.000100 0.000053 0.000027 
5072064 kmeans 1 921 26 1.015000 0.694000  0.000018 0.000016 0.000045 0.000087 0.000046 0.000025 
5072064 kmeans 1 921 26 1.015000 1.078000  0.000029 0.000022 0.000060 0.000131 0.000067 0.000034 
5072128 kmeans 1 921 26 1.015000 0.694000  0.000011 0.000064 0.000043 0.000133 0.000000 0.000007 
5072128 kmeans 1 921 26 1.015000 0.847000  0.000023 0.000018 0.000049 0.000106 0.000055 0.000028 
5072192 kmeans 1 921 27 1.015000 1.156000  0.000119 0.000043 0.000094 0.000228 0.000097 0.000044 
5072192 kmeans 1 921 27 1.015000 0.926000  0.000018 0.000016 0.000045 0.000099 0.000052 0.000027 
5072192 kmeans 1 921 26 1.015000 1.002000  0.000022 0.000018 0.000048 0.000104 0.000054 0.000027 
5072256 kmeans 1 921 26 1.015000 1.079000  0.000019 0.000017 0.000062 0.000150 0.000061 0.000031 
5072256 kmeans 1 921 26 1.015000 1.157000  0.000024 0.000018 0.000049 0.000102 0.000050 0.000026 
5072256 kmeans 1 921 27 1.015000 1.388000  0.000020 0.000017 0.000046 0.000090 0.000060 0.000030 
5072320 kmeans 1 921 27 1.015000 1.002000  0.003624 0.011973 0.004104 0.012038 0.000001 0.000266 
5072320 kmeans 1 921 27 1.015000 0.771000  0.000023 0.000018 0.000048 0.000130 0.000057 0.000028 
5072384 kmeans 1 921 27 1.015000 0.694000  0.000019 0.000017 0.000046 0.000090 0.000049 0.000026 
5072384 kmeans 1 921 27 1.015000 0.694000  0.000018 0.000017 0.000046 0.000088 0.000048 0.000026 
5072384 kmeans 1 921 26 1.015000 1.078000  0.000018 0.000016 0.000045 0.000088 0.000048 0.000025 
5072448 kmeans 1 921 26 1.015000 0.694000  0.000018 0.000016 0.000044 0.000086 0.000046 0.000024 
5072448 kmeans 1 921 26 1.015000 0.771000  0.000019 0.000017 0.000045 0.000090 0.000049 0.000025 
5072448 kmeans 1 921 26 1.015000 0.694000  0.033436 0.007499 0.017212 0.033531 0.009748 0.003943 
5072512 kmeans 1 921 27 1.015000 0.693000  0.000018 0.000016 0.000045 0.000087 0.000048 0.000025 
5072512 kmeans 1 921 27 1.015000 0.694000  0.000023 0.000020 0.000056 0.000121 0.000063 0.000033 
5072576 kmeans 1 921 27 1.015000 0.693000  0.000019 0.000016 0.000045 0.000088 0.000048 0.000025 
5072576 kmeans 1 921 27 1.015000 1.079000  0.000021 0.000017 0.000048 0.000105 0.000053 0.000027 
5072576 kmeans 1 921 27 1.015000 0.694000  0.000019 0.000015 0.000046 0.000112 0.000056 0.000029 
5072640 kmeans 1 921 27 1.015000 1.079000  0.000020 0.000017 0.000048 0.000104 0.000055 0.000028 
5072640 kmeans 1 921 27 1.015000 0.693000  0.000018 0.000016 0.000045 0.000086 0.000048 0.000025 
5072640 kmeans 1 921 26 1.015000 0.540000  0.000019 0.000016 0.000045 0.000087 0.000047 0.000025 
