#Timestamp	Benchmark	Run(#)	CPU Frequency (MHz)	CPU Temperature(C)	CPU Voltage(V)	CPU Power(W)	CPU_CYCLES	L1_DATA_CACHE_ACCESS	INSTRUCTIONS_RETIRED	BUS_CYCLES	L1I_CACHE_ACCESS	PREDICTABLE_BRANCH_SPECULATIVELY_EXECUTED
4551936 myocyte 1 710 26 0.919000 0.308000  0.116025 0.427902 0.136509 0.427982 0.000014 0.008353 
4551936 myocyte 1 710 26 0.919000 0.617000  0.000026 0.000021 0.000059 0.000129 0.000067 0.000034 
4551936 myocyte 1 710 26 0.919000 0.539000  0.000038 0.000022 0.000063 0.000157 0.000065 0.000033 
4552000 myocyte 1 710 26 0.919000 0.771000  0.000023 0.000020 0.000056 0.000110 0.000060 0.000031 
4552000 myocyte 1 710 26 0.919000 1.001000  0.000029 0.000023 0.000062 0.000141 0.000072 0.000035 
4552064 myocyte 1 710 26 0.919000 0.771000  0.023871 0.085820 0.027857 0.085874 0.000003 0.001721 
4552064 myocyte 1 710 26 0.919000 0.924000  0.000032 0.000022 0.000062 0.000141 0.000067 0.000034 
4552064 myocyte 1 710 26 0.919000 0.848000  0.000026 0.000021 0.000059 0.000132 0.000062 0.000033 
4552128 myocyte 1 710 26 0.919000 0.770000  0.000031 0.000023 0.000061 0.000144 0.000066 0.000034 
4552128 myocyte 1 710 26 0.919000 0.770000  0.000030 0.000021 0.000059 0.000138 0.000061 0.000032 
4552128 myocyte 1 710 26 0.919000 0.693000  0.000032 0.000024 0.000061 0.000153 0.000070 0.000035 
4552192 myocyte 1 710 26 0.919000 0.770000  0.000027 0.000021 0.000058 0.000130 0.000061 0.000032 
4552192 myocyte 1 710 26 0.919000 0.846000  0.000022 0.000022 0.000060 0.000136 0.000065 0.000033 
4552256 myocyte 1 710 26 0.919000 1.002000  0.000034 0.000023 0.000079 0.000205 0.000080 0.000051 
4552256 myocyte 1 710 26 0.919000 0.694000  0.000022 0.000021 0.000060 0.000152 0.000071 0.000035 
4552256 myocyte 1 710 26 0.919000 1.002000  0.000027 0.000022 0.000060 0.000142 0.000067 0.000034 
4552320 myocyte 1 710 26 0.919000 0.771000  0.000021 0.000021 0.000058 0.000131 0.000060 0.000032 
4552320 myocyte 1 710 26 0.919000 0.770000  0.000023 0.000022 0.000060 0.000134 0.000065 0.000033 
4552384 myocyte 1 710 26 0.919000 0.693000  0.000026 0.000020 0.000058 0.000127 0.000059 0.000031 
4552384 myocyte 1 710 26 0.919000 0.771000  0.000031 0.000022 0.000060 0.000142 0.000066 0.000033 
4552384 myocyte 1 710 26 0.919000 0.694000  0.000026 0.000020 0.000055 0.000128 0.000059 0.000031 
4552448 myocyte 1 710 26 0.919000 0.925000  0.000026 0.000022 0.000059 0.000148 0.000071 0.000035 
4552448 myocyte 1 710 26 0.919000 0.694000  0.000026 0.000021 0.000059 0.000134 0.000064 0.000033 
4552448 myocyte 1 710 26 0.919000 0.693000  0.000035 0.000022 0.000060 0.000146 0.000065 0.000033 
4552512 myocyte 1 710 26 0.919000 1.001000  0.000027 0.000022 0.000059 0.000142 0.000065 0.000033 
4552512 myocyte 1 710 26 0.919000 0.694000  0.000029 0.000020 0.000058 0.000135 0.000060 0.000032 
4552576 myocyte 1 710 26 0.919000 0.848000  0.000031 0.000021 0.000077 0.000191 0.000079 0.000044 
4552576 myocyte 1 710 26 0.919000 0.694000  0.000027 0.000021 0.000059 0.000134 0.000063 0.000033 
4552576 myocyte 1 710 26 0.919000 0.693000  0.000026 0.000032 0.000078 0.000189 0.000092 0.000043 
4552640 myocyte 1 710 26 0.919000 0.770000  0.000026 0.000022 0.000058 0.000123 0.000063 0.000032 
4552768 myocyte 1 710 26 0.919000 0.694000  0.000023 0.000020 0.000056 0.000114 0.000059 0.000031 
4552768 myocyte 1 710 26 0.919000 0.847000  0.000023 0.000019 0.000055 0.000115 0.000058 0.000030 
4552832 myocyte 1 710 26 0.919000 0.925000  0.000023 0.000021 0.000058 0.000119 0.000063 0.000032 
4552832 myocyte 1 710 26 0.919000 0.694000  0.000028 0.000020 0.000100 0.000293 0.000098 0.000043 
4552832 myocyte 1 710 26 0.919000 0.925000  0.000033 0.000022 0.000063 0.000158 0.000068 0.000035 
4552896 myocyte 1 710 26 0.919000 1.079000  0.000026 0.000021 0.000059 0.000128 0.000062 0.000032 
4552896 myocyte 1 710 26 0.919000 0.925000  0.000034 0.000023 0.000062 0.000159 0.000067 0.000036 
4552896 myocyte 1 710 26 0.919000 1.001000  0.000034 0.000023 0.000065 0.000161 0.000071 0.000035 
4552960 myocyte 1 710 26 0.919000 0.693000  0.000110 0.000037 0.000090 0.000210 0.000082 0.000040 
4552960 myocyte 1 710 26 0.919000 0.770000  0.000030 0.000021 0.000058 0.000136 0.000062 0.000032 
4553024 myocyte 1 710 26 0.919000 0.771000  0.000025 0.000019 0.000055 0.000126 0.000057 0.000030 
4553024 myocyte 1 710 26 0.919000 1.002000  0.000030 0.000022 0.000058 0.000141 0.000063 0.000032 
4553024 myocyte 1 710 26 0.919000 0.694000  0.000024 0.000018 0.000054 0.000119 0.000056 0.000029 
4553088 myocyte 1 710 26 0.919000 0.848000  0.000028 0.000022 0.000060 0.000153 0.000067 0.000034 
4553088 myocyte 1 710 26 0.919000 0.925000  0.000034 0.000021 0.000058 0.000143 0.000066 0.000033 
4553152 myocyte 1 710 26 0.919000 0.694000  0.000030 0.000020 0.000058 0.000134 0.000061 0.000032 
4553152 myocyte 1 710 26 0.919000 1.001000  0.000036 0.000022 0.000059 0.000178 0.000075 0.000036 
4553152 myocyte 1 710 26 0.919000 0.694000  0.000032 0.000020 0.000054 0.000129 0.000057 0.000030 
4553216 myocyte 1 710 26 0.919000 0.848000  0.000029 0.000021 0.000056 0.000135 0.000060 0.000031 
4553216 myocyte 1 710 26 0.919000 0.694000  0.000034 0.000022 0.000061 0.000140 0.000063 0.000032 
4553216 myocyte 1 710 26 0.919000 0.769000  0.000029 0.000020 0.000057 0.000131 0.000061 0.000032 
4553280 myocyte 1 710 26 0.919000 1.080000  0.000028 0.000021 0.000056 0.000133 0.000062 0.000032 
4553280 myocyte 1 710 26 0.919000 0.694000  0.000024 0.000030 0.000074 0.000172 0.000005 0.003419 
4553344 myocyte 1 710 26 0.919000 0.847000  0.000030 0.000180 0.000161 0.000526 0.000000 0.000026 
4553344 myocyte 1 710 26 0.919000 0.771000  0.000037 0.000022 0.000057 0.000129 0.000058 0.000030 
4553344 myocyte 1 710 26 0.919000 0.848000  0.000021 0.000020 0.000056 0.000127 0.000061 0.000031 
4553408 myocyte 1 710 26 0.919000 0.693000  0.000031 0.000020 0.000055 0.000133 0.000060 0.000031 
4553408 myocyte 1 710 26 0.919000 0.848000  0.000029 0.000020 0.000056 0.000127 0.000059 0.000031 
4553472 myocyte 1 710 26 0.919000 0.925000  0.000021 0.000024 0.000060 0.000271 0.000122 0.000054 
4553472 myocyte 1 710 26 0.919000 0.694000  0.000032 0.000020 0.000056 0.000130 0.000059 0.000030 
4553472 myocyte 1 710 26 0.919000 0.694000  0.000029 0.000020 0.000056 0.000129 0.000058 0.000030 
4553536 myocyte 1 710 26 0.919000 0.693000  0.000027 0.000019 0.000052 0.000117 0.000055 0.000029 
4553536 myocyte 1 710 26 0.919000 0.924000  0.000029 0.000021 0.000056 0.000145 0.000063 0.000032 
4553600 myocyte 1 710 26 0.919000 0.770000  0.000027 0.000018 0.000052 0.000124 0.000054 0.000029 
4553600 myocyte 1 710 26 0.919000 0.770000  0.000025 0.000020 0.000055 0.000125 0.000060 0.000030 
4553600 myocyte 1 710 26 0.919000 0.694000  0.000028 0.000020 0.000054 0.000129 0.000057 0.000029 
4553664 myocyte 1 710 26 0.919000 0.770000  0.000020 0.000020 0.000054 0.000145 0.000062 0.000032 
4553664 myocyte 1 710 26 0.919000 0.693000  0.000023 0.000018 0.000050 0.000112 0.000053 0.000028 
4553664 myocyte 1 710 26 0.919000 0.924000  0.000029 0.000022 0.000058 0.000151 0.000065 0.000033 
4553728 myocyte 1 710 26 0.919000 1.002000  0.000028 0.000020 0.000063 0.000159 0.000065 0.000032 
4553728 myocyte 1 710 26 0.919000 0.770000  0.000020 0.000018 0.000049 0.000095 0.000052 0.000027 
4553792 myocyte 1 710 26 0.919000 0.925000  0.000098 0.000034 0.000097 0.000246 0.000103 0.000056 
