#Timestamp	Benchmark	Run(#)	CPU Frequency (MHz)	CPU Temperature(C)	CPU Voltage(V)	CPU Power(W)	CPU_CYCLES	L1_DATA_CACHE_ACCESS	INSTRUCTIONS_RETIRED	BUS_CYCLES	L1I_CACHE_ACCESS	PREDICTABLE_BRANCH_SPECULATIVELY_EXECUTED
3124544 nw 1 307 24 0.842000 0.463000  0.000032 0.000025 0.000075 0.000173 0.000086 0.000044 
3124544 nw 1 307 24 0.842000 0.617000  0.000025 0.000024 0.000069 0.000150 0.000076 0.000038 
3124544 nw 1 307 24 0.842000 0.462000  0.000026 0.000024 0.000065 0.000124 0.000069 0.000036 
3124608 nw 1 307 24 0.842000 0.616000  0.011041 0.003637 0.007444 0.011201 0.004142 0.001831 
3124608 nw 1 307 24 0.842000 0.462000  0.000018 0.000016 0.000045 0.000085 0.000047 0.000025 
3124672 nw 1 307 24 0.842000 0.540000  0.000028 0.000024 0.000066 0.000131 0.000066 0.000036 
3124672 nw 1 307 24 0.842000 0.385000  0.000032 0.000025 0.000067 0.000135 0.000071 0.000037 
3124736 nw 1 307 24 0.842000 0.308000  0.000032 0.000025 0.000071 0.000153 0.000073 0.000038 
3124736 nw 1 307 24 0.842000 0.463000  0.000026 0.000024 0.000064 0.000125 0.000069 0.000036 
3124736 nw 1 307 24 0.842000 0.540000  0.000024 0.000024 0.000065 0.000132 0.000067 0.000036 
3124800 nw 1 307 24 0.842000 0.385000  0.000026 0.000036 0.000086 0.000179 0.000085 0.000048 
3124800 nw 1 307 24 0.842000 0.462000  0.000028 0.000023 0.000066 0.000136 0.000068 0.000036 
3124864 nw 1 307 24 0.842000 0.462000  0.000026 0.000023 0.000067 0.000143 0.000075 0.000038 
3124864 nw 1 307 24 0.842000 0.539000  0.000032 0.000025 0.000069 0.000146 0.000071 0.000037 
3124928 nw 1 307 24 0.842000 0.462000  0.000033 0.000026 0.000071 0.000152 0.000077 0.000039 
3124928 nw 1 307 24 0.842000 0.540000  0.000028 0.000022 0.000062 0.000129 0.000065 0.000035 
3124928 nw 1 307 24 0.842000 0.463000  0.000026 0.000023 0.000082 0.000164 0.000099 0.000048 
3124992 nw 1 307 24 0.842000 0.539000  0.000025 0.000022 0.000061 0.000137 0.000076 0.000037 
3124992 nw 1 307 24 0.842000 0.462000  0.000031 0.000026 0.000070 0.000160 0.000079 0.000040 
3125056 nw 1 307 24 0.842000 0.385000  0.000027 0.000022 0.000061 0.000119 0.000063 0.000034 
3125056 nw 1 307 24 0.842000 0.462000  0.000025 0.000023 0.000063 0.000124 0.000067 0.000036 
3125120 nw 1 307 24 0.842000 0.386000  0.000023 0.000022 0.000061 0.000116 0.000062 0.000034 
3125120 nw 1 307 24 0.842000 0.463000  0.000025 0.000022 0.000060 0.000120 0.000064 0.000033 
3125184 nw 1 307 24 0.842000 0.462000  0.000024 0.000022 0.000061 0.000114 0.000062 0.000034 
3125184 nw 1 307 24 0.842000 0.462000  0.000022 0.000021 0.000057 0.000110 0.000061 0.000032 
3125184 nw 1 307 24 0.842000 0.385000  0.000024 0.000023 0.000063 0.000126 0.000069 0.000035 
3125248 nw 1 307 24 0.842000 0.462000  0.000026 0.000023 0.000064 0.000136 0.000070 0.000036 
3125248 nw 1 307 24 0.842000 0.463000  0.000006 0.000006 0.000016 0.000031 0.000020 0.000010 
3125312 nw 1 307 24 0.842000 0.463000  0.000038 0.000040 0.000094 0.000218 0.000091 0.000050 
3125312 nw 1 307 24 0.842000 0.616000  0.000030 0.000024 0.000068 0.000146 0.000073 0.000037 
3125376 nw 1 307 24 0.842000 0.539000  0.000024 0.000022 0.000062 0.000125 0.000065 0.000034 
3125376 nw 1 307 24 0.842000 0.540000  0.000025 0.000023 0.000062 0.000176 0.000087 0.000044 
3125376 nw 1 307 24 0.842000 0.539000  0.000027 0.000023 0.000064 0.000133 0.000066 0.000035 
3125440 nw 1 307 24 0.842000 0.462000  0.000032 0.000193 0.000122 0.000388 0.000000 0.000022 
3125440 nw 1 307 24 0.842000 0.462000  0.000028 0.000184 0.000107 0.000386 0.000000 0.000019 
3125504 nw 1 307 24 0.842000 0.462000  0.042724 0.019721 0.044130 0.042899 0.017701 0.006203 
3125504 nw 1 307 24 0.842000 0.385000  0.012509 0.004204 0.006812 0.012613 0.003510 0.001451 
3125568 nw 1 307 24 0.842000 0.462000  0.000028 0.000023 0.000064 0.000134 0.000071 0.000036 
3125568 nw 1 307 24 0.842000 0.463000  0.000028 0.000022 0.000061 0.000132 0.000066 0.000035 
3125632 nw 1 307 24 0.842000 0.462000  0.000032 0.000023 0.000066 0.000151 0.000072 0.000037 
3125632 nw 1 307 24 0.842000 0.385000  0.000024 0.000021 0.000059 0.000119 0.000063 0.000034 
3125696 nw 1 307 24 0.842000 0.462000  0.000024 0.000022 0.000062 0.000125 0.000068 0.000036 
3125696 nw 1 307 24 0.842000 0.463000  0.000023 0.000021 0.000059 0.000111 0.000059 0.000032 
