#Timestamp	Benchmark	Run(#)	CPU Frequency (MHz)	CPU Temperature(C)	CPU Voltage(V)	CPU Power(W)	CPU_CYCLES	L1_DATA_CACHE_ACCESS	INSTRUCTIONS_RETIRED	BUS_CYCLES	L1I_CACHE_ACCESS	PREDICTABLE_BRANCH_SPECULATIVELY_EXECUTED
2569408 nw 1 204 24 0.842000 0.462000  0.000016 0.000014 0.000039 0.000077 0.000041 0.000022 
2569472 nw 1 204 24 0.842000 0.462000  0.000020 0.000016 0.000044 0.000096 0.000049 0.000025 
2569472 nw 1 204 24 0.842000 0.385000  0.000262 0.000151 0.000411 0.000879 0.000425 0.000222 
2569536 nw 1 204 24 0.842000 0.308000  0.000041 0.000036 0.000104 0.000201 0.000133 0.000065 
2569536 nw 1 204 24 0.842000 0.385000  0.000183 0.000141 0.000389 0.000764 0.000404 0.000213 
2569600 nw 1 204 24 0.842000 0.385000  0.000163 0.000143 0.000398 0.001036 0.000498 0.000248 
2569600 nw 1 204 24 0.842000 0.385000  0.000146 0.000135 0.000377 0.000804 0.000413 0.000216 
2569664 nw 1 204 24 0.842000 0.385000  0.000191 0.000153 0.000416 0.000885 0.000467 0.000237 
2569664 nw 1 204 24 0.842000 0.308000  0.000147 0.000134 0.000373 0.000726 0.000386 0.000207 
2569728 nw 1 204 24 0.842000 0.385000  0.009293 0.027591 0.010546 0.027704 0.000001 0.000629 
2569728 nw 1 204 24 0.842000 0.463000  0.000158 0.000141 0.000385 0.000751 0.000416 0.000217 
2569792 nw 1 204 24 0.842000 0.385000  0.000139 0.000132 0.000367 0.000788 0.000396 0.000209 
2569792 nw 1 204 24 0.842000 0.385000  0.012785 0.005007 0.010766 0.012846 0.004954 0.002155 
2569856 nw 1 204 24 0.842000 0.386000  0.000199 0.000148 0.000410 0.000902 0.000454 0.000233 
2569856 nw 1 204 24 0.842000 0.462000  0.000152 0.000130 0.000364 0.000723 0.000376 0.000202 
2569920 nw 1 204 24 0.842000 0.308000  0.000151 0.000135 0.000374 0.000730 0.000396 0.000208 
2569920 nw 1 204 24 0.842000 0.386000  0.000142 0.000129 0.000358 0.000678 0.000371 0.000199 
2569984 nw 1 204 24 0.842000 0.385000  0.000647 0.000262 0.116890 0.152711 0.056350 0.024309 
2569984 nw 1 204 24 0.842000 0.462000  0.000169 0.000143 0.000395 0.000909 0.000492 0.000240 
2570048 nw 1 204 24 0.842000 0.385000  0.000138 0.000124 0.000369 0.000875 0.000402 0.000206 
2570048 nw 1 204 24 0.842000 0.462000  0.000145 0.000153 0.000406 0.000885 0.000466 0.000229 
2570112 nw 1 204 24 0.842000 0.385000  0.000138 0.000124 0.000345 0.000660 0.000361 0.000192 
2570112 nw 1 204 24 0.842000 0.385000  0.020449 0.006932 0.014755 0.020508 0.007352 0.003134 
2570112 nw 1 204 24 0.842000 0.462000  0.000019 0.000109 0.000073 0.000228 0.000000 0.000013 
2570176 nw 1 204 24 0.842000 0.308000  0.000133 0.000123 0.000342 0.000652 0.000355 0.000190 
2570176 nw 1 204 24 0.842000 0.385000  0.022454 0.007378 0.015601 0.022513 0.007952 0.003364 
2570240 nw 1 204 24 0.842000 0.385000  0.000025 0.000017 0.000045 0.000097 0.000049 0.000025 
2570240 nw 1 204 24 0.842000 0.385000  0.000135 0.000121 0.000339 0.000651 0.000349 0.000187 
2570304 nw 1 204 24 0.842000 0.385000  0.000182 0.000143 0.000381 0.000805 0.000424 0.000212 
2570304 nw 1 204 24 0.842000 0.385000  0.000131 0.000119 0.000335 0.000641 0.000345 0.000185 
2570368 nw 1 204 24 0.842000 0.385000  0.000019 0.000015 0.000040 0.000080 0.000043 0.000022 
2570368 nw 1 204 24 0.842000 0.308000  0.000131 0.000118 0.000331 0.000640 0.000345 0.000183 
2570432 nw 1 204 24 0.842000 0.385000  0.000028 0.000027 0.000078 0.000150 0.000101 0.000049 
2570496 nw 1 204 24 0.842000 0.385000  0.000117 0.000103 0.000289 0.000563 0.000301 0.000161 
2570496 nw 1 204 24 0.842000 0.385000  0.000121 0.000108 0.000300 0.000598 0.000317 0.000167 
2570560 nw 1 204 24 0.842000 0.308000  0.000117 0.000104 0.000287 0.000600 0.000299 0.000183 
2570560 nw 1 204 24 0.842000 0.386000  0.000138 0.000197 0.000466 0.001006 0.000456 0.000226 
2570624 nw 1 204 24 0.842000 0.385000  0.007824 0.002368 0.005076 0.007885 0.002762 0.001210 
2570624 nw 1 204 24 0.842000 0.462000  0.000640 0.000248 0.043763 0.069075 0.024185 0.010548 
2570688 nw 1 204 24 0.842000 0.386000  0.000159 0.000135 0.000397 0.000859 0.000399 0.000198 
2570688 nw 1 204 24 0.842000 0.463000  0.000136 0.000137 0.000355 0.000783 0.000358 0.000183 
2570752 nw 1 204 24 0.842000 0.462000  0.000161 0.000136 0.000363 0.000865 0.000463 0.000220 
2570752 nw 1 204 24 0.842000 0.385000  0.065122 0.018277 0.041009 0.065238 0.023554 0.010100 
2570816 nw 1 204 24 0.842000 0.385000  0.000673 0.159992 0.066146 0.161003 0.000014 0.003457 
2570816 nw 1 204 24 0.842000 0.462000  0.000015 0.000014 0.000038 0.000072 0.000039 0.000021 
2570880 nw 1 204 24 0.842000 0.385000  0.000128 0.000114 0.000311 0.000607 0.000331 0.000175 
2570880 nw 1 204 24 0.842000 0.385000  0.000126 0.000107 0.000297 0.000612 0.000307 0.000164 
2570944 nw 1 204 24 0.842000 0.462000  0.000124 0.000113 0.000311 0.000630 0.000330 0.000173 
2570944 nw 1 204 24 0.842000 0.385000  0.000119 0.000106 0.000293 0.000570 0.000303 0.000163 
2571008 nw 1 204 24 0.842000 0.462000  0.000132 0.000113 0.000314 0.000699 0.000355 0.000180 
2571008 nw 1 204 24 0.842000 0.463000  0.000115 0.000104 0.000289 0.000757 0.000341 0.000174 
2571072 nw 1 204 24 0.842000 0.462000  0.000004 0.000027 0.000021 0.000055 0.000000 0.000003 
2571072 nw 1 204 24 0.842000 0.385000  0.000174 0.000114 0.000307 0.000612 0.000311 0.000164 
