#Timestamp	Benchmark	Run(#)	CPU Frequency (MHz)	CPU Temperature(C)	CPU Voltage(V)	CPU Power(W)	CPU_CYCLES	L1_DATA_CACHE_ACCESS	INSTRUCTIONS_RETIRED	BUS_CYCLES	L1I_CACHE_ACCESS	PREDICTABLE_BRANCH_SPECULATIVELY_EXECUTED
3568256 pathfinder 1 403 25 0.842000 0.385000  0.000017 0.000015 0.000042 0.000088 0.000043 0.000023 
3568256 pathfinder 1 403 25 0.842000 0.694000  0.000005 0.000004 0.000011 0.000024 0.000015 0.000007 
3568256 pathfinder 1 403 24 0.842000 0.385000  0.000017 0.000015 0.000042 0.000081 0.000044 0.000023 
3568320 pathfinder 1 403 24 0.842000 0.539000  0.000017 0.000015 0.000044 0.000094 0.000047 0.000025 
3568320 pathfinder 1 403 24 0.842000 0.385000  0.000016 0.000015 0.000042 0.000079 0.000043 0.000023 
3568384 pathfinder 1 403 24 0.842000 0.616000  0.000017 0.000016 0.000044 0.000085 0.000046 0.000024 
3568384 pathfinder 1 403 25 0.842000 0.539000  0.000021 0.000018 0.000048 0.000098 0.000051 0.000026 
3568384 pathfinder 1 403 25 0.842000 0.540000  0.000017 0.000016 0.000043 0.000084 0.000046 0.000024 
3568448 pathfinder 1 403 24 0.842000 0.616000  0.000021 0.000017 0.000046 0.000096 0.000051 0.000027 
3568448 pathfinder 1 403 24 0.842000 0.539000  0.000019 0.000016 0.000044 0.000090 0.000045 0.000024 
3568512 pathfinder 1 403 25 0.842000 0.539000  0.000017 0.000017 0.000045 0.000117 0.000058 0.000032 
3568512 pathfinder 1 403 25 0.842000 0.617000  0.000117 0.000035 0.000097 0.000249 0.000089 0.000039 
3568576 pathfinder 1 403 25 0.842000 0.539000  0.000018 0.000016 0.000056 0.000114 0.000057 0.000032 
3568576 pathfinder 1 403 25 0.842000 0.539000  0.000016 0.000015 0.000041 0.000080 0.000043 0.000024 
3568576 pathfinder 1 403 24 0.842000 0.539000  0.000017 0.000016 0.000043 0.000094 0.000051 0.000026 
3568640 pathfinder 1 403 24 0.842000 0.539000  0.000017 0.000016 0.000043 0.000084 0.000046 0.000024 
3568640 pathfinder 1 403 24 0.842000 0.385000  0.190875 0.067739 0.147274 0.190948 0.073019 0.031666 
3568704 pathfinder 1 403 25 0.842000 0.616000  0.000084 0.000069 0.000186 0.000390 0.000214 0.000108 
3568704 pathfinder 1 403 25 0.842000 0.463000  0.000016 0.000015 0.000041 0.000078 0.000043 0.000023 
3568704 pathfinder 1 403 25 0.842000 0.539000  0.000017 0.000016 0.000043 0.000083 0.000046 0.000024 
3568768 pathfinder 1 403 25 0.842000 0.386000  0.000023 0.000016 0.000043 0.000085 0.000044 0.000023 
3568768 pathfinder 1 403 25 0.842000 0.539000  0.000017 0.000016 0.000043 0.000117 0.000055 0.000032 
3568832 pathfinder 1 403 25 0.842000 0.386000  0.020529 0.005172 0.010805 0.020825 0.006519 0.002713 
3568832 pathfinder 1 403 25 0.842000 0.693000  0.000020 0.000016 0.000045 0.000097 0.000051 0.000026 
3568896 pathfinder 1 403 25 0.842000 0.385000  0.000017 0.000015 0.000043 0.000092 0.000045 0.000024 
3568896 pathfinder 1 403 25 0.842000 0.540000  0.000017 0.000016 0.000043 0.000110 0.000056 0.000031 
3568896 pathfinder 1 403 25 0.842000 0.694000  0.000005 0.000004 0.000011 0.000023 0.000014 0.000007 
3568960 pathfinder 1 403 25 0.842000 0.770000  0.000021 0.000017 0.000047 0.000099 0.000050 0.000025 
3568960 pathfinder 1 403 25 0.842000 0.616000  0.000030 0.000018 0.000047 0.000097 0.000049 0.000025 
3569024 pathfinder 1 403 25 0.842000 0.385000  0.000017 0.000015 0.000043 0.000094 0.000045 0.000023 
3569024 pathfinder 1 403 25 0.842000 0.540000  0.000018 0.000016 0.000044 0.000090 0.000048 0.000025 
3569088 pathfinder 1 403 25 0.842000 0.385000  0.068295 0.022756 0.054929 0.068357 0.024347 0.011499 
3569088 pathfinder 1 403 24 0.842000 0.616000  0.000020 0.000016 0.000046 0.000094 0.000050 0.000025 
3569088 pathfinder 1 403 24 0.842000 0.385000  0.000016 0.000015 0.000045 0.000098 0.000046 0.000024 
3569152 pathfinder 1 403 25 0.842000 0.694000  0.000021 0.000017 0.000045 0.000095 0.000050 0.000026 
3569152 pathfinder 1 403 25 0.842000 0.385000  0.000017 0.000015 0.000042 0.000091 0.000045 0.000024 
3569216 pathfinder 1 403 25 0.842000 0.616000  0.000013 0.000082 0.000053 0.000174 0.000000 0.000009 
3569216 pathfinder 1 403 24 0.842000 0.463000  0.095997 0.026325 0.055086 0.096240 0.031498 0.013389 
3569216 pathfinder 1 403 24 0.842000 0.539000  0.000020 0.000016 0.000045 0.000096 0.000051 0.000026 
3569280 pathfinder 1 403 24 0.842000 0.385000  0.000019 0.000015 0.000043 0.000088 0.000045 0.000024 
3569280 pathfinder 1 403 25 0.842000 0.463000  0.000017 0.000015 0.000042 0.000081 0.000045 0.000024 
3569344 pathfinder 1 403 25 0.842000 0.385000  0.000018 0.000015 0.000043 0.000088 0.000045 0.000024 
3569344 pathfinder 1 403 24 0.842000 0.540000  0.000017 0.000015 0.000042 0.000082 0.000046 0.000024 
3569344 pathfinder 1 403 25 0.842000 0.385000  0.000021 0.000015 0.000044 0.000090 0.000045 0.000024 
3569408 pathfinder 1 403 25 0.842000 0.540000  0.000017 0.000015 0.000042 0.000081 0.000045 0.000024 
3569408 pathfinder 1 403 25 0.842000 0.616000  0.000019 0.000015 0.000043 0.000087 0.000044 0.000023 
3569472 pathfinder 1 403 24 0.842000 0.616000  0.000135 0.008536 0.018048 0.029289 0.009986 0.004330 
3569472 pathfinder 1 403 24 0.842000 0.539000  0.000017 0.000023 0.000054 0.000135 0.000065 0.000035 
3569536 pathfinder 1 403 24 0.842000 0.463000  0.116316 0.033482 0.070601 0.116554 0.039387 0.017005 
3569536 pathfinder 1 403 24 0.842000 0.462000  0.000020 0.000016 0.000044 0.000091 0.000048 0.000024 
3569536 pathfinder 1 403 24 0.842000 0.462000  0.000019 0.000015 0.000043 0.000088 0.000045 0.000024 
3569600 pathfinder 1 403 25 0.842000 0.540000  0.000021 0.000016 0.000044 0.000095 0.000050 0.000025 
3569600 pathfinder 1 403 24 0.842000 0.385000  0.000018 0.000015 0.000043 0.000088 0.000044 0.000024 
3569664 pathfinder 1 403 24 0.842000 0.463000  0.000020 0.000016 0.000044 0.000093 0.000049 0.000025 
3569664 pathfinder 1 403 24 0.842000 0.385000  0.000016 0.000022 0.000054 0.000143 0.000055 0.000026 
3569664 pathfinder 1 403 25 0.842000 0.617000  0.000021 0.000017 0.000045 0.000094 0.000049 0.000025 
3569728 pathfinder 1 403 25 0.842000 0.617000  0.000021 0.000015 0.000043 0.000087 0.000045 0.000023 
3569728 pathfinder 1 403 25 0.842000 0.540000  0.000020 0.000016 0.000045 0.000095 0.000050 0.000026 
3569792 pathfinder 1 403 24 0.842000 0.617000  0.000015 0.000015 0.000042 0.000082 0.000044 0.000023 
3569792 pathfinder 1 403 24 0.842000 0.463000  0.000020 0.000016 0.000046 0.000097 0.000050 0.000025 
3569856 pathfinder 1 403 25 0.842000 0.539000  0.000012 0.000077 0.000049 0.000159 0.000000 0.000008 
3569856 pathfinder 1 403 24 0.842000 0.616000  0.157627 0.048897 0.103724 0.157854 0.056128 0.024605 
3569920 pathfinder 1 403 25 0.842000 0.616000  0.000061 0.000055 0.000193 0.000389 0.000227 0.000111 
3569920 pathfinder 1 403 25 0.842000 0.385000  0.000016 0.000015 0.000041 0.000084 0.000043 0.000023 
3569920 pathfinder 1 403 24 0.842000 0.540000  0.000021 0.000017 0.000045 0.000098 0.000050 0.000025 
3569984 pathfinder 1 403 24 0.842000 0.386000  0.000060 0.000052 0.000143 0.000281 0.000150 0.000080 
3569984 pathfinder 1 403 24 0.842000 0.617000  0.000017 0.000015 0.000041 0.000118 0.000057 0.000028 
3570048 pathfinder 1 403 24 0.842000 0.463000  0.000016 0.000015 0.000042 0.000087 0.000044 0.000023 
3570048 pathfinder 1 403 25 0.842000 0.539000  0.000016 0.000016 0.000045 0.000097 0.000051 0.000025 
3570112 pathfinder 1 403 25 0.842000 0.617000  0.000021 0.000016 0.000044 0.000094 0.000070 0.000032 
3570112 pathfinder 1 403 25 0.842000 0.540000  0.000018 0.000015 0.000042 0.000087 0.000046 0.000024 
3570112 pathfinder 1 403 25 0.842000 0.539000  0.000017 0.000015 0.000041 0.000081 0.000044 0.000023 
3570176 pathfinder 1 403 25 0.842000 0.539000  0.000015 0.000014 0.000040 0.000075 0.000041 0.000022 
3570176 pathfinder 1 403 25 0.842000 0.540000  0.000017 0.000015 0.000041 0.000081 0.000045 0.000027 
3570240 pathfinder 1 403 24 0.842000 0.463000  0.000016 0.000014 0.000040 0.000076 0.000041 0.000022 
3570240 pathfinder 1 403 24 0.842000 0.540000  0.000017 0.000015 0.000042 0.000094 0.000049 0.000025 
3570304 pathfinder 1 403 25 0.842000 0.385000  0.000015 0.000014 0.000039 0.000074 0.000041 0.000022 
3570304 pathfinder 1 403 25 0.842000 0.539000  0.000019 0.000015 0.000043 0.000089 0.000047 0.000024 
3570304 pathfinder 1 403 24 0.842000 0.385000  0.000016 0.000014 0.000039 0.000075 0.000041 0.000022 
3570368 pathfinder 1 403 25 0.842000 0.539000  0.000018 0.000016 0.000044 0.000089 0.000048 0.000025 
3570368 pathfinder 1 403 25 0.842000 0.616000  0.000015 0.000014 0.000039 0.000075 0.000041 0.000022 
3570432 pathfinder 1 403 24 0.842000 0.539000  0.000023 0.000016 0.000043 0.000148 0.000061 0.000034 
3570432 pathfinder 1 403 24 0.842000 0.385000  0.000015 0.000014 0.000039 0.000075 0.000040 0.000022 
3570432 pathfinder 1 403 24 0.842000 0.694000  0.000024 0.000016 0.000045 0.000101 0.000050 0.000025 
3570496 pathfinder 1 403 24 0.842000 0.385000  0.000015 0.000014 0.000039 0.000075 0.000040 0.000022 
3570496 pathfinder 1 403 24 0.842000 0.539000  0.000020 0.000016 0.000045 0.000095 0.000049 0.000025 
3570560 pathfinder 1 403 24 0.842000 0.385000  0.000015 0.000015 0.000042 0.000085 0.000043 0.000023 
3570560 pathfinder 1 403 24 0.842000 0.540000  0.000019 0.000016 0.000044 0.000092 0.000048 0.000025 
3570560 pathfinder 1 403 24 0.842000 0.462000  0.000017 0.000015 0.000042 0.000086 0.000043 0.000024 
3570624 pathfinder 1 403 24 0.842000 0.540000  0.000004 0.000004 0.000011 0.000021 0.000014 0.000007 
3570624 pathfinder 1 403 24 0.842000 0.462000  0.000016 0.000014 0.000039 0.000087 0.000045 0.000023 
3570688 pathfinder 1 403 24 0.842000 0.539000  0.000019 0.000015 0.000042 0.000091 0.000047 0.000024 
3570688 pathfinder 1 403 24 0.842000 0.385000  0.000016 0.000014 0.000039 0.000074 0.000040 0.000022 
3570752 pathfinder 1 403 24 0.842000 0.539000  0.000059 0.000052 0.000142 0.000299 0.000161 0.000082 
3570752 pathfinder 1 403 25 0.842000 0.462000  0.000015 0.000014 0.000039 0.000073 0.000041 0.000022 
3570752 pathfinder 1 403 25 0.842000 0.539000  0.000020 0.000016 0.000043 0.000090 0.000049 0.000025 
3570816 pathfinder 1 403 24 0.842000 0.463000  0.000015 0.000014 0.000039 0.000073 0.000040 0.000021 
3570816 pathfinder 1 403 24 0.842000 0.540000  0.000018 0.000015 0.000042 0.000087 0.000045 0.000023 
3570880 pathfinder 1 403 24 0.842000 0.385000  0.000016 0.000014 0.000039 0.000074 0.000040 0.000022 
3570880 pathfinder 1 403 24 0.842000 0.540000  0.000018 0.000015 0.000046 0.000098 0.000048 0.000024 
3570880 pathfinder 1 403 24 0.842000 0.385000  0.000015 0.000014 0.000039 0.000075 0.000040 0.000021 
3570944 pathfinder 1 403 24 0.842000 0.540000  0.000018 0.000015 0.000040 0.000085 0.000045 0.000023 
3570944 pathfinder 1 403 25 0.842000 0.385000  0.000015 0.000014 0.000039 0.000073 0.000040 0.000021 
3571008 pathfinder 1 403 25 0.842000 0.540000  0.000022 0.000016 0.000045 0.000097 0.000049 0.000024 
3571008 pathfinder 1 403 24 0.842000 0.386000  2.138596 0.796917 2.108768 2.138737 0.758585 0.399818 
3571072 pathfinder 1 403 24 0.842000 0.539000  0.000018 0.000015 0.000041 0.000087 0.000046 0.000024 
3571072 pathfinder 1 403 24 0.842000 0.385000  0.000030 0.000022 0.000063 0.000235 0.000090 0.000045 
3571072 pathfinder 1 403 24 0.842000 0.539000  0.000016 0.000014 0.000052 0.000104 0.000060 0.000029 
3571136 pathfinder 1 403 24 0.842000 0.616000  0.000015 0.000014 0.000062 0.000136 0.000056 0.000028 
3571136 pathfinder 1 403 24 0.842000 0.617000  0.000019 0.000016 0.000044 0.000094 0.000047 0.000025 
3571200 pathfinder 1 403 24 0.842000 0.539000  0.000016 0.000015 0.000040 0.000077 0.000043 0.000022 
3571200 pathfinder 1 403 24 0.842000 0.385000  0.000015 0.000014 0.000038 0.000073 0.000042 0.000022 
3571264 pathfinder 1 403 25 0.842000 0.694000  0.000136 0.000178 0.000431 0.001015 0.000502 0.000274 
3571264 pathfinder 1 403 25 0.842000 0.385000  0.000032 0.000030 0.000086 0.000165 0.000110 0.000054 
3571264 pathfinder 1 403 24 0.842000 0.539000  0.000012 0.000072 0.000047 0.000149 0.000000 0.000008 
3571328 pathfinder 1 403 24 0.842000 0.463000  0.000010 0.000059 0.000039 0.000123 0.000000 0.000007 
3571328 pathfinder 1 403 25 0.842000 0.539000  0.000304 0.001034 0.000379 0.001051 0.000000 0.000028 
3571392 pathfinder 1 403 25 0.842000 0.539000  0.000004 0.000004 0.000010 0.000020 0.000013 0.000006 
3571392 pathfinder 1 403 25 0.842000 0.539000  0.000016 0.000014 0.000039 0.000075 0.000042 0.000022 
3571456 pathfinder 1 403 25 0.842000 0.462000  0.000017 0.000015 0.000041 0.000086 0.000044 0.000022 
3571456 pathfinder 1 403 24 0.842000 0.540000  0.000016 0.000014 0.000039 0.000075 0.000042 0.000022 
3571456 pathfinder 1 403 24 0.842000 0.539000  0.060476 0.018229 0.038911 0.061499 0.021431 0.009551 
3571520 pathfinder 1 403 24 0.842000 0.540000  0.000120 0.000112 0.000309 0.000589 0.000327 0.000173 
3571520 pathfinder 1 403 24 0.842000 0.617000  0.000015 0.000014 0.000038 0.000072 0.000039 0.000021 
3571584 pathfinder 1 403 24 0.842000 0.539000  0.000020 0.000016 0.000042 0.000088 0.000046 0.000023 
3571584 pathfinder 1 403 25 0.842000 0.462000  0.018329 0.007323 0.015725 0.018769 0.007964 0.003712 
3571584 pathfinder 1 403 24 0.842000 0.540000  0.000018 0.000015 0.000040 0.000085 0.000045 0.000023 
3571648 pathfinder 1 403 24 0.842000 0.694000  0.000016 0.000014 0.000039 0.000076 0.000042 0.000022 
3571648 pathfinder 1 403 24 0.842000 0.386000  0.000021 0.000015 0.000042 0.000088 0.000044 0.000022 
3571712 pathfinder 1 403 24 0.842000 0.617000  0.000018 0.000014 0.000041 0.000086 0.000044 0.000023 
3571712 pathfinder 1 403 24 0.842000 0.386000  0.000014 0.000013 0.000037 0.000071 0.000039 0.000021 
3571776 pathfinder 1 403 24 0.842000 0.539000  0.000016 0.000031 0.000070 0.000171 0.000074 0.000035 
3571776 pathfinder 1 403 24 0.842000 0.385000  0.000010 0.000057 0.000038 0.000120 0.000000 0.000007 
3571840 pathfinder 1 403 24 0.842000 0.617000  0.000018 0.000015 0.000041 0.000087 0.000047 0.000023 
3571840 pathfinder 1 403 24 0.842000 0.617000  0.001332 0.003041 0.001394 0.003105 0.000000 0.000095 
3571840 pathfinder 1 403 24 0.842000 0.540000  0.000012 0.000072 0.000047 0.000150 0.000000 0.000008 
3571904 pathfinder 1 403 24 0.842000 0.694000  0.000015 0.000013 0.000038 0.000071 0.000039 0.000021 
3571904 pathfinder 1 403 24 0.842000 0.539000  0.000038 0.000019 0.000048 0.000107 0.000051 0.000025 
3571968 pathfinder 1 403 24 0.842000 0.617000  0.000015 0.000013 0.000037 0.000070 0.000039 0.000027 
3571968 pathfinder 1 403 24 0.842000 0.539000  0.000019 0.000015 0.000042 0.000089 0.000047 0.000024 
3572032 pathfinder 1 403 24 0.842000 0.616000  0.000019 0.000015 0.000040 0.000152 0.000063 0.000028 
3572032 pathfinder 1 403 24 0.842000 0.462000  0.000019 0.000015 0.000047 0.000100 0.000048 0.000024 
3572096 pathfinder 1 403 24 0.842000 0.539000  0.000016 0.000014 0.000039 0.000075 0.000042 0.000022 
3572096 pathfinder 1 403 24 0.842000 0.694000  0.126245 0.045801 0.098625 0.126639 0.050583 0.023076 
3572160 pathfinder 1 403 24 0.842000 0.693000  0.000106 0.000097 0.000345 0.000667 0.000398 0.000196 
3572160 pathfinder 1 403 24 0.842000 0.694000  0.000015 0.000013 0.000037 0.000154 0.000058 0.000029 
3572224 pathfinder 1 403 25 0.842000 0.540000  0.000019 0.000015 0.000042 0.000087 0.000046 0.000024 
3572224 pathfinder 1 403 25 0.842000 0.617000  0.000016 0.000014 0.000038 0.000074 0.000041 0.000022 
3572224 pathfinder 1 403 25 0.842000 0.694000  0.004684 0.012388 0.005090 0.012449 0.000001 0.000333 
3572288 pathfinder 1 403 24 0.842000 0.693000  0.000010 0.000061 0.000041 0.000127 0.000000 0.000007 
3572288 pathfinder 1 403 24 0.842000 0.694000  0.000017 0.000014 0.000038 0.000078 0.000043 0.000022 
3572352 pathfinder 1 403 24 0.842000 0.694000  0.293011 0.153168 0.371464 0.293189 0.152203 0.077711 
3572352 pathfinder 1 403 24 0.842000 0.692000  0.000019 0.000015 0.000041 0.000085 0.000045 0.000023 
3572352 pathfinder 1 403 24 0.842000 0.616000  0.000015 0.000013 0.000037 0.000070 0.000000 0.000056 
3572416 pathfinder 1 403 24 0.842000 0.539000  0.000018 0.000015 0.000041 0.000085 0.000045 0.000024 
3572416 pathfinder 1 403 24 0.842000 0.616000  0.000017 0.000040 0.000088 0.000225 0.000086 0.000043 
3572480 pathfinder 1 403 24 0.842000 0.540000  0.000017 0.000014 0.000039 0.000290 0.000175 0.000096 
3572480 pathfinder 1 403 24 0.842000 0.693000  0.000039 0.000035 0.000096 0.000188 0.000103 0.000054 
3572544 pathfinder 1 403 24 0.842000 0.386000  0.000023 0.000015 0.000040 0.000082 0.000042 0.000022 
3572544 pathfinder 1 403 24 0.842000 0.539000  0.000017 0.000014 0.000039 0.000078 0.000041 0.000021 
3572544 pathfinder 1 403 24 0.842000 0.385000  0.000014 0.000013 0.000036 0.000112 0.000053 0.000027 
3572608 pathfinder 1 403 24 0.842000 0.539000  0.000016 0.000014 0.000038 0.000078 0.000041 0.000021 
3572608 pathfinder 1 403 24 0.842000 0.385000  0.000014 0.000013 0.000036 0.000068 0.000037 0.000020 
3572672 pathfinder 1 403 24 0.842000 0.540000  0.000018 0.000014 0.000044 0.000096 0.000047 0.000023 
3572672 pathfinder 1 403 24 0.842000 0.616000  0.000014 0.000013 0.000036 0.000068 0.000038 0.000020 
3572736 pathfinder 1 403 24 0.842000 0.540000  0.000015 0.000014 0.000038 0.000092 0.000046 0.000023 
3572736 pathfinder 1 403 24 0.842000 0.616000  0.589963 0.533302 1.491292 2.809671 1.552948 0.823528 
3572736 pathfinder 1 403 24 0.842000 0.539000  0.010614 0.009873 0.027213 0.051702 0.028790 0.015241 
3572800 pathfinder 1 403 24 0.842000 0.616000  0.008080 0.007310 0.020036 0.039459 0.021442 0.011259 
3572800 pathfinder 1 403 24 0.842000 0.539000  0.005265 0.004901 0.013557 0.025725 0.014333 0.007581 
3572864 pathfinder 1 403 24 0.842000 0.616000  0.000039 0.000034 0.000093 0.000190 0.000102 0.000053 
3572864 pathfinder 1 403 24 0.842000 0.539000  0.003438 0.002845 0.007867 0.016250 0.008652 0.004422 
3572864 pathfinder 1 403 24 0.842000 0.385000  0.204236 0.101017 0.242204 0.204544 0.098663 0.050882 
3572928 pathfinder 1 403 24 0.842000 0.694000  0.003299 0.002562 0.007132 0.015043 0.007743 0.003992 
3572992 pathfinder 1 403 24 0.842000 0.617000  0.000041 0.000036 0.000097 0.000211 0.000111 0.000056 
3572992 pathfinder 1 403 24 0.842000 0.385000  0.001683 0.001518 0.004848 0.010143 0.004892 0.002521 
3573056 pathfinder 1 403 24 0.842000 0.539000  0.001522 0.001385 0.003785 0.010154 0.005289 0.002563 
3573056 pathfinder 1 403 24 0.842000 0.385000  0.001399 0.001448 0.004319 0.011972 0.005063 0.908843 
3573056 pathfinder 1 403 24 0.842000 0.540000  0.001571 0.001276 0.003461 0.007298 0.003843 0.001959 
3573120 pathfinder 1 403 24 0.842000 0.385000  0.001170 0.001334 0.003467 0.007086 0.003479 0.001790 
3573120 pathfinder 1 403 24 0.842000 0.540000  0.001105 0.001021 0.003646 0.007226 0.004218 0.002069 
3573184 pathfinder 1 403 24 0.842000 0.385000  0.237707 0.111991 0.265526 0.238009 0.111689 0.055961 
3573184 pathfinder 1 403 24 0.842000 0.616000  0.001018 0.001373 0.003350 0.007882 0.003865 0.002123 
3573248 pathfinder 1 403 24 0.842000 0.616000  0.018758 0.005003 0.010915 0.018892 0.006250 0.002552 
3573248 pathfinder 1 403 24 0.842000 0.616000  0.001079 0.000897 0.002492 0.005236 0.002790 0.001421 
3573248 pathfinder 1 403 24 0.842000 0.616000  0.000916 0.000826 0.002273 0.004413 0.002407 0.001271 
3573312 pathfinder 1 403 24 0.842000 0.540000  0.001053 0.000853 0.002361 0.004947 0.002567 0.001320 
3573312 pathfinder 1 403 24 0.842000 0.616000  0.000081 0.000073 0.000201 0.000386 0.000266 0.000131 
3573376 pathfinder 1 403 24 0.842000 0.386000  0.000761 0.000685 0.001916 0.003677 0.001991 0.001063 
3573376 pathfinder 1 403 24 0.842000 0.540000  0.013748 0.004772 0.010263 0.014106 0.005478 0.002496 
3573440 pathfinder 1 403 24 0.842000 0.386000  0.000722 0.000645 0.001796 0.003468 0.001873 0.000999 
3573440 pathfinder 1 403 24 0.842000 0.539000  0.000054 0.000081 0.000181 0.000428 0.000172 0.000077 
3573440 pathfinder 1 403 24 0.842000 0.385000  0.001205 0.000368 0.000699 0.001359 0.000521 0.000217 
3573504 pathfinder 1 403 24 0.842000 0.540000  0.000820 0.000644 0.001763 0.003705 0.001986 0.001004 
3573504 pathfinder 1 403 25 0.842000 0.616000  0.000634 0.000563 0.001566 0.003012 0.001702 0.000900 
3573568 pathfinder 1 403 25 0.842000 0.539000  0.017144 0.012763 0.030093 0.019475 0.012300 0.007129 
3573568 pathfinder 1 403 24 0.842000 0.540000  0.000078 0.000102 0.000247 0.000599 0.000289 0.000157 
3573632 pathfinder 1 403 24 0.842000 0.386000  0.001054 0.001726 0.003764 0.008453 0.002909 0.001479 
3573632 pathfinder 1 403 24 0.842000 0.539000  0.000663 0.000536 0.001425 0.003009 0.001584 0.000797 
3573696 pathfinder 1 403 24 0.842000 0.386000  0.021343 0.008687 0.018721 0.021619 0.009308 0.004342 
3573696 pathfinder 1 403 24 0.842000 0.694000  0.000630 0.000520 0.001412 0.003455 0.001706 0.000839 
3573696 pathfinder 1 403 24 0.842000 0.616000  0.000510 0.000463 0.001265 0.002455 0.001345 0.000710 
3573760 pathfinder 1 403 24 0.842000 0.385000  0.000463 0.000427 0.001195 0.002260 0.001226 0.000662 
3573760 pathfinder 1 403 24 0.842000 0.540000  0.000036 0.000032 0.000113 0.000228 0.000134 0.000065 
3573824 pathfinder 1 403 24 0.842000 0.385000  0.000429 0.000394 0.001101 0.002371 0.001220 0.000635 
3573824 pathfinder 1 403 24 0.842000 0.539000  0.000039 0.000033 0.000091 0.000195 0.000103 0.000052 
3573888 pathfinder 1 403 24 0.842000 0.385000  0.000032 0.000030 0.000083 0.000158 0.000086 0.000046 
3573888 pathfinder 1 403 24 0.842000 0.539000  0.000486 0.000389 0.001062 0.002189 0.001173 0.000597 
3573888 pathfinder 1 403 24 0.842000 0.463000  0.000382 0.000339 0.000951 0.001851 0.000987 0.000527 
3573952 pathfinder 1 403 24 0.842000 0.539000  0.000465 0.000388 0.001040 0.002117 0.001138 0.000583 
3573952 pathfinder 1 403 24 0.842000 0.616000  0.000400 0.000350 0.000961 0.001890 0.001023 0.000540 
3574016 pathfinder 1 403 24 0.842000 0.616000  0.000354 0.000324 0.000906 0.001692 0.000934 0.000502 
3574016 pathfinder 1 403 24 0.842000 0.539000  0.000352 0.000322 0.000916 0.001932 0.001020 0.000867 
3574080 pathfinder 1 403 25 0.842000 0.617000  0.000417 0.000357 0.000989 0.002018 0.001040 0.000556 
3574080 pathfinder 1 403 25 0.842000 0.616000  0.000329 0.000301 0.000839 0.001572 0.000012 0.094871 
3574144 pathfinder 1 403 24 0.842000 0.539000  0.000410 0.000326 0.000872 0.001805 0.000970 0.000502 
3574144 pathfinder 1 403 24 0.842000 0.616000  0.017813 0.006216 0.013542 0.018118 0.006969 0.003021 
3574144 pathfinder 1 403 24 0.842000 0.539000  0.000402 0.000323 0.000882 0.001848 0.001097 0.000531 
3574208 pathfinder 1 403 25 0.842000 0.540000  0.000317 0.000429 0.001030 0.002102 0.001169 0.000564 
3574208 pathfinder 1 403 25 0.842000 0.617000  0.000062 0.000057 0.000159 0.000306 0.000166 0.000088 
3574272 pathfinder 1 403 25 0.842000 0.540000  0.000066 0.000060 0.000213 0.000430 0.000247 0.000121 
3574272 pathfinder 1 403 25 0.842000 0.616000  0.000066 0.000060 0.000164 0.000319 0.000174 0.000092 
3574336 pathfinder 1 403 24 0.842000 0.617000  0.000064 0.000060 0.000164 0.000310 0.000173 0.000092 
3574336 pathfinder 1 403 24 0.842000 0.539000  0.000065 0.000059 0.000163 0.000318 0.000173 0.000091 
3574336 pathfinder 1 403 24 0.842000 0.539000  0.000241 0.000219 0.000610 0.001685 0.000715 0.000364 
3574400 pathfinder 1 403 25 0.842000 0.771000  0.000281 0.000239 0.000649 0.001381 0.000711 0.000367 
3574400 pathfinder 1 403 24 0.842000 0.617000  0.000237 0.000210 0.000585 0.001127 0.000603 0.000324 
3574464 pathfinder 1 403 24 0.842000 0.539000  0.000245 0.000222 0.000624 0.001329 0.000703 0.000358 
3574464 pathfinder 1 403 24 0.842000 0.385000  0.000219 0.000203 0.000567 0.001079 0.000581 0.000314 
3574464 pathfinder 1 403 24 0.842000 0.539000  0.000227 0.000210 0.000580 0.001108 0.000617 0.000325 
3574528 pathfinder 1 403 24 0.842000 0.539000  0.000220 0.000196 0.000551 0.001060 0.000564 0.000305 
3574528 pathfinder 1 403 24 0.842000 0.693000  0.000258 0.000219 0.000594 0.001271 0.000663 0.000338 
3574592 pathfinder 1 403 24 0.842000 0.385000  0.000518 0.000327 0.000938 0.002469 0.000991 0.000490 
3574592 pathfinder 1 403 24 0.842000 0.540000  0.001897 0.059387 0.125455 0.208017 0.071817 0.030519 
3574656 pathfinder 1 403 24 0.842000 0.539000  0.000076 0.000059 0.000162 0.000349 0.000181 0.000093 
3574656 pathfinder 1 403 24 0.842000 0.385000  0.000199 0.000181 0.000508 0.000961 0.000527 0.000281 
3574720 pathfinder 1 403 24 0.842000 0.617000  0.000008 0.000047 0.000032 0.000097 0.000000 0.000005 
3574720 pathfinder 1 403 24 0.842000 0.616000  0.000240 0.000201 0.000554 0.001172 0.000627 0.000310 
3574720 pathfinder 1 403 24 0.842000 0.540000  0.000206 0.000184 0.000507 0.000990 0.000537 0.000286 
3574784 pathfinder 1 403 24 0.842000 0.385000  0.000192 0.000173 0.000483 0.000937 0.000502 0.000268 
3574784 pathfinder 1 403 25 0.842000 0.539000  0.000248 0.000192 0.000526 0.001098 0.000576 0.000296 
3574848 pathfinder 1 403 25 0.842000 0.539000  0.000188 0.000169 0.000475 0.000919 0.000488 0.000262 
3574848 pathfinder 1 403 24 0.842000 0.693000  0.000197 0.000178 0.000486 0.000939 0.000520 0.000273 
3574848 pathfinder 1 403 24 0.842000 0.539000  0.000180 0.000167 0.000464 0.000870 0.000483 0.000259 
3574912 pathfinder 1 403 24 0.842000 0.694000  0.000009 0.000056 0.000035 0.000106 0.000000 0.000006 
3574912 pathfinder 1 403 24 0.842000 0.540000  0.000175 0.000160 0.000449 0.000847 0.000459 0.000248 
3574976 pathfinder 1 403 24 0.842000 0.693000  0.032399 0.010846 0.023227 0.032633 0.012134 0.005395 
3574976 pathfinder 1 403 24 0.842000 0.463000  0.000174 0.000159 0.000443 0.000843 0.000457 0.000245 
3574976 pathfinder 1 403 25 0.842000 0.539000  0.000177 0.000165 0.000456 0.000865 0.000482 0.000320 
3575040 pathfinder 1 403 25 0.842000 0.385000  0.000171 0.000156 0.000434 0.000822 0.000450 0.000242 
3575040 pathfinder 1 403 24 0.842000 0.539000  0.000212 0.000173 0.000479 0.001001 0.000586 0.000283 
3575104 pathfinder 1 403 24 0.842000 0.462000  0.000167 0.000151 0.000431 0.000995 0.000741 0.000363 
3575104 pathfinder 1 403 24 0.842000 0.539000  0.000196 0.000165 0.000462 0.000970 0.000515 0.000260 
3575104 pathfinder 1 403 24 0.842000 0.617000  0.000170 0.000157 0.000450 0.001466 0.000686 0.000329 
3575168 pathfinder 1 403 24 0.842000 0.539000  0.000208 0.000166 0.000456 0.000945 0.000500 0.000253 
3575168 pathfinder 1 403 24 0.842000 0.616000  0.000187 0.000158 0.000432 0.000847 0.000459 0.000240 
3575232 pathfinder 1 403 25 0.842000 0.539000  0.000193 0.000161 0.000446 0.000912 0.000490 0.000255 
3575232 pathfinder 1 403 25 0.842000 0.616000  0.000193 0.000164 0.000502 0.001090 0.000532 0.000261 
3575232 pathfinder 1 403 25 0.842000 0.385000  0.000156 0.000144 0.000403 0.000752 0.000414 0.000223 
3575296 pathfinder 1 403 25 0.842000 0.540000  0.000060 0.000052 0.000142 0.000307 0.000164 0.000084 
3575296 pathfinder 1 403 25 0.842000 0.385000  0.000198 0.000164 0.000448 0.000901 0.000463 0.000234 
3575360 pathfinder 1 403 24 0.842000 0.616000  0.000411 0.000192 0.000496 0.001164 0.000521 0.000257 
3575360 pathfinder 1 403 24 0.842000 0.462000  0.000151 0.000173 0.000450 0.001075 0.000453 0.000230 
3575424 pathfinder 1 403 24 0.842000 0.617000  0.000193 0.000153 0.000422 0.000871 0.000467 0.000239 
3575424 pathfinder 1 403 25 0.842000 0.385000  0.000147 0.000135 0.000380 0.000754 0.000422 0.000239 
3575424 pathfinder 1 403 25 0.842000 0.539000  0.000158 0.000143 0.000392 0.001014 0.000544 0.000289 
3575488 pathfinder 1 403 24 0.842000 0.616000  0.004594 0.019877 0.005865 0.019923 0.000000 0.000359 
3575488 pathfinder 1 403 24 0.842000 0.540000  0.000177 0.000148 0.000407 0.000842 0.000506 0.000248 
3575552 pathfinder 1 403 25 0.842000 0.616000  0.000290 0.000185 0.000598 0.001475 0.000636 0.000336 
3575552 pathfinder 1 403 25 0.842000 0.540000  0.000150 0.000138 0.000379 0.000727 0.000404 0.000213 
3575616 pathfinder 1 403 25 0.842000 0.616000  0.209908 0.116405 0.284110 0.210027 0.113981 0.058976 
3575616 pathfinder 1 403 24 0.842000 0.616000  0.000028 0.000025 0.000069 0.000168 0.000084 0.000042 
3575616 pathfinder 1 403 24 0.842000 0.540000  0.000151 0.000137 0.000376 0.000714 0.000402 0.000211 
3575680 pathfinder 1 403 24 0.842000 0.539000  0.000146 0.000135 0.000371 0.000705 0.000392 0.000208 
3575680 pathfinder 1 403 24 0.842000 0.616000  0.000027 0.000025 0.000068 0.000131 0.000073 0.000038 
3575744 pathfinder 1 403 24 0.842000 0.540000  0.000172 0.000142 0.000391 0.000811 0.000434 0.000228 
3575744 pathfinder 1 403 24 0.842000 0.616000  0.000148 0.000131 0.000359 0.000691 0.000386 0.000201 
3575744 pathfinder 1 403 24 0.842000 0.462000  0.000131 0.000122 0.000341 0.000641 0.000350 0.000189 
3575808 pathfinder 1 403 24 0.842000 0.539000  0.000028 0.000036 0.000092 0.000218 0.000093 0.000045 
3575808 pathfinder 1 403 24 0.842000 0.616000  0.000165 0.000140 0.000383 0.000786 0.000406 0.000265 
3575872 pathfinder 1 403 24 0.842000 0.539000  0.000008 0.000045 0.000031 0.000093 0.000000 0.000005 
3575872 pathfinder 1 403 24 0.842000 0.463000  0.000132 0.000119 0.000330 0.000629 0.000340 0.000183 
3575936 pathfinder 1 403 24 0.842000 0.617000  0.000139 0.000125 0.000342 0.000671 0.000367 0.000192 
3575936 pathfinder 1 403 24 0.842000 0.539000  0.000125 0.000117 0.000327 0.000610 0.000336 0.000182 
3575936 pathfinder 1 403 24 0.842000 0.540000  0.000038 0.000027 0.000071 0.000160 0.000082 0.000041 
3576000 pathfinder 1 403 24 0.842000 0.540000  0.000125 0.000114 0.000320 0.000600 0.000327 0.000177 
3576000 pathfinder 1 403 24 0.842000 0.616000  0.000141 0.000120 0.000336 0.000717 0.000382 0.000193 
3576064 pathfinder 1 403 24 0.842000 0.386000  0.000123 0.000112 0.000314 0.000596 0.000323 0.000174 
3576064 pathfinder 1 403 24 0.842000 0.539000  0.000160 0.000128 0.000344 0.000721 0.000381 0.000194 
3576064 pathfinder 1 403 25 0.842000 0.385000  0.000120 0.000110 0.000309 0.000592 0.000318 0.000172 
3576128 pathfinder 1 403 25 0.842000 0.540000  0.000228 0.000141 0.000374 0.000845 0.000433 0.000207 
3576128 pathfinder 1 403 24 0.842000 0.539000  0.000195 0.000164 0.000873 0.002312 0.000775 0.000368 
3576192 pathfinder 1 403 24 0.842000 0.540000  0.000150 0.000127 0.000346 0.000715 0.000384 0.000195 
3576192 pathfinder 1 403 24 0.842000 0.617000  0.005590 0.018999 0.006533 0.019045 0.000000 0.000368 
3576256 pathfinder 1 403 24 0.842000 0.539000  0.000008 0.000055 0.000033 0.000107 0.000000 0.000006 
3576256 pathfinder 1 403 24 0.842000 0.616000  0.000007 0.000043 0.000029 0.000090 0.000000 0.000007 
3576256 pathfinder 1 403 24 0.842000 0.540000  0.000126 0.000115 0.000408 0.000814 0.000477 0.000232 
3576320 pathfinder 1 403 24 0.842000 0.539000  0.000033 0.000026 0.000067 0.000137 0.000073 0.000038 
3576320 pathfinder 1 403 24 0.842000 0.616000  0.000115 0.000105 0.000296 0.000566 0.000303 0.000169 
3576384 pathfinder 1 403 24 0.842000 0.693000  0.000142 0.000115 0.000320 0.000681 0.000357 0.000182 
3576384 pathfinder 1 403 24 0.842000 0.385000  0.000114 0.000105 0.000292 0.000554 0.000303 0.000163 
3576448 pathfinder 1 403 24 0.842000 0.540000  0.000569 0.000257 0.000647 0.001193 0.000619 0.000297 
3576448 pathfinder 1 403 24 0.842000 0.616000  0.002772 0.008395 0.003149 0.008444 0.000000 0.000197 
3576448 pathfinder 1 403 24 0.842000 0.539000  0.000008 0.000043 0.000029 0.000090 0.000000 0.000005 
3576512 pathfinder 1 403 25 0.842000 0.617000  0.000918 0.002095 0.000970 0.002140 0.000000 0.000067 
3576512 pathfinder 1 403 25 0.842000 0.540000  0.000143 0.000117 0.000318 0.000664 0.000357 0.000180 
3576576 pathfinder 1 403 24 0.842000 0.693000  0.000119 0.000108 0.000296 0.000567 0.000372 0.000189 
3576576 pathfinder 1 403 24 0.842000 0.617000  0.000130 0.000115 0.000302 0.000591 0.000311 0.000162 
3576640 pathfinder 1 403 24 0.842000 0.616000  0.000026 0.000024 0.000066 0.000126 0.000071 0.000037 
3576640 pathfinder 1 403 25 0.842000 0.538000  0.000145 0.000113 0.000297 0.000600 0.000314 0.000160 
3576640 pathfinder 1 403 24 0.842000 0.617000  0.000115 0.000104 0.000287 0.000559 0.000306 0.000161 
3576704 pathfinder 1 403 24 0.842000 0.385000  0.000109 0.000098 0.000275 0.001186 0.000500 0.000240 
3576704 pathfinder 1 403 24 0.842000 0.540000  0.000115 0.000103 0.000283 0.000545 0.000299 0.000158 
3576768 pathfinder 1 403 24 0.842000 0.462000  0.000110 0.000097 0.000271 0.000526 0.000278 0.000150 
3576768 pathfinder 1 403 24 0.842000 0.539000  0.000116 0.000105 0.000284 0.000681 0.000333 0.000165 
3576768 pathfinder 1 403 25 0.842000 0.385000  0.000104 0.000095 0.000267 0.000506 0.000273 0.000148 
3576832 pathfinder 1 403 25 0.842000 0.617000  0.000111 0.000100 0.000275 0.000727 0.000365 0.000180 
3576832 pathfinder 1 403 24 0.842000 0.385000  0.019006 0.006505 0.014117 0.019103 0.007158 0.003310 
3576896 pathfinder 1 403 25 0.842000 0.616000  0.000110 0.000099 0.000274 0.000531 0.000291 0.000164 
3576896 pathfinder 1 403 24 0.842000 0.385000  0.022580 0.007299 0.015741 0.022683 0.008196 0.003749 
3576960 pathfinder 1 403 24 0.842000 0.539000  0.000026 0.000023 0.000064 0.000165 0.000084 0.000047 
3576960 pathfinder 1 403 24 0.842000 0.540000  0.000117 0.000099 0.000273 0.000567 0.000311 0.000158 
3576960 pathfinder 1 403 24 0.842000 0.540000  0.000110 0.000099 0.000271 0.000529 0.000290 0.000152 
3577024 pathfinder 1 403 24 0.842000 0.617000  0.003641 0.011993 0.004296 0.012038 0.000000 0.000260 
3577024 pathfinder 1 403 24 0.842000 0.540000  0.000131 0.000103 0.000287 0.000590 0.000321 0.000163 
3577088 pathfinder 1 403 24 0.842000 0.694000  0.000026 0.000024 0.000069 0.000131 0.000088 0.000043 
3577088 pathfinder 1 403 24 0.842000 0.540000  0.000104 0.000096 0.000265 0.000506 0.000283 0.000149 
3577088 pathfinder 1 403 24 0.842000 0.463000  0.000162 0.000102 0.000274 0.000551 0.000274 0.000146 
3577152 pathfinder 1 403 24 0.842000 0.539000  0.000111 0.000097 0.000270 0.000557 0.000299 0.000154 
3577152 pathfinder 1 403 24 0.842000 0.694000  0.004130 0.014135 0.004955 0.014179 0.000000 0.000301 
3577216 pathfinder 1 403 24 0.842000 0.540000  0.000126 0.000098 0.000280 0.000593 0.000314 0.000157 
3577216 pathfinder 1 403 24 0.842000 0.385000  0.020387 0.008061 0.018120 0.020479 0.008498 0.004058 
3577280 pathfinder 1 403 24 0.842000 0.616000  0.000113 0.000099 0.000271 0.000567 0.000298 0.000154 
3577280 pathfinder 1 403 24 0.842000 0.694000  0.000026 0.000023 0.000063 0.000163 0.000083 0.000041 
3577344 pathfinder 1 403 24 0.842000 0.617000  0.000111 0.000090 0.000257 0.000509 0.000268 0.000147 
3577344 pathfinder 1 403 24 0.842000 0.616000  0.000100 0.000091 0.000250 0.000478 0.000266 0.000140 
3577408 pathfinder 1 403 24 0.842000 0.616000  0.005739 0.019595 0.006840 0.019639 0.000001 0.000421 
3577408 pathfinder 1 403 24 0.842000 0.540000  0.000007 0.000043 0.000029 0.000089 0.000000 0.000005 
3577408 pathfinder 1 403 24 0.842000 0.385000  0.000007 0.000040 0.000027 0.000084 0.000000 0.000005 
3577472 pathfinder 1 403 24 0.842000 0.540000  0.000139 0.000103 0.000299 0.000666 0.000321 0.000159 
3577472 pathfinder 1 403 24 0.842000 0.385000  0.000007 0.000041 0.000027 0.000085 0.000000 0.000005 
3577536 pathfinder 1 403 24 0.842000 0.694000  0.000117 0.000096 0.000262 0.000556 0.000292 0.000148 
3577536 pathfinder 1 403 24 0.842000 0.771000  0.011364 0.003511 0.007512 0.011470 0.004054 0.001807 
3577536 pathfinder 1 403 24 0.842000 0.539000  0.000025 0.000023 0.000062 0.000160 0.000081 0.000046 
3577600 pathfinder 1 403 24 0.842000 0.616000  0.000094 0.000088 0.000250 0.000532 0.000282 0.000142 
3577600 pathfinder 1 403 24 0.842000 0.540000  0.000206 0.000109 0.000280 0.000626 0.000308 0.000153 
3577664 pathfinder 1 403 24 0.842000 0.616000  0.000095 0.000088 0.000241 0.000471 0.000257 0.000135 
3577664 pathfinder 1 403 24 0.842000 0.385000  0.000088 0.000082 0.000231 0.000436 0.000235 0.000127 
3577728 pathfinder 1 403 24 0.842000 0.539000  0.008682 0.002577 0.005135 0.009090 0.003120 0.001253 
3577728 pathfinder 1 403 24 0.842000 0.385000  0.000087 0.000081 0.000228 0.000429 0.000233 0.000126 
3577728 pathfinder 1 403 24 0.842000 0.539000  0.000102 0.000089 0.000240 0.000472 0.000256 0.000134 
3577792 pathfinder 1 403 24 0.842000 0.385000  0.000087 0.000080 0.000225 0.000425 0.000232 0.000125 
3577792 pathfinder 1 403 24 0.842000 0.539000  0.000026 0.000022 0.000061 0.000119 0.000067 0.000034 
3577856 pathfinder 1 403 24 0.842000 0.462000  0.000085 0.000086 0.000236 0.000496 0.000242 0.000127 
3577856 pathfinder 1 403 24 0.842000 0.540000  0.000007 0.000043 0.000029 0.000090 0.000000 0.000005 
3577920 pathfinder 1 403 24 0.842000 0.385000  0.000087 0.000079 0.000220 0.000423 0.000230 0.000123 
3577920 pathfinder 1 403 24 0.842000 0.463000  0.000086 0.000078 0.000219 0.000411 0.000227 0.000121 
3577920 pathfinder 1 403 24 0.842000 0.540000  0.000007 0.000043 0.000029 0.000088 0.000000 0.000005 
3577984 pathfinder 1 403 24 0.842000 0.462000  0.000083 0.000077 0.000230 0.000461 0.000237 0.000123 
3577984 pathfinder 1 403 24 0.842000 0.539000  0.000027 0.000023 0.000063 0.000131 0.000071 0.000038 
3578048 pathfinder 1 403 24 0.842000 0.462000  0.000084 0.000076 0.000211 0.000403 0.000221 0.000117 
3578048 pathfinder 1 403 24 0.842000 0.617000  0.000007 0.000042 0.000029 0.000088 0.000000 0.000005 
3578112 pathfinder 1 403 24 0.842000 0.385000  0.000080 0.000074 0.000206 0.000391 0.000213 0.000114 
3578112 pathfinder 1 403 24 0.842000 0.540000  0.000007 0.000042 0.000028 0.000089 0.000000 0.000005 
3578112 pathfinder 1 403 24 0.842000 0.693000  0.000079 0.000073 0.000203 0.000407 0.000228 0.000124 
3578176 pathfinder 1 403 24 0.842000 0.539000  0.000007 0.000041 0.000028 0.000086 0.000000 0.000006 
3578176 pathfinder 1 403 24 0.842000 0.693000  0.005392 0.001947 0.004295 0.005482 0.002233 0.000952 
3578240 pathfinder 1 403 24 0.842000 0.616000  0.000025 0.000023 0.000064 0.000135 0.000072 0.000037 
3578240 pathfinder 1 403 24 0.842000 0.617000  0.000320 0.000128 0.000316 0.000770 0.000328 0.000155 
3578304 pathfinder 1 403 24 0.842000 0.616000  0.000099 0.000080 0.000235 0.000508 0.000258 0.000129 
3578304 pathfinder 1 403 24 0.842000 0.617000  0.000024 0.000022 0.000078 0.000162 0.000081 0.000045 
3578368 pathfinder 1 403 24 0.842000 0.385000  0.000079 0.000071 0.000198 0.000380 0.000204 0.000109 
3578368 pathfinder 1 403 24 0.842000 0.539000  0.000090 0.000077 0.000212 0.000441 0.000237 0.000129 
3578368 pathfinder 1 403 24 0.842000 0.462000  0.000079 0.000071 0.000196 0.000375 0.000207 0.000109 
3578432 pathfinder 1 403 24 0.842000 0.539000  0.000094 0.000077 0.000211 0.000519 0.000260 0.000126 
3578432 pathfinder 1 403 24 0.842000 0.616000  0.000075 0.000069 0.000193 0.000367 0.000199 0.000108 
3578496 pathfinder 1 403 24 0.842000 0.540000  0.000131 0.000084 0.000221 0.000480 0.000241 0.000120 
3578496 pathfinder 1 403 25 0.842000 0.385000  0.009046 0.002411 0.004971 0.009136 0.002988 0.001270 
3578496 pathfinder 1 403 25 0.842000 0.539000  0.000098 0.000077 0.000211 0.000448 0.000236 0.000124 
3578560 pathfinder 1 403 24 0.842000 0.385000  0.000077 0.000069 0.000191 0.000375 0.000197 0.000106 
3578560 pathfinder 1 403 24 0.842000 0.616000  0.000190 0.000105 0.000303 0.000617 0.000319 0.000170 
3578624 pathfinder 1 403 24 0.842000 0.462000  0.000023 0.000021 0.000057 0.000111 0.000059 0.000032 
3578624 pathfinder 1 403 24 0.842000 0.539000  0.000094 0.000076 0.000219 0.000509 0.000245 0.000122 
3578688 pathfinder 1 403 24 0.842000 0.385000  0.000336 0.000195 0.000417 0.001163 0.000562 0.000240 
3578688 pathfinder 1 403 24 0.842000 0.539000  0.000076 0.000070 0.000433 0.000606 0.000309 0.000169 
3578752 pathfinder 1 403 25 0.842000 0.540000  0.000081 0.000070 0.000193 0.000419 0.000218 0.000111 
3578752 pathfinder 1 403 24 0.842000 0.386000  0.000140 0.000083 0.000210 0.000423 0.000213 0.000110 
3578816 pathfinder 1 403 24 0.842000 0.617000  0.000086 0.000073 0.000200 0.000412 0.000222 0.000114 
3578816 pathfinder 1 403 24 0.842000 0.462000  0.000070 0.000065 0.000182 0.000346 0.000186 0.000100 
3578816 pathfinder 1 403 24 0.842000 0.616000  0.000077 0.000069 0.000188 0.000507 0.000252 0.000138 
3578880 pathfinder 1 403 24 0.842000 0.385000  0.018002 0.005598 0.011962 0.018089 0.006442 0.002883 
3578880 pathfinder 1 403 24 0.842000 0.616000  0.000102 0.000074 0.000212 0.000455 0.000226 0.000115 
3578944 pathfinder 1 403 24 0.842000 0.385000  0.000018 0.000017 0.000062 0.000135 0.000073 0.000034 
3578944 pathfinder 1 403 24 0.842000 0.540000  0.000074 0.000068 0.000185 0.000354 0.000198 0.000104 
3578944 pathfinder 1 403 24 0.842000 0.462000  0.021909 0.007074 0.015084 0.021996 0.008056 0.003616 
3579008 pathfinder 1 403 24 0.842000 0.616000  0.000023 0.000021 0.000058 0.000111 0.000062 0.000033 
3579008 pathfinder 1 403 24 0.842000 0.540000  0.002918 0.001234 0.002672 0.002941 0.001303 0.000626 
3579072 pathfinder 1 403 24 0.842000 0.771000  0.000028 0.000022 0.000060 0.000125 0.000066 0.000034 
3579072 pathfinder 1 403 24 0.842000 0.385000  0.000070 0.000063 0.000177 0.000341 0.000186 0.000104 
3579072 pathfinder 1 403 24 0.842000 0.539000  0.000028 0.000023 0.000063 0.000132 0.000070 0.000036 
3579136 pathfinder 1 403 24 0.842000 0.616000  0.001020 0.000290 0.000588 0.001211 0.000436 0.000178 
3579136 pathfinder 1 403 24 0.842000 0.539000  0.000075 0.000085 0.000220 0.000482 0.000237 0.000117 
3579200 pathfinder 1 403 24 0.842000 0.616000  0.006580 0.002215 0.004738 0.006665 0.002575 0.001091 
3579200 pathfinder 1 403 24 0.842000 0.539000  0.000018 0.000017 0.000047 0.000092 0.000061 0.000029 
3579264 pathfinder 1 403 24 0.842000 0.617000  0.000080 0.000125 0.000295 0.000663 0.000269 0.000134 
3579264 pathfinder 1 403 24 0.842000 0.540000  0.000073 0.000066 0.000181 0.000352 0.000194 0.000102 
3579264 pathfinder 1 403 24 0.842000 0.617000  0.000091 0.000073 0.000198 0.000416 0.000217 0.000111 
3579328 pathfinder 1 403 24 0.842000 0.385000  0.000071 0.000062 0.000173 0.000338 0.000178 0.000096 
3579328 pathfinder 1 403 24 0.842000 0.539000  0.000081 0.000069 0.000187 0.000389 0.000206 0.000107 
3579392 pathfinder 1 403 24 0.842000 0.462000  0.000068 0.000061 0.000171 0.000329 0.000177 0.000095 
3579392 pathfinder 1 403 24 0.842000 0.693000  0.000076 0.000065 0.000177 0.000353 0.000192 0.000101 
3579456 pathfinder 1 403 24 0.842000 0.617000  0.000066 0.000079 0.000202 0.000423 0.000200 0.000103 
3579456 pathfinder 1 403 24 0.842000 0.539000  0.000086 0.000069 0.000185 0.000394 0.000209 0.000106 
3579456 pathfinder 1 403 24 0.842000 0.539000  0.000070 0.000063 0.000174 0.000339 0.000185 0.000097 
3579520 pathfinder 1 403 24 0.842000 0.462000  0.000069 0.000063 0.000174 0.000332 0.000225 0.000113 
3579520 pathfinder 1 403 24 0.842000 0.539000  0.000079 0.000066 0.000181 0.000375 0.000199 0.000103 
3579584 pathfinder 1 403 24 0.842000 0.385000  0.020783 0.006504 0.013844 0.020870 0.007648 0.003290 
3579584 pathfinder 1 403 24 0.842000 0.616000  0.000078 0.000065 0.000180 0.000380 0.000201 0.000103 
3579648 pathfinder 1 403 24 0.842000 0.385000  0.000062 0.000076 0.000193 0.000421 0.000198 0.000100 
3579648 pathfinder 1 403 24 0.842000 0.539000  0.000075 0.000065 0.000183 0.000384 0.000200 0.000103 
3579648 pathfinder 1 403 24 0.842000 0.385000  0.000063 0.000058 0.000164 0.000308 0.000167 0.000090 
3579712 pathfinder 1 403 24 0.842000 0.539000  0.000007 0.000041 0.000027 0.000084 0.000000 0.000005 
3579712 pathfinder 1 403 24 0.842000 0.385000  0.000061 0.000058 0.000162 0.000304 0.000167 0.000090 
3579776 pathfinder 1 403 24 0.842000 0.539000  0.000067 0.000089 0.000216 0.000783 0.000318 0.000162 
3579776 pathfinder 1 403 24 0.842000 0.540000  0.000065 0.000111 0.000264 0.000595 0.000243 0.000122 
3579840 pathfinder 1 403 24 0.842000 0.539000  0.000065 0.000060 0.000166 0.000320 0.000178 0.000093 
3579840 pathfinder 1 403 24 0.842000 0.693000  0.032883 0.009595 0.020286 0.032968 0.011433 0.004888 
3579904 pathfinder 1 403 24 0.842000 0.694000  0.000079 0.000064 0.000189 0.000414 0.000206 0.000103 
3579904 pathfinder 1 403 24 0.842000 0.616000  0.000065 0.000059 0.000164 0.000317 0.000173 0.000092 
3579904 pathfinder 1 403 24 0.842000 0.385000  0.000074 0.000065 0.000173 0.000343 0.000180 0.000092 
3579968 pathfinder 1 403 24 0.842000 0.540000  0.000075 0.000060 0.000169 0.000355 0.000190 0.000097 
3579968 pathfinder 1 403 24 0.842000 0.385000  0.000062 0.000066 0.000174 0.000346 0.000175 0.000091 
3580032 pathfinder 1 403 24 0.842000 0.539000  0.000078 0.000062 0.000173 0.000357 0.000192 0.000099 
3580032 pathfinder 1 403 24 0.842000 0.462000  0.000071 0.000057 0.000205 0.000556 0.000240 0.000124 
3580096 pathfinder 1 403 24 0.842000 0.540000  0.000153 0.000086 0.000279 0.000631 0.000298 0.000139 
3580096 pathfinder 1 403 24 0.842000 0.616000  0.049281 0.014215 0.029936 0.049363 0.016873 0.007229 
3580096 pathfinder 1 403 24 0.842000 0.539000  0.000022 0.000020 0.000055 0.000106 0.000059 0.000031 
3580160 pathfinder 1 403 24 0.842000 0.617000  0.000155 0.000097 0.000260 0.000687 0.000271 0.000126 
3580160 pathfinder 1 403 24 0.842000 0.539000  0.000063 0.000058 0.000206 0.000407 0.000260 0.000139 
3580224 pathfinder 1 403 24 0.842000 0.694000  0.003585 0.010552 0.004071 0.010600 0.000000 0.000257 
3580224 pathfinder 1 403 24 0.842000 0.539000  0.000071 0.000060 0.000166 0.000341 0.000182 0.000093 
3580288 pathfinder 1 403 24 0.842000 0.539000  0.000060 0.000055 0.000153 0.000288 0.000158 0.000085 
3580288 pathfinder 1 403 24 0.842000 0.540000  0.000064 0.000058 0.000158 0.000309 0.000168 0.000089 
3580288 pathfinder 1 403 24 0.842000 0.617000  0.000060 0.000054 0.000151 0.000283 0.000156 0.000084 
3580352 pathfinder 1 403 24 0.842000 0.539000  0.000064 0.000058 0.000186 0.000440 0.000199 0.000099 
3580352 pathfinder 1 403 24 0.842000 0.462000  0.000059 0.000053 0.000150 0.000286 0.000153 0.000083 
3580416 pathfinder 1 403 24 0.842000 0.539000  0.000076 0.000060 0.000163 0.000336 0.000180 0.000091 
3580416 pathfinder 1 403 24 0.842000 0.385000  0.012812 0.004926 0.010878 0.012894 0.005268 0.002437 
3580416 pathfinder 1 403 24 0.842000 0.540000  0.000022 0.000020 0.000054 0.000106 0.000059 0.000031 
3580480 pathfinder 1 403 24 0.842000 0.385000  0.000059 0.000053 0.000149 0.000282 0.000154 0.000083 
3580480 pathfinder 1 403 24 0.842000 0.540000  0.000073 0.000059 0.000160 0.000329 0.000177 0.000090 
3580544 pathfinder 1 403 24 0.842000 0.385000  0.000058 0.000053 0.000147 0.000299 0.000168 0.000100 
3580544 pathfinder 1 403 24 0.842000 0.539000  0.000067 0.000059 0.000162 0.000341 0.000182 0.000093 
3580608 pathfinder 1 403 24 0.842000 0.616000  0.000071 0.000059 0.000160 0.000336 0.000179 0.000101 
3580608 pathfinder 1 403 24 0.842000 0.385000  0.000067 0.000058 0.000154 0.000302 0.000159 0.000083 
3580608 pathfinder 1 403 24 0.842000 0.693000  0.003787 0.000951 0.001815 0.004072 0.001316 0.000531 
3580672 pathfinder 1 403 24 0.842000 0.385000  0.000058 0.000052 0.000145 0.000278 0.000149 0.000082 
3580672 pathfinder 1 403 24 0.842000 0.540000  0.000067 0.000056 0.000156 0.000322 0.000174 0.000089 
3580736 pathfinder 1 403 24 0.842000 0.385000  0.000058 0.000062 0.000161 0.000332 0.000166 0.000085 
3580736 pathfinder 1 403 24 0.842000 0.616000  0.000074 0.000058 0.000160 0.000342 0.000177 0.000090 
3580736 pathfinder 1 403 24 0.842000 0.385000  0.000056 0.000051 0.000143 0.000273 0.000147 0.000080 
3580800 pathfinder 1 403 24 0.842000 0.616000  0.000357 0.000151 0.000377 0.000711 0.000342 0.000162 
3580800 pathfinder 1 403 24 0.842000 0.616000  0.010270 0.030417 0.011539 0.030457 0.000001 0.000722 
3580864 pathfinder 1 403 24 0.842000 0.539000  0.000007 0.000045 0.000029 0.000093 0.000000 0.000005 
3580864 pathfinder 1 403 24 0.842000 0.617000  0.000055 0.000051 0.000141 0.000271 0.000146 0.000078 
3580864 pathfinder 1 403 24 0.842000 0.539000  0.000071 0.000059 0.000159 0.000336 0.000178 0.000090 
3580928 pathfinder 1 403 24 0.842000 0.540000  0.000068 0.000056 0.000152 0.000326 0.000172 0.000088 
3580928 pathfinder 1 403 24 0.842000 0.616000  0.000072 0.000056 0.000176 0.000373 0.000189 0.000094 
3580992 pathfinder 1 403 24 0.842000 0.540000  0.000066 0.000054 0.000150 0.000314 0.000167 0.000086 
3580992 pathfinder 1 403 24 0.842000 0.539000  0.000065 0.000057 0.000153 0.000297 0.000156 0.000081 
3581056 pathfinder 1 403 24 0.842000 0.617000  0.000062 0.000078 0.000245 0.000636 0.000295 0.000133 
3581056 pathfinder 1 403 24 0.842000 0.463000  0.000056 0.000050 0.000139 0.000264 0.000144 0.000077 
3581056 pathfinder 1 403 24 0.842000 0.771000  0.000057 0.000052 0.000144 0.000277 0.000153 0.000081 
3581120 pathfinder 1 403 24 0.842000 0.385000  0.000020 0.000019 0.000052 0.000100 0.000054 0.000029 
3581120 pathfinder 1 403 24 0.842000 0.616000  0.012413 0.004242 0.008925 0.012661 0.004801 0.002120 
3581184 pathfinder 1 403 24 0.842000 0.617000  0.000081 0.000051 0.000111 0.000278 0.000116 0.000051 
3581184 pathfinder 1 403 24 0.842000 0.616000  0.000069 0.000056 0.000155 0.000323 0.000173 0.000087 
3581248 pathfinder 1 403 24 0.842000 0.617000  0.000064 0.000054 0.000148 0.000295 0.000157 0.000081 
3581248 pathfinder 1 403 24 0.842000 0.539000  0.000062 0.000054 0.000149 0.000303 0.000164 0.000084 
3581248 pathfinder 1 403 24 0.842000 0.616000  0.000066 0.000053 0.000144 0.000285 0.000149 0.000077 
3581312 pathfinder 1 403 24 0.842000 0.539000  0.000057 0.000051 0.000182 0.000364 0.000212 0.000103 
3581312 pathfinder 1 403 24 0.842000 0.617000  0.000022 0.000020 0.000053 0.000111 0.000058 0.000030 
3581376 pathfinder 1 403 24 0.842000 0.616000  0.000054 0.000051 0.000139 0.000264 0.000147 0.000078 
3581376 pathfinder 1 403 24 0.842000 0.539000  0.000007 0.000073 0.000037 0.000129 0.000000 0.000005 
3581376 pathfinder 1 403 24 0.842000 0.386000  0.000051 0.000048 0.000133 0.000249 0.000138 0.000074 
3581440 pathfinder 1 403 24 0.842000 0.540000  0.000055 0.000057 0.000150 0.000331 0.000167 0.000083 
3581440 pathfinder 1 403 24 0.842000 0.540000  0.000060 0.000049 0.000138 0.000282 0.000142 0.000074 
3581504 pathfinder 1 403 24 0.842000 0.539000  0.000056 0.000050 0.000136 0.000271 0.000143 0.000076 
3581504 pathfinder 1 403 24 0.842000 0.462000  0.000001 0.000010 0.000008 0.000021 0.000000 0.000001 
3581568 pathfinder 1 403 24 0.842000 0.617000  0.000069 0.000053 0.001153 0.004799 0.000000 0.000068 
3581568 pathfinder 1 403 24 0.842000 0.616000  0.000224 0.000067 0.000177 0.000544 0.000212 0.000100 
3581632 pathfinder 1 403 24 0.842000 0.539000  0.000029 0.000020 0.000059 0.000140 0.000062 0.000032 
3581632 pathfinder 1 403 24 0.842000 0.462000  0.000181 0.000053 0.000115 0.000261 0.000104 0.000047 
3581632 pathfinder 1 403 24 0.842000 0.771000  0.000102 0.000058 0.000151 0.000328 0.000162 0.000081 
3581696 pathfinder 1 403 24 0.842000 0.617000  0.001888 0.007616 0.002294 0.007687 0.000000 0.000139 
3581696 pathfinder 1 403 24 0.842000 0.616000  0.000013 0.000012 0.000034 0.000066 0.000044 0.000021 
3581760 pathfinder 1 403 24 0.842000 0.540000  0.000050 0.000045 0.000127 0.000239 0.000001 0.000500 
3581760 pathfinder 1 403 24 0.842000 0.539000  0.000060 0.000049 0.000137 0.000288 0.000155 0.000079 
3581760 pathfinder 1 403 24 0.842000 0.540000  0.003737 0.000899 0.001714 0.003827 0.001221 0.000476 
3581824 pathfinder 1 403 24 0.842000 0.539000  0.000059 0.000049 0.000137 0.000290 0.000153 0.000078 
3581824 pathfinder 1 403 24 0.842000 0.539000  0.000063 0.000048 0.000131 0.000270 0.000141 0.000074 
3581888 pathfinder 1 403 24 0.842000 0.463000  0.000051 0.000045 0.000125 0.000244 0.000129 0.000069 
3581888 pathfinder 1 403 24 0.842000 0.539000  0.000005 0.000005 0.000014 0.000026 0.000017 0.000008 
3581952 pathfinder 1 403 24 0.842000 0.616000  0.000014 0.000012 0.000034 0.000067 0.000043 0.000021 
3581952 pathfinder 1 403 24 0.842000 0.771000  0.000053 0.000047 0.000129 0.000255 0.000139 0.000084 
3581952 pathfinder 1 403 24 0.842000 0.385000  0.005009 0.016672 0.005650 0.016682 0.000000 0.000350 
3582016 pathfinder 1 403 24 0.842000 0.385000  0.000006 0.000038 0.000025 0.000078 0.000000 0.000004 
3582016 pathfinder 1 403 24 0.842000 0.386000  0.000065 0.000053 0.000140 0.000274 0.000144 0.000073 
3582080 pathfinder 1 403 24 0.842000 0.463000  0.000051 0.000046 0.000128 0.000246 0.000135 0.000071 
3582080 pathfinder 1 403 24 0.842000 0.308000  0.000048 0.000053 0.000139 0.000295 0.000142 0.000072 
3582080 pathfinder 1 403 24 0.842000 0.385000  0.000021 0.000019 0.000052 0.000100 0.000055 0.000029 
3582144 pathfinder 1 403 24 0.842000 0.231000  0.000048 0.000044 0.000121 0.000231 0.000127 0.000068 
3582144 pathfinder 1 403 24 0.842000 0.154000  0.000048 0.000044 0.000121 0.000226 0.000126 0.000068 
3582208 pathfinder 1 403 24 0.842000 0.308000  0.000047 0.000043 0.000121 0.000710 0.000306 0.000135 
3582208 pathfinder 1 403 24 0.842000 0.231000  0.000046 0.000043 0.000140 0.000281 0.000141 0.000072 
3582208 pathfinder 1 403 24 0.842000 0.231000  0.000046 0.000043 0.000121 0.000227 0.000125 0.000067 
3582272 pathfinder 1 403 24 0.842000 0.231000  0.000046 0.000043 0.000120 0.000228 0.000124 0.000067 
3582272 pathfinder 1 403 24 0.842000 0.231000  0.000045 0.000043 0.000120 0.000256 0.000129 0.000068 
3582336 pathfinder 1 403 24 0.842000 0.386000  0.000050 0.000043 0.000120 0.000235 0.000126 0.000067 
