#Timestamp	Benchmark	Run(#)	CPU Frequency (MHz)	CPU Temperature(C)	CPU Voltage(V)	CPU Power(W)	CPU_CYCLES	L1_DATA_CACHE_ACCESS	INSTRUCTIONS_RETIRED	BUS_CYCLES	L1I_CACHE_ACCESS	PREDICTABLE_BRANCH_SPECULATIVELY_EXECUTED
5310080 nw 1 1036 27 1.053000 1.155000  0.000052 0.000042 0.000115 0.000247 0.000129 0.000065 
5310144 nw 1 1036 27 1.053000 1.155000  0.000043 0.000039 0.000109 0.000216 0.000115 0.000061 
5310144 nw 1 1036 27 1.053000 0.771000  0.000052 0.000041 0.000113 0.000247 0.000125 0.000065 
5310144 nw 1 1036 27 1.053000 1.155000  0.000051 0.000041 0.000113 0.000249 0.000127 0.000065 
5310208 nw 1 1036 27 1.053000 0.770000  0.000041 0.000036 0.000102 0.000199 0.000104 0.000056 
5310208 nw 1 1036 27 1.053000 1.233000  0.000044 0.000039 0.000106 0.000208 0.000113 0.000059 
5310208 nw 1 1036 27 1.053000 1.079000  0.000045 0.000038 0.000106 0.000212 0.000112 0.000059 
5310272 nw 1 1036 27 1.053000 1.233000  0.000055 0.000045 0.000117 0.000268 0.000126 0.000064 
5310272 nw 1 1036 27 1.053000 1.234000  0.000047 0.000038 0.000106 0.000224 0.000222 0.000122 
5310272 nw 1 1036 27 1.053000 0.925000  0.000010 0.000010 0.000027 0.000054 0.000034 0.000017 
5310336 nw 1 1036 27 1.053000 1.079000  0.000045 0.000038 0.000104 0.000210 0.000113 0.000059 
5310336 nw 1 1036 27 1.053000 1.232000  0.000042 0.000036 0.000100 0.000198 0.000104 0.000056 
5310400 nw 1 1036 27 1.053000 1.157000  0.000151 0.000073 0.000166 0.000509 0.000178 0.000086 
5310400 nw 1 1036 27 1.053000 1.079000  0.000056 0.000067 0.000151 0.000468 0.000149 0.000070 
5310400 nw 1 1036 27 1.053000 0.848000  0.000047 0.000038 0.000107 0.000229 0.000119 0.000061 
5310464 nw 1 1036 27 1.053000 0.848000  0.000111 0.000045 0.000115 0.000274 0.000120 0.000061 
