#Timestamp	Benchmark	Run(#)	CPU Frequency (MHz)	CPU Temperature(C)	CPU Voltage(V)	CPU Power(W)	CPU_CYCLES	L1_DATA_CACHE_ACCESS	INSTRUCTIONS_RETIRED	BUS_CYCLES	L1I_CACHE_ACCESS	PREDICTABLE_BRANCH_SPECULATIVELY_EXECUTED
5267072 heartwall 1 1036 27 1.053000 1.310000  0.000040 0.000034 0.000094 0.000189 0.000104 0.000053 
5267136 heartwall 1 1036 27 1.053000 0.694000  0.000040 0.000034 0.000121 0.000244 0.000807 0.000462 
5267136 heartwall 1 1036 27 1.053000 1.002000  0.030635 0.132510 0.037897 0.132605 0.000016 0.002173 
5267136 heartwall 1 1036 27 1.053000 1.002000  0.000056 0.000034 0.000095 0.000222 0.000101 0.000052 
5267200 heartwall 1 1036 27 1.053000 1.078000  0.000043 0.000033 0.000095 0.000211 0.000108 0.000055 
5267200 heartwall 1 1036 27 1.053000 0.770000  0.000041 0.000035 0.000097 0.000210 0.000108 0.000055 
5267264 heartwall 1 1036 27 1.053000 0.847000  0.000009 0.000051 0.000034 0.000106 0.000000 0.000006 
5267264 heartwall 1 1036 27 1.053000 1.233000  0.000015 0.000102 0.000044 0.000167 0.000000 0.000007 
5267264 heartwall 1 1036 27 1.053000 0.847000  0.000008 0.000051 0.000032 0.000105 0.000000 0.000006 
5267328 heartwall 1 1036 27 1.053000 1.154000  0.000041 0.000031 0.000089 0.000203 0.000099 0.000052 
5267328 heartwall 1 1036 28 1.053000 0.846000  0.000035 0.000030 0.000083 0.000163 0.000086 0.000046 
5267328 heartwall 1 1036 28 1.053000 0.384000  0.000032 0.000030 0.000083 0.000167 0.000088 0.000047 
5267392 heartwall 1 1036 29 1.053000 0.692000  0.000032 0.000030 0.000083 0.000159 0.000086 0.000046 
5267392 heartwall 1 1036 29 1.053000 0.461000  0.000034 0.000030 0.000083 0.000158 0.000085 0.000046 
5267392 heartwall 1 1036 29 1.053000 1.076000  0.000040 0.000031 0.000087 0.000209 0.000095 0.000049 
5267456 heartwall 1 1036 30 1.053000 0.846000  0.000034 0.000029 0.000083 0.000162 0.000085 0.000046 
5267456 heartwall 1 1036 30 1.053000 0.384000  0.000039 0.000030 0.000084 0.000165 0.000086 0.000046 
5267456 heartwall 1 1036 29 1.053000 0.384000  0.000033 0.000030 0.000083 0.000159 0.000085 0.000046 
5267520 heartwall 1 1036 29 1.053000 0.461000  0.000032 0.000029 0.000082 0.000155 0.000084 0.000046 
5267520 heartwall 1 1036 30 1.053000 1.076000  0.000141 0.000045 0.000110 0.000281 0.000128 0.000063 
5267584 heartwall 1 1036 30 1.053000 0.846000  0.000002 0.000014 0.000010 0.000028 0.000000 0.000001 
5267584 heartwall 1 1036 29 1.053000 0.461000  0.000031 0.000029 0.000081 0.000152 0.000084 0.000045 
5267584 heartwall 1 1036 30 1.053000 0.384000  0.000033 0.000029 0.000081 0.000157 0.000084 0.000045 
5267648 heartwall 1 1036 30 1.053000 0.462000  0.000032 0.000029 0.000081 0.000154 0.000083 0.000045 
5267648 heartwall 1 1036 30 1.053000 1.000000  0.000248 0.000181 0.000494 0.001153 0.000540 0.000252 
5267648 heartwall 1 1036 30 1.053000 1.001000  0.000033 0.000029 0.000081 0.000155 0.000083 0.000045 
5267712 heartwall 1 1036 30 1.053000 0.384000  0.000049 0.000032 0.000086 0.000169 0.000087 0.000046 
5267712 heartwall 1 1036 30 1.053000 0.385000  0.000032 0.000029 0.000080 0.000155 0.000083 0.000045 
5267712 heartwall 1 1036 30 1.053000 0.462000  0.000036 0.000031 0.000084 0.000167 0.000089 0.000047 
5267776 heartwall 1 1036 30 1.053000 0.846000  0.000035 0.000030 0.000083 0.000166 0.000089 0.000047 
5267776 heartwall 1 1036 30 1.053000 1.078000  0.000032 0.000029 0.000080 0.000155 0.000083 0.000044 
5267840 heartwall 1 1036 30 1.053000 0.462000  0.000030 0.000028 0.000080 0.000150 0.000082 0.000044 
5267840 heartwall 1 1036 30 1.053000 0.462000  0.000031 0.000029 0.000080 0.000150 0.000082 0.000044 
5267840 heartwall 1 1036 30 1.053000 0.616000  0.000034 0.000030 0.000083 0.000163 0.000088 0.000046 
5267904 heartwall 1 1036 30 1.053000 0.846000  0.000035 0.000030 0.000083 0.000164 0.000087 0.000046 
5267904 heartwall 1 1036 30 1.053000 1.001000  0.000033 0.000029 0.000079 0.000153 0.000082 0.000044 
5267904 heartwall 1 1036 30 1.053000 0.462000  0.000030 0.000028 0.000079 0.000149 0.000081 0.000044 
5267968 heartwall 1 1036 30 1.053000 0.461000  0.000030 0.000028 0.000079 0.000147 0.000081 0.000044 
5267968 heartwall 1 1036 30 1.053000 0.462000  0.000034 0.000030 0.000082 0.000163 0.000086 0.000046 
5267968 heartwall 1 1036 30 1.053000 0.847000  0.000034 0.000030 0.000082 0.000161 0.000087 0.000046 
5268032 heartwall 1 1036 30 1.053000 0.770000  0.000031 0.000028 0.000152 0.000334 0.000125 0.000062 
5268032 heartwall 1 1036 30 1.053000 0.539000  0.000031 0.000028 0.000078 0.000148 0.000080 0.000043 
5268032 heartwall 1 1036 30 1.053000 0.461000  0.000031 0.000028 0.000078 0.000150 0.000080 0.000043 
5268096 heartwall 1 1036 30 1.053000 0.847000  0.000034 0.000030 0.000081 0.000160 0.000086 0.000045 
5268096 heartwall 1 1036 30 1.053000 0.847000  0.000033 0.000028 0.000078 0.000153 0.000081 0.000043 
5268096 heartwall 1 1036 30 1.053000 0.461000  0.000031 0.000028 0.000078 0.000148 0.000080 0.000043 
5268160 heartwall 1 1036 30 1.053000 0.693000  0.000031 0.000028 0.000078 0.000148 0.000080 0.000043 
5268160 heartwall 1 1036 31 1.053000 0.461000  0.000029 0.000028 0.000077 0.000145 0.000079 0.000043 
5268224 heartwall 1 1036 31 1.053000 0.461000  0.000034 0.000029 0.000080 0.000157 0.000085 0.000045 
5268224 heartwall 1 1036 30 1.053000 0.847000  0.000031 0.000028 0.000077 0.000151 0.000080 0.000043 
5268224 heartwall 1 1036 30 1.053000 0.461000  0.000030 0.000028 0.000077 0.000147 0.000079 0.000043 
5268288 heartwall 1 1036 31 1.053000 0.539000  0.000033 0.000028 0.000077 0.000152 0.000079 0.000043 
5268288 heartwall 1 1036 31 1.053000 0.615000  0.000029 0.000028 0.000077 0.000145 0.000082 0.000044 
5268288 heartwall 1 1036 30 1.053000 0.462000  0.000043 0.000031 0.000085 0.000191 0.000092 0.000048 
5268352 heartwall 1 1036 30 1.053000 0.924000  0.000032 0.000027 0.000077 0.000150 0.000079 0.000042 
5268352 heartwall 1 1036 30 1.053000 0.462000  0.000030 0.000027 0.000077 0.000144 0.000079 0.000042 
5268352 heartwall 1 1036 30 1.053000 0.461000  0.000035 0.000027 0.000076 0.000153 0.000079 0.000042 
5268416 heartwall 1 1036 30 1.053000 0.384000  0.000033 0.000028 0.000076 0.000152 0.000079 0.000043 
5268416 heartwall 1 1036 30 1.053000 0.847000  0.000036 0.000030 0.000083 0.000180 0.000091 0.000047 
5268416 heartwall 1 1036 30 1.053000 0.847000  0.000031 0.000027 0.000076 0.000149 0.000078 0.000042 
5268480 heartwall 1 1036 30 1.053000 0.693000  0.000030 0.000027 0.000076 0.000146 0.000078 0.000042 
5268480 heartwall 1 1036 30 1.053000 0.461000  0.000029 0.000027 0.000076 0.000143 0.000078 0.000042 
5268544 heartwall 1 1036 30 1.053000 0.384000  0.000029 0.000027 0.000076 0.000148 0.000078 0.000042 
5268544 heartwall 1 1036 30 1.053000 0.693000  0.000040 0.000029 0.000081 0.000181 0.000091 0.000047 
5268544 heartwall 1 1036 31 1.053000 0.846000  0.000034 0.000027 0.000076 0.000156 0.000078 0.000042 
5268608 heartwall 1 1036 30 1.053000 0.462000  0.000029 0.000027 0.000075 0.000142 0.000077 0.000042 
5268608 heartwall 1 1036 30 1.053000 0.615000  0.000029 0.000027 0.000075 0.000142 0.000077 0.000042 
5268608 heartwall 1 1036 31 1.053000 0.461000  0.000029 0.000027 0.000075 0.000160 0.000082 0.000043 
5268672 heartwall 1 1036 31 1.053000 0.847000  0.000008 0.000053 0.000035 0.000116 0.000000 0.000006 
5268672 heartwall 1 1036 31 1.053000 0.846000  0.000008 0.000057 0.000030 0.000110 0.000000 0.000005 
5268672 heartwall 1 1036 31 1.053000 0.384000  0.000029 0.000026 0.000074 0.000144 0.000076 0.000041 
5268736 heartwall 1 1036 31 1.053000 0.384000  0.000028 0.000026 0.000074 0.000139 0.000076 0.000041 
5268736 heartwall 1 1036 31 1.053000 0.461000  0.000030 0.000026 0.000077 0.000176 0.000082 0.000043 
5268736 heartwall 1 1036 31 1.053000 0.770000  0.000046 0.000030 0.000079 0.000182 0.000085 0.000044 
5268800 heartwall 1 1036 31 1.053000 0.923000  0.000035 0.000029 0.000078 0.000189 0.000079 0.000042 
5268800 heartwall 1 1036 31 1.053000 0.461000  0.000028 0.000026 0.000073 0.000139 0.000074 0.000040 
5268800 heartwall 1 1036 31 1.053000 0.384000  0.000028 0.000026 0.000076 0.000170 0.000080 0.000042 
5268864 heartwall 1 1036 31 1.053000 0.384000  0.000036 0.000028 0.000079 0.000169 0.000086 0.000044 
5268864 heartwall 1 1036 31 1.053000 0.846000  0.000033 0.000027 0.000075 0.000154 0.000080 0.000042 
5268928 heartwall 1 1036 31 1.053000 1.153000  0.000034 0.000026 0.000072 0.000150 0.000075 0.000040 
5268928 heartwall 1 1036 31 1.053000 0.769000  0.000028 0.000026 0.000072 0.000137 0.000075 0.000040 
5268928 heartwall 1 1036 31 1.053000 0.384000  0.000028 0.000026 0.000072 0.000136 0.000074 0.000040 
5268992 heartwall 1 1036 31 1.053000 0.384000  0.000031 0.000027 0.000075 0.000148 0.000080 0.000042 
5268992 heartwall 1 1036 31 1.053000 0.693000  0.000035 0.000027 0.000075 0.000158 0.000079 0.000042 
5268992 heartwall 1 1036 31 1.053000 1.461000  0.000029 0.000026 0.000071 0.000138 0.000073 0.000040 
5269056 heartwall 1 1036 31 1.053000 0.384000  0.000029 0.000026 0.000081 0.000198 0.000085 0.000043 
5269056 heartwall 1 1036 31 1.053000 0.461000  0.000027 0.000025 0.000071 0.000133 0.000073 0.000039 
5269056 heartwall 1 1036 31 1.053000 0.461000  0.000030 0.000027 0.000074 0.000145 0.000079 0.000041 
5269120 heartwall 1 1036 31 1.053000 0.846000  0.000034 0.000027 0.000095 0.000200 0.000109 0.000054 
5269120 heartwall 1 1036 31 1.053000 1.384000  0.000028 0.000025 0.000070 0.000135 0.000079 0.000041 
5269184 heartwall 1 1036 31 1.053000 0.384000  0.000029 0.000025 0.000070 0.000134 0.000072 0.000039 
5269184 heartwall 1 1036 31 1.053000 0.461000  0.000028 0.000025 0.000070 0.000133 0.000072 0.000039 
5269184 heartwall 1 1036 31 1.053000 0.384000  0.000030 0.000027 0.000073 0.000153 0.000082 0.000042 
5269248 heartwall 1 1036 31 1.053000 0.922000  0.000035 0.000028 0.000074 0.000152 0.000076 0.000040 
5269248 heartwall 1 1036 31 1.053000 0.922000  0.000027 0.000025 0.000070 0.000133 0.000072 0.000039 
5269248 heartwall 1 1036 31 1.053000 0.461000  0.000027 0.000025 0.000070 0.000133 0.000072 0.000039 
5269312 heartwall 1 1036 31 1.053000 0.462000  0.000027 0.000025 0.000070 0.000132 0.000072 0.000039 
5269312 heartwall 1 1036 31 1.053000 0.384000  0.000033 0.000027 0.000076 0.000171 0.000084 0.000043 
5269312 heartwall 1 1036 31 1.053000 0.538000  0.000029 0.000025 0.000069 0.000135 0.000072 0.000038 
5269376 heartwall 1 1036 30 1.053000 0.923000  0.000027 0.000025 0.000069 0.000130 0.000070 0.000038 
5269376 heartwall 1 1036 30 1.053000 0.462000  0.000027 0.000025 0.000069 0.000130 0.000071 0.000038 
5269376 heartwall 1 1036 31 1.053000 0.693000  0.000027 0.000025 0.000069 0.000131 0.000071 0.000039 
5269440 heartwall 1 1036 31 1.053000 0.385000  0.000082 0.000039 0.000093 0.000240 0.000110 0.000059 
5269440 heartwall 1 1036 30 1.053000 0.770000  0.000030 0.000030 0.000078 0.000183 0.000080 0.000041 
