#Timestamp	Benchmark	Run(#)	CPU Frequency (MHz)	CPU Temperature(C)	CPU Voltage(V)	CPU Power(W)	CPU_CYCLES	L1_DATA_CACHE_ACCESS	INSTRUCTIONS_RETIRED	BUS_CYCLES	L1I_CACHE_ACCESS	PREDICTABLE_BRANCH_SPECULATIVELY_EXECUTED
3120448 myocyte 1 307 24 0.842000 0.385000  0.000035 0.000031 0.000101 0.000225 0.000107 0.000052 
3120448 myocyte 1 307 24 0.842000 0.462000  0.000060 0.000035 0.000093 0.000209 0.000100 0.000052 
3120448 myocyte 1 307 24 0.842000 0.308000  0.000035 0.000038 0.000104 0.000211 0.000099 0.000053 
3120512 myocyte 1 307 24 0.842000 0.462000  0.000036 0.000038 0.000100 0.000217 0.000111 0.000061 
3120512 myocyte 1 307 24 0.842000 0.385000  0.000034 0.000030 0.000085 0.000162 0.000088 0.000047 
3120576 myocyte 1 307 24 0.842000 0.539000  1.739307 4.698279 2.776021 4.699415 0.000097 0.107959 
3120576 myocyte 1 307 24 0.842000 0.539000  0.000190 0.001228 0.000800 0.002608 0.000000 0.000134 
3120640 myocyte 1 307 24 0.842000 0.540000  0.000172 0.000981 0.000655 0.002052 0.000000 0.000118 
3120640 myocyte 1 307 24 0.842000 0.462000  0.000040 0.000032 0.000088 0.000179 0.000097 0.000049 
3120640 myocyte 1 307 24 0.842000 0.462000  0.000043 0.000034 0.000092 0.000188 0.000101 0.000051 
3120704 myocyte 1 307 24 0.842000 0.462000  0.000038 0.000033 0.000093 0.000197 0.000100 0.000052 
3120704 myocyte 1 307 24 0.842000 0.540000  0.000043 0.000035 0.000097 0.000220 0.000105 0.000055 
3120768 myocyte 1 307 24 0.842000 0.462000  0.000043 0.000034 0.000097 0.000202 0.000101 0.000052 
3120768 myocyte 1 307 24 0.842000 0.539000  0.000037 0.000026 0.000074 0.000158 0.000077 0.000040 
3120832 myocyte 1 307 24 0.842000 0.539000  0.000047 0.000034 0.000096 0.000221 0.000104 0.000053 
3120832 myocyte 1 307 24 0.842000 0.385000  0.000041 0.000032 0.000088 0.000176 0.000090 0.000047 
3120832 myocyte 1 307 24 0.842000 0.463000  0.000040 0.000033 0.000093 0.000189 0.000102 0.000052 
3120896 myocyte 1 307 24 0.842000 0.462000  0.000047 0.000032 0.000086 0.000173 0.000094 0.000048 
3120896 myocyte 1 307 24 0.842000 0.463000  0.000040 0.000034 0.000093 0.000191 0.000101 0.000051 
3120960 myocyte 1 307 24 0.842000 0.463000  0.000047 0.000034 0.000092 0.000190 0.000090 0.000048 
3120960 myocyte 1 307 24 0.842000 0.539000  0.000040 0.000034 0.000097 0.000205 0.000098 0.000051 
3121024 myocyte 1 307 24 0.842000 0.617000  0.000044 0.000035 0.000098 0.000211 0.000105 0.000054 
3121024 myocyte 1 307 24 0.842000 0.616000  0.000049 0.000033 0.000101 0.000219 0.000103 0.000053 
3121088 myocyte 1 307 24 0.842000 0.539000  0.000038 0.000032 0.000086 0.000240 0.000118 0.000059 
3121088 myocyte 1 307 24 0.842000 0.693000  0.000047 0.000035 0.000096 0.000213 0.000101 0.000052 
3121088 myocyte 1 307 24 0.842000 0.539000  0.000078 0.000041 0.000109 0.000279 0.000121 0.000059 
3121152 myocyte 1 307 24 0.842000 0.462000  0.000032 0.000030 0.000086 0.000183 0.000091 0.000048 
3121152 myocyte 1 307 24 0.842000 0.539000  0.000042 0.000035 0.000126 0.000278 0.000127 0.000070 
3121216 myocyte 1 307 24 0.842000 0.539000  0.000042 0.000032 0.000092 0.000203 0.000097 0.000050 
3121216 myocyte 1 307 24 0.842000 0.463000  0.000044 0.000033 0.000093 0.000207 0.000100 0.000052 
3121280 myocyte 1 307 24 0.842000 0.463000  0.000032 0.000029 0.000085 0.000174 0.000086 0.000046 
3121280 myocyte 1 307 24 0.842000 0.616000  0.000043 0.000034 0.000096 0.000215 0.000103 0.000053 
3121344 myocyte 1 307 24 0.842000 0.463000  0.000045 0.000034 0.000093 0.000203 0.000098 0.000050 
3121344 myocyte 1 307 24 0.842000 0.540000  0.000040 0.000034 0.000091 0.000192 0.000096 0.000050 
3121344 myocyte 1 307 24 0.842000 0.539000  0.000064 0.000037 0.000102 0.000257 0.000117 0.000058 
3121408 myocyte 1 307 24 0.842000 0.616000  0.000040 0.000032 0.000094 0.000207 0.000097 0.000050 
3121408 myocyte 1 307 24 0.842000 0.462000  0.000034 0.000030 0.000084 0.000178 0.000094 0.000049 
3121472 myocyte 1 307 24 0.842000 0.462000  0.000044 0.000032 0.000092 0.000200 0.000096 0.000049 
3121472 myocyte 1 307 24 0.842000 0.540000  0.000044 0.000034 0.000095 0.000214 0.000101 0.000052 
3121536 myocyte 1 307 24 0.842000 0.462000  0.000040 0.000033 0.000092 0.000195 0.000097 0.000049 
3121536 myocyte 1 307 24 0.842000 0.539000  0.000050 0.000034 0.000092 0.000211 0.000096 0.000050 
3121600 myocyte 1 307 24 0.842000 0.617000  0.000062 0.000400 0.000886 0.000844 0.000433 0.000225 
3121600 myocyte 1 307 24 0.842000 0.616000  0.000041 0.000031 0.000088 0.000190 0.000095 0.000048 
3121664 myocyte 1 307 24 0.842000 0.539000  0.000042 0.000034 0.000094 0.000212 0.000103 0.000053 
3121664 myocyte 1 307 24 0.842000 0.462000  0.000035 0.000031 0.000090 0.000196 0.000093 0.000049 
3121664 myocyte 1 307 24 0.842000 0.462000  0.000032 0.000029 0.000081 0.000155 0.000086 0.000045 
3121728 myocyte 1 307 24 0.842000 0.462000  0.000039 0.000035 0.000092 0.000204 0.000096 0.000049 
3121728 myocyte 1 307 24 0.842000 0.617000  0.000038 0.000031 0.000085 0.000177 0.000094 0.000048 
3121792 myocyte 1 307 24 0.842000 0.462000  0.000025 0.000022 0.000063 0.000119 0.000064 0.000035 
3121792 myocyte 1 307 24 0.842000 0.540000  0.000182 0.001050 0.000708 0.002184 0.000000 0.000126 
3121856 myocyte 1 307 24 0.842000 0.385000  0.000168 0.000998 0.000648 0.002072 0.000000 0.000114 
3121856 myocyte 1 307 24 0.842000 0.463000  0.000175 0.001009 0.000949 0.002902 0.000000 0.000153 
3121920 myocyte 1 307 25 0.842000 0.386000  0.000162 0.000956 0.000624 0.001995 0.000000 0.000110 
3121920 myocyte 1 307 24 0.842000 0.539000  0.000165 0.000956 0.000644 0.002180 0.000000 0.000118 
3121984 myocyte 1 307 24 0.842000 0.539000  0.000153 0.000881 0.000580 0.001841 0.000000 0.000105 
3121984 myocyte 1 307 24 0.842000 0.616000  0.000158 0.000904 0.000613 0.002502 0.000000 0.000139 
3122048 myocyte 1 307 24 0.842000 0.540000  0.000145 0.000836 0.000553 0.001778 0.000000 0.000099 
3122048 myocyte 1 307 24 0.842000 0.539000  0.000044 0.000027 0.000072 0.000158 0.000079 0.000040 
3122112 myocyte 1 307 24 0.842000 0.616000  0.000139 0.000809 0.000534 0.001697 0.000000 0.000095 
3122112 myocyte 1 307 24 0.842000 0.616000  0.000146 0.001465 0.000832 0.003092 0.000000 0.000143 
3122112 myocyte 1 307 24 0.842000 0.539000  0.000134 0.000793 0.000511 0.001647 0.000000 0.011141 
3122176 myocyte 1 307 24 0.842000 0.540000  0.000025 0.000022 0.000061 0.000120 0.000063 0.000034 
3122176 myocyte 1 307 24 0.842000 0.540000  0.000027 0.000023 0.000064 0.000136 0.000069 0.000036 
3122240 myocyte 1 307 24 0.842000 0.462000  0.000028 0.000024 0.000065 0.000126 0.000068 0.000036 
3122240 myocyte 1 307 24 0.842000 0.539000  0.000037 0.000029 0.000080 0.000169 0.000088 0.000045 
3122304 myocyte 1 307 24 0.842000 0.462000  0.000037 0.000032 0.000085 0.000191 0.000096 0.000047 
3122304 myocyte 1 307 24 0.842000 0.539000  0.000043 0.000031 0.000086 0.000184 0.000089 0.000046 
3122368 myocyte 1 307 24 0.842000 0.540000  0.000035 0.000030 0.000086 0.000191 0.000092 0.000047 
3122368 myocyte 1 307 24 0.842000 0.463000  0.000035 0.000040 0.000101 0.000248 0.000102 0.000050 
3122432 myocyte 1 307 24 0.842000 0.385000  0.000037 0.000029 0.000081 0.000177 0.000086 0.000044 
3122496 myocyte 1 307 24 0.842000 0.463000  0.000042 0.000031 0.000087 0.000193 0.000092 0.000046 
3122496 myocyte 1 307 24 0.842000 0.539000  0.000035 0.000029 0.000081 0.000174 0.000085 0.000044 
3122560 myocyte 1 307 24 0.842000 0.539000  0.000031 0.000028 0.000079 0.000168 0.000084 0.000044 
3122560 myocyte 1 307 24 0.842000 0.540000  0.000049 0.000033 0.000092 0.000215 0.000102 0.000050 
3122560 myocyte 1 307 24 0.842000 0.617000  0.000134 0.000044 0.000108 0.000269 0.000108 0.000051 
3122624 myocyte 1 307 24 0.842000 0.539000  0.018668 0.006005 0.012843 0.018831 0.006854 0.003075 
3122624 myocyte 1 307 24 0.842000 0.539000  0.000005 0.000005 0.000013 0.000025 0.000017 0.000008 
3122688 myocyte 1 307 24 0.842000 0.539000  0.000086 0.000063 0.000210 0.000626 0.000232 0.004190 
3122688 myocyte 1 307 24 0.842000 0.539000  0.000019 0.000017 0.000048 0.000090 0.000049 0.000026 
3122752 myocyte 1 307 24 0.842000 0.540000  0.000020 0.000018 0.000107 0.000226 0.000092 0.000045 
3122816 myocyte 1 307 24 0.842000 0.463000  0.000025 0.000023 0.000064 0.000136 0.000070 0.000036 
3122816 myocyte 1 307 24 0.842000 0.538000  0.000007 0.000013 0.000041 0.000112 0.000049 0.000022 
3122880 myocyte 1 307 24 0.842000 0.616000  0.003504 0.001599 0.003595 0.003596 0.001706 0.000775 
3122880 myocyte 1 307 24 0.842000 0.462000  0.000190 0.000126 0.000242 0.000530 0.000212 0.000101 
3122880 myocyte 1 307 24 0.842000 0.308000  0.000045 0.000023 0.000059 0.000160 0.000060 0.000027 
3122944 myocyte 1 307 24 0.842000 0.539000  0.000037 0.000032 0.000086 0.000275 0.000118 0.000055 
3122944 myocyte 1 307 24 0.842000 0.539000  0.000035 0.000028 0.000085 0.000197 0.000089 0.000045 
3123008 myocyte 1 307 24 0.842000 0.616000  0.000031 0.000027 0.000075 0.000150 0.000076 0.000040 
3123008 myocyte 1 307 24 0.842000 0.539000  0.000273 0.000893 0.002003 0.001694 0.000880 0.000477 
3123072 myocyte 1 307 24 0.842000 0.617000  0.000037 0.000028 0.000083 0.000197 0.000089 0.000045 
3123072 myocyte 1 307 24 0.842000 0.385000  0.000024 0.000021 0.000059 0.000117 0.000061 0.000033 
3123136 myocyte 1 307 24 0.842000 0.539000  0.000032 0.000028 0.000076 0.000164 0.000083 0.000043 
3123136 myocyte 1 307 24 0.842000 0.463000  0.000034 0.000027 0.000078 0.000169 0.000081 0.000042 
3123200 myocyte 1 307 24 0.842000 0.539000  0.000044 0.000029 0.000080 0.000179 0.000083 0.000043 
3123200 myocyte 1 307 24 0.842000 0.462000  0.000035 0.000028 0.000077 0.000168 0.000083 0.000043 
3123264 myocyte 1 307 24 0.842000 0.540000  0.000036 0.000029 0.000081 0.000179 0.000085 0.000044 
3123264 myocyte 1 307 24 0.842000 0.463000  0.000034 0.000028 0.000077 0.000170 0.000082 0.000042 
3123328 myocyte 1 307 24 0.842000 0.539000  0.000051 0.000297 0.000198 0.000626 0.000000 0.000035 
3123328 myocyte 1 307 24 0.842000 0.463000  0.000034 0.000026 0.000073 0.000154 0.000077 0.000042 
3123392 myocyte 1 307 24 0.842000 0.539000  0.000035 0.000029 0.000080 0.000175 0.000087 0.000045 
3123392 myocyte 1 307 24 0.842000 0.616000  0.000037 0.000027 0.000077 0.000167 0.000080 0.000042 
3123456 myocyte 1 307 24 0.842000 0.540000  0.000031 0.000028 0.000103 0.000227 0.000120 0.000057 
3123456 myocyte 1 307 24 0.842000 0.539000  0.000026 0.000027 0.000075 0.000169 0.000082 0.000043 
3123456 myocyte 1 307 24 0.842000 0.539000  0.000044 0.000030 0.000087 0.000195 0.000092 0.000046 
3123520 myocyte 1 307 24 0.842000 0.539000  0.000034 0.000027 0.000077 0.000176 0.000082 0.000043 
3123520 myocyte 1 307 24 0.842000 0.385000  0.000031 0.000027 0.000075 0.000161 0.000083 0.000043 
3123584 myocyte 1 307 24 0.842000 0.463000  0.000033 0.000027 0.000075 0.000162 0.000079 0.000041 
3123584 myocyte 1 307 24 0.842000 0.617000  0.044067 0.011047 0.024632 0.044164 0.014048 0.006444 
3123648 myocyte 1 307 24 0.842000 0.616000  0.000033 0.000027 0.000077 0.000164 0.000079 0.000042 
3123648 myocyte 1 307 24 0.842000 0.462000  0.000030 0.000027 0.000075 0.000162 0.000079 0.000041 
3123712 myocyte 1 307 24 0.842000 0.539000  0.000035 0.000028 0.000103 0.000232 0.000105 0.000057 
3123712 myocyte 1 307 24 0.842000 0.462000  0.000033 0.000027 0.000075 0.000164 0.000077 0.000041 
3123712 myocyte 1 307 24 0.842000 0.540000  0.000038 0.000029 0.000078 0.000175 0.000084 0.000043 
3123776 myocyte 1 307 24 0.842000 0.462000  0.000033 0.000027 0.000076 0.000163 0.000078 0.000041 
3123840 myocyte 1 307 24 0.842000 0.462000  0.000029 0.000027 0.000073 0.000151 0.000081 0.000041 
3123840 myocyte 1 307 24 0.842000 0.539000  0.000025 0.000023 0.000065 0.000122 0.000066 0.000036 
3123840 myocyte 1 307 24 0.842000 0.463000  0.000026 0.000024 0.000067 0.000129 0.000071 0.000038 
