#Timestamp	Benchmark	Run(#)	CPU Frequency (MHz)	CPU Temperature(C)	CPU Voltage(V)	CPU Power(W)	CPU_CYCLES	L1_DATA_CACHE_ACCESS	INSTRUCTIONS_RETIRED	BUS_CYCLES	L1I_CACHE_ACCESS	PREDICTABLE_BRANCH_SPECULATIVELY_EXECUTED
5965504 nn 1 1326 28 1.111000 1.850000  0.000027 0.000029 0.000071 0.000212 0.000084 0.000046 
5965504 nn 1 1326 28 1.111000 0.308000  0.000107 0.000028 0.000068 0.000190 0.000075 0.000036 
5965568 nn 1 1326 28 1.111000 1.620000  0.000029 0.000022 0.000060 0.000134 0.000067 0.000034 
5965568 nn 1 1326 28 1.111000 1.078000  0.000022 0.000019 0.000053 0.000110 0.000059 0.000031 
5965568 nn 1 1326 28 1.111000 1.389000  0.000026 0.000021 0.000058 0.000122 0.000065 0.000033 
5965632 nn 1 1326 28 1.111000 1.079000  0.000023 0.000020 0.000054 0.000119 0.000061 0.000031 
5965632 nn 1 1326 28 1.111000 1.003000  0.000006 0.000005 0.000014 0.000029 0.000018 0.000009 
5965632 nn 1 1326 27 1.111000 1.467000  0.000023 0.000020 0.000070 0.000141 0.000082 0.000040 
5965696 nn 1 1326 27 1.111000 1.233000  0.000031 0.000021 0.000057 0.000129 0.000064 0.000033 
5965696 nn 1 1326 28 1.111000 1.388000  0.002138 0.000393 0.000765 0.002238 0.000577 0.000221 
