#Timestamp	Benchmark	Run(#)	CPU Frequency (MHz)	CPU Temperature(C)	CPU Voltage(V)	CPU Power(W)	CPU_CYCLES	L1_DATA_CACHE_ACCESS	INSTRUCTIONS_RETIRED	BUS_CYCLES	L1I_CACHE_ACCESS	PREDICTABLE_BRANCH_SPECULATIVELY_EXECUTED
4860352 particle_filter 1 921 27 1.015000 1.001000  0.000020 0.000016 0.000044 0.000091 0.000056 0.000028 
4860352 particle_filter 1 921 27 1.015000 1.388000  0.000019 0.000015 0.000044 0.000096 0.000055 0.000027 
4860416 particle_filter 1 921 27 1.015000 0.693000  0.000017 0.000015 0.000044 0.000085 0.000054 0.000027 
4860416 particle_filter 1 921 27 1.015000 1.001000  0.000068 0.000061 0.000215 0.000453 0.000219 0.000123 
4860416 particle_filter 1 921 27 1.015000 0.693000  0.000116 0.000090 0.000254 0.000539 0.000334 0.000159 
4860480 particle_filter 1 921 27 1.015000 0.617000  0.000079 0.000063 0.000171 0.000370 0.000188 0.000097 
4860480 particle_filter 1 921 27 1.015000 1.387000  0.000078 0.000062 0.000168 0.000937 0.000400 0.000177 
4860544 particle_filter 1 921 27 1.015000 0.848000  0.000063 0.000055 0.000154 0.000293 0.000161 0.000086 
4860544 particle_filter 1 921 27 1.015000 1.080000  0.000066 0.000060 0.000189 0.000449 0.000199 0.000100 
4860544 particle_filter 1 921 27 1.015000 1.080000  0.000073 0.000060 0.000162 0.000348 0.000171 0.000089 
4860608 particle_filter 1 921 27 1.015000 0.848000  0.000016 0.000014 0.000041 0.000079 0.000051 0.000025 
4860608 particle_filter 1 921 26 1.015000 1.002000  0.000065 0.000057 0.000156 0.000305 0.000167 0.000088 
4860608 particle_filter 1 921 26 1.015000 0.694000  0.000061 0.000054 0.000150 0.000290 0.000158 0.000084 
4860672 particle_filter 1 921 26 1.015000 0.771000  0.000081 0.000060 0.000171 0.000433 0.000191 0.000094 
4860672 particle_filter 1 921 26 1.015000 0.693000  0.000021 0.000026 0.000063 0.000219 0.000071 0.000036 
4860736 particle_filter 1 921 27 1.015000 0.925000  0.000068 0.000056 0.000155 0.000335 0.000172 0.000090 
4860736 particle_filter 1 921 27 1.015000 0.694000  0.000093 0.000057 0.000155 0.000345 0.000163 0.000085 
4860736 particle_filter 1 921 27 1.015000 0.693000  0.000065 0.000056 0.000153 0.000322 0.000173 0.000089 
4860800 particle_filter 1 921 27 1.015000 0.848000  0.000066 0.000055 0.000152 0.000325 0.000168 0.000088 
4860800 particle_filter 1 921 27 1.015000 0.694000  0.000060 0.000051 0.000143 0.000277 0.000148 0.000079 
4860800 particle_filter 1 921 27 1.015000 1.003000  0.000061 0.000054 0.000148 0.000288 0.000158 0.000083 
4860864 particle_filter 1 921 27 1.015000 0.694000  0.000135 0.000096 0.000259 0.000604 0.000296 0.000148 
4860864 particle_filter 1 921 27 1.015000 0.694000  0.000015 0.000013 0.000038 0.000075 0.000048 0.000024 
4860928 particle_filter 1 921 27 1.015000 0.926000  0.000103 0.000089 0.000242 0.000484 0.000260 0.000136 
4860928 particle_filter 1 921 27 1.015000 0.925000  0.000093 0.000083 0.000231 0.000453 0.000240 0.000129 
4860928 particle_filter 1 921 27 1.015000 1.002000  0.000154 0.000066 0.000169 0.000390 0.000175 0.000088 
4860992 particle_filter 1 921 27 1.015000 0.848000  0.000059 0.000050 0.000141 0.000281 0.000148 0.000078 
4860992 particle_filter 1 921 27 1.015000 1.002000  0.000068 0.000052 0.000147 0.000321 0.000165 0.000084 
4860992 particle_filter 1 921 27 1.015000 0.925000  0.000015 0.000013 0.000036 0.000072 0.000046 0.000022 
4861056 particle_filter 1 921 27 1.015000 0.693000  0.000054 0.000056 0.000160 0.000415 0.000175 0.000086 
4861056 particle_filter 1 921 27 1.015000 0.694000  0.000057 0.000050 0.000137 0.000268 0.000148 0.000077 
4861056 particle_filter 1 921 27 1.015000 0.693000  0.000059 0.000049 0.000136 0.000283 0.000143 0.000076 
4861120 particle_filter 1 921 27 1.015000 1.001000  0.000016 0.000012 0.000035 0.000071 0.000045 0.000022 
4861120 particle_filter 1 921 27 1.015000 0.617000  0.000101 0.000090 0.000241 0.000706 0.000213 0.000101 
4861184 particle_filter 1 921 27 1.015000 1.311000  0.000227 0.000076 0.000190 0.000480 0.000190 0.000093 
4861184 particle_filter 1 921 27 1.015000 0.540000  0.000016 0.000012 0.000035 0.000073 0.000044 0.000022 
4861184 particle_filter 1 921 27 1.015000 1.311000  0.000056 0.000048 0.000132 0.000260 0.000142 0.000074 
4861248 particle_filter 1 921 26 1.015000 0.694000  0.000055 0.000048 0.000135 0.000267 0.000142 0.000075 
4861248 particle_filter 1 921 26 1.015000 0.770000  0.000054 0.000048 0.000131 0.000256 0.000140 0.000103 
4861248 particle_filter 1 921 26 1.015000 1.003000  0.000055 0.000048 0.000130 0.000263 0.000138 0.000073 
4861312 particle_filter 1 921 26 1.015000 0.771000  0.000014 0.000012 0.000034 0.000067 0.000043 0.000021 
4861312 particle_filter 1 921 26 1.015000 1.078000  0.000090 0.000579 0.000358 0.001219 0.000000 0.000062 
4861312 particle_filter 1 921 27 1.015000 1.003000  0.000049 0.000079 0.000184 0.000472 0.000169 0.000096 
4861376 particle_filter 1 921 27 1.015000 0.848000  0.000056 0.000047 0.000132 0.000287 0.000179 0.000093 
4861376 particle_filter 1 921 26 1.015000 0.694000  0.000052 0.000055 0.000145 0.000270 0.000139 0.000376 
4861440 particle_filter 1 921 26 1.015000 0.770000  0.000062 0.000047 0.000131 0.000281 0.000139 0.000072 
4861440 particle_filter 1 921 26 1.015000 1.232000  0.000050 0.000045 0.000124 0.000241 0.000133 0.000070 
4861440 particle_filter 1 921 26 1.015000 0.694000  0.000059 0.000048 0.000129 0.000271 0.000142 0.000073 
4861504 particle_filter 1 921 26 1.015000 1.155000  0.000062 0.000048 0.000132 0.000291 0.000147 0.000075 
4861504 particle_filter 1 921 26 1.015000 0.694000  0.334728 0.073774 0.200994 0.334806 0.121808 0.035808 
4861568 particle_filter 1 921 26 1.015000 1.001000  0.000083 0.000063 0.000170 0.000377 0.000199 0.000099 
4861568 particle_filter 1 921 27 1.015000 0.616000  0.558806 0.154774 0.354071 0.559544 0.184442 0.080681 
4861568 particle_filter 1 921 27 1.015000 1.232000  0.000051 0.000046 0.000128 0.000273 0.000142 0.000073 
4861632 particle_filter 1 921 27 1.015000 0.848000  0.000058 0.000046 0.000129 0.000283 0.000144 0.000074 
4861632 particle_filter 1 921 27 1.015000 1.002000  0.000012 0.000011 0.000032 0.000063 0.000039 0.000020 
4861632 particle_filter 1 921 27 1.015000 1.234000  0.000059 0.000047 0.000130 0.000287 0.000145 0.000073 
4861696 particle_filter 1 921 27 1.015000 0.694000  0.000045 0.000041 0.000116 0.000222 0.000118 0.000064 
4861696 particle_filter 1 921 27 1.015000 1.080000  0.000049 0.000044 0.000120 0.000232 0.000128 0.000067 
4861696 particle_filter 1 921 27 1.015000 0.693000  0.000049 0.000043 0.000123 0.000265 0.000137 0.000071 
4861760 particle_filter 1 921 27 1.015000 0.925000  0.000052 0.000045 0.000126 0.000268 0.000138 0.000072 
4861760 particle_filter 1 921 27 1.015000 1.234000  0.000048 0.000045 0.000122 0.000453 0.000196 0.000094 
4861824 particle_filter 1 921 27 1.015000 0.925000  0.000155 0.000078 0.000225 0.000629 0.000193 0.000094 
4861824 particle_filter 1 921 26 1.015000 1.002000  0.000047 0.000043 0.000118 0.000225 0.000126 0.000066 
4861824 particle_filter 1 921 26 1.015000 1.234000  0.014946 0.002713 0.005388 0.015208 0.003801 0.001483 
4861888 particle_filter 1 921 27 1.015000 1.078000  0.000064 0.001618 0.003730 0.002783 0.001535 0.000875 
4861888 particle_filter 1 921 27 1.015000 1.002000  0.000063 0.000057 0.000192 0.000438 0.000206 0.000101 
4861952 particle_filter 1 921 27 1.015000 0.694000  0.000046 0.000041 0.000113 0.000218 0.000118 0.000063 
4861952 particle_filter 1 921 27 1.015000 1.003000  0.000046 0.000043 0.000117 0.000227 0.000124 0.000066 
4861952 particle_filter 1 921 27 1.015000 0.694000  0.000058 0.000043 0.000118 0.000250 0.000127 0.000066 
4862016 particle_filter 1 921 26 1.015000 0.617000  0.000048 0.000042 0.000116 0.000227 0.000123 0.000065 
4862016 particle_filter 1 921 26 1.015000 1.233000  0.000131 0.000112 0.000306 0.000613 0.000328 0.000171 
4862016 particle_filter 1 921 27 1.015000 0.770000  0.000012 0.000010 0.000030 0.000059 0.000037 0.000018 
4862080 particle_filter 1 921 27 1.015000 1.156000  0.000078 0.000046 0.000124 0.000292 0.000136 0.000069 
4862080 particle_filter 1 921 27 1.015000 0.693000  0.000046 0.000039 0.000109 0.000212 0.000113 0.000083 
4862080 particle_filter 1 921 27 1.015000 0.770000  0.000066 0.000045 0.000123 0.000270 0.000135 0.000069 
4862144 particle_filter 1 921 27 1.015000 0.693000  0.000055 0.000044 0.000121 0.000267 0.000136 0.000069 
4862144 particle_filter 1 921 27 1.015000 0.694000  0.000012 0.000010 0.000029 0.000058 0.000037 0.000018 
4862208 particle_filter 1 921 27 1.015000 1.157000  0.000075 0.000055 0.000149 0.000372 0.000169 0.000084 
4862208 particle_filter 1 921 27 1.015000 0.926000  0.000089 0.000045 0.000118 0.000254 0.000120 0.000063 
4862208 particle_filter 1 921 27 1.015000 1.002000  0.000052 0.000043 0.000119 0.000255 0.000133 0.000067 
4862272 particle_filter 1 921 27 1.015000 0.771000  0.000045 0.000050 0.000133 0.000233 0.000121 0.000069 
4862272 particle_filter 1 921 27 1.015000 0.925000  0.000045 0.000040 0.000110 0.000212 0.000116 0.000061 
4862272 particle_filter 1 921 27 1.015000 1.002000  0.000148 0.000109 0.000294 0.000664 0.000332 0.000167 
4862336 particle_filter 1 921 27 1.015000 0.694000  0.000045 0.000040 0.000108 0.000212 0.000116 0.000061 
4862336 particle_filter 1 921 27 1.015000 1.234000  0.000055 0.000042 0.000114 0.000251 0.000127 0.000065 
4862400 particle_filter 1 921 26 1.015000 0.849000  0.000040 0.000037 0.000103 0.000200 0.000106 0.000057 
4862400 particle_filter 1 921 26 1.015000 0.925000  0.000047 0.000040 0.000111 0.000241 0.000122 0.000063 
4862400 particle_filter 1 921 27 1.015000 0.616000  0.000045 0.000073 0.000892 0.003905 0.000862 0.000355 
4862464 particle_filter 1 921 27 1.015000 0.694000  0.000076 0.000040 0.000109 0.000274 0.000118 0.000063 
4862464 particle_filter 1 921 27 1.015000 0.694000  0.000048 0.000038 0.000105 0.000223 0.000113 0.000059 
