#Timestamp	Benchmark	Run(#)	CPU Frequency (MHz)	CPU Temperature(C)	CPU Voltage(V)	CPU Power(W)	CPU_CYCLES	L1_DATA_CACHE_ACCESS	INSTRUCTIONS_RETIRED	BUS_CYCLES	L1I_CACHE_ACCESS	PREDICTABLE_BRANCH_SPECULATIVELY_EXECUTED
3855552 gaussian 1 518 26 0.880000 0.693000  0.000005 0.000005 0.000014 0.000027 0.000017 0.000009 
3855552 gaussian 1 518 26 0.880000 0.463000  0.000005 0.000005 0.000014 0.000027 0.000017 0.000009 
3855616 gaussian 1 518 26 0.880000 0.462000  0.000021 0.000018 0.000051 0.000100 0.000053 0.000029 
3855616 gaussian 1 518 26 0.880000 0.693000  0.000026 0.000021 0.000056 0.000120 0.000063 0.000032 
3855616 gaussian 1 518 26 0.880000 0.617000  0.000027 0.000021 0.000060 0.000142 0.000064 0.000033 
3855680 gaussian 1 518 26 0.880000 0.694000  0.000023 0.000038 0.000086 0.000272 0.000106 0.000051 
3855680 gaussian 1 518 26 0.880000 0.462000  0.000096 0.000035 0.000083 0.000177 0.000076 0.000038 
3855744 gaussian 1 518 26 0.880000 0.694000  0.000022 0.000019 0.000053 0.000114 0.000059 0.000031 
3855744 gaussian 1 518 26 0.880000 0.463000  0.000024 0.000019 0.000053 0.000115 0.000056 0.000030 
3855744 gaussian 1 518 26 0.880000 0.616000  0.000022 0.000019 0.000053 0.000104 0.000057 0.000030 
3855808 gaussian 1 518 26 0.880000 0.693000  0.000031 0.000020 0.000058 0.000126 0.000059 0.000031 
3855808 gaussian 1 518 26 0.880000 0.617000  0.000022 0.000020 0.000058 0.000129 0.000065 0.000033 
3855872 gaussian 1 518 26 0.880000 0.772000  0.000020 0.000018 0.000051 0.000099 0.000052 0.000028 
