#Timestamp	Benchmark	Run(#)	CPU Frequency (MHz)	CPU Temperature(C)	CPU Voltage(V)	CPU Power(W)	CPU_CYCLES	L1_DATA_CACHE_ACCESS	INSTRUCTIONS_RETIRED	BUS_CYCLES	L1I_CACHE_ACCESS	PREDICTABLE_BRANCH_SPECULATIVELY_EXECUTED
2666688 particle_filter 1 307 24 0.842000 0.539000  0.000007 0.000007 0.000019 0.000037 0.000024 0.000012 
2666752 particle_filter 1 307 25 0.842000 0.539000  0.000007 0.000007 0.000019 0.000037 0.000024 0.000012 
2666752 particle_filter 1 307 25 0.842000 0.540000  0.000007 0.000007 0.000019 0.000036 0.000024 0.000012 
2666816 particle_filter 1 307 25 0.842000 0.539000  0.000007 0.000007 0.000019 0.000036 0.000024 0.000012 
2666816 particle_filter 1 307 25 0.842000 0.540000  0.000007 0.000007 0.000019 0.000035 0.000024 0.000012 
2666816 particle_filter 1 307 25 0.842000 0.617000  0.000007 0.000007 0.000019 0.000036 0.000024 0.000012 
2666880 particle_filter 1 307 25 0.842000 0.385000  0.000030 0.000027 0.000076 0.000153 0.000083 0.000045 
2666880 particle_filter 1 307 25 0.842000 0.308000  0.000027 0.000025 0.000071 0.000133 0.000072 0.000039 
2666944 particle_filter 1 307 24 0.842000 0.539000  0.005222 0.014318 0.005653 0.014388 0.000001 0.000357 
2666944 particle_filter 1 307 25 0.842000 0.308000  0.000007 0.000040 0.000026 0.000083 0.000000 0.000005 
2666944 particle_filter 1 307 25 0.842000 0.462000  0.000031 0.000027 0.000074 0.000156 0.000081 0.000042 
2667008 particle_filter 1 307 24 0.842000 0.308000  0.000007 0.000007 0.000019 0.000036 0.000024 0.000012 
2667008 particle_filter 1 307 25 0.842000 0.616000  0.000033 0.000028 0.000076 0.000156 0.000084 0.000043 
2667072 particle_filter 1 307 25 0.842000 0.462000  0.000028 0.000025 0.000071 0.000136 0.000073 0.000039 
2667072 particle_filter 1 307 25 0.842000 0.463000  0.000033 0.000027 0.000075 0.000154 0.000078 0.000041 
2667072 particle_filter 1 307 24 0.842000 0.539000  0.000037 0.000029 0.000079 0.000172 0.000089 0.000045 
2667136 particle_filter 1 307 24 0.842000 0.616000  0.000041 0.000027 0.000074 0.000155 0.000080 0.000041 
2667136 particle_filter 1 307 24 0.842000 0.462000  0.000029 0.000027 0.000073 0.000140 0.000078 0.000041 
2667200 particle_filter 1 307 24 0.842000 0.540000  0.000051 0.000040 0.000104 0.000180 0.000090 0.000051 
2667200 particle_filter 1 307 24 0.842000 0.462000  0.000035 0.000028 0.000077 0.000163 0.000085 0.000044 
2667264 particle_filter 1 307 24 0.842000 0.539000  0.000038 0.000030 0.000122 0.000300 0.000117 0.000054 
2667264 particle_filter 1 307 24 0.842000 0.385000  0.000030 0.000029 0.000098 0.000203 0.000114 0.000055 
2667264 particle_filter 1 307 24 0.842000 0.539000  0.000030 0.000030 0.000082 0.000177 0.000091 0.000046 
2667328 particle_filter 1 307 24 0.842000 0.462000  0.000029 0.000025 0.000070 0.000139 0.000072 0.000039 
2667328 particle_filter 1 307 25 0.842000 0.540000  0.000008 0.000007 0.000019 0.000038 0.000024 0.000012 
2667392 particle_filter 1 307 25 0.842000 0.617000  0.000007 0.000007 0.000020 0.000040 0.000025 0.000012 
2667392 particle_filter 1 307 24 0.842000 0.540000  0.000029 0.000026 0.000078 0.000167 0.000089 0.000044 
2667456 particle_filter 1 307 24 0.842000 0.462000  0.000047 0.000027 0.000073 0.000152 0.000075 0.000040 
2667456 particle_filter 1 307 25 0.842000 0.462000  0.000029 0.000026 0.000072 0.000188 0.000093 0.000047 
2667520 particle_filter 1 307 24 0.842000 0.308000  0.000054 0.000029 0.000077 0.000169 0.000079 0.000041 
2667520 particle_filter 1 307 25 0.842000 0.540000  0.000028 0.000026 0.000072 0.000180 0.000092 0.000049 
2667520 particle_filter 1 307 25 0.842000 0.539000  0.000031 0.000028 0.000079 0.000165 0.000082 0.000043 
2667584 particle_filter 1 307 24 0.842000 0.385000  0.000028 0.000026 0.000072 0.000181 0.000093 0.000053 
2667584 particle_filter 1 307 24 0.842000 0.540000  0.000015 0.000013 0.000037 0.000072 0.000039 0.000021 
2667648 particle_filter 1 307 24 0.842000 0.539000  0.000016 0.000014 0.000050 0.000170 0.000082 0.000037 
2667648 particle_filter 1 307 24 0.842000 0.539000  0.000027 0.000026 0.000072 0.000151 0.000076 0.000040 
2667712 particle_filter 1 307 25 0.842000 0.462000  0.000040 0.000030 0.000081 0.000179 0.000088 0.000044 
2667712 particle_filter 1 307 25 0.842000 0.462000  0.000027 0.000024 0.000068 0.000131 0.000069 0.000038 
2667712 particle_filter 1 307 25 0.842000 0.462000  0.000031 0.000026 0.000076 0.000172 0.000084 0.000044 
2667776 particle_filter 1 307 25 0.842000 0.463000  0.000045 0.000030 0.000081 0.000183 0.000086 0.000045 
2667776 particle_filter 1 307 25 0.842000 0.308000  0.000031 0.000026 0.000074 0.000152 0.000076 0.000040 
2667840 particle_filter 1 307 25 0.842000 0.540000  0.000007 0.000006 0.000018 0.000034 0.000022 0.000011 
2667840 particle_filter 1 307 25 0.842000 0.462000  0.000029 0.000025 0.000069 0.000143 0.000072 0.000038 
2667904 particle_filter 1 307 25 0.842000 0.617000  0.000031 0.000026 0.000072 0.000145 0.000075 0.000039 
2667904 particle_filter 1 307 25 0.842000 0.540000  0.000028 0.000025 0.000070 0.000136 0.000074 0.000039 
2667904 particle_filter 1 307 24 0.842000 0.385000  0.000026 0.000024 0.000067 0.000127 0.000069 0.000037 
2667968 particle_filter 1 307 24 0.842000 0.463000  0.000030 0.000025 0.000071 0.000142 0.000073 0.000039 
2667968 particle_filter 1 307 24 0.842000 0.462000  0.000028 0.000026 0.000070 0.000133 0.000075 0.000039 
2668032 particle_filter 1 307 24 0.842000 0.308000  0.000027 0.000024 0.000067 0.000127 0.000100 0.000049 
2668032 particle_filter 1 307 24 0.842000 0.463000  0.000028 0.000025 0.000070 0.000135 0.000074 0.000041 
2668096 particle_filter 1 307 24 0.842000 0.385000  0.000026 0.000026 0.000071 0.000147 0.000072 0.000038 
2668096 particle_filter 1 307 24 0.842000 0.462000  0.000028 0.000025 0.000089 0.000182 0.000090 0.000051 
2668096 particle_filter 1 307 24 0.842000 0.462000  0.024829 0.007997 0.017157 0.024845 0.009068 0.003772 
2668160 particle_filter 1 307 24 0.842000 0.463000  0.000004 0.000003 0.000010 0.000019 0.000012 0.000006 
2668160 particle_filter 1 307 24 0.842000 0.463000  0.000030 0.000025 0.000067 0.000132 0.000070 0.000036 
2668224 particle_filter 1 307 24 0.842000 0.462000  0.000027 0.000024 0.000111 0.000253 0.000099 0.000048 
2668224 particle_filter 1 307 24 0.842000 0.463000  0.000034 0.000027 0.000074 0.000160 0.000083 0.000042 
2668288 particle_filter 1 307 25 0.842000 0.539000  0.000029 0.000024 0.000067 0.000130 0.000069 0.000037 
2668288 particle_filter 1 307 25 0.842000 0.616000  0.004104 0.003763 0.010301 0.019745 0.010934 0.005790 
2668352 particle_filter 1 307 25 0.842000 0.540000  0.000027 0.000031 0.000084 0.000166 0.000082 0.000044 
2668352 particle_filter 1 307 24 0.842000 0.385000  0.000027 0.000025 0.000072 0.000146 0.000076 0.000040 
2668352 particle_filter 1 307 24 0.842000 0.462000  0.000030 0.000026 0.000100 0.000186 0.000090 0.000047 
2668416 particle_filter 1 307 24 0.842000 0.463000  0.000032 0.000027 0.000074 0.000152 0.000081 0.000042 
2668416 particle_filter 1 307 24 0.842000 0.462000  0.000031 0.000027 0.000075 0.000154 0.000082 0.000042 
2668480 particle_filter 1 307 24 0.842000 0.463000  0.000026 0.000024 0.000069 0.000140 0.000073 0.000039 
2668480 particle_filter 1 307 24 0.842000 0.462000  0.000032 0.000027 0.000074 0.000156 0.000082 0.000042 
2668480 particle_filter 1 307 25 0.842000 0.463000  0.000007 0.000006 0.000018 0.000034 0.000022 0.000011 
2668544 particle_filter 1 307 24 0.842000 0.540000  0.000007 0.000006 0.000018 0.000034 0.000023 0.000011 
2668544 particle_filter 1 307 24 0.842000 0.308000  0.000025 0.000023 0.000066 0.000124 0.000067 0.000036 
2668608 particle_filter 1 307 24 0.842000 0.463000  0.000028 0.000025 0.000068 0.000132 0.000074 0.000039 
2668608 particle_filter 1 307 24 0.842000 0.308000  0.000025 0.000026 0.000070 0.000140 0.000071 0.000037 
2668672 particle_filter 1 307 24 0.842000 0.462000  0.000051 0.000029 0.000077 0.000174 0.000085 0.000042 
2668672 particle_filter 1 307 24 0.842000 0.308000  0.000046 0.000025 0.000069 0.000145 0.000070 0.000037 
2668736 particle_filter 1 307 24 0.842000 0.462000  0.000027 0.000036 0.000087 0.000231 0.000106 0.000057 
2668736 particle_filter 1 307 24 0.842000 0.540000  0.000026 0.000024 0.000066 0.000130 0.000069 0.000038 
2668736 particle_filter 1 307 24 0.842000 0.385000  0.000033 0.000031 0.000083 0.000199 0.000091 0.000044 
2668800 particle_filter 1 307 24 0.842000 0.462000  0.000027 0.000025 0.000069 0.000139 0.000072 0.000037 
2668800 particle_filter 1 307 24 0.842000 0.463000  0.000006 0.000006 0.000018 0.000033 0.000022 0.000011 
2668864 particle_filter 1 307 24 0.842000 0.539000  0.000029 0.000024 0.000067 0.000141 0.000072 0.000038 
2668864 particle_filter 1 307 24 0.842000 0.462000  0.897418 0.230195 0.577420 0.898994 0.357419 0.110572 
2668928 particle_filter 1 307 25 0.842000 0.540000  0.000041 0.000032 0.000088 0.000210 0.000094 0.000046 
2668928 particle_filter 1 307 25 0.842000 0.463000  0.000026 0.000023 0.000065 0.000129 0.000067 0.000036 
2668992 particle_filter 1 307 25 0.842000 0.462000  0.000025 0.000025 0.000074 0.000178 0.000082 0.000042 
2668992 particle_filter 1 307 25 0.842000 0.462000  0.000007 0.000006 0.000017 0.000033 0.000022 0.000011 
2668992 particle_filter 1 307 25 0.842000 0.539000  0.000010 0.000007 0.000020 0.000041 0.000024 0.000012 
2669056 particle_filter 1 307 24 0.842000 0.540000  0.000006 0.000006 0.000017 0.000032 0.000021 0.000011 
2669056 particle_filter 1 307 25 0.842000 0.462000  0.000025 0.000023 0.000064 0.000120 0.000066 0.000036 
2669120 particle_filter 1 307 25 0.842000 0.539000  0.000027 0.000025 0.000069 0.000153 0.000077 0.000039 
2669120 particle_filter 1 307 25 0.842000 0.308000  0.000026 0.000023 0.000064 0.000142 0.000072 0.000037 
2669120 particle_filter 1 307 24 0.842000 0.539000  0.000027 0.000024 0.000067 0.000176 0.000087 0.000044 
2669184 particle_filter 1 307 24 0.842000 0.308000  0.000006 0.000037 0.000025 0.000077 0.000000 0.000004 
2669184 particle_filter 1 307 24 0.842000 0.385000  0.000031 0.000026 0.000069 0.000224 0.000096 0.000045 
2669248 particle_filter 1 307 24 0.842000 0.308000  0.000028 0.000023 0.000067 0.000134 0.000070 0.000037 
2669248 particle_filter 1 307 24 0.842000 0.462000  0.000460 0.000400 0.001112 0.002241 0.001202 0.000616 
2669312 particle_filter 1 307 24 0.842000 0.385000  0.000025 0.000023 0.000063 0.000128 0.000067 0.000036 
2669312 particle_filter 1 307 24 0.842000 0.462000  0.000028 0.000035 0.000085 0.000204 0.000103 0.000056 
2669376 particle_filter 1 307 24 0.842000 0.462000  0.000049 0.000025 0.000069 0.000154 0.000072 0.000037 
2669376 particle_filter 1 307 24 0.842000 0.463000  0.000028 0.000024 0.000066 0.000136 0.000071 0.000037 
2669376 particle_filter 1 307 24 0.842000 0.385000  0.000030 0.000023 0.000068 0.000155 0.000076 0.000040 
2669440 particle_filter 1 307 24 0.842000 0.617000  0.000026 0.000023 0.000066 0.000134 0.000070 0.000037 
2669440 particle_filter 1 307 24 0.842000 0.462000  0.000032 0.000026 0.000071 0.000151 0.000080 0.000040 
2669504 particle_filter 1 307 24 0.842000 0.308000  0.000025 0.000023 0.000063 0.000199 0.000094 0.000046 
2669504 particle_filter 1 307 24 0.842000 0.385000  0.000031 0.000025 0.000068 0.000136 0.000070 0.000037 
2669504 particle_filter 1 307 24 0.842000 0.462000  0.000024 0.000022 0.000066 0.000136 0.000068 0.000036 
2669568 particle_filter 1 307 24 0.842000 0.463000  0.000031 0.000025 0.000069 0.000144 0.000077 0.000040 
2669568 particle_filter 1 307 24 0.842000 0.462000  0.000032 0.000025 0.000071 0.000151 0.000071 0.000038 
2669632 particle_filter 1 307 24 0.842000 0.462000  0.000032 0.000027 0.000071 0.000151 0.000076 0.000039 
2669632 particle_filter 1 307 24 0.842000 0.385000  0.000007 0.000006 0.000017 0.000034 0.000021 0.000011 
2669696 particle_filter 1 307 24 0.842000 0.617000  0.000006 0.000006 0.000017 0.000032 0.000022 0.000011 
2669696 particle_filter 1 307 24 0.842000 0.463000  0.000027 0.000027 0.000080 0.000183 0.000116 0.000053 
2669696 particle_filter 1 307 24 0.842000 0.308000  0.000025 0.000022 0.000062 0.000118 0.000064 0.000034 
2669760 particle_filter 1 307 24 0.842000 0.462000  0.132577 0.032334 0.089546 0.132682 0.049800 0.017589 
2669760 particle_filter 1 307 24 0.842000 0.308000  0.000024 0.000022 0.000062 0.000118 0.000064 0.000035 
2669824 particle_filter 1 307 24 0.842000 0.463000  0.000028 0.000034 0.000083 0.000212 0.000097 0.000053 
2669824 particle_filter 1 307 24 0.842000 0.308000  0.000024 0.000022 0.000062 0.000118 0.000064 0.000034 
2669888 particle_filter 1 307 24 0.842000 0.462000  0.000026 0.000023 0.000064 0.000126 0.000069 0.000036 
2669888 particle_filter 1 307 24 0.842000 0.308000  0.000024 0.000022 0.000062 0.000115 0.000063 0.000034 
2669888 particle_filter 1 307 24 0.842000 0.462000  0.000032 0.000026 0.000069 0.000185 0.000087 0.000045 
2669952 particle_filter 1 307 24 0.842000 0.308000  0.000006 0.000006 0.000017 0.000032 0.000022 0.000011 
2669952 particle_filter 1 307 24 0.842000 0.385000  0.000026 0.000036 0.000087 0.000180 0.000099 0.000050 
2670016 particle_filter 1 307 24 0.842000 0.462000  0.000027 0.000023 0.000064 0.000130 0.000071 0.000037 
2670016 particle_filter 1 307 24 0.842000 0.462000  0.000029 0.000025 0.000067 0.000142 0.000075 0.000039 
2670080 particle_filter 1 307 24 0.842000 0.617000  0.000025 0.000025 0.000067 0.000141 0.000068 0.000036 
2670080 particle_filter 1 307 24 0.842000 0.617000  0.000030 0.000024 0.000069 0.000146 0.000075 0.000038 
2670144 particle_filter 1 307 25 0.842000 0.462000  0.000006 0.000005 0.000015 0.000029 0.000019 0.000009 
2670144 particle_filter 1 307 25 0.842000 0.617000  0.000006 0.000006 0.000017 0.000033 0.000021 0.000010 
2670144 particle_filter 1 307 24 0.842000 0.308000  0.000026 0.000022 0.000061 0.000122 0.000063 0.000034 
2670208 particle_filter 1 307 24 0.842000 0.616000  0.000001 0.000009 0.000008 0.000019 0.000000 0.000001 
2670208 particle_filter 1 307 24 0.842000 0.385000  0.000023 0.000022 0.000061 0.000125 0.000065 0.000035 
2670272 particle_filter 1 307 24 0.842000 0.463000  0.000006 0.000006 0.000016 0.000031 0.000021 0.000010 
2670272 particle_filter 1 307 24 0.842000 0.462000  0.000024 0.000022 0.000061 0.000115 0.000063 0.000034 
2670336 particle_filter 1 307 24 0.842000 0.463000  0.000025 0.000022 0.000061 0.000118 0.000063 0.000034 
2670336 particle_filter 1 307 24 0.842000 0.385000  0.000025 0.000023 0.000063 0.000119 0.000067 0.000035 
2670336 particle_filter 1 307 24 0.842000 0.462000  0.000024 0.000022 0.000061 0.000134 0.000069 0.000035 
2670400 particle_filter 1 307 24 0.842000 0.539000  0.000025 0.000023 0.000063 0.000216 0.000103 0.000049 
2670400 particle_filter 1 307 24 0.842000 0.308000  0.000025 0.000022 0.000061 0.000126 0.000064 0.000035 
2670464 particle_filter 1 307 24 0.842000 0.462000  0.000026 0.000023 0.000063 0.000132 0.000067 0.000035 
2670464 particle_filter 1 307 24 0.842000 0.308000  0.000007 0.000006 0.000016 0.000031 0.000020 0.000010 
2670464 particle_filter 1 307 24 0.842000 0.462000  0.000025 0.000023 0.000062 0.000122 0.000066 0.000035 
2670528 particle_filter 1 307 24 0.842000 0.308000  0.000024 0.000024 0.000065 0.000133 0.000066 0.000035 
2670592 particle_filter 1 307 24 0.842000 0.539000  0.000032 0.000027 0.000076 0.000168 0.000080 0.000040 
2670592 particle_filter 1 307 24 0.842000 0.540000  0.000024 0.000021 0.000060 0.000124 0.000064 0.000034 
2670592 particle_filter 1 307 24 0.842000 0.539000  0.000027 0.000027 0.000070 0.000154 0.000077 0.000038 
2670656 particle_filter 1 307 24 0.842000 0.462000  0.000024 0.000021 0.000060 0.000113 0.000062 0.000033 
2670656 particle_filter 1 307 24 0.842000 0.462000  0.000026 0.000023 0.000064 0.000128 0.000069 0.000036 
2670720 particle_filter 1 307 24 0.842000 0.462000  0.000023 0.000021 0.000060 0.000112 0.000061 0.000033 
2670720 particle_filter 1 307 24 0.842000 0.539000  0.000031 0.000024 0.000066 0.000149 0.000074 0.000038 
2670784 particle_filter 1 307 24 0.842000 0.308000  0.000024 0.000021 0.000072 0.000167 0.000075 0.000037 
2670784 particle_filter 1 307 24 0.842000 0.462000  0.000026 0.000023 0.000062 0.000127 0.000067 0.000035 
2670784 particle_filter 1 307 24 0.842000 0.539000  0.000027 0.000021 0.000059 0.000121 0.000074 0.000038 
2670848 particle_filter 1 307 24 0.842000 0.617000  0.000006 0.000006 0.000016 0.000030 0.000020 0.000010 
2670848 particle_filter 1 307 24 0.842000 0.462000  0.000023 0.000021 0.000059 0.000111 0.000061 0.000033 
2670912 particle_filter 1 307 24 0.842000 0.616000  0.000025 0.000023 0.000069 0.000149 0.000073 0.000037 
2670912 particle_filter 1 307 24 0.842000 0.308000  0.000023 0.000033 0.000079 0.000159 0.000074 0.000037 
2670976 particle_filter 1 307 24 0.842000 0.462000  0.000025 0.000023 0.000062 0.000132 0.000069 0.000036 
2670976 particle_filter 1 307 24 0.842000 0.308000  0.000023 0.000021 0.000059 0.000111 0.000060 0.000033 
2671040 particle_filter 1 307 24 0.842000 0.462000  0.000024 0.000022 0.000061 0.000157 0.000078 0.000045 
2671040 particle_filter 1 307 24 0.842000 0.308000  0.000130 0.000114 0.000320 0.000622 0.000333 0.000184 
2671104 particle_filter 1 307 24 0.842000 0.463000  0.000025 0.000033 0.000079 0.000195 0.000091 0.000050 
2671104 particle_filter 1 307 24 0.842000 0.462000  0.015939 0.004298 0.008808 0.016213 0.005872 0.002427 
2671104 particle_filter 1 307 24 0.842000 0.463000  0.000134 0.000119 0.000421 0.000876 0.000494 0.000240 
2671168 particle_filter 1 307 24 0.842000 0.540000  0.000024 0.000021 0.000058 0.000117 0.000062 0.000033 
2671168 particle_filter 1 307 24 0.842000 0.463000  2.843701 11.287339 4.079533 11.302558 0.000754 0.176371 
2671232 particle_filter 1 307 24 0.842000 0.616000  0.017133 0.004793 0.009397 0.017605 0.006114 0.002439 
2671232 particle_filter 1 307 24 0.842000 0.462000  0.000000 0.000000 0.164702 0.455537 0.000030 0.007309 
2671296 particle_filter 1 307 24 0.842000 0.462000  0.000023 0.000022 0.000063 0.000136 0.000067 0.000035 
2671296 particle_filter 1 307 24 0.842000 0.616000  0.000025 0.000023 0.000079 0.000168 0.000092 0.000045 
2671360 particle_filter 1 307 24 0.842000 0.462000  0.000031 0.000028 0.000081 0.000158 0.000102 0.000050 
2671360 particle_filter 1 307 24 0.842000 0.539000  0.000030 0.000028 0.000080 0.000152 0.000100 0.000050 
2671360 particle_filter 1 307 24 0.842000 0.463000  0.000021 0.000021 0.000058 0.000108 0.000059 0.000032 
2671424 particle_filter 1 307 24 0.842000 0.539000  0.000316 0.000165 0.000481 0.000964 0.000530 0.000251 
2671424 particle_filter 1 307 24 0.842000 0.463000  0.000023 0.000025 0.000066 0.000147 0.000067 0.000034 
2671488 particle_filter 1 307 24 0.842000 0.462000  0.000024 0.000022 0.000060 0.000116 0.000063 0.000033 
2671488 particle_filter 1 307 24 0.842000 0.385000  0.000027 0.000024 0.000065 0.000135 0.000072 0.000037 
2671488 particle_filter 1 307 24 0.842000 0.540000  0.000026 0.000025 0.000066 0.000132 0.000067 0.000034 
2671552 particle_filter 1 307 24 0.842000 0.462000  0.000023 0.000031 0.000077 0.000152 0.000089 0.000044 
2671552 particle_filter 1 307 24 0.842000 0.463000  0.000006 0.000005 0.000016 0.000030 0.000019 0.000010 
2671616 particle_filter 1 307 24 0.842000 0.462000  0.000029 0.000023 0.000063 0.000130 0.000070 0.000036 
2671616 particle_filter 1 307 24 0.842000 0.385000  0.000023 0.000020 0.000057 0.000110 0.000060 0.000032 
2671680 particle_filter 1 307 24 0.842000 0.463000  0.000025 0.000022 0.000061 0.000126 0.000078 0.000038 
2671680 particle_filter 1 307 24 0.842000 0.462000  0.000023 0.000021 0.000057 0.000111 0.000059 0.000032 
2671744 particle_filter 1 307 24 0.842000 0.539000  0.000028 0.000021 0.000059 0.000128 0.000062 0.000033 
2671744 particle_filter 1 307 24 0.842000 0.385000  0.000022 0.000020 0.000057 0.000114 0.000058 0.000031 
2671744 particle_filter 1 307 24 0.842000 0.462000  0.000029 0.000023 0.000062 0.000140 0.000069 0.000036 
2671808 particle_filter 1 307 24 0.842000 0.616000  0.000022 0.000020 0.000057 0.000147 0.000068 0.000034 
2671808 particle_filter 1 307 24 0.842000 0.462000  0.000023 0.000023 0.000060 0.000124 0.000064 0.000034 
2671872 particle_filter 1 307 24 0.842000 0.462000  0.000023 0.000022 0.000061 0.000132 0.000070 0.000035 
2671872 particle_filter 1 307 24 0.842000 0.462000  0.000024 0.000021 0.000059 0.000115 0.000062 0.000033 
2671936 particle_filter 1 307 24 0.842000 0.539000  0.000028 0.000022 0.000062 0.000133 0.000066 0.000034 
2671936 particle_filter 1 307 24 0.842000 0.462000  0.000029 0.000023 0.000065 0.000147 0.000069 0.000036 
2672000 particle_filter 1 307 24 0.842000 0.462000  0.000249 0.000153 0.001722 0.001448 0.000760 0.000412 
2672000 particle_filter 1 307 24 0.842000 0.462000  0.000025 0.000022 0.000061 0.000124 0.000067 0.000034 
2672064 particle_filter 1 307 24 0.842000 0.463000  0.000022 0.000020 0.000056 0.000105 0.000058 0.000031 
2672064 particle_filter 1 307 24 0.842000 0.539000  0.093045 0.025060 0.061435 0.093224 0.036106 0.013235 
2672128 particle_filter 1 307 24 0.842000 0.308000  0.000023 0.000020 0.000056 0.000107 0.000059 0.000031 
2672128 particle_filter 1 307 24 0.842000 0.462000  0.000022 0.000020 0.000056 0.000109 0.000060 0.000032 
2672128 particle_filter 1 307 24 0.842000 0.385000  0.000022 0.000020 0.000056 0.000120 0.000061 0.000032 
2672192 particle_filter 1 307 24 0.842000 0.462000  0.000024 0.000021 0.000060 0.000127 0.000064 0.000033 
2672192 particle_filter 1 307 24 0.842000 0.462000  0.000022 0.000020 0.000056 0.000105 0.000058 0.000031 
2672256 particle_filter 1 307 24 0.842000 0.616000  0.000022 0.000022 0.000061 0.000126 0.000064 0.000033 
2672256 particle_filter 1 307 24 0.842000 0.540000  0.000027 0.000022 0.000061 0.000129 0.000068 0.000035 
2672320 particle_filter 1 307 24 0.842000 0.539000  0.000163 0.000126 0.000367 0.000927 0.000396 0.000200 
2672320 particle_filter 1 307 24 0.842000 0.540000  0.000062 0.000025 0.000065 0.000154 0.000068 0.000034 
2672384 particle_filter 1 307 24 0.842000 0.617000  0.000026 0.000021 0.000059 0.000121 0.000060 0.000032 
2672384 particle_filter 1 307 24 0.842000 0.539000  0.000024 0.000021 0.000057 0.000140 0.000072 0.000036 
2672448 particle_filter 1 307 24 0.842000 0.308000  0.000022 0.000020 0.000055 0.000105 0.000057 0.000031 
2672448 particle_filter 1 307 24 0.842000 0.462000  0.000006 0.000005 0.000015 0.000028 0.000019 0.000009 
2672448 particle_filter 1 307 24 0.842000 0.385000  0.000022 0.000020 0.000055 0.000104 0.000057 0.000031 
2672512 particle_filter 1 307 24 0.842000 0.462000  0.000022 0.000021 0.000057 0.000111 0.000060 0.000032 
2672512 particle_filter 1 307 24 0.842000 0.462000  0.000048 0.000028 0.000070 0.000158 0.000070 0.000035 
2672576 particle_filter 1 307 24 0.842000 0.463000  0.000031 0.000024 0.000068 0.000158 0.000070 0.000037 
2672576 particle_filter 1 307 24 0.842000 0.540000  0.000025 0.000022 0.000060 0.000127 0.000065 0.000033 
2672640 particle_filter 1 307 24 0.842000 0.539000  0.000026 0.000020 0.000058 0.000117 0.000060 0.000032 
2672640 particle_filter 1 307 24 0.842000 0.462000  0.000023 0.000030 0.000073 0.000183 0.000089 0.000048 
