#Timestamp	Benchmark	Run(#)	CPU Frequency (MHz)	CPU Temperature(C)	CPU Voltage(V)	CPU Power(W)	CPU_CYCLES	L1_DATA_CACHE_ACCESS	INSTRUCTIONS_RETIRED	BUS_CYCLES	L1I_CACHE_ACCESS	PREDICTABLE_BRANCH_SPECULATIVELY_EXECUTED
4257664 nn 1 614 25 0.919000 0.694000  0.000075 0.000067 0.000184 0.000360 0.000195 0.000103 
4257664 nn 1 614 25 0.919000 0.231000  0.000075 0.000099 0.000237 0.000496 0.000281 0.000136 
4257728 nn 1 614 25 0.919000 0.848000  0.000094 0.000071 0.000197 0.000436 0.000221 0.000111 
4257728 nn 1 614 25 0.919000 0.540000  0.000069 0.000062 0.000174 0.000340 0.000180 0.000096 
4257728 nn 1 614 25 0.919000 0.617000  0.000076 0.000066 0.000183 0.000383 0.000200 0.000103 
4257792 nn 1 614 25 0.919000 0.539000  0.492960 0.115765 0.225148 0.493312 0.135167 0.055828 
4257792 nn 1 614 25 0.919000 0.616000  0.000045 0.000040 0.000110 0.000268 0.000130 0.000065 
4257792 nn 1 614 25 0.919000 0.847000  0.000049 0.000039 0.000108 0.000231 0.000120 0.000061 
4257856 nn 1 614 25 0.919000 0.693000  0.000086 0.000071 0.000195 0.000428 0.000216 0.000110 
4257856 nn 1 614 25 0.919000 0.771000  0.000077 0.000065 0.000179 0.000367 0.000192 0.000101 
4257920 nn 1 614 25 0.919000 0.847000  0.000074 0.000065 0.000178 0.000350 0.000191 0.000100 
4257920 nn 1 614 25 0.919000 0.925000  0.000088 0.000068 0.000180 0.000374 0.000188 0.000098 
