#Timestamp	Benchmark	Run(#)	CPU Frequency (MHz)	CPU Temperature(C)	CPU Voltage(V)	CPU Power(W)	CPU_CYCLES	L1_DATA_CACHE_ACCESS	INSTRUCTIONS_RETIRED	BUS_CYCLES	L1I_CACHE_ACCESS	PREDICTABLE_BRANCH_SPECULATIVELY_EXECUTED
5755648 nw 1 1224 27 1.072000 1.465000  0.000005 0.000004 0.000011 0.000024 0.000014 0.000007 
5755648 nw 1 1224 27 1.072000 1.618000  0.120050 0.508286 0.143962 0.508474 0.000025 0.008195 
5755712 nw 1 1224 27 1.072000 0.925000  0.000017 0.000014 0.000040 0.000080 0.000042 0.000022 
5755712 nw 1 1224 27 1.072000 1.312000  0.000022 0.000016 0.000044 0.000098 0.000048 0.000024 
5755776 nw 1 1224 27 1.072000 0.926000  0.000018 0.000015 0.000041 0.000082 0.000044 0.000023 
5755776 nw 1 1224 27 1.072000 1.156000  0.000021 0.000016 0.000043 0.000096 0.000048 0.000024 
5755776 nw 1 1224 27 1.072000 1.618000  0.000026 0.000018 0.000047 0.000123 0.000052 0.000025 
5755840 nw 1 1224 27 1.072000 1.310000  0.000016 0.000014 0.000040 0.000079 0.000044 0.000023 
5755840 nw 1 1224 27 1.072000 1.311000  0.000017 0.000014 0.000051 0.000103 0.000060 0.000029 
5755840 nw 1 1224 27 1.072000 0.848000  0.000053 0.000022 0.000053 0.000142 0.000064 0.000037 
5755904 nw 1 1224 27 1.072000 1.156000  0.000017 0.000015 0.000053 0.000138 0.000058 0.000031 
5755904 nw 1 1224 28 1.072000 1.387000  0.011274 0.002070 0.004996 0.011693 0.002932 0.001298 
5755968 nw 1 1224 28 1.072000 0.924000  0.000017 0.000014 0.000039 0.000081 0.000041 0.000023 
5755968 nw 1 1224 28 1.072000 1.387000  0.000017 0.000015 0.000041 0.000081 0.000044 0.000023 
