#Timestamp	Benchmark	Run(#)	CPU Frequency (MHz)	CPU Temperature(C)	CPU Voltage(V)	CPU Power(W)	CPU_CYCLES	L1_DATA_CACHE_ACCESS	INSTRUCTIONS_RETIRED	BUS_CYCLES	L1I_CACHE_ACCESS	PREDICTABLE_BRANCH_SPECULATIVELY_EXECUTED
6027584 bfs 1 1428 27 1.130000 1.310000  0.000019 0.000014 0.000039 0.000088 0.000049 0.000024 
6027584 bfs 1 1428 28 1.130000 2.618000  0.000017 0.000013 0.000039 0.000080 0.000049 0.000024 
6027648 bfs 1 1428 28 1.130000 1.387000  0.000016 0.000013 0.000039 0.000078 0.000048 0.000024 
6027648 bfs 1 1428 28 1.130000 1.773000  0.000063 0.000054 0.000147 0.000422 0.000193 0.000096 
6027648 bfs 1 1428 28 1.130000 1.310000  0.000064 0.000054 0.000147 0.000304 0.000157 0.000082 
6027712 bfs 1 1428 28 1.130000 1.309000  0.000063 0.000053 0.000146 0.000451 0.000198 0.000094 
6027712 bfs 1 1428 28 1.130000 2.155000  0.000068 0.000054 0.000149 0.000326 0.000165 0.000084 
6027712 bfs 1 1428 28 1.130000 1.388000  0.000057 0.000050 0.000140 0.000273 0.000145 0.000077 
6027776 bfs 1 1428 27 1.130000 1.848000  0.000059 0.000077 0.000186 0.000466 0.000215 0.000118 
6027776 bfs 1 1428 27 1.130000 1.309000  0.000062 0.000052 0.000143 0.000284 0.000153 0.000080 
6027776 bfs 1 1428 27 1.130000 1.619000  0.000058 0.000051 0.000142 0.000277 0.000150 0.000079 
6027840 bfs 1 1428 27 1.130000 2.310000  0.000059 0.000052 0.000160 0.000380 0.000174 0.000086 
6027840 bfs 1 1428 27 1.130000 1.311000  0.000057 0.000050 0.000141 0.000323 0.000146 0.000077 
6027904 bfs 1 1428 27 1.130000 1.541000  0.000410 0.000310 0.000858 0.001873 0.000731 0.000325 
6027904 bfs 1 1428 27 1.130000 2.004000  0.000067 0.000051 0.000143 0.000331 0.000162 0.000083 
6027904 bfs 1 1428 27 1.130000 1.310000  0.000053 0.000047 0.000133 0.000259 0.000137 0.000073 
6027968 bfs 1 1428 27 1.130000 1.928000  0.000397 0.000295 0.000805 0.001776 0.000761 0.000344 
6027968 bfs 1 1428 27 1.130000 1.310000  0.000058 0.000050 0.000136 0.000269 0.000145 0.000076 
6027968 bfs 1 1428 27 1.130000 1.310000  0.000055 0.000050 0.000136 0.000265 0.000144 0.000076 
6028032 bfs 1 1428 27 1.130000 2.080000  0.000056 0.000049 0.000135 0.000265 0.000143 0.000075 
6028032 bfs 1 1428 27 1.130000 1.541000  0.000073 0.000048 0.000137 0.000314 0.000140 0.000073 
6028032 bfs 1 1428 27 1.130000 1.696000  0.000064 0.000051 0.000139 0.000306 0.000154 0.000079 
6028096 bfs 1 1428 27 1.130000 2.158000  0.000069 0.000051 0.000142 0.000315 0.000156 0.000079 
6028096 bfs 1 1428 27 1.130000 1.388000  0.000070 0.000052 0.000141 0.000307 0.000154 0.000079 
6028096 bfs 1 1428 27 1.130000 1.773000  0.000056 0.000049 0.000133 0.000266 0.000142 0.000075 
6028160 bfs 1 1428 27 1.130000 1.695000  0.000089 0.000049 0.000135 0.000305 0.000141 0.000073 
6028160 bfs 1 1428 27 1.130000 1.387000  0.000053 0.000047 0.000131 0.000254 0.000139 0.000073 
6028224 bfs 1 1428 27 1.130000 1.233000  0.000063 0.000048 0.000131 0.000278 0.000139 0.000121 
6028224 bfs 1 1428 27 1.130000 1.233000  0.000074 0.000050 0.000134 0.000294 0.000149 0.000076 
6028224 bfs 1 1428 27 1.130000 2.158000  0.000059 0.000047 0.000133 0.000291 0.000147 0.000076 
6028288 bfs 1 1428 27 1.130000 1.233000  0.000069 0.000048 0.000135 0.000335 0.000140 0.000073 
6028288 bfs 1 1428 27 1.130000 1.233000  0.000065 0.000048 0.000133 0.000287 0.000144 0.000075 
6028288 bfs 1 1428 27 1.130000 1.464000  0.000064 0.000047 0.000129 0.000338 0.000144 0.000074 
6028352 bfs 1 1428 27 1.130000 1.233000  0.000069 0.000049 0.000136 0.000306 0.000152 0.000077 
6028352 bfs 1 1428 27 1.130000 2.004000  0.000065 0.000050 0.000138 0.000313 0.000154 0.000077 
6028352 bfs 1 1428 27 1.130000 1.309000  0.000052 0.000044 0.000123 0.000242 0.000125 0.000068 
6028416 bfs 1 1428 27 1.130000 1.696000  0.000066 0.000050 0.000136 0.000290 0.000145 0.000075 
6028416 bfs 1 1428 27 1.130000 1.233000  0.000053 0.000047 0.000133 0.000294 0.000144 0.000073 
6028416 bfs 1 1428 27 1.130000 1.848000  0.000059 0.000048 0.000135 0.000300 0.000150 0.000077 
6028480 bfs 1 1428 27 1.130000 2.158000  0.000056 0.000046 0.000126 0.000253 0.000166 0.000082 
6028480 bfs 1 1428 27 1.130000 1.465000  0.000051 0.000044 0.000121 0.000240 0.000129 0.000067 
6028480 bfs 1 1428 27 1.130000 1.464000  0.000066 0.000053 0.000137 0.000321 0.000155 0.000077 
6028544 bfs 1 1428 27 1.130000 1.233000  0.000064 0.000049 0.000132 0.000282 0.000142 0.000073 
6028544 bfs 1 1428 27 1.130000 1.465000  0.000060 0.000048 0.000131 0.000278 0.000148 0.000075 
6028544 bfs 1 1428 27 1.130000 1.464000  0.000056 0.000045 0.000127 0.000280 0.000141 0.000072 
6028608 bfs 1 1428 27 1.130000 1.233000  0.000064 0.000049 0.000132 0.000285 0.000144 0.000074 
6028608 bfs 1 1428 28 1.130000 2.004000  0.000051 0.000045 0.000159 0.000343 0.000161 0.000090 
6028672 bfs 1 1428 28 1.130000 1.233000  0.000067 0.000043 0.000119 0.000249 0.000123 0.000066 
6028672 bfs 1 1428 27 1.130000 1.850000  0.000053 0.000044 0.000123 0.000272 0.000140 0.000072 
6028672 bfs 1 1428 28 1.130000 2.235000  0.000057 0.000044 0.000121 0.000355 0.000140 0.000075 
6028736 bfs 1 1428 28 1.130000 1.233000  0.000052 0.000044 0.000127 0.000274 0.000136 0.000071 
6028736 bfs 1 1428 27 1.130000 2.003000  0.000053 0.000044 0.000123 0.000271 0.000137 0.000072 
6028736 bfs 1 1428 27 1.130000 1.309000  0.000054 0.000041 0.000115 0.000258 0.000123 0.000066 
6028800 bfs 1 1428 27 1.130000 1.924000  0.000057 0.000045 0.000125 0.000303 0.000144 0.000072 
6028800 bfs 1 1428 27 1.130000 1.232000  0.000054 0.000045 0.000126 0.000288 0.000136 0.000069 
6028800 bfs 1 1428 27 1.130000 1.388000  0.000054 0.000044 0.000124 0.000257 0.000138 0.000070 
6028864 bfs 1 1428 27 1.130000 2.004000  0.000051 0.000043 0.000118 0.000248 0.000130 0.000068 
6028864 bfs 1 1428 27 1.130000 1.233000  0.000047 0.000041 0.000113 0.000226 0.000117 0.000063 
6028864 bfs 1 1428 27 1.130000 1.463000  0.000092 0.000053 0.000135 0.000333 0.000146 0.000074 
6028928 bfs 1 1428 27 1.130000 1.234000  0.000047 0.000043 0.000117 0.000234 0.000123 0.000066 
6028928 bfs 1 1428 27 1.130000 1.233000  0.000048 0.000062 0.000151 0.000355 0.000172 0.000095 
6028928 bfs 1 1428 27 1.130000 2.003000  0.000054 0.000042 0.000118 0.000256 0.000130 0.000067 
6028992 bfs 1 1428 27 1.130000 1.233000  0.000045 0.000040 0.000111 0.000216 0.000115 0.000062 
6028992 bfs 1 1428 27 1.130000 2.158000  0.000057 0.000042 0.000121 0.000270 0.000134 0.000069 
6029056 bfs 1 1428 27 1.130000 1.233000  0.000058 0.000045 0.000125 0.000278 0.000137 0.000071 
6029056 bfs 1 1428 27 1.130000 1.464000  0.000053 0.000042 0.000117 0.000252 0.000129 0.000067 
6029056 bfs 1 1428 27 1.130000 1.311000  0.000049 0.000042 0.000120 0.000270 0.000132 0.000068 
6029120 bfs 1 1428 27 1.130000 1.310000  0.000055 0.000043 0.000122 0.000258 0.000126 0.000065 
6029120 bfs 1 1428 27 1.130000 1.925000  0.000046 0.000041 0.000114 0.000301 0.000146 0.000074 
6029120 bfs 1 1428 27 1.130000 1.233000  0.000048 0.000041 0.000114 0.000225 0.000121 0.000064 
6029184 bfs 1 1428 27 1.130000 1.465000  0.000313 0.000063 0.000237 0.000489 0.000190 0.000094 
6029184 bfs 1 1428 27 1.130000 1.311000  0.000062 0.000044 0.000119 0.000263 0.000130 0.000066 
6029184 bfs 1 1428 27 1.130000 1.465000  0.000045 0.000039 0.000108 0.000217 0.000112 0.000060 
6029248 bfs 1 1428 27 1.130000 2.080000  0.000070 0.000048 0.000124 0.000277 0.000130 0.000066 
6029248 bfs 1 1428 27 1.130000 1.695000  0.000054 0.000043 0.000120 0.000250 0.000132 0.000067 
6029248 bfs 1 1428 28 1.130000 1.387000  0.000059 0.000042 0.000116 0.000265 0.000132 0.000067 
6029312 bfs 1 1428 28 1.130000 1.233000  0.000048 0.000041 0.000113 0.000252 0.000122 0.000063 
6029312 bfs 1 1428 28 1.130000 1.311000  0.000047 0.000041 0.000114 0.000243 0.000121 0.000063 
6029312 bfs 1 1428 27 1.130000 2.157000  0.000051 0.000040 0.000114 0.000262 0.000130 0.000066 
6029376 bfs 1 1428 27 1.130000 1.233000  0.000043 0.000037 0.000105 0.000206 0.000107 0.000058 
6029376 bfs 1 1428 27 1.130000 1.928000  0.000050 0.000041 0.000112 0.000248 0.000126 0.000065 
6029376 bfs 1 1428 27 1.130000 1.695000  0.000047 0.000040 0.000111 0.000231 0.000121 0.000064 
6029440 bfs 1 1428 27 1.130000 1.233000  0.000051 0.000041 0.000114 0.000242 0.000122 0.000063 
6029440 bfs 1 1428 27 1.130000 2.082000  0.000045 0.000040 0.000108 0.000212 0.000116 0.000061 
6029504 bfs 1 1428 27 1.130000 1.465000  0.000049 0.000038 0.000108 0.000236 0.000112 0.000059 
6029504 bfs 1 1428 27 1.130000 1.233000  0.000045 0.000039 0.000107 0.000214 0.000114 0.000060 
6029504 bfs 1 1428 27 1.130000 1.310000  0.000045 0.000039 0.000107 0.000217 0.000115 0.000060 
6029568 bfs 1 1428 27 1.130000 1.233000  0.000049 0.000040 0.000112 0.000248 0.000125 0.000064 
6029568 bfs 1 1428 27 1.130000 1.464000  0.000044 0.000039 0.000106 0.000209 0.000113 0.000060 
6029568 bfs 1 1428 27 1.130000 1.232000  0.000044 0.000037 0.000104 0.000224 0.000108 0.000058 
6029632 bfs 1 1428 27 1.130000 1.234000  0.000047 0.000038 0.000107 0.000231 0.000118 0.000062 
6029632 bfs 1 1428 27 1.130000 1.311000  0.000046 0.000038 0.000106 0.000219 0.000114 0.000059 
6029632 bfs 1 1428 27 1.130000 1.387000  0.000054 0.000041 0.000112 0.000243 0.000120 0.000063 
6029696 bfs 1 1428 27 1.130000 2.002000  0.000045 0.000038 0.000105 0.000208 0.000112 0.000059 
6029696 bfs 1 1428 27 1.130000 1.233000  0.000056 0.000042 0.000112 0.000346 0.000117 0.000060 
6029696 bfs 1 1428 27 1.130000 1.849000  0.000041 0.000038 0.000104 0.000202 0.000111 0.000058 
6029760 bfs 1 1428 27 1.130000 1.232000  0.000050 0.000040 0.000110 0.000233 0.000123 0.000062 
6029760 bfs 1 1428 27 1.130000 1.465000  0.000049 0.000039 0.000108 0.000244 0.000122 0.000062 
6029760 bfs 1 1428 27 1.130000 1.849000  0.000044 0.000043 0.000115 0.000275 0.000128 0.000064 
6029824 bfs 1 1428 27 1.130000 1.232000  0.000042 0.000035 0.000099 0.000196 0.000102 0.000055 
6029824 bfs 1 1428 27 1.130000 1.847000  0.000053 0.000041 0.000109 0.000240 0.000120 0.000061 
6029824 bfs 1 1428 27 1.130000 1.387000  0.000042 0.000037 0.000102 0.000203 0.000108 0.000057 
6029888 bfs 1 1428 27 1.130000 1.233000  0.000042 0.000037 0.000131 0.000274 0.000154 0.000075 
6029888 bfs 1 1428 27 1.130000 2.390000  0.000043 0.000037 0.000101 0.000201 0.000109 0.000057 
6029952 bfs 1 1428 27 1.130000 1.233000  0.487520 -0.365537 0.577072 -0.365389 0.000150 0.045713 
6029952 bfs 1 1428 27 1.130000 1.541000  0.000040 0.000037 0.000101 0.000197 0.000107 0.000057 
6029952 bfs 1 1428 27 1.130000 2.159000  0.000052 0.000041 0.000108 0.000466 0.000148 0.000094 
6030016 bfs 1 1428 27 1.130000 1.233000  0.000046 0.000037 0.000102 0.000223 0.000113 0.000058 
6030016 bfs 1 1428 27 1.130000 2.002000  0.000043 0.000037 0.000101 0.000200 0.000108 0.000056 
6030016 bfs 1 1428 27 1.130000 1.233000  0.000040 0.000035 0.000096 0.000186 0.000099 0.000053 
6030080 bfs 1 1428 27 1.130000 1.926000  0.000041 0.000036 0.000100 0.000195 0.000105 0.000056 
6030080 bfs 1 1428 27 1.130000 1.233000  0.000043 0.000036 0.000100 0.000196 0.000107 0.000056 
6030080 bfs 1 1428 27 1.130000 1.232000  0.000039 0.000036 0.000099 0.000188 0.000104 0.000055 
6030144 bfs 1 1428 27 1.130000 1.311000  0.000043 0.000036 0.000098 0.000196 0.000104 0.000055 
6030144 bfs 1 1428 27 1.130000 1.619000  0.000038 0.000034 0.000095 0.000184 0.000107 0.000055 
6030144 bfs 1 1428 27 1.130000 2.159000  0.000045 0.000035 0.000099 0.000213 0.000110 0.000056 
6030208 bfs 1 1428 27 1.130000 1.310000  0.000051 0.000039 0.000106 0.000242 0.000119 0.000060 
6030208 bfs 1 1428 27 1.130000 1.232000  0.000052 0.000038 0.000102 0.000225 0.000111 0.000057 
6030208 bfs 1 1428 27 1.130000 1.618000  0.000046 0.000035 0.000100 0.000226 0.000114 0.000061 
6030272 bfs 1 1428 27 1.130000 1.465000  0.000046 0.000038 0.000106 0.000232 0.000116 0.000059 
6030272 bfs 1 1428 27 1.130000 2.080000  0.000050 0.000037 0.000102 0.000220 0.000111 0.000057 
6030272 bfs 1 1428 27 1.130000 1.233000  0.000044 0.000033 0.000092 0.000208 0.000103 0.000054 
6030336 bfs 1 1428 28 1.130000 1.927000  0.000050 0.000037 0.000100 0.000216 0.000107 0.000056 
6030336 bfs 1 1428 28 1.130000 1.234000  0.000040 0.000035 0.000096 0.000191 0.000101 0.000054 
6030400 bfs 1 1428 27 1.130000 1.233000  0.000039 0.000035 0.000095 0.000183 0.000101 0.000054 
6030400 bfs 1 1428 27 1.130000 2.234000  0.000048 0.000037 0.000099 0.000223 0.000110 0.000056 
6030400 bfs 1 1428 27 1.130000 1.232000  0.000037 0.000032 0.000091 0.000182 0.000094 0.000050 
6030464 bfs 1 1428 27 1.130000 1.849000  0.000048 0.000037 0.000101 0.000224 0.000109 0.000056 
6030464 bfs 1 1428 27 1.130000 1.233000  0.000041 0.000034 0.000094 0.000189 0.000100 0.000053 
6030464 bfs 1 1428 27 1.130000 1.542000  0.000041 0.000034 0.000094 0.000184 0.000099 0.000053 
6030528 bfs 1 1428 27 1.130000 2.233000  0.000043 0.000034 0.000095 0.000222 0.000108 0.000055 
6030528 bfs 1 1428 27 1.130000 1.233000  0.000037 0.000032 0.000089 0.000174 0.000091 0.000049 
6030528 bfs 1 1428 27 1.130000 1.850000  0.000038 0.000034 0.000093 0.000182 0.000099 0.000052 
6030592 bfs 1 1428 27 1.130000 1.388000  0.000041 0.000034 0.000092 0.000186 0.000099 0.000052 
6030592 bfs 1 1428 27 1.130000 1.311000  0.000048 0.000036 0.000098 0.000214 0.000108 0.000056 
6030592 bfs 1 1428 27 1.130000 2.081000  0.000040 0.000034 0.000092 0.000183 0.000099 0.000052 
6030656 bfs 1 1428 27 1.130000 1.234000  0.000044 0.000034 0.000093 0.000188 0.000099 0.000052 
6030656 bfs 1 1428 27 1.130000 1.771000  0.000047 0.000035 0.000097 0.000214 0.000105 0.000053 
6030656 bfs 1 1428 27 1.130000 1.233000  0.000042 0.000032 0.000091 0.000203 0.000094 0.000050 
6030720 bfs 1 1428 27 1.130000 1.309000  0.000039 0.000034 0.000094 0.000204 0.000102 0.000053 
6030720 bfs 1 1428 27 1.130000 1.233000  0.000040 0.000033 0.000092 0.000192 0.000100 0.000052 
6030784 bfs 1 1428 27 1.130000 1.310000  0.000046 0.000036 0.000098 0.000220 0.000109 0.000056 
6030784 bfs 1 1428 27 1.130000 2.079000  0.000049 0.000035 0.000094 0.000205 0.000103 0.000053 
6030784 bfs 1 1428 27 1.130000 1.234000  0.000052 0.000032 0.000090 0.000197 0.000093 0.000050 
6030848 bfs 1 1428 27 1.130000 1.464000  0.000046 0.000035 0.000094 0.000207 0.000150 0.000071 
6030848 bfs 1 1428 27 1.130000 1.464000  0.000046 0.000035 0.000094 0.000208 0.000104 0.000053 
6030848 bfs 1 1428 27 1.130000 1.311000  0.000041 0.000033 0.000092 0.000189 0.000102 0.000052 
6030912 bfs 1 1428 27 1.130000 1.929000  0.000037 0.000032 0.000089 0.000174 0.000094 0.000050 
6030912 bfs 1 1428 27 1.130000 1.232000  0.000037 0.000032 0.000087 0.000192 0.000093 0.000049 
6030912 bfs 1 1428 27 1.130000 1.847000  0.000273 0.000064 0.000152 0.000445 0.000150 0.000070 
6030976 bfs 1 1428 27 1.130000 1.234000  0.446257 -0.136622 0.525980 -0.136549 0.000137 0.040852 
6030976 bfs 1 1428 27 1.130000 1.234000  0.000037 0.000032 0.000088 0.000174 0.000093 0.000049 
6030976 bfs 1 1428 27 1.130000 2.159000  0.000038 0.000032 0.000087 0.000175 0.000094 0.000049 
6031040 bfs 1 1428 27 1.130000 1.311000  0.000037 0.000030 0.000084 0.000170 0.000088 0.000047 
6031040 bfs 1 1428 27 1.130000 1.774000  0.000011 0.000068 0.000044 0.000139 0.000000 0.000008 
6031040 bfs 1 1428 27 1.130000 1.233000  0.000036 0.000031 0.000086 0.000170 0.000092 0.000051 
6031104 bfs 1 1428 27 1.130000 1.233000  0.000040 0.000033 0.000090 0.000195 0.000099 0.000051 
6031104 bfs 1 1428 27 1.130000 2.005000  0.000038 0.000031 0.000088 0.000197 0.000100 0.000051 
6031104 bfs 1 1428 27 1.130000 1.311000  0.000035 0.000030 0.000083 0.000160 0.000085 0.000046 
6031168 bfs 1 1428 27 1.130000 1.925000  0.000035 0.000031 0.000086 0.000170 0.000092 0.000048 
6031168 bfs 1 1428 27 1.130000 1.233000  0.000038 0.000031 0.000085 0.000188 0.000098 0.000050 
6031232 bfs 1 1428 27 1.130000 1.388000  0.000041 0.000033 0.000091 0.000193 0.000103 0.000052 
6031232 bfs 1 1428 27 1.130000 1.387000  0.000040 0.000033 0.000091 0.000202 0.000102 0.000052 
6031232 bfs 1 1428 27 1.130000 1.233000  0.000039 0.000032 0.000088 0.000190 0.000097 0.000050 
6031296 bfs 1 1428 27 1.130000 1.925000  0.000043 0.000033 0.000090 0.000193 0.000096 0.000050 
6031296 bfs 1 1428 27 1.130000 1.233000  0.000035 0.000031 0.000085 0.000173 0.000090 0.000048 
6031296 bfs 1 1428 27 1.130000 1.232000  0.000040 0.000032 0.000093 0.000207 0.000101 0.000051 
6031360 bfs 1 1428 27 1.130000 2.082000  0.000036 0.000031 0.000109 0.000245 0.000111 0.000055 
6031360 bfs 1 1428 27 1.130000 1.465000  0.000037 0.000031 0.000087 0.000206 0.000090 0.000047 
6031360 bfs 1 1428 27 1.130000 1.848000  0.000037 0.000032 0.000089 0.000201 0.000100 0.000050 
6031424 bfs 1 1428 27 1.130000 1.233000  0.000033 0.000030 0.000083 0.000165 0.000088 0.000047 
6031424 bfs 1 1428 27 1.130000 1.311000  0.000039 0.000030 0.000085 0.000189 0.000096 0.000050 
6031424 bfs 1 1428 27 1.130000 2.003000  0.000035 0.000044 0.000107 0.000231 0.000126 0.000061 
6031488 bfs 1 1428 27 1.130000 1.465000  0.000038 0.000030 0.000320 0.000655 0.000213 0.000092 
6031488 bfs 1 1428 27 1.130000 1.850000  0.000040 0.000032 0.000087 0.000194 0.000097 0.000050 
6031552 bfs 1 1428 27 1.130000 1.232000  0.000041 0.000031 0.000103 0.000240 0.000107 0.000059 
6031552 bfs 1 1428 27 1.130000 1.233000  0.000039 0.000031 0.000086 0.000184 0.000097 0.000050 
6031552 bfs 1 1428 27 1.130000 1.926000  0.000035 0.000044 0.000109 0.000266 0.000129 0.000061 
6031616 bfs 1 1428 27 1.130000 1.233000  0.000033 0.000029 0.000082 0.000177 0.000086 0.000045 
6031616 bfs 1 1428 27 1.130000 2.005000  0.000034 0.000030 0.000082 0.000159 0.000087 0.000046 
6031616 bfs 1 1428 27 1.130000 1.233000  0.000040 0.000030 0.000082 0.000245 0.000099 0.000080 
6031680 bfs 1 1428 27 1.130000 1.311000  0.000041 0.000032 0.000086 0.000189 0.000094 0.000048 
6031680 bfs 1 1428 27 1.130000 1.925000  0.000034 0.000029 0.000081 0.000161 0.000086 0.000045 
6031680 bfs 1 1428 27 1.130000 1.233000  0.000045 0.000029 0.000081 0.000176 0.000084 0.000044 
6031744 bfs 1 1428 27 1.130000 1.928000  0.000034 0.000035 0.000095 0.000328 0.000105 0.000051 
6031744 bfs 1 1428 27 1.130000 1.233000  0.000178 0.000063 0.000157 0.000325 0.000120 0.000077 
6031744 bfs 1 1428 27 1.130000 1.311000  0.000038 0.000031 0.000084 0.000182 0.000091 0.000047 
6031808 bfs 1 1428 27 1.130000 2.004000  0.000034 0.000029 0.000080 0.000163 0.000086 0.000045 
6031808 bfs 1 1428 27 1.130000 1.465000  0.000032 0.000029 0.000085 0.000196 0.000089 0.000045 
6031808 bfs 1 1428 27 1.130000 1.233000  0.000035 0.000029 0.000081 0.000176 0.000089 0.000046 
6031872 bfs 1 1428 27 1.130000 2.234000  0.000037 0.000029 0.000083 0.000179 0.000090 0.000046 
6031872 bfs 1 1428 27 1.130000 1.233000  0.000037 0.000030 0.000083 0.000175 0.000094 0.000048 
6031936 bfs 1 1428 27 1.130000 2.004000  0.000023 0.000017 0.000045 0.000099 0.000049 0.000025 
6031936 bfs 1 1428 27 1.130000 1.311000  0.000038 0.000031 0.000092 0.000243 0.000109 0.000053 
6031936 bfs 1 1428 27 1.130000 1.310000  0.000039 0.000030 0.000083 0.000182 0.000089 0.000046 
6032000 bfs 1 1428 27 1.130000 2.003000  0.000037 0.000028 0.000082 0.000185 0.000092 0.000047 
6032000 bfs 1 1428 27 1.130000 1.233000  0.000039 0.000030 0.000080 0.000162 0.000081 0.000043 
6032000 bfs 1 1428 27 1.130000 1.543000  0.000042 0.000034 0.000092 0.000232 0.000097 0.000048 
6032064 bfs 1 1428 27 1.130000 1.233000  0.000040 0.000031 0.000085 0.000180 0.000094 0.000048 
6032064 bfs 1 1428 27 1.130000 1.465000  0.000037 0.000029 0.000082 0.000181 0.000090 0.000046 
6032064 bfs 1 1428 27 1.130000 2.158000  0.000033 0.000028 0.000079 0.000166 0.000086 0.000045 
6032128 bfs 1 1428 27 1.130000 1.233000  0.000035 0.000030 0.000082 0.000177 0.000089 0.000046 
6032128 bfs 1 1428 27 1.130000 1.773000  0.000032 0.000042 0.000100 0.000217 0.000117 0.000057 
6032128 bfs 1 1428 27 1.130000 1.309000  0.000043 0.000028 0.000079 0.000182 0.000080 0.000042 
6032192 bfs 1 1428 27 1.130000 1.233000  0.000035 0.000028 0.000079 0.000167 0.000085 0.000044 
6032192 bfs 1 1428 28 1.130000 2.235000  0.000035 0.000029 0.000081 0.000179 0.000091 0.000047 
6032256 bfs 1 1428 28 1.130000 1.387000  0.000039 0.000029 0.000080 0.000179 0.000090 0.000047 
6032256 bfs 1 1428 27 1.130000 1.543000  0.000108 0.000047 0.000107 0.000576 0.000169 0.000081 
6032256 bfs 1 1428 27 1.130000 2.696000  0.000034 0.000028 0.000077 0.000155 0.000082 0.000043 
6032320 bfs 1 1428 27 1.130000 1.927000  0.000030 0.000026 0.000074 0.000142 0.000076 0.000041 
6032320 bfs 1 1428 27 1.130000 2.005000  0.000036 0.000029 0.000080 0.000176 0.000088 0.000045 
6032320 bfs 1 1428 27 1.130000 1.233000  0.000041 0.000030 0.000080 0.000169 0.000084 0.000044 
6032384 bfs 1 1428 27 1.130000 1.310000  0.000038 0.000030 0.000081 0.000174 0.000087 0.000045 
6032384 bfs 1 1428 27 1.130000 2.159000  0.000032 0.000028 0.000076 0.000149 0.000080 0.000042 
6032448 bfs 1 1428 27 1.130000 1.387000  0.046886 0.209497 0.054171 0.209551 0.000013 0.003176 
6032448 bfs 1 1428 27 1.130000 1.850000  0.000036 0.000029 0.000079 0.000176 0.000089 0.000045 
6032448 bfs 1 1428 27 1.130000 1.234000  0.000032 0.000027 0.000075 0.000152 0.000080 0.000042 
6032512 bfs 1 1428 27 1.130000 1.311000  0.000030 0.000027 0.000075 0.000145 0.000080 0.000042 
6032512 bfs 1 1428 27 1.130000 2.158000  0.000009 0.000062 0.000037 0.000128 0.000000 0.000006 
6032512 bfs 1 1428 27 1.130000 1.079000  0.000031 0.000026 0.000072 0.000144 0.000075 0.000040 
6032576 bfs 1 1428 27 1.130000 2.079000  0.000038 0.000028 0.000077 0.000197 0.010436 0.004554 
6032576 bfs 1 1428 27 1.130000 1.387000  0.000032 0.000027 0.000074 0.000147 0.000080 0.000042 
6032576 bfs 1 1428 27 1.130000 2.158000  0.000029 0.000027 0.000074 0.000146 0.000078 0.000041 
6032640 bfs 1 1428 27 1.130000 0.693000  0.000044 0.000027 0.000075 0.000175 0.000080 0.000042 
6032640 bfs 1 1428 28 1.130000 1.232000  0.000031 0.000027 0.000073 0.000148 0.000078 0.000041 
6032640 bfs 1 1428 28 1.130000 0.539000  0.000032 0.000027 0.000075 0.000158 0.000082 0.000042 
6032704 bfs 1 1428 28 1.130000 1.465000  0.000036 0.000028 0.000077 0.000173 0.000085 0.000043 
6032704 bfs 1 1428 28 1.130000 2.158000  0.000030 0.000027 0.000073 0.000144 0.000078 0.000041 
6032704 bfs 1 1428 28 1.130000 1.541000  0.000029 0.000025 0.000070 0.000135 0.000073 0.000039 
6032768 bfs 1 1428 28 1.130000 2.081000  0.000035 0.000028 0.000076 0.000168 0.000085 0.000043 
6032768 bfs 1 1428 27 1.130000 1.310000  0.000029 0.000026 0.000072 0.000142 0.000077 0.000041 
6032832 bfs 1 1428 27 1.130000 1.310000  0.000029 0.000026 0.000072 0.000141 0.000077 0.000041 
6032832 bfs 1 1428 27 1.130000 1.849000  0.000029 0.000025 0.000072 0.000152 0.000080 0.000042 
6032832 bfs 1 1428 27 1.130000 1.309000  0.000027 0.000025 0.000069 0.000133 0.000071 0.000038 
6032896 bfs 1 1428 27 1.130000 1.929000  0.000031 0.000026 0.000072 0.000152 0.000080 0.000041 
6032896 bfs 1 1428 27 1.130000 1.311000  0.000034 0.000027 0.000074 0.000158 0.000080 0.000042 
6032896 bfs 1 1428 27 1.130000 1.773000  0.000035 0.000027 0.000075 0.000170 0.000085 0.000043 
6032960 bfs 1 1428 27 1.130000 2.081000  0.000052 0.000029 0.000076 0.000172 0.000082 0.000041 
6032960 bfs 1 1428 27 1.130000 1.311000  0.000033 0.000026 0.000073 0.000157 0.000081 0.000042 
6032960 bfs 1 1428 27 1.130000 2.312000  0.000032 0.000026 0.000073 0.000164 0.000082 0.000042 
6033024 bfs 1 1428 27 1.130000 1.311000  0.000028 0.000025 0.000068 0.000134 0.000071 0.000038 
6033024 bfs 1 1428 27 1.130000 1.543000  0.000028 0.000038 0.000092 0.000188 0.000107 0.000052 
6033024 bfs 1 1428 27 1.130000 1.388000  0.000056 0.000028 0.000078 0.000202 0.000084 0.000043 
6033088 bfs 1 1428 27 1.130000 1.310000  0.000033 0.000028 0.000074 0.000160 0.000081 0.000042 
6033088 bfs 1 1428 28 1.130000 2.002000  0.000048 0.000029 0.000076 0.000176 0.000084 0.000043 
6033088 bfs 1 1428 28 1.130000 1.310000  0.000027 0.000024 0.000068 0.000132 0.000070 0.000038 
6033152 bfs 1 1428 27 1.130000 1.772000  0.000031 0.000026 0.000073 0.000159 0.000079 0.000041 
6033152 bfs 1 1428 27 1.130000 0.385000  0.000029 0.000025 0.000070 0.000138 0.000074 0.000039 
6033216 bfs 1 1428 27 1.130000 0.385000  0.000206 0.000151 0.000414 0.000952 0.000963 0.000499 
6033216 bfs 1 1428 27 1.130000 1.078000  0.000030 0.000025 0.000069 0.000137 0.000074 0.000039 
6033216 bfs 1 1428 27 1.130000 0.462000  0.000029 0.000025 0.000069 0.000138 0.000075 0.000039 
6033280 bfs 1 1428 27 1.130000 0.385000  0.000033 0.000048 0.000114 0.000252 0.000110 0.000053 
6033280 bfs 1 1428 27 1.130000 0.694000  0.000036 0.000027 0.000073 0.000157 0.000081 0.000041 
6033280 bfs 1 1428 27 1.130000 0.616000  0.000027 0.000024 0.000066 0.000128 0.000068 0.000037 
6033344 bfs 1 1428 27 1.130000 1.387000  0.000008 0.000052 0.000033 0.000108 0.000000 0.000006 
6033344 bfs 1 1428 27 1.130000 0.385000  0.000034 0.000027 0.000075 0.000156 0.000082 0.000041 
6033344 bfs 1 1428 27 1.130000 1.078000  0.000032 0.000027 0.000074 0.000154 0.000081 0.000041 
6033408 bfs 1 1428 27 1.130000 1.464000  0.000029 0.000025 0.000068 0.000136 0.000072 0.000038 
6033408 bfs 1 1428 27 1.130000 1.387000  0.000029 0.000025 0.000068 0.000136 0.000072 0.000038 
