#Timestamp	Benchmark	Run(#)	CPU Frequency (MHz)	CPU Temperature(C)	CPU Voltage(V)	CPU Power(W)	CPU_CYCLES	L1_DATA_CACHE_ACCESS	INSTRUCTIONS_RETIRED	BUS_CYCLES	L1I_CACHE_ACCESS	PREDICTABLE_BRANCH_SPECULATIVELY_EXECUTED
1698176 kmeans 1 102 24 0.842000 0.308000  0.000005 0.000005 0.000014 0.000026 0.000017 0.000008 
1698240 kmeans 1 102 23 0.842000 0.308000  0.000011 0.000006 0.000016 0.000032 0.000018 0.000009 
1698240 kmeans 1 102 23 0.842000 0.385000  0.000005 0.000005 0.000014 0.000026 0.000017 0.000008 
1698304 kmeans 1 102 24 0.842000 0.308000  0.000005 0.000005 0.000014 0.000026 0.000017 0.000008 
1698368 kmeans 1 102 24 0.842000 0.308000  0.000171 0.000179 0.000452 0.001022 0.000465 0.000226 
1698368 kmeans 1 102 23 0.842000 0.385000  0.000147 0.000144 0.000414 0.001073 0.000554 0.000291 
1698432 kmeans 1 102 23 0.842000 0.308000  0.000444 0.000174 0.000727 0.001804 0.001375 0.000681 
1698560 kmeans 1 102 24 0.842000 0.386000  0.000760 0.000200 0.042843 0.050504 0.021007 0.010115 
1698560 kmeans 1 102 24 0.842000 0.308000  0.000161 0.000087 0.000186 0.000349 0.000160 0.000074 
1698624 kmeans 1 102 23 0.842000 0.308000  0.000019 0.000018 0.000050 0.000094 0.000051 0.000028 
1698688 kmeans 1 102 24 0.842000 0.308000  0.000020 0.000018 0.000050 0.000095 0.000052 0.000028 
1698688 kmeans 1 102 23 0.842000 0.309000  0.000030 0.000020 0.000053 0.000110 0.000054 0.000028 
1698752 kmeans 1 102 23 0.842000 0.308000  0.000020 0.000018 0.000049 0.000108 0.000053 0.000028 
1698816 kmeans 1 102 23 0.842000 0.308000  0.000020 0.000018 0.000049 0.000098 0.000051 0.000028 
1698816 kmeans 1 102 23 0.842000 0.308000  0.000019 0.000018 0.000049 0.000094 0.000051 0.000027 
1698880 kmeans 1 102 23 0.842000 0.308000  0.063531 0.016275 0.037744 0.064081 0.022156 0.008827 
1698944 kmeans 1 102 23 0.842000 0.308000  0.000007 0.000039 0.000026 0.000081 0.000000 0.000004 
1699008 kmeans 1 102 23 0.842000 0.308000  0.000128 0.000115 0.000320 0.000613 0.000334 0.000183 
1699008 kmeans 1 102 24 0.842000 0.308000  0.000006 0.000036 0.000024 0.000075 0.000000 0.000004 
1699072 kmeans 1 102 23 0.842000 0.308000  0.000006 0.000036 0.000024 0.000075 0.000000 0.000004 
1699136 kmeans 1 102 24 0.842000 0.385000  0.000006 0.000036 0.000024 0.000075 0.000000 0.000004 
1699200 kmeans 1 102 23 0.842000 0.308000  0.000007 0.000038 0.000026 0.000080 0.000000 0.000005 
1699264 kmeans 1 102 23 0.842000 0.308000  0.000020 0.000018 0.000049 0.000097 0.000055 0.000028 
1699264 kmeans 1 102 23 0.842000 0.308000  0.000020 0.000018 0.000049 0.000095 0.000055 0.000028 
1699328 kmeans 1 102 24 0.842000 0.308000  0.000022 0.000020 0.000057 0.000127 0.000065 0.000034 
1699392 kmeans 1 102 23 0.842000 0.308000  0.000022 0.000020 0.000057 0.000132 0.000066 0.000034 
1699392 kmeans 1 102 23 0.842000 0.308000  0.000128 0.000108 0.000320 0.000682 0.000335 0.000172 
1699456 kmeans 1 102 23 0.842000 0.308000  0.000118 0.000149 0.000366 0.000741 0.000367 0.000187 
1699520 kmeans 1 102 23 0.842000 0.308000  0.000006 0.000038 0.000024 0.000079 0.000000 0.000004 
1699584 kmeans 1 102 23 0.842000 0.308000  0.000114 0.000140 0.000355 0.000745 0.000367 0.000183 
1699584 kmeans 1 102 23 0.842000 0.308000  0.000116 0.000104 0.000307 0.000625 0.000313 0.000173 
1699648 kmeans 1 102 23 0.842000 0.308000  0.000114 0.000164 0.000589 0.001436 0.000887 0.000413 
1699712 kmeans 1 102 23 0.842000 0.308000  0.000019 0.000018 0.000049 0.000094 0.000051 0.000028 
1699712 kmeans 1 102 23 0.842000 0.308000  0.000023 0.000019 0.000051 0.000107 0.000055 0.000028 
1699776 kmeans 1 102 23 0.842000 0.385000  0.000020 0.000018 0.000049 0.000096 0.000072 0.000035 
1699840 kmeans 1 102 23 0.842000 0.308000  0.000020 0.000018 0.000051 0.000102 0.000053 0.000028 
1699840 kmeans 1 102 23 0.842000 0.308000  0.000021 0.000017 0.000049 0.000097 0.000051 0.000027 
1699904 kmeans 1 102 23 0.842000 0.308000  0.000006 0.000036 0.000024 0.000075 0.000000 0.000004 
1699968 kmeans 1 102 23 0.842000 0.308000  0.000123 0.000102 0.000281 0.000653 0.000337 0.000171 
1700032 kmeans 1 102 23 0.842000 0.231000  0.000109 0.000099 0.000321 0.000674 0.000322 0.000166 
1700032 kmeans 1 102 23 0.842000 0.308000  0.000522 0.000179 0.000622 0.001100 0.000486 0.000239 
1700096 kmeans 1 102 23 0.842000 0.308000  0.000110 0.000105 0.000285 0.000563 0.000299 0.000157 
1700160 kmeans 1 102 23 0.842000 0.308000  0.006402 0.001829 0.004040 0.007241 0.002717 0.001111 
1700160 kmeans 1 102 23 0.842000 0.231000  0.000023 0.000021 0.000061 0.000129 0.000066 0.000033 
1700224 kmeans 1 102 23 0.842000 0.308000  0.000033 0.000022 0.000060 0.000123 0.000060 0.000032 
1700288 kmeans 1 102 23 0.842000 0.308000  0.000029 0.000039 0.000098 0.000225 0.000092 0.000047 
1700352 kmeans 1 102 24 0.842000 0.231000  0.000006 0.000036 0.000025 0.000082 0.000000 0.000004 
1700352 kmeans 1 102 23 0.842000 0.308000  0.000008 0.000087 0.000040 0.000126 0.000000 0.000005 
1700416 kmeans 1 102 23 0.842000 0.308000  0.000006 0.000000 0.000000 0.000000 0.000000 0.000000 
1700480 kmeans 1 102 23 0.842000 0.308000  0.000031 0.000020 0.000053 0.000108 0.000055 0.000028 
1700480 kmeans 1 102 23 0.842000 0.308000  0.000123 0.000111 0.000293 0.000613 0.000312 0.000160 
1700544 kmeans 1 102 23 0.842000 0.308000  0.000007 0.000042 0.000026 0.000084 0.000000 0.000005 
1700608 kmeans 1 102 23 0.842000 0.308000  0.000027 0.000019 0.000051 0.000102 0.000053 0.000027 
1700672 kmeans 1 102 23 0.842000 0.385000  0.000119 0.000110 0.000288 0.000559 0.000288 0.000149 
1700672 kmeans 1 102 23 0.842000 0.308000  0.000023 0.000023 0.000061 0.000125 0.000065 0.000033 
1700736 kmeans 1 102 23 0.842000 0.385000  0.000194 0.000104 0.000288 0.000635 0.000306 0.000151 
1700736 kmeans 1 102 23 0.842000 0.308000  0.000122 0.000103 0.000275 0.000618 0.000311 0.000208 
1700800 kmeans 1 102 24 0.842000 0.308000  0.000123 0.000109 0.000288 0.000601 0.000314 0.000160 
1700864 kmeans 1 102 23 0.842000 0.308000  0.000096 0.000089 0.000247 0.000686 0.000314 0.000155 
1700928 kmeans 1 102 23 0.842000 0.385000  0.000095 0.000088 0.000253 0.000500 0.000268 0.000142 
1700928 kmeans 1 102 24 0.842000 0.308000  0.000021 0.000019 0.000054 0.000103 0.000058 0.000032 
1700992 kmeans 1 102 23 0.842000 0.308000  0.000037 0.000575 0.001107 0.002341 0.000804 0.000309 
1701056 kmeans 1 102 23 0.842000 0.231000  0.000097 0.000087 0.000243 0.000473 0.000252 0.000142 
1701120 kmeans 1 102 23 0.842000 0.308000  0.000019 0.000017 0.000048 0.000093 0.000050 0.000027 
1701120 kmeans 1 102 23 0.842000 0.308000  0.000114 0.000091 0.000261 0.000507 0.000268 0.000357 
1701184 kmeans 1 102 23 0.842000 0.308000  0.000096 0.000086 0.000240 0.000494 0.009381 0.004260 
1701248 kmeans 1 102 23 0.842000 0.308000  0.000095 0.000086 0.000239 0.000517 0.000266 0.000138 
1701248 kmeans 1 102 23 0.842000 0.308000  0.000093 0.000101 0.000266 0.000607 0.000297 0.000153 
1701312 kmeans 1 102 23 0.842000 0.308000  0.000094 0.000085 0.000237 0.000456 0.000247 0.000132 
1701376 kmeans 1 102 24 0.842000 0.308000  0.000019 0.000017 0.000048 0.000092 0.000049 0.000026 
1701376 kmeans 1 102 23 0.842000 0.308000  0.000098 0.000089 0.000244 0.000484 0.000260 0.000175 
1701440 kmeans 1 102 23 0.842000 0.308000  0.000136 0.000091 0.000246 0.000492 0.000252 0.000133 
1701504 kmeans 1 102 23 0.842000 0.308000  0.000102 0.000098 0.000269 0.000529 0.000276 0.000143 
1701568 kmeans 1 102 23 0.842000 0.308000  0.000091 0.000143 0.000333 0.000792 0.000375 0.000174 
1701568 kmeans 1 102 23 0.842000 0.308000  0.000090 0.000082 0.000231 0.000438 0.000237 0.000138 
1701632 kmeans 1 102 23 0.842000 0.231000  0.000108 0.000092 0.000257 0.000862 0.000375 0.000177 
1701696 kmeans 1 102 23 0.842000 0.308000  0.004267 0.001073 0.002233 0.004340 0.001439 0.000586 
1701696 kmeans 1 102 23 0.842000 0.308000  0.000024 0.000018 0.000049 0.000098 0.000051 0.000027 
1701760 kmeans 1 102 23 0.842000 0.308000  0.000019 0.000017 0.000047 0.000096 0.000051 0.000027 
1701824 kmeans 1 102 24 0.842000 0.231000  0.012123 0.033751 0.000140 0.000318 0.000118 0.000049 
1701888 kmeans 1 102 24 0.842000 0.386000  0.000028 0.000019 0.000051 0.000103 0.000052 0.000027 
1701888 kmeans 1 102 23 0.842000 0.308000  0.000022 0.000026 0.000065 0.000137 0.000067 0.000033 
1701952 kmeans 1 102 23 0.842000 0.308000  0.000019 0.000018 0.000049 0.000102 0.000051 0.000029 
1702016 kmeans 1 102 23 0.842000 0.308000  0.000019 0.000017 0.000047 0.000089 0.000049 0.000026 
1702016 kmeans 1 102 23 0.842000 0.308000  0.000018 0.000019 0.000051 0.000099 0.000052 0.000027 
1702080 kmeans 1 102 23 0.842000 0.308000  0.000022 0.000019 0.000051 0.000109 0.000057 0.000030 
1702080 kmeans 1 102 23 0.842000 0.308000  0.000018 0.000017 0.000047 0.000088 0.000049 0.000026 
1702144 kmeans 1 102 23 0.842000 0.308000  0.000018 0.000017 0.000047 0.000091 0.000048 0.000026 
1702208 kmeans 1 102 23 0.842000 0.231000  0.000018 0.000017 0.000047 0.000089 0.000048 0.000026 
1702208 kmeans 1 102 23 0.842000 0.308000  0.000019 0.000017 0.000047 0.000091 0.000049 0.000026 
1702272 kmeans 1 102 23 0.842000 0.308000  0.000018 0.000017 0.000047 0.000090 0.000048 0.000026 
1702336 kmeans 1 102 23 0.842000 0.308000  0.000020 0.000017 0.000047 0.000090 0.000049 0.000026 
1702336 kmeans 1 102 23 0.842000 0.308000  0.000020 0.000018 0.000049 0.000095 0.000051 0.000027 
1702400 kmeans 1 102 23 0.842000 0.308000  0.000019 0.000017 0.000047 0.000089 0.000048 0.000026 
1702400 kmeans 1 102 23 0.842000 0.308000  0.000018 0.000017 0.000047 0.000088 0.000048 0.000026 
1702464 kmeans 1 102 23 0.842000 0.308000  0.000100 0.000034 0.000085 0.000195 0.000079 0.000037 
1702528 kmeans 1 102 23 0.842000 0.308000  0.000031 0.000019 0.000051 0.000130 0.000061 0.000030 
1702528 kmeans 1 102 23 0.842000 0.308000  0.000019 0.000017 0.000047 0.000090 0.000048 0.000043 
1702592 kmeans 1 102 23 0.842000 0.308000  0.000018 0.000017 0.000049 0.000095 0.000051 0.000027 
1702656 kmeans 1 102 23 0.842000 0.308000  0.000091 0.232851 0.114079 0.233099 0.000008 0.005710 
1702720 kmeans 1 102 24 0.842000 0.308000  0.000090 0.000085 0.000242 0.000465 0.000253 0.000132 
1702720 kmeans 1 102 23 0.842000 0.308000  0.000088 0.000081 0.000227 0.000436 0.000233 0.000126 
1702784 kmeans 1 102 24 0.842000 0.308000  0.000001 0.000009 0.000008 0.000019 0.000000 0.000001 
1702784 kmeans 1 102 24 0.842000 0.308000  0.000020 0.000018 0.000052 0.000098 0.000053 0.000030 
1702848 kmeans 1 102 23 0.842000 0.308000  0.000085 0.000085 0.000249 0.000488 0.000270 0.000139 
1702912 kmeans 1 102 23 0.842000 0.308000  0.000100 0.000085 0.000240 0.000489 0.000270 0.000139 
1702912 kmeans 1 102 23 0.842000 0.308000  0.000089 0.000079 0.000222 0.000434 0.000231 0.000123 
1702976 kmeans 1 102 23 0.842000 0.385000  0.000898 0.003454 0.001281 0.003491 0.000000 0.000073 
1703040 kmeans 1 102 23 0.842000 0.308000  0.000006 0.000034 0.000022 0.000070 0.000000 0.000004 
1703040 kmeans 1 102 23 0.842000 0.308000  0.000006 0.000034 0.000025 0.000078 0.000000 0.000004 
1703104 kmeans 1 102 23 0.842000 0.231000  0.000089 0.000086 0.000234 0.000512 0.000257 0.000132 
1703168 kmeans 1 102 23 0.842000 0.231000  0.000093 0.000080 0.000240 0.000575 0.000272 0.000136 
1703232 kmeans 1 102 23 0.842000 0.308000  0.000083 0.000213 0.000536 0.001037 0.000449 0.000212 
1703232 kmeans 1 102 23 0.842000 0.231000  0.000522 0.000172 0.000395 0.002195 0.000675 0.000295 
1703296 kmeans 1 102 23 0.842000 0.308000  0.000099 0.000078 0.000218 0.000650 0.000279 0.000136 
1703360 kmeans 1 102 23 0.842000 0.308000  0.000096 0.000080 0.000230 0.000460 0.000246 0.000129 
1703360 kmeans 1 102 23 0.842000 0.308000  0.015466 0.005806 0.012257 0.015573 0.006258 0.002814 
1703424 kmeans 1 102 23 0.842000 0.308000  0.000021 0.000018 0.000051 0.000104 0.000055 0.000029 
1703488 kmeans 1 102 23 0.842000 0.308000  0.000041 0.000032 0.000083 0.000245 0.000109 0.000054 
1703552 kmeans 1 102 23 0.842000 0.308000  0.000006 0.000035 0.000023 0.000071 0.000000 0.000004 
1703616 kmeans 1 102 23 0.842000 0.308000  0.000178 0.000676 0.000243 0.000712 0.000000 0.000019 
1703616 kmeans 1 102 23 0.842000 0.308000  0.000007 0.000046 0.000027 0.000090 0.000000 0.000005 
1703680 kmeans 1 102 23 0.842000 0.308000  0.000006 0.000034 0.000022 0.000071 0.000000 0.000004 
1703744 kmeans 1 102 23 0.842000 0.308000  0.000006 0.000036 0.000024 0.000074 0.000000 0.000004 
1703808 kmeans 1 102 23 0.842000 0.231000  0.000019 0.000018 0.000050 0.000107 0.000055 0.000030 
1703808 kmeans 1 102 23 0.842000 0.308000  0.000020 0.000018 0.000050 0.000096 0.000052 0.000029 
1703872 kmeans 1 102 23 0.842000 0.308000  0.000018 0.000016 0.000045 0.000089 0.000047 0.000025 
1703872 kmeans 1 102 23 0.842000 0.308000  0.000019 0.000017 0.000047 0.000093 0.000051 0.000027 
1703936 kmeans 1 102 23 0.842000 0.308000  0.000018 0.000016 0.000045 0.000092 0.000047 0.000025 
1704000 kmeans 1 102 23 0.842000 0.308000  0.000018 0.000016 0.000050 0.000104 0.000052 0.000026 
1704000 kmeans 1 102 23 0.842000 0.308000  0.000018 0.000016 0.000045 0.000087 0.000047 0.000025 
1704064 kmeans 1 102 23 0.842000 0.231000  0.000083 0.000085 0.000235 0.000472 0.000245 0.000128 
1704128 kmeans 1 102 23 0.842000 0.231000  0.000021 0.000018 0.000050 0.000100 0.000054 0.000028 
1704128 kmeans 1 102 23 0.842000 0.308000  0.000082 0.000127 0.000313 0.000770 0.000341 0.000164 
1704192 kmeans 1 102 23 0.842000 0.308000  0.000020 0.000418 0.000869 0.001295 0.000531 0.000229 
1704256 kmeans 1 102 23 0.842000 0.308000  0.000093 0.000081 0.000222 0.000428 0.000294 0.000146 
1704256 kmeans 1 102 23 0.842000 0.308000  0.000085 0.000076 0.000213 0.000406 0.000220 0.000118 
1704320 kmeans 1 102 23 0.842000 0.308000  0.000084 0.000076 0.000212 0.000409 0.000219 0.000121 
1704384 kmeans 1 102 23 0.842000 0.308000  0.000090 0.000080 0.000220 0.000428 0.000226 0.000120 
1704384 kmeans 1 102 23 0.842000 0.308000  0.000081 0.000075 0.000223 0.000647 0.000282 0.000136 
1704448 kmeans 1 102 23 0.842000 0.385000  0.000611 0.003552 0.002341 0.007450 0.000000 0.000419 
1704512 kmeans 1 102 23 0.842000 0.308000  0.000581 0.003370 0.002236 0.007084 0.000000 0.000399 
1704512 kmeans 1 102 23 0.842000 0.231000  0.000018 0.000016 0.000045 0.000087 0.000047 0.000025 
1704576 kmeans 1 102 23 0.842000 0.308000  0.000017 0.000016 0.000045 0.000085 0.000047 0.000025 
1704640 kmeans 1 102 23 0.842000 0.308000  0.000026 0.000019 0.000050 0.000108 0.000055 0.000028 
1704704 kmeans 1 102 23 0.842000 0.308000  0.000018 0.003809 0.001516 0.003855 0.000000 0.000100 
1704704 kmeans 1 102 23 0.842000 0.308000  0.096298 0.271089 0.107253 0.273760 0.000009 0.007206 
1704768 kmeans 1 102 23 0.842000 0.308000  0.000417 0.002388 0.006355 0.026788 0.000001 0.000907 
1704832 kmeans 1 102 23 0.842000 0.308000  0.000018 0.000016 0.000045 0.000092 0.000048 0.000025 
1704896 kmeans 1 102 23 0.842000 0.308000  0.000367 0.002052 0.001408 0.004345 0.000000 0.000251 
1704896 kmeans 1 102 23 0.842000 0.308000  0.000355 0.001990 0.001341 0.004149 0.000000 0.000239 
1704960 kmeans 1 102 23 0.842000 0.308000  0.000020 0.000018 0.000049 0.000098 0.000051 0.000029 
1705024 kmeans 1 102 23 0.842000 0.231000  0.000317 0.001804 0.001320 0.004141 0.000000 0.000223 
1705024 kmeans 1 102 23 0.842000 0.308000  0.000343 0.001943 0.001309 0.004335 0.000000 0.000230 
1705088 kmeans 1 102 23 0.842000 0.308000  0.000303 0.001735 0.001159 0.003626 0.000000 0.000204 
1705152 kmeans 1 102 23 0.842000 0.308000  0.000297 0.001692 0.001140 0.003530 0.000000 0.000201 
1705152 kmeans 1 102 23 0.842000 0.231000  0.005436 0.002117 0.004491 0.005457 0.002249 0.001020 
1705216 kmeans 1 102 23 0.842000 0.308000  0.000019 0.000017 0.000049 0.000094 0.000050 0.000027 
1705216 kmeans 1 102 23 0.842000 0.308000  0.000090 0.000071 0.000195 0.000391 0.000200 0.000106 
1705280 kmeans 1 102 23 0.842000 0.308000  0.000023 0.000018 0.000048 0.000099 0.000052 0.000027 
1705344 kmeans 1 102 23 0.842000 0.385000  0.000019 0.000016 0.000044 0.000089 0.000047 0.000025 
1705408 kmeans 1 102 23 0.842000 0.308000  0.000017 0.000016 0.000044 0.000084 0.000048 0.000025 
1705408 kmeans 1 102 23 0.842000 0.231000  0.000325 0.001876 0.001278 0.003939 0.000000 0.000210 
1705472 kmeans 1 102 23 0.842000 0.308000  0.000283 0.001684 0.001082 0.005106 0.000000 0.000217 
1705536 kmeans 1 102 23 0.842000 0.231000  0.000270 0.001527 0.001040 0.003237 0.000000 0.000186 
1705536 kmeans 1 102 23 0.842000 0.231000  0.000086 0.000073 0.000202 0.000416 0.000225 0.000114 
1705600 kmeans 1 102 23 0.842000 0.308000  0.000081 0.000078 0.000205 0.000422 0.000208 0.000108 
1705664 kmeans 1 102 24 0.842000 0.308000  0.003595 0.001368 0.002853 0.003895 0.001687 0.000748 
1705664 kmeans 1 102 23 0.842000 0.308000  0.000074 0.000065 0.000181 0.000355 0.000192 0.000107 
1705728 kmeans 1 102 23 0.842000 0.308000  0.000133 0.000076 0.000200 0.000423 0.000203 0.000109 
1705792 kmeans 1 102 23 0.842000 0.308000  0.000068 0.000064 0.000180 0.000338 0.000184 0.000108 
1705792 kmeans 1 102 23 0.842000 0.308000  0.000077 0.000068 0.000191 0.000375 0.000196 0.000105 
1705856 kmeans 1 102 23 0.842000 0.308000  0.000069 0.000069 0.000189 0.000430 0.000209 0.000107 
1705856 kmeans 1 102 23 0.842000 0.308000  0.000072 0.000064 0.000179 0.000344 0.000198 0.000102 
1705920 kmeans 1 102 23 0.842000 0.308000  0.000081 0.000068 0.000189 0.000380 0.000197 0.000110 
1705984 kmeans 1 102 23 0.842000 0.386000  0.000072 0.000064 0.000178 0.000400 0.000223 0.000111 
1705984 kmeans 1 102 23 0.842000 0.308000  0.000231 0.000094 0.000230 0.000507 0.000229 0.000119 
1706048 kmeans 1 102 23 0.842000 0.231000  0.000077 0.000070 0.000189 0.000411 0.000239 0.000117 
1706112 kmeans 1 102 24 0.842000 0.308000  0.000068 0.000068 0.000186 0.000380 0.000189 0.000100 
1706112 kmeans 1 102 23 0.842000 0.308000  0.000069 0.000075 0.000204 0.000420 0.000211 0.000109 
1706176 kmeans 1 102 23 0.842000 0.231000  0.000088 0.000072 0.000196 0.000408 0.000219 0.000112 
1706240 kmeans 1 102 23 0.842000 0.308000  0.003643 0.001003 0.001866 0.003932 0.001397 0.000560 
1706240 kmeans 1 102 23 0.842000 0.231000  0.000084 0.000070 0.000195 0.000401 0.000205 0.000106 
1706304 kmeans 1 102 23 0.842000 0.308000  0.000018 0.000000 0.000000 0.000000 0.000000 0.000000 
1706368 kmeans 1 102 23 0.842000 0.308000  0.000248 0.001404 0.000947 0.003109 0.000000 0.000169 
1706432 kmeans 1 102 23 0.842000 0.308000  0.000281 0.001652 0.001072 0.003465 0.000000 0.000184 
1706496 kmeans 1 102 23 0.842000 0.308000  0.000235 0.001341 0.000895 0.002820 0.000000 0.000166 
1706496 kmeans 1 102 23 0.842000 0.308000  0.000230 0.001358 0.000868 0.002833 0.000000 0.000156 
1706560 kmeans 1 102 23 0.842000 0.308000  0.000227 0.001375 0.000857 0.002816 0.000000 0.000155 
1706624 kmeans 1 102 23 0.842000 0.308000  0.000223 0.001284 0.001150 0.003726 0.000001 0.000169 
1706624 kmeans 1 102 23 0.842000 0.308000  0.000213 0.001227 0.000816 0.002579 0.000000 0.000145 
1706688 kmeans 1 102 23 0.842000 0.385000  0.000221 0.001245 0.000851 0.002895 0.000000 0.000158 
1706752 kmeans 1 102 23 0.842000 0.385000  0.000204 0.001156 0.000781 0.002408 0.000000 0.000138 
1706752 kmeans 1 102 23 0.842000 0.308000  0.000196 0.001386 0.000836 0.002672 0.000000 0.000140 
1706816 kmeans 1 102 23 0.842000 0.308000  0.000194 0.001576 0.000877 0.002832 0.000000 0.000137 
1706880 kmeans 1 102 23 0.842000 0.308000  0.000187 0.001076 0.000714 0.002262 0.000000 0.000128 
1706944 kmeans 1 102 23 0.842000 0.308000  0.000192 0.001905 0.001005 0.004406 0.000000 0.000190 
1707008 kmeans 1 102 23 0.842000 0.308000  0.000134 0.000080 0.000198 0.000431 0.000201 0.000100 
1707008 kmeans 1 102 23 0.842000 0.308000  0.000070 0.000061 0.000170 0.000333 0.000176 0.000094 
1707072 kmeans 1 102 23 0.842000 0.308000  0.000160 0.000090 0.000218 0.000455 0.000242 0.000117 
1707136 kmeans 1 102 23 0.842000 0.386000  0.000158 0.000910 0.000613 0.001928 0.000000 0.000108 
1707200 kmeans 1 102 23 0.842000 0.308000  0.000070 0.000060 0.000166 0.000337 0.000176 0.000096 
1707264 kmeans 1 102 23 0.842000 0.308000  0.000065 0.000062 0.000168 0.000363 0.000174 0.000091 
1707264 kmeans 1 102 23 0.842000 0.308000  0.000069 0.000061 0.000174 0.000356 0.000178 0.000094 
1707328 kmeans 1 102 23 0.842000 0.308000  0.000144 0.000831 0.000547 0.001729 0.000000 0.000097 
1707392 kmeans 1 102 23 0.842000 0.308000  0.000065 0.000058 0.000180 0.000381 0.000180 0.000093 
1707456 kmeans 1 102 23 0.842000 0.308000  0.000061 0.000056 0.000156 0.000296 0.000163 0.000087 
1707520 kmeans 1 102 23 0.842000 0.385000  0.000064 0.000056 0.000157 0.000300 0.000162 0.000087 
1707520 kmeans 1 102 23 0.842000 0.385000  0.000020 0.000016 0.000044 0.000092 0.000048 0.000025 
1707584 kmeans 1 102 23 0.842000 0.385000  0.000017 0.000016 0.000044 0.000092 0.000046 0.000024 
1707584 kmeans 1 102 23 0.842000 0.385000  0.000017 0.000015 0.000042 0.000083 0.000046 0.000024 
1707648 kmeans 1 102 23 0.842000 0.308000  0.000031 0.000017 0.000046 0.000100 0.000048 0.000025 
1707712 kmeans 1 102 23 0.842000 0.308000  0.000074 0.000061 0.000186 0.000399 0.000194 0.000096 
1707776 kmeans 1 102 23 0.842000 0.308000  0.000073 0.000059 0.000165 0.000365 0.000331 0.000149 
1707776 kmeans 1 102 23 0.842000 0.308000  0.000121 0.000064 0.000169 0.000356 0.000171 0.000089 
1707840 kmeans 1 102 23 0.842000 0.308000  0.000074 0.000068 0.000176 0.000352 0.000173 0.000090 
1707904 kmeans 1 102 23 0.842000 0.308000  0.000059 0.000054 0.000151 0.000289 0.000154 0.000084 
1707968 kmeans 1 102 23 0.842000 0.308000  0.000062 0.000054 0.000158 0.000324 0.000164 0.000086 
1707968 kmeans 1 102 23 0.842000 0.386000  0.000060 0.000054 0.000150 0.000291 0.000154 0.000087 
1708096 kmeans 1 102 23 0.842000 0.308000  0.000061 0.000053 0.000148 0.000291 0.000152 0.000109 
1708160 kmeans 1 102 23 0.842000 0.308000  0.000060 0.000053 0.000148 0.000297 0.000153 0.000093 
1708224 kmeans 1 102 23 0.842000 0.308000  0.000061 0.000053 0.000147 0.000295 0.000155 0.000083 
1708224 kmeans 1 102 23 0.842000 0.308000  0.000059 0.000053 0.000147 0.000286 0.000152 0.000082 
1708288 kmeans 1 102 23 0.842000 0.308000  0.000060 0.000054 0.000153 0.000367 0.000238 0.000108 
1708352 kmeans 1 102 23 0.842000 0.385000  0.000058 0.000052 0.000153 0.000305 0.000156 0.000083 
1708352 kmeans 1 102 23 0.842000 0.308000  0.000099 0.000060 0.000159 0.000343 0.000163 0.000085 
1708416 kmeans 1 102 23 0.842000 0.308000  0.000059 0.000054 0.000151 0.000304 0.000155 0.000085 
1708480 kmeans 1 102 24 0.842000 0.308000  0.000070 0.000059 0.000179 0.000396 0.000193 0.000094 
1708480 kmeans 1 102 23 0.842000 0.308000  0.000017 0.000019 0.000049 0.000111 0.000051 0.000026 
1708544 kmeans 1 102 23 0.842000 0.308000  0.000017 0.000015 0.000041 0.000085 0.000045 0.000024 
1708608 kmeans 1 102 23 0.842000 0.385000  0.000016 0.000015 0.000041 0.000080 0.000043 0.000023 
1708608 kmeans 1 102 23 0.842000 0.385000  0.000017 0.000015 0.000041 0.000080 0.000043 0.000023 
1708672 kmeans 1 102 23 0.842000 0.308000  0.000020 0.000016 0.000045 0.000092 0.000049 0.000025 
1708736 kmeans 1 102 23 0.842000 0.308000  0.000017 0.000015 0.000041 0.000082 0.000042 0.000023 
1708736 kmeans 1 102 23 0.842000 0.385000  0.000017 0.000015 0.000041 0.000084 0.000042 0.000023 
1708800 kmeans 1 102 23 0.842000 0.308000  0.000057 0.000054 0.000147 0.000297 0.000151 0.000080 
1708864 kmeans 1 102 23 0.842000 0.308000  0.000056 0.000050 0.000140 0.000288 0.000151 0.000080 
1708864 kmeans 1 102 23 0.842000 0.308000  0.000057 0.000050 0.000148 0.000328 0.000169 0.000085 
1708928 kmeans 1 102 23 0.842000 0.308000  0.000059 0.000050 0.000150 0.000319 0.000154 0.000080 
1708992 kmeans 1 102 23 0.842000 0.308000  0.000062 0.000053 0.000144 0.000326 0.000176 0.000089 
1709056 kmeans 1 102 23 0.842000 0.308000  0.000062 0.001020 0.002289 0.001528 0.000919 0.000541 
1709056 kmeans 1 102 23 0.842000 0.308000  0.000053 0.000064 0.000163 0.000339 0.000162 0.000083 
1709120 kmeans 1 102 23 0.842000 0.308000  0.000056 0.000049 0.000137 0.000305 0.000150 0.000080 
1709120 kmeans 1 102 23 0.842000 0.308000  0.000055 0.000049 0.000137 0.000265 0.000151 0.000080 
1709184 kmeans 1 102 23 0.842000 0.308000  0.000054 0.000049 0.000137 0.000257 0.000140 0.000080 
1709248 kmeans 1 102 23 0.842000 0.308000  0.000055 0.000057 0.000156 0.000331 0.000155 0.000081 
1709312 kmeans 1 102 23 0.842000 0.308000  0.000054 0.000049 0.000142 0.000292 0.000146 0.000077 
1709312 kmeans 1 102 23 0.842000 0.308000  0.000054 0.000049 0.000146 0.000354 0.000164 0.000085 
1709376 kmeans 1 102 23 0.842000 0.308000  0.000055 0.000049 0.000136 0.000263 0.000139 0.000075 
1709376 kmeans 1 102 23 0.842000 0.308000  0.000076 0.000053 0.000142 0.000286 0.000145 0.000077 
1709440 kmeans 1 102 23 0.842000 0.308000  0.000056 0.000049 0.000136 0.000263 0.000142 0.000076 
1709568 kmeans 1 102 23 0.842000 0.308000  0.000072 0.006113 0.012248 0.025705 0.008077 0.003203 
1709632 kmeans 1 102 23 0.842000 0.308000  0.000055 0.000048 0.000134 0.000295 0.000000 0.000106 
1709696 kmeans 1 102 23 0.842000 0.308000  0.000052 0.000052 0.000141 0.000285 0.000144 0.000076 
1709696 kmeans 1 102 23 0.842000 0.308000  0.000054 0.000048 0.000155 0.000330 0.000157 0.000080 
1709760 kmeans 1 102 23 0.842000 0.308000  0.000082 0.000088 0.000231 0.000657 0.000251 0.000110 
1709824 kmeans 1 102 23 0.842000 0.308000  0.016436 0.059906 0.020641 0.060280 0.000002 0.001201 
1709888 kmeans 1 102 23 0.842000 0.386000  0.000058 0.000335 0.000220 0.000706 0.000000 0.000040 
1709888 kmeans 1 102 23 0.842000 0.308000  0.000058 0.000338 0.000238 0.000968 0.000000 0.000043 
1709952 kmeans 1 102 23 0.842000 0.308000  0.000061 0.000606 0.000324 0.001232 0.000000 0.000109 
1710016 kmeans 1 102 23 0.842000 0.308000  0.000052 0.000047 0.000131 0.000256 0.000135 0.000073 
1710080 kmeans 1 102 23 0.842000 0.308000  0.033134 0.008884 0.018786 0.033194 0.011153 0.004607 
1710144 kmeans 1 102 23 0.842000 0.308000  0.000016 0.000014 0.000040 0.000093 0.000046 0.000023 
1710208 kmeans 1 102 23 0.842000 0.308000  0.001136 0.000593 0.001297 0.001212 0.000603 0.000309 
1710208 kmeans 1 102 23 0.842000 0.308000  0.001516 0.000714 0.001520 0.001580 0.000740 0.000366 
1710272 kmeans 1 102 23 0.842000 0.308000  0.000022 0.000018 0.000047 0.000107 0.000052 0.000026 
1710336 kmeans 1 102 23 0.842000 0.308000  0.000017 0.000015 0.000042 0.000081 0.000044 0.000024 
1710336 kmeans 1 102 23 0.842000 0.308000  0.000055 0.000031 0.000079 0.000187 0.000083 0.000039 
1710400 kmeans 1 102 23 0.842000 0.308000  0.000016 0.000014 0.000039 0.000077 0.000045 0.000023 
1710528 kmeans 1 102 23 0.842000 0.308000  0.000056 0.000335 0.000216 0.000692 0.000000 0.000038 
1710592 kmeans 1 102 23 0.842000 0.308000  0.000056 0.000317 0.000230 0.000722 0.000000 0.000039 
1710656 kmeans 1 102 23 0.842000 0.231000  0.000018 0.000017 0.000045 0.000094 0.000049 0.000025 
1710720 kmeans 1 102 23 0.842000 0.308000  0.000017 0.000014 0.000039 0.000081 0.000042 0.000022 
1710720 kmeans 1 102 23 0.842000 0.308000  0.000015 0.000014 0.000039 0.000075 0.000040 0.000022 
1710784 kmeans 1 102 23 0.842000 0.308000  0.000077 0.000474 0.000253 0.000822 0.000000 0.000041 
1710848 kmeans 1 102 23 0.842000 0.308000  0.000015 0.000014 0.000041 0.000079 0.000042 0.000022 
1710848 kmeans 1 102 23 0.842000 0.231000  0.000016 0.000034 0.000077 0.000159 0.000070 0.000033 
1710912 kmeans 1 102 23 0.842000 0.308000  0.000055 0.000312 0.000226 0.000723 0.000000 0.000038 
1710976 kmeans 1 102 23 0.842000 0.308000  0.000054 0.000308 0.000207 0.000643 0.000000 0.000037 
1711040 kmeans 1 102 23 0.842000 0.231000  0.002583 0.000653 0.001528 0.002645 0.000972 0.000427 
1711040 kmeans 1 102 23 0.842000 0.308000  0.000054 0.000309 0.000207 0.000641 0.000000 0.000036 
1711104 kmeans 1 102 23 0.842000 0.231000  0.000016 0.000024 0.000074 0.000129 0.000061 0.000031 
1711168 kmeans 1 102 23 0.842000 0.308000  0.000053 0.000072 0.000174 0.000425 0.000203 0.000122 
1711232 kmeans 1 102 23 0.842000 0.386000  0.000017 0.000015 0.000045 0.000095 0.000046 0.000024 
1711232 kmeans 1 102 23 0.842000 0.231000  0.008892 0.025187 0.012324 0.025514 0.000001 0.000593 
1711296 kmeans 1 102 23 0.842000 0.308000  0.000052 0.000294 0.000199 0.000667 0.000000 0.000036 
1711360 kmeans 1 102 23 0.842000 0.308000  0.000052 0.000292 0.000198 0.000615 0.000000 0.000036 
1711360 kmeans 1 102 23 0.842000 0.231000  0.008112 0.002610 0.006995 0.008178 0.003678 0.001870 
1711424 kmeans 1 102 23 0.842000 0.308000  0.000054 0.000048 0.000178 0.000389 0.000183 0.000298 
1711488 kmeans 1 102 23 0.842000 0.308000  0.000052 0.000046 0.000127 0.000247 0.000132 0.000071 
1711488 kmeans 1 102 23 0.842000 0.308000  0.000049 0.000049 0.000140 0.000278 0.000140 0.000075 
1711552 kmeans 1 102 23 0.842000 0.308000  0.000060 0.000054 0.000145 0.000319 0.000159 0.000081 
1711552 kmeans 1 102 23 0.842000 0.308000  0.000107 0.000057 0.000147 0.000307 0.000148 0.000077 
1711616 kmeans 1 102 23 0.842000 0.231000  0.000050 0.000072 0.000170 0.000346 0.000167 0.000083 
1711680 kmeans 1 102 23 0.842000 0.308000  0.000084 0.000049 0.000137 0.000296 0.000165 0.000085 
1711744 kmeans 1 102 23 0.842000 0.308000  0.000047 0.000054 0.000145 0.000288 0.000147 0.000076 
1711808 kmeans 1 102 23 0.842000 0.308000  0.000054 0.000048 0.000131 0.000252 0.000139 0.000078 
1711808 kmeans 1 102 23 0.842000 0.308000  0.000049 0.000045 0.000125 0.000232 0.000129 0.000069 
1711872 kmeans 1 102 24 0.842000 0.231000  0.000048 0.000047 0.000135 0.000281 0.000145 0.000076 
1711936 kmeans 1 102 23 0.842000 0.308000  0.000017 0.000016 0.000048 0.000099 0.000052 0.000027 
1711936 kmeans 1 102 23 0.842000 0.308000  0.000052 0.000044 0.000124 0.000244 0.000126 0.000068 
1712000 kmeans 1 102 23 0.842000 0.308000  0.000048 0.000045 0.000124 0.000232 0.000127 0.000069 
1712064 kmeans 1 102 23 0.842000 0.308000  0.000055 0.000514 0.000291 0.001058 0.000000 0.000049 
1712064 kmeans 1 102 23 0.842000 0.308000  0.000051 0.000412 0.000233 0.000748 0.000000 0.000037 
1712128 kmeans 1 102 23 0.842000 0.308000  0.001613 0.005845 0.002170 0.006162 0.000000 0.000165 
1712192 kmeans 1 102 24 0.842000 0.308000  0.005556 0.001861 0.005831 0.005650 0.002901 0.001647 
1712192 kmeans 1 102 23 0.842000 0.308000  0.000029 0.000017 0.000046 0.000099 0.000046 0.000024 
1712256 kmeans 1 102 23 0.842000 0.308000  0.000017 0.000016 0.000044 0.000091 0.000045 0.000024 
1712320 kmeans 1 102 23 0.842000 0.308000  0.000016 0.011048 0.031853 0.030110 0.015319 0.008315 
1712384 kmeans 1 102 24 0.842000 0.385000  0.000052 0.000047 0.000282 0.000422 0.000205 0.000205 
1712384 kmeans 1 102 24 0.842000 0.308000  0.000049 0.000044 0.000122 0.000237 0.000133 0.000070 
1712448 kmeans 1 102 24 0.842000 0.308000  0.000049 0.000045 0.000135 0.000279 0.000142 0.000074 
1712512 kmeans 1 102 23 0.842000 0.308000  0.000021 0.000015 0.000040 0.000080 0.000041 0.000022 
1712512 kmeans 1 102 23 0.842000 0.386000  0.000051 0.000044 0.000121 0.000290 0.000142 0.000072 
1712576 kmeans 1 102 23 0.842000 0.308000  0.000050 0.000046 0.000126 0.000264 0.000135 0.000070 
1712640 kmeans 1 102 24 0.842000 0.308000  0.027054 0.084260 0.040643 0.084582 0.000002 0.001665 
1712640 kmeans 1 102 23 0.842000 0.308000  0.000047 0.000357 0.000197 0.000663 0.000000 0.000033 
1712704 kmeans 1 102 23 0.842000 0.308000  0.000046 0.000272 0.000177 0.000569 0.000000 0.000053 
1712768 kmeans 1 102 23 0.842000 0.308000  0.000046 0.000271 0.000185 0.000615 0.000000 0.000032 
1712768 kmeans 1 102 23 0.842000 0.308000  0.000046 0.000274 0.000176 0.000641 0.000000 0.000033 
1712832 kmeans 1 102 23 0.842000 0.308000  0.000016 0.000014 0.000038 0.000076 0.000039 0.000021 
1712896 kmeans 1 102 23 0.842000 0.308000  0.000053 0.000044 0.000121 0.000237 0.000127 0.000071 
1712960 kmeans 1 102 23 0.842000 0.308000  0.000034 0.000018 0.000046 0.000099 0.000047 0.000024 
1713024 kmeans 1 102 23 0.842000 0.385000  0.000047 0.000047 0.000210 0.000473 0.001489 0.000652 
1713088 kmeans 1 102 23 0.842000 0.308000  0.000019 0.000016 0.000046 0.000097 0.000050 0.000025 
1713152 kmeans 1 102 23 0.842000 0.386000  0.000017 0.000021 0.000052 0.000126 0.000052 0.000028 
1713216 kmeans 1 102 24 0.842000 0.308000  0.000018 0.000015 0.000041 0.000086 0.000045 0.000023 
1713216 kmeans 1 102 24 0.842000 0.308000  0.000017 0.000014 0.000040 0.000081 0.000046 0.000024 
1713280 kmeans 1 102 23 0.842000 0.308000  0.000992 0.000366 0.000777 0.001178 0.000476 0.000207 
1713344 kmeans 1 102 24 0.842000 0.308000  0.000023 0.000016 0.000046 0.000101 0.000047 0.000024 
1713344 kmeans 1 102 24 0.842000 0.308000  0.000034 0.000018 0.000048 0.000110 0.000049 0.000025 
1713408 kmeans 1 102 24 0.842000 0.308000  0.000049 0.000042 0.000118 0.000233 0.000123 0.000073 
1713472 kmeans 1 102 23 0.842000 0.308000  0.000047 0.000045 0.000132 0.000285 0.000136 0.000070 
1713536 kmeans 1 102 23 0.842000 0.308000  0.000046 0.000042 0.000117 0.000223 0.000121 0.000065 
1713536 kmeans 1 102 23 0.842000 0.385000  0.000016 0.000014 0.000040 0.000077 0.000041 0.000022 
1713600 kmeans 1 102 23 0.842000 0.308000  0.000014 0.000013 0.000040 0.000082 0.000042 0.000022 
1713664 kmeans 1 102 24 0.842000 0.308000  0.000017 0.000014 0.000038 0.000080 0.000041 0.000022 
1713728 kmeans 1 102 23 0.842000 0.308000  0.000014 0.000013 0.000037 0.000069 0.000040 0.000021 
1713728 kmeans 1 102 23 0.842000 0.308000  0.000053 0.000045 0.000132 0.000281 0.000141 0.000072 
1713792 kmeans 1 102 23 0.842000 0.308000  0.005921 0.001873 0.003980 0.006137 0.002281 0.000941 
1713856 kmeans 1 102 24 0.842000 0.308000  0.000015 0.000013 0.000037 0.000072 0.000038 0.000020 
1713856 kmeans 1 102 23 0.842000 0.308000  0.000016 0.000016 0.000042 0.000093 0.000047 0.000023 
1713920 kmeans 1 102 24 0.842000 0.308000  0.054292 0.163586 0.079834 0.164005 0.000004 0.003696 
1713984 kmeans 1 102 23 0.842000 0.308000  0.000103 0.000051 0.000150 0.000633 0.000254 0.000115 
1714048 kmeans 1 102 23 0.842000 0.308000  0.000038 0.000224 0.000146 0.000466 0.000000 0.000026 
1714048 kmeans 1 102 23 0.842000 0.308000  0.000045 0.000040 0.000115 0.000226 0.000120 0.000064 
1714112 kmeans 1 102 23 0.842000 0.308000  0.000351 0.000201 0.000396 0.000815 0.000341 0.000170 
1714176 kmeans 1 102 23 0.842000 0.308000  0.000046 0.000040 0.000113 0.000222 0.000119 0.000062 
1714240 kmeans 1 102 23 0.842000 0.308000  0.000044 0.000040 0.000112 0.000214 0.000117 0.000062 
1714240 kmeans 1 102 24 0.842000 0.308000  0.000020 0.000016 0.000043 0.000091 0.000048 0.000025 
1714304 kmeans 1 102 23 0.842000 0.385000  0.005895 0.002362 0.004843 0.006070 0.002637 0.001254 
1714368 kmeans 1 102 23 0.842000 0.308000  0.000076 0.000050 0.000136 0.000288 0.000136 0.000069 
1714368 kmeans 1 102 23 0.842000 0.308000  0.000051 0.000041 0.000116 0.000244 0.000120 0.000063 
1714432 kmeans 1 102 23 0.842000 0.308000  0.000065 0.000107 0.000252 0.000501 0.000257 0.000117 
1714496 kmeans 1 102 23 0.842000 0.385000  0.000067 0.000028 0.000067 0.000145 0.000067 0.000032 
1714560 kmeans 1 102 24 0.842000 0.308000  0.001124 0.000280 0.000569 0.001204 0.000390 0.000172 
1714560 kmeans 1 102 23 0.842000 0.308000  0.000055 0.000045 0.000123 0.000268 0.000139 0.000070 
1714624 kmeans 1 102 23 0.842000 0.308000  0.000048 0.000044 0.000121 0.000240 0.000127 0.000066 
1714688 kmeans 1 102 24 0.842000 0.308000  0.000054 0.000044 0.000120 0.000241 0.000126 0.000066 
1714752 kmeans 1 102 23 0.842000 0.308000  0.000042 0.000039 0.000110 0.000208 0.000114 0.000065 
1714752 kmeans 1 102 23 0.842000 0.308000  0.000064 0.000043 0.000117 0.000259 0.000131 0.000068 
1714816 kmeans 1 102 23 0.842000 0.308000  0.000055 0.000045 0.000118 0.000231 0.000127 0.000069 
1714880 kmeans 1 102 23 0.842000 0.308000  0.000045 0.000039 0.000109 0.000216 0.000113 0.000060 
1714944 kmeans 1 102 23 0.842000 0.308000  0.000042 0.000055 0.000151 0.000299 0.000145 0.000071 
1715008 kmeans 1 102 23 0.842000 0.308000  0.000015 0.000014 0.000039 0.000076 0.000044 0.000023 
1715008 kmeans 1 102 23 0.842000 0.308000  0.000048 0.000041 0.000115 0.000231 0.000122 0.000063 
1715072 kmeans 1 102 23 0.842000 0.308000  0.000329 0.000158 0.000352 0.000659 0.000308 0.000143 
1715136 kmeans 1 102 23 0.842000 0.308000  0.000042 0.000038 0.000108 0.000203 0.000110 0.000061 
1715136 kmeans 1 102 23 0.842000 0.308000  0.034829 0.104544 0.039923 0.104765 0.000005 0.002383 
1715200 kmeans 1 102 23 0.842000 0.231000  0.015096 0.005003 0.010562 0.015343 0.005893 0.002534 
1715264 kmeans 1 102 23 0.842000 0.308000  0.000023 0.000015 0.000041 0.000085 0.000042 0.000022 
1715328 kmeans 1 102 23 0.842000 0.308000  0.000034 0.000194 0.000129 0.000404 0.001792 0.000761 
1715328 kmeans 1 102 23 0.842000 0.308000  0.000015 0.000014 0.000039 0.000075 0.000040 0.000028 
1715392 kmeans 1 102 23 0.842000 0.308000  0.000830 0.000316 0.000675 0.000942 0.000452 0.000198 
1715456 kmeans 1 102 23 0.842000 0.308000  0.000043 0.000039 0.000107 0.000213 0.000111 0.000059 
1715520 kmeans 1 102 23 0.842000 0.308000  0.000045 0.000038 0.000106 0.000212 0.000110 0.000059 
1715520 kmeans 1 102 23 0.842000 0.308000  0.000046 0.000040 0.000113 0.000225 0.000117 0.000062 
1715584 kmeans 1 102 23 0.842000 0.308000  0.003635 0.011362 0.004333 0.011471 0.000000 0.000276 
1715648 kmeans 1 102 23 0.842000 0.308000  0.000058 0.000044 0.000120 0.000251 0.000127 0.000066 
1715712 kmeans 1 102 23 0.842000 0.308000  0.000050 0.000043 0.000124 0.000275 0.000139 0.000069 
1715712 kmeans 1 102 23 0.842000 0.308000  0.000041 0.000038 0.000105 0.000199 0.000108 0.000058 
1715776 kmeans 1 102 23 0.842000 0.308000  0.000042 0.000038 0.000105 0.000210 0.000114 0.000060 
1715840 kmeans 1 102 23 0.842000 0.231000  0.000046 0.000279 0.000150 0.000487 0.000000 0.000023 
1715904 kmeans 1 102 23 0.842000 0.308000  0.000015 0.000013 0.000037 0.000071 0.000039 0.000020 
1715904 kmeans 1 102 24 0.842000 0.308000  0.000048 0.000046 0.000119 0.000237 0.000121 0.000062 
1715968 kmeans 1 102 23 0.842000 0.308000  0.000063 0.000050 0.000126 0.000262 0.000271 0.000113 
1716032 kmeans 1 102 23 0.842000 0.308000  0.000014 0.000013 0.000037 0.000101 0.000048 0.000024 
1716096 kmeans 1 102 23 0.842000 0.231000  0.000032 0.000185 0.000122 0.000391 0.000000 0.000022 
1716096 kmeans 1 102 23 0.842000 0.231000  0.000014 0.000013 0.000037 0.000070 0.000038 0.000020 
1716160 kmeans 1 102 23 0.842000 0.308000  0.000074 0.000044 0.000118 0.000265 0.000133 0.000087 
1716224 kmeans 1 102 24 0.842000 0.231000  0.000040 0.000037 0.000105 0.000201 0.000108 0.000058 
1716224 kmeans 1 102 23 0.842000 0.231000  0.000039 0.000037 0.000103 0.000192 0.000106 0.000057 
1716288 kmeans 1 102 23 0.842000 0.308000  0.000040 0.000037 0.000102 0.000195 0.000105 0.000057 
1716352 kmeans 1 102 23 0.842000 0.308000  0.000041 0.000037 0.000102 0.000196 0.000104 0.000057 
1716352 kmeans 1 102 23 0.842000 0.308000  0.000041 0.000037 0.000102 0.000195 0.000153 0.000076 
1716416 kmeans 1 102 23 0.842000 0.308000  0.000040 0.000038 0.000110 0.058803 0.027088 0.013696 
1716480 kmeans 1 102 23 0.842000 0.385000  0.000041 0.000037 0.000102 0.000197 0.000107 0.000057 
1716544 kmeans 1 102 23 0.842000 0.385000  0.000040 0.000037 0.000101 0.000195 0.000106 0.000069 
1716544 kmeans 1 102 23 0.842000 0.308000  0.000039 0.000036 0.000106 0.000210 0.000113 0.000060 
1716608 kmeans 1 102 23 0.842000 0.308000  0.000041 0.000042 0.000110 0.000253 0.000119 0.000060 
1716672 kmeans 1 102 23 0.842000 0.308000  0.000020 0.000023 0.000056 0.000120 0.000054 0.000027 
1716736 kmeans 1 102 24 0.842000 0.308000  0.000072 0.000044 0.000115 0.000245 0.000121 0.000061 
1716800 kmeans 1 102 23 0.842000 0.308000  0.000066 0.000040 0.000108 0.000224 0.000110 0.000058 
1716864 kmeans 1 102 23 0.842000 0.308000  0.000040 0.000036 0.000106 0.000214 0.000110 0.000057 
1716864 kmeans 1 102 23 0.842000 0.308000  0.000043 0.000038 0.000107 0.000213 0.000110 0.000060 
1716928 kmeans 1 102 23 0.842000 0.308000  0.000051 0.000057 0.000139 0.000296 0.000144 0.000070 
1716992 kmeans 1 102 23 0.842000 0.308000  0.000040 0.000036 0.000099 0.000191 0.000104 0.000055 
1717056 kmeans 1 102 23 0.842000 0.308000  0.001561 0.001451 0.004071 0.007739 0.004203 0.002252 
1717056 kmeans 1 102 23 0.842000 0.308000  0.001504 0.001330 0.004160 0.008902 0.004424 0.002254 
1717120 kmeans 1 102 23 0.842000 0.308000  0.001423 0.001277 0.003541 0.006792 0.003707 0.002037 
1717184 kmeans 1 102 23 0.842000 0.231000  0.040460 0.013689 0.026101 0.049436 0.020084 0.008456 
1717248 kmeans 1 102 23 0.842000 0.308000  0.000039 0.000036 0.000099 0.000187 0.000103 0.000055 
1717248 kmeans 1 102 23 0.842000 0.308000  0.000040 0.000036 0.000103 0.000214 0.000115 0.000059 
1717312 kmeans 1 102 23 0.842000 0.231000  0.000041 0.000037 0.000100 0.000206 0.000154 0.000071 
1717376 kmeans 1 102 23 0.842000 0.308000  0.000044 0.000036 0.000100 0.000201 0.000106 0.000057 
1717440 kmeans 1 102 23 0.842000 0.308000  0.000045 0.000038 0.000139 0.000336 0.000145 0.000067 
1717440 kmeans 1 102 23 0.842000 0.308000  0.000046 0.000040 0.000106 0.000213 0.000108 0.000086 
1717504 kmeans 1 102 23 0.842000 0.308000  0.000048 0.000044 0.000119 0.000238 0.000118 0.000081 
1717568 kmeans 1 102 23 0.842000 0.231000  0.000040 0.000037 0.000102 0.000196 0.000137 0.007950 
1717568 kmeans 1 102 23 0.842000 0.308000  0.000015 0.000013 0.000037 0.000079 0.000041 0.000021 
1717632 kmeans 1 102 23 0.842000 0.308000  0.050198 0.139772 0.070598 0.139817 0.000007 0.003205 
1717696 kmeans 1 102 23 0.842000 0.308000  0.511694 0.181064 0.523246 0.514683 0.258648 0.138222 
1717696 kmeans 1 102 23 0.842000 0.308000  0.000664 0.000653 0.001760 0.003541 0.001838 0.000962 
1717760 kmeans 1 102 23 0.842000 0.385000  0.000043 0.000037 0.000130 0.000280 0.000136 0.000076 
1717824 kmeans 1 102 23 0.842000 0.385000  0.000039 0.000035 0.000097 0.000190 0.000102 0.000054 
1717888 kmeans 1 102 23 0.842000 0.308000  0.006198 0.002349 0.007354 0.006285 0.003490 0.002006 
1717888 kmeans 1 102 23 0.842000 0.308000  0.000014 0.000013 0.000037 0.000069 0.000041 0.000021 
1717952 kmeans 1 102 23 0.842000 0.308000  0.098304 0.024277 0.049645 0.100979 0.033937 0.013329 
1718016 kmeans 1 102 23 0.842000 0.308000  0.000027 0.000155 0.000102 0.000324 0.000000 0.000018 
1718016 kmeans 1 102 23 0.842000 0.308000  0.000027 0.000154 0.000103 0.000324 0.000000 0.000024 
1718080 kmeans 1 102 23 0.842000 0.308000  0.000027 0.000159 0.000101 0.000401 0.000000 0.000019 
1718144 kmeans 1 102 23 0.842000 0.308000  0.000047 0.000037 0.000103 0.000213 0.000109 0.000058 
1718144 kmeans 1 102 23 0.842000 0.308000  0.000040 0.000037 0.000107 0.000305 0.000144 0.000282 
1718208 kmeans 1 102 23 0.842000 0.385000  0.000037 0.000035 0.000097 0.000186 0.000099 0.000054 
1718272 kmeans 1 102 23 0.842000 0.308000  0.003387 0.001207 0.002484 0.003583 0.001449 0.000586 
1718272 kmeans 1 102 23 0.842000 0.308000  0.000039 0.000038 0.000101 0.000210 0.000106 0.000058 
1718336 kmeans 1 102 23 0.842000 0.308000  0.000037 0.000035 0.000096 0.000194 0.000102 0.000054 
1718400 kmeans 1 102 23 0.842000 0.231000  0.000038 0.000034 0.000096 0.000180 0.000099 0.000053 
1718464 kmeans 1 102 23 0.842000 0.231000  0.000049 0.000036 0.000099 0.000196 0.000101 0.000054 
1718464 kmeans 1 102 23 0.842000 0.308000  0.000039 0.000000 0.000000 0.000000 0.000000 0.000000 
1718528 kmeans 1 102 23 0.842000 0.308000  0.000048 0.000039 0.000150 0.000430 0.000178 0.000080 
1718592 kmeans 1 102 23 0.842000 0.385000  0.000039 0.000046 0.000248 0.000531 0.000211 0.000095 
1718592 kmeans 1 102 23 0.842000 0.308000  0.000040 0.000043 0.000116 0.000258 0.000127 0.000093 
1718656 kmeans 1 102 23 0.842000 0.308000  0.000038 0.000034 0.000095 0.000240 0.000137 0.000065 
1718720 kmeans 1 102 23 0.842000 0.308000  0.000069 0.000042 0.000110 0.000322 0.000148 0.000070 
1718720 kmeans 1 102 23 0.842000 0.308000  0.000037 0.000034 0.000095 0.000182 0.000098 0.000052 
1718784 kmeans 1 102 23 0.842000 0.308000  0.000037 0.000034 0.000094 0.000195 0.000103 0.000054 
1718848 kmeans 1 102 23 0.842000 0.385000  0.000015 0.000013 0.000037 0.000069 0.000038 0.000020 
1718848 kmeans 1 102 23 0.842000 0.308000  0.000025 0.000016 0.000066 0.000169 0.000068 0.000031 
1718912 kmeans 1 102 23 0.842000 0.308000  0.000015 0.000013 0.000037 0.000070 0.000038 0.000020 
1718976 kmeans 1 102 23 0.842000 0.308000  0.000048 0.000041 0.000113 0.000250 0.000119 0.000060 
1719040 kmeans 1 102 23 0.842000 0.308000  0.000025 0.000167 0.000103 0.000327 0.000000 0.000017 
1719040 kmeans 1 102 23 0.842000 0.308000  0.000014 0.000013 0.000037 0.000069 0.000037 0.000020 
1719104 kmeans 1 102 23 0.842000 0.308000  0.000025 0.000139 0.000094 0.000294 0.000000 0.000017 
1719104 kmeans 1 102 23 0.842000 0.308000  0.000025 0.000143 0.000094 0.000299 0.000000 0.000017 
1719168 kmeans 1 102 23 0.842000 0.308000  0.000024 0.000143 0.000103 0.000333 0.000000 0.000022 
1719232 kmeans 1 102 23 0.842000 0.308000  0.002672 0.000917 0.002122 0.004870 0.002133 0.000989 
1719232 kmeans 1 102 23 0.842000 0.308000  0.000480 0.000424 0.001177 0.002327 0.001227 0.000908 
1719296 kmeans 1 102 23 0.842000 0.308000  0.000024 0.000138 0.000093 0.000289 0.000000 0.000017 
1719360 kmeans 1 102 23 0.842000 0.308000  0.000044 0.000036 0.000128 0.000304 0.000138 0.000066 
1719360 kmeans 1 102 23 0.842000 0.308000  0.000154 0.000056 0.000130 0.000296 0.000127 0.000062 
1719424 kmeans 1 102 23 0.842000 0.308000  0.000056 0.000037 0.000099 0.000196 0.000101 0.000053 
1719488 kmeans 1 102 23 0.842000 0.308000  0.000053 0.000043 0.000165 0.000417 0.000173 0.000081 
1719488 kmeans 1 102 23 0.842000 0.308000  0.000036 0.000033 0.000092 0.000173 0.000094 0.000051 
1719552 kmeans 1 102 23 0.842000 0.308000  0.000043 0.000036 0.000102 0.000206 0.000105 0.000055 
1719616 kmeans 1 102 23 0.842000 0.308000  0.000024 0.000138 0.000092 0.000287 0.000000 0.000016 
1719616 kmeans 1 102 23 0.842000 0.308000  0.002721 0.002370 0.006615 0.012847 0.006787 0.003666 
1719680 kmeans 1 102 23 0.842000 0.308000  0.002000 0.006861 0.002492 0.007265 0.000001 0.000173 
1719744 kmeans 1 102 23 0.842000 0.308000  0.000024 0.000148 0.000093 0.000300 0.000000 0.000017 
1719808 kmeans 1 102 23 0.842000 0.308000  0.000024 0.000142 0.000091 0.000291 0.000000 0.000016 
1719808 kmeans 1 102 23 0.842000 0.308000  0.000179 0.000821 0.000358 0.001061 0.000000 0.000041 
1719872 kmeans 1 102 23 0.842000 0.308000  0.251589 0.071080 0.170714 0.252990 0.095275 0.044597 
1719936 kmeans 1 102 23 0.842000 0.308000  0.000598 0.000580 0.001656 0.003124 0.002145 0.009048 
1719936 kmeans 1 102 23 0.842000 0.308000  0.000027 0.000171 0.000108 0.000355 0.000000 0.000018 
1720000 kmeans 1 102 24 0.842000 0.308000  0.000036 0.000032 0.000089 0.000170 0.000092 0.000049 
1720064 kmeans 1 102 23 0.842000 0.308000  0.001749 0.001626 0.004832 0.009427 0.004951 0.002605 
1720064 kmeans 1 102 24 0.842000 0.231000  0.321282 0.097320 0.223539 0.322783 0.122912 0.056623 
1720128 kmeans 1 102 23 0.842000 0.308000  0.000036 0.000032 0.000089 0.000170 0.000092 0.000049 
1720192 kmeans 1 102 23 0.842000 0.308000  0.000046 0.000037 0.000098 0.000193 0.000104 0.000054 
1720256 kmeans 1 102 23 0.842000 0.308000  0.000034 0.000033 0.000090 0.000173 0.000092 0.000049 
1720256 kmeans 1 102 23 0.842000 0.308000  0.000034 0.000032 0.000088 0.000169 0.000090 0.000049 
1720320 kmeans 1 102 23 0.842000 0.308000  0.000035 0.000036 0.000176 0.000333 0.000000 0.000000 
1720384 kmeans 1 102 23 0.842000 0.231000  0.000038 0.000049 0.000140 0.000320 0.018924 0.008376 
1720448 kmeans 1 102 23 0.842000 0.308000  0.000036 0.000032 0.000088 0.000174 0.000092 0.000049 
1720512 kmeans 1 102 23 0.842000 0.308000  0.000039 0.000032 0.000090 0.000180 0.000092 0.000051 
1720512 kmeans 1 102 23 0.842000 0.231000  0.001706 0.001532 0.006100 0.013652 0.006164 0.002975 
1720576 kmeans 1 102 23 0.842000 0.308000  0.000060 0.000037 0.000097 0.000193 0.000099 0.000051 
1720640 kmeans 1 102 23 0.842000 0.308000  0.434147 0.136024 0.305994 0.435169 0.168143 0.074067 
1720640 kmeans 1 102 23 0.842000 0.308000  0.000023 0.000132 0.000090 0.000362 0.000000 0.000020 
1720704 kmeans 1 102 23 0.842000 0.231000  0.000253 0.000254 0.000685 0.001347 0.000704 0.000372 
1720768 kmeans 1 102 23 0.842000 0.231000  0.000254 0.000233 0.000648 0.001333 0.000697 0.000368 
1720832 kmeans 1 102 23 0.842000 0.308000  0.000264 0.000232 0.000640 0.001252 0.000701 0.000368 
1720832 kmeans 1 102 23 0.842000 0.231000  0.000069 0.000038 0.000122 0.000255 0.000123 0.000059 
1720896 kmeans 1 102 23 0.842000 0.308000  0.000035 0.000031 0.000087 0.000199 0.000098 0.000052 
1720960 kmeans 1 102 23 0.842000 0.308000  0.000046 0.000037 0.000100 0.000214 0.000111 0.000082 
1720960 kmeans 1 102 23 0.842000 0.308000  0.000060 0.000037 0.000103 0.000240 0.000111 0.000055 
1721024 kmeans 1 102 23 0.842000 0.308000  0.001215 0.000914 0.002472 0.004765 0.002515 0.001339 
1721088 kmeans 1 102 23 0.842000 0.308000  0.000034 0.000031 0.000087 0.000166 0.000090 0.000048 
1721088 kmeans 1 102 23 0.842000 0.308000  0.000053 0.000035 0.000094 0.000190 0.000097 0.000052 
1721152 kmeans 1 102 23 0.842000 0.308000  0.000047 0.000035 0.000094 0.000189 0.000100 0.000052 
1721216 kmeans 1 102 23 0.842000 0.231000  0.000034 0.000031 0.000086 0.000185 0.000094 0.000051 
1721216 kmeans 1 102 24 0.842000 0.231000  0.000041 0.000035 0.000095 0.000222 0.000112 0.000056 
1721280 kmeans 1 102 23 0.842000 0.308000  0.000035 0.000033 0.000116 0.000467 0.000240 0.000132 
1721344 kmeans 1 102 23 0.842000 0.308000  0.000034 0.000033 0.000090 0.000179 0.000094 0.000062 
1721408 kmeans 1 102 23 0.842000 0.231000  0.000037 0.000034 0.000108 0.000233 0.000107 0.000054 
1721408 kmeans 1 102 23 0.842000 0.231000  0.000033 0.000031 0.000089 0.000176 0.000091 0.000048 
1721472 kmeans 1 102 23 0.842000 0.308000  0.000059 0.000037 0.000098 0.000201 0.000109 0.000054 
1721536 kmeans 1 102 23 0.842000 0.308000  0.000036 0.000033 0.000089 0.000173 0.000097 0.000051 
1721600 kmeans 1 102 23 0.842000 0.308000  0.000054 0.000035 0.000092 0.000195 0.000095 0.000050 
1721664 kmeans 1 102 23 0.842000 0.308000  0.000086 0.000054 0.000151 0.000309 0.000165 0.000082 
1721664 kmeans 1 102 23 0.842000 0.308000  0.000034 0.000031 0.000087 0.000215 0.000103 0.000052 
1721728 kmeans 1 102 23 0.842000 0.308000  0.000037 0.000032 0.000090 0.000174 0.000093 0.000049 
1721792 kmeans 1 102 23 0.842000 0.308000  0.000778 0.000591 0.001573 0.003202 0.001828 0.000926 
1721792 kmeans 1 102 23 0.842000 0.308000  0.000808 0.000562 0.001519 0.002983 0.001546 0.000819 
1721856 kmeans 1 102 23 0.842000 0.308000  0.000051 0.000035 0.000092 0.000186 0.000096 0.000050 
1721920 kmeans 1 102 23 0.842000 0.308000  0.000042 0.000041 0.000107 0.000246 0.000119 0.000056 
1721984 kmeans 1 102 23 0.842000 0.308000  0.000107 0.000046 0.000122 0.000271 0.000121 0.000058 
1721984 kmeans 1 102 23 0.842000 0.308000  0.288001 0.098682 0.271136 0.288708 0.133658 0.070829 
1722048 kmeans 1 102 23 0.842000 0.308000  0.000023 0.000141 0.000092 0.000295 0.000000 0.000016 
1722048 kmeans 1 102 23 0.842000 0.231000  0.000020 0.000139 0.000083 0.000262 0.000000 0.000015 
1722112 kmeans 1 102 23 0.842000 0.308000  0.000020 0.000154 0.000143 0.000502 0.000000 0.000024 
1722176 kmeans 1 102 23 0.842000 0.231000  0.000021 0.000121 0.000081 0.000259 0.000000 0.000015 
1722176 kmeans 1 102 23 0.842000 0.308000  0.312474 0.104260 0.280028 0.312657 0.140278 0.072786 
1722240 kmeans 1 102 23 0.842000 0.308000  0.000211 0.000165 0.000451 0.000889 0.000468 0.000246 
1722304 kmeans 1 102 23 0.842000 0.308000  0.000182 0.000166 0.000451 0.000926 0.000509 0.000261 
1722368 kmeans 1 102 23 0.842000 0.385000  0.001876 0.000654 0.001441 0.002645 0.001095 0.000554 
1722368 kmeans 1 102 23 0.842000 0.308000  0.000168 0.000154 0.000426 0.000812 0.000444 0.000244 
1722432 kmeans 1 102 24 0.842000 0.308000  0.000024 0.000139 0.000099 0.000318 0.000000 0.000015 
1722496 kmeans 1 102 23 0.842000 0.308000  0.000036 0.000030 0.000093 0.000193 0.000095 0.000049 
1722496 kmeans 1 102 23 0.842000 0.308000  0.000188 0.000160 0.000601 0.001700 0.000785 0.000352 
1722560 kmeans 1 102 23 0.842000 0.308000  0.000163 0.000149 0.000415 0.000797 0.000432 0.000231 
1722624 kmeans 1 102 23 0.842000 0.231000  0.000159 0.000148 0.000412 0.000798 0.000428 0.000229 
1722624 kmeans 1 102 23 0.842000 0.308000  0.000158 0.000147 0.000410 0.000775 0.000422 0.000228 
1722688 kmeans 1 102 23 0.842000 0.231000  0.000165 0.000147 0.000408 0.000793 0.000425 0.000227 
1722752 kmeans 1 102 23 0.842000 0.308000  0.377975 0.134276 0.375205 0.000000 0.000000 0.000000 
1722752 kmeans 1 102 23 0.842000 0.308000  0.000154 0.000146 0.000426 0.000831 0.000443 0.000370 
1722816 kmeans 1 102 23 0.842000 0.308000  0.000033 0.000030 0.000083 0.000157 0.000086 0.000052 
1722880 kmeans 1 102 23 0.842000 0.386000  0.000098 0.000048 0.000114 0.000267 0.000119 0.000057 
1722880 kmeans 1 102 23 0.842000 0.308000  0.000053 0.000035 0.000102 0.000201 0.000101 0.000051 
1722944 kmeans 1 102 23 0.842000 0.308000  0.000156 0.000140 0.000388 0.000751 0.000405 0.000217 
1723008 kmeans 1 102 23 0.842000 0.308000  0.000152 0.000139 0.000386 0.000747 0.000400 0.000215 
1723008 kmeans 1 102 23 0.842000 0.308000  0.000154 0.000138 0.000383 0.000752 0.000402 0.000214 
1723072 kmeans 1 102 23 0.842000 0.308000  0.000150 0.000137 0.000380 0.000731 0.000397 0.000212 
1723136 kmeans 1 102 23 0.842000 0.308000  0.000196 0.000145 0.000392 0.000783 0.000407 0.000215 
1723136 kmeans 1 102 23 0.842000 0.308000  0.000143 0.000134 0.000375 0.000772 0.000409 0.000214 
1723200 kmeans 1 102 23 0.842000 0.308000  0.000323 0.000435 0.001055 0.002686 0.004486 0.002284 
1723264 kmeans 1 102 23 0.842000 0.308000  0.000309 0.000277 0.000773 0.001467 0.000796 0.000428 
1723328 kmeans 1 102 23 0.842000 0.308000  0.000039 0.000032 0.000088 0.000180 0.000097 0.000049 
1723328 kmeans 1 102 23 0.842000 0.308000  0.000033 0.000029 0.000081 0.000156 0.000084 0.000045 
1723392 kmeans 1 102 23 0.842000 0.308000  0.000034 0.000029 0.000080 0.000162 0.000085 0.001098 
1723456 kmeans 1 102 23 0.842000 0.308000  0.000154 0.000138 0.000385 0.000907 0.000452 0.000226 
1723456 kmeans 1 102 23 0.842000 0.308000  0.000145 0.000130 0.000361 0.000786 0.000401 0.000229 
1723520 kmeans 1 102 23 0.842000 0.308000  0.000137 0.000129 0.000360 0.000678 0.000374 0.000204 
1723584 kmeans 1 102 23 0.842000 0.308000  0.000140 0.000128 0.000370 0.000738 0.000381 0.000202 
1723584 kmeans 1 102 23 0.842000 0.308000  0.000141 0.000129 0.000356 0.000684 0.000377 0.000206 
1723648 kmeans 1 102 23 0.842000 0.308000  0.000146 0.000128 0.000355 0.000685 0.000369 0.000205 
1723712 kmeans 1 102 23 0.842000 0.308000  0.000145 0.000127 0.000559 0.001385 0.000564 0.000259 
1723712 kmeans 1 102 23 0.842000 0.308000  0.000140 0.000126 0.000351 0.000677 0.000404 0.000214 
1723776 kmeans 1 102 23 0.842000 0.231000  0.000141 0.000126 0.000351 0.000740 0.000383 0.000200 
1723776 kmeans 1 102 23 0.842000 0.231000  0.000032 0.000028 0.000083 0.000169 0.000099 0.000049 
1723840 kmeans 1 102 24 0.842000 0.308000  0.000150 0.000132 0.000357 0.000705 0.000385 0.000202 
1723904 kmeans 1 102 23 0.842000 0.308000  0.000032 0.000028 0.000189 0.000526 0.000196 0.000108 
1723968 kmeans 1 102 23 0.842000 0.308000  0.002759 0.000876 0.001763 0.002792 0.001050 0.000420 
1724032 kmeans 1 102 23 0.842000 0.308000  0.000032 0.000028 0.000078 0.000190 0.000092 0.000047 
1724032 kmeans 1 102 23 0.842000 0.308000  0.000038 0.000033 0.000089 0.000180 0.000089 0.000047 
1724096 kmeans 1 102 23 0.842000 0.308000  0.000033 0.000030 0.000105 0.000234 0.000115 0.000055 
1724160 kmeans 1 102 23 0.842000 0.308000  0.254428 0.081138 0.203009 0.255295 0.105197 0.051868 
1724160 kmeans 1 102 23 0.842000 0.308000  0.000030 0.000028 0.000078 0.000147 0.000080 0.000043 
1724224 kmeans 1 102 23 0.842000 0.308000  0.000018 0.000104 0.000104 0.000380 0.000000 0.000017 
1724288 kmeans 1 102 23 0.842000 0.308000  0.000034 0.000029 0.000081 0.000163 0.000086 0.000046 
1724288 kmeans 1 102 23 0.842000 0.386000  0.000031 0.000028 0.000078 0.000151 0.000082 0.000046 
1724352 kmeans 1 102 23 0.842000 0.308000  0.000034 0.000029 0.000082 0.000163 0.000085 0.000046 
1724416 kmeans 1 102 23 0.842000 0.308000  0.000038 0.000034 0.000091 0.000215 0.000106 0.000052 
1724416 kmeans 1 102 23 0.842000 0.308000  0.000121 0.000110 0.000307 0.000597 0.000321 0.000171 
1724480 kmeans 1 102 23 0.842000 0.308000  0.000121 0.000117 0.000317 0.000626 0.000330 0.000185 
1724544 kmeans 1 102 23 0.842000 0.308000  0.000019 0.000136 0.000078 0.000249 0.000000 0.000013 
1724544 kmeans 1 102 23 0.842000 0.308000  0.000017 0.000101 0.000074 0.000417 0.000000 0.000017 
1724608 kmeans 1 102 23 0.842000 0.308000  0.014808 0.003417 0.006737 0.015277 0.004683 0.001847 
1724672 kmeans 1 102 23 0.842000 0.308000  0.000118 0.000107 0.000300 0.000572 0.000312 0.000170 
1724672 kmeans 1 102 23 0.842000 0.385000  0.000201 0.000182 0.000508 0.000967 0.000526 0.000281 
1724736 kmeans 1 102 23 0.842000 0.308000  0.000017 0.000101 0.000067 0.000284 0.000000 0.000013 
1724800 kmeans 1 102 23 0.842000 0.308000  0.000056 0.001700 0.000598 0.001781 0.000000 0.000045 
1724864 kmeans 1 102 23 0.842000 0.308000  0.000035 0.000029 0.000079 0.000162 0.000086 0.000045 
1724864 kmeans 1 102 23 0.842000 0.308000  0.000032 0.000029 0.000079 0.000157 0.000116 0.000055 
1724928 kmeans 1 102 23 0.842000 0.308000  0.000119 0.000104 0.000288 0.000583 0.000375 0.000188 
1724928 kmeans 1 102 23 0.842000 0.308000  0.000030 0.000028 0.000079 0.000155 0.000082 0.000046 
1724992 kmeans 1 102 23 0.842000 0.308000  0.000033 0.000029 0.000106 0.000230 0.000112 0.000054 
1725056 kmeans 1 102 23 0.842000 0.385000  0.000108 0.000101 0.000283 0.000594 0.000303 0.000161 
1725120 kmeans 1 102 23 0.842000 0.231000  0.000037 0.000029 0.000082 0.000163 0.000085 0.000044 
1725184 kmeans 1 102 23 0.842000 0.308000  0.000050 0.000032 0.000096 0.000263 0.000110 0.000052 
1725184 kmeans 1 102 23 0.842000 0.231000  0.000051 0.000033 0.000097 0.000204 0.000095 0.000048 
1725248 kmeans 1 102 23 0.842000 0.308000  0.000293 0.000200 0.000533 0.001127 0.000568 0.000289 
1725312 kmeans 1 102 23 0.842000 0.308000  0.000029 0.000027 0.000075 0.000141 0.000077 0.000041 
1725312 kmeans 1 102 23 0.842000 0.308000  0.045227 0.016061 0.034878 0.045338 0.018271 0.008121 
1725376 kmeans 1 102 23 0.842000 0.308000  0.000031 0.000027 0.000075 0.000144 0.000077 0.000041 
1725440 kmeans 1 102 23 0.842000 0.308000  0.000024 0.001345 0.000515 0.001661 0.000000 0.000043 
1725504 kmeans 1 102 23 0.842000 0.308000  0.000038 0.000265 0.000117 0.000378 0.000000 0.000014 
1725568 kmeans 1 102 23 0.842000 0.308000  0.000029 0.000026 0.000074 0.000141 0.000077 0.000041 
1725568 kmeans 1 102 23 0.842000 0.308000  0.000046 0.000030 0.000085 0.000180 0.000111 0.000053 
1725632 kmeans 1 102 23 0.842000 0.231000  0.000030 0.000027 0.000074 0.000144 0.000077 0.000047 
1725696 kmeans 1 102 23 0.842000 0.308000  0.000029 0.000026 0.000077 0.000155 0.000084 0.000044 
1725696 kmeans 1 102 23 0.842000 0.308000  0.000132 0.000117 0.000318 0.000690 0.000351 0.000175 
1725760 kmeans 1 102 23 0.842000 0.308000  0.000160 0.000110 0.000291 0.000581 0.000330 0.000167 
1725824 kmeans 1 102 23 0.842000 0.308000  0.000104 0.000096 0.000268 0.000511 0.000278 0.000151 
1725824 kmeans 1 102 23 0.842000 0.308000  0.000111 0.000101 0.000277 0.000700 0.000358 0.000208 
1725888 kmeans 1 102 23 0.842000 0.308000  0.000102 0.000094 0.000265 0.000502 0.000272 0.000147 
1725952 kmeans 1 102 23 0.842000 0.308000  0.000101 0.000100 0.000274 0.000529 0.000280 0.000149 
1726016 kmeans 1 102 23 0.842000 0.308000  0.009802 0.029144 0.012913 0.029279 0.000004 0.000704 
1726016 kmeans 1 102 23 0.842000 0.308000  0.000016 0.000115 0.000070 0.000215 0.000000 0.000012 
1726080 kmeans 1 102 23 0.842000 0.308000  0.000017 0.000098 0.000069 0.000217 0.000000 0.000012 
1726144 kmeans 1 102 23 0.842000 0.308000  0.000016 0.000139 0.000073 0.000246 0.000000 0.000014 
1726144 kmeans 1 102 23 0.842000 0.308000  0.000035 0.000028 0.000078 0.000160 0.000080 0.000042 
1726208 kmeans 1 102 23 0.842000 0.308000  0.000030 0.000026 0.000072 0.000145 0.000074 0.000042 
1726272 kmeans 1 102 23 0.842000 0.308000  0.000031 0.000028 0.000080 0.000171 0.000086 0.000044 
1726336 kmeans 1 102 23 0.842000 0.308000  0.000030 0.000040 0.000097 0.000231 0.000117 0.000057 
1726336 kmeans 1 102 23 0.842000 0.308000  0.000029 0.000031 0.000081 0.000172 0.000083 0.000042 
1726400 kmeans 1 102 23 0.842000 0.308000  0.000046 0.000032 0.000082 0.000172 0.000089 0.000046 
1726464 kmeans 1 102 23 0.842000 0.231000  0.000099 0.000089 0.000247 0.000478 0.000256 0.000137 
1726528 kmeans 1 102 23 0.842000 0.385000  0.000042 0.000029 0.000077 0.000157 0.000082 0.000042 
1726528 kmeans 1 102 23 0.842000 0.308000  0.000031 0.000029 0.000077 0.000169 0.000082 0.000042 
1726592 kmeans 1 102 23 0.842000 0.231000  0.000043 0.000028 0.000076 0.000255 0.000104 0.000049 
1726656 kmeans 1 102 23 0.842000 0.308000  0.000041 0.000046 0.000146 0.000265 0.000135 0.000063 
1726656 kmeans 1 102 23 0.842000 0.308000  0.000032 0.000026 0.000099 0.000227 0.000098 0.000048 
1726720 kmeans 1 102 23 0.842000 0.308000  0.000029 0.000028 0.000078 0.000187 0.000091 0.000045 
1726784 kmeans 1 102 23 0.842000 0.385000  0.000028 0.000025 0.000071 0.000151 0.000077 0.000041 
1726848 kmeans 1 102 23 0.842000 0.308000  0.000037 0.000029 0.000078 0.000153 0.000082 0.000042 
1726912 kmeans 1 102 23 0.842000 0.308000  0.000160 0.000142 0.000396 0.000763 0.000412 0.000344 
1726912 kmeans 1 102 23 0.842000 0.308000  0.000027 0.000033 0.000085 0.000172 0.000085 0.000044 
1726976 kmeans 1 102 23 0.842000 0.231000  0.000030 0.000029 0.000079 0.000163 0.000079 0.000041 
1727040 kmeans 1 102 23 0.842000 0.308000  0.000029 0.000025 0.000078 0.000175 0.000096 0.000048 
1727040 kmeans 1 102 24 0.842000 0.308000  0.000036 0.000027 0.000073 0.000142 0.000075 0.000041 
1727104 kmeans 1 102 23 0.842000 0.308000  0.000032 0.000030 0.000081 0.000166 0.000082 0.000051 
1727104 kmeans 1 102 23 0.842000 0.308000  0.000029 0.000025 0.000070 0.000137 0.000073 0.000039 
1727168 kmeans 1 102 23 0.842000 0.308000  0.000028 0.000025 0.000074 0.000148 0.000078 0.000041 
1727232 kmeans 1 102 23 0.842000 0.308000  0.000028 0.000025 0.000072 0.000160 0.000092 0.000046 
1727296 kmeans 1 102 23 0.842000 0.308000  0.000029 0.000025 0.000070 0.000138 0.000076 0.000040 
1727296 kmeans 1 102 23 0.842000 0.308000  0.000035 0.000026 0.000080 0.000161 0.000081 0.000042 
1727360 kmeans 1 102 23 0.842000 0.231000  0.000027 0.000026 0.000071 0.000138 0.000076 0.000041 
1727424 kmeans 1 102 23 0.842000 0.308000  0.000028 0.000025 0.000070 0.000153 0.000087 0.000043 
1727424 kmeans 1 102 23 0.842000 0.308000  0.000027 0.000031 0.000084 0.000174 0.000086 0.000044 
1727488 kmeans 1 102 23 0.842000 0.308000  0.000496 0.000284 0.000618 0.000634 0.000315 0.000171 
1727552 kmeans 1 102 23 0.842000 0.308000  0.000027 0.000030 0.000078 0.000171 0.000085 0.000043 
1727616 kmeans 1 102 23 0.842000 0.308000  0.000027 0.000025 0.000072 0.000144 0.000076 0.000041 
1727616 kmeans 1 102 23 0.842000 0.308000  0.000056 0.000029 0.000077 0.000165 0.000080 0.000040 
1727680 kmeans 1 102 23 0.842000 0.308000  0.000027 0.000025 0.000074 0.000149 0.000077 0.000040 
1727744 kmeans 1 102 23 0.842000 0.308000  0.000027 0.000026 0.000072 0.000140 0.000075 0.000040 
1727744 kmeans 1 102 23 0.842000 0.308000  0.000029 0.000041 0.000095 0.000200 0.000098 0.000047 
1727808 kmeans 1 102 23 0.842000 0.308000  0.000028 0.000025 0.000069 0.000135 0.000072 0.000038 
1727872 kmeans 1 102 23 0.842000 0.308000  0.025481 0.082736 0.031242 0.083095 0.000011 0.001814 
1727872 kmeans 1 102 23 0.842000 0.308000  0.000029 0.000026 0.000072 0.000184 0.000094 0.000091 
1727936 kmeans 1 102 23 0.842000 0.308000  0.000027 0.000061 0.000148 0.000286 0.000123 0.000062 
1728000 kmeans 1 102 23 0.842000 0.308000  0.000029 0.000040 0.000103 0.000221 0.000102 0.000050 
1728064 kmeans 1 102 23 0.842000 0.308000  0.000109 0.000047 0.000112 0.000215 0.000115 0.000055 
1728064 kmeans 1 102 23 0.842000 0.308000  0.000101 0.000042 0.000110 0.000240 0.000103 0.000050 
1728128 kmeans 1 102 23 0.842000 0.308000  0.000035 0.000044 0.000107 0.000232 0.000103 0.000054 
1728192 kmeans 1 102 23 0.842000 0.385000  0.000027 0.000025 0.000069 0.000129 0.000071 0.000040 
1728192 kmeans 1 102 23 0.842000 0.308000  0.000079 0.214323 0.082411 0.214538 0.000029 0.004748 
1728256 kmeans 1 102 23 0.842000 0.308000  0.000062 0.000249 0.000169 0.000492 0.000000 0.000933 
1728320 kmeans 1 102 23 0.842000 0.308000  0.000015 0.000086 0.000079 0.000238 0.000000 0.000014 
1728384 kmeans 1 102 23 0.842000 0.308000  0.000026 0.000026 0.000072 0.000142 0.000075 0.000039 
1728384 kmeans 1 102 23 0.842000 0.308000  0.000033 0.000028 0.000076 0.000152 0.000079 0.000041 
1728448 kmeans 1 102 23 0.842000 0.308000  0.000029 0.000027 0.000075 0.000157 0.000082 0.000041 
1728512 kmeans 1 102 23 0.842000 0.308000  0.000048 0.000030 0.000078 0.000156 0.000078 0.000040 
1728512 kmeans 1 102 23 0.842000 0.308000  0.000027 0.000026 0.000073 0.000146 0.000081 0.000042 
1728576 kmeans 1 102 23 0.842000 0.308000  0.000026 0.000024 0.000068 0.000177 0.000086 0.000045 
1728640 kmeans 1 102 23 0.842000 0.308000  0.000027 0.000024 0.000068 0.000129 0.000070 0.000037 
1728640 kmeans 1 102 23 0.842000 0.308000  0.000027 0.000026 0.000071 0.000145 0.000075 0.000038 
1728704 kmeans 1 102 23 0.842000 0.308000  0.000116 0.000116 0.000311 0.000615 0.000324 0.000169 
1728768 kmeans 1 102 23 0.842000 0.308000  0.000116 0.000106 0.025596 0.065408 0.000007 0.001527 
1728832 kmeans 1 102 23 0.842000 0.308000  0.000014 0.000115 0.000076 0.000262 0.000000 0.000022 
1728832 kmeans 1 102 23 0.842000 0.308000  0.000014 0.000083 0.000055 0.000176 0.000000 0.000010 
1728896 kmeans 1 102 23 0.842000 0.308000  0.000029 0.000025 0.000072 0.000140 0.000080 0.000041 
1728960 kmeans 1 102 23 0.842000 0.308000  0.000037 0.000027 0.000074 0.000147 0.000078 0.000040 
1729024 kmeans 1 102 23 0.842000 0.308000  0.000027 0.000024 0.000073 0.000156 0.000077 0.000039 
1729088 kmeans 1 102 23 0.842000 0.308000  0.000014 0.000081 0.000054 0.000169 0.000000 0.000010 
1729088 kmeans 1 102 23 0.842000 0.308000  0.000117 0.000103 0.000302 0.000608 0.000315 0.000163 
1729152 kmeans 1 102 23 0.842000 0.386000  0.000031 0.000026 0.000073 0.000162 0.000083 0.000042 
1729216 kmeans 1 102 23 0.842000 0.386000  0.000027 0.000026 0.000070 0.000140 0.000072 0.000038 
1729280 kmeans 1 102 23 0.842000 0.308000  0.000028 0.000025 0.000072 0.000137 0.000076 0.000040 
1729280 kmeans 1 102 23 0.842000 0.308000  0.000033 0.000027 0.000074 0.000153 0.000082 0.000041 
1729344 kmeans 1 102 23 0.842000 0.385000  0.000014 0.000078 0.000053 0.000162 0.000000 0.000009 
1729408 kmeans 1 102 23 0.842000 0.308000  0.000014 0.000145 0.000071 0.000231 0.000000 0.000011 
1729472 kmeans 1 102 23 0.842000 0.308000  0.000105 0.000095 0.000267 0.000506 0.000274 0.000147 
1729472 kmeans 1 102 23 0.842000 0.308000  0.000103 0.000095 0.000266 0.000505 0.000271 0.000169 
1729536 kmeans 1 102 23 0.842000 0.308000  0.000105 0.000094 0.000264 0.000503 0.000271 0.000146 
1729600 kmeans 1 102 23 0.842000 0.308000  0.000110 0.000103 0.000287 0.000589 0.000308 0.000159 
1729664 kmeans 1 102 23 0.842000 0.385000  0.000114 0.000149 0.000360 0.000835 0.000371 0.000173 
1729728 kmeans 1 102 23 0.842000 0.385000  0.000026 0.000126 0.000277 0.000441 0.000185 0.000080 
1729792 kmeans 1 102 23 0.842000 0.308000  0.000025 0.000023 0.000065 0.000134 0.000070 0.000037 
1729792 kmeans 1 102 23 0.842000 0.385000  0.000026 0.000023 0.000065 0.000128 0.000086 0.000041 
1729856 kmeans 1 102 23 0.842000 0.308000  0.000050 0.000029 0.000074 0.000150 0.000076 0.000039 
1729920 kmeans 1 102 23 0.842000 0.308000  0.000041 0.000183 0.000093 0.000330 0.000000 0.000013 
1729920 kmeans 1 102 23 0.842000 0.386000  0.000013 0.000077 0.000051 0.000161 0.000000 0.000010 
1729984 kmeans 1 102 23 0.842000 0.308000  0.000013 0.000079 0.000051 0.000163 0.000000 0.000009 
1730048 kmeans 1 102 24 0.842000 0.308000  0.000416 0.001551 0.000570 0.001657 0.000001 0.000047 
1730112 kmeans 1 102 23 0.842000 0.308000  0.001042 0.003743 0.001357 0.003891 0.000001 0.000105 
1730176 kmeans 1 102 23 0.842000 0.308000  0.000013 0.000082 0.000050 0.000494 0.000000 0.000014 
1730176 kmeans 1 102 23 0.842000 0.308000  0.000013 0.000100 0.000057 0.000183 0.000000 0.000009 
1730240 kmeans 1 102 23 0.842000 0.308000  0.000028 0.000024 0.000065 0.000131 0.000068 0.000036 
1730304 kmeans 1 102 23 0.842000 0.308000  0.000025 0.000023 0.000064 0.000123 0.000066 0.000036 
1730368 kmeans 1 102 23 0.842000 0.308000  0.000091 0.000086 0.000239 0.000453 0.000247 0.000133 
1730368 kmeans 1 102 23 0.842000 0.308000  0.000031 0.000025 0.000070 0.000143 0.000079 0.000048 
1730432 kmeans 1 102 23 0.842000 0.308000  0.000025 0.000023 0.000064 0.000120 0.000066 0.000036 
1730496 kmeans 1 102 23 0.842000 0.308000  0.000027 0.000025 0.000068 0.000166 0.000080 0.000042 
1730496 kmeans 1 102 23 0.842000 0.308000  0.000063 0.000057 0.000159 0.000307 0.000191 0.000096 
1730560 kmeans 1 102 23 0.842000 0.308000  0.000061 0.000057 0.000159 0.000301 0.000165 0.000088 
1730624 kmeans 1 102 23 0.842000 0.308000  0.024348 0.006817 0.021980 0.049915 0.000007 0.001069 
1730688 kmeans 1 102 23 0.842000 0.308000  0.000013 0.000074 0.000050 0.000156 0.000000 0.000009 
1730688 kmeans 1 102 23 0.842000 0.231000  0.000026 0.000024 0.000066 0.000138 0.000070 0.000038 
1730752 kmeans 1 102 23 0.842000 0.231000  0.001069 0.003513 0.001309 0.003640 0.000001 0.000092 
1730752 kmeans 1 102 23 0.842000 0.308000  0.000013 0.000089 0.000053 0.000174 0.000000 0.000010 
1730816 kmeans 1 102 23 0.842000 0.308000  0.000028 0.000023 0.000065 0.000129 0.000073 0.000038 
1730880 kmeans 1 102 23 0.842000 0.308000  0.001245 0.003703 0.001436 0.003725 0.000001 0.000090 
1730944 kmeans 1 102 23 0.842000 0.308000  0.000013 0.000108 0.000057 0.000193 0.000000 0.000009 
1730944 kmeans 1 102 23 0.842000 0.308000  0.000013 0.000074 0.000050 0.000172 0.000000 0.000000 
1731008 kmeans 1 102 23 0.842000 0.308000  0.000025 0.000024 0.000066 0.000132 0.000069 0.000036 
1731072 kmeans 1 102 23 0.842000 0.308000  0.000038 0.000025 0.000068 0.000135 0.000069 0.000037 
1731072 kmeans 1 102 23 0.842000 0.308000  0.000025 0.000026 0.000068 0.000136 0.000070 0.000037 
1731136 kmeans 1 102 23 0.842000 0.231000  0.000000 0.000000 0.000000 0.002159 0.000857 0.000349 
1731200 kmeans 1 102 23 0.842000 0.308000  0.000034 0.000024 0.000070 0.000146 0.000071 0.000037 
1731200 kmeans 1 102 23 0.842000 0.308000  0.003045 0.011464 0.004021 0.011569 0.000001 0.000238 
1731264 kmeans 1 102 23 0.842000 0.308000  0.000030 0.000025 0.000069 0.000141 0.000076 0.000039 
1731328 kmeans 1 102 23 0.842000 0.308000  0.000026 0.000022 0.000063 0.000127 0.000070 0.000036 
1731328 kmeans 1 102 23 0.842000 0.308000  0.000054 0.000030 0.000080 0.000182 0.000084 0.000064 
1731392 kmeans 1 102 23 0.842000 0.308000  0.097656 0.000000 0.000000 0.000000 0.000000 0.000000 
1731456 kmeans 1 102 23 0.842000 0.308000  0.000044 0.000034 0.000087 0.000186 0.000086 0.000042 
1731456 kmeans 1 102 23 0.842000 0.308000  0.000016 0.000019 0.000050 0.000106 0.000061 0.000028 
1731520 kmeans 1 102 23 0.842000 0.308000  0.000064 0.000057 0.000158 0.000309 0.000165 0.000088 
1731584 kmeans 1 102 23 0.842000 0.308000  0.000061 0.000057 0.000157 0.000301 0.000164 0.000088 
1731584 kmeans 1 102 23 0.842000 0.308000  0.008542 0.026562 0.011645 0.026583 0.000004 0.000608 
1731648 kmeans 1 102 23 0.842000 0.231000  0.000016 0.000093 0.000054 0.000173 0.000000 0.000009 
1731648 kmeans 1 102 23 0.842000 0.308000  0.000016 0.000094 0.000053 0.046074 0.021292 0.011209 
1731712 kmeans 1 102 23 0.842000 0.308000  0.000081 0.000075 0.000209 0.000396 0.000216 0.000116 
1731776 kmeans 1 102 23 0.842000 0.308000  0.000030 0.000027 0.000071 0.000144 0.000074 0.000037 
1731840 kmeans 1 102 23 0.842000 0.308000  0.002296 0.005480 0.002560 0.005564 0.000001 0.000172 
1731840 kmeans 1 102 23 0.842000 0.308000  0.000014 0.000093 0.000059 0.000190 0.000000 0.000013 
1731904 kmeans 1 102 23 0.842000 0.231000  0.000012 0.000073 0.000047 0.000153 0.000000 0.000008 
1731968 kmeans 1 102 23 0.842000 0.308000  0.000024 0.000023 0.000072 0.000147 0.000072 0.000037 
1731968 kmeans 1 102 23 0.842000 0.308000  0.000028 0.000024 0.000065 0.000137 0.000076 0.000040 
1732032 kmeans 1 102 23 0.842000 0.308000  0.000015 0.000089 0.000058 0.000197 0.000000 0.000009 
1732096 kmeans 1 102 23 0.842000 0.308000  0.000024 0.000022 0.000063 0.000131 0.000068 0.000036 
1732096 kmeans 1 102 23 0.842000 0.308000  0.000061 0.000056 0.000157 0.000300 0.000164 0.000089 
1732160 kmeans 1 102 23 0.842000 0.308000  0.000087 0.000067 0.000178 0.000360 0.000184 0.000096 
1732160 kmeans 1 102 23 0.842000 0.308000  0.000024 0.000022 0.000062 0.000122 0.000065 0.000035 
1732224 kmeans 1 102 23 0.842000 0.308000  0.000024 0.000022 0.000062 0.000117 0.000064 0.000035 
1732288 kmeans 1 102 23 0.842000 0.309000  0.000017 0.000093 0.000066 0.000315 0.000000 0.000013 
1732288 kmeans 1 102 23 0.842000 0.308000  0.000027 0.000024 0.000065 0.000126 0.000069 0.000036 
1732352 kmeans 1 102 23 0.842000 0.308000  0.000025 0.000022 0.000062 0.000119 0.000064 0.000035 
1732416 kmeans 1 102 23 0.842000 0.308000  0.002158 0.004961 0.002208 0.005089 0.000001 0.000171 
1732480 kmeans 1 102 23 0.842000 0.308000  0.000029 0.000024 0.000065 0.006202 0.002320 0.000942 
1732480 kmeans 1 102 23 0.842000 0.308000  0.000025 0.000022 0.000062 0.000118 0.000064 0.000034 
1732544 kmeans 1 102 23 0.842000 0.231000  0.004300 0.010510 0.004539 0.010704 0.000002 0.000335 
1732608 kmeans 1 102 23 0.842000 0.308000  0.000026 0.000023 0.000064 0.000127 0.000069 0.000036 
1732608 kmeans 1 102 23 0.842000 0.308000  0.000025 0.000022 0.000062 0.000119 0.000063 0.000034 
1732672 kmeans 1 102 23 0.842000 0.308000  0.000060 0.000054 0.000153 0.000293 0.000159 0.000084 
1732736 kmeans 1 102 23 0.842000 0.308000  0.000028 0.000024 0.000065 0.000127 0.000070 0.000036 
1732736 kmeans 1 102 23 0.842000 0.308000  0.000211 0.000074 0.000168 0.000310 0.000128 0.000064 
1732800 kmeans 1 102 23 0.842000 0.308000  0.000024 0.000022 0.000062 0.000130 0.000067 0.000035 
1732864 kmeans 1 102 23 0.842000 0.308000  0.000030 0.000024 0.000065 0.000125 0.000088 0.000044 
1732864 kmeans 1 102 23 0.842000 0.308000  0.000036 0.000025 0.000067 0.000131 0.000068 0.000036 
1732928 kmeans 1 102 23 0.842000 0.308000  0.007447 0.023220 0.008646 0.000000 0.000000 0.000000 
1732992 kmeans 1 102 23 0.842000 0.308000  0.008311 0.026337 0.009713 0.026416 0.000005 0.000662 
1733056 kmeans 1 102 23 0.842000 0.308000  0.000012 0.000070 0.000054 0.000186 0.000000 0.000010 
1733120 kmeans 1 102 23 0.842000 0.308000  0.000177 0.000088 0.000253 0.000504 0.000269 0.000129 
1733184 kmeans 1 102 23 0.842000 0.385000  0.000059 0.000053 0.000148 0.000284 0.000153 0.000082 
1733184 kmeans 1 102 23 0.842000 0.308000  0.000058 0.000053 0.000148 0.000288 0.000156 0.000082 
1733248 kmeans 1 102 23 0.842000 0.231000  0.000031 0.000025 0.000066 0.000136 0.000072 0.000037 
1733312 kmeans 1 102 23 0.842000 0.308000  0.000024 0.000022 0.000061 0.000130 0.000067 0.000035 
1733312 kmeans 1 102 23 0.842000 0.308000  0.000030 0.000025 0.000069 0.000139 0.000070 0.000037 
1733376 kmeans 1 102 23 0.842000 0.308000  0.000025 0.000022 0.000061 0.000120 0.000064 0.000034 
1733440 kmeans 1 102 23 0.842000 0.308000  0.000012 0.000068 0.000045 0.000237 0.000000 0.000011 
1733504 kmeans 1 102 23 0.842000 0.308000  0.000026 0.000022 0.000063 0.000123 0.000066 0.000035 
1733504 kmeans 1 102 23 0.842000 0.308000  0.000012 0.000165 0.000081 0.000241 0.000000 0.000010 
1733568 kmeans 1 102 23 0.842000 0.308000  0.000012 0.000087 0.000051 0.000164 0.000000 0.000008 
1733632 kmeans 1 102 23 0.842000 0.308000  0.000012 0.000068 0.000049 0.000170 0.000000 0.000009 
1733696 kmeans 1 102 23 0.842000 0.308000  0.000012 0.000067 0.000044 0.000141 0.000000 0.000008 
1733696 kmeans 1 102 23 0.842000 0.385000  0.000012 0.000068 0.000049 0.000161 0.000000 0.000008 
1733760 kmeans 1 102 23 0.842000 0.308000  0.000033 0.000025 0.000069 0.000142 0.000071 0.000036 
1733760 kmeans 1 102 23 0.842000 0.308000  0.000756 0.003209 0.001020 0.003301 0.000001 0.000072 
1733888 kmeans 1 102 23 0.842000 0.308000  0.000026 0.000023 0.000064 0.000149 0.000072 0.000036 
1733952 kmeans 1 102 23 0.842000 0.308000  0.000091 0.000037 0.014399 0.020141 0.007698 0.003326 
1733952 kmeans 1 102 23 0.842000 0.308000  0.000067 0.000058 0.000162 0.000307 0.000166 0.000090 
1734016 kmeans 1 102 23 0.842000 0.308000  0.000065 0.000058 0.000162 0.000334 0.000173 0.000092 
1734080 kmeans 1 102 23 0.842000 0.308000  0.000067 0.000058 0.000161 0.000319 0.000166 0.000166 
1734080 kmeans 1 102 23 0.842000 0.308000  0.000054 0.000050 0.000139 0.000265 0.000145 0.000078 
1734144 kmeans 1 102 23 0.842000 0.231000  0.004111 0.013013 0.004690 0.013032 0.000002 0.000297 
1734208 kmeans 1 102 23 0.842000 0.308000  0.000101 0.000061 0.000186 0.000383 0.000181 0.000091 
1734208 kmeans 1 102 23 0.842000 0.308000  0.000055 0.000050 0.000139 0.000265 0.000143 0.000077 
1734272 kmeans 1 102 23 0.842000 0.308000  0.000069 0.000055 0.000154 0.000325 0.000170 0.000101 
1734336 kmeans 1 102 23 0.842000 0.231000  0.000054 0.000054 0.000146 0.000287 0.000150 0.000079 
1734336 kmeans 1 102 23 0.842000 0.308000  0.000054 0.000054 0.000144 0.000283 0.000149 0.000079 
1734400 kmeans 1 102 23 0.842000 0.308000  0.000024 0.000021 0.000059 0.000128 0.000065 0.000034 
1734464 kmeans 1 102 23 0.842000 0.308000  0.000023 0.000023 0.000063 0.000131 0.000066 0.000035 
1734464 kmeans 1 102 23 0.842000 0.308000  0.000036 0.000023 0.000062 0.000152 0.000072 0.000036 
1734528 kmeans 1 102 23 0.842000 0.308000  0.000064 0.000056 0.000156 0.000298 0.000162 0.000087 
1734592 kmeans 1 102 23 0.842000 0.308000  0.000063 0.000056 0.000346 0.000734 0.000287 0.000131 
1734592 kmeans 1 102 23 0.842000 0.308000  0.000061 0.000056 0.000156 0.000297 0.000160 0.000086 
1734656 kmeans 1 102 23 0.842000 0.308000  0.000075 0.000058 0.000161 0.000309 0.000163 0.000087 
1734656 kmeans 1 102 23 0.842000 0.308000  0.007133 0.002646 0.006117 0.007224 0.003140 0.001507 
1734720 kmeans 1 102 23 0.842000 0.385000  0.000058 0.000049 0.000662 0.000940 0.000409 0.000176 
1734784 kmeans 1 102 23 0.842000 0.308000  0.000023 0.000023 0.000062 0.000132 0.000070 0.000035 
1734848 kmeans 1 102 23 0.842000 0.308000  0.000038 0.000025 0.000072 0.000148 0.000074 0.000038 
1734912 kmeans 1 102 23 0.842000 0.308000  0.000048 0.000027 0.000072 0.000155 0.000077 0.000037 
1734912 kmeans 1 102 23 0.842000 0.308000  0.000023 0.000035 0.000092 0.000228 0.000091 0.000043 
1734976 kmeans 1 102 23 0.842000 0.385000  0.000028 0.000023 0.000063 0.000124 0.000066 0.000036 
1735040 kmeans 1 102 23 0.842000 0.308000  0.000062 0.000055 0.000155 0.000309 0.000161 0.000086 
1735040 kmeans 1 102 23 0.842000 0.308000  0.000064 0.000138 0.000342 0.000622 0.000270 0.000129 
1735104 kmeans 1 102 23 0.842000 0.308000  0.000025 0.000022 0.000061 0.000126 0.000066 0.000034 
1735168 kmeans 1 102 23 0.842000 0.308000  0.000028 0.000024 0.000074 0.000161 0.000077 0.000037 
1735168 kmeans 1 102 23 0.842000 0.386000  0.000023 0.000021 0.000058 0.000113 0.000060 0.000032 
1735232 kmeans 1 102 23 0.842000 0.308000  0.000060 0.000055 0.000153 0.000289 0.000159 0.000085 
1735296 kmeans 1 102 23 0.842000 0.231000  0.000023 0.000021 0.000058 0.000110 0.000060 0.000032 
1735360 kmeans 1 102 23 0.842000 0.385000  0.000023 0.000021 0.000058 0.000112 0.000060 0.000032 
1735360 kmeans 1 102 23 0.842000 0.308000  0.000054 0.000049 0.000134 0.000262 0.000144 0.000075 
1735424 kmeans 1 102 23 0.842000 0.308000  0.000024 0.000021 0.000058 0.000113 0.000061 0.000033 
1735488 kmeans 1 102 23 0.842000 0.308000  0.000028 0.000023 0.000066 0.000129 0.000067 0.000035 
1735488 kmeans 1 102 23 0.842000 0.308000  0.000025 0.000022 0.000060 0.000125 0.000067 0.000036 
1735552 kmeans 1 102 23 0.842000 0.308000  0.000029 0.000022 0.000062 0.000126 0.000063 0.000041 
1735616 kmeans 1 102 23 0.842000 0.308000  0.000025 0.000023 0.000062 0.000130 0.000066 0.000036 
1735616 kmeans 1 102 23 0.842000 0.231000  0.000023 0.000021 0.000058 0.000111 0.000059 0.000032 
1735680 kmeans 1 102 23 0.842000 0.308000  0.000057 0.000053 0.000149 0.000281 0.000152 0.000086 
1735744 kmeans 1 102 23 0.842000 0.308000  0.000024 0.000024 0.000063 0.000134 0.000067 0.000035 
