#Timestamp	Benchmark	Run(#)	CPU Frequency (MHz)	CPU Temperature(C)	CPU Voltage(V)	CPU Power(W)	CPU_CYCLES	L1_DATA_CACHE_ACCESS	INSTRUCTIONS_RETIRED	BUS_CYCLES	L1I_CACHE_ACCESS	PREDICTABLE_BRANCH_SPECULATIVELY_EXECUTED
6610944 leukocyte 1 1734 30 1.226000 2.466000  0.000019 0.000013 0.000038 0.000083 0.000048 0.000023 
6610944 leukocyte 1 1734 29 1.226000 2.541000  0.000065 0.000052 0.000185 0.000381 0.000218 0.000105 
6611008 leukocyte 1 1734 29 1.226000 1.464000  0.000058 0.000048 0.000135 0.000274 0.000141 0.000075 
6611008 leukocyte 1 1734 29 1.226000 2.004000  0.000063 0.000051 0.000142 0.000316 0.000159 0.000082 
6611008 leukocyte 1 1734 29 1.226000 1.464000  0.000073 0.000049 0.000262 0.000818 0.000227 0.000108 
6611072 leukocyte 1 1734 29 1.226000 2.389000  0.000069 0.000053 0.000142 0.000317 0.000157 0.000080 
6611072 leukocyte 1 1734 29 1.226000 1.616000  0.000056 0.000048 0.000137 0.000299 0.000152 0.000078 
6611136 leukocyte 1 1734 29 1.226000 1.541000  0.000064 0.000049 0.000135 0.000293 0.000152 0.000077 
6611136 leukocyte 1 1734 29 1.226000 2.077000  0.000052 0.000045 0.000125 0.000250 0.000130 0.000069 
6611200 leukocyte 1 1734 29 1.226000 0.769000  0.000050 0.000045 0.000124 0.000239 0.000129 0.000069 
6611200 leukocyte 1 1734 29 1.226000 0.769000  0.000053 0.000044 0.000123 0.000241 0.000128 0.000069 
6611200 leukocyte 1 1734 30 1.226000 0.769000  0.000056 0.000047 0.000128 0.000264 0.000137 0.000072 
6611264 leukocyte 1 1734 30 1.226000 0.769000  0.000066 0.000049 0.000133 0.000303 0.000148 0.000076 
6611264 leukocyte 1 1734 29 1.226000 2.156000  0.000056 0.000063 0.000158 0.000532 0.000169 0.000082 
6611264 leukocyte 1 1734 30 1.226000 1.695000  0.000442 0.000109 0.000241 0.001102 0.000222 0.000102 
6611328 leukocyte 1 1734 30 1.226000 0.923000  0.000066 0.000048 0.000131 0.000300 0.000143 0.000073 
6611328 leukocyte 1 1734 30 1.226000 2.154000  0.000048 0.000042 0.000118 0.000229 0.000122 0.000065 
6611328 leukocyte 1 1734 30 1.226000 1.231000  0.000048 0.000042 0.000118 0.000232 0.000121 0.000065 
6611392 leukocyte 1 1734 30 1.226000 0.846000  0.000046 0.000042 0.000117 0.000224 0.000121 0.000065 
6611392 leukocyte 1 1734 30 1.226000 0.769000  0.000046 0.000042 0.000117 0.000227 0.000120 0.000065 
6611392 leukocyte 1 1734 30 1.226000 2.618000  0.000054 0.000044 0.000124 0.000270 0.000139 0.000071 
6611456 leukocyte 1 1734 30 1.226000 1.850000  0.000015 0.000011 0.000031 0.000067 0.000040 0.000020 
6611456 leukocyte 1 1734 30 1.226000 0.769000  0.000013 0.000011 0.000031 0.000062 0.000039 0.000019 
6611456 leukocyte 1 1734 30 1.226000 0.769000  0.000012 0.000011 0.000032 0.000060 0.000039 0.000019 
6611520 leukocyte 1 1734 30 1.226000 0.846000  0.000045 0.000041 0.000115 0.000223 0.000118 0.000064 
6611520 leukocyte 1 1734 30 1.226000 1.615000  0.000061 0.000045 0.000122 0.000272 0.000135 0.000070 
6611520 leukocyte 1 1734 30 1.226000 0.846000  0.000055 0.000045 0.000125 0.000277 0.000137 0.000070 
6611584 leukocyte 1 1734 30 1.226000 1.695000  0.000015 0.000011 0.000031 0.000067 0.000039 0.000019 
6611584 leukocyte 1 1734 30 1.226000 0.769000  0.000013 0.000014 0.000037 0.000095 0.000044 0.000021 
6611584 leukocyte 1 1734 30 1.226000 0.769000  0.000011 0.000011 0.000031 0.000059 0.000038 0.000019 
6611648 leukocyte 1 1734 30 1.226000 0.846000  0.000058 0.000044 0.000121 0.000280 0.000135 0.000069 
6611648 leukocyte 1 1734 30 1.226000 0.769000  0.000056 0.000045 0.000122 0.000270 0.000135 0.000069 
6611648 leukocyte 1 1734 30 1.226000 2.231000  0.000046 0.000040 0.000112 0.000220 0.000117 0.000063 
6611712 leukocyte 1 1734 31 1.226000 3.316000  0.000055 0.000043 0.000119 0.000277 0.000130 0.000067 
6611712 leukocyte 1 1734 31 1.226000 2.000000  0.000013 0.000010 0.000030 0.000063 0.000037 0.000019 
6611712 leukocyte 1 1734 30 1.226000 0.770000  0.000011 0.000010 0.000030 0.000059 0.000037 0.000019 
6611776 leukocyte 1 1734 30 1.226000 0.769000  0.000010 0.000010 0.000030 0.000056 0.000037 0.000019 
6611776 leukocyte 1 1734 30 1.226000 0.846000  0.000045 0.000039 0.000110 0.000211 0.000113 0.000061 
6611776 leukocyte 1 1734 30 1.226000 0.769000  0.000056 0.000043 0.000121 0.000266 0.000132 0.000067 
6611840 leukocyte 1 1734 30 1.226000 0.769000  0.000061 0.000043 0.000118 0.000263 0.000131 0.000067 
6611840 leukocyte 1 1734 30 1.226000 1.849000  0.000014 0.000010 0.000030 0.000065 0.000037 0.000018 
