#Timestamp	Benchmark	Run(#)	CPU Frequency (MHz)	CPU Temperature(C)	CPU Voltage(V)	CPU Power(W)	CPU_CYCLES	L1_DATA_CACHE_ACCESS	INSTRUCTIONS_RETIRED	BUS_CYCLES	L1I_CACHE_ACCESS	PREDICTABLE_BRANCH_SPECULATIVELY_EXECUTED
4894784 lud 1 921 25 1.015000 0.693000  0.000018 0.000009 0.000027 0.000070 0.000034 0.000017 
4894784 lud 1 921 25 1.015000 0.770000  0.010140 0.002746 0.006630 0.010306 0.003208 0.001435 
4894848 lud 1 921 26 1.015000 0.925000  -1.407432 -2.207767 1.448694 -2.207249 0.001953 0.737301 
4894848 lud 1 921 26 1.015000 1.002000  0.000192 0.000164 0.000457 0.001620 0.000678 0.000336 
4894848 lud 1 921 26 1.015000 0.385000  0.000182 0.000160 0.000447 0.000905 0.000475 0.000251 
4894912 lud 1 921 26 1.015000 0.385000  0.000081 0.000515 0.000328 0.001081 0.000000 0.000057 
4894912 lud 1 921 26 1.015000 0.231000  0.000205 0.000177 0.000473 0.000934 0.000681 0.000467 
4894976 lud 1 921 26 1.015000 0.693000  0.000006 0.000006 0.000016 0.000031 0.000020 0.000010 
4894976 lud 1 921 26 1.015000 0.693000  0.000166 0.000146 0.000407 0.000813 0.000427 0.000226 
4894976 lud 1 921 26 1.015000 0.694000  0.000194 0.000223 0.000749 0.001676 0.000714 0.000369 
4895040 lud 1 921 26 1.015000 0.770000  0.000158 0.000139 0.000386 0.000745 0.000402 0.000215 
4895040 lud 1 921 26 1.015000 1.079000  0.000420 0.000177 0.000454 0.001033 0.000461 0.000236 
4895040 lud 1 921 26 1.015000 1.002000  0.000153 0.000133 0.000369 0.000736 0.000385 0.000206 
4895104 lud 1 921 26 1.015000 1.311000  0.000193 0.000158 0.000419 0.001096 0.000462 0.000231 
4895104 lud 1 921 26 1.015000 0.926000  0.029529 0.007404 0.016547 0.029684 0.008770 0.003834 
4895168 lud 1 921 26 1.015000 1.156000  0.000195 0.000146 0.000395 0.000865 0.000439 0.000225 
