#Timestamp	Benchmark	Run(#)	CPU Frequency (MHz)	CPU Temperature(C)	CPU Voltage(V)	CPU Power(W)	CPU_CYCLES	L1_DATA_CACHE_ACCESS	INSTRUCTIONS_RETIRED	BUS_CYCLES	L1I_CACHE_ACCESS	PREDICTABLE_BRANCH_SPECULATIVELY_EXECUTED
4345856 backprop 1 710 27 0.919000 0.539000  0.000006 0.000004 0.000011 0.000026 0.000014 0.000007 
4345856 backprop 1 710 27 0.919000 0.771000  0.000004 0.000004 0.000011 0.000022 0.000014 0.000012 
4345920 backprop 1 710 26 0.919000 0.539000  0.000017 0.000015 0.000041 0.000080 0.000043 0.000023 
4345920 backprop 1 710 26 0.919000 0.847000  0.000021 0.000017 0.000046 0.000101 0.000051 0.000026 
4345984 backprop 1 710 26 0.919000 0.539000  0.000017 0.000015 0.000041 0.000081 0.000042 0.000023 
4345984 backprop 1 710 26 0.919000 0.848000  0.000021 0.000019 0.000052 0.000102 0.000056 0.000029 
4345984 backprop 1 710 26 0.919000 0.539000  0.000018 0.000015 0.000042 0.000085 0.000045 0.000024 
4346048 backprop 1 710 26 0.919000 0.771000  0.000053 0.000023 0.000055 0.000145 0.000065 0.000035 
4346048 backprop 1 710 26 0.919000 0.847000  0.000034 0.000017 0.000047 0.000113 0.000052 0.000026 
4346048 backprop 1 710 26 0.919000 0.617000  0.000016 0.000015 0.000041 0.000080 0.000042 0.000023 
4346112 backprop 1 710 26 0.919000 0.847000  0.000018 0.000015 0.000042 0.000084 0.000045 0.000025 
4346112 backprop 1 710 26 0.919000 0.693000  0.000020 0.000015 0.000042 0.000090 0.000043 0.000023 
4346176 backprop 1 710 26 0.919000 0.771000  0.000021 0.000016 0.000044 0.000095 0.000049 0.000025 
4346176 backprop 1 710 26 0.919000 0.694000  0.000018 0.000015 0.000042 0.000085 0.000045 0.000024 
4346176 backprop 1 710 26 0.919000 0.616000  0.000021 0.000017 0.000045 0.000099 0.000050 0.000026 
4346240 backprop 1 710 26 0.919000 1.002000  0.000017 0.000015 0.000042 0.000084 0.000044 0.000023 
4346240 backprop 1 710 26 0.919000 0.540000  0.000017 0.000015 0.000042 0.000082 0.000045 0.000024 
4346240 backprop 1 710 26 0.919000 0.847000  0.000017 0.000015 0.000042 0.000082 0.000045 0.000023 
4346304 backprop 1 710 26 0.919000 0.539000  0.000017 0.000014 0.000040 0.000080 0.000042 0.000022 
4346304 backprop 1 710 26 0.919000 0.848000  0.000017 0.000015 0.000042 0.000082 0.000045 0.000024 
4346368 backprop 1 710 26 0.919000 0.694000  0.000017 0.000015 0.000042 0.000090 0.000044 0.000023 
4346368 backprop 1 710 26 0.919000 0.846000  0.000018 0.000015 0.000042 0.000085 0.000044 0.000023 
4346368 backprop 1 710 26 0.919000 0.847000  0.000032 0.000019 0.000048 0.000110 0.000053 0.000026 
4346432 backprop 1 710 26 0.919000 0.540000  0.000020 0.000016 0.000043 0.000093 0.000049 0.000025 
4346432 backprop 1 710 26 0.919000 0.848000  0.000018 0.000015 0.000043 0.000093 0.000048 0.000025 
4346432 backprop 1 710 26 0.919000 0.539000  0.000016 0.000014 0.000040 0.000076 0.000041 0.000022 
4346496 backprop 1 710 26 0.919000 0.617000  0.000019 0.000016 0.000044 0.000092 0.000047 0.000024 
4346496 backprop 1 710 26 0.919000 0.539000  0.000017 0.000015 0.000042 0.000090 0.000043 0.000023 
4346560 backprop 1 710 26 0.919000 0.771000  0.000020 0.000016 0.000044 0.000092 0.000049 0.000025 
4346560 backprop 1 710 26 0.919000 0.539000  0.000016 0.000014 0.000040 0.000078 0.000042 0.000023 
4346560 backprop 1 710 26 0.919000 0.616000  0.000021 0.000016 0.000044 0.000092 0.000047 0.000024 
4346624 backprop 1 710 26 0.919000 0.539000  0.000017 0.000015 0.000041 0.000081 0.000044 0.000023 
4346624 backprop 1 710 26 0.919000 0.540000  0.000017 0.000022 0.000054 0.000110 0.000062 0.000031 
4346624 backprop 1 710 26 0.919000 0.848000  0.000017 0.000015 0.000041 0.000081 0.000045 0.000023 
4346688 backprop 1 710 26 0.919000 0.539000  0.000016 0.000014 0.000040 0.000077 0.000041 0.000022 
4346688 backprop 1 710 26 0.919000 0.847000  0.000016 0.000015 0.000041 0.000089 0.000046 0.000024 
4346752 backprop 1 710 26 0.919000 0.539000  0.000016 0.000014 0.000040 0.000077 0.000041 0.000022 
4346752 backprop 1 710 26 0.919000 0.848000  0.000018 0.000015 0.000041 0.000082 0.000045 0.000023 
4346752 backprop 1 710 26 0.919000 0.617000  1.033677 0.281948 0.597984 1.034833 0.326047 0.138169 
4346816 backprop 1 710 26 0.919000 0.848000  0.000020 0.000015 0.000043 0.000093 0.000048 0.000025 
4346816 backprop 1 710 26 0.919000 0.847000  0.000022 0.000017 0.000044 0.000095 0.000049 0.000025 
4346816 backprop 1 710 26 0.919000 0.616000  0.000020 0.000016 0.000044 0.000092 0.000048 0.000024 
4346880 backprop 1 710 26 0.919000 0.847000  0.000020 0.000016 0.000043 0.000091 0.000048 0.000024 
4346880 backprop 1 710 26 0.919000 0.540000  0.000016 0.000014 0.000039 0.000077 0.000041 0.000022 
4346944 backprop 1 710 25 0.919000 0.770000  0.000021 0.000016 0.000044 0.000093 0.000049 0.000025 
4346944 backprop 1 710 25 0.919000 0.694000  0.000017 0.000015 0.000043 0.000103 0.000047 0.000024 
4346944 backprop 1 710 26 0.919000 0.540000  0.000020 0.000016 0.000044 0.000091 0.000047 0.000024 
4347008 backprop 1 710 26 0.919000 0.770000  0.000038 0.000018 0.000046 0.000111 0.000050 0.000025 
4347008 backprop 1 710 25 0.919000 0.540000  0.000016 0.000014 0.000039 0.000078 0.000041 0.000023 
4347008 backprop 1 710 26 0.919000 0.771000  0.000019 0.000016 0.000044 0.000094 0.000048 0.000025 
4347072 backprop 1 710 26 0.919000 0.539000  0.000016 0.000014 0.000039 0.000084 0.000042 0.000022 
4347072 backprop 1 710 26 0.919000 0.770000  0.000020 0.000016 0.000043 0.000090 0.000046 0.000024 
4347136 backprop 1 710 26 0.919000 0.540000  0.000020 0.000016 0.000044 0.000094 0.000048 0.000024 
4347136 backprop 1 710 26 0.919000 0.770000  0.000020 0.000016 0.000044 0.000095 0.000049 0.000025 
4347136 backprop 1 710 26 0.919000 1.079000  0.000021 0.000016 0.000043 0.000095 0.000049 0.000025 
4347200 backprop 1 710 26 0.919000 0.539000  0.000020 0.000016 0.000043 0.000093 0.000049 0.000025 
4347200 backprop 1 710 26 0.919000 0.849000  0.000016 0.000022 0.000052 0.000130 0.000061 0.000033 
4347200 backprop 1 710 26 0.919000 0.540000  0.000020 0.000014 0.000041 0.000083 0.000046 0.000026 
4347264 backprop 1 710 26 0.919000 0.617000  0.000016 0.000022 0.000052 0.000153 0.000065 0.000031 
4347264 backprop 1 710 26 0.919000 0.924000  0.000011 0.000067 0.000043 0.000135 0.000000 0.000007 
4347328 backprop 1 710 26 0.919000 0.540000  0.131058 0.036208 0.076530 0.131228 0.041589 0.017688 
4347328 backprop 1 710 25 0.919000 0.847000  0.000126 0.000165 0.000401 0.000975 0.000465 0.000228 
4347328 backprop 1 710 25 0.919000 0.617000  0.000015 0.000014 0.000039 0.000075 0.000040 0.000022 
4347392 backprop 1 710 26 0.919000 0.770000  0.000019 0.000015 0.000042 0.000090 0.000047 0.000024 
4347392 backprop 1 710 26 0.919000 0.926000  0.000020 0.000015 0.000074 0.000228 0.000075 0.000034 
4347456 backprop 1 710 26 0.919000 0.540000  0.000015 0.000014 0.000039 0.000075 0.000040 0.000021 
4347456 backprop 1 710 26 0.919000 0.925000  0.000020 0.000016 0.000043 0.000093 0.000048 0.000025 
4347456 backprop 1 710 26 0.919000 0.694000  0.000015 0.000014 0.000039 0.000075 0.000040 0.000022 
4347520 backprop 1 710 26 0.919000 0.617000  0.000016 0.000021 0.000052 0.000125 0.000060 0.000033 
4347520 backprop 1 710 26 0.919000 0.925000  0.000114 0.000104 0.000285 0.000547 0.000304 0.000160 
4347584 backprop 1 710 26 0.919000 0.539000  0.000020 0.000016 0.000042 0.000092 0.000048 0.000024 
4347584 backprop 1 710 26 0.919000 1.001000  0.000019 0.000015 0.000042 0.000089 0.000046 0.000024 
4347584 backprop 1 710 26 0.919000 0.616000  0.000015 0.000014 0.000038 0.000074 0.000040 0.000021 
4347648 backprop 1 710 26 0.919000 0.770000  0.000021 0.000016 0.000042 0.000091 0.000047 0.000024 
4347648 backprop 1 710 26 0.919000 0.616000  0.000016 0.000014 0.000038 0.000073 0.000040 0.000021 
4347648 backprop 1 710 26 0.919000 0.848000  0.000016 0.000015 0.000040 0.000078 0.000043 0.000022 
4347712 backprop 1 710 26 0.919000 0.540000  0.000017 0.000016 0.000042 0.000091 0.000043 0.000022 
4347712 backprop 1 710 26 0.919000 0.847000  0.000017 0.000014 0.000040 0.000082 0.000042 0.000022 
4347776 backprop 1 710 26 0.919000 0.616000  0.000020 0.000014 0.000040 0.000085 0.000042 0.000022 
4347776 backprop 1 710 26 0.919000 0.616000  0.000016 0.000014 0.000040 0.000078 0.000042 0.000022 
4347776 backprop 1 710 26 0.919000 0.462000  0.000015 0.000014 0.000039 0.000084 0.000044 0.000023 
4347840 backprop 1 710 26 0.919000 0.771000  0.000016 0.000014 0.000040 0.000077 0.000042 0.000022 
4347840 backprop 1 710 26 0.919000 0.771000  0.000017 0.000014 0.000040 0.000083 0.000043 0.000022 
4347840 backprop 1 710 26 0.919000 0.770000  0.000018 0.000216 0.000489 0.000394 0.000216 0.000120 
4347904 backprop 1 710 26 0.919000 0.925000  0.000017 0.000014 0.000039 0.000082 0.000043 0.000022 
4347904 backprop 1 710 26 0.919000 0.616000  0.000016 0.000014 0.000038 0.000074 0.000039 0.000021 
4347968 backprop 1 710 26 0.919000 0.847000  0.000022 0.000016 0.000042 0.000097 0.000046 0.000024 
4347968 backprop 1 710 26 0.919000 0.693000  0.000023 0.000014 0.000039 0.000096 0.000042 0.000022 
4347968 backprop 1 710 26 0.919000 0.848000  0.000027 0.000016 0.000042 0.000100 0.000046 0.000023 
4348032 backprop 1 710 26 0.919000 0.616000  0.000017 0.000014 0.000039 0.000088 0.000041 0.000022 
4348032 backprop 1 710 26 0.919000 0.770000  0.000020 0.000016 0.000041 0.000095 0.000049 0.000024 
4348032 backprop 1 710 26 0.919000 1.002000  0.000018 0.000018 0.000045 0.000120 0.000048 0.000024 
4348096 backprop 1 710 26 0.919000 0.771000  0.000004 0.000004 0.000010 0.000020 0.000013 0.000006 
4348096 backprop 1 710 26 0.919000 1.003000  0.000016 0.000014 0.000039 0.000078 0.000042 0.000022 
4348160 backprop 1 710 26 0.919000 0.539000  0.000019 0.000015 0.000042 0.000094 0.000048 0.000024 
4348160 backprop 1 710 26 0.919000 0.693000  0.000018 0.000015 0.000039 0.000082 0.000042 0.000022 
4348160 backprop 1 710 26 0.919000 1.001000  0.000017 0.000014 0.000038 0.000086 0.000040 0.000021 
4348224 backprop 1 710 26 0.919000 0.848000  0.000022 0.000016 0.000046 0.000114 0.000049 0.000025 
4348224 backprop 1 710 26 0.919000 0.616000  0.000018 0.000014 0.000038 0.000095 0.000041 0.000022 
4348224 backprop 1 710 26 0.919000 0.847000  0.000019 0.000014 0.000045 0.000126 0.000048 0.000025 
4348288 backprop 1 710 26 0.919000 0.770000  0.000025 0.000017 0.000045 0.000149 0.000048 0.000023 
4348288 backprop 1 710 26 0.919000 0.925000  0.000018 0.000015 0.000041 0.000089 0.000046 0.000024 
4348352 backprop 1 710 26 0.919000 1.001000  0.000021 0.000014 0.000039 0.000095 0.000040 0.000022 
4348352 backprop 1 710 26 0.919000 0.847000  0.000017 0.000015 0.000041 0.000088 0.000045 0.000023 
4348352 backprop 1 710 26 0.919000 0.540000  0.000015 0.000013 0.000038 0.000081 0.000043 0.000023 
4348416 backprop 1 710 26 0.919000 0.770000  0.000019 0.000015 0.000043 0.000097 0.000047 0.000024 
4348416 backprop 1 710 26 0.919000 0.694000  0.000016 0.000014 0.000039 0.000078 0.000041 0.000022 
4348416 backprop 1 710 26 0.919000 0.693000  0.000020 0.000015 0.000041 0.000089 0.000046 0.000024 
4348480 backprop 1 710 26 0.919000 0.770000  0.000016 0.000014 0.000039 0.000076 0.000042 0.000025 
4348480 backprop 1 710 26 0.919000 0.462000  0.000016 0.000017 0.000043 0.000103 0.000045 0.000022 
4348544 backprop 1 710 26 0.919000 0.694000  0.000098 0.000029 0.000066 0.000168 0.000065 0.000030 
4348544 backprop 1 710 26 0.919000 0.539000  0.000015 0.000013 0.000037 0.000075 0.000039 0.000021 
4348544 backprop 1 710 26 0.919000 0.694000  0.000018 0.000015 0.000041 0.000091 0.000046 0.000023 
4348608 backprop 1 710 26 0.919000 0.847000  0.021547 0.074143 0.024446 0.074204 0.000003 0.001515 
4348608 backprop 1 710 26 0.919000 0.924000  0.000065 0.000280 0.000132 0.000379 0.000000 0.000015 
4348672 backprop 1 710 26 0.919000 0.847000  0.000016 0.000017 0.000044 0.000098 0.000046 0.000025 
4348672 backprop 1 710 26 0.919000 0.616000  0.000015 0.000013 0.000037 0.000073 0.000038 0.000021 
4348672 backprop 1 710 26 0.919000 0.771000  0.000016 0.000014 0.000038 0.000075 0.000041 0.000021 
4348736 backprop 1 710 26 0.919000 0.540000  0.000015 0.000013 0.000037 0.000073 0.000039 0.000023 
4348736 backprop 1 710 26 0.919000 0.694000  0.000016 0.000014 0.000038 0.000075 0.000041 0.000022 
4348736 backprop 1 710 26 0.919000 0.462000  0.000019 0.000014 0.000038 0.000079 0.000040 0.000021 
4348800 backprop 1 710 26 0.919000 0.694000  0.000016 0.000014 0.000038 0.000076 0.000041 0.000022 
4348800 backprop 1 710 26 0.919000 0.463000  0.000018 0.000014 0.000038 0.000081 0.000043 0.000022 
4348800 backprop 1 710 26 0.919000 0.616000  0.000019 0.000015 0.000040 0.000088 0.000046 0.000023 
4348864 backprop 1 710 26 0.919000 0.925000  0.000016 0.000014 0.000038 0.000077 0.000041 0.000021 
