#Timestamp	Benchmark	Run(#)	CPU Frequency (MHz)	CPU Temperature(C)	CPU Voltage(V)	CPU Power(W)	CPU_CYCLES	L1_DATA_CACHE_ACCESS	INSTRUCTIONS_RETIRED	BUS_CYCLES	L1I_CACHE_ACCESS	PREDICTABLE_BRANCH_SPECULATIVELY_EXECUTED
3195840 particle_filter 1 403 24 0.842000 0.770000  0.000043 0.000023 0.000064 0.000139 0.000063 0.000033 
3195840 particle_filter 1 403 25 0.842000 0.616000  0.000038 0.000032 0.000114 0.000229 0.000132 0.000065 
3195904 particle_filter 1 403 25 0.842000 0.617000  0.000006 0.000006 0.000015 0.000034 0.000019 0.000009 
3195904 particle_filter 1 403 25 0.842000 0.770000  0.000043 0.000035 0.000093 0.000198 0.000113 0.000055 
3195904 particle_filter 1 403 25 0.842000 0.539000  0.000022 0.000020 0.000055 0.000104 0.000058 0.000031 
3195968 particle_filter 1 403 25 0.842000 0.540000  0.000021 0.000020 0.000055 0.000117 0.000066 0.000034 
3195968 particle_filter 1 403 25 0.842000 0.617000  0.000024 0.000021 0.000057 0.000116 0.000060 0.000031 
3196032 particle_filter 1 403 24 0.842000 0.540000  0.000020 0.000019 0.000053 0.000098 0.000054 0.000029 
3196032 particle_filter 1 403 24 0.842000 0.539000  0.000057 0.000029 0.000086 0.000183 0.000083 0.000045 
3196096 particle_filter 1 403 25 0.842000 0.386000  0.000031 0.000021 0.000055 0.000113 0.000057 0.000030 
3196096 particle_filter 1 403 25 0.842000 0.540000  0.000029 0.000021 0.000057 0.000120 0.000060 0.000031 
3196096 particle_filter 1 403 25 0.842000 0.385000  0.000031 0.000023 0.000065 0.000152 0.000069 0.000035 
3196160 particle_filter 1 403 25 0.842000 0.539000  0.000022 0.000020 0.000055 0.000108 0.000058 0.000031 
3196160 particle_filter 1 403 24 0.842000 0.540000  0.000020 0.000019 0.000052 0.000098 0.000054 0.000029 
3196224 particle_filter 1 403 24 0.842000 0.539000  0.000022 0.000020 0.000055 0.000104 0.000058 0.000036 
3196224 particle_filter 1 403 25 0.842000 0.617000  0.000021 0.000019 0.000052 0.000099 0.000054 0.000029 
3196224 particle_filter 1 403 24 0.842000 0.540000  0.000021 0.000020 0.000054 0.000105 0.000058 0.000030 
3196288 particle_filter 1 403 24 0.842000 0.539000  0.000026 0.000021 0.000063 0.000140 0.000064 0.000032 
3196288 particle_filter 1 403 24 0.842000 0.539000  0.000023 0.000029 0.000070 0.000168 0.000080 0.000044 
3196352 particle_filter 1 403 24 0.842000 0.540000  0.000022 0.000019 0.000052 0.000102 0.000054 0.000029 
3196352 particle_filter 1 403 24 0.842000 0.616000  0.000024 0.000020 0.000055 0.000116 0.000058 0.000030 
3196352 particle_filter 1 403 24 0.842000 0.539000  0.000021 0.000020 0.000054 0.000103 0.000058 0.000030 
3196416 particle_filter 1 403 24 0.842000 0.385000  0.000028 0.000020 0.000056 0.000119 0.000058 0.000031 
3196416 particle_filter 1 403 24 0.842000 0.463000  0.000037 0.000025 0.000064 0.000143 0.000068 0.000034 
3196480 particle_filter 1 403 25 0.842000 0.386000  0.000020 0.000018 0.000052 0.000097 0.000053 0.000029 
3196480 particle_filter 1 403 25 0.842000 0.616000  0.000025 0.000020 0.000062 0.000139 0.000065 0.000033 
3196480 particle_filter 1 403 24 0.842000 0.385000  0.000020 0.000018 0.000052 0.000097 0.000053 0.000029 
3196544 particle_filter 1 403 24 0.842000 0.540000  0.000025 0.000020 0.000056 0.000120 0.000063 0.000032 
3196544 particle_filter 1 403 24 0.842000 0.462000  0.000023 0.000019 0.000053 0.000108 0.000054 0.000029 
3196608 particle_filter 1 403 24 0.842000 0.540000  0.000022 0.000020 0.000059 0.000130 0.000119 0.000053 
3196608 particle_filter 1 403 25 0.842000 0.462000  0.003250 0.000804 0.001471 0.003540 0.001043 0.000405 
3196672 particle_filter 1 403 24 0.842000 0.617000  0.000042 0.000251 0.000167 0.000521 0.000000 0.000029 
3196672 particle_filter 1 403 24 0.842000 0.616000  0.000005 0.000005 0.000014 0.000026 0.000018 0.000009 
3196736 particle_filter 1 403 25 0.842000 0.539000  0.000028 0.000047 0.000103 0.000233 0.000099 0.000044 
3196736 particle_filter 1 403 25 0.842000 0.771000  0.000005 0.000005 0.000014 0.000026 0.000017 0.000009 
3196736 particle_filter 1 403 25 0.842000 0.540000  0.000034 0.000030 0.000081 0.000167 0.000088 0.000046 
3196800 particle_filter 1 403 25 0.842000 0.462000  0.000020 0.000018 0.000051 0.000097 0.000053 0.000028 
3196800 particle_filter 1 403 24 0.842000 0.540000  0.000041 0.000384 0.000217 0.002729 0.000000 0.000126 
3196864 particle_filter 1 403 24 0.842000 0.540000  0.000040 0.000232 0.000158 0.000481 0.000000 0.000027 
3196864 particle_filter 1 403 24 0.842000 0.540000  0.000038 0.000216 0.000144 0.000451 0.000000 0.000026 
3196928 particle_filter 1 403 24 0.842000 0.540000  0.000044 0.000284 0.000168 0.000543 0.000000 0.000028 
3196928 particle_filter 1 403 24 0.842000 0.462000  0.000021 0.000018 0.000050 0.000099 0.000052 0.000028 
3196928 particle_filter 1 403 25 0.842000 0.539000  0.000040 0.000031 0.000082 0.000166 0.000093 0.000047 
3196992 particle_filter 1 403 24 0.842000 0.463000  0.000020 0.000018 0.000050 0.000097 0.000052 0.000028 
3196992 particle_filter 1 403 24 0.842000 0.539000  0.000037 0.000217 0.000143 0.000453 0.000000 0.000025 
3197056 particle_filter 1 403 25 0.842000 0.539000  0.000021 0.000037 0.000085 0.000200 0.000083 0.000039 
3197056 particle_filter 1 403 25 0.842000 0.539000  0.000020 0.000019 0.000052 0.000105 0.000055 0.000029 
3197120 particle_filter 1 403 25 0.842000 0.463000  0.000009 0.000058 0.000047 0.000118 0.000000 0.000006 
3197120 particle_filter 1 403 24 0.842000 0.540000  0.000037 0.000212 0.000141 0.000440 0.000000 0.000025 
3197120 particle_filter 1 403 24 0.842000 0.540000  0.000039 0.000264 0.000175 0.000554 0.000000 0.000029 
3197184 particle_filter 1 403 24 0.842000 0.616000  0.015607 0.005213 0.011042 0.015783 0.005837 0.002686 
3197184 particle_filter 1 403 24 0.842000 0.385000  0.000005 0.000005 0.000013 0.000026 0.000017 0.000008 
3197248 particle_filter 1 403 25 0.842000 0.770000  0.003009 0.012615 0.003808 0.012676 0.000000 0.000213 
3197248 particle_filter 1 403 25 0.842000 0.540000  0.000023 0.000020 0.000055 0.000114 0.000059 0.000030 
3197248 particle_filter 1 403 25 0.842000 0.617000  0.024149 0.007740 0.016980 0.024280 0.008814 0.003991 
3197312 particle_filter 1 403 25 0.842000 0.539000  0.000025 0.000021 0.000056 0.000117 0.000062 0.000031 
3197312 particle_filter 1 403 25 0.842000 0.616000  0.000020 0.000018 0.000050 0.000096 0.000051 0.000028 
3197376 particle_filter 1 403 24 0.842000 0.616000  0.000025 0.000020 0.000054 0.000114 0.000061 0.000031 
3197376 particle_filter 1 403 24 0.842000 0.539000  0.030314 0.009131 0.019648 0.030456 0.010672 0.004707 
3197440 particle_filter 1 403 24 0.842000 0.463000  0.000005 0.000005 0.000013 0.000025 0.000017 0.000008 
3197440 particle_filter 1 403 24 0.842000 0.616000  0.000148 0.000048 0.000112 0.000264 0.000126 0.000057 
3197440 particle_filter 1 403 24 0.842000 0.463000  0.000026 0.000020 0.000056 0.000147 0.000071 0.000034 
3197504 particle_filter 1 403 25 0.842000 0.694000  0.000030 0.000027 0.000074 0.000142 0.000077 0.000041 
3197504 particle_filter 1 403 24 0.842000 0.539000  0.000031 0.000028 0.000077 0.000150 0.000082 0.000043 
3197568 particle_filter 1 403 24 0.842000 0.385000  0.000019 0.000018 0.000049 0.000095 0.000050 0.000027 
3197568 particle_filter 1 403 24 0.842000 0.539000  0.000025 0.000022 0.000058 0.000141 0.000063 0.000032 
3197632 particle_filter 1 403 25 0.842000 0.540000  0.000020 0.000018 0.000049 0.000093 0.000051 0.000027 
3197632 particle_filter 1 403 25 0.842000 0.539000  0.000021 0.000019 0.000051 0.000097 0.000055 0.000028 
3197632 particle_filter 1 403 25 0.842000 0.540000  0.000019 0.000017 0.000049 0.000090 0.000050 0.000027 
3197696 particle_filter 1 403 24 0.842000 0.540000  0.020125 0.067683 0.023369 0.067954 0.000003 0.001504 
3197696 particle_filter 1 403 24 0.842000 0.463000  0.000019 0.000018 0.000061 0.000149 0.000071 0.000037 
3197760 particle_filter 1 403 24 0.842000 0.539000  0.000020 0.000018 0.000050 0.000096 0.000053 0.000028 
3197760 particle_filter 1 403 24 0.842000 0.616000  0.159434 0.042008 0.108262 0.159496 0.060452 0.022440 
3197760 particle_filter 1 403 24 0.842000 0.540000  0.000005 0.000005 0.000013 0.000025 0.000017 0.000008 
3197824 particle_filter 1 403 24 0.842000 0.463000  0.161797 0.042530 0.109298 0.161859 0.061148 0.022731 
3197824 particle_filter 1 403 25 0.842000 0.616000  0.000021 0.000018 0.000050 0.000100 0.000056 0.000029 
3197888 particle_filter 1 403 25 0.842000 0.385000  0.000034 0.000196 0.000129 0.000410 0.000000 0.000023 
3197888 particle_filter 1 403 25 0.842000 0.694000  0.000020 0.000018 0.000050 0.000097 0.000054 0.000028 
3197952 particle_filter 1 403 24 0.842000 0.386000  0.000043 0.000022 0.000066 0.000182 0.000078 0.000040 
3197952 particle_filter 1 403 24 0.842000 0.462000  0.000086 0.000035 0.000089 0.000208 0.000085 0.000040 
3198016 particle_filter 1 403 24 0.842000 0.616000  0.008150 0.030416 0.009751 0.030781 0.000001 0.000625 
3198016 particle_filter 1 403 25 0.842000 0.540000  0.000024 0.000020 0.000055 0.000115 0.000060 0.000031 
3198016 particle_filter 1 403 25 0.842000 0.616000  0.166476 0.044013 0.112282 0.166552 0.062801 0.023478 
3198080 particle_filter 1 403 25 0.842000 0.385000  0.000024 0.000020 0.000055 0.000114 0.000060 0.000039 
3198080 particle_filter 1 403 24 0.842000 0.462000  0.000030 0.000024 0.000067 0.000137 0.000069 0.000037 
3198144 particle_filter 1 403 24 0.842000 0.694000  0.000035 0.000203 0.000137 0.000441 0.000000 0.000025 
3198144 particle_filter 1 403 24 0.842000 0.616000  0.000032 0.000182 0.000121 0.000376 0.000000 0.000022 
3198144 particle_filter 1 403 24 0.842000 0.616000  0.000024 0.000019 0.000052 0.000111 0.000058 0.000030 
3198208 particle_filter 1 403 24 0.842000 0.385000  0.000047 0.000026 0.000086 0.000226 0.000089 0.000043 
3198208 particle_filter 1 403 24 0.842000 0.540000  0.000019 0.000018 0.000049 0.000123 0.000064 0.000037 
3198272 particle_filter 1 403 25 0.842000 0.539000  0.000017 0.000022 0.000053 0.000107 0.000062 0.000030 
3198272 particle_filter 1 403 24 0.842000 0.385000  0.000069 0.000034 0.000086 0.000200 0.000077 0.000036 
3198336 particle_filter 1 403 25 0.842000 0.617000  0.001047 0.000275 0.000519 0.001063 0.000361 0.000148 
3198336 particle_filter 1 403 25 0.842000 0.616000  0.000019 0.000017 0.000044 0.000102 0.000050 0.000025 
3198400 particle_filter 1 403 24 0.842000 0.385000  0.000544 0.000163 0.000316 0.000606 0.000226 0.000097 
3198400 particle_filter 1 403 24 0.842000 0.539000  0.000017 0.000022 0.000053 0.000116 0.000061 0.000030 
3198464 particle_filter 1 403 24 0.842000 0.463000  0.000044 0.000025 0.000069 0.000162 0.000069 0.000036 
3198464 particle_filter 1 403 24 0.842000 0.616000  0.000017 0.000015 0.000042 0.000090 0.000046 0.000024 
3198528 particle_filter 1 403 24 0.842000 0.617000  0.000005 0.000004 0.000013 0.000024 0.000016 0.000008 
3198528 particle_filter 1 403 24 0.842000 0.693000  0.000033 0.000200 0.000124 0.000396 0.000000 0.000021 
3198528 particle_filter 1 403 25 0.842000 0.385000  0.000018 0.000017 0.000047 0.000089 0.000049 0.000026 
3198592 particle_filter 1 403 24 0.842000 0.539000  0.000020 0.000018 0.000049 0.000094 0.000053 0.000027 
3198592 particle_filter 1 403 24 0.842000 0.386000  0.000018 0.000022 0.000057 0.000128 0.000057 0.000029 
3198656 particle_filter 1 403 24 0.842000 0.539000  0.000033 0.000207 0.000129 0.000430 0.000000 0.000022 
3198656 particle_filter 1 403 24 0.842000 0.385000  0.000018 0.000017 0.000047 0.000087 0.000048 0.000026 
3198720 particle_filter 1 403 24 0.842000 0.539000  0.000025 0.000019 0.000050 0.000104 0.000054 0.000028 
3198720 particle_filter 1 403 24 0.842000 0.385000  0.000022 0.000018 0.000048 0.000100 0.000055 0.000028 
3198720 particle_filter 1 403 24 0.842000 0.617000  0.000026 0.000024 0.000065 0.000124 0.000069 0.000036 
3198784 particle_filter 1 403 24 0.842000 0.385000  0.000018 0.000017 0.000046 0.000091 0.000048 0.000026 
3198784 particle_filter 1 403 25 0.842000 0.539000  0.001681 0.007601 0.002340 0.007811 0.000001 0.000167 
3198848 particle_filter 1 403 24 0.842000 0.539000  0.000033 0.000197 0.000128 0.000412 0.000000 0.000023 
3198848 particle_filter 1 403 24 0.842000 0.540000  0.000005 0.000004 0.000012 0.000024 0.000016 0.000008 
3198912 particle_filter 1 403 24 0.842000 0.463000  0.000137 0.000104 0.000288 0.000654 0.000312 0.000146 
3198912 particle_filter 1 403 25 0.842000 0.462000  0.000033 0.000207 0.000132 0.000560 0.000000 0.000024 
3198976 particle_filter 1 403 24 0.842000 0.308000  0.000018 0.000016 0.000046 0.000089 0.000054 0.000028 
3198976 particle_filter 1 403 24 0.842000 0.540000  0.000019 0.000017 0.000047 0.000094 0.000052 0.000027 
3198976 particle_filter 1 403 24 0.842000 0.539000  0.000005 0.000004 0.000012 0.000023 0.000016 0.000008 
3199040 particle_filter 1 403 25 0.842000 0.539000  0.000020 0.000017 0.000053 0.000115 0.000056 0.000028 
3199040 particle_filter 1 403 25 0.842000 0.463000  0.000017 0.000016 0.000045 0.000087 0.000047 0.000025 
3199104 particle_filter 1 403 24 0.842000 0.693000  0.000022 0.000019 0.000051 0.000106 0.000055 0.000028 
3199104 particle_filter 1 403 24 0.842000 0.462000  0.000018 0.000016 0.000045 0.000087 0.000047 0.000025 
3199104 particle_filter 1 403 24 0.842000 0.540000  0.000023 0.000019 0.000051 0.000107 0.000087 0.000040 
3199168 particle_filter 1 403 24 0.842000 0.386000  0.000028 0.000024 0.000070 0.000171 0.000071 0.000034 
3199168 particle_filter 1 403 25 0.842000 0.617000  0.000149 0.000102 0.000284 0.001095 0.000556 0.000296 
3199232 particle_filter 1 403 25 0.842000 0.617000  0.000053 0.000025 0.000061 0.000155 0.000072 0.000039 
3199232 particle_filter 1 403 25 0.842000 0.539000  0.000018 0.000016 0.000045 0.000133 0.000066 0.000033 
3199296 particle_filter 1 403 25 0.842000 0.539000  0.000028 0.000024 0.000071 0.000150 0.000073 0.000038 
3199296 particle_filter 1 403 25 0.842000 0.616000  0.000025 0.000022 0.000062 0.000117 0.000064 0.000034 
3199296 particle_filter 1 403 25 0.842000 0.616000  0.000026 0.000023 0.000064 0.000140 0.000073 0.000037 
3199360 particle_filter 1 403 25 0.842000 0.539000  0.000018 0.000025 0.000060 0.000134 0.000058 0.000029 
3199360 particle_filter 1 403 25 0.842000 0.540000  0.000020 0.000017 0.000047 0.000093 0.000050 0.000026 
3199424 particle_filter 1 403 25 0.842000 0.693000  0.000018 0.000016 0.000045 0.000085 0.000046 0.000025 
3199424 particle_filter 1 403 25 0.842000 0.616000  0.000026 0.000217 0.000143 0.000563 0.000000 0.000022 
3199488 particle_filter 1 403 25 0.842000 0.462000  0.000017 0.000037 0.000094 0.000196 0.000088 0.000039 
3199488 particle_filter 1 403 25 0.842000 0.539000  0.000022 0.000017 0.000047 0.000096 0.000052 0.000027 
3199488 particle_filter 1 403 24 0.842000 0.385000  0.000017 0.000016 0.000044 0.000084 0.000046 0.000025 
3199552 particle_filter 1 403 24 0.842000 0.540000  0.000025 0.000023 0.000082 0.000162 0.000096 0.000047 
3199552 particle_filter 1 403 24 0.842000 0.386000  0.000026 0.000022 0.000061 0.000135 0.000066 0.000035 
3199616 particle_filter 1 403 24 0.842000 0.540000  0.003564 0.003165 0.011256 0.023446 0.011619 0.006405 
3199616 particle_filter 1 403 24 0.842000 0.616000  0.002742 0.002459 0.006855 0.013098 0.007099 0.003789 
3199616 particle_filter 1 403 25 0.842000 0.463000  0.000022 0.000017 0.000048 0.000102 0.000052 0.000029 
3199680 particle_filter 1 403 24 0.842000 0.617000  0.009680 0.002743 0.005775 0.009788 0.003232 0.001409 
3199680 particle_filter 1 403 24 0.842000 0.616000  0.000023 0.000018 0.000048 0.000104 0.000054 0.000028 
3199744 particle_filter 1 403 24 0.842000 0.540000  0.000038 0.000020 0.000053 0.000113 0.000054 0.000028 
3199744 particle_filter 1 403 24 0.842000 0.308000  0.000019 0.000020 0.000054 0.000099 0.000051 0.000028 
3199808 particle_filter 1 403 24 0.842000 0.463000  0.000019 0.000037 0.000098 0.000237 0.000102 0.000048 
3199808 particle_filter 1 403 24 0.842000 0.308000  0.000024 0.000022 0.000060 0.000115 0.000062 0.000033 
3199872 particle_filter 1 403 24 0.842000 0.693000  0.000029 0.000025 0.000068 0.000142 0.000075 0.000038 
3199872 particle_filter 1 403 24 0.842000 0.385000  0.000018 0.000016 0.000046 0.000102 0.000052 0.000050 
3199872 particle_filter 1 403 24 0.842000 0.771000  0.000004 0.000004 0.000012 0.000023 0.000015 0.000007 
3199936 particle_filter 1 403 24 0.842000 0.694000  0.000024 0.000023 0.000062 0.000117 0.000065 0.000035 
3199936 particle_filter 1 403 24 0.842000 0.616000  0.000021 0.000018 0.000049 0.000098 0.000051 0.000026 
3200000 particle_filter 1 403 24 0.842000 0.539000  0.000021 0.000017 0.000045 0.000088 0.000047 0.000025 
3200000 particle_filter 1 403 24 0.842000 0.385000  0.000017 0.000015 0.000043 0.000083 0.000048 0.000025 
3200064 particle_filter 1 403 24 0.842000 0.540000  0.000021 0.000020 0.000051 0.000116 0.000056 0.000028 
3200064 particle_filter 1 403 24 0.842000 0.540000  0.000018 0.000015 0.000043 0.000086 0.000044 0.000024 
3200064 particle_filter 1 403 24 0.842000 0.540000  0.000006 0.000006 0.000016 0.000031 0.000020 0.000010 
3200128 particle_filter 1 403 24 0.842000 0.462000  0.000017 0.000015 0.000043 0.000083 0.000044 0.000024 
3200128 particle_filter 1 403 24 0.842000 0.540000  0.000026 0.000022 0.000066 0.000140 0.000071 0.000036 
3200192 particle_filter 1 403 25 0.842000 0.462000  0.000024 0.000021 0.000059 0.000112 0.000061 0.000033 
3200192 particle_filter 1 403 25 0.842000 0.540000  0.022739 0.071254 0.025502 0.071417 0.000004 0.001629 
3200192 particle_filter 1 403 24 0.842000 0.616000  0.000005 0.000005 0.000014 0.000026 0.000017 0.000009 
3200256 particle_filter 1 403 24 0.842000 0.540000  0.000024 0.000021 0.000059 0.000124 0.000063 0.000033 
