#Timestamp	Benchmark	Run(#)	CPU Frequency (MHz)	CPU Temperature(C)	CPU Voltage(V)	CPU Power(W)	CPU_CYCLES	L1_DATA_CACHE_ACCESS	INSTRUCTIONS_RETIRED	BUS_CYCLES	L1I_CACHE_ACCESS	PREDICTABLE_BRANCH_SPECULATIVELY_EXECUTED
5342720 particle_filter 1 1132 27 1.072000 1.079000  0.000005 0.000004 0.000012 0.000068 0.000021 0.000009 
5342784 particle_filter 1 1132 27 1.072000 1.387000  0.000018 0.000017 0.000044 0.000095 0.000047 0.000024 
5342784 particle_filter 1 1132 27 1.072000 0.923000  0.000020 0.000016 0.000045 0.000105 0.000051 0.000026 
5342784 particle_filter 1 1132 27 1.072000 0.925000  0.000018 0.000016 0.000044 0.000096 0.000049 0.000025 
5342848 particle_filter 1 1132 27 1.072000 0.771000  0.000005 0.000004 0.000011 0.000022 0.000014 0.000007 
5342848 particle_filter 1 1132 27 1.072000 1.156000  0.000033 0.000017 0.000045 0.000101 0.000049 0.000025 
5342848 particle_filter 1 1132 27 1.072000 0.770000  0.000017 0.000074 0.000141 0.000393 0.000135 0.000058 
5342912 particle_filter 1 1132 27 1.072000 1.078000  0.150517 0.777154 0.178005 0.777257 0.000072 0.009125 
5342912 particle_filter 1 1132 27 1.072000 0.694000  0.000020 0.000016 0.000045 0.000100 0.000050 0.000026 
5342976 particle_filter 1 1132 27 1.072000 1.157000  0.000005 0.000004 0.000011 0.000023 0.000016 0.000008 
5342976 particle_filter 1 1132 27 1.072000 1.309000  0.000004 0.000004 0.000011 0.000022 0.000014 0.000007 
5342976 particle_filter 1 1132 27 1.072000 0.771000  0.000016 0.000014 0.000040 0.000077 0.000042 0.000022 
5343040 particle_filter 1 1132 27 1.072000 1.157000  0.000021 0.000016 0.000044 0.000094 0.000049 0.000025 
5343040 particle_filter 1 1132 27 1.072000 0.847000  0.000004 0.000004 0.000011 0.000026 0.000014 0.000007 
5343040 particle_filter 1 1132 27 1.072000 1.002000  0.000123 0.000088 0.000252 0.000615 0.000216 0.000101 
5343104 particle_filter 1 1132 27 1.072000 1.618000  0.000031 0.000017 0.000047 0.000097 0.000048 0.000025 
5343104 particle_filter 1 1132 27 1.072000 0.694000  0.000020 0.000014 0.000039 0.000085 0.000041 0.000022 
5343104 particle_filter 1 1132 27 1.072000 1.543000  0.000004 0.000004 0.000011 0.000022 0.000014 0.000007 
5343168 particle_filter 1 1132 27 1.072000 0.849000  0.403922 0.070902 0.196798 0.403990 0.098662 0.037723 
5343168 particle_filter 1 1132 27 1.072000 1.234000  0.000019 0.000016 0.000043 0.000100 0.000048 0.000025 
5343168 particle_filter 1 1132 27 1.072000 0.847000  0.000017 0.000015 0.000041 0.000082 0.000044 0.000023 
5343232 particle_filter 1 1132 27 1.072000 0.769000  0.000021 0.000016 0.000043 0.000098 0.000049 0.000025 
5343232 particle_filter 1 1132 27 1.072000 1.464000  0.000040 0.000015 0.000041 0.000102 0.000043 0.000022 
5343296 particle_filter 1 1132 27 1.072000 1.001000  0.000019 0.000016 0.000043 0.000091 0.000047 0.000025 
5343296 particle_filter 1 1132 27 1.072000 0.770000  0.000018 0.000015 0.000042 0.000088 0.000045 0.000023 
5343296 particle_filter 1 1132 27 1.072000 0.770000  0.000020 0.000016 0.000043 0.000089 0.000047 0.000024 
5343360 particle_filter 1 1132 27 1.072000 1.540000  0.000018 0.000014 0.000040 0.000093 0.000044 0.000023 
5343360 particle_filter 1 1132 27 1.072000 1.311000  0.000021 0.000015 0.000041 0.000102 0.000043 0.000023 
5343360 particle_filter 1 1132 27 1.072000 0.846000  0.000018 0.000015 0.000042 0.000089 0.000046 0.000024 
5343424 particle_filter 1 1132 27 1.072000 0.771000  0.000018 0.000016 0.000042 0.000109 0.000045 0.000023 
5343424 particle_filter 1 1132 27 1.072000 0.771000  0.000004 0.000004 0.000010 0.000021 0.000013 0.000006 
5343424 particle_filter 1 1132 27 1.072000 1.157000  0.000016 0.000014 0.000040 0.000079 0.000042 0.000022 
5343488 particle_filter 1 1132 27 1.072000 1.156000  0.000016 0.000014 0.000038 0.000074 0.000040 0.000021 
5343488 particle_filter 1 1132 27 1.072000 0.847000  0.000020 0.000015 0.000042 0.000095 0.000047 0.000024 
5343488 particle_filter 1 1132 28 1.072000 1.233000  0.000004 0.000004 0.000010 0.000021 0.000013 0.000006 
5343552 particle_filter 1 1132 28 1.072000 1.388000  0.000020 0.000015 0.000042 0.000093 0.000047 0.000024 
5343552 particle_filter 1 1132 27 1.072000 0.925000  0.000016 0.000014 0.000038 0.000074 0.000040 0.000021 
5343616 particle_filter 1 1132 27 1.072000 1.233000  0.000004 0.000004 0.000010 0.000021 0.000013 0.000006 
5343616 particle_filter 1 1132 27 1.072000 0.771000  0.000017 0.000014 0.000039 0.000082 0.000042 0.000022 
5343616 particle_filter 1 1132 27 1.072000 1.079000  0.000019 0.000015 0.000041 0.000091 0.000046 0.000023 
5343680 particle_filter 1 1132 28 1.072000 1.309000  0.000017 0.000014 0.000039 0.000076 0.000042 0.000022 
5343680 particle_filter 1 1132 27 1.072000 1.080000  0.000108 0.000026 0.000059 0.000167 0.000056 0.000027 
5343680 particle_filter 1 1132 27 1.072000 1.078000  0.000004 0.000004 0.000010 0.000021 0.000013 0.000006 
5343744 particle_filter 1 1132 27 1.072000 0.770000  0.000016 0.000014 0.000039 0.000075 0.000041 0.000022 
5343744 particle_filter 1 1132 27 1.072000 0.924000  0.000015 0.000014 0.000039 0.000075 0.000041 0.000022 
5343744 particle_filter 1 1132 27 1.072000 1.465000  0.000004 0.000004 0.000010 0.000020 0.000013 0.000006 
5343808 particle_filter 1 1132 27 1.072000 0.847000  0.000004 0.000004 0.000010 0.000020 0.000013 0.000006 
5343808 particle_filter 1 1132 27 1.072000 1.157000  0.000004 0.000004 0.000010 0.000020 0.000013 0.000006 
5343808 particle_filter 1 1132 27 1.072000 1.156000  0.000004 0.000004 0.000010 0.000020 0.000013 0.000006 
5343872 particle_filter 1 1132 27 1.072000 0.925000  0.000019 0.000014 0.000039 0.000097 0.000044 0.000023 
5343872 particle_filter 1 1132 27 1.072000 0.771000  0.000016 0.000014 0.000039 0.000100 0.000043 0.000022 
5343936 particle_filter 1 1132 27 1.072000 0.771000  0.000016 0.000014 0.000038 0.000075 0.000041 0.000022 
5343936 particle_filter 1 1132 27 1.072000 1.387000  0.000020 0.000015 0.000041 0.000101 0.000047 0.000024 
5343936 particle_filter 1 1132 27 1.072000 1.002000  0.000004 0.000003 0.000010 0.000020 0.000013 0.000006 
5344000 particle_filter 1 1132 27 1.072000 1.080000  0.000004 0.000019 0.000038 0.000133 0.000038 0.000016 
5344000 particle_filter 1 1132 27 1.072000 1.003000  0.437212 0.082071 0.218855 0.437280 0.110101 0.043127 
5344000 particle_filter 1 1132 27 1.072000 1.077000  0.000004 0.000004 0.000010 0.000019 0.000013 0.000006 
5344064 particle_filter 1 1132 27 1.072000 0.771000  0.000022 0.000014 0.000040 0.000097 0.000048 0.000024 
5344064 particle_filter 1 1132 27 1.072000 0.771000  0.000004 0.000003 0.000010 0.000021 0.000013 0.000006 
5344064 particle_filter 1 1132 27 1.072000 1.003000  0.000016 0.000014 0.000045 0.000108 0.000050 0.000024 
5344128 particle_filter 1 1132 27 1.072000 0.772000  0.000015 0.000013 0.000037 0.000071 0.000038 0.000020 
5344128 particle_filter 1 1132 27 1.072000 1.309000  0.000004 0.000003 0.000010 0.000020 0.000013 0.000006 
5344128 particle_filter 1 1132 27 1.072000 1.389000  0.000016 0.000014 0.000038 0.000076 0.000041 0.000021 
5344192 particle_filter 1 1132 27 1.072000 0.847000  0.000016 0.000022 0.000053 0.000118 0.000062 0.000030 
5344192 particle_filter 1 1132 27 1.072000 1.080000  0.000004 0.000003 0.000010 0.000020 0.000013 0.000006 
5344256 particle_filter 1 1132 27 1.072000 1.155000  0.000015 0.000013 0.000037 0.000080 0.000042 0.000022 
5344256 particle_filter 1 1132 27 1.072000 0.769000  0.000019 0.000015 0.000040 0.000087 0.000044 0.000023 
5344256 particle_filter 1 1132 27 1.072000 0.848000  0.000017 0.000014 0.000038 0.000078 0.000040 0.000021 
5344320 particle_filter 1 1132 27 1.072000 0.770000  0.000004 0.000003 0.000010 0.000020 0.000013 0.000006 
5344320 particle_filter 1 1132 27 1.072000 1.233000  0.000004 0.000003 0.000010 0.000019 0.000012 0.000006 
5344320 particle_filter 1 1132 27 1.072000 0.847000  0.000005 0.000003 0.000010 0.000023 0.000012 0.000006 
5344384 particle_filter 1 1132 27 1.072000 1.773000  0.000020 0.000016 0.000043 0.000095 0.000049 0.000024 
5344384 particle_filter 1 1132 27 1.072000 1.620000  0.004568 0.003202 0.008826 0.024523 0.010333 0.005039 
5344384 particle_filter 1 1132 27 1.072000 0.694000  0.003466 0.002607 0.007186 0.019391 0.007583 0.003957 
5344448 particle_filter 1 1132 27 1.072000 1.387000  0.001286 0.000466 0.001241 0.003131 0.001507 0.000725 
5344448 particle_filter 1 1132 27 1.072000 0.924000  0.001593 0.001402 0.003889 0.007477 0.004044 0.002158 
5344512 particle_filter 1 1132 27 1.072000 1.003000  0.001195 0.001086 0.002986 0.005806 0.003175 0.001674 
5344512 particle_filter 1 1132 27 1.072000 0.771000  0.001163 0.000983 0.002864 0.006337 0.003179 0.001655 
5344512 particle_filter 1 1132 27 1.072000 0.770000  0.011662 0.002872 0.006144 0.011679 0.003265 0.001464 
5344576 particle_filter 1 1132 27 1.072000 1.078000  0.000018 0.000015 0.000041 0.000091 0.000046 0.000024 
5344576 particle_filter 1 1132 27 1.072000 0.539000  0.000355 0.000238 0.000684 0.001643 0.000867 0.000426 
