#Timestamp	Benchmark	Run(#)	CPU Frequency (MHz)	CPU Temperature(C)	CPU Voltage(V)	CPU Power(W)	CPU_CYCLES	L1_DATA_CACHE_ACCESS	INSTRUCTIONS_RETIRED	BUS_CYCLES	L1I_CACHE_ACCESS	PREDICTABLE_BRANCH_SPECULATIVELY_EXECUTED
6557568 pathfinder 1 1632 29 1.188000 2.155000  0.000112 0.000092 0.000252 0.000532 0.000278 0.000143 
6557568 pathfinder 1 1632 29 1.188000 1.542000  0.000107 0.000130 0.000309 0.000754 0.000320 0.000177 
6557568 pathfinder 1 1632 29 1.188000 1.465000  0.000277 0.000127 0.000308 0.000793 0.000354 0.000196 
6557632 pathfinder 1 1632 29 1.188000 2.389000  0.000099 0.000085 0.000235 0.000470 0.000249 0.000131 
6557632 pathfinder 1 1632 29 1.188000 1.773000  0.000101 0.000086 0.000234 0.000468 0.000251 0.000131 
6557632 pathfinder 1 1632 29 1.188000 1.540000  0.000095 0.000084 0.000232 0.000460 0.000246 0.000130 
6557696 pathfinder 1 1632 29 1.188000 1.618000  0.000104 0.000085 0.000234 0.000538 0.000259 0.000134 
6557696 pathfinder 1 1632 29 1.188000 1.619000  0.000091 0.000078 0.000219 0.000438 0.000226 0.000121 
6557696 pathfinder 1 1632 29 1.188000 2.158000  0.000115 0.000088 0.000238 0.000540 0.000262 0.000133 
6557760 pathfinder 1 1632 29 1.188000 1.542000  0.000098 0.000086 0.000230 0.000543 0.000243 0.000126 
6557760 pathfinder 1 1632 29 1.188000 1.541000  0.000103 0.000085 0.000231 0.000500 0.000253 0.000132 
6557760 pathfinder 1 1632 29 1.188000 2.466000  0.000053 0.000045 0.000123 0.000247 0.000132 0.000069 
6557824 pathfinder 1 1632 28 1.188000 1.619000  0.000086 0.000075 0.000210 0.000414 0.000214 0.000116 
6557824 pathfinder 1 1632 28 1.188000 2.235000  0.000125 0.000080 0.000218 0.000478 0.000239 0.000124 
6557824 pathfinder 1 1632 29 1.188000 1.696000  0.000093 0.000079 0.000214 0.000427 0.000232 0.000121 
6557888 pathfinder 1 1632 29 1.188000 1.542000  0.000088 0.000077 0.000211 0.000422 0.000223 0.000118 
6557888 pathfinder 1 1632 29 1.188000 2.309000  0.000088 0.000075 0.000208 0.000413 0.000219 0.000116 
6557888 pathfinder 1 1632 28 1.188000 1.619000  0.000091 0.000072 0.000199 0.000436 0.000223 0.000115 
6557952 pathfinder 1 1632 28 1.188000 1.542000  0.000083 0.000074 0.000204 0.000400 0.000217 0.000114 
6557952 pathfinder 1 1632 29 1.188000 1.773000  0.000088 0.000074 0.000203 0.000402 0.000217 0.000114 
6558016 pathfinder 1 1632 29 1.188000 1.542000  0.000083 0.000073 0.000201 0.000398 0.000214 0.000113 
6558016 pathfinder 1 1632 29 1.188000 2.775000  0.000086 0.000072 0.000197 0.000393 0.000211 0.000111 
6558016 pathfinder 1 1632 29 1.188000 1.619000  0.000096 0.000068 0.000209 0.000574 0.000216 0.000120 
6558080 pathfinder 1 1632 29 1.188000 1.617000  0.000097 0.000072 0.000200 0.000436 0.000217 0.000112 
6558080 pathfinder 1 1632 29 1.188000 1.541000  0.042935 0.009238 0.019449 0.042987 0.010523 0.004529 
6558080 pathfinder 1 1632 29 1.188000 1.541000  0.000079 0.000070 0.000193 0.000379 0.000205 0.000108 
6558144 pathfinder 1 1632 29 1.188000 2.157000  0.000081 0.000069 0.000190 0.000380 0.000204 0.000107 
6558144 pathfinder 1 1632 29 1.188000 1.619000  0.000082 0.000066 0.000182 0.000380 0.000200 0.000105 
6558144 pathfinder 1 1632 29 1.188000 1.616000  0.000083 0.000071 0.000198 0.000445 0.000216 0.000111 
6558208 pathfinder 1 1632 29 1.188000 1.541000  0.000079 0.000068 0.000187 0.000369 0.000199 0.000105 
6558208 pathfinder 1 1632 29 1.188000 2.236000  0.000073 0.000065 0.000180 0.000351 0.000186 0.000100 
6558208 pathfinder 1 1632 29 1.188000 1.927000  0.000074 0.000066 0.000183 0.000361 0.000195 0.000103 
6558272 pathfinder 1 1632 29 1.188000 1.696000  0.000076 0.000066 0.000182 0.000361 0.000192 0.000102 
6558272 pathfinder 1 1632 29 1.188000 1.928000  0.000078 0.000068 0.000188 0.000405 0.000206 0.000107 
6558272 pathfinder 1 1632 29 1.188000 2.540000  0.000075 0.000066 0.000180 0.000352 0.000192 0.000101 
6558336 pathfinder 1 1632 29 1.188000 1.696000  0.000070 0.000062 0.000172 0.000336 0.000176 0.000095 
6558336 pathfinder 1 1632 29 1.188000 2.386000  0.000072 0.000065 0.000209 0.000768 0.000225 0.000110 
6558400 pathfinder 1 1632 29 1.188000 1.696000  0.000080 0.000063 0.000182 0.000417 0.000200 0.000103 
6558400 pathfinder 1 1632 29 1.188000 1.773000  0.000095 0.000069 0.000186 0.000409 0.000202 0.000103 
6558400 pathfinder 1 1632 29 1.188000 2.544000  0.000094 0.000068 0.000185 0.000408 0.000201 0.000102 
6558464 pathfinder 1 1632 29 1.188000 1.696000  0.000067 0.000060 0.000166 0.000325 0.000170 0.000092 
6558464 pathfinder 1 1632 29 1.188000 2.775000  0.000067 0.000062 0.000172 0.000332 0.000182 0.000096 
6558464 pathfinder 1 1632 29 1.188000 1.696000  0.000072 0.000062 0.000171 0.000340 0.000183 0.000096 
6558528 pathfinder 1 1632 29 1.188000 1.697000  0.000069 0.000062 0.000171 0.000333 0.000180 0.000096 
6558528 pathfinder 1 1632 29 1.188000 2.388000  0.000075 0.000062 0.000172 0.000387 0.000196 0.000100 
6558528 pathfinder 1 1632 29 1.188000 1.696000  0.000076 0.000058 0.000161 0.000470 0.000178 0.000093 
6558592 pathfinder 1 1632 29 1.188000 2.386000  0.000081 0.000063 0.000176 0.000389 0.000191 0.000098 
6558592 pathfinder 1 1632 29 1.188000 1.697000  0.000076 0.000062 0.000173 0.000380 0.000186 0.000096 
6558592 pathfinder 1 1632 29 1.188000 1.696000  0.000072 0.000060 0.000167 0.000351 0.000179 0.000094 
6558656 pathfinder 1 1632 29 1.188000 2.618000  0.000068 0.000060 0.000163 0.000324 0.000174 0.000092 
6558656 pathfinder 1 1632 29 1.188000 1.695000  0.000064 0.000056 0.000156 0.000302 0.000162 0.000087 
6558656 pathfinder 1 1632 29 1.188000 2.622000  0.000067 0.000059 0.000161 0.000320 0.000171 0.000090 
6558720 pathfinder 1 1632 29 1.188000 3.160000  0.000071 0.000058 0.000161 0.000347 0.000178 0.000092 
6558720 pathfinder 1 1632 29 1.188000 1.696000  0.000074 0.000060 0.000164 0.000348 0.000177 0.000092 
6558720 pathfinder 1 1632 29 1.188000 2.852000  0.000066 0.000057 0.000158 0.000311 0.000167 0.000088 
6558784 pathfinder 1 1632 29 1.188000 1.696000  0.000063 0.000056 0.000155 0.000348 0.000164 0.000087 
6558784 pathfinder 1 1632 29 1.188000 1.696000  0.000062 0.000057 0.000156 0.000302 0.000166 0.000087 
6558784 pathfinder 1 1632 29 1.188000 1.695000  0.000070 0.000057 0.000155 0.000337 0.000175 0.000090 
6558848 pathfinder 1 1632 29 1.188000 1.695000  0.000073 0.000059 0.000165 0.000364 0.000180 0.000091 
6558848 pathfinder 1 1632 29 1.188000 2.311000  0.000063 0.000056 0.000154 0.000299 0.000163 0.000086 
6558912 pathfinder 1 1632 29 1.188000 1.696000  0.000063 0.000055 0.000151 0.000339 0.000160 0.000084 
6558912 pathfinder 1 1632 29 1.188000 2.463000  0.000062 0.000055 0.000152 0.000295 0.000160 0.000085 
6558912 pathfinder 1 1632 29 1.188000 1.695000  0.000062 0.000055 0.000213 0.000591 0.000200 0.000097 
6558976 pathfinder 1 1632 29 1.188000 1.696000  0.000071 0.000058 0.000157 0.000339 0.000169 0.000088 
6558976 pathfinder 1 1632 29 1.188000 2.695000  0.000081 0.000056 0.000158 0.000369 0.000179 0.000090 
6558976 pathfinder 1 1632 29 1.188000 1.773000  0.000061 0.000053 0.000150 0.000327 0.000154 0.000082 
6559040 pathfinder 1 1632 29 1.188000 1.927000  0.000071 0.000058 0.000157 0.000342 0.000170 0.000088 
6559040 pathfinder 1 1632 29 1.188000 1.695000  0.000062 0.000054 0.000149 0.000310 0.000157 0.000083 
6559040 pathfinder 1 1632 29 1.188000 1.927000  0.000070 0.000056 0.000157 0.000343 0.000170 0.000088 
6559104 pathfinder 1 1632 29 1.188000 2.620000  0.000059 0.000053 0.000148 0.000295 0.000156 0.000083 
6559104 pathfinder 1 1632 29 1.188000 1.696000  0.000061 0.000052 0.000144 0.000319 0.000150 0.000080 
6559104 pathfinder 1 1632 29 1.188000 1.695000  0.000068 0.000056 0.000153 0.000327 0.000167 0.000086 
6559168 pathfinder 1 1632 28 1.188000 1.773000  0.000064 0.000054 0.000149 0.000318 0.000161 0.000084 
6559168 pathfinder 1 1632 28 1.188000 1.696000  0.000069 0.000056 0.000153 0.000341 0.000172 0.000089 
6559168 pathfinder 1 1632 29 1.188000 2.464000  0.000060 0.000078 0.000187 0.000416 0.000221 0.000107 
6559232 pathfinder 1 1632 29 1.188000 1.696000  0.000120 0.000058 0.000152 0.000339 0.000158 0.000082 
6559232 pathfinder 1 1632 29 1.188000 2.388000  0.000069 0.000053 0.000149 0.000321 0.000162 0.000085 
6559232 pathfinder 1 1632 29 1.188000 1.695000  0.000068 0.000053 0.000145 0.000300 0.000155 0.000082 
6559296 pathfinder 1 1632 29 1.188000 1.773000  0.000068 0.000055 0.000150 0.000324 0.000162 0.000083 
6559296 pathfinder 1 1632 29 1.188000 2.544000  0.000058 0.000076 0.000184 0.000407 0.000215 0.000105 
6559360 pathfinder 1 1632 29 1.188000 1.696000  0.000061 0.000051 0.000140 0.000342 0.000147 0.000079 
6559360 pathfinder 1 1632 29 1.188000 1.696000  0.000057 0.000052 0.000142 0.000281 0.000151 0.000079 
6559360 pathfinder 1 1632 29 1.188000 2.082000  0.000063 0.000053 0.000147 0.000320 0.000161 0.000082 
6559424 pathfinder 1 1632 29 1.188000 1.697000  0.000063 0.000052 0.000144 0.000308 0.000155 0.000080 
6559424 pathfinder 1 1632 29 1.188000 2.853000  0.000059 0.000055 0.000188 0.000535 0.000194 0.000106 
6559424 pathfinder 1 1632 29 1.188000 1.696000  0.000055 0.000050 0.000137 0.000304 0.000145 0.000076 
6559488 pathfinder 1 1632 29 1.188000 1.850000  0.000203 0.000060 0.000160 0.000477 0.000172 0.000086 
6559488 pathfinder 1 1632 29 1.188000 1.696000  0.000150 0.000057 0.000283 0.000692 0.000208 0.000136 
6559488 pathfinder 1 1632 29 1.188000 1.696000  0.000061 0.000053 0.000144 0.000310 0.000158 0.000081 
6559552 pathfinder 1 1632 29 1.188000 2.618000  0.000077 0.000051 0.000140 0.000324 0.000159 0.000081 
6559552 pathfinder 1 1632 29 1.188000 1.773000  0.000053 0.000048 0.000133 0.000297 0.000140 0.000074 
6559552 pathfinder 1 1632 29 1.188000 2.542000  0.000060 0.000053 0.000145 0.000314 0.000157 0.000080 
6559616 pathfinder 1 1632 29 1.188000 1.696000  0.000136 0.000060 0.000156 0.000381 0.000164 0.000082 
6559616 pathfinder 1 1632 29 1.188000 1.696000  0.000058 0.000049 0.000137 0.000295 0.000151 0.000078 
6559616 pathfinder 1 1632 29 1.188000 2.464000  0.000060 0.000052 0.000139 0.000305 0.000151 0.000077 
6559680 pathfinder 1 1632 29 1.188000 1.850000  0.000123 0.000053 0.000140 0.000329 0.000140 0.000074 
6559680 pathfinder 1 1632 29 1.188000 1.696000  0.000057 0.000048 0.000137 0.000292 0.000150 0.000078 
6559680 pathfinder 1 1632 29 1.188000 1.619000  0.000060 0.000048 0.000134 0.000297 0.000149 0.000077 
6559744 pathfinder 1 1632 29 1.188000 1.696000  0.000064 0.000050 0.000140 0.000307 0.000150 0.000077 
6559744 pathfinder 1 1632 29 1.188000 2.541000  0.000055 0.000070 0.000169 0.000382 0.000199 0.000097 
6559744 pathfinder 1 1632 29 1.188000 1.695000  0.000055 0.000048 0.000131 0.000257 0.000140 0.000073 
6559808 pathfinder 1 1632 29 1.188000 1.697000  0.000056 0.000048 0.000133 0.000285 0.000146 0.000076 
6559808 pathfinder 1 1632 29 1.188000 1.695000  0.000055 0.000047 0.000130 0.000256 0.000138 0.000073 
6559872 pathfinder 1 1632 29 1.188000 1.694000  0.000052 0.000047 0.000129 0.000250 0.000138 0.000073 
6559872 pathfinder 1 1632 29 1.188000 2.544000  0.000054 0.000046 0.000127 0.000255 0.000136 0.000071 
6559872 pathfinder 1 1632 29 1.188000 1.696000  0.000053 0.000044 0.000122 0.000253 0.000131 0.000070 
6559936 pathfinder 1 1632 29 1.188000 1.695000  0.000061 0.000048 0.000132 0.000287 0.000144 0.000074 
6559936 pathfinder 1 1632 29 1.188000 1.696000  0.000054 0.000046 0.000127 0.000254 0.000135 0.000071 
6559936 pathfinder 1 1632 29 1.188000 1.696000  0.000051 0.000046 0.000126 0.000245 0.000133 0.000071 
6560000 pathfinder 1 1632 29 1.188000 2.387000  0.000052 0.000046 0.000125 0.000245 0.000132 0.000070 
6560000 pathfinder 1 1632 29 1.188000 2.696000  0.000051 0.000043 0.000120 0.000236 0.000124 0.000066 
6560000 pathfinder 1 1632 29 1.188000 2.386000  0.000050 0.000045 0.000123 0.000240 0.000130 0.000069 
6560064 pathfinder 1 1632 29 1.188000 1.695000  0.000056 0.000045 0.000123 0.000251 0.000132 0.000072 
6560064 pathfinder 1 1632 29 1.188000 1.697000  0.000059 0.000046 0.000125 0.000273 0.000137 0.000072 
6560064 pathfinder 1 1632 29 1.188000 2.546000  0.000051 0.000044 0.000121 0.000238 0.000129 0.000068 
6560128 pathfinder 1 1632 29 1.188000 1.696000  0.345685 0.072415 0.152634 0.345810 0.083033 0.035723 
6560128 pathfinder 1 1632 29 1.188000 1.696000  0.000053 0.000046 0.000128 0.000280 0.000139 0.000072 
6560128 pathfinder 1 1632 29 1.188000 2.928000  0.000050 0.000044 0.000120 0.000236 0.000127 0.000067 
6560192 pathfinder 1 1632 29 1.188000 1.773000  0.000049 0.000044 0.000120 0.000235 0.000128 0.000067 
6560192 pathfinder 1 1632 29 1.188000 1.772000  0.000048 0.000043 0.000119 0.000236 0.000127 0.000067 
6560256 pathfinder 1 1632 29 1.188000 1.695000  0.000049 0.000041 0.000114 0.000234 0.000127 0.000066 
6560256 pathfinder 1 1632 29 1.188000 1.696000  0.000057 0.000045 0.000124 0.000282 0.000138 0.000070 
6560256 pathfinder 1 1632 29 1.188000 2.776000  0.000049 0.000043 0.000118 0.000235 0.000126 0.000066 
6560320 pathfinder 1 1632 29 1.188000 1.928000  0.000045 0.000041 0.000113 0.000217 0.000117 0.000063 
6560320 pathfinder 1 1632 29 1.188000 2.542000  0.000048 0.000042 0.000116 0.000231 0.000124 0.000065 
6560320 pathfinder 1 1632 29 1.188000 1.695000  0.000051 0.000042 0.000115 0.000241 0.000123 0.000065 
6560384 pathfinder 1 1632 29 1.188000 2.081000  0.000050 0.000043 0.000121 0.000261 0.000130 0.000067 
6560384 pathfinder 1 1632 29 1.188000 2.541000  0.000049 0.000042 0.000115 0.000226 0.000123 0.000065 
6560384 pathfinder 1 1632 29 1.188000 1.696000  0.000046 0.000040 0.000119 0.000274 0.000125 0.000064 
6560448 pathfinder 1 1632 29 1.188000 2.385000  0.000045 0.000041 0.000113 0.000220 0.000120 0.000063 
6560448 pathfinder 1 1632 29 1.188000 1.696000  0.000060 0.000045 0.000122 0.000277 0.000132 0.000067 
6560448 pathfinder 1 1632 29 1.188000 1.696000  0.000058 0.000043 0.000119 0.000264 0.000130 0.000066 
6560512 pathfinder 1 1632 29 1.188000 2.466000  0.079980 0.344729 0.093038 0.344909 0.000015 0.005066 
6560512 pathfinder 1 1632 29 1.188000 1.696000  0.368882 0.076345 0.160857 0.369008 0.087818 0.037784 
6560512 pathfinder 1 1632 29 1.188000 1.928000  0.000046 0.000041 0.000112 0.000217 0.000118 0.000063 
6560576 pathfinder 1 1632 29 1.188000 1.696000  0.000048 0.000041 0.000112 0.000229 0.000120 0.000063 
6560576 pathfinder 1 1632 29 1.188000 1.693000  0.000053 0.000042 0.000115 0.000250 0.000128 0.000065 
6560640 pathfinder 1 1632 29 1.188000 2.699000  0.000051 0.000041 0.000116 0.000258 0.000127 0.000065 
6560640 pathfinder 1 1632 29 1.188000 2.467000  0.000042 0.000038 0.000106 0.000206 0.000108 0.000059 
6560640 pathfinder 1 1632 29 1.188000 2.389000  0.000053 0.000041 0.000117 0.000255 0.000127 0.000065 
6560704 pathfinder 1 1632 29 1.188000 1.388000  0.000055 0.000041 0.000113 0.000266 0.000128 0.000066 
6560704 pathfinder 1 1632 29 1.188000 2.158000  0.000053 0.000040 0.000111 0.000251 0.000121 0.000062 
6560704 pathfinder 1 1632 29 1.188000 2.002000  0.000057 0.000047 0.000122 0.000316 0.000131 0.000066 
6560768 pathfinder 1 1632 29 1.188000 1.619000  0.000063 0.000038 0.000105 0.000225 0.000107 0.000058 
6560768 pathfinder 1 1632 29 1.188000 2.543000  0.000044 0.000039 0.000107 0.000213 0.000114 0.000060 
6560768 pathfinder 1 1632 29 1.188000 2.159000  0.000047 0.000039 0.000107 0.000216 0.000114 0.000060 
6560832 pathfinder 1 1632 29 1.188000 2.235000  0.000044 0.000039 0.000106 0.000209 0.000112 0.000060 
6560832 pathfinder 1 1632 29 1.188000 0.770000  0.000044 0.000038 0.000105 0.000208 0.000112 0.000059 
6560832 pathfinder 1 1632 28 1.188000 0.694000  0.083734 0.378779 0.098357 0.378926 0.000015 0.005269 
6560896 pathfinder 1 1632 28 1.188000 0.462000  0.000050 0.000041 0.000112 0.000239 0.000126 0.000063 
6560896 pathfinder 1 1632 28 1.188000 0.463000  0.000046 0.000038 0.000105 0.000209 0.000112 0.000059 
6560896 pathfinder 1 1632 28 1.188000 1.309000  0.000044 0.000038 0.000104 0.000206 0.000109 0.000058 
6560960 pathfinder 1 1632 28 1.188000 1.311000  0.000042 0.000038 0.000104 0.000203 0.000110 0.000058 
