#Timestamp	Benchmark	Run(#)	CPU Frequency (MHz)	CPU Temperature(C)	CPU Voltage(V)	CPU Power(W)	CPU_CYCLES	L1_DATA_CACHE_ACCESS	INSTRUCTIONS_RETIRED	BUS_CYCLES	L1I_CACHE_ACCESS	PREDICTABLE_BRANCH_SPECULATIVELY_EXECUTED
6227008 backprop 1 1555 30 1.130000 1.850000  0.000011 0.000008 0.000022 0.000047 0.000027 0.000013 
6227008 backprop 1 1555 29 1.130000 2.311000  0.000036 0.000030 0.000082 0.000169 0.000088 0.000046 
6227072 backprop 1 1555 29 1.130000 1.464000  0.000034 0.000028 0.000079 0.000161 0.000081 0.000044 
6227072 backprop 1 1555 29 1.130000 2.004000  0.000038 0.000030 0.000085 0.000190 0.000093 0.000049 
6227072 backprop 1 1555 29 1.130000 1.464000  0.000034 0.000030 0.000081 0.000167 0.000087 0.000046 
6227136 backprop 1 1555 29 1.130000 1.464000  0.000041 0.000031 0.000085 0.000197 0.000095 0.000049 
6227136 backprop 1 1555 29 1.130000 2.080000  0.000036 0.000030 0.000082 0.000166 0.000086 0.000046 
6227200 backprop 1 1555 29 1.130000 1.464000  0.338852 0.101785 0.238611 0.338912 0.125350 0.056962 
6227200 backprop 1 1555 29 1.130000 2.311000  0.000036 0.000042 0.000146 0.000364 0.000130 0.000066 
6227200 backprop 1 1555 29 1.130000 1.465000  0.000034 0.000030 0.000082 0.000172 0.000091 0.000048 
6227264 backprop 1 1555 28 1.130000 2.158000  0.000121 0.000043 0.000105 0.000254 0.000123 0.000060 
6227264 backprop 1 1555 28 1.130000 2.311000  0.000034 0.000029 0.000081 0.000161 0.000086 0.000045 
6227264 backprop 1 1555 28 1.130000 1.387000  0.000033 0.000028 0.000078 0.000153 0.000081 0.000043 
6227328 backprop 1 1555 28 1.130000 2.080000  0.000037 0.000030 0.000083 0.000183 0.000090 0.000047 
6227328 backprop 1 1555 28 1.130000 1.464000  0.000033 0.000029 0.000080 0.000163 0.000085 0.000045 
6227328 backprop 1 1555 28 1.130000 1.541000  0.000043 0.000031 0.000085 0.000189 0.000092 0.000047 
6227392 backprop 1 1555 28 1.130000 2.233000  0.000036 0.000030 0.000082 0.000185 0.000091 0.000047 
6227392 backprop 1 1555 29 1.130000 1.465000  0.000032 0.000028 0.000077 0.000150 0.000079 0.000043 
6227392 backprop 1 1555 29 1.130000 2.080000  0.000035 0.000030 0.000082 0.000196 0.000090 0.000047 
6227456 backprop 1 1555 29 1.130000 1.388000  0.000034 0.000029 0.000079 0.000161 0.000084 0.000044 
6227456 backprop 1 1555 29 1.130000 1.387000  0.000032 0.000029 0.000102 0.000221 0.000101 0.000058 
6227456 backprop 1 1555 28 1.130000 1.541000  0.000036 0.000029 0.000081 0.000174 0.000086 0.000045 
6227520 backprop 1 1555 28 1.130000 1.387000  0.000030 0.000027 0.000076 0.000147 0.000077 0.000042 
6227520 backprop 1 1555 28 1.130000 2.079000  0.000039 0.000030 0.000083 0.000186 0.000090 0.000046 
6227584 backprop 1 1555 28 1.130000 1.388000  0.000034 0.000029 0.000078 0.000160 0.000084 0.000044 
6227584 backprop 1 1555 28 1.130000 1.388000  0.000032 0.000042 0.000101 0.000216 0.000116 0.000057 
6227584 backprop 1 1555 28 1.130000 2.235000  0.000034 0.000029 0.000078 0.000154 0.000083 0.000044 
6227648 backprop 1 1555 28 1.130000 1.464000  0.000031 0.000027 0.000075 0.000148 0.000076 0.000041 
6227648 backprop 1 1555 28 1.130000 1.618000  0.000036 0.000029 0.000080 0.000175 0.000090 0.000046 
6227648 backprop 1 1555 28 1.130000 1.387000  0.000033 0.000028 0.000077 0.000152 0.000082 0.000043 
6227712 backprop 1 1555 28 1.130000 1.618000  0.000032 0.000028 0.000084 0.000207 0.000094 0.000047 
6227712 backprop 1 1555 28 1.130000 2.312000  0.000035 0.000028 0.000079 0.000173 0.000087 0.000045 
6227712 backprop 1 1555 28 1.130000 1.388000  0.000030 0.000026 0.000074 0.000144 0.000075 0.000041 
6227776 backprop 1 1555 28 1.130000 2.004000  0.000040 0.000029 0.000079 0.000172 0.000087 0.000045 
6227776 backprop 1 1555 28 1.130000 1.388000  0.000032 0.000028 0.000076 0.000151 0.000081 0.000043 
6227776 backprop 1 1555 28 1.130000 1.388000  0.000034 0.000028 0.000079 0.000169 0.000085 0.000044 
6227840 backprop 1 1555 28 1.130000 2.159000  0.000030 0.000027 0.000077 0.000172 0.000087 0.000045 
6227840 backprop 1 1555 28 1.130000 1.619000  0.000031 0.000026 0.000073 0.000145 0.000075 0.000040 
6227840 backprop 1 1555 28 1.130000 2.079000  0.000033 0.000027 0.000076 0.000162 0.000080 0.000042 
6227904 backprop 1 1555 28 1.130000 1.310000  0.000033 0.000027 0.000076 0.000150 0.000080 0.000042 
6227904 backprop 1 1555 28 1.130000 1.465000  0.000037 0.000027 0.000076 0.000163 0.000080 0.000042 
6227904 backprop 1 1555 28 1.130000 1.618000  0.000037 0.000027 0.000076 0.000177 0.000083 0.000044 
6227968 backprop 1 1555 28 1.130000 1.618000  0.000042 0.000028 0.000079 0.000196 0.000086 0.000044 
6227968 backprop 1 1555 28 1.130000 2.619000  0.000038 0.000027 0.000075 0.000166 0.000079 0.000042 
6228032 backprop 1 1555 28 1.130000 1.773000  6.971358 1.966840 4.543447 6.973104 2.399723 1.082134 
6228032 backprop 1 1555 29 1.130000 1.849000  0.000038 0.000028 0.000077 0.000184 0.000084 0.000043 
6228032 backprop 1 1555 29 1.130000 1.618000  0.000007 0.000007 0.000019 0.000040 0.000025 0.000012 
6228096 backprop 1 1555 28 1.130000 1.156000  0.000057 0.000031 0.000088 0.000286 0.000099 0.000050 
6228096 backprop 1 1555 29 1.130000 1.926000  0.000041 0.000032 0.000085 0.000247 0.000097 0.000048 
6228096 backprop 1 1555 29 1.130000 1.695000  0.000032 0.000026 0.000071 0.000151 0.000074 0.000040 
6228160 backprop 1 1555 29 1.130000 2.081000  0.000043 0.000030 0.000080 0.000232 0.000091 0.000045 
6228160 backprop 1 1555 29 1.130000 1.464000  5.811922 1.615629 3.722893 5.812828 1.970166 0.887202 
6228160 backprop 1 1555 29 1.130000 2.079000  0.000042 0.000029 0.000078 0.000183 0.000093 0.000046 
6228224 backprop 1 1555 29 1.130000 1.616000  0.000044 0.000027 0.000073 0.000222 0.000083 0.000043 
6228224 backprop 1 1555 29 1.130000 1.925000  0.000034 0.000027 0.000076 0.000168 0.000084 0.000043 
6228224 backprop 1 1555 29 1.130000 2.001000  0.000031 0.000027 0.000073 0.000145 0.000077 0.000041 
6228288 backprop 1 1555 29 1.130000 1.232000  0.000124 0.000050 0.000143 0.000618 0.000130 0.000060 
6228288 backprop 1 1555 29 1.130000 1.928000  0.000035 0.000026 0.000074 0.000163 0.000082 0.000042 
6228352 backprop 1 1555 29 1.130000 1.618000  0.000034 0.000028 0.000077 0.000170 0.000083 0.000043 
6228352 backprop 1 1555 29 1.130000 1.232000  0.000034 0.000029 0.000079 0.000171 0.000081 0.000042 
6228352 backprop 1 1555 29 1.130000 1.773000  0.000041 0.000028 0.000076 0.000171 0.000082 0.000042 
6228416 backprop 1 1555 28 1.130000 1.386000  0.000146 0.000045 0.000105 0.000260 0.000104 0.000050 
6228416 backprop 1 1555 28 1.130000 1.388000  0.000032 0.000026 0.000092 0.000218 0.000093 0.000047 
6228416 backprop 1 1555 28 1.130000 2.159000  0.000031 0.000026 0.000071 0.000143 0.000075 0.000040 
6228480 backprop 1 1555 28 1.130000 1.388000  0.000029 0.000035 0.000088 0.000211 0.000085 0.000044 
6228480 backprop 1 1555 28 1.130000 1.772000  0.000033 0.000026 0.000072 0.000155 0.000078 0.000041 
6228480 backprop 1 1555 28 1.130000 1.233000  0.000032 0.000026 0.000070 0.000143 0.000075 0.000040 
6228544 backprop 1 1555 28 1.130000 1.231000  0.000034 0.000026 0.000072 0.000161 0.000080 0.000041 
6228544 backprop 1 1555 28 1.130000 1.695000  0.000037 0.000026 0.000074 0.000167 0.000082 0.000042 
6228544 backprop 1 1555 28 1.130000 1.233000  0.000029 0.000024 0.000067 0.000136 0.000069 0.000037 
6228608 backprop 1 1555 28 1.130000 1.850000  0.000009 0.000006 0.000018 0.000039 0.000022 0.000011 
