#Timestamp	Benchmark	Run(#)	CPU Frequency (MHz)	CPU Temperature(C)	CPU Voltage(V)	CPU Power(W)	CPU_CYCLES	L1_DATA_CACHE_ACCESS	INSTRUCTIONS_RETIRED	BUS_CYCLES	L1I_CACHE_ACCESS	PREDICTABLE_BRANCH_SPECULATIVELY_EXECUTED
1302272 gaussian 1 102 24 0.842000 0.308000  0.000047 0.000039 0.000108 0.000422 0.000199 0.000092 
1302336 gaussian 1 102 23 0.842000 0.385000  0.000010 0.000009 0.000026 0.000050 0.000033 0.000016 
1302336 gaussian 1 102 24 0.842000 0.308000  0.000010 0.000009 0.000026 0.000049 0.000033 0.000016 
1302400 gaussian 1 102 24 0.842000 0.308000  0.000044 0.000038 0.000107 0.000238 0.000113 0.000058 
1302400 gaussian 1 102 24 0.842000 0.308000  0.000007 0.000006 0.000018 0.000036 0.000024 0.000011 
1302464 gaussian 1 102 24 0.842000 0.308000  0.000007 0.000006 0.000018 0.000036 0.000024 0.000012 
1302528 gaussian 1 102 24 0.842000 0.231000  0.000037 0.000037 0.000099 0.000196 0.000102 0.000054 
1302592 gaussian 1 102 23 0.842000 0.308000  0.000028 0.000025 0.000079 0.000177 0.000084 0.000041 
1302592 gaussian 1 102 24 0.842000 0.308000  0.000052 0.000037 0.000101 0.000248 0.000116 0.000057 
1302656 gaussian 1 102 23 0.842000 0.308000  0.000051 0.000038 0.000104 0.000222 0.000117 0.000059 
1302720 gaussian 1 102 24 0.842000 0.308000  0.000029 0.000024 0.000068 0.000135 0.000071 0.000038 
1302720 gaussian 1 102 23 0.842000 0.308000  0.022509 0.007225 0.016012 0.022544 0.008822 0.003797 
1302784 gaussian 1 102 23 0.842000 0.231000  0.000034 0.000030 0.000087 0.000184 0.000094 0.000048 
1302848 gaussian 1 102 24 0.842000 0.308000  0.000008 0.000047 0.000031 0.000098 0.000000 0.000006 
1302912 gaussian 1 102 24 0.842000 0.308000  0.000038 0.000036 0.000098 0.000200 0.000101 0.000053 
1302912 gaussian 1 102 23 0.842000 0.308000  0.000309 0.001289 0.000460 0.001389 0.000000 0.000037 
1302976 gaussian 1 102 24 0.842000 0.308000  0.000008 0.000054 0.000034 0.000107 0.000000 0.000006 
1303040 gaussian 1 102 23 0.842000 0.231000  0.000027 0.000024 0.000072 0.000151 0.000074 0.000041 
1303104 gaussian 1 102 24 0.842000 0.308000  0.000008 0.000048 0.000031 0.000099 0.000000 0.000005 
1303104 gaussian 1 102 23 0.842000 0.308000  0.013321 0.003747 0.007853 0.013452 0.004671 0.001921 
1303168 gaussian 1 102 24 0.842000 0.308000  0.000046 0.000626 0.001518 0.001071 0.000634 0.000372 
1303232 gaussian 1 102 23 0.842000 0.385000  0.000038 0.000033 0.000093 0.000188 0.000096 0.000052 
1303296 gaussian 1 102 23 0.842000 0.308000  0.000038 0.000034 0.000093 0.000187 0.000097 0.000053 
1303296 gaussian 1 102 23 0.842000 0.308000  0.000048 0.000035 0.000097 0.000206 0.000265 0.000152 
1303360 gaussian 1 102 23 0.842000 0.308000  0.000009 0.000009 0.000025 0.000048 0.000032 0.000016 
1303360 gaussian 1 102 23 0.842000 0.308000  0.000009 0.000009 0.000025 0.000058 0.000034 0.000016 
1303424 gaussian 1 102 23 0.842000 0.385000  0.000009 0.000009 0.000025 0.000047 0.000031 0.000015 
1303616 gaussian 1 102 23 0.842000 0.385000  0.000032 0.000033 0.000084 0.000203 0.000118 0.000054 
1303680 gaussian 1 102 23 0.842000 0.308000  0.000011 0.000007 0.000020 0.000070 0.000115 0.000051 
1303744 gaussian 1 102 23 0.842000 0.308000  0.000026 0.000024 0.000066 0.000131 0.000069 0.000036 
1303744 gaussian 1 102 23 0.842000 0.308000  0.000032 0.000029 0.000080 0.000171 0.000087 0.000045 
1303808 gaussian 1 102 23 0.842000 0.308000  0.000037 0.000032 0.000091 0.000176 0.000094 0.000050 
1303872 gaussian 1 102 23 0.842000 0.231000  0.000034 0.000045 0.000107 0.000242 0.000134 0.000063 
1303936 gaussian 1 102 23 0.842000 0.308000  0.000405 0.000110 0.000264 0.000736 0.000263 0.000114 
1304000 gaussian 1 102 23 0.842000 0.308000  0.000032 0.000028 0.000079 0.000159 0.000085 0.000046 
1304064 gaussian 1 102 23 0.842000 0.231000  0.000026 0.000023 0.000078 0.000171 0.000079 0.000045 
1304064 gaussian 1 102 23 0.842000 0.308000  0.000037 0.000043 0.000114 0.000203 0.000107 0.000059 
1304128 gaussian 1 102 23 0.842000 0.308000  0.000043 0.000035 0.000097 0.000211 0.000111 0.000057 
1304192 gaussian 1 102 23 0.842000 0.385000  0.000031 0.000028 0.000079 0.000155 0.000082 0.000043 
