#Timestamp	Benchmark	Run(#)	CPU Frequency (MHz)	CPU Temperature(C)	CPU Voltage(V)	CPU Power(W)	CPU_CYCLES	L1_DATA_CACHE_ACCESS	INSTRUCTIONS_RETIRED	BUS_CYCLES	L1I_CACHE_ACCESS	PREDICTABLE_BRANCH_SPECULATIVELY_EXECUTED
5833024 transpose 1 1326 28 1.111000 1.695000  0.000193 0.000192 0.000501 0.001030 0.000498 0.000261 
6000192 transpose 1 1326 28 1.111000 1.695000  0.000006 0.000005 0.000014 0.000030 0.000018 0.000009 
6000192 transpose 1 1326 28 1.111000 1.618000  0.000025 0.000020 0.000055 0.000123 0.000063 0.000032 
6000256 transpose 1 1326 28 1.111000 0.925000  0.000021 0.000019 0.000052 0.000105 0.000053 0.000029 
6000256 transpose 1 1326 28 1.111000 1.695000  0.000024 0.000020 0.000055 0.000120 0.000061 0.000032 
6000320 transpose 1 1326 28 1.111000 1.155000  0.000021 0.000018 0.000052 0.000104 0.000053 0.000029 
6000320 transpose 1 1326 28 1.111000 1.387000  0.000023 0.000020 0.000055 0.000120 0.000058 0.000030 
6000320 transpose 1 1326 28 1.111000 1.156000  0.000024 0.000019 0.000053 0.000112 0.000057 0.000030 
6000384 transpose 1 1326 28 1.111000 1.387000  0.000022 0.000019 0.000053 0.000105 0.000057 0.000030 
6000384 transpose 1 1326 28 1.111000 1.618000  0.000023 0.000020 0.000053 0.000107 0.000057 0.000030 
6000384 transpose 1 1326 28 1.111000 0.925000  0.000022 0.000019 0.000051 0.000102 0.000054 0.000029 
6000448 transpose 1 1326 27 1.111000 1.388000  0.000022 0.000019 0.000053 0.000105 0.000056 0.000030 
6000448 transpose 1 1326 27 1.111000 0.925000  0.000024 0.000018 0.000051 0.000118 0.000053 0.000028 
6000448 transpose 1 1326 28 1.111000 1.309000  0.000030 0.000020 0.000056 0.000131 0.000062 0.000031 
6000512 transpose 1 1326 28 1.111000 1.772000  0.000031 0.000021 0.000057 0.000135 0.000063 0.000032 
6000512 transpose 1 1326 28 1.111000 0.925000  0.000026 0.000022 0.000059 0.000152 0.000065 0.000033 
6000512 transpose 1 1326 28 1.111000 1.541000  0.000024 0.000020 0.000054 0.000121 0.000060 0.000031 
6000576 transpose 1 1326 28 1.111000 0.925000  0.000029 0.000019 0.000053 0.000116 0.000054 0.000029 
6000576 transpose 1 1326 28 1.111000 1.387000  0.000027 0.000020 0.000055 0.000128 0.000061 0.000031 
6000576 transpose 1 1326 28 1.111000 0.692000  0.000021 0.000018 0.000050 0.000101 0.000051 0.000028 
6000640 transpose 1 1326 28 1.111000 1.539000  0.000028 0.000021 0.000056 0.000127 0.000062 0.000032 
6000640 transpose 1 1326 28 1.111000 0.615000  0.000029 0.000020 0.000055 0.000144 0.000065 0.000032 
6000704 transpose 1 1326 28 1.111000 0.692000  0.000024 0.000019 0.000053 0.000122 0.000058 0.000030 
6000704 transpose 1 1326 28 1.111000 0.692000  0.000024 0.000020 0.000054 0.000117 0.000058 0.000030 
6000704 transpose 1 1326 28 1.111000 1.308000  0.000022 0.000019 0.000052 0.000104 0.000055 0.000029 
6000768 transpose 1 1326 29 1.111000 1.154000  0.000023 0.000019 0.000052 0.000106 0.000055 0.000029 
6000768 transpose 1 1326 29 1.111000 0.692000  0.000029 0.000019 0.000054 0.000122 0.000058 0.000030 
6000768 transpose 1 1326 29 1.111000 0.615000  0.000026 0.000019 0.000052 0.000121 0.000055 0.000029 
6000832 transpose 1 1326 29 1.111000 0.692000  0.000027 0.000020 0.000055 0.000153 0.000058 0.000030 
6000832 transpose 1 1326 29 1.111000 1.542000  0.000024 0.000020 0.000055 0.000123 0.000058 0.000031 
6000832 transpose 1 1326 28 1.111000 1.465000  0.000029 0.000018 0.000051 0.000126 0.000054 0.000028 
6000896 transpose 1 1326 28 1.111000 1.695000  0.000160 0.000111 0.000303 0.000781 0.000298 0.000142 
6000896 transpose 1 1326 28 1.111000 2.081000  0.000054 0.000022 0.000058 0.000163 0.000064 0.000033 
6000896 transpose 1 1326 28 1.111000 1.311000  0.000020 0.000018 0.000049 0.000099 0.000050 0.000027 
6000960 transpose 1 1326 28 1.111000 1.695000  0.000023 0.000018 0.000052 0.000116 0.000062 0.000031 
6000960 transpose 1 1326 28 1.111000 1.310000  0.000022 0.000018 0.000049 0.000103 0.000050 0.000027 
6001024 transpose 1 1326 28 1.111000 1.310000  0.000022 0.000018 0.000051 0.000101 0.000053 0.000028 
6001024 transpose 1 1326 28 1.111000 0.615000  0.000022 0.000017 0.000048 0.000098 0.000050 0.000027 
6001024 transpose 1 1326 28 1.111000 1.000000  0.000021 0.000018 0.000050 0.000100 0.000053 0.000028 
6001088 transpose 1 1326 29 1.111000 1.154000  0.000022 0.000017 0.000048 0.000101 0.000050 0.000027 
6001088 transpose 1 1326 29 1.111000 1.153000  0.000022 0.000018 0.000051 0.000118 0.000057 0.000030 
6001088 transpose 1 1326 29 1.111000 1.308000  0.000021 0.000021 0.000055 0.000125 0.000056 0.000029 
6001152 transpose 1 1326 29 1.111000 1.000000  0.000022 0.000018 0.000052 0.000114 0.000057 0.000029 
6001152 transpose 1 1326 29 1.111000 1.385000  0.000021 0.000018 0.000050 0.000116 0.000057 0.000029 
6001152 transpose 1 1326 29 1.111000 0.615000  0.000141 0.000107 0.001209 0.001329 0.000555 0.000299 
6001216 transpose 1 1326 29 1.111000 0.692000  0.000023 0.000018 0.000050 0.000132 0.000055 0.000029 
6001216 transpose 1 1326 29 1.111000 1.464000  1.174317 0.231629 0.476751 1.174468 0.253536 0.108533 
6001280 transpose 1 1326 29 1.111000 1.695000  0.000022 0.000018 0.000050 0.000104 0.000052 0.000028 
6001280 transpose 1 1326 28 1.111000 1.311000  0.000022 0.000018 0.000049 0.000105 0.000053 0.000028 
6001280 transpose 1 1326 28 1.111000 1.233000  0.000020 0.000017 0.000047 0.000097 0.000049 0.000026 
6001344 transpose 1 1326 28 1.111000 1.927000  0.000023 0.000018 0.000049 0.000105 0.000053 0.000028 
6001344 transpose 1 1326 28 1.111000 1.310000  0.000020 0.000018 0.000048 0.000105 0.000050 0.000026 
6001344 transpose 1 1326 28 1.111000 1.693000  0.000023 0.000018 0.000051 0.000121 0.000058 0.000030 
6001408 transpose 1 1326 28 1.111000 1.540000  0.000020 0.000018 0.000049 0.000105 0.000053 0.000028 
6001408 transpose 1 1326 28 1.111000 1.077000  0.000028 0.000018 0.000050 0.000113 0.000056 0.000029 
6001408 transpose 1 1326 28 1.111000 1.077000  0.000028 0.000019 0.000050 0.000114 0.000054 0.000028 
6001472 transpose 1 1326 28 1.111000 1.000000  0.000025 0.000019 0.000053 0.000119 0.000058 0.000029 
6001472 transpose 1 1326 28 1.111000 1.385000  0.000025 0.000018 0.000052 0.000124 0.000058 0.000030 
6001536 transpose 1 1326 29 1.111000 0.615000  0.000022 0.000018 0.000051 0.000107 0.000055 0.000029 
6001536 transpose 1 1326 29 1.111000 1.308000  0.000022 0.000018 0.000050 0.000111 0.000055 0.000028 
6001536 transpose 1 1326 29 1.111000 0.769000  0.000023 0.000019 0.000053 0.000111 0.000055 0.000028 
6001600 transpose 1 1326 29 1.111000 1.231000  0.000020 0.000020 0.000053 0.000129 0.000057 0.000029 
6001600 transpose 1 1326 29 1.111000 0.616000  0.000019 0.000019 0.000050 0.000117 0.000051 0.000027 
6001600 transpose 1 1326 29 1.111000 1.309000  0.000070 0.000026 0.000062 0.000144 0.000076 0.000036 
6001664 transpose 1 1326 29 1.111000 0.692000  0.000020 0.000017 0.000047 0.000092 0.000049 0.000026 
6001664 transpose 1 1326 29 1.111000 1.077000  0.000020 0.000018 0.000048 0.000095 0.000052 0.000027 
6001664 transpose 1 1326 29 1.111000 0.846000  0.000019 0.000016 0.000046 0.000090 0.000047 0.000031 
6001728 transpose 1 1326 29 1.111000 0.846000  0.000019 0.000017 0.000048 0.000093 0.000050 0.000027 
6001728 transpose 1 1326 29 1.111000 0.616000  0.000019 0.000017 0.000046 0.000089 0.000047 0.000026 
6001728 transpose 1 1326 29 1.111000 1.231000  0.000020 0.000017 0.000048 0.000094 0.000051 0.000027 
6001792 transpose 1 1326 29 1.111000 0.615000  0.000020 0.000085 0.000189 0.000392 0.000123 0.000054 
6001792 transpose 1 1326 29 1.111000 1.154000  0.000022 0.000017 0.000049 0.000107 0.000053 0.000027 
6001856 transpose 1 1326 29 1.111000 0.615000  0.000023 0.000017 0.000048 0.000148 0.000058 0.000029 
6001856 transpose 1 1326 29 1.111000 0.615000  0.000023 0.000018 0.000050 0.000107 0.000054 0.000028 
6001856 transpose 1 1326 29 1.111000 1.077000  0.000022 0.000017 0.000047 0.000133 0.000053 0.000028 
6001920 transpose 1 1326 29 1.111000 1.311000  0.000023 0.000018 0.000050 0.000113 0.000054 0.000028 
6001920 transpose 1 1326 29 1.111000 2.004000  0.000025 0.000019 0.000051 0.000131 0.000057 0.000029 
6001920 transpose 1 1326 29 1.111000 1.311000  0.000019 0.000019 0.000050 0.000128 0.000050 0.000028 
6001984 transpose 1 1326 29 1.111000 1.773000  0.000023 0.000018 0.000054 0.000177 0.000058 0.000029 
6001984 transpose 1 1326 29 1.111000 1.310000  0.000021 0.000017 0.000047 0.000101 0.000050 0.000026 
6001984 transpose 1 1326 29 1.111000 1.310000  0.000021 0.000017 0.000047 0.000100 0.000050 0.000026 
6002048 transpose 1 1326 29 1.111000 1.772000  0.000021 0.000017 0.000047 0.000098 0.000050 0.000026 
6002048 transpose 1 1326 29 1.111000 1.388000  0.000020 0.000016 0.000045 0.000093 0.000047 0.000025 
6002048 transpose 1 1326 29 1.111000 1.077000  0.000021 0.000017 0.000046 0.000096 0.000050 0.000026 
6002112 transpose 1 1326 29 1.111000 0.692000  0.000020 0.000016 0.000045 0.000092 0.000046 0.000025 
6002112 transpose 1 1326 29 1.111000 1.154000  0.000021 0.000019 0.000054 0.000182 0.000061 0.000029 
6002176 transpose 1 1326 29 1.111000 0.615000  0.000019 0.000016 0.000045 0.000090 0.000046 0.000025 
6002176 transpose 1 1326 29 1.111000 1.385000  0.000021 0.000017 0.000046 0.000097 0.000049 0.000026 
6002176 transpose 1 1326 29 1.111000 0.615000  0.000020 0.000016 0.000061 0.000176 0.000062 0.000031 
6002240 transpose 1 1326 29 1.111000 1.308000  0.000021 0.000017 0.000046 0.000094 0.000049 0.000026 
6002240 transpose 1 1326 29 1.111000 0.692000  -31.518160 28.888855 -42.931499 -31.512268 22.413490 9.622482 
6002240 transpose 1 1326 29 1.111000 1.154000  0.000018 0.000017 0.000046 0.000092 0.000049 0.000026 
6002304 transpose 1 1326 29 1.111000 1.385000  0.000021 0.000016 0.000044 0.000092 0.000046 0.000025 
6002304 transpose 1 1326 29 1.111000 0.923000  0.000023 0.000018 0.000049 0.000117 0.000055 0.000028 
6002304 transpose 1 1326 29 1.111000 0.692000  0.000020 0.000016 0.000044 0.000096 0.000045 0.000029 
6002368 transpose 1 1326 29 1.111000 1.000000  0.000025 0.000018 0.000048 0.000111 0.000053 0.000027 
6002368 transpose 1 1326 30 1.111000 1.311000  0.000022 0.000017 0.000047 0.000109 0.000052 0.000027 
6002368 transpose 1 1326 30 1.111000 1.311000  0.000021 0.000016 0.000047 0.000112 0.000053 0.000027 
6002432 transpose 1 1326 29 1.111000 1.772000  0.000024 0.000017 0.000047 0.000111 0.000053 0.000027 
6002432 transpose 1 1326 29 1.111000 1.311000  0.000019 0.000016 0.000044 0.000090 0.000045 0.000024 
6002496 transpose 1 1326 29 1.111000 1.695000  0.000024 0.000017 0.000047 0.000107 0.000051 0.000027 
6002496 transpose 1 1326 29 1.111000 1.310000  0.000025 0.000018 0.000047 0.000111 0.000053 0.000027 
6002496 transpose 1 1326 29 1.111000 1.233000  0.000022 0.000018 0.000049 0.000114 0.000052 0.000027 
6002560 transpose 1 1326 29 1.111000 1.696000  0.000020 0.000017 0.000047 0.000122 0.000051 0.000026 
6002560 transpose 1 1326 29 1.111000 0.615000  0.000018 0.000016 0.000043 0.000088 0.000044 0.000024 
6002560 transpose 1 1326 29 1.111000 1.231000  0.000020 0.000016 0.000045 0.000096 0.000048 0.000025 
6002624 transpose 1 1326 29 1.111000 0.692000  0.000020 0.000016 0.000043 0.000087 0.000045 0.000024 
6002624 transpose 1 1326 29 1.111000 0.923000  0.000021 0.000016 0.000046 0.000104 0.000050 0.000026 
6002624 transpose 1 1326 29 1.111000 0.615000  0.000019 0.000015 0.000043 0.000116 0.000048 0.000025 
6002688 transpose 1 1326 29 1.111000 1.154000  0.000026 0.000017 0.000045 0.000102 0.000049 0.000026 
6002688 transpose 1 1326 29 1.111000 0.769000  0.000020 0.000015 0.000043 0.000090 0.000044 0.000024 
6002688 transpose 1 1326 29 1.111000 1.077000  0.000020 0.000016 0.000046 0.000110 0.000051 0.000026 
6002752 transpose 1 1326 29 1.111000 1.000000  0.000028 0.000017 0.000047 0.000113 0.000047 0.000025 
6002752 transpose 1 1326 29 1.111000 1.154000  0.000021 0.000017 0.000047 0.000108 0.000049 0.000026 
6002816 transpose 1 1326 29 1.111000 0.615000  0.000018 0.000015 0.000043 0.000086 0.000044 0.000024 
6002816 transpose 1 1326 29 1.111000 1.077000  0.000163 0.000099 0.000269 0.000663 0.000306 0.000158 
6002816 transpose 1 1326 29 1.111000 0.615000  0.000020 0.000016 0.000044 0.000095 0.000047 0.000025 
6002880 transpose 1 1326 29 1.111000 1.311000  0.000020 0.000016 0.000044 0.000095 0.000046 0.000025 
6002880 transpose 1 1326 29 1.111000 1.387000  0.000021 0.000016 0.000046 0.000106 0.000051 0.000026 
6002880 transpose 1 1326 29 1.111000 1.464000  0.000024 0.000016 0.000044 0.000108 0.000045 0.000024 
6002944 transpose 1 1326 29 1.111000 1.464000  0.000021 0.000016 0.000046 0.000107 0.000051 0.000026 
6002944 transpose 1 1326 29 1.111000 1.311000  0.000018 0.000016 0.000044 0.000106 0.000050 0.000026 
6002944 transpose 1 1326 29 1.111000 1.311000  0.000021 0.000016 0.000046 0.000103 0.000049 0.000026 
6003008 transpose 1 1326 29 1.111000 1.927000  0.000019 0.000016 0.000044 0.000103 0.000049 0.000026 
6003008 transpose 1 1326 28 1.111000 1.233000  0.000019 0.000016 0.000043 0.000097 0.000044 0.000024 
6003072 transpose 1 1326 28 1.111000 0.846000  0.000022 0.000016 0.000044 0.000106 0.000048 0.000025 
6003072 transpose 1 1326 29 1.111000 0.615000  0.000020 0.000015 0.000042 0.000099 0.000045 0.000024 
6003072 transpose 1 1326 29 1.111000 0.923000  0.000020 0.000023 0.000057 0.000141 0.000066 0.000032 
6003136 transpose 1 1326 29 1.111000 0.615000  -0.694603 0.217423 0.449489 -0.694495 0.241129 0.103233 
6003136 transpose 1 1326 29 1.111000 0.923000  0.000024 0.000017 0.000048 0.000108 0.000051 0.000026 
6003136 transpose 1 1326 29 1.111000 0.692000  0.000019 0.000015 0.000042 0.000089 0.000044 0.000023 
6003200 transpose 1 1326 29 1.111000 1.077000  0.000021 0.000016 0.000046 0.000104 0.000051 0.000026 
6003200 transpose 1 1326 29 1.111000 0.615000  0.000023 0.000017 0.000048 0.000123 0.000052 0.000026 
6003200 transpose 1 1326 29 1.111000 1.154000  0.000021 0.000016 0.000045 0.000102 0.000049 0.000026 
6003264 transpose 1 1326 29 1.111000 0.615000  0.000024 0.000017 0.000047 0.000109 0.000053 0.000027 
6003264 transpose 1 1326 29 1.111000 0.615000  0.000022 0.000017 0.000046 0.000105 0.000051 0.000026 
6003264 transpose 1 1326 29 1.111000 1.308000  0.000024 0.000017 0.000045 0.000106 0.000051 0.000026 
6003328 transpose 1 1326 29 1.111000 1.154000  0.000023 0.000016 0.000046 0.000110 0.000052 0.000026 
6003328 transpose 1 1326 29 1.111000 1.772000  0.000020 0.000016 0.000046 0.000103 0.000050 0.000026 
6003392 transpose 1 1326 29 1.111000 1.311000  0.000018 0.000015 0.000041 0.000085 0.000043 0.000023 
6003392 transpose 1 1326 28 1.111000 1.695000  0.000021 0.000016 0.000045 0.000104 0.000050 0.000026 
6003392 transpose 1 1326 28 1.111000 1.311000  0.000023 0.000017 0.000046 0.000109 0.000052 0.000026 
6003456 transpose 1 1326 28 1.111000 1.619000  0.000022 0.000016 0.000044 0.000101 0.000049 0.000025 
6003456 transpose 1 1326 28 1.111000 1.850000  0.000020 0.000016 0.000043 0.000092 0.000046 0.000024 
6003456 transpose 1 1326 28 1.111000 1.619000  0.000019 0.000016 0.000043 0.000090 0.000045 0.000024 
6003520 transpose 1 1326 28 1.111000 1.385000  0.000019 0.000016 0.000043 0.000089 0.000045 0.000024 
6003520 transpose 1 1326 28 1.111000 0.769000  -0.577154 0.217840 0.450733 -0.577041 0.241664 0.103551 
6003520 transpose 1 1326 28 1.111000 1.000000  0.000022 0.000016 0.000045 0.000102 0.000048 0.000025 
6003584 transpose 1 1326 29 1.111000 1.154000  0.000018 0.000015 0.000041 0.000083 0.000042 0.000023 
6003584 transpose 1 1326 29 1.111000 0.923000  0.000019 0.000015 0.000043 0.000085 0.000045 0.000024 
6003584 transpose 1 1326 29 1.111000 0.615000  -0.561298 0.217066 0.448969 -0.561199 0.241005 0.103202 
6003648 transpose 1 1326 29 1.111000 1.077000  0.000020 0.000018 0.000047 0.000114 0.000049 0.000025 
6003648 transpose 1 1326 29 1.111000 0.692000  0.000018 0.000015 0.000041 0.000086 0.000042 0.000023 
6003648 transpose 1 1326 29 1.111000 1.077000  0.000018 0.000015 0.000044 0.000101 0.000049 0.000025 
6003712 transpose 1 1326 29 1.111000 0.615000  0.000019 0.000015 0.000043 0.000091 0.000045 0.000024 
6003712 transpose 1 1326 28 1.111000 1.233000  0.000023 0.000016 0.000045 0.000107 0.000051 0.000026 
6003776 transpose 1 1326 28 1.111000 1.541000  0.000019 0.000016 0.000042 0.000090 0.000045 0.000024 
6003776 transpose 1 1326 28 1.111000 1.310000  0.000018 0.000015 0.000041 0.000084 0.000042 0.000023 
6003776 transpose 1 1326 28 1.111000 1.386000  0.000019 0.000015 0.000042 0.000090 0.000045 0.000024 
6003840 transpose 1 1326 28 1.111000 1.233000  0.000020 0.000015 0.000041 0.000104 0.000044 0.000023 
6003840 transpose 1 1326 28 1.111000 1.311000  0.000019 0.000015 0.000042 0.000089 0.000045 0.000024 
6003840 transpose 1 1326 28 1.111000 1.233000  0.000019 0.000015 0.000042 0.000087 0.000044 0.000023 
6003904 transpose 1 1326 28 1.111000 1.308000  0.000020 0.000015 0.000043 0.000095 0.000048 0.000025 
6003904 transpose 1 1326 28 1.111000 1.077000  0.000017 0.000018 0.000046 0.000124 0.000050 0.000025 
6003904 transpose 1 1326 28 1.111000 0.615000  0.000019 0.000016 0.000042 0.000084 0.000043 0.000023 
6003968 transpose 1 1326 28 1.111000 1.077000  0.000018 0.000015 0.000045 0.000130 0.000051 0.000026 
6003968 transpose 1 1326 28 1.111000 0.692000  0.000017 0.000014 0.000040 0.000079 0.000042 0.000022 
6003968 transpose 1 1326 28 1.111000 1.155000  0.000023 0.000016 0.000044 0.000097 0.000048 0.000025 
6004032 transpose 1 1326 28 1.111000 0.770000  0.000018 0.000014 0.000040 0.000082 0.000042 0.000022 
6004032 transpose 1 1326 29 1.111000 1.539000  0.000036 0.000018 0.000047 0.000111 0.000051 0.000026 
6004032 transpose 1 1326 29 1.111000 0.769000  0.000017 0.000014 0.000040 0.000076 0.000040 0.000022 
6004096 transpose 1 1326 28 1.111000 1.154000  0.000023 0.000016 0.000043 0.000100 0.000048 0.000025 
6004096 transpose 1 1326 28 1.111000 0.692000  0.000017 0.000014 0.000040 0.000079 0.000041 0.000022 
6004160 transpose 1 1326 29 1.111000 1.154000  0.000020 0.000016 0.000047 0.000111 0.000051 0.000025 
6004160 transpose 1 1326 29 1.111000 0.615000  0.000021 0.000016 0.000043 0.000095 0.000048 0.000025 
6004160 transpose 1 1326 29 1.111000 0.615000  0.000021 0.000016 0.000043 0.000096 0.000048 0.000025 
6004224 transpose 1 1326 29 1.111000 1.385000  0.000022 0.000016 0.000044 0.000100 0.000049 0.000025 
6004224 transpose 1 1326 29 1.111000 0.615000  0.000021 0.000016 0.000044 0.000098 0.000064 0.000030 
6004224 transpose 1 1326 29 1.111000 1.539000  0.000019 0.000015 0.000043 0.000094 0.000046 0.000024 
6004288 transpose 1 1326 29 1.111000 0.615000  0.000022 0.000016 0.000042 0.000085 0.000043 0.000023 
6004288 transpose 1 1326 28 1.111000 0.693000  0.000020 0.000015 0.000042 0.000092 0.000046 0.000024 
6004288 transpose 1 1326 28 1.111000 0.616000  0.000016 0.000014 0.000039 0.000075 0.000040 0.000022 
6004352 transpose 1 1326 29 1.111000 1.308000  0.000016 0.000014 0.000041 0.000090 0.000046 0.000024 
6004352 transpose 1 1326 29 1.111000 0.693000  0.000016 0.000014 0.000039 0.000077 0.000040 0.000022 
6004352 transpose 1 1326 29 1.111000 0.692000  0.000017 0.000015 0.000041 0.000080 0.000043 0.000023 
6004416 transpose 1 1326 29 1.111000 0.692000  0.000021 0.000014 0.000039 0.000099 0.000041 0.000022 
6004416 transpose 1 1326 29 1.111000 1.850000  0.000019 0.000015 0.000041 0.000096 0.000046 0.000024 
6004416 transpose 1 1326 28 1.111000 1.311000  0.000017 0.000015 0.000041 0.000085 0.000043 0.000023 
6004480 transpose 1 1326 28 1.111000 1.311000  0.000018 0.000015 0.000041 0.000086 0.000043 0.000023 
6004480 transpose 1 1326 28 1.111000 1.849000  0.000018 0.000015 0.000041 0.000085 0.000043 0.000023 
6004544 transpose 1 1326 28 1.111000 1.387000  0.000017 0.000014 0.000039 0.000081 0.000040 0.000022 
6004544 transpose 1 1326 28 1.111000 1.464000  0.000018 0.000015 0.000040 0.000085 0.000043 0.000023 
6004544 transpose 1 1326 28 1.111000 1.311000  0.000023 0.000014 0.000039 0.000092 0.000042 0.000022 
6004608 transpose 1 1326 28 1.111000 1.694000  0.000017 0.000015 0.000040 0.000079 0.000043 0.000023 
6004608 transpose 1 1326 28 1.111000 1.079000  0.000026 0.000014 0.000039 0.000091 0.000041 0.000022 
