#Timestamp	Benchmark	Run(#)	CPU Frequency (MHz)	CPU Temperature(C)	CPU Voltage(V)	CPU Power(W)	CPU_CYCLES	L1_DATA_CACHE_ACCESS	INSTRUCTIONS_RETIRED	BUS_CYCLES	L1I_CACHE_ACCESS	PREDICTABLE_BRANCH_SPECULATIVELY_EXECUTED
4496064 nbody 1 614 24 0.919000 0.849000  0.000018 0.000015 0.000051 0.000107 0.000059 0.000029 
4496064 nbody 1 614 24 0.919000 0.925000  0.000040 0.000023 0.000057 0.000147 0.000057 0.000027 
4496128 nbody 1 614 24 0.919000 0.692000  0.043614 0.014867 0.035362 0.043652 0.016455 0.007841 
4496128 nbody 1 614 24 0.919000 0.770000  0.000016 0.000014 0.000039 0.000077 0.000041 0.000022 
4496128 nbody 1 614 24 0.919000 0.771000  0.000004 0.000004 0.000010 0.000022 0.000013 0.000006 
4496192 nbody 1 614 24 0.919000 0.925000  0.000018 0.000014 0.000039 0.000084 0.000042 0.000022 
4496192 nbody 1 614 24 0.919000 0.770000  0.000015 0.000013 0.000037 0.000075 0.000039 0.000021 
4496192 nbody 1 614 24 0.919000 0.925000  0.000024 0.000016 0.000047 0.000122 0.000053 0.000026 
4496256 nbody 1 614 24 0.919000 0.925000  0.000004 0.000005 0.000013 0.000041 0.000016 0.000007 
4496256 nbody 1 614 25 0.919000 0.925000  0.000004 0.000004 0.000010 0.000020 0.000013 0.000006 
4496320 nbody 1 614 25 0.919000 0.694000  0.000020 0.000014 0.000039 0.000108 0.000045 0.000023 
4496320 nbody 1 614 25 0.919000 0.845000  0.000004 0.000004 0.000011 0.000023 0.000013 0.000006 
4496320 nbody 1 614 25 0.919000 0.691000  0.000019 0.000014 0.000039 0.000077 0.000040 0.000021 
4496384 nbody 1 614 25 0.919000 0.614000  0.000017 0.000014 0.000039 0.000082 0.000042 0.000022 
4496384 nbody 1 614 25 0.919000 0.537000  0.000018 0.000014 0.000038 0.000076 0.000041 0.000022 
4496448 nbody 1 614 25 0.919000 0.691000  0.000015 0.000014 0.000039 0.000079 0.000042 0.000022 
4496448 nbody 1 614 25 0.919000 0.537000  0.000017 0.000015 0.000147 0.000241 0.000095 0.000042 
4496448 nbody 1 614 25 0.919000 0.691000  0.000021 0.000015 0.000042 0.000094 0.000046 0.000023 
4496512 nbody 1 614 26 0.919000 0.768000  0.000019 0.000014 0.000040 0.000088 0.000044 0.000022 
4496512 nbody 1 614 26 0.919000 0.614000  0.000021 0.000015 0.000047 0.000131 0.000051 0.000025 
4496576 nbody 1 614 26 0.919000 0.768000  0.000021 0.000015 0.000042 0.000094 0.000046 0.000023 
4496576 nbody 1 614 26 0.919000 0.691000  0.000022 0.000016 0.000043 0.000095 0.000046 0.000024 
4496576 nbody 1 614 26 0.919000 0.614000  0.000021 0.000015 0.000041 0.000091 0.000044 0.000022 
4496640 nbody 1 614 26 0.919000 0.614000  0.000017 0.000013 0.000038 0.000080 0.000039 0.000021 
4496640 nbody 1 614 26 0.919000 0.460000  0.000019 0.000014 0.000040 0.000081 0.000043 0.000022 
4496640 nbody 1 614 26 0.919000 0.614000  0.000015 0.000014 0.000037 0.000077 0.000039 0.000021 
4496704 nbody 1 614 26 0.919000 0.692000  0.000020 0.000015 0.000042 0.000096 0.000047 0.000024 
4496704 nbody 1 614 26 0.919000 0.614000  0.000017 0.000013 0.000038 0.000079 0.000039 0.000021 
4496768 nbody 1 614 26 0.919000 0.768000  0.000024 0.000016 0.000044 0.000101 0.000048 0.000024 
4496768 nbody 1 614 26 0.919000 0.537000  0.000017 0.000013 0.000038 0.000078 0.000039 0.000021 
4496768 nbody 1 614 26 0.919000 0.768000  0.000016 0.000014 0.000039 0.000080 0.000042 0.000022 
4496832 nbody 1 614 27 0.919000 0.537000  0.000014 0.000013 0.000038 0.000075 0.000039 0.000021 
4496832 nbody 1 614 27 0.919000 0.691000  0.000015 0.000021 0.000050 0.000127 0.000059 0.000028 
4496896 nbody 1 614 27 0.919000 0.845000  0.000008 0.000007 0.000020 0.000040 0.000025 0.000012 
4496896 nbody 1 614 26 0.919000 0.768000  0.000033 0.000029 0.000080 0.000168 0.000087 0.000045 
4496896 nbody 1 614 26 0.919000 0.461000  0.000030 0.000027 0.000074 0.000142 0.000076 0.000041 
4496960 nbody 1 614 27 0.919000 0.692000  0.000033 0.000030 0.000081 0.000168 0.000087 0.000045 
4496960 nbody 1 614 26 0.919000 0.614000  0.001794 0.001631 0.004490 0.009673 0.004975 0.002567 
4496960 nbody 1 614 26 0.919000 0.691000  0.002151 0.001434 0.003967 0.008866 0.004349 0.002212 
4497024 nbody 1 614 27 0.919000 0.768000  0.001305 0.001208 0.003328 0.006767 0.003475 0.001856 
4497024 nbody 1 614 27 0.919000 0.460000  0.001534 0.001129 0.003148 0.007043 0.003467 0.001748 
4497088 nbody 1 614 27 0.919000 0.845000  0.000031 0.000028 0.000077 0.000154 0.000082 0.000043 
4497088 nbody 1 614 27 0.919000 0.691000  0.013534 0.011519 0.024827 0.024600 0.011953 0.006281 
4497152 nbody 1 614 27 0.919000 0.538000  0.002980 0.001247 0.003093 0.006590 0.002814 0.001574 
4497152 nbody 1 614 27 0.919000 0.537000  0.000689 0.000634 0.001743 0.003575 0.001867 0.000976 
4497152 nbody 1 614 27 0.919000 0.691000  0.000677 0.000666 0.001769 0.003846 0.001903 0.000958 
4497216 nbody 1 614 27 0.919000 0.537000  0.000639 0.000589 0.001601 0.003249 0.001703 0.000901 
4497216 nbody 1 614 27 0.919000 0.768000  0.000681 0.000517 0.001449 0.002892 0.001544 0.001351 
4497280 nbody 1 614 27 0.919000 0.691000  0.000754 0.000556 0.001545 0.003453 0.001672 0.000850 
4497280 nbody 1 614 27 0.919000 0.845000  0.000545 0.000507 0.001409 0.002919 0.001503 0.000780 
4497280 nbody 1 614 27 0.919000 0.614000  0.000520 0.000493 0.001340 0.002721 0.001447 0.000755 
4497344 nbody 1 614 27 0.919000 0.768000  0.000506 0.000466 0.001255 0.002587 0.001373 0.000723 
4497344 nbody 1 614 27 0.919000 0.537000  0.000548 0.000459 0.001244 0.002557 0.001320 0.000695 
4497408 nbody 1 614 27 0.919000 0.537000  0.000505 0.000437 0.001173 0.002629 0.001321 0.000671 
4497408 nbody 1 614 27 0.919000 0.460000  0.000420 0.000392 0.001081 0.002195 0.001132 0.000604 
4497408 nbody 1 614 27 0.919000 0.691000  0.001558 0.000680 0.001712 0.004158 0.001596 0.000901 
4497472 nbody 1 614 28 0.919000 0.691000  0.000379 0.000361 0.000999 0.002058 0.001048 0.000556 
4497472 nbody 1 614 28 0.919000 0.692000  0.000397 0.000371 0.001030 0.002075 0.001100 0.000570 
4497536 nbody 1 614 27 0.919000 0.537000  0.000377 0.000346 0.000973 0.001964 0.001021 0.000533 
4497536 nbody 1 614 27 0.919000 0.691000  0.000382 0.000350 0.000948 0.001947 0.001020 0.000530 
4497536 nbody 1 614 28 0.919000 0.537000  0.000340 0.000323 0.000893 0.001836 0.000937 0.000498 
4497600 nbody 1 614 28 0.919000 0.845000  0.000439 0.000340 0.000933 0.001908 0.001007 0.000516 
4497600 nbody 1 614 28 0.919000 0.537000  0.000346 0.000314 0.000865 0.001780 0.000913 0.000484 
4497600 nbody 1 614 28 0.919000 0.538000  0.000436 0.000324 0.000898 0.001892 0.001243 0.000717 
4497664 nbody 1 614 28 0.919000 0.538000  0.000323 0.000302 0.000831 0.001669 0.000867 0.000466 
4497664 nbody 1 614 28 0.919000 0.614000  0.000483 0.000347 0.000937 0.002127 0.001037 0.000519 
4497728 nbody 1 614 28 0.919000 0.538000  0.000311 0.000283 0.000806 0.001611 0.000859 0.000453 
4497728 nbody 1 614 28 0.919000 0.537000  0.000391 0.000302 0.000840 0.002323 0.001109 0.000544 
4497728 nbody 1 614 28 0.919000 0.537000  0.000315 0.000283 0.000772 0.001577 0.001560 0.000706 
4497792 nbody 1 614 28 0.919000 0.845000  0.000300 0.000280 0.000765 0.001562 0.000828 0.000431 
4497792 nbody 1 614 28 0.919000 0.845000  0.000349 0.000274 0.000760 0.001562 0.000809 0.000420 
4497856 nbody 1 614 28 0.919000 0.538000  0.000291 0.000269 0.000734 0.001507 0.000781 0.000412 
4497856 nbody 1 614 28 0.919000 0.768000  0.000339 0.000262 0.000729 0.001499 0.000776 0.000406 
4497856 nbody 1 614 28 0.919000 0.537000  0.000380 0.000278 0.000762 0.001738 0.000844 0.000430 
4497920 nbody 1 614 28 0.919000 0.845000  0.000319 0.000254 0.000709 0.001437 0.000747 0.000393 
4497920 nbody 1 614 28 0.919000 0.537000  0.000257 0.000239 0.000660 0.001341 0.000700 0.000368 
4497920 nbody 1 614 28 0.919000 0.537000  0.000290 0.000255 0.001094 0.002281 0.000928 0.000545 
4497984 nbody 1 614 28 0.919000 0.537000  0.000300 0.000233 0.000656 0.001329 0.000679 0.000362 
4497984 nbody 1 614 28 0.919000 0.691000  0.000317 0.000240 0.000648 0.001312 0.000690 0.000361 
4498048 nbody 1 614 28 0.919000 0.537000  0.000245 0.000224 0.000628 0.001268 0.000653 0.000344 
4498048 nbody 1 614 28 0.919000 0.461000  0.000253 0.000232 0.000645 0.001310 0.000690 0.000357 
4498048 nbody 1 614 28 0.919000 0.538000  0.000652 0.000267 0.000685 0.001653 0.000720 0.000359 
4498112 nbody 1 614 28 0.919000 0.692000  0.000304 0.000251 0.000659 0.001523 0.000730 0.000369 
4498112 nbody 1 614 28 0.919000 0.691000  0.000275 0.000210 0.000593 0.001195 0.000612 0.000327 
4498112 nbody 1 614 28 0.919000 0.615000  0.000292 0.000220 0.000611 0.001250 0.000649 0.000340 
4498176 nbody 1 614 28 0.919000 0.845000  0.000228 0.000206 0.000567 0.001159 0.000597 0.000317 
4498176 nbody 1 614 28 0.919000 0.461000  0.102288 0.027351 0.057940 0.102400 0.032018 0.013768 
4498240 nbody 1 614 28 0.919000 0.614000  0.000258 0.000204 0.000572 0.001136 0.000596 0.000315 
4498240 nbody 1 614 28 0.919000 0.614000  0.000237 0.000210 0.000580 0.001215 0.000640 0.000321 
4498240 nbody 1 614 28 0.919000 0.460000  0.000217 0.000196 0.000541 0.001112 0.000565 0.000302 
4498304 nbody 1 614 28 0.919000 0.692000  0.000261 0.000205 0.000567 0.001135 0.000602 0.000315 
4498304 nbody 1 614 28 0.919000 0.537000  0.000209 0.000193 0.000530 0.001074 0.000554 0.000297 
4498368 nbody 1 614 28 0.919000 0.692000  0.000267 0.000199 0.000549 0.001133 0.000582 0.000307 
4498368 nbody 1 614 28 0.919000 0.537000  0.000241 0.000185 0.000565 0.001197 0.000572 0.000297 
4498368 nbody 1 614 28 0.919000 0.537000  0.000207 0.000193 0.000528 0.001122 0.000572 0.000300 
4498432 nbody 1 614 28 0.919000 0.538000  0.000239 0.000184 0.000512 0.001015 0.000529 0.000281 
4498432 nbody 1 614 28 0.919000 0.691000  0.000259 0.000196 0.000555 0.001239 0.000618 0.000308 
4498432 nbody 1 614 28 0.919000 0.537000  0.000228 0.000176 0.000494 0.000986 0.000512 0.000271 
4498496 nbody 1 614 28 0.919000 0.768000  0.000201 0.000184 0.000498 0.001023 0.000531 0.000280 
4498496 nbody 1 614 28 0.919000 0.537000  0.000188 0.000308 0.000931 0.001867 0.000747 0.000376 
4498560 nbody 1 614 28 0.919000 0.691000  0.000194 0.000179 0.000487 0.001001 0.000532 0.000299 
4498560 nbody 1 614 28 0.919000 0.845000  0.000190 0.000168 0.000464 0.000956 0.000483 0.000259 
4498560 nbody 1 614 28 0.919000 0.691000  0.000026 0.000024 0.000072 0.000162 0.000078 0.000040 
4498624 nbody 1 614 28 0.919000 0.768000  0.000026 0.000023 0.000064 0.000124 0.000066 0.000036 
4498624 nbody 1 614 28 0.919000 0.691000  0.000184 0.000247 0.000588 0.001311 0.000715 0.000372 
4498688 nbody 1 614 28 0.919000 0.615000  0.000210 0.000162 0.000450 0.000922 0.000478 0.000250 
4498688 nbody 1 614 28 0.919000 0.537000  0.000170 0.000161 0.000446 0.000899 0.000474 0.000247 
4498688 nbody 1 614 28 0.919000 0.768000  0.000172 0.000158 0.000438 0.000901 0.000466 0.000243 
4498752 nbody 1 614 28 0.919000 0.461000  0.000163 0.000170 0.000463 0.001069 0.000521 0.000259 
4498752 nbody 1 614 28 0.919000 0.614000  0.000027 0.000024 0.000066 0.000125 0.000070 0.000037 
4498752 nbody 1 614 28 0.919000 0.537000  0.000220 0.000149 0.000409 0.001591 0.000707 0.000320 
4498816 nbody 1 614 28 0.919000 0.768000  0.000169 0.000162 0.000436 0.001035 0.000469 0.000238 
4498816 nbody 1 614 28 0.919000 0.614000  0.000190 0.000141 0.000396 0.000826 0.000411 0.000218 
4498880 nbody 1 614 28 0.919000 0.691000  0.000177 0.000144 0.000391 0.001292 0.000541 0.000317 
4498880 nbody 1 614 28 0.919000 0.538000  0.000182 0.000138 0.000390 0.000786 0.000401 0.000214 
4498880 nbody 1 614 28 0.919000 0.614000  0.000161 0.000146 0.000402 0.000821 0.000432 0.000222 
4498944 nbody 1 614 28 0.919000 0.537000  0.000177 0.000136 0.000382 0.000772 0.000391 0.000209 
4498944 nbody 1 614 28 0.919000 0.768000  0.000158 0.000207 0.000505 0.001277 0.000594 0.000319 
4499008 nbody 1 614 28 0.919000 0.537000  0.000178 0.000134 0.000376 0.000769 0.000392 0.000206 
4499008 nbody 1 614 28 0.919000 0.537000  0.000177 0.000140 0.000386 0.000781 0.000414 0.000213 
4499008 nbody 1 614 28 0.919000 0.537000  0.000178 0.000139 0.000377 0.000807 0.000391 0.000206 
4499072 nbody 1 614 28 0.919000 0.691000  0.000201 0.000145 0.000421 0.000986 0.000457 0.000229 
4499072 nbody 1 614 28 0.919000 0.538000  0.000142 0.000130 0.000356 0.000745 0.000394 0.000206 
4499072 nbody 1 614 28 0.919000 0.692000  0.000170 0.000148 0.000413 0.000975 0.000464 0.000230 
4499136 nbody 1 614 28 0.919000 0.845000  0.000192 0.000142 0.000380 0.000834 0.000384 0.000203 
4499136 nbody 1 614 28 0.919000 0.460000  0.000189 0.000141 0.000389 0.000856 0.000428 0.000219 
4499200 nbody 1 614 28 0.919000 0.768000  0.000165 0.000124 0.000351 0.000768 0.000383 0.000205 
4499200 nbody 1 614 28 0.919000 0.537000  0.000141 0.000194 0.000463 0.001026 0.000554 0.000296 
4499200 nbody 1 614 28 0.919000 0.768000  0.048338 0.014291 0.030598 0.048436 0.016465 0.007062 
4499264 nbody 1 614 28 0.919000 0.537000  0.000155 0.000123 0.000343 0.000681 0.000359 0.000189 
4499264 nbody 1 614 28 0.919000 0.768000  0.000026 0.000023 0.000062 0.000125 0.000067 0.000035 
4499328 nbody 1 614 28 0.919000 0.461000  0.000127 0.000117 0.000329 0.000665 0.000341 0.000180 
4499328 nbody 1 614 28 0.919000 0.692000  0.000157 0.000122 0.000338 0.000698 0.000359 0.000188 
4499328 nbody 1 614 28 0.919000 0.460000  0.000170 0.000126 0.000344 0.000691 0.000364 0.000190 
4499392 nbody 1 614 28 0.919000 0.845000  0.001048 0.000254 0.000594 0.001693 0.000551 0.000259 
4499392 nbody 1 614 28 0.919000 0.768000  0.000126 0.000119 0.000324 0.000663 0.000351 0.000182 
4499456 nbody 1 614 28 0.919000 0.768000  0.000157 0.000117 0.000325 0.000699 0.000345 0.000181 
4499456 nbody 1 614 28 0.919000 0.614000  0.000155 0.000122 0.000336 0.000735 0.000370 0.000190 
4499456 nbody 1 614 28 0.919000 0.692000  0.000494 0.000199 0.000505 0.001034 0.000423 0.000250 
4499520 nbody 1 614 28 0.919000 0.691000  0.000115 0.000108 0.000305 0.000611 0.000311 0.000166 
4499520 nbody 1 614 29 0.919000 0.538000  0.000152 0.000116 0.000326 0.000733 0.000379 0.000190 
4499584 nbody 1 614 29 0.919000 0.614000  0.000118 0.000107 0.000295 0.000610 0.000307 0.000165 
4499584 nbody 1 614 28 0.919000 0.691000  0.000143 0.000113 0.000311 0.000862 0.000407 0.000201 
4499584 nbody 1 614 28 0.919000 0.460000  0.000117 0.000106 0.000292 0.000603 0.000306 0.000163 
4499648 nbody 1 614 28 0.919000 0.845000  0.000122 0.000110 0.000301 0.000624 0.000320 0.000170 
4499648 nbody 1 614 28 0.919000 0.461000  0.000145 0.000104 0.001080 0.001713 0.000707 0.000311 
4499712 nbody 1 614 28 0.919000 0.768000  0.000060 0.000041 0.000110 0.000222 0.000116 0.000060 
4499712 nbody 1 614 28 0.919000 0.537000  0.000111 0.000101 0.000280 0.000576 0.000291 0.000156 
4499712 nbody 1 614 28 0.919000 0.691000  0.000120 0.000106 0.000399 0.000965 0.000420 0.000202 
4499776 nbody 1 614 29 0.919000 0.460000  0.000127 0.000100 0.000282 0.000575 0.000289 0.000154 
4499776 nbody 1 614 28 0.919000 0.691000  0.000113 0.000105 0.000286 0.000586 0.000309 0.000161 
4499776 nbody 1 614 28 0.919000 0.768000  0.000110 0.000099 0.000278 0.000566 0.000290 0.000152 
4499840 nbody 1 614 29 0.919000 0.614000  0.000140 0.000108 0.000302 0.000690 0.000334 0.000168 
4499840 nbody 1 614 29 0.919000 0.460000  0.000109 0.000098 0.000307 0.000700 0.000316 0.000163 
4499904 nbody 1 614 29 0.919000 0.691000  0.000111 0.000103 0.000279 0.000573 0.000299 0.000157 
4499904 nbody 1 614 28 0.919000 0.845000  0.000123 0.000096 0.000271 0.000904 0.000408 0.000199 
4499904 nbody 1 614 28 0.919000 0.691000  0.000107 0.000101 0.000280 0.000559 0.000295 0.000154 
4499968 nbody 1 614 29 0.919000 0.768000  0.000105 0.000100 0.000286 0.000663 0.000319 0.000160 
4499968 nbody 1 614 29 0.919000 0.538000  0.000108 0.000099 0.000270 0.000554 0.000291 0.000152 
4499968 nbody 1 614 28 0.919000 0.768000  0.000125 0.000104 0.000287 0.000635 0.000318 0.000158 
4500032 nbody 1 614 28 0.919000 0.691000  0.000105 0.000098 0.000266 0.000820 0.000335 0.000166 
4500032 nbody 1 614 28 0.919000 0.768000  0.000123 0.000097 0.000269 0.000556 0.000284 0.000149 
4500096 nbody 1 614 29 0.919000 0.538000  0.000105 0.000097 0.000267 0.000539 0.000286 0.000148 
4500096 nbody 1 614 29 0.919000 0.768000  0.000103 0.000095 0.000259 0.000526 0.000279 0.000145 
4500096 nbody 1 614 28 0.919000 0.460000  0.000130 0.000099 0.000272 0.000604 0.000290 0.000149 
4500160 nbody 1 614 28 0.919000 0.614000  0.000123 0.000094 0.000260 0.000548 0.000276 0.000146 
4500160 nbody 1 614 28 0.919000 0.461000  0.000123 0.000103 0.000284 0.000623 0.000293 0.000149 
4500224 nbody 1 614 28 0.919000 0.691000  0.000121 0.000100 0.000263 0.000560 0.000280 0.000145 
4500224 nbody 1 614 28 0.919000 0.460000  0.000095 0.000087 0.000247 0.000498 0.000253 0.000135 
4500224 nbody 1 614 29 0.919000 0.615000  0.000125 0.000092 0.000259 0.000576 0.000307 0.000154 
4500288 nbody 1 614 29 0.919000 0.461000  0.000095 0.000087 0.000245 0.000502 0.000253 0.000134 
4500288 nbody 1 614 29 0.919000 0.538000  0.000102 0.000091 0.000253 0.000735 0.000336 0.000163 
4500288 nbody 1 614 29 0.919000 0.614000  0.000113 0.000086 0.000242 0.000486 0.000252 0.000133 
4500352 nbody 1 614 29 0.919000 0.768000  0.000098 0.000090 0.000243 0.000502 0.000261 0.000137 
4500352 nbody 1 614 29 0.919000 0.614000  0.000092 0.000085 0.000237 0.000473 0.000246 0.000129 
4500416 nbody 1 614 29 0.919000 0.691000  0.000118 0.000087 0.000242 0.000519 0.000257 0.000135 
4500416 nbody 1 614 29 0.919000 0.845000  0.000128 0.000086 0.000237 0.000484 0.000244 0.000129 
4500480 nbody 1 614 29 0.919000 0.691000  0.000119 0.000089 0.000245 0.000556 0.000277 0.000140 
4500480 nbody 1 614 29 0.919000 0.537000  0.000090 0.000081 0.000223 0.000457 0.000232 0.000125 
4500480 nbody 1 614 29 0.919000 0.614000  0.000094 0.000085 0.000251 0.000576 0.000283 0.000141 
4500544 nbody 1 614 29 0.919000 0.537000  0.000087 0.000080 0.000221 0.000455 0.000229 0.000123 
4500544 nbody 1 614 29 0.919000 0.691000  0.000089 0.000084 0.000229 0.000466 0.000247 0.000129 
4500544 nbody 1 614 29 0.919000 0.845000  0.000759 0.000250 0.000558 0.001134 0.000444 0.000201 
4500608 nbody 1 614 29 0.919000 0.691000  0.000116 0.000089 0.000239 0.000530 0.000288 0.000143 
4500608 nbody 1 614 29 0.919000 0.768000  0.000124 0.000089 0.000235 0.000517 0.000243 0.000126 
4500672 nbody 1 614 29 0.919000 0.614000  0.000125 0.000090 0.000248 0.000550 0.000269 0.000135 
4500672 nbody 1 614 29 0.919000 0.615000  0.000107 0.000082 0.000224 0.000473 0.000241 0.000124 
4500672 nbody 1 614 29 0.919000 0.461000  0.000082 0.000077 0.000215 0.000429 0.000224 0.000118 
4500736 nbody 1 614 29 0.919000 0.614000  0.000103 0.000080 0.000217 0.000471 0.000289 0.000172 
4500736 nbody 1 614 29 0.919000 0.537000  0.000082 0.000076 0.000213 0.000427 0.000222 0.000117 
4500800 nbody 1 614 29 0.919000 0.692000  0.000089 0.000077 0.000337 0.000665 0.000291 0.000170 
4500800 nbody 1 614 29 0.919000 0.537000  0.000080 0.000075 0.000210 0.000418 0.000216 0.000115 
4500800 nbody 1 614 29 0.919000 0.691000  0.000092 0.000077 0.000212 0.000676 0.000288 0.000168 
4500864 nbody 1 614 28 0.919000 0.537000  0.000080 0.000074 0.000203 0.000410 0.000213 0.000114 
4500864 nbody 1 614 28 0.919000 0.768000  0.000087 0.000133 0.000331 0.000660 0.000285 0.000166 
4500928 nbody 1 614 29 0.919000 0.537000  0.000093 0.000072 0.000205 0.000404 0.000211 0.000113 
4500928 nbody 1 614 29 0.919000 0.768000  0.000098 0.000076 0.000210 0.000425 0.000225 0.000116 
4500928 nbody 1 614 29 0.919000 0.614000  0.000094 0.000075 0.000208 0.000427 0.000221 0.000116 
4500992 nbody 1 614 29 0.919000 0.692000  0.000086 0.000073 0.000207 0.000437 0.000223 0.000114 
4500992 nbody 1 614 29 0.919000 0.614000  0.000075 0.000070 0.000198 0.000393 0.000205 0.000108 
4501056 nbody 1 614 29 0.919000 0.537000  0.000094 0.000074 0.000203 0.000409 0.000216 0.000112 
4501056 nbody 1 614 29 0.919000 0.537000  0.000089 0.000069 0.000196 0.000390 0.000203 0.000108 
4501056 nbody 1 614 29 0.919000 0.769000  0.000111 0.000078 0.000209 0.000483 0.000234 0.000117 
4501120 nbody 1 614 29 0.919000 0.537000  0.000074 0.000068 0.000193 0.000395 0.000198 0.000105 
4501120 nbody 1 614 29 0.919000 0.538000  0.000102 0.000077 0.000211 0.000483 0.000234 0.000118 
4501120 nbody 1 614 29 0.919000 0.538000  0.000074 0.000068 0.000191 0.000388 0.000196 0.000104 
4501184 nbody 1 614 29 0.919000 0.768000  0.000122 0.000081 0.000220 0.000494 0.000238 0.000117 
4501184 nbody 1 614 29 0.919000 0.460000  0.000071 0.000067 0.000189 0.000377 0.000196 0.000104 
4501248 nbody 1 614 29 0.919000 0.614000  0.000090 0.000071 0.000254 0.000559 0.000299 0.000143 
4501248 nbody 1 614 29 0.919000 0.768000  0.000072 0.000066 0.000187 0.000381 0.000198 0.000107 
4501248 nbody 1 614 29 0.919000 0.691000  0.000076 0.000104 0.000249 0.000547 0.000293 0.000142 
4501312 nbody 1 614 29 0.919000 0.691000  0.000073 0.000066 0.000182 0.000372 0.000190 0.000102 
4501312 nbody 1 614 29 0.919000 0.691000  0.000105 0.000078 0.000206 0.000472 0.000232 0.000114 
4501376 nbody 1 614 29 0.919000 0.460000  0.000089 0.000070 0.000193 0.000403 0.000203 0.000105 
4501376 nbody 1 614 29 0.919000 0.691000  0.000083 0.000072 0.000197 0.000422 0.000216 0.000110 
4501376 nbody 1 614 29 0.919000 0.691000  0.000090 0.000072 0.000198 0.000444 0.000219 0.000113 
4501440 nbody 1 614 29 0.919000 0.460000  0.000092 0.000071 0.000189 0.000392 0.000193 0.000101 
4501440 nbody 1 614 29 0.919000 0.614000  0.000108 0.000073 0.000200 0.000493 0.000224 0.000111 
4501440 nbody 1 614 29 0.919000 0.614000  0.000081 0.000063 0.000179 0.000372 0.000185 0.000131 
4501504 nbody 1 614 29 0.919000 0.691000  0.000087 0.000067 0.000185 0.000372 0.000196 0.000103 
4501504 nbody 1 614 29 0.919000 0.461000  0.000084 0.000065 0.000177 0.000370 0.000186 0.000129 
4501568 nbody 1 614 29 0.919000 0.537000  0.000087 0.000068 0.000183 0.000384 0.000197 0.000102 
4501568 nbody 1 614 29 0.919000 0.537000  0.000357 0.000120 0.000287 0.000626 0.000260 0.000128 
4501568 nbody 1 614 29 0.919000 0.614000  0.000070 0.000063 0.000174 0.000341 0.000183 0.000097 
