#Timestamp	Benchmark	Run(#)	CPU Frequency (MHz)	CPU Temperature(C)	CPU Voltage(V)	CPU Power(W)	CPU_CYCLES	L1_DATA_CACHE_ACCESS	INSTRUCTIONS_RETIRED	BUS_CYCLES	L1I_CACHE_ACCESS	PREDICTABLE_BRANCH_SPECULATIVELY_EXECUTED
5833024 binomialOPtions 1 1326 27 1.111000 1.078000  0.000150 0.000126 0.000351 0.000711 0.000369 0.000195 
5833024 binomialOPtions 1 1326 27 1.111000 1.385000  0.000148 0.000131 0.000359 0.000791 0.000390 0.000206 
5833088 binomialOPtions 1 1326 27 1.111000 1.387000  0.000299 0.000146 0.000388 0.000922 0.000423 0.000215 
5833088 binomialOPtions 1 1326 27 1.111000 1.002000  0.000149 0.000128 0.000354 0.000752 0.000387 0.000204 
5833088 binomialOPtions 1 1326 27 1.111000 0.845000  0.000138 0.000126 0.000346 0.000731 0.000384 0.000200 
5833152 binomialOPtions 1 1326 28 1.111000 0.538000  0.000157 0.000128 0.000353 0.000735 0.000385 0.000200 
5833152 binomialOPtions 1 1326 28 1.111000 1.695000  0.000151 0.000123 0.000376 0.000830 0.000394 0.000202 
5833152 binomialOPtions 1 1326 28 1.111000 1.233000  0.000189 0.000119 0.000330 0.000699 0.000338 0.000180 
5833216 binomialOPtions 1 1326 28 1.111000 1.233000  0.000154 0.000125 0.000356 0.000753 0.000384 0.000197 
5833216 binomialOPtions 1 1326 27 1.111000 1.694000  0.000150 0.000122 0.000342 0.000754 0.000381 0.000198 
5833216 binomialOPtions 1 1326 27 1.111000 1.156000  0.000130 0.000113 0.000316 0.000619 0.000324 0.000175 
5833280 binomialOPtions 1 1326 27 1.111000 1.847000  0.000167 0.000125 0.000366 0.000862 0.000402 0.000203 
5833280 binomialOPtions 1 1326 27 1.111000 1.232000  0.000161 0.000118 0.000325 0.000703 0.000341 0.000181 
5833280 binomialOPtions 1 1326 27 1.111000 1.233000  0.000153 0.000123 0.000336 0.000717 0.000369 0.000201 
5833344 binomialOPtions 1 1326 27 1.111000 1.773000  0.000907 0.000581 0.001144 0.002220 0.000956 0.000474 
5833344 binomialOPtions 1 1326 27 1.111000 1.928000  0.000131 0.000115 0.000317 0.000608 0.000334 0.000177 
5833408 binomialOPtions 1 1326 27 1.111000 1.233000  0.000126 0.000114 0.000311 0.000596 0.000330 0.000175 
5833408 binomialOPtions 1 1326 27 1.111000 2.078000  0.000155 0.000123 0.000334 0.000720 0.000362 0.000183 
5833408 binomialOPtions 1 1326 27 1.111000 1.233000  0.000117 0.000106 0.000295 0.000560 0.000302 0.000163 
5833472 binomialOPtions 1 1326 27 1.111000 1.695000  0.000148 0.000114 0.000334 0.000887 0.000377 0.000189 
5833472 binomialOPtions 1 1326 27 1.111000 1.233000  0.000124 0.000109 0.000299 0.000582 0.000318 0.000167 
5833472 binomialOPtions 1 1326 27 1.111000 1.232000  0.000133 0.000110 0.000307 0.000658 0.000338 0.000173 
5833536 binomialOPtions 1 1326 27 1.111000 2.081000  0.000122 0.000107 0.000295 0.000579 0.000313 0.000165 
5833536 binomialOPtions 1 1326 27 1.111000 1.233000  0.000116 0.000102 0.000282 0.000541 0.000292 0.000156 
5833536 binomialOPtions 1 1326 27 1.111000 1.311000  0.000117 0.000104 0.000285 0.000553 0.000302 0.000160 
5833600 binomialOPtions 1 1326 27 1.111000 1.233000  0.000115 0.000098 0.000273 0.000530 0.000284 0.000152 
5833600 binomialOPtions 1 1326 27 1.111000 1.233000  0.000110 0.000101 0.000278 0.000535 0.000292 0.000155 
5833600 binomialOPtions 1 1326 27 1.111000 1.311000  0.000131 0.000101 0.000275 0.000567 0.000306 0.000160 
5833664 binomialOPtions 1 1326 27 1.111000 1.311000  0.000129 0.000104 0.000291 0.000613 0.000311 0.000161 
5833664 binomialOPtions 1 1326 27 1.111000 1.695000  0.000113 0.000099 0.000272 0.000529 0.000290 0.000152 
5833664 binomialOPtions 1 1326 27 1.111000 1.311000  0.000112 0.000094 0.000260 0.000513 0.000284 0.000152 
5833728 binomialOPtions 1 1326 27 1.111000 1.925000  0.000124 0.000103 0.000282 0.000622 0.000314 0.000162 
5833728 binomialOPtions 1 1326 27 1.111000 1.386000  0.000116 0.000099 0.000280 0.000621 0.000314 0.000161 
5833792 binomialOPtions 1 1326 27 1.111000 1.234000  0.000121 0.000104 0.000290 0.000624 0.000318 0.000163 
5833792 binomialOPtions 1 1326 27 1.111000 1.775000  0.000105 0.000096 0.000265 0.000511 0.000279 0.000148 
5833792 binomialOPtions 1 1326 27 1.111000 1.233000  0.000133 0.000103 0.000275 0.000561 0.000291 0.000150 
5833856 binomialOPtions 1 1326 27 1.111000 1.463000  0.000120 0.000099 0.000276 0.000592 0.000303 0.000154 
5833856 binomialOPtions 1 1326 27 1.111000 1.774000  0.000118 0.000101 0.000271 0.000599 0.000301 0.000154 
5833856 binomialOPtions 1 1326 26 1.111000 1.233000  0.000099 0.000089 0.000249 0.000473 0.000254 0.000137 
5833920 binomialOPtions 1 1326 26 1.111000 1.850000  0.000162 0.000100 0.000270 0.000665 0.000316 0.000159 
5833920 binomialOPtions 1 1326 27 1.111000 1.232000  0.000142 0.000100 0.000270 0.000595 0.000303 0.000154 
5833920 binomialOPtions 1 1326 26 1.111000 1.312000  0.000121 0.000098 0.000269 0.000571 0.000296 0.000151 
5833984 binomialOPtions 1 1326 26 1.111000 1.852000  0.000113 0.000093 0.000257 0.000557 0.000284 0.000148 
5833984 binomialOPtions 1 1326 27 1.111000 1.232000  0.000125 0.000095 0.000262 0.000580 0.000295 0.000152 
5833984 binomialOPtions 1 1326 27 1.111000 1.232000  0.000126 0.000096 0.000263 0.000567 0.000290 0.000147 
5834048 binomialOPtions 1 1326 26 1.111000 1.928000  0.000122 0.000093 0.000261 0.000562 0.000280 0.000144 
5834048 binomialOPtions 1 1326 26 1.111000 1.233000  0.000121 0.000095 0.000261 0.000572 0.000290 0.000146 
5834112 binomialOPtions 1 1326 27 1.111000 1.774000  0.000111 0.000093 0.000246 0.000499 0.000259 0.000137 
5834112 binomialOPtions 1 1326 27 1.111000 1.233000  0.000099 0.000087 0.000239 0.000470 0.000253 0.000134 
5834112 binomialOPtions 1 1326 27 1.111000 1.234000  0.000123 0.000092 0.000250 0.000538 0.000275 0.000142 
5834176 binomialOPtions 1 1326 27 1.111000 1.619000  0.000113 0.000096 0.000273 0.000669 0.000292 0.000148 
5834176 binomialOPtions 1 1326 27 1.111000 1.310000  0.000091 0.000081 0.000227 0.000432 0.000232 0.000126 
5834176 binomialOPtions 1 1326 27 1.111000 1.696000  0.000108 0.000087 0.000243 0.000530 0.000271 0.000140 
5834240 binomialOPtions 1 1326 27 1.111000 1.233000  0.000131 0.000085 0.000231 0.000935 0.000333 0.000211 
5834240 binomialOPtions 1 1326 26 1.111000 1.311000  0.000103 0.000084 0.000240 0.000498 0.000259 0.000134 
5834240 binomialOPtions 1 1326 26 1.111000 2.005000  0.000439 0.000179 0.000388 0.001154 0.000400 0.000180 
5834304 binomialOPtions 1 1326 26 1.111000 1.233000  0.000121 0.000083 0.000232 0.000577 0.000242 0.000128 
5834304 binomialOPtions 1 1326 26 1.111000 1.233000  0.000090 0.000082 0.000227 0.000436 0.000238 0.000126 
5834304 binomialOPtions 1 1326 26 1.111000 1.235000  0.000096 0.000082 0.000225 0.000448 0.000238 0.000126 
5834368 binomialOPtions 1 1326 28 1.111000 1.234000  0.000087 0.000081 0.000254 0.000532 0.000266 0.000136 
5834368 binomialOPtions 1 1326 28 1.111000 1.232000  0.000104 0.000083 0.000231 0.000494 0.000254 0.000131 
5834368 binomialOPtions 1 1326 28 1.111000 1.310000  0.000103 0.000083 0.000232 0.000505 0.000257 0.000132 
5834432 binomialOPtions 1 1326 28 1.111000 2.002000  0.000090 0.000080 0.000284 0.000627 0.000286 0.000162 
5834432 binomialOPtions 1 1326 28 1.111000 1.233000  0.000092 0.000086 0.000233 0.000547 0.000244 0.000124 
5834496 binomialOPtions 1 1326 28 1.111000 1.387000  0.000110 0.000085 0.000236 0.000698 0.000280 0.000144 
5834496 binomialOPtions 1 1326 28 1.111000 1.233000  0.000095 0.000080 0.000218 0.000429 0.000236 0.000123 
5834496 binomialOPtions 1 1326 28 1.111000 1.851000  0.000084 0.000077 0.000213 0.000410 0.000226 0.000119 
5834560 binomialOPtions 1 1326 28 1.111000 2.002000  0.000087 0.000076 0.000211 0.000408 0.000224 0.000118 
5834560 binomialOPtions 1 1326 28 1.111000 1.157000  0.000115 0.000355 0.000778 0.001639 0.000522 0.000227 
5834560 binomialOPtions 1 1326 28 1.111000 1.850000  0.000105 0.000083 0.000226 0.000503 0.000253 0.000128 
5834624 binomialOPtions 1 1326 28 1.111000 2.081000  0.000111 0.000083 0.000222 0.000476 0.000239 0.000122 
5834624 binomialOPtions 1 1326 28 1.111000 1.464000  0.000106 0.000079 0.000215 0.000457 0.000231 0.000155 
5834624 binomialOPtions 1 1326 28 1.111000 1.775000  0.000092 0.000075 0.000214 0.000462 0.000231 0.000126 
5834688 binomialOPtions 1 1326 28 1.111000 1.233000  0.000076 0.000070 0.000196 0.000374 0.000199 0.000108 
5834688 binomialOPtions 1 1326 28 1.111000 1.850000  0.000080 0.000073 0.000203 0.000392 0.000213 0.000113 
5834688 binomialOPtions 1 1326 28 1.111000 1.312000  0.000084 0.000073 0.000202 0.000392 0.000213 0.000113 
5834752 binomialOPtions 1 1326 28 1.111000 1.234000  0.000080 0.000072 0.000200 0.000386 0.000211 0.000111 
5834752 binomialOPtions 1 1326 28 1.111000 1.233000  0.000083 0.000072 0.000197 0.000527 0.000222 0.000113 
5834752 binomialOPtions 1 1326 28 1.111000 1.234000  0.000076 0.000068 0.000189 0.000360 0.000194 0.000105 
5834816 binomialOPtions 1 1326 28 1.111000 1.928000  0.000081 0.000071 0.000195 0.000381 0.000207 0.000109 
5834816 binomialOPtions 1 1326 28 1.111000 1.234000  0.000084 0.000071 0.000194 0.000389 0.000207 0.000109 
5834880 binomialOPtions 1 1326 28 1.111000 1.232000  0.000077 0.000070 0.000194 0.000370 0.000202 0.000108 
5834880 binomialOPtions 1 1326 28 1.111000 1.388000  0.000018 0.000015 0.000042 0.000093 0.000047 0.000024 
5834880 binomialOPtions 1 1326 28 1.111000 1.312000  0.000074 0.000066 0.000183 0.000353 0.000189 0.000102 
5834944 binomialOPtions 1 1326 28 1.111000 1.928000  0.000076 0.000068 0.000189 0.000358 0.000199 0.000106 
5834944 binomialOPtions 1 1326 29 1.111000 1.234000  0.000079 0.000068 0.000188 0.000373 0.000200 0.000105 
5834944 binomialOPtions 1 1326 28 1.111000 1.929000  0.000075 0.000068 0.000187 0.000358 0.000197 0.000104 
5835008 binomialOPtions 1 1326 28 1.111000 2.233000  0.000078 0.000067 0.000185 0.000365 0.000198 0.000105 
5835008 binomialOPtions 1 1326 28 1.111000 1.234000  0.000072 0.000063 0.000177 0.000341 0.000180 0.000097 
5835008 binomialOPtions 1 1326 28 1.111000 1.540000  0.000135 0.000076 0.000208 0.000641 0.000236 0.000121 
5835072 binomialOPtions 1 1326 28 1.111000 1.234000  0.000091 0.000071 0.000193 0.000421 0.000214 0.000110 
5835072 binomialOPtions 1 1326 28 1.111000 1.311000  0.000085 0.000067 0.000188 0.000399 0.000201 0.000106 
5835072 binomialOPtions 1 1326 28 1.111000 1.928000  0.000085 0.000068 0.000187 0.000401 0.000201 0.000106 
5835136 binomialOPtions 1 1326 28 1.111000 1.233000  0.000070 0.000062 0.000173 0.000336 0.000177 0.000096 
5835136 binomialOPtions 1 1326 28 1.111000 1.233000  0.000088 0.000070 0.000191 0.000542 0.000221 0.000110 
5835136 binomialOPtions 1 1326 28 1.111000 1.233000  0.000074 0.000065 0.000178 0.000343 0.000187 0.000099 
5835200 binomialOPtions 1 1326 28 1.111000 2.084000  0.000071 0.000064 0.000176 0.000341 0.000185 0.000098 
5835200 binomialOPtions 1 1326 29 1.111000 2.159000  0.000071 0.000065 0.000177 0.000384 0.000194 0.000102 
5835264 binomialOPtions 1 1326 29 1.111000 1.388000  0.000080 0.000069 0.000189 0.000416 0.000209 0.000107 
5835264 binomialOPtions 1 1326 28 1.111000 2.003000  0.000070 0.000063 0.000173 0.000337 0.000183 0.000096 
5835264 binomialOPtions 1 1326 28 1.111000 1.233000  0.000116 0.000063 0.000177 0.000395 0.000181 0.000095 
5835328 binomialOPtions 1 1326 28 1.111000 1.773000  0.000068 0.000062 0.000171 0.000328 0.000180 0.000095 
5835328 binomialOPtions 1 1326 28 1.111000 1.387000  0.000088 0.000064 0.000180 0.000402 0.000202 0.000101 
5835328 binomialOPtions 1 1326 28 1.111000 1.387000  0.000086 0.000067 0.000184 0.000388 0.000195 0.000100 
5835392 binomialOPtions 1 1326 28 1.111000 1.925000  0.000093 0.000071 0.000187 0.000509 0.000206 0.000102 
5835392 binomialOPtions 1 1326 28 1.111000 1.234000  0.000077 0.000058 0.000161 0.000375 0.000168 0.000090 
5835392 binomialOPtions 1 1326 28 1.111000 1.774000  0.000064 0.000060 0.000166 0.000316 0.000174 0.000093 
5835456 binomialOPtions 1 1326 28 1.111000 1.232000  0.000070 0.000060 0.000165 0.000326 0.000176 0.000092 
5835456 binomialOPtions 1 1326 28 1.111000 1.309000  0.000065 0.000060 0.000165 0.000320 0.000174 0.000092 
5835456 binomialOPtions 1 1326 28 1.111000 1.233000  0.000069 0.000060 0.000163 0.000323 0.000175 0.000091 
5835520 binomialOPtions 1 1326 28 1.111000 1.232000  0.000065 0.000056 0.000157 0.000304 0.000163 0.000087 
5835520 binomialOPtions 1 1326 28 1.111000 1.773000  0.000062 0.000058 0.000161 0.000310 0.000170 0.000090 
5835520 binomialOPtions 1 1326 28 1.111000 1.233000  0.000065 0.000058 0.000160 0.000311 0.000168 0.000089 
5835584 binomialOPtions 1 1326 28 1.111000 1.232000  0.000065 0.000058 0.000160 0.000307 0.000169 0.000089 
5835584 binomialOPtions 1 1326 28 1.111000 1.157000  0.000081 0.000061 0.000166 0.000363 0.000183 0.000093 
5835584 binomialOPtions 1 1326 28 1.111000 1.234000  0.000076 0.000060 0.000160 0.000324 0.000164 0.000086 
5835648 binomialOPtions 1 1326 28 1.111000 1.850000  0.000065 0.000057 0.000157 0.000301 0.000165 0.000087 
5835648 binomialOPtions 1 1326 28 1.111000 1.233000  0.000072 0.000057 0.000156 0.000363 0.000161 0.000086 
5835712 binomialOPtions 1 1326 28 1.111000 1.772000  0.000060 0.000065 0.000174 0.000409 0.000185 0.000094 
5835712 binomialOPtions 1 1326 28 1.111000 1.233000  0.000318 0.000114 0.000286 0.000561 0.000214 0.000140 
5835712 binomialOPtions 1 1326 28 1.111000 1.310000  0.000073 0.000059 0.000164 0.000353 0.000182 0.000094 
5835776 binomialOPtions 1 1326 28 1.111000 1.925000  0.000064 0.000056 0.000154 0.000308 0.000165 0.000086 
5835776 binomialOPtions 1 1326 28 1.111000 1.232000  0.248655 0.060036 0.129160 0.248748 0.068709 0.030094 
5835776 binomialOPtions 1 1326 28 1.111000 1.774000  0.000074 0.000058 0.000161 0.000357 0.000181 0.000093 
5835840 binomialOPtions 1 1326 28 1.111000 1.775000  0.000078 0.000057 0.000159 0.000353 0.000180 0.000092 
5835840 binomialOPtions 1 1326 28 1.111000 1.389000  0.000073 0.000057 0.000158 0.000335 0.000171 0.000088 
5835840 binomialOPtions 1 1326 28 1.111000 1.851000  0.000071 0.000055 0.000154 0.000471 0.000194 0.000096 
5835904 binomialOPtions 1 1326 28 1.111000 1.310000  0.000060 0.000052 0.000145 0.000279 0.000149 0.000081 
5835904 binomialOPtions 1 1326 28 1.111000 1.925000  0.000077 0.000059 0.000160 0.000342 0.000175 0.000090 
5835904 binomialOPtions 1 1326 28 1.111000 1.234000  0.000061 0.000055 0.000150 0.000290 0.000158 0.000084 
5835968 binomialOPtions 1 1326 29 1.111000 1.234000  0.000060 0.000055 0.000150 0.000344 0.000175 0.000089 
5835968 binomialOPtions 1 1326 29 1.111000 1.928000  0.000073 0.000057 0.000160 0.000358 0.000176 0.000089 
5835968 binomialOPtions 1 1326 29 1.111000 1.465000  0.000056 0.000051 0.000143 0.000276 0.000146 0.000079 
5836032 binomialOPtions 1 1326 29 1.111000 1.620000  0.000072 0.000056 0.000156 0.000336 0.000173 0.000089 
5836032 binomialOPtions 1 1326 29 1.111000 1.156000  0.000063 0.000052 0.000148 0.000319 0.000152 0.000080 
5836032 binomialOPtions 1 1326 28 1.111000 1.387000  0.000076 0.000058 0.000156 0.000336 0.000171 0.000089 
5836096 binomialOPtions 1 1326 28 1.111000 1.233000  0.000074 0.000053 0.000147 0.000325 0.000156 0.000082 
5836096 binomialOPtions 1 1326 28 1.111000 1.232000  0.000069 0.000053 0.000153 0.000324 0.000163 0.000085 
5836160 binomialOPtions 1 1326 28 1.111000 1.927000  0.000061 0.000054 0.000189 0.000403 0.000220 0.000112 
5836160 binomialOPtions 1 1326 28 1.111000 1.233000  0.000066 0.000050 0.000143 0.000330 0.000148 0.000079 
5836160 binomialOPtions 1 1326 28 1.111000 1.850000  0.000074 0.000057 0.000153 0.000333 0.000166 0.000086 
5836224 binomialOPtions 1 1326 28 1.111000 1.312000  0.000060 0.000053 0.000145 0.000284 0.000152 0.000081 
5836224 binomialOPtions 1 1326 28 1.111000 1.232000  0.000065 0.000052 0.000150 0.000327 0.000167 0.000087 
5836224 binomialOPtions 1 1326 28 1.111000 2.083000  0.000059 0.000078 0.000185 0.000412 0.000220 0.000106 
5836288 binomialOPtions 1 1326 28 1.111000 1.310000  2.056965 0.499669 1.052622 2.059683 0.564372 0.246807 
5836288 binomialOPtions 1 1326 28 1.111000 2.006000  0.000427 0.000264 0.000557 0.001026 0.000459 0.000215 
5836288 binomialOPtions 1 1326 28 1.111000 2.081000  0.000065 0.000052 0.000147 0.000330 0.000167 0.000085 
5836352 binomialOPtions 1 1326 28 1.111000 1.234000  0.000056 0.000049 0.000136 0.000260 0.000140 0.000075 
5836352 binomialOPtions 1 1326 28 1.111000 1.463000  0.000057 0.000051 0.000141 0.000274 0.000150 0.000079 
5836352 binomialOPtions 1 1326 28 1.111000 1.309000  0.000074 0.000055 0.000145 0.000296 0.000149 0.000078 
5836416 binomialOPtions 1 1326 28 1.111000 1.232000  0.000066 0.000053 0.000149 0.000317 0.000160 0.000083 
5836416 binomialOPtions 1 1326 28 1.111000 2.161000  0.000056 0.000050 0.000143 0.000303 0.000157 0.000083 
5836480 binomialOPtions 1 1326 28 1.111000 1.234000  0.000052 0.000048 0.000134 0.000257 0.000136 0.000074 
5836480 binomialOPtions 1 1326 28 1.111000 1.774000  0.000394 0.000298 0.000617 0.001102 0.000500 0.000230 
5836480 binomialOPtions 1 1326 28 1.111000 1.234000  0.268162 0.065730 0.141821 0.268259 0.075131 0.032836 
5836544 binomialOPtions 1 1326 28 1.111000 1.233000  0.000071 0.000054 0.000146 0.000315 0.000161 0.000082 
5836544 binomialOPtions 1 1326 28 1.111000 1.851000  0.000063 0.000050 0.000142 0.000307 0.000159 0.000081 
5836544 binomialOPtions 1 1326 28 1.111000 1.234000  0.000054 0.000047 0.000131 0.000255 0.000135 0.000072 
5836608 binomialOPtions 1 1326 28 1.111000 1.773000  0.000069 0.000054 0.000148 0.000323 0.000163 0.000083 
5836608 binomialOPtions 1 1326 28 1.111000 1.233000  0.000060 0.000049 0.000135 0.000270 0.000142 0.000075 
5836608 binomialOPtions 1 1326 28 1.111000 1.233000  0.000055 0.000049 0.000135 0.000259 0.000142 0.000075 
5836672 binomialOPtions 1 1326 28 1.111000 1.232000  0.000250 0.000192 0.000529 0.001163 0.000584 0.000301 
5836672 binomialOPtions 1 1326 28 1.111000 1.232000  0.000050 0.000045 0.000128 0.000244 0.000131 0.000071 
5836736 binomialOPtions 1 1326 28 1.111000 2.005000  0.000069 0.000051 0.000141 0.000316 0.000158 0.000080 
5836736 binomialOPtions 1 1326 28 1.111000 1.311000  0.000057 0.000048 0.000132 0.000267 0.000139 0.000074 
5836736 binomialOPtions 1 1326 28 1.111000 1.233000  0.000052 0.000048 0.000132 0.000255 0.000139 0.000073 
5836800 binomialOPtions 1 1326 28 1.111000 2.005000  0.000055 0.000048 0.000131 0.000256 0.000139 0.000073 
5836800 binomialOPtions 1 1326 28 1.111000 1.465000  0.000051 0.000045 0.000126 0.000243 0.000130 0.000070 
5836800 binomialOPtions 1 1326 28 1.111000 1.929000  0.000063 0.000050 0.000140 0.000312 0.000156 0.000079 
5836864 binomialOPtions 1 1326 28 1.111000 1.232000  0.000065 0.000051 0.000140 0.000299 0.000149 0.000078 
5836864 binomialOPtions 1 1326 28 1.111000 1.929000  0.000058 0.000047 0.000133 0.000278 0.000145 0.000076 
5836864 binomialOPtions 1 1326 28 1.111000 2.158000  0.000053 0.000047 0.000128 0.000249 0.000136 0.000072 
5836928 binomialOPtions 1 1326 28 1.111000 1.232000  0.000051 0.000044 0.000123 0.000238 0.000154 0.000079 
5836928 binomialOPtions 1 1326 28 1.111000 1.617000  0.000049 0.000046 0.000127 0.000244 0.000133 0.000075 
5836928 binomialOPtions 1 1326 28 1.111000 1.309000  0.000063 0.000049 0.000138 0.000289 0.000143 0.000074 
5836992 binomialOPtions 1 1326 28 1.111000 1.772000  0.000060 0.000049 0.000136 0.000301 0.000150 0.000077 
5836992 binomialOPtions 1 1326 28 1.111000 2.005000  0.000068 0.000047 0.000134 0.000306 0.000149 0.000076 
5836992 binomialOPtions 1 1326 28 1.111000 1.233000  0.000051 0.000043 0.000121 0.000230 0.000123 0.000067 
5837056 binomialOPtions 1 1326 28 1.111000 2.005000  0.000064 0.000048 0.000130 0.000288 0.000146 0.000075 
5837056 binomialOPtions 1 1326 28 1.111000 1.234000  0.000067 0.000044 0.000123 0.000254 0.000125 0.000068 
5837120 binomialOPtions 1 1326 28 1.111000 1.851000  0.000063 0.000047 0.000130 0.000286 0.000146 0.000074 
5837120 binomialOPtions 1 1326 28 1.111000 1.311000  0.000052 0.000051 0.000135 0.000309 0.000147 0.000074 
5837120 binomialOPtions 1 1326 28 1.111000 1.234000  0.000060 0.000048 0.000131 0.000271 0.000142 0.000073 
5837184 binomialOPtions 1 1326 28 1.111000 1.928000  0.000051 0.000045 0.000124 0.000238 0.000130 0.000069 
5837184 binomialOPtions 1 1326 28 1.111000 1.234000  0.000069 0.000044 0.000124 0.000286 0.000128 0.000068 
5837184 binomialOPtions 1 1326 28 1.111000 1.772000  0.000064 0.000048 0.000129 0.000276 0.000139 0.000072 
5837248 binomialOPtions 1 1326 28 1.111000 1.926000  0.000057 0.000046 0.000124 0.000291 0.000140 0.000072 
5837248 binomialOPtions 1 1326 28 1.111000 1.232000  0.000361 0.001185 0.002705 0.002309 0.001181 0.000656 
5837248 binomialOPtions 1 1326 28 1.111000 1.928000  0.000049 0.000044 0.000121 0.000235 0.000128 0.000068 
5837312 binomialOPtions 1 1326 28 1.111000 1.234000  0.000064 0.000048 0.000131 0.000283 0.000138 0.000070 
5837312 binomialOPtions 1 1326 28 1.111000 1.926000  0.000062 0.000047 0.000128 0.000283 0.000144 0.000073 
5837312 binomialOPtions 1 1326 28 1.111000 2.005000  0.000050 0.000044 0.000120 0.000236 0.000128 0.000067 
5837376 binomialOPtions 1 1326 28 1.111000 1.232000  0.000046 0.000044 0.000120 0.000230 0.000127 0.000067 
5837376 binomialOPtions 1 1326 28 1.111000 2.159000  0.000050 0.000043 0.000119 0.000233 0.000127 0.000067 
5837376 binomialOPtions 1 1326 28 1.111000 1.234000  0.000049 0.000042 0.000117 0.000255 0.000123 0.000065 
5837440 binomialOPtions 1 1326 28 1.111000 1.774000  0.000047 0.000043 0.000119 0.000229 0.000125 0.000066 
5837440 binomialOPtions 1 1326 28 1.111000 1.695000  0.000057 0.000044 0.000123 0.000288 0.000128 0.000109 
5837504 binomialOPtions 1 1326 28 1.111000 1.234000  0.000046 0.000043 0.000118 0.000223 0.000123 0.000066 
5837504 binomialOPtions 1 1326 28 1.111000 2.080000  0.000048 0.000043 0.000117 0.000227 0.000124 0.000065 
5837504 binomialOPtions 1 1326 28 1.111000 1.234000  0.000050 0.000043 0.000121 0.000281 0.000124 0.000065 
5837568 binomialOPtions 1 1326 28 1.111000 1.773000  0.000046 0.000042 0.000121 0.000258 0.000131 0.000068 
5837568 binomialOPtions 1 1326 28 1.111000 1.233000  0.000049 0.000042 0.000115 0.000232 0.000123 0.000064 
5837568 binomialOPtions 1 1326 28 1.111000 1.233000  0.000045 0.000042 0.000115 0.000220 0.000122 0.000064 
5837632 binomialOPtions 1 1326 28 1.111000 1.925000  0.000051 0.000043 0.000120 0.000271 0.000137 0.000069 
5837632 binomialOPtions 1 1326 28 1.111000 1.387000  0.000054 0.000049 0.000127 0.000276 0.000133 0.000067 
5837632 binomialOPtions 1 1326 28 1.111000 2.313000  0.000052 0.000042 0.000118 0.000252 0.000129 0.000067 
5837696 binomialOPtions 1 1326 28 1.111000 1.389000  0.000047 0.000092 0.000251 0.000659 0.000214 0.000101 
5837696 binomialOPtions 1 1326 28 1.111000 1.233000  0.000061 0.000044 0.000120 0.000256 0.000127 0.000066 
5837696 binomialOPtions 1 1326 28 1.111000 1.233000  0.000053 0.000044 0.000120 0.000263 0.000130 0.000066 
5837760 binomialOPtions 1 1326 28 1.111000 1.234000  0.000060 0.000043 0.000119 0.000255 0.000128 0.000065 
5837760 binomialOPtions 1 1326 28 1.111000 1.771000  0.000048 0.000041 0.000112 0.000220 0.000118 0.000062 
5837760 binomialOPtions 1 1326 28 1.111000 1.234000  0.000072 0.000041 0.000114 0.000254 0.000118 0.000062 
5837824 binomialOPtions 1 1326 28 1.111000 1.389000  0.000044 0.000040 0.000111 0.000213 0.000124 0.000064 
5837824 binomialOPtions 1 1326 28 1.111000 1.233000  0.000051 0.000040 0.000111 0.000298 0.000158 0.000102 
5837824 binomialOPtions 1 1326 28 1.111000 1.234000  0.000060 0.000043 0.000116 0.000251 0.000125 0.000065 
5837888 binomialOPtions 1 1326 28 1.111000 1.850000  0.000046 0.000040 0.000110 0.000215 0.000117 0.000061 
5837888 binomialOPtions 1 1326 28 1.111000 1.464000  0.000059 0.000041 0.000388 0.000756 0.000261 0.000113 
5837952 binomialOPtions 1 1326 28 1.111000 1.387000  0.000044 0.000040 0.000109 0.000212 0.000115 0.000061 
5837952 binomialOPtions 1 1326 28 1.111000 1.234000  0.000045 0.000040 0.000109 0.000211 0.000116 0.000061 
5837952 binomialOPtions 1 1326 28 1.111000 1.232000  0.000043 0.000039 0.000109 0.000211 0.000115 0.000079 
5838016 binomialOPtions 1 1326 28 1.111000 2.005000  0.000049 0.000041 0.000113 0.000248 0.000135 0.000067 
5838016 binomialOPtions 1 1326 28 1.111000 1.156000  0.000041 0.000037 0.000103 0.000199 0.000105 0.000057 
5838016 binomialOPtions 1 1326 28 1.111000 1.388000  0.000055 0.000041 0.000113 0.000253 0.000127 0.000065 
5838080 binomialOPtions 1 1326 28 1.111000 1.234000  0.000045 0.000039 0.000107 0.000211 0.000112 0.000060 
5838080 binomialOPtions 1 1326 28 1.111000 1.928000  0.000041 0.000039 0.000107 0.000204 0.000112 0.000060 
5838080 binomialOPtions 1 1326 29 1.111000 2.081000  0.000053 0.000041 0.000110 0.000239 0.000120 0.000062 
5838144 binomialOPtions 1 1326 29 1.111000 1.232000  0.000040 0.000036 0.000102 0.000193 0.000104 0.000056 
5838144 binomialOPtions 1 1326 28 1.111000 1.388000  0.000053 0.000042 0.000114 0.000256 0.000127 0.000064 
5838144 binomialOPtions 1 1326 28 1.111000 1.233000  0.000042 0.000038 0.000104 0.000207 0.000108 0.000057 
5838208 binomialOPtions 1 1326 28 1.111000 1.233000  0.000052 0.000041 0.000111 0.000239 0.000121 0.000063 
5838208 binomialOPtions 1 1326 28 1.111000 1.850000  0.000047 0.000038 0.000107 0.000232 0.000120 0.000061 
5838272 binomialOPtions 1 1326 28 1.111000 1.234000  0.000040 0.000036 0.000100 0.000192 0.000103 0.000056 
5838272 binomialOPtions 1 1326 28 1.111000 1.847000  0.000049 0.000039 0.000108 0.000237 0.000122 0.000062 
5838272 binomialOPtions 1 1326 28 1.111000 1.309000  0.000047 0.000039 0.000110 0.000245 0.000123 0.000063 
5838336 binomialOPtions 1 1326 28 1.111000 1.851000  0.000051 0.000040 0.000110 0.000239 0.000122 0.000063 
5838336 binomialOPtions 1 1326 28 1.111000 1.926000  0.000044 0.000037 0.000104 0.000219 0.000115 0.000059 
5838336 binomialOPtions 1 1326 28 1.111000 1.311000  0.000040 0.000035 0.000099 0.000189 0.000101 0.000055 
5838400 binomialOPtions 1 1326 28 1.111000 1.772000  0.000055 0.000040 0.000111 0.000254 0.000121 0.000062 
5838400 binomialOPtions 1 1326 28 1.111000 1.849000  0.000024 0.000021 0.000057 0.000111 0.000061 0.000032 
5838400 binomialOPtions 1 1326 28 1.111000 1.157000  0.000039 0.000036 0.000101 0.000193 0.000106 0.000056 
5838464 binomialOPtions 1 1326 28 1.111000 2.080000  0.000041 0.000036 0.000100 0.000196 0.000106 0.000056 
5838464 binomialOPtions 1 1326 28 1.111000 1.233000  0.000039 0.000034 0.000096 0.000182 0.000098 0.000053 
5838464 binomialOPtions 1 1326 28 1.111000 1.540000  0.000040 0.000036 0.000099 0.000193 0.000106 0.000056 
5838528 binomialOPtions 1 1326 28 1.111000 1.234000  0.000041 0.000036 0.000099 0.000193 0.000105 0.000055 
5838528 binomialOPtions 1 1326 28 1.111000 1.847000  0.000039 0.000036 0.000098 0.000189 0.000104 0.000055 
5838528 binomialOPtions 1 1326 28 1.111000 2.083000  0.000045 0.000036 0.000100 0.000217 0.000112 0.000058 
5838592 binomialOPtions 1 1326 28 1.111000 1.233000  0.000038 0.000034 0.000094 0.000183 0.000098 0.000052 
5838592 binomialOPtions 1 1326 28 1.111000 2.082000  0.000041 0.000035 0.000097 0.000190 0.000104 0.000054 
5838656 binomialOPtions 1 1326 28 1.111000 1.310000  0.000037 0.000034 0.000095 0.000197 0.000097 0.000052 
5838656 binomialOPtions 1 1326 28 1.111000 2.005000  0.000045 0.000036 0.000102 0.000225 0.000113 0.000058 
5838656 binomialOPtions 1 1326 28 1.111000 2.004000  0.000047 0.000035 0.000096 0.000205 0.000103 0.000054 
5838720 binomialOPtions 1 1326 28 1.111000 1.234000  0.000044 0.000037 0.000101 0.000219 0.000110 0.000057 
5838720 binomialOPtions 1 1326 28 1.111000 2.005000  0.000116 0.000042 0.000115 0.000313 0.000115 0.000059 
5838720 binomialOPtions 1 1326 28 1.111000 1.232000  0.000037 0.000033 0.000092 0.000177 0.000094 0.000051 
5838784 binomialOPtions 1 1326 28 1.111000 2.159000  0.000048 0.000036 0.000102 0.000290 0.000119 0.000059 
5838784 binomialOPtions 1 1326 28 1.111000 1.233000  0.000040 0.000035 0.000095 0.000183 0.000102 0.000054 
5838784 binomialOPtions 1 1326 28 1.111000 1.233000  0.000038 0.000034 0.000095 0.000184 0.000100 0.000053 
5838848 binomialOPtions 1 1326 28 1.111000 1.929000  0.000043 0.000035 0.000098 0.000210 0.000109 0.000056 
5838848 binomialOPtions 1 1326 28 1.111000 1.232000  0.000035 0.000032 0.000091 0.000174 0.000092 0.000050 
5838848 binomialOPtions 1 1326 28 1.111000 1.850000  0.000038 0.000034 0.000094 0.000183 0.000099 0.000052 
5838912 binomialOPtions 1 1326 28 1.111000 1.309000  0.000040 0.000034 0.000094 0.000185 0.000100 0.000053 
5838912 binomialOPtions 1 1326 28 1.111000 1.234000  0.000036 0.000034 0.000093 0.000178 0.000099 0.000052 
5838912 binomialOPtions 1 1326 28 1.111000 1.463000  0.000040 0.000034 0.000093 0.000183 0.000099 0.000052 
5838976 binomialOPtions 1 1326 28 1.111000 1.234000  0.000034 0.000032 0.000089 0.000168 0.000092 0.000050 
5838976 binomialOPtions 1 1326 28 1.111000 2.005000  0.000043 0.000034 0.000097 0.000281 0.000113 0.000056 
5838976 binomialOPtions 1 1326 28 1.111000 1.311000  0.000047 0.000036 0.000100 0.000222 0.000110 0.000056 
5839040 binomialOPtions 1 1326 28 1.111000 1.231000  0.000047 0.000036 0.000099 0.000219 0.000109 0.000055 
5839040 binomialOPtions 1 1326 28 1.111000 1.234000  0.000039 0.000033 0.000092 0.000187 0.000100 0.000052 
5839104 binomialOPtions 1 1326 28 1.111000 1.232000  0.000043 0.000035 0.000097 0.000208 0.000107 0.000055 
5839104 binomialOPtions 1 1326 28 1.111000 1.851000  0.000038 0.000033 0.000091 0.000178 0.000097 0.000051 
5839104 binomialOPtions 1 1326 28 1.111000 1.464000  0.000035 0.000032 0.000088 0.000166 0.000090 0.000049 
5839168 binomialOPtions 1 1326 28 1.111000 1.310000  0.000047 0.000035 0.000095 0.000202 0.000106 0.000054 
5839168 binomialOPtions 1 1326 28 1.111000 1.157000  0.000038 0.000033 0.000091 0.000176 0.000095 0.000051 
5839168 binomialOPtions 1 1326 28 1.111000 1.774000  0.000035 0.000033 0.000090 0.000172 0.000095 0.000050 
5839232 binomialOPtions 1 1326 28 1.111000 2.236000  0.000040 0.000033 0.000094 0.000204 0.000102 0.000052 
5839232 binomialOPtions 1 1326 28 1.111000 1.621000  0.000034 0.000032 0.000090 0.000174 0.000095 0.000050 
5839232 binomialOPtions 1 1326 28 1.111000 2.005000  0.000037 0.000032 0.000089 0.000173 0.000095 0.000050 
5839296 binomialOPtions 1 1326 28 1.111000 1.234000  0.000048 0.000032 0.000089 0.000190 0.000092 0.000049 
5839296 binomialOPtions 1 1326 28 1.111000 2.003000  0.000035 0.000032 0.000089 0.000171 0.000094 0.000050 
5839296 binomialOPtions 1 1326 28 1.111000 1.773000  0.000038 0.000032 0.000089 0.000195 0.000102 0.000052 
5839360 binomialOPtions 1 1326 28 1.111000 1.232000  0.000036 0.000032 0.000089 0.000174 0.000094 0.000050 
5839360 binomialOPtions 1 1326 28 1.111000 1.851000  0.000036 0.000033 0.000089 0.000188 0.000098 0.000051 
5839360 binomialOPtions 1 1326 28 1.111000 1.234000  0.000046 0.000031 0.000088 0.000186 0.000090 0.000048 
5839424 binomialOPtions 1 1326 28 1.111000 1.774000  0.000044 0.000034 0.000093 0.000200 0.000101 0.000051 
5839424 binomialOPtions 1 1326 28 1.111000 1.232000  0.000035 0.000032 0.000088 0.000172 0.000092 0.000049 
5839424 binomialOPtions 1 1326 28 1.111000 1.234000  0.000041 0.000034 0.000093 0.000200 0.000103 0.000053 
5839488 binomialOPtions 1 1326 28 1.111000 2.003000  0.000045 0.000033 0.000091 0.000198 0.000099 0.000051 
5839488 binomialOPtions 1 1326 28 1.111000 1.234000  0.000033 0.000030 0.000084 0.000161 0.000086 0.000047 
5839552 binomialOPtions 1 1326 28 1.111000 1.771000  0.000045 0.000033 0.000091 0.000195 0.000098 0.000050 
5839552 binomialOPtions 1 1326 28 1.111000 1.311000  0.000048 0.000034 0.000094 0.000216 0.000104 0.000053 
5839552 binomialOPtions 1 1326 28 1.111000 1.544000  0.000045 0.000033 0.000092 0.000204 0.000102 0.000052 
5839616 binomialOPtions 1 1326 28 1.111000 1.233000  0.000040 0.000032 0.000088 0.000190 0.000097 0.000050 
5839616 binomialOPtions 1 1326 28 1.111000 1.233000  0.000038 0.000033 0.000093 0.000203 0.000102 0.000053 
5839616 binomialOPtions 1 1326 28 1.111000 1.771000  0.000034 0.000031 0.000086 0.000166 0.000091 0.000048 
5839680 binomialOPtions 1 1326 28 1.111000 1.619000  0.000049 0.000032 0.000088 0.000198 0.000091 0.000048 
5839680 binomialOPtions 1 1326 28 1.111000 1.232000  0.000035 0.000031 0.000086 0.000168 0.000091 0.000048 
5839680 binomialOPtions 1 1326 28 1.111000 1.233000  0.767363 0.181041 0.380264 0.767551 0.206571 0.089170 
5839744 binomialOPtions 1 1326 28 1.111000 1.309000  0.000034 0.000031 0.000085 0.000166 0.000091 0.000048 
5839744 binomialOPtions 1 1326 28 1.111000 2.468000  0.000036 0.000031 0.000085 0.000166 0.000090 0.000048 
5839744 binomialOPtions 1 1326 28 1.111000 1.233000  0.000046 0.000031 0.000085 0.000191 0.000087 0.000047 
5839808 binomialOPtions 1 1326 28 1.111000 1.851000  0.000040 0.000033 0.000088 0.000191 0.000096 0.000049 
5839808 binomialOPtions 1 1326 28 1.111000 1.233000  0.000035 0.000031 0.000085 0.000170 0.000092 0.000049 
5839808 binomialOPtions 1 1326 28 1.111000 1.234000  0.000033 0.000031 0.000084 0.000161 0.000089 0.000047 
5839872 binomialOPtions 1 1326 28 1.111000 1.851000  0.000035 0.000031 0.000084 0.000167 0.000089 0.000047 
5839872 binomialOPtions 1 1326 28 1.111000 1.311000  0.776290 0.181710 0.381425 0.776691 0.207805 0.089554 
5839936 binomialOPtions 1 1326 28 1.111000 1.770000  0.000042 0.000032 0.000087 0.000186 0.000094 0.000049 
5839936 binomialOPtions 1 1326 28 1.111000 1.233000  0.000041 0.000032 0.000088 0.000197 0.000101 0.000051 
5839936 binomialOPtions 1 1326 28 1.111000 1.464000  0.000043 0.000033 0.000090 0.000202 0.000101 0.000051 
5840000 binomialOPtions 1 1326 28 1.111000 1.774000  0.000035 0.000030 0.000083 0.000165 0.000088 0.000046 
5840000 binomialOPtions 1 1326 28 1.111000 1.465000  0.000037 0.000029 0.000085 0.000193 0.000087 0.000046 
5840000 binomialOPtions 1 1326 28 1.111000 1.849000  0.000043 0.000032 0.000088 0.000190 0.000094 0.000049 
5840064 binomialOPtions 1 1326 28 1.111000 1.851000  0.000034 0.000030 0.000083 0.000162 0.000087 0.000046 
5840064 binomialOPtions 1 1326 28 1.111000 1.233000  0.000033 0.000030 0.000082 0.000158 0.000087 0.000046 
5840064 binomialOPtions 1 1326 28 1.111000 1.852000  0.000041 0.000030 0.000084 0.000182 0.000093 0.000047 
5840128 binomialOPtions 1 1326 28 1.111000 1.464000  0.000031 0.000028 0.000079 0.000233 0.000098 0.000050 
5840128 binomialOPtions 1 1326 28 1.111000 1.849000  0.000032 0.000030 0.000082 0.000157 0.000086 0.000046 
5840128 binomialOPtions 1 1326 28 1.111000 1.233000  0.000035 0.000030 0.000081 0.000162 0.000087 0.000046 
5840192 binomialOPtions 1 1326 28 1.111000 1.154000  0.000038 0.000031 0.000086 0.000180 0.000093 0.000048 
5840192 binomialOPtions 1 1326 28 1.111000 1.234000  0.000038 0.000030 0.000083 0.000177 0.000091 0.000047 
5840192 binomialOPtions 1 1326 28 1.111000 1.465000  0.000038 0.000031 0.000082 0.000164 0.000084 0.000044 
5840256 binomialOPtions 1 1326 28 1.111000 1.771000  0.000033 0.000029 0.000088 0.000192 0.000095 0.000048 
5840256 binomialOPtions 1 1326 28 1.111000 1.309000  0.000032 0.000028 0.000081 0.000191 0.000083 0.000050 
5840256 binomialOPtions 1 1326 28 1.111000 1.232000  0.000037 0.000030 0.000085 0.000180 0.000092 0.000048 
5840320 binomialOPtions 1 1326 28 1.111000 1.233000  0.000033 0.000029 0.000080 0.000171 0.000090 0.000047 
5840320 binomialOPtions 1 1326 28 1.111000 1.234000  0.000038 0.000031 0.000084 0.000179 0.000092 0.000048 
5840384 binomialOPtions 1 1326 28 1.111000 2.082000  0.000036 0.000030 0.000083 0.000177 0.000089 0.000047 
5840384 binomialOPtions 1 1326 28 1.111000 1.311000  0.000046 0.000029 0.000081 0.000188 0.000084 0.000044 
5840384 binomialOPtions 1 1326 28 1.111000 1.231000  0.000041 0.000031 0.000087 0.000195 0.000097 0.000049 
5840448 binomialOPtions 1 1326 28 1.111000 1.232000  0.000033 0.000029 0.000080 0.000162 0.000085 0.000045 
5840448 binomialOPtions 1 1326 28 1.111000 1.311000  0.000032 0.000043 0.000103 0.000217 0.000120 0.000058 
5840448 binomialOPtions 1 1326 28 1.111000 1.387000  0.000033 0.000029 0.000079 0.000155 0.000084 0.000044 
5840512 binomialOPtions 1 1326 28 1.111000 1.233000  0.000031 0.000027 0.000076 0.000147 0.000079 0.000042 
5840512 binomialOPtions 1 1326 28 1.111000 2.232000  0.000031 0.000029 0.000079 0.000153 0.000084 0.000044 
5840512 binomialOPtions 1 1326 28 1.111000 1.233000  0.000040 0.000028 0.000080 0.000175 0.000081 0.000043 
5840576 binomialOPtions 1 1326 28 1.111000 1.233000  0.000030 0.000028 0.000078 0.000149 0.000082 0.000044 
5840576 binomialOPtions 1 1326 28 1.111000 1.233000  0.000036 0.000028 0.000078 0.000179 0.000084 0.000050 
5840576 binomialOPtions 1 1326 28 1.111000 1.157000  0.000031 0.000028 0.000078 0.000151 0.000083 0.000043 
5840640 binomialOPtions 1 1326 28 1.111000 2.080000  0.000031 0.000027 0.000074 0.000156 0.000078 0.000042 
5840640 binomialOPtions 1 1326 28 1.111000 1.233000  0.000030 0.000027 0.000074 0.000143 0.000076 0.000041 
5840640 binomialOPtions 1 1326 28 1.111000 1.848000  0.000039 0.000030 0.000084 0.000184 0.000093 0.000048 
5840704 binomialOPtions 1 1326 28 1.111000 1.234000  0.000031 0.000028 0.000077 0.000149 0.000081 0.000043 
5840704 binomialOPtions 1 1326 28 1.111000 1.232000  0.000030 0.000028 0.000077 0.000149 0.000080 0.000043 
5840768 binomialOPtions 1 1326 28 1.111000 1.696000  0.000033 0.000028 0.000076 0.000155 0.000083 0.000044 
5840768 binomialOPtions 1 1326 28 1.111000 1.232000  0.000029 0.000026 0.000073 0.000140 0.000075 0.000040 
5840768 binomialOPtions 1 1326 28 1.111000 1.928000  0.000033 0.000029 0.000079 0.000170 0.000085 0.000044 
5840832 binomialOPtions 1 1326 28 1.111000 1.311000  0.000036 0.000027 0.000076 0.000168 0.000079 0.000042 
5840832 binomialOPtions 1 1326 28 1.111000 1.773000  0.000038 0.000028 0.000079 0.000170 0.000084 0.000044 
5840832 binomialOPtions 1 1326 28 1.111000 2.389000  0.000023 0.000019 0.000053 0.000103 0.000056 0.000029 
5840896 binomialOPtions 1 1326 28 1.111000 1.234000  0.000030 0.000026 0.000072 0.000144 0.000075 0.000040 
5840896 binomialOPtions 1 1326 28 1.111000 1.928000  0.000038 0.000029 0.000081 0.000178 0.000089 0.000045 
5840896 binomialOPtions 1 1326 28 1.111000 1.311000  0.000031 0.000027 0.000075 0.000149 0.000079 0.000042 
5840960 binomialOPtions 1 1326 28 1.111000 1.232000  0.000029 0.000027 0.000075 0.000144 0.000079 0.000042 
5840960 binomialOPtions 1 1326 28 1.111000 2.160000  0.000033 0.000027 0.000076 0.000163 0.000085 0.000044 
5840960 binomialOPtions 1 1326 28 1.111000 1.233000  0.000028 0.000026 0.000072 0.000136 0.000073 0.000040 
5841024 binomialOPtions 1 1326 28 1.111000 1.852000  0.000035 0.000028 0.000077 0.000167 0.000085 0.000044 
5841024 binomialOPtions 1 1326 28 1.111000 1.234000  0.000037 0.000029 0.000078 0.000164 0.000083 0.000044 
5841024 binomialOPtions 1 1326 28 1.111000 2.005000  0.000035 0.000029 0.000079 0.000173 0.000088 0.000045 
5841088 binomialOPtions 1 1326 28 1.111000 2.156000  0.000029 0.000027 0.000076 0.000163 0.000083 0.000043 
5841088 binomialOPtions 1 1326 28 1.111000 1.542000  0.000037 0.000028 0.000076 0.000152 0.000076 0.000041 
5841152 binomialOPtions 1 1326 28 1.111000 1.848000  0.000033 0.000027 0.000077 0.000163 0.000083 0.000043 
5841152 binomialOPtions 1 1326 28 1.111000 1.234000  0.000029 0.000026 0.000074 0.000167 0.000075 0.000041 
5841152 binomialOPtions 1 1326 28 1.111000 1.695000  0.000030 0.000039 0.000095 0.000193 0.000109 0.000054 
5841216 binomialOPtions 1 1326 28 1.111000 1.620000  0.000031 0.000027 0.000074 0.000146 0.000078 0.000043 
5841216 binomialOPtions 1 1326 28 1.111000 1.464000  0.000032 0.000027 0.000074 0.000159 0.000083 0.000042 
5841216 binomialOPtions 1 1326 28 1.111000 2.160000  0.000039 0.000029 0.000078 0.000169 0.000083 0.000043 
5841280 binomialOPtions 1 1326 29 1.111000 1.232000  0.000038 0.000026 0.000073 0.000161 0.000075 0.000040 
5841280 binomialOPtions 1 1326 28 1.111000 1.772000  0.000095 0.000033 0.000090 0.000269 0.000098 0.000048 
5841280 binomialOPtions 1 1326 28 1.111000 1.232000  0.000032 0.000026 0.000073 0.000152 0.000076 0.000040 
5841344 binomialOPtions 1 1326 28 1.111000 1.620000  0.000033 0.000027 0.000077 0.000169 0.000086 0.000044 
5841344 binomialOPtions 1 1326 28 1.111000 2.004000  0.000030 0.000026 0.000073 0.000141 0.000077 0.000041 
5841344 binomialOPtions 1 1326 28 1.111000 1.385000  0.000033 0.000025 0.000070 0.000168 0.000075 0.000040 
5841408 binomialOPtions 1 1326 28 1.111000 1.772000  0.000036 0.000028 0.000078 0.000176 0.000087 0.000044 
5841408 binomialOPtions 1 1326 28 1.111000 1.234000  0.000029 0.000026 0.000072 0.000140 0.000076 0.000040 
5841472 binomialOPtions 1 1326 28 1.111000 1.232000  0.000124 0.000065 0.000140 0.000317 0.000139 0.000072 
5841472 binomialOPtions 1 1326 28 1.111000 2.079000  0.000029 0.000026 0.000072 0.000141 0.000076 0.000040 
5841472 binomialOPtions 1 1326 28 1.111000 1.234000  0.000028 0.000025 0.000069 0.000132 0.000072 0.000038 
5841536 binomialOPtions 1 1326 28 1.111000 1.466000  0.000039 0.000028 0.000076 0.000171 0.000084 0.000043 
5841536 binomialOPtions 1 1326 28 1.111000 1.157000  0.000030 0.000026 0.000071 0.000143 0.000076 0.000040 
5841536 binomialOPtions 1 1326 28 1.111000 1.157000  0.000037 0.000027 0.000076 0.000163 0.000081 0.000042 
5841600 binomialOPtions 1 1326 28 1.111000 2.081000  0.000079 0.000029 0.000079 0.000217 0.000087 0.000044 
5841600 binomialOPtions 1 1326 28 1.111000 1.310000  0.000028 0.000025 0.000068 0.000133 0.000071 0.000038 
5841600 binomialOPtions 1 1326 28 1.111000 1.541000  0.000202 0.000152 0.000416 0.000922 0.000463 0.000248 
5841664 binomialOPtions 1 1326 28 1.111000 1.157000  0.000029 0.000026 0.000071 0.000138 0.000075 0.000040 
5841664 binomialOPtions 1 1326 28 1.111000 1.234000  0.000037 0.000028 0.000074 0.000155 0.000077 0.000040 
5841664 binomialOPtions 1 1326 28 1.111000 1.695000  0.000035 0.000027 0.000075 0.000162 0.000080 0.000042 
5841728 binomialOPtions 1 1326 28 1.111000 1.309000  0.000028 0.000024 0.000068 0.000136 0.000069 0.000038 
5841728 binomialOPtions 1 1326 28 1.111000 1.234000  0.000036 0.000027 0.000074 0.000160 0.000081 0.000042 
5841792 binomialOPtions 1 1326 28 1.111000 1.233000  0.000029 0.000026 0.000072 0.000155 0.000080 0.000041 
5841792 binomialOPtions 1 1326 28 1.111000 1.311000  0.000027 0.000026 0.000073 0.000151 0.000078 0.000040 
5841792 binomialOPtions 1 1326 28 1.111000 1.311000  0.000029 0.000025 0.000070 0.000137 0.000075 0.000039 
5841856 binomialOPtions 1 1326 28 1.111000 1.157000  0.000028 0.000025 0.000070 0.000151 0.000072 0.000038 
5841856 binomialOPtions 1 1326 28 1.111000 1.232000  0.000028 0.000025 0.000070 0.000133 0.000073 0.000039 
5841856 binomialOPtions 1 1326 28 1.111000 1.234000  0.000044 0.000022 0.000059 0.000196 0.000063 0.000031 
5841920 binomialOPtions 1 1326 28 1.111000 1.465000  0.000035 0.000028 0.000075 0.000167 0.000084 0.000043 
5841920 binomialOPtions 1 1326 28 1.111000 1.387000  0.000028 0.000025 0.000076 0.000257 0.000084 0.000042 
5841920 binomialOPtions 1 1326 28 1.111000 1.232000  0.000032 0.000025 0.000069 0.000165 0.000072 0.000038 
5841984 binomialOPtions 1 1326 28 1.111000 1.309000  0.000035 0.000027 0.000073 0.000158 0.000079 0.000040 
5841984 binomialOPtions 1 1326 28 1.111000 1.311000  0.000044 0.000026 0.000080 0.000216 0.000085 0.000043 
5841984 binomialOPtions 1 1326 28 1.111000 1.154000  0.000034 0.000026 0.000073 0.000159 0.000080 0.000041 
5842048 binomialOPtions 1 1326 28 1.111000 1.698000  0.000034 0.000025 0.000071 0.000151 0.000076 0.000040 
5842048 binomialOPtions 1 1326 28 1.111000 1.310000  0.000029 0.000025 0.000068 0.000161 0.000072 0.000038 
5842048 binomialOPtions 1 1326 28 1.111000 1.464000  0.000034 0.000027 0.000074 0.000160 0.000080 0.000041 
5842112 binomialOPtions 1 1326 28 1.111000 1.312000  0.000032 0.000025 0.000068 0.000142 0.000140 0.000062 
5842112 binomialOPtions 1 1326 28 1.111000 1.232000  0.000032 0.000026 0.000073 0.000162 0.000081 0.000041 
5842176 binomialOPtions 1 1326 28 1.111000 2.004000  0.000028 0.000025 0.000088 0.000184 0.000088 0.000050 
5842176 binomialOPtions 1 1326 28 1.111000 1.235000  0.000027 0.000024 0.000065 0.000128 0.000068 0.000036 
5842176 binomialOPtions 1 1326 28 1.111000 1.774000  0.000020 0.000018 0.000050 0.000097 0.000052 0.000028 
5842240 binomialOPtions 1 1326 28 1.111000 1.232000  0.000036 0.000026 0.000072 0.000160 0.000080 0.000041 
5842240 binomialOPtions 1 1326 28 1.111000 1.155000  0.000032 0.000025 0.000070 0.000154 0.000078 0.000040 
5842240 binomialOPtions 1 1326 28 1.111000 1.542000  0.000030 0.000024 0.000068 0.000145 0.000075 0.000039 
5842304 binomialOPtions 1 1326 28 1.111000 1.234000  0.000026 0.000023 0.000064 0.000122 0.000066 0.000036 
5842304 binomialOPtions 1 1326 28 1.111000 2.005000  0.000034 0.000026 0.000071 0.000154 0.000079 0.000040 
5842304 binomialOPtions 1 1326 28 1.111000 1.311000  0.000032 0.000025 0.000068 0.000140 0.000072 0.000038 
5842368 binomialOPtions 1 1326 28 1.111000 1.926000  0.000032 0.000026 0.000071 0.000154 0.000079 0.000040 
5842368 binomialOPtions 1 1326 28 1.111000 1.696000  0.000030 0.000025 0.000070 0.000152 0.000077 0.000040 
5842368 binomialOPtions 1 1326 28 1.111000 1.466000  0.000030 0.000025 0.000068 0.000135 0.000069 0.000036 
5842432 binomialOPtions 1 1326 28 1.111000 2.005000  0.000027 0.000024 0.000086 0.000177 0.000098 0.000049 
5842432 binomialOPtions 1 1326 28 1.111000 1.232000  0.000027 0.000023 0.000064 0.000130 0.000069 0.000037 
5842432 binomialOPtions 1 1326 28 1.111000 1.849000  0.000034 0.000026 0.000072 0.000158 0.000079 0.000041 
5842496 binomialOPtions 1 1326 28 1.111000 1.232000  0.000034 0.000026 0.000070 0.000156 0.000079 0.000040 
5842496 binomialOPtions 1 1326 28 1.111000 1.309000  0.000035 0.000025 0.000069 0.000153 0.000077 0.000040 
5842560 binomialOPtions 1 1326 28 1.111000 2.005000  0.000029 0.000024 0.000067 0.000140 0.000072 0.000038 
5842560 binomialOPtions 1 1326 28 1.111000 1.156000  0.000039 0.000026 0.000069 0.000187 0.000070 0.000037 
5842560 binomialOPtions 1 1326 28 1.111000 1.773000  0.000031 0.000025 0.000068 0.000146 0.000073 0.000038 
5842624 binomialOPtions 1 1326 28 1.111000 1.232000  0.000027 0.000024 0.000066 0.000129 0.000069 0.000036 
5842624 binomialOPtions 1 1326 28 1.111000 1.233000  0.000036 0.000026 0.000070 0.000156 0.000077 0.000039 
5842624 binomialOPtions 1 1326 28 1.111000 1.928000  0.000026 0.000024 0.000084 0.000178 0.000084 0.000048 
5842688 binomialOPtions 1 1326 28 1.111000 1.233000  0.000029 0.000023 0.000063 0.000149 0.000067 0.000036 
5842688 binomialOPtions 1 1326 28 1.111000 2.235000  0.000034 0.000026 0.000070 0.000150 0.000076 0.000038 
5842688 binomialOPtions 1 1326 28 1.111000 1.235000  0.000027 0.000024 0.000065 0.000126 0.000069 0.000036 
5842752 binomialOPtions 1 1326 28 1.111000 1.234000  0.000033 0.000025 0.000068 0.000149 0.000074 0.000038 
5842752 binomialOPtions 1 1326 28 1.111000 1.774000  0.000029 0.000025 0.000068 0.000144 0.000073 0.000038 
5842752 binomialOPtions 1 1326 28 1.111000 1.389000  0.000025 0.000022 0.000062 0.000122 0.000064 0.000035 
5842816 binomialOPtions 1 1326 28 1.111000 1.848000  0.000186 0.000147 0.000393 0.000939 0.000444 0.000231 
5842816 binomialOPtions 1 1326 28 1.111000 1.233000  0.000027 0.000024 0.000066 0.000147 0.000075 0.000038 
5842880 binomialOPtions 1 1326 28 1.111000 1.232000  0.000025 0.000022 0.000062 0.000119 0.000064 0.000034 
5842880 binomialOPtions 1 1326 28 1.111000 1.850000  0.000032 0.000025 0.000069 0.000152 0.000077 0.000039 
5842880 binomialOPtions 1 1326 28 1.111000 1.234000  0.000033 0.000025 0.000070 0.000154 0.000078 0.000039 
5842944 binomialOPtions 1 1326 28 1.111000 1.233000  0.000031 0.000024 0.000068 0.000146 0.000074 0.000038 
5842944 binomialOPtions 1 1326 28 1.111000 1.233000  0.000028 0.000023 0.000065 0.000136 0.000071 0.000037 
5842944 binomialOPtions 1 1326 28 1.111000 1.233000  0.000031 0.000025 0.000068 0.000150 0.000076 0.000039 
5843008 binomialOPtions 1 1326 28 1.111000 2.695000  0.000029 0.000023 0.000065 0.000138 0.000071 0.000037 
5843008 binomialOPtions 1 1326 28 1.111000 1.233000  0.000030 0.000023 0.000064 0.000153 0.000067 0.000035 
5843008 binomialOPtions 1 1326 28 1.111000 1.234000  0.000028 0.000028 0.000073 0.000175 0.000077 0.000040 
5843072 binomialOPtions 1 1326 28 1.111000 1.234000  0.000029 0.000023 0.000064 0.000133 0.000068 0.000036 
5843072 binomialOPtions 1 1326 28 1.111000 1.232000  0.000032 0.000025 0.000067 0.000142 0.000072 0.000038 
5843072 binomialOPtions 1 1326 28 1.111000 2.235000  0.000028 0.000024 0.000067 0.000144 0.000072 0.000037 
5843136 binomialOPtions 1 1326 28 1.111000 1.232000  0.000028 0.000023 0.000063 0.000145 0.000065 0.000034 
5843136 binomialOPtions 1 1326 28 1.111000 1.774000  0.000032 0.000024 0.000066 0.000140 0.000071 0.000037 
5843136 binomialOPtions 1 1326 28 1.111000 1.232000  0.000026 0.000023 0.000063 0.000127 0.000067 0.000035 
5843200 binomialOPtions 1 1326 28 1.111000 1.233000  0.000029 0.000024 0.000066 0.000138 0.000071 0.000037 
5843200 binomialOPtions 1 1326 28 1.111000 2.005000  0.000026 0.000034 0.000081 0.000181 0.000096 0.000046 
5843264 binomialOPtions 1 1326 28 1.111000 1.310000  0.000026 0.000022 0.000062 0.000134 0.000064 0.000035 
5843264 binomialOPtions 1 1326 28 1.111000 1.233000  0.000029 0.000024 0.000066 0.000140 0.000071 0.000036 
5843264 binomialOPtions 1 1326 28 1.111000 1.928000  0.000028 0.000023 0.000065 0.000142 0.000073 0.000037 
5843328 binomialOPtions 1 1326 28 1.111000 1.309000  0.000032 0.000024 0.000065 0.000130 0.000069 0.000036 
5843328 binomialOPtions 1 1326 28 1.111000 2.157000  0.000026 0.000023 0.000062 0.000122 0.000066 0.000035 
5843328 binomialOPtions 1 1326 28 1.111000 1.232000  0.000025 0.000022 0.000061 0.000126 0.000064 0.000034 
5843392 binomialOPtions 1 1326 28 1.111000 1.311000  0.000026 0.000023 0.000062 0.000121 0.000066 0.000035 
5843392 binomialOPtions 1 1326 28 1.111000 1.310000  0.000029 0.000023 0.000063 0.000140 0.000069 0.000037 
5843392 binomialOPtions 1 1326 28 1.111000 1.156000  0.000028 0.000023 0.000064 0.000136 0.000070 0.000036 
5843456 binomialOPtions 1 1326 28 1.111000 2.081000  0.000026 0.000023 0.000062 0.000122 0.000066 0.000035 
5843456 binomialOPtions 1 1326 28 1.111000 1.310000  0.000025 0.000021 0.000060 0.000116 0.000061 0.000033 
5843456 binomialOPtions 1 1326 28 1.111000 1.929000  0.000025 0.000022 0.000062 0.000119 0.000065 0.000035 
5843520 binomialOPtions 1 1326 28 1.111000 1.233000  0.000031 0.000023 0.000065 0.000143 0.000072 0.000037 
5843520 binomialOPtions 1 1326 28 1.111000 1.851000  0.000031 0.000024 0.000066 0.000139 0.000071 0.000037 
5843520 binomialOPtions 1 1326 28 1.111000 2.157000  0.000028 0.000022 0.000063 0.000135 0.000068 0.000035 
5843584 binomialOPtions 1 1326 28 1.111000 1.852000  0.000029 0.000023 0.000062 0.000123 0.000063 0.000033 
5843584 binomialOPtions 1 1326 28 1.111000 2.159000  0.000025 0.000022 0.000061 0.000116 0.000064 0.000034 
5843648 binomialOPtions 1 1326 28 1.111000 1.234000  0.000034 0.000022 0.000061 0.000135 0.000063 0.000033 
5843648 binomialOPtions 1 1326 28 1.111000 1.929000  0.000030 0.000024 0.000066 0.000145 0.000073 0.000037 
5843648 binomialOPtions 1 1326 28 1.111000 1.696000  0.000080 0.000028 0.000072 0.000226 0.000081 0.000040 
5843712 binomialOPtions 1 1326 28 1.111000 1.233000  0.000029 0.000023 0.000064 0.000136 0.000070 0.000036 
5843712 binomialOPtions 1 1326 28 1.111000 1.848000  0.000029 0.000023 0.000063 0.000135 0.000069 0.000036 
5843712 binomialOPtions 1 1326 28 1.111000 1.232000  0.000039 0.000022 0.000062 0.000144 0.000063 0.000034 
5843776 binomialOPtions 1 1326 28 1.111000 1.850000  0.000030 0.000024 0.000064 0.000143 0.000072 0.000037 
5843776 binomialOPtions 1 1326 28 1.111000 1.232000  0.000024 0.000022 0.000060 0.000118 0.000063 0.000034 
5843776 binomialOPtions 1 1326 28 1.111000 1.232000  -0.614848 0.210438 0.442999 -0.614740 0.239966 0.102582 
5843840 binomialOPtions 1 1326 28 1.111000 1.774000  0.000025 0.000022 0.000060 0.000119 0.000064 0.000034 
5843840 binomialOPtions 1 1326 28 1.111000 1.234000  0.000027 0.000021 0.000059 0.000133 0.000062 0.000033 
5843840 binomialOPtions 1 1326 28 1.111000 1.774000  0.000029 0.000023 0.000064 0.000136 0.000068 0.000035 
5843904 binomialOPtions 1 1326 28 1.111000 1.233000  0.000024 0.000022 0.000060 0.000118 0.000063 0.000033 
5843904 binomialOPtions 1 1326 28 1.111000 1.233000  0.000031 0.000024 0.000064 0.000137 0.000068 0.000036 
5843968 binomialOPtions 1 1326 28 1.111000 1.696000  0.000024 0.000022 0.000077 0.000163 0.000076 0.000044 
5843968 binomialOPtions 1 1326 28 1.111000 1.233000  0.000026 0.000021 0.000059 0.000158 0.000064 0.000033 
5843968 binomialOPtions 1 1326 28 1.111000 1.773000  0.000025 0.000022 0.000060 0.000115 0.000063 0.000033 
5844032 binomialOPtions 1 1326 28 1.111000 1.233000  0.000032 0.000023 0.000063 0.000139 0.000072 0.000036 
5844032 binomialOPtions 1 1326 28 1.111000 1.234000  0.000030 0.000023 0.000064 0.000140 0.000071 0.000036 
5844032 binomialOPtions 1 1326 28 1.111000 2.234000  0.000026 0.000021 0.000060 0.000131 0.000067 0.000034 
5844096 binomialOPtions 1 1326 28 1.111000 1.309000  0.000027 0.000020 0.000057 0.000127 0.000059 0.000032 
5844096 binomialOPtions 1 1326 28 1.111000 1.771000  0.000026 0.000021 0.000060 0.000126 0.000065 0.000034 
5844096 binomialOPtions 1 1326 28 1.111000 1.310000  0.000033 0.000023 0.000063 0.000143 0.000068 0.000035 
5844160 binomialOPtions 1 1326 28 1.111000 1.309000  0.000029 0.000023 0.000062 0.000136 0.000069 0.000036 
5844160 binomialOPtions 1 1326 28 1.111000 1.852000  0.000024 0.000018 0.000048 0.000106 0.000053 0.000027 
5844160 binomialOPtions 1 1326 28 1.111000 1.234000  0.000023 0.000021 0.000057 0.000133 0.000060 0.000032 
5844224 binomialOPtions 1 1326 28 1.111000 1.232000  0.000023 0.000031 0.000075 0.000183 0.000088 0.000043 
5844224 binomialOPtions 1 1326 28 1.111000 1.309000  0.000044 0.000022 0.000062 0.000148 0.000067 0.000034 
5844288 binomialOPtions 1 1326 28 1.111000 1.232000  0.000027 0.000023 0.000060 0.000120 0.000061 0.000032 
5844288 binomialOPtions 1 1326 28 1.111000 1.775000  0.000024 0.000021 0.000075 0.000166 0.000076 0.000043 
5844288 binomialOPtions 1 1326 28 1.111000 1.232000  0.000023 0.000028 0.000072 0.000195 0.000077 0.000037 
5844352 binomialOPtions 1 1326 28 1.111000 1.232000  0.000068 0.000024 0.000066 0.000177 0.000072 0.000036 
5844352 binomialOPtions 1 1326 29 1.111000 1.541000  0.000025 0.000021 0.000061 0.000129 0.000065 0.000034 
5844352 binomialOPtions 1 1326 29 1.111000 1.233000  0.000024 0.000021 0.000060 0.000125 0.000065 0.000034 
5844416 binomialOPtions 1 1326 28 1.111000 1.773000  0.000026 0.000021 0.000059 0.000126 0.000064 0.000033 
5844416 binomialOPtions 1 1326 28 1.111000 1.233000  0.000029 0.000021 0.000058 0.000139 0.000061 0.000032 
5844416 binomialOPtions 1 1326 28 1.111000 1.232000  0.000022 0.000021 0.000074 0.000147 0.000085 0.000042 
5844480 binomialOPtions 1 1326 28 1.111000 1.387000  0.000026 0.000021 0.000058 0.000131 0.000065 0.000033 
5844480 binomialOPtions 1 1326 28 1.111000 1.309000  0.000028 0.000022 0.000062 0.000131 0.000066 0.000034 
5844480 binomialOPtions 1 1326 28 1.111000 2.003000  0.000026 0.000022 0.000060 0.000133 0.000067 0.000035 
5844544 binomialOPtions 1 1326 28 1.111000 1.312000  0.000022 0.000022 0.000059 0.000122 0.000060 0.000031 
5844544 binomialOPtions 1 1326 28 1.111000 1.693000  0.000027 0.000022 0.000061 0.000135 0.000068 0.000034 
5844608 binomialOPtions 1 1326 28 1.111000 1.310000  0.000024 0.000021 0.000057 0.000114 0.000060 0.000032 
5844608 binomialOPtions 1 1326 28 1.111000 1.234000  0.000023 0.000030 0.000074 0.000177 0.000085 0.000047 
5844608 binomialOPtions 1 1326 28 1.111000 1.232000  0.000024 0.000021 0.000057 0.000111 0.000060 0.000032 
5844672 binomialOPtions 1 1326 28 1.111000 1.619000  0.000022 0.000021 0.000057 0.000108 0.000060 0.000032 
5844672 binomialOPtions 1 1326 28 1.111000 1.850000  0.000023 0.000021 0.000057 0.000110 0.000060 0.000032 
5844672 binomialOPtions 1 1326 28 1.111000 1.311000  0.000027 0.000020 0.000056 0.000128 0.000059 0.000031 
5844736 binomialOPtions 1 1326 28 1.111000 2.002000  0.000023 0.000021 0.000056 0.000110 0.000060 0.000032 
5844736 binomialOPtions 1 1326 28 1.111000 1.309000  0.000023 0.000020 0.000056 0.000110 0.000060 0.000031 
5844736 binomialOPtions 1 1326 28 1.111000 1.233000  0.000023 0.000020 0.000056 0.000108 0.000059 0.000031 
5844800 binomialOPtions 1 1326 28 1.111000 1.232000  0.000022 0.000020 0.000056 0.000109 0.000059 0.000031 
5844800 binomialOPtions 1 1326 28 1.111000 1.233000  0.000021 0.000019 0.000054 0.000102 0.000055 0.000030 
5844800 binomialOPtions 1 1326 28 1.111000 1.926000  0.000024 0.000022 0.000060 0.000134 0.000064 0.000033 
5844864 binomialOPtions 1 1326 28 1.111000 1.309000  0.000029 0.000022 0.000061 0.000130 0.000065 0.000033 
5844864 binomialOPtions 1 1326 28 1.111000 1.850000  0.000024 0.000020 0.000057 0.000118 0.000062 0.000032 
5844864 binomialOPtions 1 1326 28 1.111000 1.233000  0.000026 0.000024 0.000062 0.000147 0.000068 0.000034 
5844928 binomialOPtions 1 1326 28 1.111000 1.312000  0.000026 0.000021 0.000059 0.000130 0.000066 0.000034 
5844928 binomialOPtions 1 1326 28 1.111000 2.005000  0.000025 0.000020 0.000058 0.000122 0.000065 0.000033 
5844928 binomialOPtions 1 1326 28 1.111000 1.234000  0.000022 0.000019 0.000053 0.000110 0.000059 0.000031 
5844992 binomialOPtions 1 1326 28 1.111000 1.770000  0.000026 0.000021 0.000058 0.000124 0.000063 0.000033 
5844992 binomialOPtions 1 1326 28 1.111000 2.158000  0.000024 0.000020 0.000058 0.000128 0.000064 0.000033 
5845056 binomialOPtions 1 1326 28 1.111000 1.234000  0.000025 0.000021 0.000059 0.000122 0.000063 0.000033 
5845056 binomialOPtions 1 1326 28 1.111000 1.771000  0.000162 0.000119 0.000293 0.000565 0.000228 0.000111 
5845056 binomialOPtions 1 1326 28 1.111000 1.232000  0.000023 0.000020 0.000055 0.000110 0.000058 0.000031 
5845120 binomialOPtions 1 1326 28 1.111000 1.156000  0.000025 0.000021 0.000057 0.000124 0.000062 0.000032 
5845120 binomialOPtions 1 1326 28 1.111000 2.156000  0.000022 0.000020 0.000055 0.000106 0.000058 0.000031 
5845120 binomialOPtions 1 1326 28 1.111000 1.234000  0.000022 0.000019 0.000053 0.000103 0.000055 0.000029 
5845184 binomialOPtions 1 1326 28 1.111000 2.004000  0.000025 0.000020 0.000056 0.000118 0.000061 0.000032 
5845184 binomialOPtions 1 1326 28 1.111000 1.234000  0.000028 0.000020 0.000056 0.000127 0.000063 0.000033 
5845184 binomialOPtions 1 1326 28 1.111000 1.309000  0.000028 0.000022 0.000059 0.000131 0.000066 0.000034 
5845248 binomialOPtions 1 1326 28 1.111000 2.160000  0.000025 0.000021 0.000058 0.000128 0.000064 0.000033 
5845248 binomialOPtions 1 1326 28 1.111000 1.233000  0.000021 0.000019 0.000052 0.000103 0.000053 0.000030 
5845248 binomialOPtions 1 1326 28 1.111000 1.309000  0.000027 0.000021 0.000058 0.000127 0.000065 0.000033 
5845312 binomialOPtions 1 1326 28 1.111000 1.233000  0.000030 0.000021 0.000058 0.000132 0.000065 0.000033 
5845312 binomialOPtions 1 1326 28 1.111000 1.464000  0.000028 0.000021 0.000057 0.000122 0.000061 0.000032 
5845376 binomialOPtions 1 1326 28 1.111000 2.005000  0.000022 0.000019 0.000054 0.000114 0.000059 0.000031 
5845376 binomialOPtions 1 1326 28 1.111000 1.234000  0.000021 0.000019 0.000052 0.000100 0.000053 0.000029 
5845376 binomialOPtions 1 1326 28 1.111000 1.694000  0.000056 0.000029 0.000070 0.000169 0.000080 0.000044 
5845440 binomialOPtions 1 1326 28 1.111000 1.234000  0.000023 0.000020 0.000054 0.000108 0.000057 0.000030 
5845440 binomialOPtions 1 1326 28 1.111000 1.234000  0.000028 0.000021 0.000057 0.000123 0.000061 0.000032 
5845440 binomialOPtions 1 1326 28 1.111000 2.157000  0.000022 0.000020 0.000054 0.000106 0.000057 0.000030 
5845504 binomialOPtions 1 1326 28 1.111000 1.233000  0.000021 0.000019 0.000052 0.000099 0.000054 0.000029 
5845504 binomialOPtions 1 1326 28 1.111000 1.773000  0.000022 0.000016 0.000046 0.000102 0.000051 0.000026 
5845504 binomialOPtions 1 1326 28 1.111000 1.234000  0.000029 0.000021 0.000057 0.000123 0.000061 0.000032 
5845568 binomialOPtions 1 1326 28 1.111000 1.465000  0.000027 0.000021 0.000057 0.000124 0.000063 0.000032 
5845568 binomialOPtions 1 1326 28 1.111000 1.464000  0.000027 0.000020 0.000057 0.000129 0.000064 0.000032 
5845568 binomialOPtions 1 1326 28 1.111000 1.232000  0.000020 0.000018 0.000051 0.000097 0.000052 0.000028 
5845632 binomialOPtions 1 1326 28 1.111000 2.005000  0.000032 0.000020 0.000056 0.000124 0.000059 0.000031 
5845632 binomialOPtions 1 1326 28 1.111000 1.234000  0.000022 0.000019 0.000053 0.000106 0.000056 0.000030 
5845632 binomialOPtions 1 1326 28 1.111000 1.232000  0.000020 0.000019 0.000053 0.000102 0.000056 0.000030 
5845696 binomialOPtions 1 1326 28 1.111000 1.697000  0.000020 0.000017 0.000046 0.000092 0.000049 0.000026 
5845696 binomialOPtions 1 1326 28 1.111000 1.233000  0.000027 0.000021 0.000055 0.000112 0.000056 0.000029 
5845760 binomialOPtions 1 1326 28 1.111000 2.005000  0.000027 0.000020 0.000054 0.000111 0.000055 0.000029 
5845760 binomialOPtions 1 1326 28 1.111000 1.234000  0.000027 0.000021 0.000056 0.000121 0.000060 0.000031 
5845760 binomialOPtions 1 1326 28 1.111000 1.309000  0.000026 0.000020 0.000056 0.000121 0.000061 0.000031 
5845824 binomialOPtions 1 1326 28 1.111000 1.850000  0.000022 0.000019 0.000053 0.000105 0.000056 0.000029 
5845824 binomialOPtions 1 1326 28 1.111000 1.233000  0.000020 0.000019 0.000053 0.000728 0.000430 0.000249 
5845824 binomialOPtions 1 1326 28 1.111000 1.928000  0.000020 0.000019 0.000068 0.000131 0.000078 0.000038 
5845888 binomialOPtions 1 1326 28 1.111000 1.233000  0.000022 0.000022 0.000057 0.000124 0.000061 0.000031 
5845888 binomialOPtions 1 1326 28 1.111000 1.233000  0.000026 0.000020 0.000055 0.000117 0.000059 0.000031 
5845888 binomialOPtions 1 1326 28 1.111000 1.233000  0.000022 0.000019 0.000053 0.000111 0.000058 0.000031 
5845952 binomialOPtions 1 1326 28 1.111000 1.234000  0.000020 0.000018 0.000050 0.000094 0.000051 0.000028 
5845952 binomialOPtions 1 1326 28 1.111000 2.005000  0.000024 0.000020 0.000057 0.000130 0.000062 0.000031 
5845952 binomialOPtions 1 1326 28 1.111000 1.234000  0.000027 0.000020 0.000055 0.000117 0.000060 0.000031 
5846016 binomialOPtions 1 1326 28 1.111000 1.462000  0.000024 0.000020 0.000054 0.000114 0.000058 0.000030 
5846016 binomialOPtions 1 1326 28 1.111000 1.235000  0.000023 0.000019 0.000054 0.000116 0.000058 0.000030 
5846080 binomialOPtions 1 1326 28 1.111000 1.234000  0.000027 0.000020 0.000056 0.000125 0.000062 0.000032 
5846080 binomialOPtions 1 1326 28 1.111000 2.005000  0.000021 0.000019 0.000067 0.000140 0.000067 0.000038 
5846080 binomialOPtions 1 1326 28 1.111000 1.234000  0.000021 0.000018 0.000050 0.000108 0.000056 0.000029 
5846144 binomialOPtions 1 1326 28 1.111000 1.387000  0.000027 0.000020 0.000056 0.000123 0.000061 0.000032 
5846144 binomialOPtions 1 1326 28 1.111000 1.233000  0.000022 0.000019 0.000054 0.000116 0.000058 0.000030 
5846144 binomialOPtions 1 1326 28 1.111000 1.311000  0.000023 0.000020 0.000055 0.000119 0.000061 0.000031 
5846208 binomialOPtions 1 1326 28 1.111000 1.928000  0.000021 0.000019 0.000066 0.000136 0.000076 0.000038 
5846208 binomialOPtions 1 1326 28 1.111000 1.233000  0.000021 0.000018 0.000060 0.000165 0.000094 0.000041 
5846208 binomialOPtions 1 1326 28 1.111000 1.308000  0.000024 0.000019 0.000054 0.000114 0.000057 0.000030 
5846272 binomialOPtions 1 1326 28 1.111000 1.233000  0.000023 0.000019 0.000052 0.000110 0.000057 0.000030 
5846272 binomialOPtions 1 1326 28 1.111000 1.388000  0.000024 0.000019 0.000052 0.000727 0.000424 0.000245 
5846272 binomialOPtions 1 1326 28 1.111000 1.773000  0.000021 0.000027 0.000066 0.000141 0.000078 0.000037 
5846336 binomialOPtions 1 1326 28 1.111000 1.234000  0.000021 0.000019 0.000051 0.000101 0.000054 0.000028 
5846336 binomialOPtions 1 1326 28 1.111000 1.311000  0.000020 0.000019 0.000051 0.000099 0.000054 0.000028 
5846400 binomialOPtions 1 1326 28 1.111000 1.234000  0.000019 0.000016 0.000043 0.000088 0.000046 0.000024 
5846400 binomialOPtions 1 1326 28 1.111000 1.234000  0.000020 0.000018 0.000049 0.000095 0.000051 0.000027 
5846400 binomialOPtions 1 1326 28 1.111000 1.774000  0.000024 0.000019 0.000053 0.000115 0.000058 0.000030 
5846464 binomialOPtions 1 1326 28 1.111000 1.234000  0.000024 0.000019 0.000052 0.000108 0.000054 0.000028 
5846464 binomialOPtions 1 1326 28 1.111000 1.310000  0.000025 0.000020 0.000054 0.000117 0.000059 0.000031 
5846464 binomialOPtions 1 1326 28 1.111000 1.156000  0.000024 0.000019 0.000053 0.000115 0.000058 0.000030 
5846528 binomialOPtions 1 1326 28 1.111000 1.775000  0.000019 0.000017 0.000048 0.000091 0.000049 0.000027 
5846528 binomialOPtions 1 1326 28 1.111000 2.237000  0.000021 0.000018 0.000050 0.000097 0.000053 0.000028 
5846528 binomialOPtions 1 1326 28 1.111000 1.233000  0.000034 0.000020 0.000056 0.000162 0.000060 0.000031 
5846592 binomialOPtions 1 1326 28 1.111000 1.387000  0.000026 0.000019 0.000053 0.000119 0.000059 0.000030 
5846592 binomialOPtions 1 1326 28 1.111000 1.156000  0.038311 0.008115 0.017395 0.038379 0.009613 0.004191 
5846592 binomialOPtions 1 1326 28 1.111000 1.233000  0.000025 0.000019 0.000052 0.000114 0.000058 0.000030 
5846656 binomialOPtions 1 1326 28 1.111000 1.849000  0.000021 0.000018 0.000050 0.000097 0.000052 0.000028 
5846656 binomialOPtions 1 1326 28 1.111000 1.233000  0.000026 0.000018 0.000050 0.000111 0.000051 0.000027 
5846656 binomialOPtions 1 1326 28 1.111000 1.234000  0.000021 0.000018 0.000050 0.000098 0.000053 0.000028 
5846720 binomialOPtions 1 1326 28 1.111000 1.233000  0.000021 0.000018 0.000050 0.000101 0.000055 0.000029 
5846720 binomialOPtions 1 1326 28 1.111000 1.233000  0.000023 0.000019 0.000053 0.000112 0.000057 0.000029 
5846784 binomialOPtions 1 1326 28 1.111000 2.082000  0.000022 0.000018 0.000051 0.000109 0.000056 0.000029 
5846784 binomialOPtions 1 1326 28 1.111000 1.311000  0.000019 0.000017 0.000048 0.000092 0.000048 0.000026 
5846784 binomialOPtions 1 1326 28 1.111000 1.850000  0.000026 0.000019 0.021740 0.048925 0.012161 0.005270 
5846848 binomialOPtions 1 1326 28 1.111000 1.234000  0.000025 0.000019 0.000054 0.000119 0.000059 0.000030 
5846848 binomialOPtions 1 1326 28 1.111000 1.233000  0.000025 0.000019 0.000052 0.000115 0.000058 0.000030 
5846848 binomialOPtions 1 1326 28 1.111000 1.234000  0.000023 0.000019 0.000052 0.000112 0.000056 0.000029 
5846912 binomialOPtions 1 1326 28 1.111000 2.083000  0.000025 0.000019 0.000053 0.000123 0.000061 0.000031 
5846912 binomialOPtions 1 1326 28 1.111000 1.851000  0.000020 0.000016 0.000043 0.000092 0.000047 0.000024 
5846912 binomialOPtions 1 1326 28 1.111000 1.387000  0.000020 0.000018 0.000049 0.000096 0.000052 0.000027 
5846976 binomialOPtions 1 1326 28 1.111000 1.233000  0.000019 0.000018 0.000049 0.000109 0.000055 0.000028 
5846976 binomialOPtions 1 1326 28 1.111000 1.234000  0.000022 0.000018 0.000051 0.000110 0.000056 0.000028 
5846976 binomialOPtions 1 1326 28 1.111000 1.309000  0.000023 0.000019 0.000052 0.000104 0.000052 0.000027 
5847040 binomialOPtions 1 1326 28 1.111000 1.850000  0.000020 0.000026 0.000063 0.000126 0.000072 0.000036 
5847040 binomialOPtions 1 1326 28 1.111000 1.233000  0.000021 0.000018 0.000049 0.000095 0.000052 0.000027 
5847104 binomialOPtions 1 1326 28 1.111000 1.155000  0.000019 0.000018 0.000049 0.000093 0.000051 0.000027 
5847104 binomialOPtions 1 1326 28 1.111000 1.233000  0.000020 0.000018 0.000054 0.000151 0.000064 0.000031 
5847104 binomialOPtions 1 1326 28 1.111000 1.234000  0.000018 0.000017 0.000047 0.000088 0.000048 0.000026 
5847168 binomialOPtions 1 1326 28 1.111000 1.851000  0.000020 0.000018 0.000049 0.000094 0.000052 0.000027 
5847168 binomialOPtions 1 1326 28 1.111000 1.465000  0.000026 0.000019 0.000052 0.000113 0.000056 0.000028 
5847168 binomialOPtions 1 1326 28 1.111000 1.233000  0.000025 0.000019 0.000051 0.000110 0.000056 0.000029 
5847232 binomialOPtions 1 1326 28 1.111000 1.312000  0.000021 0.000018 0.000051 0.000112 0.000056 0.000030 
5847232 binomialOPtions 1 1326 28 1.111000 1.155000  0.000024 0.000019 0.000051 0.000110 0.000056 0.000029 
5847232 binomialOPtions 1 1326 28 1.111000 1.774000  0.000020 0.000018 0.000062 0.000131 0.000062 0.000035 
5847296 binomialOPtions 1 1326 28 1.111000 1.233000  0.000021 0.000018 0.000048 0.000094 0.000051 0.000027 
5847296 binomialOPtions 1 1326 28 1.111000 1.233000  0.008740 0.001300 0.002616 0.008817 0.001746 0.000708 
5847296 binomialOPtions 1 1326 28 1.111000 1.233000  0.000021 0.000018 0.000050 0.000111 0.000056 0.000029 
5847360 binomialOPtions 1 1326 28 1.111000 1.465000  0.000022 0.000018 0.000050 0.000107 0.000055 0.000029 
5847360 binomialOPtions 1 1326 28 1.111000 1.851000  0.000021 0.000018 0.000050 0.000105 0.000054 0.000028 
5847360 binomialOPtions 1 1326 28 1.111000 1.234000  0.000025 0.000017 0.000054 0.000122 0.000054 0.000028 
5847424 binomialOPtions 1 1326 28 1.111000 1.310000  0.000024 0.000019 0.000052 0.000116 0.000054 0.000028 
5847424 binomialOPtions 1 1326 28 1.111000 1.234000  0.000020 0.000018 0.000050 0.000107 0.000055 0.000028 
5847488 binomialOPtions 1 1326 28 1.111000 1.232000  0.000024 0.000018 0.000050 0.000108 0.000054 0.000028 
5847488 binomialOPtions 1 1326 28 1.111000 2.005000  0.000023 0.000018 0.000050 0.000105 0.000054 0.000028 
5847488 binomialOPtions 1 1326 28 1.111000 1.233000  0.000020 0.000017 0.000049 0.000114 0.000050 0.000027 
5847552 binomialOPtions 1 1326 28 1.111000 1.850000  0.000024 0.000019 0.000050 0.000109 0.000056 0.000029 
5847552 binomialOPtions 1 1326 28 1.111000 1.233000  0.000023 0.000018 0.000048 0.000102 0.000051 0.000027 
5847552 binomialOPtions 1 1326 28 1.111000 1.233000  0.000022 0.000019 0.000051 0.000107 0.000054 0.000028 
5847616 binomialOPtions 1 1326 28 1.111000 2.006000  0.000019 0.000017 0.000061 0.000129 0.000061 0.000035 
5847616 binomialOPtions 1 1326 28 1.111000 1.309000  0.000025 0.000017 0.000047 0.000100 0.000049 0.000026 
5847616 binomialOPtions 1 1326 28 1.111000 1.770000  0.000019 0.000017 0.000047 0.000093 0.000050 0.000026 
5847680 binomialOPtions 1 1326 28 1.111000 1.387000  0.000027 0.000018 0.000048 0.000099 0.000050 0.000027 
5847680 binomialOPtions 1 1326 28 1.111000 1.234000  0.000023 0.000018 0.000050 0.000105 0.000054 0.000028 
5847680 binomialOPtions 1 1326 28 1.111000 2.160000  0.000020 0.000017 0.000047 0.000094 0.000051 0.000026 
5847744 binomialOPtions 1 1326 28 1.111000 1.233000  0.000432 0.000134 0.000289 0.000513 0.000170 0.000071 
5847744 binomialOPtions 1 1326 28 1.111000 1.774000  0.000019 0.000017 0.000050 0.000124 0.000053 0.000027 
5847744 binomialOPtions 1 1326 28 1.111000 1.848000  0.000022 0.000017 0.000047 0.000105 0.000050 0.000026 
5847808 binomialOPtions 1 1326 28 1.111000 1.234000  0.000023 0.000018 0.000049 0.000104 0.000052 0.000027 
5847808 binomialOPtions 1 1326 28 1.111000 1.927000  0.000023 0.000018 0.000050 0.000111 0.000056 0.000028 
5847872 binomialOPtions 1 1326 28 1.111000 1.234000  0.000021 0.000016 0.000046 0.000103 0.000047 0.000025 
5847872 binomialOPtions 1 1326 28 1.111000 1.848000  0.000024 0.000018 0.000050 0.000108 0.000055 0.000028 
5847872 binomialOPtions 1 1326 28 1.111000 1.233000  0.000019 0.000018 0.000048 0.000108 0.000050 0.000026 
5847936 binomialOPtions 1 1326 28 1.111000 1.234000  0.000023 0.000018 0.000050 0.000106 0.000053 0.000028 
5847936 binomialOPtions 1 1326 28 1.111000 1.928000  0.000033 0.000019 0.000050 0.000144 0.000060 0.000030 
5847936 binomialOPtions 1 1326 28 1.111000 1.232000  0.000020 0.000016 0.000046 0.000101 0.000046 0.000025 
5848000 binomialOPtions 1 1326 28 1.111000 1.850000  0.000023 0.000018 0.000050 0.000111 0.000055 0.000028 
5848000 binomialOPtions 1 1326 28 1.111000 1.310000  0.000018 0.000017 0.000046 0.000090 0.000049 0.000026 
5848000 binomialOPtions 1 1326 28 1.111000 1.232000  0.000022 0.000017 0.000048 0.000101 0.000051 0.000027 
5848064 binomialOPtions 1 1326 28 1.111000 1.388000  0.000019 0.000017 0.000046 0.000134 0.000061 0.000030 
5848064 binomialOPtions 1 1326 28 1.111000 1.308000  0.000019 0.000016 0.000045 0.000086 0.000047 0.000025 
5848064 binomialOPtions 1 1326 28 1.111000 1.849000  0.000024 0.000018 0.000048 0.000104 0.000053 0.000027 
5848128 binomialOPtions 1 1326 28 1.111000 1.233000  0.000019 0.000017 0.000046 0.000093 0.000049 0.000026 
5848128 binomialOPtions 1 1326 28 1.111000 1.388000  0.000018 0.000017 0.000046 0.000088 0.000049 0.000026 
5848128 binomialOPtions 1 1326 28 1.111000 1.311000  0.000021 0.000017 0.000048 0.000105 0.000053 0.000028 
5848192 binomialOPtions 1 1326 28 1.111000 1.464000  0.000021 0.000017 0.000047 0.000094 0.000048 0.000025 
5848192 binomialOPtions 1 1326 28 1.111000 1.848000  0.000019 0.000017 0.000046 0.000090 0.000049 0.000026 
5848192 binomialOPtions 1 1326 28 1.111000 1.232000  0.000020 0.000016 0.000045 0.000094 0.000046 0.000025 
5848256 binomialOPtions 1 1326 28 1.111000 1.234000  0.000018 0.000019 0.000050 0.000114 0.000051 0.000027 
5848256 binomialOPtions 1 1326 28 1.111000 1.232000  0.000021 0.000017 0.000047 0.000100 0.000051 0.000027 
5848320 binomialOPtions 1 1326 28 1.111000 1.234000  0.000019 0.000017 0.000046 0.000088 0.000048 0.000025 
5848320 binomialOPtions 1 1326 28 1.111000 1.771000  0.000019 0.000016 0.000046 0.000088 0.000048 0.000025 
5848320 binomialOPtions 1 1326 28 1.111000 1.233000  0.000018 0.000016 0.000045 0.000098 0.000047 0.000025 
5848384 binomialOPtions 1 1326 28 1.111000 1.310000  0.000021 0.000017 0.000048 0.000102 0.000052 0.000027 
5848384 binomialOPtions 1 1326 28 1.111000 1.389000  0.000019 0.000016 0.000045 0.000087 0.000047 0.000025 
5848384 binomialOPtions 1 1326 28 1.111000 1.311000  0.000018 0.000016 0.000045 0.000087 0.000048 0.000025 
5848448 binomialOPtions 1 1326 28 1.111000 2.080000  0.000019 0.000016 0.000045 0.000087 0.000048 0.000025 
5848448 binomialOPtions 1 1326 28 1.111000 1.234000  0.000018 0.000016 0.000044 0.000086 0.000045 0.000025 
5848448 binomialOPtions 1 1326 28 1.111000 2.005000  0.000021 0.000017 0.000047 0.000102 0.000052 0.000027 
5848512 binomialOPtions 1 1326 28 1.111000 1.387000  0.000017 0.000015 0.000043 0.000084 0.000044 0.000024 
5848512 binomialOPtions 1 1326 28 1.111000 1.311000  0.000023 0.000017 0.000047 0.000101 0.000052 0.000027 
5848512 binomialOPtions 1 1326 28 1.111000 1.233000  0.000024 0.000018 0.000048 0.000132 0.000055 0.000028 
5848576 binomialOPtions 1 1326 28 1.111000 1.233000  0.000020 0.000017 0.000047 0.000103 0.000052 0.000027 
5848576 binomialOPtions 1 1326 28 1.111000 2.004000  0.000020 0.000017 0.000048 0.000101 0.000051 0.000026 
5848576 binomialOPtions 1 1326 28 1.111000 1.233000  0.000019 0.000016 0.000044 0.000097 0.000045 0.000025 
5848640 binomialOPtions 1 1326 28 1.111000 1.774000  0.000019 0.000018 0.000052 0.000126 0.000055 0.000028 
5848640 binomialOPtions 1 1326 28 1.111000 1.232000  0.000019 0.000016 0.000045 0.000096 0.000047 0.000025 
5848704 binomialOPtions 1 1326 28 1.111000 1.310000  0.000023 0.000017 0.000046 0.000095 0.000049 0.000026 
5848704 binomialOPtions 1 1326 28 1.111000 2.002000  0.000018 0.000016 0.000058 0.000121 0.000057 0.000033 
5848704 binomialOPtions 1 1326 28 1.111000 1.387000  0.000019 0.000016 0.000044 0.000102 0.000046 0.000025 
5848768 binomialOPtions 1 1326 28 1.111000 1.773000  0.000018 0.000016 0.000044 0.000086 0.000047 0.000025 
5848768 binomialOPtions 1 1326 28 1.111000 1.235000  0.000019 0.000016 0.000044 0.000089 0.000047 0.000025 
5848768 binomialOPtions 1 1326 28 1.111000 1.234000  0.000017 0.000016 0.000044 0.000085 0.000046 0.000025 
5848832 binomialOPtions 1 1326 28 1.111000 2.311000  0.000022 0.000017 0.000047 0.000100 0.000050 0.000026 
5848832 binomialOPtions 1 1326 28 1.111000 1.465000  0.000017 0.000015 0.000042 0.000082 0.000043 0.000023 
5848832 binomialOPtions 1 1326 28 1.111000 1.773000  0.000020 0.000016 0.000045 0.000098 0.000050 0.000026 
5848896 binomialOPtions 1 1326 28 1.111000 1.233000  0.000018 0.000016 0.000044 0.000086 0.000046 0.000025 
5848896 binomialOPtions 1 1326 28 1.111000 1.234000  0.000022 0.000017 0.000047 0.000102 0.000052 0.000027 
5848896 binomialOPtions 1 1326 28 1.111000 2.157000  0.000020 0.000016 0.000045 0.000098 0.000050 0.000026 
5848960 binomialOPtions 1 1326 28 1.111000 1.466000  0.000017 0.000015 0.000042 0.000081 0.000043 0.000023 
5848960 binomialOPtions 1 1326 28 1.111000 1.540000  0.000125 0.000094 0.000332 0.000779 0.000243 0.000104 
5849024 binomialOPtions 1 1326 28 1.111000 1.156000  0.000017 0.000016 0.000044 0.000084 0.000046 0.000024 
5849024 binomialOPtions 1 1326 28 1.111000 1.232000  0.000017 0.000023 0.000056 0.000111 0.000065 0.000032 
5849024 binomialOPtions 1 1326 28 1.111000 2.160000  0.000020 0.000016 0.000044 0.000098 0.000049 0.000025 
5849088 binomialOPtions 1 1326 28 1.111000 1.311000  0.000048 0.000016 0.000044 0.000111 0.000045 0.000024 
5849088 binomialOPtions 1 1326 28 1.111000 1.539000  0.000020 0.000016 0.000046 0.000097 0.000049 0.000026 
5849088 binomialOPtions 1 1326 28 1.111000 1.464000  0.000018 0.000016 0.000044 0.000086 0.000046 0.000024 
5849152 binomialOPtions 1 1326 28 1.111000 1.234000  0.000022 0.000017 0.000047 0.000104 0.000052 0.000027 
5849152 binomialOPtions 1 1326 28 1.111000 2.235000  0.000018 0.000016 0.000044 0.000085 0.000046 0.000028 
5849152 binomialOPtions 1 1326 28 1.111000 1.233000  0.000021 0.000015 0.000044 0.000303 0.000105 0.000046 
5849216 binomialOPtions 1 1326 28 1.111000 1.852000  0.000019 0.000017 0.000046 0.000097 0.000049 0.000025 
5849216 binomialOPtions 1 1326 28 1.111000 1.155000  0.000017 0.000018 0.000047 0.000109 0.000048 0.000026 
5849216 binomialOPtions 1 1326 28 1.111000 1.389000  0.000022 0.000017 0.000045 0.000100 0.000050 0.000026 
5849280 binomialOPtions 1 1326 28 1.111000 2.158000  0.000019 0.000016 0.000045 0.000101 0.000051 0.000026 
5849280 binomialOPtions 1 1326 28 1.111000 1.233000  0.000021 0.000015 0.000042 0.000100 0.000043 0.000023 
5849344 binomialOPtions 1 1326 28 1.111000 1.311000  0.000020 0.000016 0.000045 0.000098 0.000050 0.000026 
5849344 binomialOPtions 1 1326 28 1.111000 1.311000  0.000018 0.000016 0.000043 0.000085 0.000045 0.000024 
5849344 binomialOPtions 1 1326 28 1.111000 1.233000  0.000121 0.000072 0.000154 0.000275 0.000129 0.000060 
5849408 binomialOPtions 1 1326 28 1.111000 1.541000  0.000020 0.000016 0.000048 0.000142 0.000054 0.000027 
5849408 binomialOPtions 1 1326 28 1.111000 1.157000  0.000017 0.000015 0.000042 0.000090 0.000043 0.000023 
5849408 binomialOPtions 1 1326 28 1.111000 1.466000  0.000022 0.000017 0.000046 0.000095 0.000048 0.000025 
5849472 binomialOPtions 1 1326 28 1.111000 1.233000  0.000021 0.000016 0.000043 0.000093 0.000056 0.000028 
5849472 binomialOPtions 1 1326 28 1.111000 1.232000  0.000017 0.000015 0.000055 0.000110 0.000055 0.000031 
5849472 binomialOPtions 1 1326 28 1.111000 2.080000  0.000018 0.000016 0.000055 0.000122 0.000056 0.000031 
5849536 binomialOPtions 1 1326 28 1.111000 1.233000  0.000018 0.000016 0.000043 0.000085 0.000045 0.000024 
5849536 binomialOPtions 1 1326 28 1.111000 1.232000  0.000017 0.000015 0.000043 0.000082 0.000045 0.000024 
5849536 binomialOPtions 1 1326 28 1.111000 1.774000  0.000018 0.000016 0.000043 0.000082 0.000045 0.000024 
5849600 binomialOPtions 1 1326 28 1.111000 1.233000  0.000016 0.000015 0.000041 0.000079 0.000042 0.000023 
5849600 binomialOPtions 1 1326 28 1.111000 1.847000  0.000020 0.000016 0.000045 0.000099 0.000050 0.000026 
5849664 binomialOPtions 1 1326 28 1.111000 1.387000  0.000018 0.000015 0.000042 0.000082 0.000045 0.000024 
5849664 binomialOPtions 1 1326 28 1.111000 1.388000  0.000017 0.000015 0.000042 0.000082 0.000044 0.000024 
5849664 binomialOPtions 1 1326 28 1.111000 2.083000  1.977913 0.463216 0.975510 1.978445 0.533041 0.225103 
5849728 binomialOPtions 1 1326 28 1.111000 1.232000  0.000019 0.000016 0.000044 0.000094 0.000048 0.000025 
5849728 binomialOPtions 1 1326 28 1.111000 1.465000  0.000017 0.000015 0.000042 0.000082 0.000044 0.000023 
5849728 binomialOPtions 1 1326 28 1.111000 1.542000  0.000027 0.000016 0.000044 0.000106 0.000045 0.000024 
5849792 binomialOPtions 1 1326 28 1.111000 1.463000  0.000022 0.000017 0.000045 0.000096 0.000048 0.000025 
5849792 binomialOPtions 1 1326 28 1.111000 1.233000  0.000017 0.000015 0.000042 0.000082 0.000044 0.000023 
5849792 binomialOPtions 1 1326 28 1.111000 1.310000  0.000017 0.000015 0.000042 0.000082 0.000044 0.000023 
5849856 binomialOPtions 1 1326 28 1.111000 1.233000  0.000017 0.000015 0.000042 0.000082 0.000044 0.000023 
5849856 binomialOPtions 1 1326 28 1.111000 1.233000  0.000016 0.000014 0.000040 0.000078 0.000041 0.000022 
5849856 binomialOPtions 1 1326 28 1.111000 1.773000  0.000022 0.000016 0.000044 0.000099 0.000049 0.000025 
5849920 binomialOPtions 1 1326 28 1.111000 1.234000  0.000016 0.000015 0.000041 0.000084 0.000041 0.000022 
5849920 binomialOPtions 1 1326 28 1.111000 1.233000  0.000022 0.000016 0.000044 0.000094 0.000047 0.000024 
5849920 binomialOPtions 1 1326 28 1.111000 1.233000  0.000018 0.000015 0.000042 0.000084 0.000044 0.000023 
5849984 binomialOPtions 1 1326 28 1.111000 1.233000  0.000018 0.000015 0.000043 0.000091 0.000047 0.000024 
5849984 binomialOPtions 1 1326 28 1.111000 1.926000  0.000017 0.000015 0.000042 0.000080 0.000044 0.000023 
5849984 binomialOPtions 1 1326 28 1.111000 1.233000  0.000021 0.000015 0.000042 0.000090 0.000043 0.000023 
5850048 binomialOPtions 1 1326 28 1.111000 2.082000  0.000016 0.000015 0.000042 0.000079 0.000044 0.000023 
5850048 binomialOPtions 1 1326 28 1.111000 1.233000  0.000142 0.000090 0.000244 0.000578 0.000274 0.000132 
5850112 binomialOPtions 1 1326 28 1.111000 1.465000  0.000016 0.000015 0.000828 0.000572 0.000337 0.000195 
5850112 binomialOPtions 1 1326 28 1.111000 1.849000  0.000018 0.000016 0.000043 0.000094 0.000048 0.000024 
5850112 binomialOPtions 1 1326 28 1.111000 1.232000  0.000017 0.000015 0.000041 0.000083 0.000044 0.000023 
5850176 binomialOPtions 1 1326 28 1.111000 1.311000  0.000016 0.000015 0.000041 0.000079 0.000044 0.000023 
5850176 binomialOPtions 1 1326 28 1.111000 2.005000  0.000017 0.000015 0.000041 0.000080 0.000044 0.000023 
5850176 binomialOPtions 1 1326 28 1.111000 1.233000  0.000016 0.000014 0.000040 0.000077 0.000041 0.000022 
5850240 binomialOPtions 1 1326 28 1.111000 1.850000  0.000019 0.000015 0.000043 0.000092 0.000047 0.000024 
5850240 binomialOPtions 1 1326 28 1.111000 1.311000  0.000020 0.000016 0.000044 0.000094 0.000048 0.000025 
5850240 binomialOPtions 1 1326 28 1.111000 1.233000  0.000020 0.000016 0.000044 0.000097 0.000048 0.000025 
5850304 binomialOPtions 1 1326 27 1.111000 1.233000  0.000019 0.000015 0.000042 0.000092 0.000047 0.000025 
5850304 binomialOPtions 1 1326 27 1.111000 1.233000  0.000017 0.000016 0.000043 0.000090 0.000047 0.000024 
5850368 binomialOPtions 1 1326 28 1.111000 1.850000  0.000018 0.000015 0.000042 0.000093 0.000047 0.000024 
5850368 binomialOPtions 1 1326 28 1.111000 1.309000  0.000016 0.000014 0.000040 0.000087 0.000042 0.000022 
5850368 binomialOPtions 1 1326 28 1.111000 1.232000  0.000022 0.000016 0.000044 0.000098 0.000048 0.000026 
5850432 binomialOPtions 1 1326 28 1.111000 1.311000  0.000022 0.000015 0.000042 0.000095 0.000046 0.000024 
5850432 binomialOPtions 1 1326 28 1.111000 1.234000  0.000021 0.000016 0.000044 0.000097 0.000049 0.000025 
5850432 binomialOPtions 1 1326 28 1.111000 2.005000  0.000023 0.000016 0.000043 0.000094 0.000046 0.000024 
5850496 binomialOPtions 1 1326 28 1.111000 1.696000  0.000021 0.000014 0.000041 0.000086 0.000042 0.000022 
5850496 binomialOPtions 1 1326 28 1.111000 1.773000  0.000020 0.000016 0.000043 0.000092 0.000046 0.000024 
5850496 binomialOPtions 1 1326 28 1.111000 1.311000  0.000017 0.000015 0.000041 0.000081 0.000043 0.000023 
5850560 binomialOPtions 1 1326 28 1.111000 1.232000  0.000022 0.000016 0.000043 0.000092 0.000046 0.000024 
5850560 binomialOPtions 1 1326 28 1.111000 2.080000  0.000017 0.000015 0.000041 0.000083 0.000045 0.000024 
5850560 binomialOPtions 1 1326 28 1.111000 1.311000  0.000022 0.000016 0.000042 0.000091 0.000046 0.000024 
5850624 binomialOPtions 1 1326 28 1.111000 1.926000  0.000016 0.000021 0.000052 0.000109 0.000060 0.000030 
5850624 binomialOPtions 1 1326 28 1.111000 1.232000  0.000023 0.000014 0.000040 0.000088 0.000042 0.000022 
5850624 binomialOPtions 1 1326 28 1.111000 1.850000  0.000016 0.000015 0.000040 0.000077 0.000043 0.000023 
5850688 binomialOPtions 1 1326 28 1.111000 1.387000  0.000017 0.000015 0.000041 0.000092 0.000045 0.000024 
5850688 binomialOPtions 1 1326 28 1.111000 1.233000  0.000018 0.000015 0.000042 0.000088 0.000046 0.000024 
5850688 binomialOPtions 1 1326 28 1.111000 2.002000  0.000018 0.000015 0.000042 0.000094 0.000048 0.000024 
5850752 binomialOPtions 1 1326 28 1.111000 1.233000  0.000023 0.000015 0.000041 0.000087 0.000042 0.000022 
5850752 binomialOPtions 1 1326 28 1.111000 1.847000  0.000020 0.000016 0.000043 0.000094 0.000047 0.000024 
5850816 binomialOPtions 1 1326 28 1.111000 1.234000  0.000021 0.000016 0.000043 0.000095 0.000046 0.000024 
5850816 binomialOPtions 1 1326 28 1.111000 1.312000  0.000020 0.000016 0.000044 0.000096 0.000048 0.000024 
5850816 binomialOPtions 1 1326 29 1.111000 1.774000  0.000017 0.000022 0.000052 0.000118 0.000065 0.000031 
5850880 binomialOPtions 1 1326 29 1.111000 1.233000  0.000027 0.000015 0.000041 0.000096 0.000042 0.000022 
5850880 binomialOPtions 1 1326 28 1.111000 1.927000  0.000016 0.000015 0.000040 0.000077 0.000042 0.000022 
5850880 binomialOPtions 1 1326 28 1.111000 1.310000  0.000019 0.000015 0.000041 0.000091 0.000045 0.000023 
5850944 binomialOPtions 1 1326 28 1.111000 1.310000  0.000020 0.000015 0.000042 0.000089 0.000045 0.000023 
5850944 binomialOPtions 1 1326 28 1.111000 2.235000  0.000017 0.000014 0.000041 0.000086 0.000044 0.000023 
5850944 binomialOPtions 1 1326 28 1.111000 1.233000  0.000016 0.000014 0.000041 0.000090 0.000041 0.000022 
5851008 binomialOPtions 1 1326 28 1.111000 1.847000  0.000018 0.000014 0.000043 0.000097 0.000047 0.000024 
5851008 binomialOPtions 1 1326 28 1.111000 1.233000  0.000016 0.000014 0.000040 0.000077 0.000042 0.000022 
5851008 binomialOPtions 1 1326 28 1.111000 1.233000  0.000016 0.000014 0.000040 0.000076 0.000042 0.000022 
5851072 binomialOPtions 1 1326 28 1.111000 1.925000  1.528486 0.366992 0.775959 1.528733 0.419805 0.178408 
5851072 binomialOPtions 1 1326 28 1.111000 2.467000  0.000020 0.000014 0.000040 0.000089 0.000041 0.000022 
5851136 binomialOPtions 1 1326 28 1.111000 1.231000  0.000016 0.000014 0.000040 0.000077 0.000042 0.000022 
5851136 binomialOPtions 1 1326 28 1.111000 1.233000  0.000022 0.000015 0.000042 0.000104 0.000047 0.000024 
5851136 binomialOPtions 1 1326 28 1.111000 1.233000  0.000020 0.000016 0.000042 0.000089 0.000045 0.000023 
5851200 binomialOPtions 1 1326 28 1.111000 2.002000  0.000017 0.000015 0.000041 0.000088 0.000045 0.000023 
5851200 binomialOPtions 1 1326 28 1.111000 1.233000  0.000017 0.000014 0.000039 0.000088 0.000039 0.000022 
5851200 binomialOPtions 1 1326 28 1.111000 1.772000  0.000017 0.000014 0.000041 0.000086 0.000043 0.000022 
5851264 binomialOPtions 1 1326 28 1.111000 1.849000  0.000016 0.000014 0.000039 0.000078 0.000041 0.000022 
5851264 binomialOPtions 1 1326 28 1.111000 1.696000  0.000078 0.000034 0.000085 0.000161 0.000081 0.000039 
5851264 binomialOPtions 1 1326 28 1.111000 2.005000  0.000017 0.000014 0.000039 0.000078 0.000042 0.000022 
5851328 binomialOPtions 1 1326 28 1.111000 1.311000  0.000021 0.000014 0.000039 0.000091 0.000040 0.000022 
5851328 binomialOPtions 1 1326 28 1.111000 1.849000  0.000015 0.000014 0.000039 0.000075 0.000041 0.000022 
5851328 binomialOPtions 1 1326 28 1.111000 1.309000  0.000020 0.000015 0.000041 0.000092 0.000046 0.000023 
5851392 binomialOPtions 1 1326 28 1.111000 1.232000  0.000021 0.000015 0.000041 0.000090 0.000046 0.000023 
5851392 binomialOPtions 1 1326 28 1.111000 2.002000  0.000018 0.000014 0.000040 0.000088 0.000045 0.000023 
5851392 binomialOPtions 1 1326 28 1.111000 1.311000  0.000015 0.000013 0.000037 0.000073 0.000038 0.000021 
5851456 binomialOPtions 1 1326 28 1.111000 1.772000  0.000016 0.000014 0.000039 0.000075 0.000041 0.000022 
5851456 binomialOPtions 1 1326 28 1.111000 1.312000  0.000016 0.000014 0.000040 0.000083 0.000043 0.000023 
5851520 binomialOPtions 1 1326 28 1.111000 2.005000  0.000018 0.000015 0.000041 0.000086 0.000044 0.000023 
5851520 binomialOPtions 1 1326 28 1.111000 2.158000  0.000018 0.000014 0.000040 0.000088 0.000046 0.000024 
5851520 binomialOPtions 1 1326 28 1.111000 1.234000  0.000020 0.000015 0.000042 0.000092 0.000047 0.000024 
5851584 binomialOPtions 1 1326 28 1.111000 2.005000  0.000016 0.000014 0.000039 0.000075 0.000041 0.000022 
5851584 binomialOPtions 1 1326 28 1.111000 1.232000  0.000020 0.000014 0.000039 0.000082 0.000040 0.000021 
5851584 binomialOPtions 1 1326 28 1.111000 1.695000  0.000015 0.000014 0.000039 0.000075 0.000041 0.000022 
5851648 binomialOPtions 1 1326 28 1.111000 2.083000  0.000016 0.000015 0.000041 0.000103 0.000043 0.000022 
5851648 binomialOPtions 1 1326 28 1.111000 1.387000  0.000015 0.000014 0.000039 0.000073 0.000041 0.000022 
5851648 binomialOPtions 1 1326 28 1.111000 2.004000  0.000016 0.000014 0.000038 0.000075 0.000041 0.000021 
5851712 binomialOPtions 1 1326 28 1.111000 1.232000  0.000015 0.000013 0.000041 0.000085 0.000042 0.000022 
5851712 binomialOPtions 1 1326 28 1.111000 1.772000  0.000018 0.000015 0.000040 0.000084 0.000043 0.000022 
5851712 binomialOPtions 1 1326 28 1.111000 1.156000  0.000016 0.000014 0.000038 0.000076 0.000040 0.000021 
5851776 binomialOPtions 1 1326 28 1.111000 1.233000  0.000019 0.000015 0.000041 0.000092 0.000046 0.000023 
5851776 binomialOPtions 1 1326 28 1.111000 1.465000  0.000017 0.000014 0.000040 0.000089 0.000045 0.000023 
5851776 binomialOPtions 1 1326 28 1.111000 1.234000  0.000020 0.000015 0.000039 0.000079 0.000040 0.000021 
5851840 binomialOPtions 1 1326 28 1.111000 2.005000  0.000018 0.000014 0.000040 0.000085 0.000043 0.000022 
5851840 binomialOPtions 1 1326 28 1.111000 1.234000  0.000020 0.000014 0.000037 0.000077 0.000038 0.000021 
5851840 binomialOPtions 1 1326 28 1.111000 1.850000  0.000020 0.000015 0.000040 0.000089 0.000044 0.000023 
5851904 binomialOPtions 1 1326 28 1.111000 1.387000  0.000017 0.000014 0.000038 0.000075 0.000040 0.000021 
5851904 binomialOPtions 1 1326 28 1.111000 1.465000  0.000015 0.000014 0.000038 0.000075 0.000040 0.000021 
5851968 binomialOPtions 1 1326 28 1.111000 2.083000  0.000016 0.000014 0.000038 0.000074 0.000040 0.000021 
5851968 binomialOPtions 1 1326 28 1.111000 1.233000  0.000018 0.000014 0.000038 0.000092 0.000040 0.000021 
5851968 binomialOPtions 1 1326 28 1.111000 1.773000  0.000036 0.000015 0.000041 0.000096 0.000042 0.000022 
5852032 binomialOPtions 1 1326 28 1.111000 1.311000  0.000017 0.000014 0.000038 0.000079 0.000040 0.000021 
5852032 binomialOPtions 1 1326 28 1.111000 1.234000  0.000019 0.000015 0.000041 0.000087 0.000043 0.000022 
5852032 binomialOPtions 1 1326 28 1.111000 1.927000  0.000015 0.000014 0.000039 0.000083 0.000042 0.000022 
5852096 binomialOPtions 1 1326 28 1.111000 1.233000  0.000015 0.000013 0.000039 0.000085 0.000041 0.000021 
5852096 binomialOPtions 1 1326 28 1.111000 1.773000  0.000020 0.000015 0.000040 0.000087 0.000043 0.000022 
5852096 binomialOPtions 1 1326 28 1.111000 1.232000  0.000015 0.000014 0.000038 0.000073 0.000039 0.000021 
5852160 binomialOPtions 1 1326 28 1.111000 1.233000  0.000106 0.000082 0.000224 0.000407 0.000171 0.000079 
5852160 binomialOPtions 1 1326 28 1.111000 2.083000  0.022286 0.019820 0.054859 0.107430 0.057833 0.030578 
5852160 binomialOPtions 1 1326 28 1.111000 1.234000  0.014571 0.010023 0.028437 0.061059 0.028972 0.015587 
5852224 binomialOPtions 1 1326 28 1.111000 1.770000  0.009092 0.007156 0.019576 0.042657 0.021734 0.010971 
5852224 binomialOPtions 1 1326 28 1.111000 1.234000  0.005875 0.005161 0.014305 0.029822 0.015048 0.008088 
5852224 binomialOPtions 1 1326 28 1.111000 1.233000  0.004227 0.003845 0.013718 0.027243 0.015657 0.007765 
5852288 binomialOPtions 1 1326 28 1.111000 1.849000  0.002719 0.002396 0.006617 0.012933 0.007048 0.003672 
5852288 binomialOPtions 1 1326 28 1.111000 1.310000  0.003201 0.002267 0.006139 0.014910 0.006234 0.003269 
5852352 binomialOPtions 1 1326 28 1.111000 1.772000  0.001625 0.001500 0.004143 0.008006 0.004366 0.002310 
5852352 binomialOPtions 1 1326 28 1.111000 1.235000  0.001652 0.001379 0.003789 0.007720 0.004048 0.002122 
5852352 binomialOPtions 1 1326 28 1.111000 1.310000  0.001353 0.001278 0.003521 0.006689 0.003690 0.001968 
5852416 binomialOPtions 1 1326 28 1.111000 1.928000  0.001268 0.001075 0.002956 0.005820 0.003141 0.001651 
5852416 binomialOPtions 1 1326 28 1.111000 1.234000  0.001040 0.000950 0.002646 0.005003 0.002721 0.001466 
5852416 binomialOPtions 1 1326 28 1.111000 1.773000  0.000975 0.000873 0.002416 0.004658 0.002539 0.001344 
5852480 binomialOPtions 1 1326 28 1.111000 1.464000  0.000942 0.000822 0.002279 0.006984 0.002502 0.001292 
5852480 binomialOPtions 1 1326 28 1.111000 1.311000  0.001135 0.000881 0.002369 0.005125 0.002642 0.001348 
5852480 binomialOPtions 1 1326 28 1.111000 2.544000  1.360853 0.322071 0.679284 1.361043 0.369294 0.156732 
5852544 binomialOPtions 1 1326 28 1.111000 1.928000  0.000958 0.000765 0.002093 0.004613 0.002348 0.001205 
5852544 binomialOPtions 1 1326 28 1.111000 1.925000  0.000777 0.000696 0.001913 0.003727 0.002031 0.001070 
5852544 binomialOPtions 1 1326 28 1.111000 1.233000  0.000751 0.000644 0.001783 0.003494 0.001865 0.000993 
5852608 binomialOPtions 1 1326 28 1.111000 1.773000  0.000820 0.000655 0.001846 0.003939 0.002003 0.001030 
5852608 binomialOPtions 1 1326 28 1.111000 1.233000  0.000691 0.000611 0.001688 0.004512 0.001863 0.000964 
5852608 binomialOPtions 1 1326 28 1.111000 1.543000  0.000634 0.000579 0.001598 0.003091 0.001691 0.000893 
5852672 binomialOPtions 1 1326 28 1.111000 2.081000  0.000600 0.000534 0.001466 0.002843 0.001552 0.000821 
5852672 binomialOPtions 1 1326 28 1.111000 1.234000  0.000539 0.000491 0.001374 0.002586 0.001416 0.000762 
5852736 binomialOPtions 1 1326 28 1.111000 1.387000  0.000546 0.000468 0.001283 0.002494 0.001354 0.000717 
5852736 binomialOPtions 1 1326 28 1.111000 1.620000  0.000509 0.000431 0.001197 0.002361 0.001266 0.000691 
5852736 binomialOPtions 1 1326 28 1.111000 1.232000  0.000493 0.000443 0.001263 0.002754 0.001386 0.000711 
5852800 binomialOPtions 1 1326 28 1.111000 1.850000  0.000494 0.000431 0.001194 0.002371 0.001407 0.000728 
5852800 binomialOPtions 1 1326 28 1.111000 1.154000  0.000531 0.000443 0.001212 0.002599 0.001344 0.000702 
5852800 binomialOPtions 1 1326 28 1.111000 2.235000  0.000569 0.000443 0.001209 0.002608 0.001339 0.000677 
5852864 binomialOPtions 1 1326 28 1.111000 1.234000  0.000473 0.000395 0.001157 0.002757 0.001195 0.000618 
5852864 binomialOPtions 1 1326 28 1.111000 1.234000  0.000549 0.000431 0.001163 0.002543 0.001269 0.000649 
5852864 binomialOPtions 1 1326 28 1.111000 1.233000  1.568469 0.335793 0.715141 1.568924 0.397518 0.173982 
5852928 binomialOPtions 1 1326 28 1.111000 1.234000  0.000540 0.000417 0.001155 0.002583 0.001287 0.000655 
5852928 binomialOPtions 1 1326 28 1.111000 1.849000  -1.269336 0.312584 0.658684 -1.269159 0.358804 0.152259 
5852928 binomialOPtions 1 1326 28 1.111000 1.309000  0.000589 0.000372 0.001043 0.002366 0.001076 0.000572 
5852992 binomialOPtions 1 1326 28 1.111000 1.155000  0.000396 0.000369 0.001016 0.001962 0.001071 0.000567 
5852992 binomialOPtions 1 1326 28 1.111000 1.311000  0.000407 0.000355 0.000973 0.001915 0.001040 0.000544 
5852992 binomialOPtions 1 1326 28 1.111000 1.234000  0.000374 0.000348 0.000956 0.001858 0.001010 0.000570 
5853056 binomialOPtions 1 1326 28 1.111000 2.081000  0.000431 0.000342 0.000972 0.002079 0.001057 0.000545 
5853056 binomialOPtions 1 1326 28 1.111000 1.233000  0.000360 0.000316 0.000883 0.001712 0.000909 0.000489 
5853056 binomialOPtions 1 1326 28 1.111000 1.694000  0.000458 0.000357 0.000970 0.002150 0.001075 0.000549 
5853120 binomialOPtions 1 1326 28 1.111000 1.312000  0.000460 0.000349 0.000947 0.002161 0.001066 0.000555 
5853120 binomialOPtions 1 1326 28 1.111000 1.465000  0.000449 0.000343 0.000932 0.001971 0.001006 0.000517 
5853184 binomialOPtions 1 1326 28 1.111000 1.926000  0.000346 0.000316 0.000887 0.001902 0.000965 0.000501 
5853184 binomialOPtions 1 1326 28 1.111000 1.465000  0.000319 0.000289 0.000807 0.001538 0.000826 0.000447 
5853184 binomialOPtions 1 1326 28 1.111000 1.310000  0.002308 0.001749 0.004787 0.010749 0.005341 0.002849 
5853248 binomialOPtions 1 1326 28 1.111000 1.233000  0.000376 0.000284 0.000782 0.001746 0.000828 0.000437 
5853248 binomialOPtions 1 1326 28 1.111000 1.233000  0.000386 0.000299 0.000818 0.001782 0.000906 0.000466 
5853248 binomialOPtions 1 1326 28 1.111000 1.540000  0.000305 0.000272 0.000972 0.001997 0.000960 0.000551 
5853312 binomialOPtions 1 1326 28 1.111000 1.232000  0.000381 0.000285 0.000761 0.001555 0.000815 0.000419 
5853312 binomialOPtions 1 1326 28 1.111000 1.387000  0.000373 0.000288 0.000779 0.001699 0.000871 0.000444 
5853312 binomialOPtions 1 1326 28 1.111000 1.850000  0.000340 0.000266 0.000728 0.001608 0.000803 0.000417 
5853376 binomialOPtions 1 1326 28 1.111000 1.465000  0.000334 0.000268 0.000716 0.001409 0.000732 0.000386 
5853376 binomialOPtions 1 1326 28 1.111000 1.698000  0.000311 0.000249 0.000709 0.001548 0.000794 0.000413 
5853440 binomialOPtions 1 1326 28 1.111000 1.234000  0.000272 0.000236 0.000659 0.001341 0.000684 0.000368 
5853440 binomialOPtions 1 1326 28 1.111000 1.232000  0.000329 0.000260 0.000711 0.001511 0.000777 0.000400 
5853440 binomialOPtions 1 1326 28 1.111000 2.082000  0.000293 0.000247 0.000703 0.001501 0.000754 0.000396 
5853504 binomialOPtions 1 1326 28 1.111000 1.233000  0.000328 0.000259 0.000716 0.001574 0.000792 0.000404 
5853504 binomialOPtions 1 1326 28 1.111000 1.693000  0.000267 0.000361 0.000866 0.001942 0.000993 0.000480 
5853504 binomialOPtions 1 1326 28 1.111000 1.312000  0.000341 0.000226 0.000652 0.001437 0.000673 0.000352 
5853568 binomialOPtions 1 1326 28 1.111000 1.851000  0.000238 0.000223 0.000613 0.001168 0.000644 0.000343 
5853568 binomialOPtions 1 1326 28 1.111000 2.003000  0.000253 0.000263 0.000695 0.001781 0.000752 0.000373 
5853568 binomialOPtions 1 1326 28 1.111000 1.543000  0.000279 0.000225 0.000615 0.001320 0.000674 0.000346 
5853632 binomialOPtions 1 1326 28 1.111000 2.002000  0.000241 0.000211 0.000583 0.001135 0.000615 0.000326 
5853632 binomialOPtions 1 1326 28 1.111000 1.234000  -0.980913 0.300129 0.631650 -0.980715 0.345166 0.146415 
5853632 binomialOPtions 1 1326 28 1.111000 1.851000  0.000283 0.000225 0.000620 0.001386 0.000696 0.000352 
5853696 binomialOPtions 1 1326 28 1.111000 1.233000  0.000244 0.000210 0.000576 0.001185 0.000604 0.000318 
5853696 binomialOPtions 1 1326 28 1.111000 1.234000  0.000226 0.000203 0.000561 0.001093 0.000592 0.000313 
5853696 binomialOPtions 1 1326 28 1.111000 1.310000  0.000224 0.000202 0.000555 0.001076 0.000584 0.000310 
5853760 binomialOPtions 1 1326 28 1.111000 1.232000  0.000248 0.000201 0.000571 0.001338 0.000583 0.000305 
5853760 binomialOPtions 1 1326 28 1.111000 1.310000  0.000209 0.000190 0.000529 0.001010 0.000551 0.000294 
5853824 binomialOPtions 1 1326 28 1.111000 1.233000  0.000219 0.000191 0.000523 0.001035 0.000556 0.000293 
5853824 binomialOPtions 1 1326 28 1.111000 1.234000  0.000209 0.000187 0.000518 0.001002 0.000544 0.000289 
5853824 binomialOPtions 1 1326 28 1.111000 2.235000  0.000204 0.000182 0.000503 0.000979 0.000528 0.000280 
5853888 binomialOPtions 1 1326 28 1.111000 1.233000  0.000198 0.000243 0.000616 0.001427 0.000598 0.000305 
5853888 binomialOPtions 1 1326 28 1.111000 1.463000  0.000200 0.000178 0.000492 0.000955 0.000516 0.000274 
