#Timestamp	Benchmark	Run(#)	CPU Frequency (MHz)	CPU Temperature(C)	CPU Voltage(V)	CPU Power(W)	CPU_CYCLES	L1_DATA_CACHE_ACCESS	INSTRUCTIONS_RETIRED	BUS_CYCLES	L1I_CACHE_ACCESS	PREDICTABLE_BRANCH_SPECULATIVELY_EXECUTED
5444800 nbody 1 1036 25 1.053000 1.157000  0.000056 0.000048 0.000115 0.000384 0.000129 0.000060 
5444800 nbody 1 1036 25 1.053000 1.309000  0.000041 0.000033 0.000094 0.000214 0.000105 0.000055 
5444864 nbody 1 1036 25 1.053000 1.155000  0.000010 0.000008 0.000024 0.000059 0.000032 0.000016 
5444864 nbody 1 1036 25 1.053000 1.233000  0.000010 0.000008 0.000024 0.000050 0.000030 0.000015 
5444864 nbody 1 1036 26 1.053000 1.387000  0.000010 0.000008 0.000043 0.000135 0.000045 0.000020 
5444928 nbody 1 1036 26 1.053000 1.233000  0.000011 0.000009 0.000026 0.000067 0.000033 0.000016 
5444928 nbody 1 1036 25 1.053000 1.464000  0.000010 0.000008 0.000024 0.000058 0.000031 0.000015 
5444928 nbody 1 1036 25 1.053000 1.152000  0.000011 0.000008 0.000024 0.000049 0.000029 0.000015 
5444992 nbody 1 1036 27 1.053000 1.384000  0.000010 0.000008 0.000025 0.000056 0.000030 0.000015 
5444992 nbody 1 1036 28 1.053000 0.614000  0.000035 0.000032 0.000088 0.000176 0.000090 0.000048 
5444992 nbody 1 1036 28 1.053000 0.615000  0.000050 0.000035 0.000098 0.000218 0.000106 0.000054 
5445056 nbody 1 1036 29 1.053000 0.614000  0.000034 0.000031 0.000087 0.000179 0.000090 0.000048 
5445056 nbody 1 1036 29 1.053000 0.692000  0.000040 0.000034 0.000095 0.000209 0.000103 0.000053 
5445056 nbody 1 1036 29 1.053000 0.691000  0.000043 0.000031 0.000087 0.000181 0.000090 0.000048 
5445120 nbody 1 1036 29 1.053000 0.692000  0.000045 0.000033 0.000090 0.000218 0.000105 0.000054 
5445120 nbody 1 1036 29 1.053000 0.614000  0.000035 0.000030 0.000087 0.000177 0.000088 0.000048 
5445184 nbody 1 1036 30 1.053000 0.923000  0.000041 0.000034 0.000094 0.000204 0.000102 0.000053 
5445184 nbody 1 1036 30 1.053000 0.691000  0.000042 0.000034 0.000095 0.000220 0.000094 0.000050 
5445184 nbody 1 1036 30 1.053000 0.922000  0.000053 0.000034 0.000095 0.000215 0.000103 0.000053 
5445248 nbody 1 1036 30 1.053000 0.614000  0.000034 0.000033 0.000088 0.000202 0.000091 0.000048 
5445248 nbody 1 1036 30 1.053000 0.922000  0.000038 0.000033 0.000093 0.000205 0.000099 0.000053 
5445248 nbody 1 1036 30 1.053000 1.076000  0.000033 0.000031 0.000086 0.000175 0.000091 0.000049 
5445312 nbody 1 1036 30 1.053000 1.000000  0.000042 0.000033 0.000093 0.000201 0.000100 0.000052 
5445312 nbody 1 1036 30 1.053000 1.229000  0.000052 0.000035 0.000096 0.000231 0.000110 0.000055 
5445312 nbody 1 1036 30 1.053000 1.231000  0.000035 0.000047 0.000114 0.000250 0.000133 0.000072 
5445376 nbody 1 1036 30 1.053000 0.845000  0.000035 0.000032 0.000088 0.000182 0.000094 0.000049 
5445376 nbody 1 1036 30 1.053000 0.614000  0.000043 0.000032 0.000088 0.000185 0.000094 0.000049 
5445440 nbody 1 1036 31 1.053000 1.306000  0.000036 0.000031 0.000088 0.000182 0.000092 0.000049 
5445440 nbody 1 1036 31 1.053000 0.691000  0.000048 0.000032 0.000094 0.000206 0.000099 0.000052 
5445440 nbody 1 1036 31 1.053000 0.768000  0.000046 0.000031 0.000088 0.000201 0.000097 0.000050 
5445504 nbody 1 1036 31 1.053000 0.614000  0.000042 0.000030 0.000084 0.000179 0.000087 0.000046 
5445504 nbody 1 1036 31 1.053000 0.615000  0.000038 0.000032 0.000089 0.000198 0.000098 0.000051 
5445504 nbody 1 1036 31 1.053000 0.768000  0.000034 0.000029 0.000082 0.000174 0.000085 0.000046 
5445568 nbody 1 1036 31 1.053000 0.615000  0.000043 0.000046 0.000113 0.000246 0.000130 0.000063 
5445568 nbody 1 1036 31 1.053000 0.614000  0.000033 0.000030 0.000083 0.000165 0.000086 0.000046 
5445568 nbody 1 1036 31 1.053000 1.000000  0.000042 0.000033 0.000091 0.000204 0.000102 0.000052 
5445632 nbody 1 1036 31 1.053000 0.691000  0.000033 0.000030 0.000083 0.000166 0.000084 0.000046 
5445632 nbody 1 1036 31 1.053000 0.998000  0.000081 0.000059 0.000134 0.000342 0.000148 0.000071 
5445632 nbody 1 1036 31 1.053000 0.691000  0.000023 0.000020 0.000057 0.000110 0.000059 0.000032 
5445696 nbody 1 1036 31 1.053000 0.691000  0.000256 0.000181 0.000500 0.001181 0.000568 0.000297 
5445696 nbody 1 1036 31 1.053000 0.845000  0.000039 0.000030 0.000084 0.000196 0.000092 0.000048 
5445760 nbody 1 1036 31 1.053000 0.691000  0.000040 0.000033 0.000090 0.000208 0.000099 0.000051 
5445760 nbody 1 1036 31 1.053000 1.152000  0.000035 0.000030 0.000084 0.000179 0.000089 0.000047 
5445760 nbody 1 1036 31 1.053000 0.614000  0.000047 0.000033 0.000092 0.000204 0.000098 0.000051 
5445824 nbody 1 1036 31 1.053000 0.845000  0.000044 0.000031 0.000085 0.000192 0.000092 0.000048 
5445824 nbody 1 1036 31 1.053000 0.845000  0.000050 0.000034 0.000094 0.000211 0.000101 0.000050 
5445824 nbody 1 1036 31 1.053000 0.922000  0.000048 0.000032 0.000089 0.000204 0.000097 0.000050 
5445888 nbody 1 1036 31 1.053000 0.768000  0.000040 0.000029 0.000080 0.000170 0.000082 0.000044 
5445888 nbody 1 1036 31 1.053000 0.921000  0.000045 0.000032 0.000087 0.000204 0.000095 0.000049 
5445952 nbody 1 1036 31 1.053000 0.691000  0.000031 0.000028 0.000080 0.000163 0.000081 0.000044 
5445952 nbody 1 1036 31 1.053000 0.922000  0.000040 0.000030 0.000083 0.000233 0.000106 0.000054 
5445952 nbody 1 1036 31 1.053000 0.691000  0.000032 0.000028 0.000079 0.000159 0.000081 0.000044 
5446016 nbody 1 1036 32 1.053000 0.845000  0.000034 0.000030 0.000082 0.000167 0.000088 0.000046 
5446016 nbody 1 1036 32 1.053000 0.768000  0.000032 0.000028 0.000078 0.000158 0.000082 0.000043 
5446016 nbody 1 1036 32 1.053000 0.999000  0.000034 0.000030 0.000082 0.000166 0.000088 0.000046 
5446080 nbody 1 1036 31 1.053000 0.768000  0.000032 0.000028 0.000079 0.000157 0.000081 0.000045 
5446080 nbody 1 1036 31 1.053000 0.768000  0.000032 0.000029 0.000081 0.000161 0.000085 0.000045 
5446080 nbody 1 1036 32 1.053000 0.691000  0.000039 0.000031 0.000299 0.000530 0.000199 0.000086 
5446144 nbody 1 1036 32 1.053000 0.845000  0.000031 0.000029 0.000082 0.000174 0.000089 0.000046 
5446144 nbody 1 1036 32 1.053000 0.691000  0.000030 0.000029 0.000084 0.000195 0.000084 0.000044 
5446144 nbody 1 1036 31 1.053000 0.998000  0.000040 0.000029 0.000080 0.000169 0.000085 0.000045 
5446208 nbody 1 1036 31 1.053000 1.306000  0.000032 0.000027 0.000075 0.000155 0.000083 0.000093 
5446208 nbody 1 1036 31 1.053000 0.998000  0.000047 0.000031 0.000084 0.000195 0.000092 0.000047 
5446272 nbody 1 1036 31 1.053000 0.768000  0.000047 0.000033 0.000089 0.000213 0.000088 0.000045 
5446272 nbody 1 1036 31 1.053000 0.691000  0.000044 0.000032 0.000085 0.000196 0.000092 0.000047 
5446272 nbody 1 1036 31 1.053000 1.152000  0.000032 0.000029 0.000079 0.000167 0.000084 0.000044 
5446336 nbody 1 1036 32 1.053000 0.614000  0.000049 0.000031 0.000087 0.000205 0.000096 0.000048 
5446336 nbody 1 1036 32 1.053000 0.845000  0.000044 0.000031 0.000084 0.000194 0.000091 0.000047 
5446336 nbody 1 1036 32 1.053000 0.614000  0.000037 0.000030 0.000085 0.000182 0.000090 0.000046 
5446400 nbody 1 1036 32 1.053000 0.845000  0.000036 0.000029 0.000082 0.000182 0.000090 0.000046 
5446400 nbody 1 1036 32 1.053000 0.614000  0.000030 0.000027 0.000076 0.000154 0.000082 0.000043 
5446400 nbody 1 1036 32 1.053000 0.922000  0.000032 0.000029 0.000079 0.000159 0.000102 0.000051 
5446464 nbody 1 1036 32 1.053000 0.691000  0.066598 0.018052 0.038316 0.066679 0.020490 0.009202 
5446464 nbody 1 1036 32 1.053000 1.076000  0.000024 0.000020 0.000057 0.000123 0.000064 0.000033 
5446528 nbody 1 1036 32 1.053000 0.614000  0.000032 0.000027 0.000075 0.000157 0.000079 0.000042 
5446528 nbody 1 1036 32 1.053000 0.998000  0.000032 0.000028 0.000078 0.000159 0.000083 0.000044 
5446528 nbody 1 1036 32 1.053000 0.691000  0.000040 0.000029 0.000078 0.000164 0.000083 0.000043 
5446592 nbody 1 1036 32 1.053000 0.998000  0.000030 0.000028 0.000077 0.000155 0.000083 0.000043 
5446592 nbody 1 1036 32 1.053000 1.000000  0.000031 0.000029 0.000077 0.000156 0.000083 0.000043 
5446592 nbody 1 1036 32 1.053000 0.614000  0.000031 0.000027 0.000077 0.000153 0.000080 0.000043 
5446656 nbody 1 1036 32 1.053000 0.615000  0.000042 0.000028 0.000076 0.000161 0.000081 0.000043 
5446656 nbody 1 1036 32 1.053000 0.614000  0.000034 0.000029 0.000080 0.000165 0.000081 0.000043 
5446720 nbody 1 1036 32 1.053000 0.846000  0.000033 0.000029 0.000080 0.000181 0.000087 0.000044 
5446720 nbody 1 1036 32 1.053000 0.692000  0.000028 0.000026 0.000073 0.000146 0.000075 0.000040 
5446720 nbody 1 1036 32 1.053000 0.846000  0.000031 0.000027 0.000076 0.000153 0.000080 0.000042 
5446784 nbody 1 1036 32 1.053000 0.691000  0.000029 0.000027 0.000073 0.000150 0.000076 0.000041 
5446784 nbody 1 1036 32 1.053000 0.691000  0.000031 0.000030 0.000079 0.000185 0.000089 0.000046 
5446784 nbody 1 1036 32 1.053000 0.691000  0.000029 0.000026 0.000073 0.000146 0.000074 0.000040 
5446848 nbody 1 1036 32 1.053000 0.845000  0.000037 0.000028 0.000076 0.000159 0.000080 0.000042 
5446848 nbody 1 1036 32 1.053000 0.691000  0.000029 0.000025 0.000073 0.000145 0.000073 0.000040 
5446848 nbody 1 1036 32 1.053000 1.384000  0.000031 0.000027 0.000075 0.000159 0.000080 0.000042 
5446912 nbody 1 1036 32 1.053000 0.845000  0.000029 0.000026 0.000072 0.000142 0.000075 0.000040 
5446912 nbody 1 1036 32 1.053000 0.921000  0.000030 0.000027 0.000075 0.000151 0.000079 0.000042 
5446912 nbody 1 1036 32 1.053000 0.691000  0.000028 0.000026 0.000072 0.000142 0.000079 0.000041 
5446976 nbody 1 1036 32 1.053000 0.768000  0.000029 0.000026 0.000073 0.000156 0.000079 0.000041 
5446976 nbody 1 1036 32 1.053000 0.691000  0.000035 0.000026 0.000072 0.000142 0.000073 0.000039 
5447040 nbody 1 1036 32 1.053000 1.075000  0.000036 0.000027 0.000077 0.000168 0.000083 0.000043 
5447040 nbody 1 1036 32 1.053000 0.768000  0.000028 0.000026 0.000071 0.000143 0.000073 0.000039 
5447040 nbody 1 1036 32 1.053000 0.998000  0.000029 0.000027 0.000074 0.000149 0.000078 0.000041 
5447104 nbody 1 1036 32 1.053000 0.691000  0.000053 0.000028 0.000077 0.000169 0.000078 0.000040 
5447104 nbody 1 1036 32 1.053000 0.768000  0.000029 0.000027 0.000074 0.000147 0.000078 0.000047 
5447104 nbody 1 1036 32 1.053000 1.229000  0.000029 0.000030 0.000078 0.000180 0.000084 0.000042 
5447168 nbody 1 1036 32 1.053000 0.614000  0.000029 0.000026 0.000073 0.000146 0.000076 0.000041 
5447168 nbody 1 1036 32 1.053000 1.229000  0.000029 0.000027 0.000073 0.000151 0.000078 0.000041 
5447168 nbody 1 1036 32 1.053000 0.614000  0.000033 0.000029 0.000077 0.000168 0.000083 0.000043 
5447232 nbody 1 1036 32 1.053000 0.845000  0.000032 0.000027 0.000076 0.000170 0.000085 0.000043 
5447232 nbody 1 1036 32 1.053000 0.614000  0.000040 0.000027 0.000072 0.000145 0.000074 0.000039 
5447296 nbody 1 1036 32 1.053000 0.922000  0.000030 0.000027 0.000075 0.000169 0.000081 0.000042 
5447296 nbody 1 1036 32 1.053000 0.845000  0.000027 0.000025 0.000070 0.000141 0.000071 0.000039 
5447296 nbody 1 1036 32 1.053000 0.922000  0.000030 0.000027 0.000075 0.000176 0.000084 0.000042 
5447360 nbody 1 1036 32 1.053000 0.691000  0.000028 0.000024 0.000070 0.000139 0.000071 0.000038 
5447360 nbody 1 1036 32 1.053000 0.922000  0.000029 0.000038 0.000114 0.000244 0.000122 0.000059 
5447360 nbody 1 1036 32 1.053000 0.614000  0.000027 0.000025 0.000069 0.000136 0.000070 0.000038 
5447424 nbody 1 1036 32 1.053000 0.768000  0.000177 0.000053 0.000126 0.000310 0.000121 0.000057 
5447424 nbody 1 1036 32 1.053000 0.614000  0.000027 0.000025 0.000069 0.000136 0.000071 0.000038 
5447424 nbody 1 1036 32 1.053000 0.999000  0.000034 0.000027 0.000077 0.000174 0.000085 0.000043 
5447488 nbody 1 1036 32 1.053000 0.691000  0.000026 0.000025 0.000069 0.000136 0.000070 0.000038 
5447488 nbody 1 1036 32 1.053000 1.075000  0.000032 0.000027 0.000075 0.000161 0.000081 0.000042 
5447552 nbody 1 1036 32 1.053000 0.614000  0.000026 0.000025 0.000070 0.000144 0.000071 0.000038 
5447552 nbody 1 1036 32 1.053000 0.768000  0.000030 0.000026 0.000074 0.000164 0.000082 0.000042 
5447552 nbody 1 1036 32 1.053000 0.691000  0.000026 0.000024 0.000070 0.000158 0.000074 0.000039 
5447616 nbody 1 1036 32 1.053000 0.768000  0.000079 0.000030 0.000080 0.000210 0.000086 0.000043 
5447616 nbody 1 1036 32 1.053000 1.152000  0.000029 0.000026 0.000071 0.000147 0.000074 0.000039 
5447616 nbody 1 1036 32 1.053000 0.691000  0.000028 0.000026 0.000071 0.000206 0.000093 0.000046 
5447680 nbody 1 1036 32 1.053000 1.000000  0.000030 0.000025 0.000070 0.000146 0.000075 0.000039 
5447680 nbody 1 1036 32 1.053000 0.691000  0.000033 0.000026 0.000073 0.000157 0.000080 0.000041 
5447680 nbody 1 1036 32 1.053000 1.000000  0.000041 0.000027 0.000074 0.000170 0.000080 0.000041 
5447744 nbody 1 1036 32 1.053000 0.768000  0.000032 0.000026 0.000070 0.000143 0.000072 0.000038 
5447744 nbody 1 1036 32 1.053000 0.923000  0.000029 0.000025 0.000070 0.000155 0.000078 0.000041 
5447744 nbody 1 1036 32 1.053000 0.614000  0.000026 0.000024 0.000067 0.000135 0.000068 0.000037 
5447808 nbody 1 1036 32 1.053000 1.000000  0.000031 0.000026 0.000072 0.000155 0.000079 0.000041 
5447808 nbody 1 1036 32 1.053000 0.691000  0.000035 0.000024 0.000067 0.000146 0.000069 0.000037 
5447872 nbody 1 1036 32 1.053000 0.921000  0.000028 0.000037 0.000089 0.000195 0.000103 0.000051 
5447872 nbody 1 1036 32 1.053000 0.691000  0.000027 0.000023 0.000067 0.000147 0.000148 0.000067 
5447872 nbody 1 1036 32 1.053000 0.768000  0.000034 0.000027 0.000074 0.000161 0.000080 0.000041 
5447936 nbody 1 1036 32 1.053000 0.614000  0.000025 0.000023 0.000068 0.000153 0.000072 0.000038 
5447936 nbody 1 1036 32 1.053000 1.076000  0.000032 0.000026 0.000073 0.000169 0.000081 0.000042 
5447936 nbody 1 1036 32 1.053000 0.691000  0.000042 0.000027 0.000073 0.000172 0.000080 0.000041 
5448000 nbody 1 1036 32 1.053000 0.614000  0.000027 0.000037 0.000088 0.000204 0.000103 0.000050 
5448000 nbody 1 1036 32 1.053000 1.229000  0.000035 0.000025 0.000068 0.000148 0.000074 0.000038 
5448000 nbody 1 1036 33 1.053000 0.768000  0.000038 0.000026 0.000073 0.000169 0.000081 0.000041 
5448064 nbody 1 1036 32 1.053000 0.691000  0.000034 0.000025 0.000072 0.000165 0.000080 0.000041 
5448064 nbody 1 1036 32 1.053000 0.768000  0.000025 0.000024 0.000066 0.000130 0.000067 0.000036 
5448128 nbody 1 1036 33 1.053000 0.691000  0.000027 0.000024 0.000089 0.000198 0.000088 0.000050 
5448128 nbody 1 1036 33 1.053000 0.691000  0.000026 0.000023 0.000065 0.000130 0.000067 0.000036 
5448128 nbody 1 1036 33 1.053000 0.845000  0.000027 0.000025 0.000068 0.000136 0.000072 0.000038 
5448192 nbody 1 1036 33 1.053000 0.691000  0.000026 0.000023 0.000065 0.000130 0.000066 0.000036 
5448192 nbody 1 1036 32 1.053000 0.998000  0.000026 0.000024 0.000067 0.000135 0.000071 0.000038 
5448192 nbody 1 1036 33 1.053000 0.614000  0.000040 0.000026 0.000072 0.000171 0.000072 0.000037 
5448256 nbody 1 1036 33 1.053000 1.075000  0.000026 0.000025 0.000067 0.000134 0.000071 0.000037 
5448256 nbody 1 1036 33 1.053000 0.691000  0.000026 0.000023 0.000064 0.000127 0.000066 0.000035 
5448256 nbody 1 1036 33 1.053000 0.614000  0.000037 0.000026 0.000072 0.000161 0.000077 0.000040 
5448320 nbody 1 1036 33 1.053000 0.614000  0.000025 0.000022 0.000063 0.000129 0.000065 0.000035 
5448320 nbody 1 1036 33 1.053000 0.845000  0.000031 0.000025 0.000069 0.000152 0.000075 0.000039 
5448320 nbody 1 1036 33 1.053000 1.152000  0.000026 0.000024 0.000066 0.000139 0.000071 0.000037 
5448384 nbody 1 1036 33 1.053000 0.691000  0.000029 0.000026 0.000071 0.000154 0.000077 0.000040 
5448384 nbody 1 1036 33 1.053000 0.692000  0.000027 0.000024 0.000066 0.000139 0.000068 0.000036 
5448448 nbody 1 1036 33 1.053000 0.691000  0.000036 0.000025 0.000069 0.000155 0.000075 0.000039 
5448448 nbody 1 1036 33 1.053000 0.768000  0.000031 0.000024 0.000070 0.000156 0.000077 0.000039 
5448448 nbody 1 1036 33 1.053000 0.691000  0.000025 0.000022 0.000063 0.000128 0.000064 0.000035 
5448512 nbody 1 1036 33 1.053000 0.845000  0.000038 0.000025 0.000070 0.000162 0.000076 0.000039 
5448512 nbody 1 1036 33 1.053000 0.691000  0.000025 0.000022 0.000063 0.000129 0.000064 0.000035 
5448512 nbody 1 1036 33 1.053000 1.000000  0.000200 0.000141 0.000386 0.000915 0.000436 0.000219 
5448576 nbody 1 1036 33 1.053000 0.614000  0.000026 0.000022 0.000062 0.000125 0.000065 0.000037 
5448576 nbody 1 1036 33 1.053000 0.768000  0.000026 0.000023 0.000065 0.000130 0.000069 0.000037 
5448640 nbody 1 1036 33 1.053000 0.614000  0.000025 0.000022 0.000064 0.000131 0.000065 0.000035 
5448640 nbody 1 1036 33 1.053000 0.768000  0.000032 0.000024 0.000065 0.000136 0.000069 0.000036 
5448640 nbody 1 1036 33 1.053000 1.076000  0.000033 0.000024 0.000065 0.000135 0.000070 0.000036 
5448704 nbody 1 1036 33 1.053000 0.845000  0.000025 0.000024 0.000065 0.000129 0.000069 0.000036 
5448704 nbody 1 1036 33 1.053000 1.152000  0.000027 0.000024 0.000065 0.000136 0.000072 0.000037 
5448704 nbody 1 1036 33 1.053000 0.921000  0.000035 0.000025 0.000068 0.000153 0.000075 0.000039 
5448768 nbody 1 1036 32 1.053000 0.769000  0.000027 0.000024 0.000067 0.000147 0.000073 0.000038 
5448768 nbody 1 1036 32 1.053000 0.614000  0.000024 0.000022 0.000062 0.000124 0.000064 0.000034 
5448768 nbody 1 1036 33 1.053000 1.000000  0.000027 0.000024 0.000067 0.000158 0.000075 0.000038 
5448832 nbody 1 1036 33 1.053000 0.614000  0.000031 0.000022 0.000062 0.000131 0.000064 0.000034 
5448832 nbody 1 1036 33 1.053000 0.846000  0.000033 0.000024 0.000084 0.000184 0.000085 0.000047 
5448832 nbody 1 1036 33 1.053000 0.691000  0.000038 0.000023 0.000063 0.000137 0.000065 0.000034 
5448896 nbody 1 1036 33 1.053000 0.999000  0.000026 0.000024 0.000066 0.000153 0.000072 0.000037 
5448896 nbody 1 1036 33 1.053000 0.614000  0.000024 0.000022 0.000062 0.000122 0.000062 0.000034 
5448960 nbody 1 1036 33 1.053000 0.998000  0.000027 0.000024 0.000067 0.000145 0.000072 0.000037 
5448960 nbody 1 1036 33 1.053000 0.691000  0.000030 0.000022 0.000061 0.000121 0.000063 0.000034 
5448960 nbody 1 1036 33 1.053000 0.768000  0.000030 0.000024 0.000067 0.000147 0.000071 0.000037 
5449024 nbody 1 1036 33 1.053000 0.691000  0.000030 0.000025 0.000071 0.000172 0.000078 0.000039 
5449024 nbody 1 1036 33 1.053000 0.768000  0.000028 0.000024 0.000068 0.000154 0.000073 0.000038 
5449024 nbody 1 1036 33 1.053000 1.152000  0.000024 0.000021 0.000061 0.000122 0.000062 0.000034 
5449088 nbody 1 1036 33 1.053000 0.921000  0.000029 0.000024 0.000066 0.000146 0.000073 0.000037 
5449088 nbody 1 1036 33 1.053000 0.614000  0.000033 0.000023 0.000064 0.000145 0.000068 0.000035 
5449088 nbody 1 1036 33 1.053000 0.769000  0.000034 0.000024 0.000067 0.000154 0.000073 0.000038 
5449152 nbody 1 1036 33 1.053000 1.229000  0.000033 0.000024 0.000066 0.000160 0.000073 0.000037 
5449152 nbody 1 1036 33 1.053000 0.768000  0.000031 0.000023 0.000065 0.000142 0.000071 0.000037 
5449216 nbody 1 1036 33 1.053000 1.075000  0.000032 0.000024 0.000066 0.000145 0.000068 0.000034 
5449216 nbody 1 1036 33 1.053000 0.768000  0.000030 0.000024 0.000065 0.000138 0.000070 0.000036 
5449216 nbody 1 1036 33 1.053000 0.692000  0.000032 0.000024 0.000064 0.000150 0.000070 0.000035 
5449280 nbody 1 1036 33 1.053000 0.691000  0.000028 0.000024 0.000062 0.000125 0.000064 0.000034 
5449280 nbody 1 1036 33 1.053000 0.922000  0.000026 0.000023 0.000063 0.000146 0.000069 0.000036 
5449280 nbody 1 1036 33 1.053000 0.922000  0.000029 0.000021 0.000059 0.000123 0.000060 0.000032 
5449344 nbody 1 1036 33 1.053000 0.999000  0.000027 0.000022 0.000063 0.000141 0.000071 0.000036 
5449344 nbody 1 1036 33 1.053000 0.691000  0.000023 0.000021 0.000058 0.000121 0.000060 0.000032 
5449344 nbody 1 1036 33 1.053000 0.998000  0.000178 0.000129 0.000360 0.000874 0.000409 0.000212 
5449408 nbody 1 1036 33 1.053000 0.999000  0.000024 0.000022 0.000060 0.000131 0.000065 0.000034 
5449408 nbody 1 1036 33 1.053000 0.614000  0.000024 0.000022 0.000060 0.000120 0.000063 0.000034 
5449472 nbody 1 1036 33 1.053000 0.922000  -0.512245 0.711882 -0.691234 -0.512150 0.512182 -0.539606 
5449472 nbody 1 1036 33 1.053000 0.691000  0.000030 0.000022 0.000060 0.000125 0.000064 0.000034 
5449472 nbody 1 1036 33 1.053000 0.768000  0.000025 0.000021 0.000060 0.000121 0.000064 0.000033 
5449536 nbody 1 1036 33 1.053000 1.152000  0.000023 0.000021 0.000058 0.000115 0.000060 0.000032 
5449536 nbody 1 1036 33 1.053000 0.922000  0.000034 0.000024 0.000063 0.000146 0.000068 0.000035 
5449536 nbody 1 1036 33 1.053000 0.691000  0.000029 0.000021 0.000057 0.000123 0.000059 0.000032 
5449600 nbody 1 1036 33 1.053000 0.846000  0.000023 0.000022 0.000060 0.000119 0.000062 0.000033 
5449600 nbody 1 1036 33 1.053000 0.614000  0.000026 0.000020 0.000198 0.000364 0.000130 0.000058 
5449600 nbody 1 1036 33 1.053000 0.921000  0.000027 0.000021 0.000059 0.000121 0.000063 0.000033 
5449664 nbody 1 1036 33 1.053000 0.691000  0.000023 0.000024 0.000062 0.000138 0.000064 0.000033 
5449664 nbody 1 1036 33 1.053000 0.999000  0.000028 0.000022 0.000059 0.000122 0.000062 0.000033 
5449728 nbody 1 1036 33 1.053000 0.691000  0.000023 0.000021 0.000057 0.000113 0.000059 0.000032 
5449728 nbody 1 1036 33 1.053000 0.921000  0.000106 0.000025 0.000067 0.000202 0.000070 0.000035 
5449728 nbody 1 1036 33 1.053000 0.691000  0.000030 0.000021 0.000056 0.000119 0.000059 0.000031 
5449792 nbody 1 1036 33 1.053000 0.999000  0.000023 0.000022 0.000058 0.000122 0.000063 0.000033 
5449792 nbody 1 1036 33 1.053000 0.614000  0.000028 0.000020 0.000056 0.000117 0.000058 0.000031 
5449792 nbody 1 1036 33 1.053000 1.384000  0.000026 0.000022 0.000060 0.000132 0.000065 0.000034 
5449856 nbody 1 1036 33 1.053000 1.229000  0.000023 0.000021 0.000058 0.000124 0.000062 0.000033 
5449856 nbody 1 1036 33 1.053000 0.998000  0.000033 0.000022 0.000062 0.000139 0.000067 0.000035 
5449856 nbody 1 1036 33 1.053000 1.075000  0.000028 0.000021 0.000058 0.000123 0.000061 0.000032 
5449920 nbody 1 1036 33 1.053000 0.614000  0.000032 0.000022 0.000062 0.000138 0.000067 0.000035 
5449920 nbody 1 1036 33 1.053000 1.154000  0.000025 0.000022 0.000060 0.000139 0.000066 0.000034 
5449920 nbody 1 1036 33 1.053000 0.691000  0.000022 0.000019 0.000055 0.000113 0.000056 0.000030 
5449984 nbody 1 1036 33 1.053000 0.999000  0.000029 0.000031 0.000091 0.000203 0.000098 0.000047 
5449984 nbody 1 1036 33 1.053000 0.614000  0.000215 0.000083 0.000187 0.000303 0.000122 0.000054 
5450048 nbody 1 1036 33 1.053000 0.922000  0.000029 0.000021 0.000057 0.000122 0.000061 0.000032 
5450048 nbody 1 1036 33 1.053000 0.691000  0.000022 0.000019 0.000054 0.000120 0.000145 0.000065 
5450048 nbody 1 1036 33 1.053000 0.691000  0.000022 0.000021 0.000057 0.000113 0.000061 0.000032 
5450112 nbody 1 1036 34 1.053000 0.614000  0.000028 0.000020 0.000055 0.000115 0.000056 0.000030 
5450112 nbody 1 1036 34 1.053000 0.998000  0.000028 0.000021 0.000058 0.000119 0.000061 0.000032 
5450112 nbody 1 1036 33 1.053000 0.691000  0.000022 0.000020 0.000055 0.000108 0.000056 0.000030 
5450176 nbody 1 1036 33 1.053000 0.614000  0.000022 0.000020 0.000057 0.000113 0.000059 0.000032 
5450176 nbody 1 1036 33 1.053000 0.921000  0.000033 0.000023 0.000060 0.000143 0.000067 0.000034 
5450176 nbody 1 1036 33 1.053000 0.768000  0.000031 0.000022 0.000059 0.000135 0.000064 0.000033 
5450240 nbody 1 1036 33 1.053000 0.999000  0.000028 0.000021 0.000058 0.000129 0.000065 0.000033 
5450240 nbody 1 1036 33 1.053000 0.614000  0.000025 0.000021 0.000057 0.000115 0.000058 0.000031 
5450304 nbody 1 1036 33 1.053000 0.845000  0.000027 0.000021 0.000058 0.000128 0.000065 0.000033 
