#Timestamp	Benchmark	Run(#)	CPU Frequency (MHz)	CPU Temperature(C)	CPU Voltage(V)	CPU Power(W)	CPU_CYCLES	L1_DATA_CACHE_ACCESS	INSTRUCTIONS_RETIRED	BUS_CYCLES	L1I_CACHE_ACCESS	PREDICTABLE_BRANCH_SPECULATIVELY_EXECUTED
5450304 radixSortThrust 1 1036 32 1.053000 1.079000  0.000006 0.000005 0.000014 0.000035 0.000019 0.000009 
5450304 radixSortThrust 1 1036 32 1.053000 1.002000  0.000029 0.000022 0.000058 0.000203 0.000072 0.000035 
5450368 radixSortThrust 1 1036 31 1.053000 0.925000  0.000029 0.000039 0.000090 0.000213 0.000086 0.000041 
5450368 radixSortThrust 1 1036 31 1.053000 0.847000  0.000023 0.000020 0.000058 0.000123 0.000063 0.000033 
5450368 radixSortThrust 1 1036 31 1.053000 1.310000  0.000023 0.000020 0.000057 0.000119 0.000061 0.000032 
5450432 radixSortThrust 1 1036 31 1.053000 1.002000  0.000021 0.000019 0.000052 0.000099 0.000053 0.000029 
5450432 radixSortThrust 1 1036 30 1.053000 1.312000  0.000025 0.000020 0.000057 0.000117 0.000062 0.000032 
5450432 radixSortThrust 1 1036 30 1.053000 0.849000  0.000026 0.000021 0.000057 0.000127 0.000063 0.000033 
5450496 radixSortThrust 1 1036 30 1.053000 0.848000  0.000025 0.000021 0.000056 0.000118 0.000065 0.000033 
5450496 radixSortThrust 1 1036 30 1.053000 1.541000  0.000022 0.000020 0.000070 0.000151 0.000071 0.000040 
5450560 radixSortThrust 1 1036 30 1.053000 0.847000  0.000022 0.000020 0.000054 0.000104 0.000057 0.000030 
5450560 radixSortThrust 1 1036 29 1.053000 0.770000  0.000021 0.000020 0.000054 0.000103 0.000057 0.000030 
5450560 radixSortThrust 1 1036 29 1.053000 1.157000  0.000022 0.000019 0.000054 0.000104 0.000057 0.000030 
5450624 radixSortThrust 1 1036 29 1.053000 0.693000  0.000027 0.000024 0.000063 0.000139 0.000067 0.000033 
5450624 radixSortThrust 1 1036 29 1.053000 1.232000  0.000022 0.000019 0.000053 0.000104 0.000057 0.000030 
5450624 radixSortThrust 1 1036 29 1.053000 0.926000  0.000021 0.000019 0.000051 0.000099 0.000054 0.000029 
5450688 radixSortThrust 1 1036 28 1.053000 1.155000  0.000022 0.000019 0.000053 0.000102 0.000056 0.000030 
5450688 radixSortThrust 1 1036 28 1.053000 0.770000  0.000029 0.000019 0.000055 0.000121 0.000056 0.000029 
5450688 radixSortThrust 1 1036 28 1.053000 0.770000  0.000021 0.000020 0.000055 0.000114 0.000059 0.000031 
5450752 radixSortThrust 1 1036 28 1.053000 0.772000  0.000021 0.000019 0.000053 0.000105 0.000055 0.000030 
5450752 radixSortThrust 1 1036 28 1.053000 0.771000  0.000021 0.000019 0.000053 0.000101 0.000055 0.000030 
5450752 radixSortThrust 1 1036 28 1.053000 1.156000  0.000023 0.000019 0.000055 0.000117 0.000061 0.000031 
5450816 radixSortThrust 1 1036 28 1.053000 0.772000  0.000021 0.000018 0.000051 0.000101 0.000052 0.000028 
5450816 radixSortThrust 1 1036 28 1.053000 1.154000  0.000021 0.000019 0.000053 0.000102 0.000056 0.000029 
5450880 radixSortThrust 1 1036 28 1.053000 0.770000  0.000027 0.000019 0.000053 0.000115 0.000055 0.000029 
5450880 radixSortThrust 1 1036 28 1.053000 1.155000  0.000021 0.000019 0.000053 0.000101 0.000056 0.000029 
5450880 radixSortThrust 1 1036 28 1.053000 1.543000  0.000022 0.000019 0.000053 0.000105 0.000057 0.000029 
5450944 radixSortThrust 1 1036 28 1.053000 0.770000  0.000021 0.000019 0.000053 0.000101 0.000055 0.000029 
5450944 radixSortThrust 1 1036 28 1.053000 1.155000  0.000022 0.000019 0.000052 0.000101 0.000060 0.000031 
5450944 radixSortThrust 1 1036 28 1.053000 0.771000  0.000019 0.000018 0.000050 0.000096 0.000051 0.000028 
5451008 radixSortThrust 1 1036 27 1.053000 1.155000  0.000027 0.000021 0.000056 0.000118 0.000060 0.000031 
5451008 radixSortThrust 1 1036 27 1.053000 0.924000  0.000025 0.000021 0.000057 0.000117 0.000060 0.000032 
5451008 radixSortThrust 1 1036 27 1.053000 1.002000  0.000026 0.000020 0.000055 0.000120 0.000061 0.000031 
5451072 radixSortThrust 1 1036 27 1.053000 1.387000  0.154688 0.603511 0.160807 0.603565 0.000167 0.015556 
5451072 radixSortThrust 1 1036 27 1.053000 0.925000  0.000025 0.000021 0.000056 0.000118 0.000061 0.000031 
5451072 radixSortThrust 1 1036 27 1.053000 1.233000  0.000040 0.000023 0.000059 0.000130 0.000063 0.000032 
5451136 radixSortThrust 1 1036 27 1.053000 0.771000  0.000019 0.000018 0.000050 0.000095 0.000051 0.000027 
5451136 radixSortThrust 1 1036 27 1.053000 1.232000  0.000021 0.000019 0.000052 0.000100 0.000055 0.000029 
5451200 radixSortThrust 1 1036 27 1.053000 0.694000  0.000024 0.000020 0.000055 0.000119 0.000061 0.000031 
5451200 radixSortThrust 1 1036 27 1.053000 0.924000  0.000024 0.000020 0.000055 0.000114 0.000059 0.000031 
5451200 radixSortThrust 1 1036 27 1.053000 0.925000  0.000021 0.000019 0.000052 0.000100 0.000055 0.000029 
5451264 radixSortThrust 1 1036 27 1.053000 0.926000  0.000023 0.000019 0.000055 0.000132 0.000058 0.000030 
5451264 radixSortThrust 1 1036 27 1.053000 1.156000  0.000021 0.000019 0.000052 0.000098 0.000054 0.000029 
5451264 radixSortThrust 1 1036 27 1.053000 0.694000  0.000020 0.000018 0.000050 0.000112 0.000054 0.000028 
5451328 radixSortThrust 1 1036 27 1.053000 1.234000  0.000026 0.000020 0.000056 0.000118 0.000061 0.000031 
5451328 radixSortThrust 1 1036 27 1.053000 0.771000  0.000027 0.000020 0.000054 0.000121 0.000060 0.000031 
5451328 radixSortThrust 1 1036 27 1.053000 0.847000  0.000025 0.000020 0.000054 0.000114 0.000058 0.000030 
5451392 radixSortThrust 1 1036 27 1.053000 1.234000  0.000022 0.000019 0.000052 0.000109 0.000056 0.000030 
5451392 radixSortThrust 1 1036 27 1.053000 0.772000  0.000020 0.000018 0.000049 0.000097 0.000050 0.000027 
5451392 radixSortThrust 1 1036 27 1.053000 1.156000  0.000020 0.000019 0.000066 0.000134 0.000075 0.000037 
5451456 radixSortThrust 1 1036 27 1.053000 0.694000  0.000025 0.000020 0.000055 0.000118 0.000059 0.000030 
5451456 radixSortThrust 1 1036 27 1.053000 0.847000  0.000026 0.000020 0.000054 0.000116 0.000060 0.000031 
5451520 radixSortThrust 1 1036 27 1.053000 1.157000  0.000022 0.000019 0.000053 0.000111 0.000058 0.000030 
5451520 radixSortThrust 1 1036 27 1.053000 0.770000  0.000026 0.000019 0.000052 0.000103 0.000054 0.000028 
5451520 radixSortThrust 1 1036 27 1.053000 1.311000  0.000020 0.000027 0.000066 0.000160 0.000075 0.000041 
5451584 radixSortThrust 1 1036 27 1.053000 0.772000  0.000020 0.000019 0.000051 0.000114 0.000053 0.000028 
5451584 radixSortThrust 1 1036 27 1.053000 1.156000  0.000024 0.000019 0.000051 0.000100 0.000052 0.000028 
5451584 radixSortThrust 1 1036 27 1.053000 0.770000  0.000023 0.000018 0.000051 0.000112 0.000053 0.000029 
5451648 radixSortThrust 1 1036 27 1.053000 0.694000  0.000024 0.000019 0.000053 0.000113 0.000058 0.000030 
5451648 radixSortThrust 1 1036 27 1.053000 1.389000  0.000026 0.000020 0.000053 0.000116 0.000060 0.000030 
5451648 radixSortThrust 1 1036 27 1.053000 0.771000  0.000020 0.000017 0.000049 0.000095 0.000050 0.000027 
5451712 radixSortThrust 1 1036 27 1.053000 1.002000  0.000035 0.000022 0.000061 0.000172 0.000067 0.000033 
5451712 radixSortThrust 1 1036 27 1.053000 1.157000  0.000021 0.000018 0.000050 0.000101 0.000053 0.000028 
5451776 radixSortThrust 1 1036 27 1.053000 1.078000  0.000020 0.000023 0.000071 0.000188 0.000068 0.000038 
5451776 radixSortThrust 1 1036 27 1.053000 1.232000  0.000024 0.000018 0.000050 0.000113 0.000053 0.000028 
5451776 radixSortThrust 1 1036 27 1.053000 1.233000  0.000013 0.000005 0.000015 0.000043 0.000017 0.000008 
5451840 radixSortThrust 1 1036 28 1.053000 0.693000  0.161044 -0.491998 0.169366 -0.491987 0.000162 0.015674 
5451840 radixSortThrust 1 1036 28 1.053000 0.769000  0.161122 -0.489933 0.169489 -0.489922 0.000162 0.015668 
5451840 radixSortThrust 1 1036 28 1.053000 0.693000  0.000025 0.000019 0.000051 0.000117 0.000056 0.000029 
5451904 radixSortThrust 1 1036 28 1.053000 1.156000  0.000021 0.000017 0.000048 0.000105 0.000049 0.000026 
5451904 radixSortThrust 1 1036 28 1.053000 0.769000  0.000007 0.000005 0.000013 0.000032 0.000017 0.000008 
5451904 radixSortThrust 1 1036 28 1.053000 0.461000  0.000007 0.000005 0.000013 0.000031 0.000017 0.000008 
5451968 radixSortThrust 1 1036 28 1.053000 0.769000  0.000025 0.000018 0.000051 0.000117 0.000058 0.000030 
5451968 radixSortThrust 1 1036 28 1.053000 1.154000  0.000010 0.000005 0.000016 0.000046 0.000018 0.000009 
5451968 radixSortThrust 1 1036 28 1.053000 1.079000  0.000007 0.000005 0.000013 0.000029 0.000016 0.000008 
5452032 radixSortThrust 1 1036 28 1.053000 0.769000  0.000010 0.000005 0.000015 0.000036 0.000017 0.000008 
5452032 radixSortThrust 1 1036 28 1.053000 1.079000  0.000006 0.000004 0.000013 0.000028 0.000016 0.000008 
5452032 radixSortThrust 1 1036 28 1.053000 0.692000  0.000005 0.000007 0.000022 0.000069 0.000023 0.000011 
5452096 radixSortThrust 1 1036 28 1.053000 0.769000  0.000007 0.000004 0.000013 0.000030 0.000016 0.000008 
5452096 radixSortThrust 1 1036 28 1.053000 1.233000  0.000007 0.000004 0.000013 0.000030 0.000016 0.000008 
5452160 radixSortThrust 1 1036 28 1.053000 0.693000  0.000022 0.000018 0.000049 0.000098 0.000052 0.000027 
5452160 radixSortThrust 1 1036 28 1.053000 1.079000  0.000006 0.000004 0.000013 0.000029 0.000016 0.000008 
5452160 radixSortThrust 1 1036 28 1.053000 1.387000  0.000006 0.000004 0.000013 0.000027 0.000016 0.000008 
5452224 radixSortThrust 1 1036 28 1.053000 0.538000  0.000006 0.000004 0.000013 0.000030 0.000016 0.000008 
5452224 radixSortThrust 1 1036 28 1.053000 1.077000  0.000012 0.000005 0.000014 0.000034 0.000016 0.000008 
5452224 radixSortThrust 1 1036 28 1.053000 0.384000  0.000006 0.000004 0.000013 0.000032 0.000017 0.000008 
5452288 radixSortThrust 1 1036 28 1.053000 0.769000  0.000007 0.000004 0.000013 0.000029 0.000016 0.000008 
5452288 radixSortThrust 1 1036 28 1.053000 1.233000  0.000006 0.000004 0.000013 0.000028 0.000015 0.000008 
5452288 radixSortThrust 1 1036 28 1.053000 1.309000  0.000006 0.000004 0.000013 0.000029 0.000016 0.000008 
5452352 radixSortThrust 1 1036 28 1.053000 0.769000  0.164681 -0.409060 0.173996 -0.408984 0.000160 0.015597 
5452352 radixSortThrust 1 1036 28 1.053000 0.769000  0.000007 0.000004 0.000012 0.000030 0.000016 0.000008 
5452352 radixSortThrust 1 1036 28 1.053000 1.001000  0.000023 0.000018 0.000048 0.000100 0.000052 0.000027 
5452416 radixSortThrust 1 1036 28 1.053000 0.615000  0.000020 0.000017 0.000049 0.000110 0.000054 0.000028 
5452416 radixSortThrust 1 1036 28 1.053000 1.541000  0.000020 0.000018 0.000048 0.000105 0.000051 0.000027 
5452480 radixSortThrust 1 1036 28 1.053000 0.692000  0.000023 0.000017 0.000048 0.000106 0.000053 0.000029 
5452480 radixSortThrust 1 1036 28 1.053000 0.846000  0.000023 0.000017 0.000048 0.000103 0.000053 0.000028 
5452480 radixSortThrust 1 1036 28 1.053000 0.846000  0.000024 0.000017 0.000048 0.000108 0.000052 0.000028 
5452544 radixSortThrust 1 1036 28 1.053000 0.693000  0.000022 0.000017 0.000047 0.000098 0.000050 0.000027 
5452544 radixSortThrust 1 1036 28 1.053000 1.001000  0.000020 0.000017 0.000047 0.000097 0.000047 0.000025 
5452544 radixSortThrust 1 1036 28 1.053000 1.155000  0.000035 0.000007 0.000017 0.000065 0.000019 0.000009 
5452608 radixSortThrust 1 1036 28 1.053000 0.384000  0.000005 0.000004 0.000012 0.000026 0.000015 0.000008 
5452608 radixSortThrust 1 1036 28 1.053000 0.615000  0.000005 0.000004 0.000012 0.000028 0.000015 0.000008 
5452608 radixSortThrust 1 1036 29 1.053000 0.539000  0.165206 -0.351727 0.175318 -0.351717 0.000157 0.015480 
5452672 radixSortThrust 1 1036 28 1.053000 1.001000  0.000026 0.000017 0.000048 0.000130 0.000053 0.000027 
5452672 radixSortThrust 1 1036 28 1.053000 0.462000  0.000027 0.000017 0.000046 0.000111 0.000047 0.000026 
5452736 radixSortThrust 1 1036 28 1.053000 0.769000  0.000021 0.000017 0.000047 0.000104 0.000053 0.000027 
5452736 radixSortThrust 1 1036 28 1.053000 0.846000  0.000019 0.000016 0.000045 0.000095 0.000047 0.000025 
5452736 radixSortThrust 1 1036 28 1.053000 1.310000  0.000020 0.000017 0.000048 0.000103 0.000052 0.000027 
5452800 radixSortThrust 1 1036 28 1.053000 0.847000  0.000024 0.000017 0.000046 0.000118 0.000048 0.000026 
5452800 radixSortThrust 1 1036 28 1.053000 0.693000  0.000026 0.000018 0.000048 0.000111 0.000049 0.000026 
5452800 radixSortThrust 1 1036 28 1.053000 1.462000  0.000025 0.000018 0.000049 0.000112 0.000052 0.000027 
5452864 radixSortThrust 1 1036 28 1.053000 1.387000  0.000024 0.000018 0.000049 0.000115 0.000053 0.000028 
5452864 radixSortThrust 1 1036 28 1.053000 0.615000  0.000021 0.000017 0.000047 0.000121 0.000048 0.000025 
5452864 radixSortThrust 1 1036 28 1.053000 0.538000  0.000019 0.000006 0.000015 0.000043 0.000018 0.000008 
5452928 radixSortThrust 1 1036 28 1.053000 0.538000  0.000006 0.000004 0.000012 0.000028 0.000015 0.000008 
5452928 radixSortThrust 1 1036 28 1.053000 1.231000  0.000006 0.000004 0.000012 0.000040 0.000018 0.000008 
5452928 radixSortThrust 1 1036 28 1.053000 1.233000  0.000023 0.000017 0.000048 0.000106 0.000052 0.000027 
5452992 radixSortThrust 1 1036 28 1.053000 0.461000  0.000005 0.000004 0.000012 0.000026 0.000015 0.000008 
5452992 radixSortThrust 1 1036 28 1.053000 0.692000  0.000022 0.000017 0.000046 0.000103 0.000050 0.000026 
5453056 radixSortThrust 1 1036 28 1.053000 0.615000  0.000019 0.000016 0.000045 0.000089 0.000045 0.000025 
5453056 radixSortThrust 1 1036 28 1.053000 1.387000  0.000025 0.000018 0.000048 0.000116 0.000054 0.000028 
5453056 radixSortThrust 1 1036 28 1.053000 0.615000  0.000020 0.000016 0.000044 0.000102 0.000045 0.000025 
5453120 radixSortThrust 1 1036 28 1.053000 0.692000  0.000021 0.000017 0.000048 0.000106 0.000051 0.000027 
5453120 radixSortThrust 1 1036 28 1.053000 0.461000  0.000019 0.000016 0.000045 0.000094 0.000046 0.000025 
5453120 radixSortThrust 1 1036 28 1.053000 1.387000  0.000020 0.000017 0.000047 0.000100 0.000051 0.000027 
5453184 radixSortThrust 1 1036 28 1.053000 1.233000  0.000022 0.000016 0.000044 0.000101 0.000045 0.000024 
5453184 radixSortThrust 1 1036 28 1.053000 0.615000  0.000008 0.000005 0.000013 0.000035 0.000016 0.000008 
5453184 radixSortThrust 1 1036 28 1.053000 0.384000  0.000021 0.000016 0.000044 0.000092 0.000045 0.000024 
5453248 radixSortThrust 1 1036 28 1.053000 0.616000  0.000006 0.000004 0.000012 0.000028 0.000015 0.000007 
5453248 radixSortThrust 1 1036 28 1.053000 1.156000  0.000005 0.000004 0.000012 0.000025 0.000015 0.000007 
5453312 radixSortThrust 1 1036 28 1.053000 1.156000  0.000022 0.000017 0.000046 0.000101 0.000048 0.000026 
5453312 radixSortThrust 1 1036 28 1.053000 0.384000  0.000018 0.000016 0.000045 0.000099 0.000047 0.000025 
5453312 radixSortThrust 1 1036 28 1.053000 0.692000  0.000020 0.000017 0.000059 0.000157 0.000060 0.000030 
5453376 radixSortThrust 1 1036 28 1.053000 1.000000  0.000087 0.000581 0.000467 0.002157 0.000000 0.000073 
5453376 radixSortThrust 1 1036 28 1.053000 0.769000  0.000026 0.000018 0.000049 0.000125 0.000051 0.000026 
5453376 radixSortThrust 1 1036 28 1.053000 0.462000  0.000006 0.000004 0.000012 0.000027 0.000015 0.000007 
5453440 radixSortThrust 1 1036 28 1.053000 0.769000  0.000005 0.000004 0.000012 0.000027 0.000015 0.000007 
5453440 radixSortThrust 1 1036 28 1.053000 1.156000  0.000018 0.000180 0.000099 0.000314 0.000000 0.000013 
5453440 radixSortThrust 1 1036 28 1.053000 1.309000  0.000021 0.000017 0.000048 0.000110 0.000051 0.000026 
5453504 radixSortThrust 1 1036 28 1.053000 0.846000  0.000023 0.000016 0.000046 0.000117 0.000048 0.000025 
5453504 radixSortThrust 1 1036 28 1.053000 0.692000  0.000006 0.000004 0.000012 0.000027 0.000015 0.000007 
5453568 radixSortThrust 1 1036 28 1.053000 0.769000  0.000005 0.000004 0.000012 0.000027 0.000014 0.000007 
5453568 radixSortThrust 1 1036 28 1.053000 0.693000  0.000006 0.000004 0.000012 0.000026 0.000014 0.000007 
5453568 radixSortThrust 1 1036 28 1.053000 1.387000  0.000019 0.000016 0.000046 0.000116 0.000051 0.000026 
5453632 radixSortThrust 1 1036 28 1.053000 0.769000  0.000005 0.000004 0.000012 0.000025 0.000017 0.000008 
5453632 radixSortThrust 1 1036 28 1.053000 0.847000  0.000005 0.000004 0.000012 0.000025 0.000014 0.000007 
5453632 radixSortThrust 1 1036 28 1.053000 0.615000  0.000005 0.000004 0.000012 0.000024 0.000015 0.000007 
5453696 radixSortThrust 1 1036 28 1.053000 1.540000  0.000058 0.000342 0.000305 0.000951 0.000000 0.000051 
5453696 radixSortThrust 1 1036 28 1.053000 0.847000  0.000022 0.000016 0.000043 0.000087 0.000045 0.000024 
5453696 radixSortThrust 1 1036 27 1.053000 1.234000  0.000022 0.000017 0.000047 0.000101 0.000052 0.000027 
5453760 radixSortThrust 1 1036 27 1.053000 1.310000  0.000019 0.000016 0.000045 0.000108 0.000050 0.000026 
5453760 radixSortThrust 1 1036 27 1.053000 0.848000  0.000022 0.000017 0.000047 0.000097 0.000050 0.000026 
5453760 radixSortThrust 1 1036 27 1.053000 1.309000  0.000018 0.000016 0.000057 0.000117 0.000057 0.000032 
5453824 radixSortThrust 1 1036 27 1.053000 0.771000  0.000022 0.000016 0.000044 0.000097 0.000046 0.000024 
5453824 radixSortThrust 1 1036 27 1.053000 1.233000  0.000017 0.000016 0.000044 0.000083 0.000046 0.000025 
5453888 radixSortThrust 1 1036 27 1.053000 0.771000  0.000018 0.000016 0.000044 0.000087 0.000046 0.000024 
5453888 radixSortThrust 1 1036 27 1.053000 0.771000  0.000020 0.000017 0.000045 0.000096 0.000050 0.000026 
5453888 radixSortThrust 1 1036 27 1.053000 0.771000  0.000019 0.000016 0.000046 0.000095 0.000050 0.000026 
5453952 radixSortThrust 1 1036 27 1.053000 0.771000  0.000021 0.000016 0.000043 0.000086 0.000045 0.000024 
5453952 radixSortThrust 1 1036 27 1.053000 1.155000  0.000018 0.000016 0.000044 0.000084 0.000046 0.000024 
5453952 radixSortThrust 1 1036 27 1.053000 0.771000  0.000017 0.000016 0.000043 0.000095 0.000046 0.000024 
5454016 radixSortThrust 1 1036 27 1.053000 1.079000  0.000027 0.000017 0.000047 0.000101 0.000049 0.000026 
5454016 radixSortThrust 1 1036 27 1.053000 0.770000  0.000017 0.000016 0.000044 0.000084 0.000046 0.000024 
5454016 radixSortThrust 1 1036 27 1.053000 0.926000  0.000017 0.000016 0.000044 0.000085 0.000047 0.000024 
5454080 radixSortThrust 1 1036 26 1.053000 1.232000  0.000019 0.000016 0.000046 0.000098 0.000050 0.000026 
5454080 radixSortThrust 1 1036 27 1.053000 0.771000  0.000016 0.000015 0.000042 0.000080 0.000043 0.000023 
5454080 radixSortThrust 1 1036 27 1.053000 1.156000  0.000018 0.000032 0.000076 0.000192 0.000085 0.000038 
5454144 radixSortThrust 1 1036 27 1.053000 0.770000  0.000017 0.000015 0.000042 0.000083 0.000043 0.000023 
5454144 radixSortThrust 1 1036 27 1.053000 0.925000  0.000023 0.000017 0.000046 0.000098 0.000050 0.000026 
5454208 radixSortThrust 1 1036 27 1.053000 1.311000  0.000019 0.000016 0.000044 0.000113 0.000049 0.000025 
5454208 radixSortThrust 1 1036 27 1.053000 0.770000  0.000022 0.000017 0.000046 0.000099 0.000051 0.000026 
5454208 radixSortThrust 1 1036 27 1.053000 1.309000  0.000019 0.000016 0.000044 0.000093 0.000049 0.000026 
5454272 radixSortThrust 1 1036 27 1.053000 0.771000  0.000018 0.000015 0.000042 0.000092 0.000044 0.000023 
5454272 radixSortThrust 1 1036 27 1.053000 1.155000  0.000021 0.000017 0.000046 0.000100 0.000051 0.000026 
5454272 radixSortThrust 1 1036 27 1.053000 0.771000  0.000019 0.000016 0.000045 0.000096 0.000050 0.000026 
5454336 radixSortThrust 1 1036 27 1.053000 1.079000  0.000020 0.000017 0.000045 0.000095 0.000049 0.000026 
5454336 radixSortThrust 1 1036 27 1.053000 1.155000  0.000018 0.000016 0.000043 0.000084 0.000046 0.000024 
