#Timestamp	Benchmark	Run(#)	CPU Frequency (MHz)	CPU Temperature(C)	CPU Voltage(V)	CPU Power(W)	CPU_CYCLES	L1_DATA_CACHE_ACCESS	INSTRUCTIONS_RETIRED	BUS_CYCLES	L1I_CACHE_ACCESS	PREDICTABLE_BRANCH_SPECULATIVELY_EXECUTED
5530496 SobolQRNG 1 1132 29 1.072000 1.619000  0.000096 0.000082 0.000230 0.000449 0.000238 0.000127 
5530560 SobolQRNG 1 1132 29 1.072000 1.850000  0.000279 0.000102 0.000294 0.000646 0.000283 0.000143 
5530560 SobolQRNG 1 1132 29 1.072000 1.465000  0.000122 0.000083 0.000233 0.000508 0.000241 0.000132 
5530560 SobolQRNG 1 1132 29 1.072000 1.156000  0.000148 0.000091 0.000254 0.000709 0.000276 0.000141 
5530624 SobolQRNG 1 1132 28 1.072000 1.695000  0.000029 0.000205 0.000113 0.000401 0.000000 0.000019 
5530624 SobolQRNG 1 1132 28 1.072000 1.156000  0.000093 0.000076 0.000213 0.000434 0.000222 0.000117 
5530688 SobolQRNG 1 1132 28 1.072000 1.076000  0.000101 0.000075 0.000209 0.000438 0.000216 0.000116 
5530688 SobolQRNG 1 1132 28 1.072000 1.233000  0.000104 0.000080 0.000219 0.000478 0.000233 0.000121 
5530688 SobolQRNG 1 1132 28 1.072000 1.232000  0.000087 0.000076 0.000219 0.000497 0.000247 0.000126 
5530752 SobolQRNG 1 1132 28 1.072000 1.387000  0.000108 0.000798 0.002350 0.003043 0.001141 0.000535 
5530752 SobolQRNG 1 1132 28 1.072000 1.232000  0.000096 0.000077 0.000216 0.000501 0.000236 0.000126 
5530752 SobolQRNG 1 1132 28 1.072000 1.233000  0.000088 0.000074 0.000203 0.000463 0.000223 0.000118 
5530816 SobolQRNG 1 1132 28 1.072000 1.233000  0.000098 0.000077 0.000212 0.000474 0.000227 0.000119 
5530816 SobolQRNG 1 1132 28 1.072000 1.387000  0.000116 0.000081 0.000218 0.000493 0.000239 0.000121 
5530880 SobolQRNG 1 1132 28 1.072000 0.925000  0.000096 0.000075 0.000210 0.000474 0.000227 0.000119 
5530880 SobolQRNG 1 1132 28 1.072000 1.309000  0.000088 0.000073 0.000202 0.000414 0.000217 0.000113 
5530880 SobolQRNG 1 1132 28 1.072000 0.924000  0.000080 0.000069 0.000193 0.000390 0.000406 0.000192 
5530944 SobolQRNG 1 1132 28 1.072000 1.388000  0.000094 0.000074 0.000210 0.000479 0.000233 0.000120 
5530944 SobolQRNG 1 1132 28 1.072000 0.925000  0.000084 0.000083 0.000215 0.000515 0.000221 0.000114 
5530944 SobolQRNG 1 1132 28 1.072000 1.002000  0.000096 0.000074 0.000204 0.000467 0.000226 0.000117 
5531008 SobolQRNG 1 1132 28 1.072000 1.002000  0.000102 0.000073 0.000202 0.000481 0.000225 0.000117 
5531008 SobolQRNG 1 1132 28 1.072000 1.002000  0.000101 0.000074 0.000209 0.000472 0.000221 0.000115 
5531008 SobolQRNG 1 1132 28 1.072000 1.618000  0.000025 0.000018 0.000051 0.000108 0.000063 0.000031 
5531072 SobolQRNG 1 1132 28 1.072000 1.079000  0.023592 0.126326 0.027620 0.126475 0.000014 0.001774 
5531072 SobolQRNG 1 1132 28 1.072000 1.233000  0.000099 0.000073 0.000205 0.000465 0.000228 0.000116 
5531072 SobolQRNG 1 1132 28 1.072000 0.925000  0.000086 0.000070 0.000193 0.000438 0.000208 0.000109 
5531136 SobolQRNG 1 1132 28 1.072000 1.002000  0.000095 0.000072 0.000203 0.000462 0.000222 0.000115 
5531136 SobolQRNG 1 1132 28 1.072000 1.387000  0.000083 0.000069 0.000191 0.000391 0.000204 0.000106 
5531200 SobolQRNG 1 1132 28 1.072000 0.925000  0.000077 0.000066 0.000183 0.000359 0.000188 0.000102 
5531200 SobolQRNG 1 1132 28 1.072000 1.464000  0.000083 0.000068 0.000194 0.000459 0.000214 0.000111 
5531200 SobolQRNG 1 1132 28 1.072000 1.079000  0.000075 0.000064 0.000183 0.000403 0.000202 0.000108 
5531264 SobolQRNG 1 1132 28 1.072000 0.925000  0.000082 0.000069 0.000193 0.000415 0.000206 0.000109 
5531264 SobolQRNG 1 1132 28 1.072000 0.848000  0.000076 0.000067 0.000186 0.000380 0.000195 0.000104 
5531264 SobolQRNG 1 1132 28 1.072000 0.925000  0.000076 0.000099 0.000240 0.000536 0.001605 0.000925 
5531328 SobolQRNG 1 1132 28 1.072000 1.002000  0.000528 0.000217 0.000502 0.000913 0.000444 0.000212 
5531328 SobolQRNG 1 1132 28 1.072000 1.002000  0.000075 0.000066 0.000182 0.000359 0.000194 0.000102 
5531392 SobolQRNG 1 1132 28 1.072000 1.001000  0.000072 0.000066 0.000182 0.000352 0.000191 0.000101 
5531392 SobolQRNG 1 1132 27 1.072000 1.618000  0.000073 0.000065 0.000180 0.000342 0.000188 0.000100 
5531392 SobolQRNG 1 1132 27 1.072000 1.002000  0.000071 0.000062 0.000172 0.000330 0.000177 0.000096 
5531456 SobolQRNG 1 1132 27 1.072000 1.772000  0.000074 0.000064 0.000177 0.000346 0.000203 0.000104 
5531456 SobolQRNG 1 1132 27 1.072000 1.002000  0.000094 0.000062 0.000176 0.000397 0.000181 0.000097 
5531456 SobolQRNG 1 1132 28 1.072000 1.002000  0.000085 0.000067 0.000185 0.000408 0.000206 0.000106 
5531520 SobolQRNG 1 1132 28 1.072000 0.925000  0.000072 0.000065 0.000175 0.000343 0.000188 0.000098 
5531520 SobolQRNG 1 1132 27 1.072000 1.002000  0.000072 0.000064 0.000174 0.000336 0.000184 0.000098 
5531520 SobolQRNG 1 1132 27 1.072000 1.541000  0.000089 0.000067 0.000184 0.000410 0.000205 0.000109 
5531584 SobolQRNG 1 1132 27 1.072000 1.002000  0.000084 0.000065 0.000174 0.000352 0.000178 0.000094 
5531584 SobolQRNG 1 1132 27 1.072000 1.464000  0.000071 0.000062 0.000171 0.000330 0.000180 0.000095 
5531584 SobolQRNG 1 1132 27 1.072000 1.156000  0.000067 0.000060 0.000167 0.000363 0.000174 0.000093 
5531648 SobolQRNG 1 1132 27 1.072000 1.542000  0.000084 0.000064 0.000177 0.000388 0.000195 0.000101 
5531648 SobolQRNG 1 1132 27 1.072000 1.465000  0.000068 0.000062 0.000169 0.000326 0.000178 0.000095 
5531712 SobolQRNG 1 1132 28 1.072000 1.001000  0.000070 0.000061 0.000169 0.000325 0.000178 0.000094 
5531712 SobolQRNG 1 1132 28 1.072000 1.620000  0.000069 0.000061 0.000167 0.000326 0.000178 0.000094 
5531712 SobolQRNG 1 1132 27 1.072000 1.001000  0.000068 0.000057 0.000162 0.000342 0.000221 0.000106 
5531776 SobolQRNG 1 1132 27 1.072000 1.311000  0.000087 0.000064 0.000172 0.000376 0.000191 0.000099 
5531776 SobolQRNG 1 1132 27 1.072000 1.080000  0.000064 0.000059 0.000163 0.000319 0.000174 0.000092 
5531776 SobolQRNG 1 1132 27 1.072000 1.155000  0.000098 0.000061 0.000168 0.000374 0.000182 0.000095 
5531840 SobolQRNG 1 1132 27 1.072000 1.388000  0.000069 0.000059 0.000163 0.000317 0.000172 0.000091 
5531840 SobolQRNG 1 1132 27 1.072000 1.001000  0.000063 0.000056 0.000170 0.000345 0.000171 0.000090 
5531840 SobolQRNG 1 1132 27 1.072000 1.465000  0.000066 0.000058 0.000161 0.000312 0.000170 0.000089 
5531904 SobolQRNG 1 1132 27 1.072000 1.079000  0.057089 0.288504 0.067019 0.288695 0.000028 0.004189 
5531904 SobolQRNG 1 1132 27 1.072000 1.387000  0.000081 0.000061 0.000168 0.000367 0.000188 0.000096 
5531904 SobolQRNG 1 1132 27 1.072000 1.002000  0.000081 0.000062 0.000170 0.000372 0.000188 0.000097 
5531968 SobolQRNG 1 1132 27 1.072000 1.002000  0.000079 0.000060 0.000168 0.000374 0.000184 0.000096 
5531968 SobolQRNG 1 1132 27 1.072000 1.695000  0.000072 0.000057 0.000163 0.000355 0.000188 0.000097 
5532032 SobolQRNG 1 1132 27 1.072000 1.002000  0.000074 0.000060 0.000160 0.000318 0.000161 0.000086 
5532032 SobolQRNG 1 1132 27 1.072000 1.464000  0.000066 0.000057 0.000157 0.000306 0.000167 0.000088 
5532032 SobolQRNG 1 1132 27 1.072000 1.002000  0.000082 0.000056 0.000157 0.000332 0.000161 0.000085 
5532096 SobolQRNG 1 1132 27 1.072000 1.464000  0.000071 0.000058 0.000162 0.000353 0.000180 0.000092 
5532096 SobolQRNG 1 1132 27 1.072000 1.001000  0.000060 0.000056 0.000156 0.000295 0.000162 0.000087 
5532096 SobolQRNG 1 1132 27 1.072000 1.155000  0.000064 0.000056 0.000155 0.000299 0.000162 0.000087 
5532160 SobolQRNG 1 1132 27 1.072000 1.620000  0.000066 0.000056 0.000154 0.000308 0.000165 0.000085 
5532160 SobolQRNG 1 1132 27 1.072000 1.079000  0.306746 0.064007 0.140110 0.306849 0.077482 0.034894 
5532160 SobolQRNG 1 1132 27 1.072000 1.388000  0.000068 0.000057 0.000160 0.000354 0.000179 0.000092 
5532224 SobolQRNG 1 1132 27 1.072000 0.926000  0.000085 0.000054 0.000150 0.000313 0.000154 0.000082 
5532224 SobolQRNG 1 1132 27 1.072000 1.079000  0.000081 0.000059 0.000164 0.000360 0.000176 0.000091 
5532224 SobolQRNG 1 1132 27 1.072000 1.464000  0.000071 0.000055 0.000152 0.000331 0.000163 0.000085 
5532288 SobolQRNG 1 1132 27 1.072000 1.001000  0.000073 0.000057 0.000158 0.000341 0.000174 0.000089 
5532288 SobolQRNG 1 1132 27 1.072000 1.465000  0.000063 0.000081 0.000195 0.000433 0.000230 0.000112 
5532352 SobolQRNG 1 1132 27 1.072000 1.080000  0.073180 0.356608 0.085682 0.356778 0.000033 0.005274 
5532352 SobolQRNG 1 1132 27 1.072000 1.080000  0.000114 0.000063 0.000166 0.000455 0.000189 0.000094 
5532352 SobolQRNG 1 1132 28 1.072000 1.003000  0.000061 0.000054 0.000150 0.000293 0.000157 0.000083 
5532416 SobolQRNG 1 1132 28 1.072000 1.619000  0.000063 0.000055 0.000157 0.000349 0.000172 0.000088 
5532416 SobolQRNG 1 1132 27 1.072000 1.618000  0.000072 0.000058 0.000159 0.000351 0.000173 0.000088 
5532416 SobolQRNG 1 1132 27 1.072000 1.002000  0.000067 0.000051 0.000146 0.000331 0.000148 0.000080 
5532480 SobolQRNG 1 1132 27 1.072000 1.312000  0.000064 0.000054 0.000154 0.000337 0.000171 0.000088 
5532480 SobolQRNG 1 1132 27 1.072000 1.002000  0.000061 0.000053 0.000147 0.000288 0.000156 0.000082 
5532480 SobolQRNG 1 1132 27 1.072000 1.002000  0.000060 0.000053 0.000146 0.000283 0.000155 0.000082 
5532544 SobolQRNG 1 1132 27 1.072000 1.618000  0.000059 0.000053 0.000146 0.000283 0.000154 0.000081 
5532544 SobolQRNG 1 1132 27 1.072000 1.002000  0.000056 0.000050 0.000140 0.000268 0.000159 0.000082 
5532544 SobolQRNG 1 1132 27 1.072000 1.309000  0.000063 0.000056 0.000150 0.000314 0.000161 0.000084 
5532608 SobolQRNG 1 1132 27 1.072000 1.079000  0.000060 0.000052 0.000143 0.000286 0.000150 0.000080 
5532608 SobolQRNG 1 1132 27 1.072000 0.925000  0.000064 0.000053 0.000147 0.000314 0.000161 0.000083 
5532672 SobolQRNG 1 1132 27 1.072000 1.464000  0.000058 0.000068 0.000200 0.000573 0.000238 0.000115 
5532672 SobolQRNG 1 1132 27 1.072000 1.002000  0.000073 0.000050 0.000142 0.000300 0.000148 0.000077 
5532672 SobolQRNG 1 1132 27 1.072000 1.464000  0.000073 0.000055 0.000150 0.000323 0.000163 0.000085 
5532736 SobolQRNG 1 1132 27 1.072000 1.079000  0.000059 0.000051 0.000141 0.000284 0.000147 0.000078 
5532736 SobolQRNG 1 1132 27 1.072000 1.002000  0.000058 0.000076 0.000182 0.000397 0.000213 0.000103 
5532736 SobolQRNG 1 1132 27 1.072000 1.542000  0.000064 0.000051 0.000146 0.000317 0.000155 0.000080 
5532800 SobolQRNG 1 1132 27 1.072000 1.002000  0.000054 0.000048 0.000134 0.000259 0.000137 0.000074 
5532800 SobolQRNG 1 1132 27 1.072000 1.464000  0.000057 0.000051 0.000139 0.000274 0.000147 0.000078 
5532800 SobolQRNG 1 1132 27 1.072000 1.002000  0.000054 0.000049 0.000138 0.000290 0.000140 0.000075 
5532864 SobolQRNG 1 1132 27 1.072000 1.001000  0.000063 0.000050 0.000138 0.000278 0.000144 0.000077 
5532864 SobolQRNG 1 1132 27 1.072000 1.002000  0.000632 0.000137 0.000303 0.000938 0.000284 0.000127 
5532928 SobolQRNG 1 1132 27 1.072000 1.002000  0.000062 0.000051 0.000141 0.000297 0.000152 0.000080 
5532928 SobolQRNG 1 1132 27 1.072000 1.156000  0.000016 0.000107 0.000066 0.000227 0.000000 0.000011 
5532928 SobolQRNG 1 1132 27 1.072000 1.387000  0.000054 0.000048 0.000133 0.000283 0.000137 0.000075 
5532992 SobolQRNG 1 1132 27 1.072000 1.310000  0.000071 0.000052 0.000141 0.000314 0.000228 0.000108 
5532992 SobolQRNG 1 1132 27 1.072000 1.619000  0.000106 0.000053 0.000140 0.000341 0.000151 0.000079 
5532992 SobolQRNG 1 1132 27 1.072000 1.001000  0.000064 0.000051 0.000139 0.000307 0.000154 0.000080 
5533056 SobolQRNG 1 1132 27 1.072000 1.465000  0.000058 0.000049 0.000136 0.000292 0.000148 0.000076 
5533056 SobolQRNG 1 1132 27 1.072000 1.002000  0.000068 0.000047 0.000133 0.000292 0.000135 0.000073 
5533056 SobolQRNG 1 1132 27 1.072000 1.308000  0.000069 0.000052 0.000140 0.000313 0.000156 0.000080 
5533120 SobolQRNG 1 1132 27 1.072000 1.001000  0.000057 0.000048 0.000132 0.000266 0.000142 0.000074 
5533120 SobolQRNG 1 1132 27 1.072000 1.002000  0.000053 0.000048 0.000170 0.000360 0.000167 0.000096 
5533120 SobolQRNG 1 1132 27 1.072000 1.464000  0.000061 0.000048 0.000136 0.000290 0.000149 0.000077 
5533184 SobolQRNG 1 1132 27 1.072000 1.002000  0.000051 0.000045 0.000125 0.000245 0.000127 0.000069 
5533184 SobolQRNG 1 1132 27 1.072000 1.234000  0.000058 0.000048 0.000136 0.000301 0.000149 0.000075 
5533248 SobolQRNG 1 1132 27 1.072000 1.002000  0.000067 0.000051 0.000140 0.000308 0.000154 0.000077 
5533248 SobolQRNG 1 1132 27 1.072000 1.387000  0.000052 0.000047 0.000167 0.000351 0.000164 0.000095 
5533248 SobolQRNG 1 1132 27 1.072000 1.619000  0.000056 0.000046 0.000131 0.000281 0.000144 0.000074 
5533312 SobolQRNG 1 1132 27 1.072000 1.002000  0.000050 0.000044 0.000123 0.000240 0.000127 0.000068 
5533312 SobolQRNG 1 1132 27 1.072000 1.464000  0.000056 0.000046 0.000129 0.000270 0.000141 0.000074 
5533312 SobolQRNG 1 1132 27 1.072000 1.002000  0.000052 0.000045 0.000125 0.000267 0.000129 0.000069 
5533376 SobolQRNG 1 1132 27 1.072000 1.002000  0.000065 0.000050 0.000135 0.000289 0.000143 0.000075 
5533376 SobolQRNG 1 1132 27 1.072000 1.003000  0.000050 0.000045 0.000125 0.000249 0.000132 0.000071 
5533376 SobolQRNG 1 1132 27 1.072000 1.002000  0.000381 0.000254 0.000531 0.000984 0.000431 0.000201 
5533440 SobolQRNG 1 1132 27 1.072000 1.466000  0.000052 0.000067 0.000162 0.000349 0.000187 0.000092 
5533440 SobolQRNG 1 1132 27 1.072000 1.003000  0.000052 0.000043 0.000120 0.000239 0.000128 0.000069 
5533504 SobolQRNG 1 1132 27 1.072000 1.001000  0.000061 0.000047 0.000130 0.000279 0.000142 0.000074 
5533504 SobolQRNG 1 1132 27 1.072000 1.002000  0.000053 0.000046 0.000125 0.000242 0.000134 0.000070 
5533504 SobolQRNG 1 1132 27 1.072000 1.002000  0.000058 0.000046 0.000129 0.000270 0.000141 0.000072 
5533568 SobolQRNG 1 1132 27 1.072000 1.772000  0.000059 0.000046 0.000126 0.000304 0.000136 0.000071 
5533568 SobolQRNG 1 1132 27 1.072000 1.002000  0.000057 0.000046 0.000125 0.000258 0.000128 0.000067 
5533568 SobolQRNG 1 1132 27 1.072000 1.312000  0.000063 0.000047 0.000131 0.000295 0.000146 0.000075 
5533632 SobolQRNG 1 1132 27 1.072000 1.001000  0.000062 0.000045 0.000125 0.000284 0.000128 0.000068 
5533632 SobolQRNG 1 1132 27 1.072000 1.155000  0.000064 0.000047 0.000128 0.000279 0.000142 0.000074 
5533632 SobolQRNG 1 1132 27 1.072000 1.002000  0.026935 0.128874 0.032064 0.128964 0.000010 0.001876 
5533696 SobolQRNG 1 1132 27 1.072000 1.002000  0.000060 0.000046 0.000126 0.000274 0.000139 0.000072 
5533696 SobolQRNG 1 1132 27 1.072000 1.698000  0.000057 0.000045 0.000128 0.000282 0.000142 0.000073 
5533696 SobolQRNG 1 1132 27 1.072000 1.001000  0.000047 0.000042 0.000117 0.000225 0.000119 0.000064 
5533760 SobolQRNG 1 1132 27 1.072000 1.387000  0.000063 0.000047 0.000130 0.000279 0.000143 0.000072 
5533760 SobolQRNG 1 1132 27 1.072000 1.002000  0.000049 0.000042 0.000116 0.000230 0.000121 0.000066 
5533824 SobolQRNG 1 1132 27 1.072000 1.464000  0.000063 0.000047 0.000130 0.000348 0.000143 0.000073 
5533824 SobolQRNG 1 1132 27 1.072000 1.697000  0.000051 0.000044 0.000126 0.000270 0.000138 0.000072 
5533824 SobolQRNG 1 1132 26 1.072000 1.002000  0.000053 0.000044 0.000123 0.000262 0.000133 0.000070 
5533888 SobolQRNG 1 1132 26 1.072000 1.464000  0.000055 0.000044 0.000123 0.000260 0.000134 0.000069 
5533888 SobolQRNG 1 1132 27 1.072000 1.080000  0.000106 0.000048 0.000127 0.000298 0.000128 0.000067 
5533888 SobolQRNG 1 1132 27 1.072000 1.387000  0.000053 0.000043 0.000124 0.000270 0.000136 0.000071 
5533952 SobolQRNG 1 1132 27 1.072000 1.002000  0.000050 0.000043 0.000119 0.000236 0.000125 0.000066 
5533952 SobolQRNG 1 1132 27 1.072000 1.079000  0.000066 0.000046 0.000126 0.000290 0.000136 0.000070 
5533952 SobolQRNG 1 1132 27 1.072000 1.465000  0.000047 0.000042 0.000119 0.000252 0.000132 0.000069 
5534016 SobolQRNG 1 1132 27 1.072000 1.002000  0.000087 0.000047 0.000125 0.000264 0.000124 0.000065 
5534016 SobolQRNG 1 1132 27 1.072000 1.465000  0.000049 0.000063 0.000152 0.000365 0.000174 0.000096 
5534080 SobolQRNG 1 1132 27 1.072000 1.002000  0.000050 0.000046 0.000122 0.000261 0.000129 0.000067 
5534080 SobolQRNG 1 1132 27 1.072000 1.002000  0.000054 0.000043 0.000120 0.000268 0.000132 0.000069 
5534080 SobolQRNG 1 1132 27 1.072000 1.387000  0.000049 0.000043 0.000117 0.000228 0.000124 0.000065 
5534144 SobolQRNG 1 1132 27 1.072000 1.080000  0.000046 0.000040 0.000112 0.000215 0.000115 0.000062 
5534144 SobolQRNG 1 1132 27 1.072000 1.389000  0.000060 0.000045 0.000124 0.000279 0.000139 0.000071 
5534144 SobolQRNG 1 1132 27 1.072000 1.001000  0.000045 0.000041 0.000116 0.000253 0.000119 0.000064 
5534208 SobolQRNG 1 1132 27 1.072000 1.847000  0.000047 0.000042 0.000115 0.000223 0.000122 0.000064 
5534208 SobolQRNG 1 1132 27 1.072000 1.001000  0.000048 0.000042 0.000115 0.000224 0.000124 0.000066 
5534208 SobolQRNG 1 1132 27 1.072000 1.311000  0.000053 0.000043 0.000119 0.000258 0.000129 0.000066 
5534272 SobolQRNG 1 1132 27 1.072000 1.773000  0.000047 0.000041 0.000114 0.000224 0.000119 0.000063 
5534272 SobolQRNG 1 1132 27 1.072000 1.001000  0.000044 0.000039 0.000109 0.000209 0.000111 0.000061 
5534272 SobolQRNG 1 1132 27 1.072000 1.465000  0.000047 0.000041 0.000113 0.000221 0.000120 0.000063 
5534336 SobolQRNG 1 1132 27 1.072000 1.311000  0.000059 0.000040 0.000110 0.000231 0.000113 0.000061 
5534336 SobolQRNG 1 1132 27 1.072000 1.309000  0.000056 0.000042 0.000115 0.000259 0.000130 0.000067 
5534400 SobolQRNG 1 1132 27 1.072000 1.002000  0.000049 0.000041 0.000113 0.000238 0.000127 0.000065 
5534400 SobolQRNG 1 1132 27 1.072000 0.925000  0.000051 0.000042 0.000117 0.000253 0.000128 0.000066 
5534400 SobolQRNG 1 1132 27 1.072000 1.695000  0.000046 0.000041 0.000112 0.000219 0.000118 0.000062 
5534464 SobolQRNG 1 1132 27 1.072000 1.002000  0.000046 0.000038 0.000107 0.000284 0.000118 0.000062 
5534464 SobolQRNG 1 1132 27 1.072000 1.385000  0.000081 0.000046 0.000125 0.000350 0.000140 0.000070 
5534464 SobolQRNG 1 1132 27 1.072000 1.080000  0.000047 0.000041 0.000111 0.000216 0.000118 0.000062 
5534528 SobolQRNG 1 1132 27 1.072000 1.387000  0.000046 0.000040 0.000110 0.000310 0.000142 0.000071 
5534528 SobolQRNG 1 1132 27 1.072000 1.543000  0.000050 0.000040 0.000113 0.000250 0.000126 0.000065 
5534528 SobolQRNG 1 1132 27 1.072000 1.002000  0.000044 0.000037 0.000104 0.000211 0.000108 0.000058 
5534592 SobolQRNG 1 1132 27 1.072000 1.388000  0.000053 0.000041 0.000126 0.000327 0.000139 0.000070 
5534592 SobolQRNG 1 1132 27 1.072000 1.002000  0.000055 0.000043 0.000118 0.000260 0.000127 0.000064 
5534656 SobolQRNG 1 1132 27 1.072000 1.698000  0.000053 0.000041 0.000113 0.000246 0.000124 0.000064 
5534656 SobolQRNG 1 1132 27 1.072000 1.618000  0.418064 0.096527 0.210190 0.418155 0.113175 0.050841 
5534656 SobolQRNG 1 1132 27 1.072000 1.002000  0.000730 0.000480 0.001061 0.000892 0.000472 0.000262 
5534720 SobolQRNG 1 1132 27 1.072000 1.620000  0.000044 0.000039 0.000107 0.000208 0.000113 0.000060 
5534720 SobolQRNG 1 1132 27 1.072000 1.001000  0.000043 0.000038 0.000105 0.000226 0.000110 0.000059 
5534720 SobolQRNG 1 1132 27 1.072000 1.465000  0.000043 0.000039 0.000106 0.000212 0.000112 0.000059 
5534784 SobolQRNG 1 1132 27 1.072000 1.079000  0.000046 0.000039 0.000106 0.000216 0.000113 0.000059 
5534784 SobolQRNG 1 1132 27 1.072000 1.465000  0.000044 0.000039 0.000106 0.000209 0.000112 0.000059 
5534784 SobolQRNG 1 1132 27 1.072000 1.697000  0.000011 0.000072 0.000044 0.000182 0.000000 0.000008 
5534848 SobolQRNG 1 1132 27 1.072000 1.001000  0.000041 0.000036 0.000100 0.000193 0.000104 0.000056 
5534848 SobolQRNG 1 1132 27 1.072000 1.387000  0.000044 0.000038 0.000104 0.000205 0.000110 0.000058 
5534848 SobolQRNG 1 1132 27 1.072000 1.080000  0.000044 0.000038 0.000108 0.000241 0.000122 0.000062 
5534912 SobolQRNG 1 1132 27 1.072000 1.543000  0.000045 0.000043 0.000116 0.000263 0.000122 0.000062 
5534912 SobolQRNG 1 1132 27 1.072000 1.464000  0.000043 0.000037 0.000104 0.000219 0.000112 0.000059 
5534976 SobolQRNG 1 1132 27 1.072000 1.079000  0.000047 0.000038 0.000108 0.000242 0.000118 0.000062 
5534976 SobolQRNG 1 1132 27 1.072000 1.464000  0.000045 0.000038 0.000103 0.000204 0.000110 0.000058 
5534976 SobolQRNG 1 1132 27 1.072000 1.001000  0.000058 0.000154 0.000347 0.000639 0.000228 0.000101 
5535040 SobolQRNG 1 1132 27 1.072000 1.387000  0.000046 0.000038 0.000105 0.000231 0.000117 0.000061 
5535040 SobolQRNG 1 1132 27 1.072000 1.233000  0.000044 0.000037 0.000102 0.000208 0.000107 0.000057 
5535040 SobolQRNG 1 1132 27 1.072000 1.543000  0.000046 0.000040 0.000107 0.000236 0.000116 0.000061 
5535104 SobolQRNG 1 1132 27 1.072000 1.543000  0.000063 0.000038 0.000116 0.000304 0.000121 0.000061 
5535104 SobolQRNG 1 1132 27 1.072000 1.002000  0.000050 0.000038 0.000104 0.000228 0.000114 0.000058 
5535104 SobolQRNG 1 1132 27 1.072000 1.541000  0.000041 0.000037 0.000131 0.000288 0.000130 0.000074 
5535168 SobolQRNG 1 1132 27 1.072000 1.003000  0.000047 0.000035 0.000097 0.000220 0.000102 0.000054 
5535168 SobolQRNG 1 1132 27 1.072000 1.079000  0.000051 0.000038 0.000104 0.000232 0.000116 0.000060 
5535168 SobolQRNG 1 1132 27 1.072000 1.003000  0.000041 0.000036 0.000101 0.000208 0.000105 0.000059 
5535232 SobolQRNG 1 1132 27 1.072000 1.002000  0.000041 0.000035 0.000096 0.000191 0.000099 0.000053 
5535232 SobolQRNG 1 1132 27 1.072000 1.620000  0.000041 0.000054 0.000129 0.000287 0.000150 0.000073 
5535296 SobolQRNG 1 1132 26 1.072000 1.002000  0.000040 0.000035 0.000098 0.000200 0.000100 0.000053 
5535296 SobolQRNG 1 1132 27 1.072000 1.002000  0.000048 0.000037 0.000104 0.000229 0.000115 0.000059 
5535296 SobolQRNG 1 1132 27 1.072000 1.002000  0.000040 0.000036 0.000121 0.000320 0.000125 0.000062 
5535360 SobolQRNG 1 1132 27 1.072000 1.001000  0.000067 0.000039 0.000104 0.000247 0.000113 0.000058 
5535360 SobolQRNG 1 1132 27 1.072000 1.463000  0.000046 0.000036 0.000101 0.000218 0.000110 0.000058 
5535360 SobolQRNG 1 1132 27 1.072000 1.080000  0.000041 0.000034 0.000095 0.000187 0.000096 0.000052 
5535424 SobolQRNG 1 1132 27 1.072000 1.387000  0.000044 0.000037 0.000112 0.000271 0.000119 0.000060 
5535424 SobolQRNG 1 1132 26 1.072000 1.002000  0.000039 0.000034 0.000094 0.000185 0.000096 0.000052 
5535488 SobolQRNG 1 1132 26 1.072000 1.157000  0.000040 0.000036 0.000098 0.000216 0.000107 0.000057 
5535488 SobolQRNG 1 1132 27 1.072000 1.696000  0.000046 0.000036 0.000099 0.000324 0.000124 0.000062 
5535488 SobolQRNG 1 1132 27 1.072000 1.157000  0.000045 0.000036 0.000102 0.000230 0.000114 0.000058 
5535552 SobolQRNG 1 1132 27 1.072000 1.389000  0.000122 0.000052 0.000125 0.000334 0.000146 0.000071 
5535552 SobolQRNG 1 1132 27 1.072000 1.001000  0.000091 0.000039 0.000103 0.000235 0.000105 0.000055 
5535552 SobolQRNG 1 1132 27 1.072000 1.463000  0.000046 0.000036 0.000101 0.000223 0.000110 0.000057 
5535616 SobolQRNG 1 1132 27 1.072000 1.002000  0.000041 0.000035 0.000096 0.000195 0.000101 0.000054 
5535616 SobolQRNG 1 1132 27 1.072000 1.002000  0.000041 0.000035 0.000096 0.000188 0.000102 0.000054 
5535616 SobolQRNG 1 1132 27 1.072000 1.002000  0.000043 0.000035 0.000097 0.000204 0.000103 0.000054 
5535680 SobolQRNG 1 1132 27 1.072000 1.001000  0.000047 0.000036 0.000097 0.000198 0.000098 0.000052 
5535680 SobolQRNG 1 1132 27 1.072000 1.464000  0.000039 0.000034 0.000095 0.000186 0.000100 0.000053 
5535680 SobolQRNG 1 1132 27 1.072000 1.001000  0.026175 0.125334 0.030734 0.125435 0.000008 0.001835 
5535744 SobolQRNG 1 1132 27 1.072000 1.388000  0.000041 0.000035 0.000095 0.000194 0.000101 0.000053 
5535744 SobolQRNG 1 1132 27 1.072000 1.619000  0.000041 0.000035 0.000095 0.000221 0.000107 0.000055 
5535808 SobolQRNG 1 1132 27 1.072000 1.078000  0.000038 0.000034 0.000095 0.000183 0.000099 0.000053 
5535808 SobolQRNG 1 1132 27 1.072000 1.541000  0.000040 0.000034 0.000095 0.000204 0.000105 0.000054 
5535808 SobolQRNG 1 1132 27 1.072000 1.079000  0.000037 0.000032 0.000090 0.000179 0.000092 0.000050 
5535872 SobolQRNG 1 1132 27 1.072000 1.311000  0.000038 0.000034 0.000094 0.000184 0.000099 0.000052 
5535872 SobolQRNG 1 1132 27 1.072000 1.234000  0.000040 0.000034 0.000094 0.000215 0.000105 0.000054 
5535872 SobolQRNG 1 1132 27 1.072000 1.541000  0.000043 0.000035 0.000097 0.000205 0.000104 0.000054 
5535936 SobolQRNG 1 1132 27 1.072000 1.465000  0.000041 0.000035 0.000096 0.000208 0.000105 0.000055 
5535936 SobolQRNG 1 1132 27 1.072000 1.311000  0.000039 0.000035 0.000095 0.000191 0.000099 0.000052 
5535936 SobolQRNG 1 1132 27 1.072000 1.541000  0.000040 0.000041 0.000106 0.000265 0.000121 0.000059 
5536000 SobolQRNG 1 1132 27 1.072000 1.233000  0.000048 0.000034 0.000094 0.000222 0.000097 0.000052 
5536000 SobolQRNG 1 1132 27 1.072000 1.311000  0.000045 0.000035 0.000096 0.000205 0.000102 0.000053 
5536000 SobolQRNG 1 1132 27 1.072000 1.002000  0.000038 0.000033 0.000092 0.000186 0.000096 0.000051 
5536064 SobolQRNG 1 1132 27 1.072000 1.079000  0.000042 0.000033 0.000093 0.000199 0.000102 0.000053 
5536064 SobolQRNG 1 1132 27 1.072000 1.465000  0.000042 0.000033 0.000093 0.000197 0.000099 0.000052 
5536128 SobolQRNG 1 1132 27 1.072000 1.003000  0.000046 0.000033 0.000091 0.000182 0.000093 0.000049 
5536128 SobolQRNG 1 1132 27 1.072000 1.387000  0.000041 0.000034 0.000094 0.000203 0.000102 0.000053 
5536128 SobolQRNG 1 1132 27 1.072000 1.157000  0.000046 0.000033 0.000091 0.000205 0.000095 0.000050 
5536192 SobolQRNG 1 1132 27 1.072000 1.466000  0.000048 0.000035 0.000098 0.000220 0.000108 0.000055 
5536192 SobolQRNG 1 1132 27 1.072000 1.001000  0.000042 0.000033 0.000092 0.000186 0.000097 0.000051 
5536192 SobolQRNG 1 1132 27 1.072000 1.002000  0.000042 0.000034 0.000095 0.000212 0.000106 0.000055 
5536256 SobolQRNG 1 1132 27 1.072000 1.695000  0.000042 0.000033 0.000093 0.000207 0.000104 0.000053 
5536256 SobolQRNG 1 1132 27 1.072000 1.002000  0.000036 0.000031 0.000087 0.000171 0.000089 0.000048 
5536256 SobolQRNG 1 1132 27 1.072000 1.620000  0.000038 0.000033 0.000090 0.000177 0.000118 0.000058 
5536320 SobolQRNG 1 1132 27 1.072000 1.002000  0.000076 0.000030 0.000078 0.000232 0.000075 0.000039 
5536320 SobolQRNG 1 1132 27 1.072000 0.849000  0.000039 0.000033 0.001754 0.001254 0.000717 0.000415 
5536384 SobolQRNG 1 1132 27 1.072000 1.310000  0.000036 0.000048 0.000115 0.000254 0.000134 0.000066 
5536384 SobolQRNG 1 1132 27 1.072000 0.925000  0.000044 0.000032 0.000089 0.000191 0.000092 0.000049 
5536384 SobolQRNG 1 1132 27 1.072000 1.388000  0.000037 0.000048 0.000115 0.000254 0.000114 0.000065 
5536448 SobolQRNG 1 1132 27 1.072000 0.924000  0.000039 0.000033 0.000092 0.000205 0.000103 0.000052 
5536448 SobolQRNG 1 1132 27 1.072000 0.924000  0.000034 0.000030 0.000085 0.000162 0.000087 0.000047 
5536448 SobolQRNG 1 1132 27 1.072000 1.234000  0.000040 0.000032 0.000092 0.000203 0.000102 0.000053 
5536512 SobolQRNG 1 1132 27 1.072000 0.924000  0.000045 0.000040 0.000102 0.000217 0.000106 0.000053 
