#Timestamp	Benchmark	Run(#)	CPU Frequency (MHz)	CPU Temperature(C)	CPU Voltage(V)	CPU Power(W)	CPU_CYCLES	L1_DATA_CACHE_ACCESS	INSTRUCTIONS_RETIRED	BUS_CYCLES	L1I_CACHE_ACCESS	PREDICTABLE_BRANCH_SPECULATIVELY_EXECUTED
2994432 SobolQRNG 1 307 25 0.842000 0.462000  0.000091 0.000071 0.000197 0.000396 0.000883 0.000430 
2994432 SobolQRNG 1 307 25 0.842000 0.693000  0.000079 0.000070 0.000195 0.000667 0.000296 0.000206 
2994496 SobolQRNG 1 307 25 0.842000 0.617000  0.000017 0.000014 0.000040 0.000079 0.000042 0.000022 
2994496 SobolQRNG 1 307 25 0.842000 0.617000  0.000044 0.000025 0.000060 0.000136 0.000056 0.000027 
2994560 SobolQRNG 1 307 25 0.842000 0.694000  0.000017 0.000014 0.000040 0.000078 0.000041 0.000022 
2994560 SobolQRNG 1 307 25 0.842000 0.694000  0.000017 0.000019 0.000049 0.000109 0.000050 0.000025 
2994624 SobolQRNG 1 307 25 0.842000 0.616000  0.052877 0.017251 0.039842 0.053166 0.020576 0.008925 
2994624 SobolQRNG 1 307 25 0.842000 0.616000  0.000074 0.000066 0.000183 0.000356 0.000192 0.000101 
2994688 SobolQRNG 1 307 25 0.842000 0.539000  0.000072 0.000069 0.000188 0.000390 0.000195 0.000103 
2994688 SobolQRNG 1 307 25 0.842000 0.462000  0.000076 0.000068 0.000243 0.000498 0.000278 0.000142 
2994752 SobolQRNG 1 307 25 0.842000 0.462000  0.003344 0.001069 0.002223 0.003674 0.001385 0.000569 
2994752 SobolQRNG 1 307 25 0.842000 0.617000  0.000017 0.000016 0.000042 0.000091 0.000047 0.000024 
2994816 SobolQRNG 1 307 25 0.842000 0.538000  0.000016 0.000014 0.000040 0.000076 0.000041 0.000022 
2994816 SobolQRNG 1 307 25 0.842000 0.539000  0.000055 0.000035 0.000107 0.000247 0.000106 0.000050 
2994880 SobolQRNG 1 307 25 0.842000 0.462000  0.000018 0.000015 0.000041 0.000085 0.000044 0.000023 
2994880 SobolQRNG 1 307 25 0.842000 0.616000  0.091215 0.022020 0.048939 0.091309 0.028529 0.011903 
2994944 SobolQRNG 1 307 25 0.842000 0.539000  0.000021 0.000017 0.000046 0.000110 0.000052 0.000026 
2994944 SobolQRNG 1 307 25 0.842000 0.539000  0.000016 0.000015 0.000044 0.000091 0.000044 0.000023 
2995008 SobolQRNG 1 307 25 0.842000 0.463000  0.000022 0.000018 0.000048 0.000112 0.000052 0.000026 
2995008 SobolQRNG 1 307 25 0.842000 0.616000  0.000017 0.000014 0.000040 0.000107 0.000053 0.000029 
2995008 SobolQRNG 1 307 25 0.842000 0.462000  0.000031 0.000019 0.000049 0.000108 0.000053 0.000026 
2995072 SobolQRNG 1 307 25 0.842000 0.539000  0.000094 0.000038 0.000115 0.000380 0.000134 0.000058 
2995072 SobolQRNG 1 307 25 0.842000 0.539000  0.000021 0.000016 0.000044 0.000099 0.000048 0.000025 
2995136 SobolQRNG 1 307 25 0.842000 0.462000  0.000062 0.000032 0.000079 0.000199 0.000076 0.000035 
2995136 SobolQRNG 1 307 25 0.842000 0.462000  0.000017 0.000015 0.000053 0.000111 0.000068 0.000032 
2995200 SobolQRNG 1 307 25 0.842000 0.539000  0.000027 0.000026 0.000061 0.000148 0.000057 0.000027 
2995200 SobolQRNG 1 307 25 0.842000 0.539000  0.000021 0.000016 0.000043 0.000093 0.000048 0.000024 
2995264 SobolQRNG 1 307 25 0.842000 0.540000  0.000021 0.000016 0.000042 0.000099 0.000049 0.000025 
2995264 SobolQRNG 1 307 25 0.842000 0.462000  0.000016 0.000014 0.000039 0.000076 0.000056 0.003750 
2995328 SobolQRNG 1 307 25 0.842000 0.462000  0.000012 0.000073 0.000047 0.000151 0.000000 0.000008 
2995328 SobolQRNG 1 307 25 0.842000 0.462000  0.000014 0.000086 0.000051 0.000163 0.000000 0.000008 
2995392 SobolQRNG 1 307 25 0.842000 0.462000  0.113242 0.027671 0.060833 0.113331 0.035191 0.014822 
2995392 SobolQRNG 1 307 25 0.842000 0.539000  0.000030 0.000024 0.000063 0.000133 0.000069 0.000036 
2995392 SobolQRNG 1 307 25 0.842000 0.539000  0.000024 0.000020 0.000057 0.000115 0.000060 0.000033 
2995456 SobolQRNG 1 307 25 0.842000 0.463000  0.000028 0.000023 0.000062 0.000133 0.000069 0.000036 
2995456 SobolQRNG 1 307 25 0.842000 0.617000  0.000016 0.000028 0.000066 0.000146 0.000058 0.000030 
2995520 SobolQRNG 1 307 25 0.842000 0.462000  0.000019 0.000016 0.000043 0.000091 0.000047 0.000024 
2995520 SobolQRNG 1 307 25 0.842000 0.462000  0.000066 0.000026 0.000061 0.000129 0.000074 0.000455 
2995584 SobolQRNG 1 307 25 0.842000 0.462000  0.000031 0.000017 0.000044 0.000094 0.000045 0.000023 
2995584 SobolQRNG 1 307 25 0.842000 0.540000  0.000020 0.000016 0.000043 0.000094 0.000048 0.000024 
2995648 SobolQRNG 1 307 25 0.842000 0.540000  0.000016 0.000014 0.000039 0.000076 0.000040 0.000022 
2995648 SobolQRNG 1 307 25 0.842000 0.462000  0.000011 0.000066 0.000043 0.000138 0.000000 0.000008 
2995648 SobolQRNG 1 307 25 0.842000 0.539000  0.000012 0.000096 0.000053 0.000190 0.000000 0.000009 
2995712 SobolQRNG 1 307 25 0.842000 0.616000  0.000018 0.000018 0.000046 0.000104 0.000046 0.000023 
2995712 SobolQRNG 1 307 25 0.842000 0.539000  0.000018 0.000015 0.000042 0.000095 0.000047 0.000024 
2995776 SobolQRNG 1 307 25 0.842000 0.693000  0.000016 0.000016 0.000055 0.000146 0.000067 0.000034 
2995776 SobolQRNG 1 307 25 0.842000 0.616000  0.000327 0.000207 0.000456 0.000397 0.000211 0.000114 
2995840 SobolQRNG 1 307 25 0.842000 0.463000  0.013550 0.004780 0.010260 0.013637 0.005254 0.002406 
2995840 SobolQRNG 1 307 25 0.842000 0.462000  0.000021 0.000016 0.000044 0.000117 0.000056 0.000027 
2995904 SobolQRNG 1 307 25 0.842000 0.539000  0.000016 0.000014 0.000039 0.000075 0.000039 0.000022 
2995904 SobolQRNG 1 307 25 0.842000 0.462000  0.000020 0.000016 0.000044 0.000099 0.000047 0.000024 
2995904 SobolQRNG 1 307 25 0.842000 0.385000  0.000015 0.000014 0.000038 0.000075 0.000039 0.000021 
2995968 SobolQRNG 1 307 25 0.842000 0.462000  0.000053 0.000023 0.000067 0.000141 0.000071 0.000034 
2995968 SobolQRNG 1 307 25 0.842000 0.385000  0.000016 0.000015 0.000042 0.000086 0.000042 0.000022 
2996032 SobolQRNG 1 307 25 0.842000 0.462000  0.000025 0.000021 0.000058 0.000118 0.000067 0.000034 
2996032 SobolQRNG 1 307 25 0.842000 0.463000  0.000016 0.000014 0.000038 0.000075 0.000039 0.000021 
2996096 SobolQRNG 1 307 25 0.842000 0.540000  0.000019 0.000015 0.000042 0.000088 0.000047 0.000024 
2996096 SobolQRNG 1 307 25 0.842000 0.385000  0.000038 0.000029 0.000073 0.000205 0.000073 0.000036 
2996160 SobolQRNG 1 307 25 0.842000 0.539000  0.000029 0.000016 0.000044 0.000098 0.000048 0.000024 
2996160 SobolQRNG 1 307 25 0.842000 0.616000  0.000028 0.000023 0.000098 0.000265 0.000092 0.000044 
2996224 SobolQRNG 1 307 25 0.842000 0.462000  0.000020 0.000015 0.000045 0.000102 0.000052 0.000026 
2996224 SobolQRNG 1 307 25 0.842000 0.539000  0.000072 0.000027 0.000060 0.000201 0.002521 0.001094 
2996288 SobolQRNG 1 307 25 0.842000 0.540000  0.000020 0.000016 0.000045 0.000101 0.000048 0.000024 
2996288 SobolQRNG 1 307 25 0.842000 0.617000  0.000016 0.000014 0.000040 0.000096 0.000046 0.000024 
2996288 SobolQRNG 1 307 25 0.842000 0.462000  0.000026 0.000016 0.000043 0.000089 0.000042 0.000022 
2996352 SobolQRNG 1 307 25 0.842000 0.463000  0.000015 0.000014 0.000038 0.000075 0.000039 0.000021 
2996352 SobolQRNG 1 307 25 0.842000 0.462000  0.000016 0.000014 0.000040 0.000110 0.000050 0.000025 
2996416 SobolQRNG 1 307 25 0.842000 0.539000  0.000016 0.000014 0.000040 0.000079 0.000041 0.000026 
2996416 SobolQRNG 1 307 25 0.842000 0.462000  0.000025 0.000015 0.000041 0.000082 0.000041 0.000022 
2996480 SobolQRNG 1 307 25 0.842000 0.540000  0.000016 0.000014 0.000039 0.000078 0.000041 0.000022 
2996480 SobolQRNG 1 307 25 0.842000 0.461000  0.027588 0.008857 0.017815 0.027671 0.009690 0.004106 
2996544 SobolQRNG 1 307 25 0.842000 0.462000  0.000022 0.000019 0.000054 0.000103 0.000056 0.000030 
2996544 SobolQRNG 1 307 25 0.842000 0.462000  0.000023 0.000021 0.000057 0.000111 0.000059 0.000032 
2996544 SobolQRNG 1 307 25 0.842000 0.385000  0.000027 0.000015 0.000041 0.000086 0.000041 0.000022 
2996608 SobolQRNG 1 307 25 0.842000 0.462000  0.000018 0.000015 0.000043 0.000101 0.000050 0.000025 
2996608 SobolQRNG 1 307 25 0.842000 0.462000  0.000015 0.000013 0.000038 0.000073 0.000038 0.000021 
2996672 SobolQRNG 1 307 25 0.842000 0.462000  0.000016 0.000014 0.000039 0.000077 0.000045 0.000023 
2996672 SobolQRNG 1 307 25 0.842000 0.385000  0.000015 0.000014 0.000038 0.000073 0.000039 0.000021 
2996736 SobolQRNG 1 307 25 0.842000 0.539000  0.000018 0.000014 0.000039 0.000079 0.000042 0.000022 
2996736 SobolQRNG 1 307 25 0.842000 0.462000  0.000015 0.000014 0.000038 0.000072 0.000039 0.000021 
2996800 SobolQRNG 1 307 25 0.842000 0.462000  0.000011 0.000066 0.000043 0.000137 0.000000 0.000007 
2996800 SobolQRNG 1 307 25 0.842000 0.540000  0.000004 0.000004 0.000010 0.000020 0.000013 0.000006 
2996864 SobolQRNG 1 307 25 0.842000 0.462000  0.000023 0.000020 0.000056 0.000109 0.000059 0.000031 
2996864 SobolQRNG 1 307 25 0.842000 0.538000  0.000018 0.000015 0.000040 0.000096 0.000048 0.000024 
2996864 SobolQRNG 1 307 25 0.842000 0.540000  0.000016 0.000014 0.000039 0.000078 0.000041 0.000022 
2996928 SobolQRNG 1 307 25 0.842000 0.617000  0.000016 0.000014 0.000039 0.000083 0.000042 0.000022 
2996928 SobolQRNG 1 307 25 0.842000 0.462000  0.000015 0.000014 0.000040 0.000081 0.000040 0.000022 
2996992 SobolQRNG 1 307 25 0.842000 0.462000  0.000020 0.000015 0.000042 0.000103 0.000049 0.000024 
2996992 SobolQRNG 1 307 25 0.842000 0.385000  0.000015 0.000014 0.000040 0.000082 0.000049 0.000026 
2997056 SobolQRNG 1 307 25 0.842000 0.462000  0.000015 0.000014 0.000050 0.000105 0.000051 0.000029 
2997056 SobolQRNG 1 307 25 0.842000 0.539000  0.005907 0.021867 0.006981 0.021998 0.000002 0.000430 
2997056 SobolQRNG 1 307 25 0.842000 0.462000  0.000011 0.000063 0.000043 0.000132 0.000000 0.000007 
2997120 SobolQRNG 1 307 25 0.842000 0.694000  0.000025 0.000173 0.000086 0.000318 0.000000 0.000013 
2997120 SobolQRNG 1 307 25 0.842000 0.693000  0.000002 0.000017 0.000019 0.000056 0.000000 0.000002 
2997184 SobolQRNG 1 307 25 0.842000 0.539000  0.013037 0.003507 0.007148 0.013117 0.004380 0.001798 
2997184 SobolQRNG 1 307 25 0.842000 0.463000  0.000038 0.000022 0.000064 0.000146 0.000070 0.000035 
2997248 SobolQRNG 1 307 25 0.842000 0.616000  0.000018 0.000015 0.000040 0.000081 0.000042 0.000022 
2997248 SobolQRNG 1 307 25 0.842000 0.463000  0.000052 0.000041 0.000110 0.000231 0.000123 0.000063 
2997312 SobolQRNG 1 307 25 0.842000 0.616000  0.001951 0.000439 0.000863 0.002048 0.000607 0.000245 
2997312 SobolQRNG 1 307 25 0.842000 0.540000  0.000026 0.000021 0.000058 0.000119 0.000062 0.000033 
2997312 SobolQRNG 1 307 25 0.842000 0.616000  0.000020 0.000019 0.000053 0.000100 0.000054 0.000029 
2997376 SobolQRNG 1 307 25 0.842000 0.540000  0.000027 0.000015 0.000041 0.000088 0.000043 0.000022 
2997376 SobolQRNG 1 307 25 0.842000 0.462000  0.000017 0.000014 0.000039 0.000079 0.000041 0.000022 
2997440 SobolQRNG 1 307 25 0.842000 0.540000  0.000015 0.000021 0.000050 0.000098 0.000058 0.000028 
2997440 SobolQRNG 1 307 25 0.842000 0.539000  0.000014 0.000014 0.000039 0.000076 0.000040 0.000021 
2997504 SobolQRNG 1 307 25 0.842000 0.463000  0.000015 0.000014 0.000038 0.000074 0.000041 0.000021 
2997504 SobolQRNG 1 307 25 0.842000 0.694000  0.000017 0.000014 0.000041 0.000086 0.000042 0.000022 
2997504 SobolQRNG 1 307 25 0.842000 0.540000  0.000015 0.000014 0.000038 0.000072 0.000040 0.000021 
2997568 SobolQRNG 1 307 25 0.842000 0.463000  0.000017 0.000014 0.000041 0.000084 0.000042 0.000022 
2997568 SobolQRNG 1 307 25 0.842000 0.462000  0.000015 0.000014 0.000038 0.000072 0.000040 0.000021 
2997632 SobolQRNG 1 307 25 0.842000 0.540000  0.000017 0.000013 0.000038 0.000079 0.000042 0.000022 
2997632 SobolQRNG 1 307 25 0.842000 0.616000  0.000018 0.000014 0.000040 0.000083 0.000044 0.000023 
2997632 SobolQRNG 1 307 25 0.842000 0.540000  0.000014 0.000013 0.000038 0.000083 0.000043 0.000022 
2997696 SobolQRNG 1 307 24 0.842000 0.539000  0.000018 0.000015 0.000040 0.000082 0.000044 0.000023 
2997696 SobolQRNG 1 307 24 0.842000 0.462000  0.000016 0.000014 0.000038 0.000076 0.000039 0.000021 
2997760 SobolQRNG 1 307 24 0.842000 0.462000  0.000017 0.000015 0.000041 0.000085 0.000044 0.000023 
2997760 SobolQRNG 1 307 25 0.842000 0.540000  0.000018 0.000015 0.000041 0.000088 0.000043 0.000023 
2997824 SobolQRNG 1 307 25 0.842000 0.462000  0.000017 0.000014 0.000039 0.000082 0.000044 0.000023 
2997824 SobolQRNG 1 307 25 0.842000 0.539000  0.000018 0.000015 0.000040 0.000084 0.000041 0.000022 
2997824 SobolQRNG 1 307 25 0.842000 0.540000  0.000019 0.000017 0.000042 0.000089 0.000047 0.000023 
2997888 SobolQRNG 1 307 25 0.842000 0.539000  0.000016 0.000014 0.000039 0.000079 0.000040 0.000021 
2997888 SobolQRNG 1 307 25 0.842000 0.462000  0.000019 0.000015 0.000040 0.000084 0.000045 0.000023 
2997952 SobolQRNG 1 307 25 0.842000 0.385000  0.000014 0.000013 0.000038 0.000076 0.000039 0.000021 
2997952 SobolQRNG 1 307 25 0.842000 0.540000  0.000012 0.000070 0.000046 0.000147 0.000000 0.000008 
2998016 SobolQRNG 1 307 25 0.842000 0.539000  0.000017 0.000015 0.000039 0.000077 0.000044 0.000023 
2998016 SobolQRNG 1 307 25 0.842000 0.462000  0.000015 0.000014 0.000049 0.000094 0.000048 0.000045 
2998080 SobolQRNG 1 307 25 0.842000 0.539000  0.000011 0.000061 0.000040 0.000124 0.000000 0.000007 
2998080 SobolQRNG 1 307 25 0.842000 0.540000  0.003492 0.001135 0.002496 0.003548 0.001300 0.000593 
2998080 SobolQRNG 1 307 25 0.842000 0.539000  0.000016 0.000014 0.000039 0.000080 0.000042 0.000022 
2998144 SobolQRNG 1 307 25 0.842000 0.463000  0.000020 0.000018 0.000051 0.000096 0.000053 0.000028 
2998144 SobolQRNG 1 307 25 0.842000 0.539000  0.009047 0.007585 0.020812 0.042849 0.023140 0.011813 
2998208 SobolQRNG 1 307 25 0.842000 0.385000  0.006030 0.005485 0.015355 0.030583 0.016161 0.008631 
2998208 SobolQRNG 1 307 25 0.842000 0.539000  0.005186 0.004464 0.012555 0.029629 0.014551 0.007385 
2998272 SobolQRNG 1 307 25 0.842000 0.385000  0.004004 0.003646 0.010208 0.019053 0.010399 0.005640 
2998272 SobolQRNG 1 307 25 0.842000 0.540000  0.000012 0.000073 0.000047 0.000150 0.000000 0.000008 
2998336 SobolQRNG 1 307 25 0.842000 0.617000  0.000014 0.000098 0.000056 0.000184 0.000000 0.000010 
2998336 SobolQRNG 1 307 25 0.842000 0.462000  0.000012 0.000071 0.000052 0.000172 0.000000 0.000008 
2998400 SobolQRNG 1 307 24 0.842000 0.540000  0.001564 0.001463 0.004077 0.007675 0.004188 0.002255 
2998400 SobolQRNG 1 307 24 0.842000 0.617000  0.002139 0.001528 0.004291 0.009496 0.004692 0.002374 
2998400 SobolQRNG 1 307 25 0.842000 0.385000  0.001385 0.001273 0.003580 0.006675 0.003642 0.001971 
2998464 SobolQRNG 1 307 25 0.842000 0.617000  0.001392 0.001217 0.003744 0.008891 0.004017 0.002082 
2998464 SobolQRNG 1 307 25 0.842000 0.462000  0.003145 0.001759 0.005242 0.009920 0.005553 0.002704 
2998528 SobolQRNG 1 307 25 0.842000 0.540000  0.001228 0.001201 0.003242 0.006798 0.003386 0.002039 
2998528 SobolQRNG 1 307 25 0.842000 0.539000  0.001090 0.001004 0.002801 0.005309 0.002861 0.001545 
2998592 SobolQRNG 1 307 25 0.842000 0.540000  0.001226 0.001072 0.002907 0.006263 0.003265 0.001670 
2998592 SobolQRNG 1 307 25 0.842000 0.539000  0.001023 0.000915 0.002952 0.006726 0.003001 0.001532 
2998656 SobolQRNG 1 307 25 0.842000 0.540000  0.001233 0.001015 0.002794 0.005967 0.003021 0.001560 
2998656 SobolQRNG 1 307 25 0.842000 0.463000  0.001201 0.000929 0.003410 0.007722 0.003439 0.001627 
2998656 SobolQRNG 1 307 25 0.842000 0.540000  0.000908 0.000824 0.002297 0.004398 0.002365 0.001275 
2998720 SobolQRNG 1 307 25 0.842000 0.462000  0.001106 0.000963 0.002634 0.005964 0.002703 0.001364 
2998720 SobolQRNG 1 307 25 0.842000 0.539000  0.000969 0.000792 0.002233 0.004471 0.002301 0.001233 
2998784 SobolQRNG 1 307 25 0.842000 0.540000  0.001091 0.000858 0.002330 0.004972 0.002669 0.001348 
2998784 SobolQRNG 1 307 25 0.842000 0.540000  0.000895 0.000761 0.002134 0.004399 0.002214 0.001169 
2998848 SobolQRNG 1 307 25 0.842000 0.462000  0.000810 0.000739 0.002628 0.005284 0.003043 0.001492 
2998848 SobolQRNG 1 307 25 0.842000 0.539000  0.000042 0.000036 0.000100 0.000197 0.000104 0.000055 
2998848 SobolQRNG 1 307 25 0.842000 0.462000  0.000748 0.000692 0.002020 0.004369 0.002286 0.001148 
2998912 SobolQRNG 1 307 25 0.842000 0.385000  0.000800 0.000696 0.001973 0.004103 0.002195 0.001116 
2998912 SobolQRNG 1 307 25 0.842000 0.462000  0.000792 0.000657 0.001788 0.003513 0.001887 0.000986 
2998976 SobolQRNG 1 307 25 0.842000 0.540000  0.000736 0.000624 0.001716 0.003337 0.001749 0.000941 
2998976 SobolQRNG 1 307 25 0.842000 0.539000  0.000020 0.000018 0.000050 0.000096 0.000053 0.000028 
2999040 SobolQRNG 1 307 25 0.842000 0.616000  0.000617 0.000584 0.001590 0.003245 0.001628 0.000859 
2999040 SobolQRNG 1 307 25 0.842000 0.462000  0.000690 0.000580 0.001612 0.003349 0.001794 0.000917 
2999040 SobolQRNG 1 307 25 0.842000 0.462000  0.000664 0.000535 0.001471 0.004569 0.001965 0.000956 
2999104 SobolQRNG 1 307 25 0.842000 0.462000  0.000011 0.000066 0.000042 0.000149 0.000000 0.000007 
2999104 SobolQRNG 1 307 25 0.842000 0.462000  0.000010 0.000057 0.000039 0.000129 0.000000 0.000007 
2999168 SobolQRNG 1 307 25 0.842000 0.462000  0.000011 0.000063 0.000042 0.000137 0.000000 0.000007 
2999168 SobolQRNG 1 307 25 0.842000 0.462000  0.000010 0.000060 0.000039 0.000124 0.000000 0.000009 
2999232 SobolQRNG 1 307 25 0.842000 0.462000  0.000011 0.000061 0.008634 0.013343 0.004590 0.002035 
2999232 SobolQRNG 1 307 25 0.842000 0.539000  0.000048 0.000026 0.000078 0.000153 0.000084 0.000041 
2999296 SobolQRNG 1 307 25 0.842000 0.539000  0.001499 0.003883 0.001590 0.003899 0.000001 0.000103 
2999296 SobolQRNG 1 307 25 0.842000 0.540000  0.000433 0.000347 0.000929 0.001839 0.000988 0.000511 
2999360 SobolQRNG 1 307 25 0.842000 0.462000  0.000325 0.000304 0.000854 0.001768 0.000928 0.000489 
2999360 SobolQRNG 1 307 25 0.842000 0.462000  0.000385 0.000346 0.000942 0.002013 0.001031 0.000527 
2999424 SobolQRNG 1 307 25 0.842000 0.462000  0.062476 0.027502 0.070226 0.062710 0.028180 0.011153 
2999424 SobolQRNG 1 307 25 0.842000 0.462000  0.000338 0.000306 0.000857 0.001708 0.000914 0.000480 
2999424 SobolQRNG 1 307 25 0.842000 0.385000  0.000311 0.000322 0.000855 0.001738 0.000870 0.000459 
2999488 SobolQRNG 1 307 25 0.842000 0.462000  0.000322 0.000297 0.000821 0.001552 0.001043 0.000532 
2999488 SobolQRNG 1 307 24 0.842000 0.540000  0.000017 0.000097 0.000051 0.000170 0.000000 0.000008 
2999552 SobolQRNG 1 307 24 0.842000 0.462000  0.000316 0.000287 0.001026 0.002021 0.001191 0.000582 
2999552 SobolQRNG 1 307 24 0.842000 0.616000  0.000307 0.000411 0.000996 0.002540 0.001194 0.000579 
2999616 SobolQRNG 1 307 25 0.842000 0.385000  0.000284 0.000263 0.000733 0.001377 0.000753 0.000407 
2999616 SobolQRNG 1 307 25 0.842000 0.463000  0.000328 0.000288 0.000787 0.001582 0.000857 0.000448 
2999680 SobolQRNG 1 307 25 0.842000 0.385000  0.000278 0.000257 0.000718 0.001337 0.000735 0.000397 
2999680 SobolQRNG 1 307 25 0.842000 0.462000  0.000298 0.000270 0.000741 0.001420 0.000785 0.000414 
2999744 SobolQRNG 1 307 24 0.842000 0.385000  0.000287 0.000260 0.000716 0.001426 0.000745 0.000391 
2999744 SobolQRNG 1 307 24 0.842000 0.617000  0.000291 0.000263 0.000941 0.002076 0.000969 0.000488 
2999808 SobolQRNG 1 307 25 0.842000 0.308000  0.000271 0.000247 0.000689 0.001330 0.000700 0.000381 
2999808 SobolQRNG 1 307 24 0.842000 0.463000  0.000283 0.000257 0.000709 0.001419 0.000933 0.000469 
2999872 SobolQRNG 1 307 24 0.842000 0.386000  0.000020 0.000017 0.000048 0.000094 0.000050 0.000026 
2999872 SobolQRNG 1 307 24 0.842000 0.539000  0.000023 0.000018 0.000051 0.000106 0.000057 0.000030 
2999872 SobolQRNG 1 307 24 0.842000 0.617000  0.000019 0.000017 0.000048 0.000091 0.000049 0.000026 
2999936 SobolQRNG 1 307 24 0.842000 0.539000  0.000344 0.000273 0.000736 0.001555 0.000806 0.000416 
2999936 SobolQRNG 1 307 24 0.842000 0.616000  0.000333 0.000264 0.000743 0.001555 0.000848 0.000424 
3000000 SobolQRNG 1 307 25 0.842000 0.462000  0.000309 0.000252 0.000701 0.001426 0.000773 0.000398 
3000000 SobolQRNG 1 307 24 0.842000 0.385000  0.000283 0.000250 0.000681 0.001391 0.000702 0.000377 
3000000 SobolQRNG 1 307 24 0.842000 0.462000  0.000322 0.000254 0.000732 0.001505 0.000766 0.000396 
3000064 SobolQRNG 1 307 25 0.842000 0.385000  0.000283 0.000243 0.000688 0.001444 0.000719 0.000378 
3000064 SobolQRNG 1 307 25 0.842000 0.540000  0.000010 0.000057 0.000037 0.000119 0.000000 0.000007 
3000128 SobolQRNG 1 307 25 0.842000 0.694000  0.000002 0.000016 0.000012 0.000031 0.000000 0.000002 
3000128 SobolQRNG 1 307 25 0.842000 0.693000  0.013687 0.003992 0.008484 0.013800 0.004937 0.002008 
3000192 SobolQRNG 1 307 24 0.842000 0.617000  0.000232 0.000207 0.000575 0.001112 0.000603 0.000324 
3000192 SobolQRNG 1 307 24 0.842000 0.462000  0.000260 0.000220 0.000626 0.001387 0.000699 0.000350 
3000256 SobolQRNG 1 307 24 0.842000 0.540000  0.160773 0.078710 0.207188 0.161138 0.075979 0.030360 
3000256 SobolQRNG 1 307 24 0.842000 0.538000  0.000040 0.000034 0.000092 0.000259 0.000114 0.000054 
3000256 SobolQRNG 1 307 24 0.842000 0.617000  0.000240 0.000211 0.000586 0.001136 0.000619 0.000326 
3000320 SobolQRNG 1 307 24 0.842000 0.539000  0.000224 0.000208 0.000758 0.001490 0.000767 0.000391 
3000320 SobolQRNG 1 307 24 0.842000 0.540000  0.022306 0.006924 0.014782 0.022382 0.008187 0.003490 
3000384 SobolQRNG 1 307 24 0.842000 0.461000  0.000269 0.000221 0.000584 0.001129 0.000599 0.000315 
3000384 SobolQRNG 1 307 24 0.842000 0.540000  0.006522 0.002460 0.005273 0.006649 0.002702 0.001241 
3000448 SobolQRNG 1 307 25 0.842000 0.463000  0.000226 0.000202 0.000567 0.001211 0.000637 0.000331 
3000448 SobolQRNG 1 307 24 0.842000 0.617000  0.000210 0.000191 0.000545 0.001092 0.000563 0.000309 
3000448 SobolQRNG 1 307 24 0.842000 0.462000  0.000239 0.000210 0.000595 0.001219 0.000650 0.000331 
3000512 SobolQRNG 1 307 25 0.842000 0.462000  0.000204 0.000201 0.000571 0.001179 0.000599 0.000318 
3000512 SobolQRNG 1 307 24 0.842000 0.462000  0.000019 0.000026 0.000062 0.000149 0.000091 0.000071 
3000576 SobolQRNG 1 307 24 0.842000 0.617000  0.000198 0.000181 0.000508 0.000944 0.000515 0.000280 
3000640 SobolQRNG 1 307 24 0.842000 0.462000  0.000203 0.000189 0.000670 0.001348 0.000676 0.002861 
3000640 SobolQRNG 1 307 24 0.842000 0.616000  0.000205 0.000185 0.000510 0.001347 0.000663 0.000332 
3000640 SobolQRNG 1 307 24 0.842000 0.385000  0.000190 0.000174 0.000486 0.000910 0.000592 0.000309 
3000704 SobolQRNG 1 307 24 0.842000 0.617000  0.000277 0.000196 0.000544 0.001157 0.000596 0.000303 
3000704 SobolQRNG 1 307 24 0.842000 0.540000  0.000182 0.000171 0.000478 0.000879 0.000484 0.000265 
3000768 SobolQRNG 1 307 24 0.842000 0.539000  0.000220 0.000188 0.000519 0.001104 0.000566 0.000293 
3000768 SobolQRNG 1 307 24 0.842000 0.385000  0.000179 0.000168 0.000470 0.000873 0.000476 0.000260 
3000832 SobolQRNG 1 307 24 0.842000 0.539000  0.000192 0.000177 0.000487 0.000940 0.000512 0.000271 
3000832 SobolQRNG 1 307 24 0.842000 0.385000  0.000180 0.000166 0.000464 0.000872 0.000473 0.000256 
3000832 SobolQRNG 1 307 24 0.842000 0.462000  0.000226 0.000183 0.000503 0.001087 0.000555 0.000282 
3000896 SobolQRNG 1 307 24 0.842000 0.462000  0.000176 0.000163 0.000457 0.000857 0.000465 0.000253 
3000896 SobolQRNG 1 307 24 0.842000 0.463000  0.000204 0.000177 0.000482 0.000925 0.000576 0.000288 
3000960 SobolQRNG 1 307 24 0.842000 0.462000  0.000175 0.000161 0.000449 0.000833 0.000459 0.000249 
3000960 SobolQRNG 1 307 24 0.842000 0.463000  0.000664 0.000248 0.000605 0.001452 0.000608 0.000297 
3000960 SobolQRNG 1 307 24 0.842000 0.617000  0.000181 0.000166 0.000457 0.000863 0.000511 0.000270 
3001024 SobolQRNG 1 307 24 0.842000 0.539000  0.000173 0.000156 0.000436 0.001156 0.000539 0.000277 
3001024 SobolQRNG 1 307 24 0.842000 0.462000  0.000176 0.000163 0.000450 0.000857 0.000471 0.000251 
3001088 SobolQRNG 1 307 24 0.842000 0.539000  0.000170 0.000154 0.000430 0.000798 0.000440 0.000276 
3001088 SobolQRNG 1 307 24 0.842000 0.539000  0.000175 0.000161 0.000443 0.000848 0.000471 0.000248 
3001152 SobolQRNG 1 307 24 0.842000 0.462000  0.000172 0.000151 0.000424 0.000856 0.000449 0.000238 
3001152 SobolQRNG 1 307 24 0.842000 0.616000  0.000177 0.000159 0.000438 0.000843 0.000462 0.000245 
3001152 SobolQRNG 1 307 24 0.842000 0.385000  0.000160 0.000149 0.000418 0.000775 0.000426 0.000230 
3001216 SobolQRNG 1 307 24 0.842000 0.462000  0.000214 0.000164 0.000441 0.000865 0.000466 0.000244 
3001216 SobolQRNG 1 307 24 0.842000 0.462000  0.000159 0.000147 0.000412 0.000772 0.000421 0.000228 
3001280 SobolQRNG 1 307 24 0.842000 0.616000  0.000171 0.000159 0.000441 0.000892 0.000462 0.000243 
3001280 SobolQRNG 1 307 24 0.842000 0.386000  0.000158 0.000145 0.000406 0.000766 0.000433 0.000230 
3001344 SobolQRNG 1 307 24 0.842000 0.540000  0.000175 0.000232 0.000559 0.001220 0.000647 0.000314 
3001344 SobolQRNG 1 307 24 0.842000 0.385000  0.000166 0.000149 0.000411 0.000790 0.000434 0.000230 
3001408 SobolQRNG 1 307 24 0.842000 0.462000  0.000156 0.000148 0.000409 0.000763 0.000457 0.000241 
3001408 SobolQRNG 1 307 24 0.842000 0.463000  0.000163 0.000147 0.000407 0.000788 0.000431 0.000226 
3001472 SobolQRNG 1 307 24 0.842000 0.540000  0.000156 0.000147 0.000404 0.000758 0.000424 0.000226 
3001472 SobolQRNG 1 307 24 0.842000 0.616000  0.000020 0.000017 0.000046 0.000088 0.000049 0.000025 
3001472 SobolQRNG 1 307 24 0.842000 0.462000  0.000145 0.000135 0.000377 0.000707 0.000386 0.000208 
3001536 SobolQRNG 1 307 25 0.842000 0.540000  0.000161 0.000141 0.000391 0.000768 0.000419 0.000218 
3001536 SobolQRNG 1 307 24 0.842000 0.463000  0.000185 0.000147 0.000415 0.000847 0.000459 0.000236 
3001600 SobolQRNG 1 307 24 0.842000 0.617000  0.000169 0.000141 0.000393 0.000791 0.000408 0.000214 
3001600 SobolQRNG 1 307 24 0.842000 0.463000  0.000171 0.000144 0.000402 0.000812 0.000428 0.000224 
3001664 SobolQRNG 1 307 24 0.842000 0.540000  0.000144 0.000131 0.000368 0.000699 0.000381 0.000206 
3001664 SobolQRNG 1 307 24 0.842000 0.539000  0.000150 0.000137 0.000489 0.001025 0.000492 0.000285 
3001664 SobolQRNG 1 307 24 0.842000 0.385000  0.000017 0.000016 0.000043 0.000082 0.000044 0.000024 
3001728 SobolQRNG 1 307 24 0.842000 0.539000  0.000172 0.000149 0.000398 0.000849 0.000430 0.000220 
3001728 SobolQRNG 1 307 24 0.842000 0.539000  0.000142 0.000135 0.000378 0.000805 0.000398 0.000210 
3001792 SobolQRNG 1 307 24 0.842000 0.539000  0.000170 0.000138 0.000391 0.000818 0.000425 0.000221 
3001792 SobolQRNG 1 307 24 0.842000 0.385000  0.000138 0.000126 0.000353 0.000662 0.000363 0.000195 
3001856 SobolQRNG 1 307 24 0.842000 0.462000  0.000181 0.000147 0.000403 0.000835 0.000432 0.000220 
3001856 SobolQRNG 1 307 25 0.842000 0.385000  0.000137 0.000129 0.000364 0.000728 0.000379 0.000203 
3001856 SobolQRNG 1 307 24 0.842000 0.539000  0.000173 0.000142 0.000390 0.000817 0.000427 0.000219 
3001920 SobolQRNG 1 307 24 0.842000 0.385000  0.000138 0.000124 0.000346 0.000664 0.000354 0.000192 
3001920 SobolQRNG 1 307 24 0.842000 0.462000  0.000170 0.000133 0.000373 0.000907 0.000415 0.000211 
3001984 SobolQRNG 1 307 24 0.842000 0.385000  0.000136 0.000123 0.000342 0.000647 0.000351 0.000189 
3001984 SobolQRNG 1 307 24 0.842000 0.462000  0.000140 0.000129 0.000355 0.000934 0.000459 0.000261 
3002048 SobolQRNG 1 307 24 0.842000 0.385000  0.000008 0.000047 0.000031 0.000097 0.000000 0.000005 
3002048 SobolQRNG 1 307 24 0.842000 0.617000  0.000009 0.000055 0.000035 0.000113 0.000000 0.000006 
3002112 SobolQRNG 1 307 24 0.842000 0.385000  0.000137 0.000120 0.000334 0.000654 0.000348 0.000196 
3002112 SobolQRNG 1 307 24 0.842000 0.539000  0.000169 0.000129 0.000354 0.000764 0.000396 0.000203 
3002112 SobolQRNG 1 307 24 0.842000 0.385000  0.000126 0.000117 0.000327 0.000607 0.000333 0.000181 
3002176 SobolQRNG 1 307 24 0.842000 0.539000  0.000151 0.000128 0.000361 0.000723 0.000384 0.000198 
3002176 SobolQRNG 1 307 24 0.842000 0.462000  0.000008 0.000047 0.000031 0.000097 0.000000 0.000005 
3002240 SobolQRNG 1 307 24 0.842000 0.463000  0.000009 0.000066 0.000038 0.000127 0.000000 0.000006 
3002240 SobolQRNG 1 307 24 0.842000 0.462000  0.000120 0.000112 0.000315 0.000589 0.000319 0.000174 
3002304 SobolQRNG 1 307 24 0.842000 0.462000  0.000131 0.000174 0.000419 0.000964 0.000487 0.000239 
3002304 SobolQRNG 1 307 24 0.842000 0.386000  0.000122 0.000111 0.000309 0.000578 0.000316 0.000171 
3002304 SobolQRNG 1 307 24 0.842000 0.462000  0.000028 0.000026 0.000070 0.000134 0.000075 0.000039 
3002368 SobolQRNG 1 307 24 0.842000 0.539000  0.000204 0.000130 0.000338 0.000732 0.000351 0.000180 
3002368 SobolQRNG 1 307 24 0.842000 0.540000  0.000125 0.000115 0.000315 0.000595 0.000336 0.000177 
3002432 SobolQRNG 1 307 25 0.842000 0.385000  0.000117 0.000107 0.000300 0.000563 0.000306 0.000165 
3002432 SobolQRNG 1 307 24 0.842000 0.540000  0.000119 0.000114 0.000319 0.000624 0.000343 0.000181 
3002496 SobolQRNG 1 307 24 0.842000 0.463000  0.000113 0.000105 0.000294 0.000547 0.000299 0.000162 
3002496 SobolQRNG 1 307 24 0.842000 0.463000  0.000124 0.000111 0.000305 0.000593 0.000322 0.000170 
3002496 SobolQRNG 1 307 24 0.842000 0.385000  0.000114 0.000104 0.000290 0.000554 0.000297 0.000160 
3002560 SobolQRNG 1 307 24 0.842000 0.539000  0.000215 0.000133 0.000344 0.000812 0.000381 0.000187 
3002560 SobolQRNG 1 307 24 0.842000 0.385000  0.000114 0.000102 0.000287 0.000542 0.000293 0.000158 
3002624 SobolQRNG 1 307 24 0.842000 0.463000  0.000116 0.000107 0.000297 0.000575 0.000313 0.000166 
3002624 SobolQRNG 1 307 24 0.842000 0.386000  0.000109 0.000102 0.000285 0.000536 0.000291 0.000157 
3002688 SobolQRNG 1 307 24 0.842000 0.539000  0.000117 0.000107 0.000295 0.000565 0.000310 0.000165 
3002688 SobolQRNG 1 307 24 0.842000 0.539000  0.000108 0.000101 0.000283 0.000526 0.000288 0.000156 
3002688 SobolQRNG 1 307 24 0.842000 0.540000  0.000279 0.000155 0.000464 0.000900 0.000492 0.000240 
3002752 SobolQRNG 1 307 24 0.842000 0.461000  0.015635 0.035303 0.015478 0.035350 0.000003 0.001002 
3002752 SobolQRNG 1 307 24 0.842000 0.539000  0.000009 0.000051 0.000034 0.000121 0.000000 0.000006 
3002816 SobolQRNG 1 307 24 0.842000 0.463000  0.000111 0.000101 0.000297 0.000618 0.000307 0.000160 
3002816 SobolQRNG 1 307 24 0.842000 0.540000  0.000117 0.000110 0.000300 0.000732 0.000356 0.000180 
3002880 SobolQRNG 1 307 24 0.842000 0.385000  0.000108 0.000099 0.000277 0.000519 0.000281 0.000153 
3002880 SobolQRNG 1 307 24 0.842000 0.540000  0.000120 0.000104 0.000290 0.000610 0.000315 0.000161 
3002880 SobolQRNG 1 307 24 0.842000 0.385000  0.000109 0.000098 0.000291 0.000576 0.000295 0.000156 
3002944 SobolQRNG 1 307 24 0.842000 0.539000  0.000115 0.000104 0.000285 0.000573 0.000303 0.000160 
3002944 SobolQRNG 1 307 24 0.842000 0.539000  0.000109 0.000097 0.000272 0.000547 0.000281 0.000152 
3003008 SobolQRNG 1 307 24 0.842000 0.539000  0.000112 0.000151 0.000364 0.000915 0.000423 0.000213 
3003008 SobolQRNG 1 307 24 0.842000 0.385000  0.000104 0.000096 0.000269 0.000505 0.000292 0.000154 
3003072 SobolQRNG 1 307 24 0.842000 0.385000  0.000132 0.000104 0.000284 0.000757 0.000365 0.000208 
3003072 SobolQRNG 1 307 25 0.842000 0.617000  0.000016 0.000015 0.000041 0.000078 0.000042 0.000023 
3003136 SobolQRNG 1 307 24 0.842000 0.462000  0.004412 0.014870 0.005156 0.014883 0.000002 0.000335 
3003136 SobolQRNG 1 307 24 0.842000 0.540000  0.000029 0.000025 0.000076 0.000161 0.000094 0.000045 
3003200 SobolQRNG 1 307 24 0.842000 0.463000  0.000028 0.000025 0.000071 0.000135 0.000088 0.000044 
3003200 SobolQRNG 1 307 24 0.842000 0.539000  0.000027 0.000025 0.000070 0.000135 0.000087 0.000043 
3003200 SobolQRNG 1 307 24 0.842000 0.540000  0.000109 0.000147 0.000358 0.000946 0.000415 0.000225 
3003264 SobolQRNG 1 307 24 0.842000 0.385000  0.000016 0.000015 0.000041 0.000079 0.000042 0.000023 
3003264 SobolQRNG 1 307 24 0.842000 0.540000  0.000020 0.000019 0.000052 0.000117 0.000058 0.000028 
3003328 SobolQRNG 1 307 24 0.842000 0.385000  0.000492 0.000163 0.000309 0.000552 0.000217 0.000095 
3003328 SobolQRNG 1 307 24 0.842000 0.462000  0.000020 0.000017 0.000047 0.000096 0.000051 0.000026 
3003392 SobolQRNG 1 307 24 0.842000 0.616000  0.000016 0.000015 0.000041 0.000076 0.000042 0.000023 
3003392 SobolQRNG 1 307 24 0.842000 0.463000  0.000017 0.000015 0.000042 0.000080 0.000054 0.000028 
3003392 SobolQRNG 1 307 24 0.842000 0.616000  0.000099 0.000090 0.000409 0.000812 0.000370 0.000189 
3003456 SobolQRNG 1 307 25 0.842000 0.539000  0.000105 0.000095 0.000262 0.000510 0.000281 0.000148 
3003456 SobolQRNG 1 307 25 0.842000 0.539000  0.000007 0.000043 0.000029 0.000090 0.000000 0.000005 
3003520 SobolQRNG 1 307 24 0.842000 0.616000  0.000105 0.000095 0.000332 0.000689 0.000389 0.000191 
3003520 SobolQRNG 1 307 24 0.842000 0.462000  0.000002 0.000031 0.000015 0.000062 0.000000 0.000003 
3003584 SobolQRNG 1 307 24 0.842000 0.463000  0.000126 0.000098 0.000270 0.000609 0.000307 0.000155 
3003584 SobolQRNG 1 307 24 0.842000 0.462000  0.000111 0.000092 0.000260 0.000517 0.000269 0.000144 
3003584 SobolQRNG 1 307 24 0.842000 0.539000  0.000100 0.000094 0.000258 0.000568 0.000295 0.000151 
3003648 SobolQRNG 1 307 24 0.842000 0.385000  0.000155 0.000099 0.000265 0.000517 0.000265 0.000140 
3003648 SobolQRNG 1 307 24 0.842000 0.539000  0.000100 0.000136 0.000326 0.000792 0.000383 0.000212 
3003712 SobolQRNG 1 307 24 0.842000 0.463000  0.000095 0.000089 0.000245 0.000479 0.000250 0.000137 
3003712 SobolQRNG 1 307 24 0.842000 0.462000  0.000115 0.000095 0.000263 0.000527 0.000288 0.000148 
3003776 SobolQRNG 1 307 24 0.842000 0.540000  0.000094 0.000085 0.000238 0.000463 0.000251 0.000136 
3003776 SobolQRNG 1 307 24 0.842000 0.462000  0.000097 0.000090 0.000247 0.000467 0.000260 0.000138 
3003840 SobolQRNG 1 307 25 0.842000 0.539000  0.000107 0.000089 0.000250 0.000502 0.000259 0.000137 
3003840 SobolQRNG 1 307 24 0.842000 0.463000  0.000153 0.000101 0.000270 0.000594 0.000298 0.000149 
3003840 SobolQRNG 1 307 24 0.842000 0.539000  0.000118 0.000093 0.000257 0.000526 0.000258 0.000137 
3003904 SobolQRNG 1 307 24 0.842000 0.462000  0.000113 0.000093 0.000254 0.000517 0.000283 0.000146 
3003904 SobolQRNG 1 307 25 0.842000 0.539000  0.000091 0.000087 0.000253 0.000542 0.000258 0.000133 
3003968 SobolQRNG 1 307 25 0.842000 0.385000  0.000096 0.000139 0.000322 0.000703 0.000319 0.000157 
3003968 SobolQRNG 1 307 25 0.842000 0.385000  0.000090 0.000083 0.000230 0.000443 0.000235 0.000127 
3004032 SobolQRNG 1 307 24 0.842000 0.539000  0.000024 0.000022 0.000059 0.000118 0.000063 0.000046 
3004032 SobolQRNG 1 307 24 0.842000 0.539000  0.000022 0.000020 0.000059 0.000116 0.000059 0.000032 
3004032 SobolQRNG 1 307 24 0.842000 0.462000  0.000024 0.000024 0.000063 0.000134 0.000067 0.000035 
3004096 SobolQRNG 1 307 24 0.842000 0.308000  0.000088 0.000080 0.000225 0.000422 0.000230 0.000124 
3004096 SobolQRNG 1 307 24 0.842000 0.539000  0.034581 0.015057 0.038162 0.034647 0.014972 0.006209 
3004160 SobolQRNG 1 307 24 0.842000 0.385000  0.000087 0.000080 0.000223 0.000422 0.000229 0.000123 
3004160 SobolQRNG 1 307 25 0.842000 0.463000  0.000115 0.000088 0.000244 0.000532 0.000279 0.000141 
3004224 SobolQRNG 1 307 24 0.842000 0.539000  0.000105 0.000082 0.000235 0.000487 0.000237 0.000126 
3004224 SobolQRNG 1 307 24 0.842000 0.540000  0.040094 0.016742 0.041756 0.040111 0.016888 0.007016 
3004224 SobolQRNG 1 307 24 0.842000 0.463000  0.000091 0.000083 0.000231 0.000451 0.000250 0.000135 
3004288 SobolQRNG 1 307 24 0.842000 0.385000  0.000084 0.000079 0.000221 0.000492 0.000237 0.000127 
3004288 SobolQRNG 1 307 24 0.842000 0.462000  0.000088 0.000082 0.000307 0.000641 0.000348 0.000171 
3004352 SobolQRNG 1 307 24 0.842000 0.540000  0.000112 0.000083 0.000231 0.000476 0.000244 0.000130 
3004352 SobolQRNG 1 307 24 0.842000 0.462000  0.000103 0.000086 0.000240 0.000503 0.000269 0.000137 
3004416 SobolQRNG 1 307 24 0.842000 0.540000  0.000086 0.000089 0.000237 0.000465 0.000245 0.000128 
3004416 SobolQRNG 1 307 24 0.842000 0.462000  0.000090 0.000081 0.000224 0.000432 0.000240 0.000125 
3004480 SobolQRNG 1 307 24 0.842000 0.463000  0.000087 0.000077 0.000213 0.000419 0.000245 0.000127 
3004480 SobolQRNG 1 307 24 0.842000 0.463000  0.000086 0.000080 0.000221 0.000419 0.000234 0.000123 
3004480 SobolQRNG 1 307 25 0.842000 0.539000  0.016592 0.046087 0.017906 0.046142 0.000006 0.001132 
3004544 SobolQRNG 1 307 24 0.842000 0.462000  0.000835 0.000363 0.000713 0.001537 0.000639 0.001251 
3004544 SobolQRNG 1 307 24 0.842000 0.616000  0.000103 0.000086 0.000243 0.000517 0.000265 0.000134 
3004608 SobolQRNG 1 307 24 0.842000 0.385000  0.000081 0.000075 0.000209 0.000391 0.000211 0.000115 
3004608 SobolQRNG 1 307 25 0.842000 0.617000  0.000107 0.000083 0.000231 0.000567 0.000266 0.000133 
3004672 SobolQRNG 1 307 24 0.842000 0.386000  0.000080 0.000073 0.000207 0.000408 0.000215 0.000116 
3004672 SobolQRNG 1 307 24 0.842000 0.462000  0.000153 0.000091 0.000247 0.000539 0.000255 0.000128 
3004736 SobolQRNG 1 307 25 0.842000 0.385000  0.000080 0.000073 0.000206 0.000387 0.000208 0.000113 
3004736 SobolQRNG 1 307 25 0.842000 0.616000  0.000083 0.000077 0.000213 0.000409 0.000224 0.000119 
3004736 SobolQRNG 1 307 25 0.842000 0.385000  0.000080 0.000073 0.000204 0.000383 0.000208 0.000113 
3004800 SobolQRNG 1 307 25 0.842000 0.617000  0.000080 0.000073 0.000203 0.000392 0.000212 0.000115 
3004800 SobolQRNG 1 307 25 0.842000 0.462000  0.000104 0.271684 0.102634 0.271900 0.000035 0.006547 
3004864 SobolQRNG 1 307 24 0.842000 0.540000  0.000007 0.000043 0.000029 0.000089 0.000000 0.000005 
3004864 SobolQRNG 1 307 24 0.842000 0.463000  0.000079 0.000071 0.000466 0.001020 0.000386 0.000174 
3004928 SobolQRNG 1 307 24 0.842000 0.539000  0.000080 0.000075 0.000206 0.000394 0.000215 0.000115 
3004928 SobolQRNG 1 307 24 0.842000 0.462000  0.059211 0.022308 0.053485 0.059268 0.023391 0.009878 
3004992 SobolQRNG 1 307 24 0.842000 0.539000  0.001139 0.004521 0.001418 0.004569 0.000001 0.000094 
3004992 SobolQRNG 1 307 24 0.842000 0.385000  0.000077 0.000071 0.000197 0.000373 0.000203 0.000109 
3005056 SobolQRNG 1 307 25 0.842000 0.539000  0.000083 0.000075 0.000205 0.000392 0.000272 0.000134 
3005056 SobolQRNG 1 307 24 0.842000 0.386000  0.000077 0.000070 0.000196 0.000365 0.000202 0.000109 
3005120 SobolQRNG 1 307 24 0.842000 0.616000  0.000101 0.000100 0.000249 0.000573 0.000259 0.000127 
3005120 SobolQRNG 1 307 24 0.842000 0.385000  0.000076 0.000069 0.000194 0.000373 0.000198 0.000108 
3005120 SobolQRNG 1 307 25 0.842000 0.462000  0.000090 0.000077 0.000213 0.000449 0.000235 0.000119 
3005184 SobolQRNG 1 307 25 0.842000 0.462000  0.000135 0.000075 0.000222 0.000505 0.000230 0.000115 
3005184 SobolQRNG 1 307 24 0.842000 0.539000  0.000120 0.000084 0.000224 0.000493 0.000261 0.000125 
3005248 SobolQRNG 1 307 24 0.842000 0.385000  0.000073 0.000069 0.000192 0.000364 0.000195 0.000106 
3005248 SobolQRNG 1 307 24 0.842000 0.463000  0.000091 0.000077 0.000211 0.001268 0.000479 0.000201 
3005312 SobolQRNG 1 307 24 0.842000 0.385000  0.000020 0.000098 0.000217 0.000343 0.000147 0.000065 
3005312 SobolQRNG 1 307 24 0.842000 0.462000  0.000093 0.000077 0.000211 0.000442 0.000236 0.000120 
3005376 SobolQRNG 1 307 24 0.842000 0.540000  0.000094 0.000077 0.000212 0.000445 0.000242 0.000123 
3005376 SobolQRNG 1 307 25 0.842000 0.463000  0.000118 0.000082 0.000221 0.000469 0.000241 0.000122 
3005440 SobolQRNG 1 307 25 0.842000 0.539000  0.000072 0.000070 0.000193 0.000360 0.000195 0.000105 
3005440 SobolQRNG 1 307 24 0.842000 0.462000  0.000078 0.000071 0.000195 0.000366 0.000207 0.000109 
3005440 SobolQRNG 1 307 24 0.842000 0.617000  0.000088 0.000070 0.000201 0.000412 0.000206 0.000109 
3005504 SobolQRNG 1 307 24 0.842000 0.462000  0.000093 0.000074 0.000204 0.000426 0.000226 0.000114 
3005504 SobolQRNG 1 307 24 0.842000 0.385000  0.000082 0.000070 0.000196 0.000390 0.000202 0.000107 
3005568 SobolQRNG 1 307 24 0.842000 0.539000  0.000075 0.000069 0.000260 0.000524 0.000297 0.000144 
3005568 SobolQRNG 1 307 25 0.842000 0.539000  0.075098 0.027094 0.064102 0.075155 0.029008 0.012183 
3005632 SobolQRNG 1 307 25 0.842000 0.539000  0.000092 0.000074 0.000201 0.000420 0.000222 0.000114 
3005632 SobolQRNG 1 307 24 0.842000 0.539000  0.000082 0.000069 0.000193 0.000384 0.000199 0.000105 
3005632 SobolQRNG 1 307 24 0.842000 0.462000  0.000094 0.000075 0.000205 0.000426 0.000225 0.000115 
3005696 SobolQRNG 1 307 24 0.842000 0.540000  0.000070 0.000068 0.000193 0.000382 0.000197 0.000105 
3005696 SobolQRNG 1 307 25 0.842000 0.462000  0.000091 0.000076 0.000200 0.000410 0.000234 0.000117 
3005760 SobolQRNG 1 307 24 0.842000 0.539000  0.000082 0.000069 0.000189 0.000367 0.000198 0.000105 
3005760 SobolQRNG 1 307 24 0.842000 0.539000  0.080467 0.029084 0.068291 0.080483 0.031149 0.013162 
3005824 SobolQRNG 1 307 24 0.842000 0.463000  0.018656 0.047533 0.019435 0.047578 0.000006 0.001240 
3005824 SobolQRNG 1 307 24 0.842000 0.539000  0.000073 0.000070 0.000190 0.000389 0.000212 0.000110 
3005888 SobolQRNG 1 307 24 0.842000 0.540000  0.000089 0.000068 0.000194 0.000376 0.000197 0.000105 
3005888 SobolQRNG 1 307 24 0.842000 0.462000  0.000092 0.000074 0.000199 0.000403 0.000214 0.000111 
3005888 SobolQRNG 1 307 24 0.842000 0.385000  0.000067 0.000063 0.000205 0.000398 0.000202 0.000106 
3005952 SobolQRNG 1 307 24 0.842000 0.462000  0.000128 0.000072 0.000248 0.000527 0.000245 0.000138 
3005952 SobolQRNG 1 307 24 0.842000 0.385000  0.000069 0.000063 0.000177 0.000331 0.000182 0.000098 
3006016 SobolQRNG 1 307 24 0.842000 0.539000  0.000073 0.000066 0.000183 0.000351 0.000193 0.000102 
3006016 SobolQRNG 1 307 24 0.842000 0.539000  0.021793 0.058080 0.023064 0.058091 0.000007 0.001446 
3006080 SobolQRNG 1 307 24 0.842000 0.539000  0.000067 0.000063 0.000182 0.000349 0.000188 0.000100 
3006080 SobolQRNG 1 307 24 0.842000 0.463000  0.000090 0.000070 0.000192 0.000570 0.000260 0.000160 
3006080 SobolQRNG 1 307 24 0.842000 0.617000  0.000004 0.000004 0.000010 0.000020 0.000013 0.000006 
3006144 SobolQRNG 1 307 24 0.842000 0.540000  0.000002 0.000011 0.000008 0.000022 0.000000 0.000001 
3006144 SobolQRNG 1 307 25 0.842000 0.539000  0.000002 0.000011 0.000008 0.000022 0.000000 0.000001 
3006208 SobolQRNG 1 307 24 0.842000 0.540000  0.000094 0.000071 0.000191 0.000416 0.000213 0.000107 
3006208 SobolQRNG 1 307 24 0.842000 0.385000  0.000067 0.000061 0.000173 0.000327 0.000175 0.000161 
3006272 SobolQRNG 1 307 24 0.842000 0.462000  0.000008 0.000044 0.000028 0.000086 0.000000 0.000005 
3006272 SobolQRNG 1 307 24 0.842000 0.385000  0.000066 0.000061 0.000171 0.000319 0.000174 0.000094 
3006336 SobolQRNG 1 307 24 0.842000 0.540000  0.000135 0.000080 0.000208 0.000449 0.000221 0.000112 
3006336 SobolQRNG 1 307 24 0.842000 0.540000  0.000018 0.000017 0.000046 0.000090 0.000047 0.000026 
3006400 SobolQRNG 1 307 24 0.842000 0.617000  0.000064 0.000060 0.000167 0.000310 0.000171 0.000092 
3006400 SobolQRNG 1 307 24 0.842000 0.540000  0.000018 0.000017 0.000046 0.000090 0.000047 0.000026 
3006464 SobolQRNG 1 307 24 0.842000 0.462000  0.000087 0.000068 0.000207 0.000453 0.000221 0.000109 
3006528 SobolQRNG 1 307 24 0.842000 0.539000  0.000267 0.000275 0.002189 0.005370 0.001500 0.000610 
3006528 SobolQRNG 1 307 24 0.842000 0.385000  0.000018 0.000017 0.000046 0.000088 0.000047 0.000025 
3006528 SobolQRNG 1 307 24 0.842000 0.463000  0.000019 0.000017 0.000048 0.000093 0.000051 0.000027 
3006592 SobolQRNG 1 307 24 0.842000 0.462000  0.000062 0.000057 0.000160 0.000298 0.000162 0.000088 
3006592 SobolQRNG 1 307 24 0.842000 0.616000  0.000157 0.000087 0.000261 0.000511 0.000277 0.000136 
3006656 SobolQRNG 1 307 24 0.842000 0.385000  0.000061 0.000057 0.000167 0.000352 0.000170 0.000090 
3006656 SobolQRNG 1 307 24 0.842000 0.463000  0.000019 0.000025 0.000061 0.000126 0.000178 0.000075 
3006720 SobolQRNG 1 307 24 0.842000 0.385000  0.000060 0.000056 0.000157 0.000297 0.000160 0.000089 
3006720 SobolQRNG 1 307 25 0.842000 0.694000  0.000065 0.000088 0.000211 0.000428 0.000247 0.000121 
3006784 SobolQRNG 1 307 24 0.842000 0.385000  0.000118 0.000089 0.000273 0.000690 0.000284 0.000142 
3006784 SobolQRNG 1 307 24 0.842000 0.463000  0.000063 0.000059 0.000162 0.000305 0.000171 0.000091 
3006848 SobolQRNG 1 307 24 0.842000 0.540000  0.004085 0.001373 0.003020 0.004154 0.001725 0.000788 
3006848 SobolQRNG 1 307 24 0.842000 0.693000  0.000070 0.000061 0.000169 0.000340 0.000183 0.000096 
3006912 SobolQRNG 1 307 24 0.842000 0.540000  0.007053 0.002517 0.005579 0.007072 0.003066 0.001426 
3006912 SobolQRNG 1 307 24 0.842000 0.462000  0.000019 0.000017 0.000047 0.000101 0.000055 0.000028 
3006912 SobolQRNG 1 307 24 0.842000 0.540000  0.000653 0.000201 0.000386 0.000729 0.000280 0.000118 
3006976 SobolQRNG 1 307 25 0.842000 0.616000  0.000022 0.000018 0.000049 0.000102 0.000054 0.000028 
3006976 SobolQRNG 1 307 25 0.842000 0.539000  0.000016 0.000015 0.000042 0.000082 0.000053 0.000026 
3007040 SobolQRNG 1 307 24 0.842000 0.540000  0.000008 0.000051 0.000031 0.000099 0.000000 0.000005 
3007040 SobolQRNG 1 307 24 0.842000 0.385000  0.002491 0.001048 0.002240 0.002558 0.001143 0.000544 
3007104 SobolQRNG 1 307 24 0.842000 0.616000  0.000018 0.000016 0.000045 0.000085 0.000047 0.000025 
3007104 SobolQRNG 1 307 24 0.842000 0.539000  0.000066 0.000058 0.000160 0.000312 0.000169 0.000089 
3007168 SobolQRNG 1 307 24 0.842000 0.539000  0.000059 0.000055 0.000153 0.000284 0.000154 0.000084 
3007168 SobolQRNG 1 307 24 0.842000 0.540000  0.000070 0.000061 0.000169 0.000342 0.000183 0.000093 
3007232 SobolQRNG 1 307 24 0.842000 0.462000  0.000006 0.000037 0.000025 0.000076 0.000000 0.000004 
3007232 SobolQRNG 1 307 24 0.842000 0.540000  0.000077 0.000063 0.000172 0.000356 0.000190 0.000096 
3007296 SobolQRNG 1 307 24 0.842000 0.540000  0.000060 0.000067 0.000325 0.000819 0.000313 0.000146 
3007296 SobolQRNG 1 307 24 0.842000 0.540000  0.010873 0.003581 0.007747 0.011077 0.004086 0.001840 
3007360 SobolQRNG 1 307 24 0.842000 0.616000  0.000020 0.000018 0.000051 0.000106 0.000054 0.000027 
3007360 SobolQRNG 1 307 24 0.842000 0.385000  0.000015 0.000014 0.000041 0.000080 0.000051 0.000025 
3007424 SobolQRNG 1 307 24 0.842000 0.462000  0.000018 0.000017 0.000046 0.000089 0.000049 0.000026 
3007424 SobolQRNG 1 307 24 0.842000 0.385000  0.000058 0.000053 0.000149 0.000278 0.000165 0.000087 
3007488 SobolQRNG 1 307 24 0.842000 0.693000  0.000007 0.000042 0.000028 0.000087 0.000000 0.000005 
3007488 SobolQRNG 1 307 24 0.842000 0.617000  0.000059 0.000059 0.000159 0.000315 0.000160 0.000084 
3007552 SobolQRNG 1 307 24 0.842000 0.462000  0.000182 0.000108 0.000332 0.000813 0.000323 0.000211 
3007552 SobolQRNG 1 307 24 0.842000 0.462000  0.000069 0.000068 0.000177 0.000389 0.000195 0.000097 
3007616 SobolQRNG 1 307 24 0.842000 0.539000  0.007714 0.002370 0.005055 0.007848 0.002792 0.001159 
3007616 SobolQRNG 1 307 24 0.842000 0.617000  0.000058 0.000052 0.000146 0.000275 0.000151 0.000081 
3007680 SobolQRNG 1 307 24 0.842000 0.539000  0.000018 0.000018 0.000047 0.000095 0.000048 0.000026 
3007680 SobolQRNG 1 307 24 0.842000 0.462000  0.000018 0.000017 0.000046 0.000088 0.000048 0.000026 
3007680 SobolQRNG 1 307 24 0.842000 0.540000  0.002188 0.006027 0.002414 0.006067 0.000000 0.000161 
3007744 SobolQRNG 1 307 24 0.842000 0.617000  0.000735 0.000204 0.000397 0.000815 0.000284 0.000121 
3007744 SobolQRNG 1 307 24 0.842000 0.694000  0.000018 0.000016 0.000044 0.000085 0.000045 0.000024 
3007808 SobolQRNG 1 307 24 0.842000 0.617000  0.000022 0.000017 0.000048 0.000102 0.000053 0.000027 
3007808 SobolQRNG 1 307 24 0.842000 0.539000  0.000540 0.000172 0.000326 0.000606 0.000235 0.000101 
3007872 SobolQRNG 1 307 24 0.842000 0.463000  0.000022 0.000017 0.000048 0.000100 0.000054 0.000027 
3007872 SobolQRNG 1 307 24 0.842000 0.540000  0.000479 0.000162 0.000309 0.000548 0.000220 0.000095 
3007936 SobolQRNG 1 307 25 0.842000 0.616000  0.000016 0.000014 0.000039 0.000078 0.000050 0.000024 
3007936 SobolQRNG 1 307 25 0.842000 0.386000  0.000058 0.000052 0.000144 0.000282 0.000147 0.000079 
3007936 SobolQRNG 1 307 24 0.842000 0.462000  0.000007 0.000038 0.000026 0.000081 0.000000 0.000004 
3008000 SobolQRNG 1 307 24 0.842000 0.462000  0.000123 0.000065 0.000166 0.000352 0.000166 0.000086 
3008000 SobolQRNG 1 307 24 0.842000 0.540000  0.000019 0.000017 0.000046 0.000097 0.000050 0.000026 
3008064 SobolQRNG 1 307 24 0.842000 0.693000  0.000057 0.000062 0.000161 0.000322 0.000159 0.000083 
3008064 SobolQRNG 1 307 24 0.842000 0.539000  0.000060 0.000053 0.000147 0.000297 0.000159 0.000082 
3008128 SobolQRNG 1 307 24 0.842000 0.385000  0.000056 0.000050 0.000141 0.000269 0.000146 0.000077 
3008128 SobolQRNG 1 307 25 0.842000 0.539000  0.000018 0.000017 0.000045 0.000118 0.000059 0.000033 
3008192 SobolQRNG 1 307 25 0.842000 0.616000  0.000017 0.000016 0.000043 0.000082 0.000045 0.000027 
3008192 SobolQRNG 1 307 25 0.842000 0.539000  0.000021 0.000018 0.000067 0.000174 0.000070 0.000033 
3008192 SobolQRNG 1 307 25 0.842000 0.539000  0.000070 0.000058 0.000153 0.000308 0.000159 0.000081 
3008256 SobolQRNG 1 307 25 0.842000 0.540000  0.000127 0.000072 0.000182 0.000443 0.000196 0.000104 
3008256 SobolQRNG 1 307 24 0.842000 0.540000  0.000017 0.000016 0.000043 0.000082 0.000045 0.000024 
3008320 SobolQRNG 1 307 24 0.842000 0.694000  0.000014 0.000013 0.000037 0.000071 0.000046 0.000023 
3008320 SobolQRNG 1 307 24 0.842000 0.540000  0.000064 0.000052 0.000143 0.000277 0.000151 0.000079 
3008384 SobolQRNG 1 307 24 0.842000 0.539000  0.002328 0.000842 0.001836 0.002394 0.000972 0.000433 
3008384 SobolQRNG 1 307 24 0.842000 0.617000  0.000022 0.000018 0.000050 0.000104 0.000057 0.000028 
3008448 SobolQRNG 1 307 24 0.842000 0.539000  0.005003 0.016031 0.005805 0.016069 0.000000 0.000375 
3008448 SobolQRNG 1 307 25 0.842000 0.540000  0.000070 0.000054 0.000149 0.000311 0.000166 0.000090 
3008448 SobolQRNG 1 307 24 0.842000 0.540000  0.000088 0.000073 0.000196 0.000501 0.000216 0.000103 
3008512 SobolQRNG 1 307 24 0.842000 0.694000  0.000065 0.000052 0.000145 0.000307 0.000160 0.000083 
3008512 SobolQRNG 1 307 25 0.842000 0.540000  0.000089 0.000054 0.000190 0.000449 0.000220 0.000111 
3008576 SobolQRNG 1 307 25 0.842000 0.462000  0.000056 0.000051 0.000139 0.000368 0.000181 0.000090 
3008576 SobolQRNG 1 307 25 0.842000 0.539000  0.000053 0.000048 0.000133 0.000435 0.000206 0.000100 
3008640 SobolQRNG 1 307 25 0.842000 0.462000  0.000023 0.000018 0.000047 0.000101 0.000052 0.000027 
3008640 SobolQRNG 1 307 24 0.842000 0.463000  0.000054 0.000047 0.000131 0.000258 0.000134 0.000072 
3008704 SobolQRNG 1 307 25 0.842000 0.462000  0.000022 0.000017 0.000047 0.000097 0.000050 0.000026 
3008704 SobolQRNG 1 307 25 0.842000 0.385000  0.000017 0.000015 0.000043 0.000081 0.000044 0.000024 
3008768 SobolQRNG 1 307 25 0.842000 0.462000  0.000018 0.000016 0.000044 0.000089 0.000047 0.000025 
3008768 SobolQRNG 1 307 24 0.842000 0.385000  0.000058 0.000046 0.000129 0.000251 0.000133 0.000071 
3008832 SobolQRNG 1 307 24 0.842000 0.462000  0.000006 0.000037 0.000025 0.000078 0.000000 0.000004 
3008832 SobolQRNG 1 307 24 0.842000 0.617000  0.000050 0.000060 0.000152 0.000315 0.000149 0.000077 
3008832 SobolQRNG 1 307 24 0.842000 0.539000  0.000063 0.000050 0.000138 0.000294 0.000154 0.000079 
3008896 SobolQRNG 1 307 24 0.842000 0.540000  0.000049 0.000045 0.000127 0.000280 0.000139 0.000073 
3008896 SobolQRNG 1 307 24 0.842000 0.539000  0.000019 0.000016 0.000043 0.000083 0.000045 0.000024 
3008960 SobolQRNG 1 307 25 0.842000 0.463000  0.000846 0.000229 0.000439 0.000909 0.000315 0.000132 
3008960 SobolQRNG 1 307 25 0.842000 0.540000  0.000018 0.000016 0.000044 0.000084 0.000046 0.000029 
3009024 SobolQRNG 1 307 25 0.842000 0.463000  0.000072 0.000026 0.000062 0.000136 0.000059 0.000029 
3009024 SobolQRNG 1 307 25 0.842000 0.617000  0.000055 0.000048 0.000131 0.000261 0.000143 0.000075 
3009088 SobolQRNG 1 307 24 0.842000 0.462000  0.000050 0.000045 0.000126 0.000242 0.000129 0.000070 
3009088 SobolQRNG 1 307 24 0.842000 0.540000  0.000056 0.000047 0.000131 0.000266 0.000138 0.000073 
3009152 SobolQRNG 1 307 24 0.842000 0.616000  0.000006 0.000036 0.000023 0.000074 0.000000 0.000004 
3009152 SobolQRNG 1 307 24 0.842000 0.539000  0.000010 0.000066 0.000034 0.000113 0.000000 0.000005 
3009216 SobolQRNG 1 307 24 0.842000 0.616000  0.000429 0.000183 0.000392 0.001063 0.000377 0.000161 
3009216 SobolQRNG 1 307 25 0.842000 0.539000  0.000018 0.000016 0.000044 0.000085 0.000047 0.000025 
3009280 SobolQRNG 1 307 25 0.842000 0.540000  0.000049 0.000044 0.000123 0.000240 0.000125 0.000068 
3009280 SobolQRNG 1 307 25 0.842000 0.539000  0.000060 0.000049 0.000137 0.000307 0.000156 0.000078 
3009344 SobolQRNG 1 307 25 0.842000 0.540000  0.000053 0.000044 0.000122 0.000239 0.000125 0.000067 
3009344 SobolQRNG 1 307 25 0.842000 0.462000  0.000064 0.000050 0.000138 0.000288 0.000152 0.000077 
3009344 SobolQRNG 1 307 25 0.842000 0.693000  0.000049 0.000047 0.000130 0.000264 0.000138 0.000072 
3009408 SobolQRNG 1 307 24 0.842000 0.540000  0.008703 0.002564 0.005471 0.008787 0.002994 0.001314 
3009408 SobolQRNG 1 307 24 0.842000 0.539000  0.000062 0.000056 0.000145 0.000329 0.000161 0.000079 
3009472 SobolQRNG 1 307 24 0.842000 0.462000  0.000064 0.000050 0.000133 0.000281 0.000147 0.000075 
3009472 SobolQRNG 1 307 24 0.842000 0.540000  0.000062 0.000090 0.000229 0.000558 0.000217 0.000104 
3009536 SobolQRNG 1 307 25 0.842000 0.462000  0.000061 0.000049 0.000130 0.000256 0.015449 0.006856 
3009536 SobolQRNG 1 307 25 0.842000 0.539000  0.000047 0.000043 0.000120 0.000778 0.000280 0.000128 
3009600 SobolQRNG 1 307 25 0.842000 0.463000  0.000068 0.000023 0.000061 0.000134 0.000058 0.000028 
3009600 SobolQRNG 1 307 24 0.842000 0.462000  0.000016 0.000015 0.000041 0.000078 0.000042 0.000023 
3009600 SobolQRNG 1 307 25 0.842000 0.540000  0.000123 0.000062 0.000156 0.000342 0.000169 0.000082 
3009664 SobolQRNG 1 307 25 0.842000 0.540000  0.000085 0.000072 0.000211 0.000459 0.000185 0.000099 
3009664 SobolQRNG 1 307 24 0.842000 0.463000  0.000102 0.000061 0.000154 0.000352 0.000163 0.000080 
3009728 SobolQRNG 1 307 24 0.842000 0.539000  0.005288 0.013969 0.005734 0.014006 0.000001 0.000365 
3009728 SobolQRNG 1 307 24 0.842000 0.463000  0.000112 0.000054 0.000142 0.000326 0.000158 0.000078 
3009792 SobolQRNG 1 307 24 0.842000 0.539000  0.000048 0.000044 0.000122 0.000235 0.000128 0.000068 
3009792 SobolQRNG 1 307 25 0.842000 0.539000  0.000047 0.000042 0.000118 0.000221 0.000121 0.000065 
3009856 SobolQRNG 1 307 25 0.842000 0.617000  0.000017 0.000016 0.000043 0.000084 0.000046 0.000024 
3009856 SobolQRNG 1 307 25 0.842000 0.386000  0.000074 0.000047 0.000124 0.000249 0.000128 0.000067 
3009920 SobolQRNG 1 307 24 0.842000 0.462000  0.000018 0.000016 0.000043 0.000085 0.000060 0.000030 
3009920 SobolQRNG 1 307 24 0.842000 0.462000  0.000045 0.000041 0.000116 0.000220 0.000119 0.000064 
3009984 SobolQRNG 1 307 24 0.842000 0.462000  0.000049 0.000044 0.000120 0.000227 0.000126 0.000067 
3009984 SobolQRNG 1 307 24 0.842000 0.462000  0.000046 0.000041 0.000115 0.000216 0.000119 0.000064 
3009984 SobolQRNG 1 307 24 0.842000 0.463000  0.000017 0.000016 0.000043 0.000081 0.000045 0.000024 
3010048 SobolQRNG 1 307 24 0.842000 0.462000  0.000044 0.000041 0.000114 0.000217 0.000116 0.000063 
3010048 SobolQRNG 1 307 24 0.842000 0.617000  0.000057 0.000046 0.000125 0.000269 0.000139 0.000071 
3010112 SobolQRNG 1 307 24 0.842000 0.386000  0.000045 0.000041 0.000114 0.000219 0.000116 0.000063 
3010112 SobolQRNG 1 307 25 0.842000 0.539000  0.000047 0.000043 0.000152 0.000309 0.000153 0.000087 
3010176 SobolQRNG 1 307 24 0.842000 0.539000  0.007921 0.024308 0.008983 0.024370 0.000001 0.000564 
3010176 SobolQRNG 1 307 24 0.842000 0.462000  0.000058 0.000046 0.000138 0.000332 0.000164 0.000078 
3010240 SobolQRNG 1 307 24 0.842000 0.539000  0.000045 0.000040 0.000113 0.000218 0.000115 0.000062 
3010240 SobolQRNG 1 307 24 0.842000 0.462000  0.000021 0.000017 0.000045 0.000097 0.000051 0.000026 
3010304 SobolQRNG 1 307 24 0.842000 0.462000  0.000044 0.000040 0.000112 0.000211 0.000114 0.000062 
3010304 SobolQRNG 1 307 24 0.842000 0.462000  0.000054 0.000044 0.000122 0.000289 0.000143 0.000072 
3010368 SobolQRNG 1 307 24 0.842000 0.385000  0.000044 0.000040 0.000112 0.000209 0.000114 0.000062 
3010368 SobolQRNG 1 307 24 0.842000 0.462000  0.000016 0.000015 0.000040 0.000081 0.000041 0.000022 
3010368 SobolQRNG 1 307 24 0.842000 0.462000  0.000108 0.000054 0.000137 0.000310 0.000150 0.000074 
3010432 SobolQRNG 1 307 24 0.842000 0.539000  0.000046 0.000041 0.000115 0.000219 0.000120 0.000064 
3010432 SobolQRNG 1 307 24 0.842000 0.385000  0.000043 0.000039 0.000110 0.000207 0.000113 0.000061 
3010496 SobolQRNG 1 307 24 0.842000 0.540000  0.000016 0.000014 0.000040 0.000077 0.000041 0.000025 
3010496 SobolQRNG 1 307 24 0.842000 0.616000  0.000056 0.000046 0.000122 0.000263 0.000136 0.000069 
3010560 SobolQRNG 1 307 24 0.842000 0.463000  0.000043 0.000039 0.000109 0.929059 0.493836 0.141709 
3010560 SobolQRNG 1 307 24 0.842000 0.616000  0.000055 0.000043 0.000120 0.000253 0.000134 0.000070 
3010624 SobolQRNG 1 307 25 0.842000 0.539000  0.000085 0.000104 0.000414 0.000969 0.000337 0.000158 
3010624 SobolQRNG 1 307 25 0.842000 0.462000  0.000042 0.000038 0.000108 0.000205 0.000110 0.000060 
3010688 SobolQRNG 1 307 24 0.842000 0.540000  0.000050 0.000043 0.000117 0.000242 0.000128 0.000066 
3010688 SobolQRNG 1 307 24 0.842000 0.539000  0.000042 0.000049 0.000126 0.000265 0.000124 0.000065 
3010688 SobolQRNG 1 307 24 0.842000 0.462000  0.000044 0.000040 0.000115 0.000233 0.000126 0.000066 
3010752 SobolQRNG 1 307 24 0.842000 0.463000  0.000042 0.000038 0.000107 0.000202 0.000108 0.000059 
3010752 SobolQRNG 1 307 24 0.842000 0.539000  0.000006 0.000036 0.000024 0.000080 0.000000 0.000004 
3010816 SobolQRNG 1 307 24 0.842000 0.385000  0.000006 0.000033 0.000022 0.000069 0.000000 0.000004 
3010816 SobolQRNG 1 307 24 0.842000 0.539000  0.000006 0.000043 0.000026 0.000087 0.000000 0.000004 
3010880 SobolQRNG 1 307 25 0.842000 0.462000  0.000055 0.000044 0.000120 0.000252 0.000133 0.000066 
3010880 SobolQRNG 1 307 24 0.842000 0.616000  0.000158 0.000580 0.000210 0.000616 0.000000 0.000018 
3010880 SobolQRNG 1 307 24 0.842000 0.462000  0.000054 0.000044 0.000120 0.000255 0.000138 0.000068 
3010944 SobolQRNG 1 307 24 0.842000 0.540000  0.000045 0.000040 0.000111 0.000224 0.000122 0.000064 
3010944 SobolQRNG 1 307 24 0.842000 0.462000  0.000048 0.000041 0.000116 0.000238 0.000126 0.000065 
3011008 SobolQRNG 1 307 24 0.842000 0.539000  0.000044 0.000040 0.000109 0.000213 0.000115 0.000061 
3011008 SobolQRNG 1 307 24 0.842000 0.463000  0.000043 0.000170 0.000398 0.000474 0.000236 0.000128 
3011072 SobolQRNG 1 307 25 0.842000 0.462000  0.000044 0.000038 0.000173 0.943714 0.496623 0.141084 
3011072 SobolQRNG 1 307 24 0.842000 0.617000  0.000052 0.000047 0.000132 0.000280 0.000145 0.000075 
3011136 SobolQRNG 1 307 24 0.842000 0.540000  0.000041 0.000037 0.000103 0.000195 0.000107 0.000057 
3011136 SobolQRNG 1 307 24 0.842000 0.540000  0.000053 0.000042 0.000113 0.000246 0.000125 0.000066 
3011200 SobolQRNG 1 307 25 0.842000 0.385000  0.000041 0.000037 0.000103 0.000196 0.000106 0.000057 
3011200 SobolQRNG 1 307 25 0.842000 0.540000  0.000044 0.000039 0.000107 0.000213 0.000114 0.000060 
3011200 SobolQRNG 1 307 25 0.842000 0.385000  0.000041 0.000037 0.000104 0.000234 0.000114 0.000069 
3011264 SobolQRNG 1 307 24 0.842000 0.462000  0.000051 0.000042 0.000113 0.000267 0.000124 0.000064 
3011264 SobolQRNG 1 307 24 0.842000 0.540000  0.000221 0.000075 0.000174 0.000383 0.000157 0.000079 
3011328 SobolQRNG 1 307 24 0.842000 0.462000  0.000048 0.069662 0.031807 0.069770 0.000000 0.000175 
3011328 SobolQRNG 1 307 24 0.842000 0.463000  0.000235 0.001356 0.000900 0.002821 0.000000 0.000160 
3011392 SobolQRNG 1 307 24 0.842000 0.463000  0.000049 0.000042 0.000114 0.000235 0.000123 0.000063 
3011392 SobolQRNG 1 307 24 0.842000 0.539000  0.006777 0.026166 0.009122 0.027634 0.000002 0.000728 
3011456 SobolQRNG 1 307 24 0.842000 0.462000  0.000251 0.001589 0.001019 0.003260 0.000000 0.000171 
3011456 SobolQRNG 1 307 24 0.842000 0.539000  0.000040 0.000036 0.000101 0.000193 0.000103 0.000056 
3011456 SobolQRNG 1 307 24 0.842000 0.463000  0.000050 0.000040 0.000110 0.000232 0.000123 0.000063 
3011520 SobolQRNG 1 307 24 0.842000 0.540000  0.000045 0.000039 0.000105 0.000206 0.000149 0.000075 
3011520 SobolQRNG 1 307 24 0.842000 0.463000  0.000040 0.000036 0.000100 0.000192 0.000103 0.000055 
3011584 SobolQRNG 1 307 24 0.842000 0.540000  0.000016 0.000021 0.000055 0.000160 0.000066 0.000034 
3011584 SobolQRNG 1 307 24 0.842000 0.385000  0.000039 0.000035 0.000099 0.000186 0.000101 0.000055 
3011648 SobolQRNG 1 307 25 0.842000 0.463000  0.000020 0.000015 0.000042 0.000090 0.000047 0.000024 
3011648 SobolQRNG 1 307 24 0.842000 0.386000  0.000040 0.000057 0.000163 0.000408 0.000178 0.000089 
3011712 SobolQRNG 1 307 24 0.842000 0.462000  0.000047 0.000038 0.000106 0.000225 0.000118 0.000061 
3011712 SobolQRNG 1 307 25 0.842000 0.539000  0.000039 0.000051 0.000150 0.000363 0.000146 0.000088 
3011776 SobolQRNG 1 307 24 0.842000 0.462000  0.000040 0.000037 0.000124 0.000314 0.000144 0.000218 
3011776 SobolQRNG 1 307 25 0.842000 0.617000  0.000043 0.000037 0.000134 0.000304 0.000134 0.000067 
3011840 SobolQRNG 1 307 25 0.842000 0.462000  0.000039 0.000035 0.000098 0.000184 0.000100 0.000054 
3011840 SobolQRNG 1 307 24 0.842000 0.539000  0.000043 0.000037 0.000102 0.000205 0.000106 0.000057 
3011904 SobolQRNG 1 307 24 0.842000 0.462000  0.004289 0.000907 0.001846 0.004347 0.001242 0.000491 
3011904 SobolQRNG 1 307 24 0.842000 0.462000  0.000018 0.000021 0.000052 0.000126 0.000059 0.000033 
3011904 SobolQRNG 1 307 24 0.842000 0.539000  0.000038 0.000035 0.000098 0.000188 0.000100 0.000054 
3011968 SobolQRNG 1 307 24 0.842000 0.540000  0.000041 0.000037 0.000131 0.000267 0.000151 0.000074 
3011968 SobolQRNG 1 307 24 0.842000 0.385000  0.002741 0.001081 0.002299 0.002802 0.001182 0.000542 
3012032 SobolQRNG 1 307 24 0.842000 0.462000  0.000048 0.000039 0.000106 0.000225 0.000117 0.000060 
3012032 SobolQRNG 1 307 25 0.842000 0.385000  0.000038 0.000034 0.000097 0.000182 0.000098 0.000054 
3012096 SobolQRNG 1 307 24 0.842000 0.539000  0.000039 0.000036 0.000103 0.000209 0.000113 0.000059 
3012096 SobolQRNG 1 307 24 0.842000 0.463000  0.000039 0.000042 0.000109 0.000239 0.000111 0.000057 
3012160 SobolQRNG 1 307 24 0.842000 0.617000  0.000046 0.000037 0.000102 0.000211 0.000106 0.000056 
3012160 SobolQRNG 1 307 24 0.842000 0.539000  0.000038 0.000034 0.000096 0.000181 0.000098 0.000053 
3012160 SobolQRNG 1 307 24 0.842000 0.539000  0.000044 0.000036 0.000101 0.000206 0.000107 0.000056 
3012224 SobolQRNG 1 307 24 0.842000 0.463000  0.000049 0.000038 0.000105 0.000217 0.000122 0.000061 
3012224 SobolQRNG 1 307 24 0.842000 0.616000  0.000041 0.000034 0.000095 0.000196 0.000102 0.000054 
3012288 SobolQRNG 1 307 24 0.842000 0.540000  0.000045 0.000037 0.000115 0.000260 0.000122 0.000059 
3012288 SobolQRNG 1 307 24 0.842000 0.540000  0.000042 0.000036 0.000099 0.000194 0.000104 0.000055 
3012352 SobolQRNG 1 307 24 0.842000 0.462000  0.000189 0.000160 0.000360 0.000600 0.000250 0.000124 
3012352 SobolQRNG 1 307 24 0.842000 0.616000  0.000159 0.000056 0.000131 0.000321 0.000133 0.000065 
3012416 SobolQRNG 1 307 24 0.842000 0.539000  0.000038 0.000034 0.000094 0.000181 0.000096 0.000052 
3012416 SobolQRNG 1 307 24 0.842000 0.539000  0.000039 0.000035 0.000098 0.000188 0.000103 0.000054 
3012416 SobolQRNG 1 307 24 0.842000 0.385000  0.000037 0.000034 0.000094 0.000177 0.000096 0.000052 
3012480 SobolQRNG 1 307 24 0.842000 0.617000  0.000038 0.000033 0.000093 0.000181 0.000096 0.000052 
3012480 SobolQRNG 1 307 24 0.842000 0.616000  0.000039 0.000035 0.000097 0.000182 0.000102 0.000054 
3012544 SobolQRNG 1 307 24 0.842000 0.539000  0.000038 0.000034 0.000097 0.000198 0.000104 0.000054 
3012544 SobolQRNG 1 307 24 0.842000 0.462000  0.000036 0.000033 0.000102 0.000208 0.000103 0.000055 
3012608 SobolQRNG 1 307 24 0.842000 0.617000  0.000017 0.000014 0.000038 0.000079 0.000041 0.000022 
3012608 SobolQRNG 1 307 25 0.842000 0.617000  0.000040 0.000033 0.000092 0.000184 0.000097 0.000051 
3012672 SobolQRNG 1 307 24 0.842000 0.617000  0.000040 0.000042 0.000109 0.000239 0.000640 0.000190 
3012672 SobolQRNG 1 307 25 0.842000 0.693000  0.000063 0.000054 0.000146 0.000356 0.000157 0.000075 
3012736 SobolQRNG 1 307 25 0.842000 0.694000  0.000038 0.000034 0.000094 0.000180 0.000100 0.000053 
3012736 SobolQRNG 1 307 24 0.842000 0.616000  0.000092 0.000059 0.000161 0.000394 0.000165 0.000082 
3012800 SobolQRNG 1 307 24 0.842000 0.616000  0.000038 0.000034 0.000094 0.000211 0.000104 0.000054 
3012800 SobolQRNG 1 307 24 0.842000 0.771000  0.000159 0.000068 0.000199 0.000812 0.000340 0.000139 
3012864 SobolQRNG 1 307 24 0.842000 0.694000  9.964223 3.257121 6.801563 9.998224 3.491873 1.358736 
3012864 SobolQRNG 1 307 25 0.842000 0.694000  0.004749 0.004270 0.013338 0.027138 0.013336 0.007185 
3012928 SobolQRNG 1 307 25 0.842000 0.617000  0.004169 0.003397 0.010232 0.023427 0.010771 0.005479 
3012928 SobolQRNG 1 307 25 0.842000 0.616000  0.002442 0.002144 0.005927 0.011599 0.006211 0.003301 
3012992 SobolQRNG 1 307 25 0.842000 0.616000  0.001971 0.001789 0.004997 0.009484 0.005149 0.002868 
3012992 SobolQRNG 1 307 25 0.842000 0.616000  0.001643 0.001482 0.004163 0.008657 0.004390 0.002336 
3013056 SobolQRNG 1 307 25 0.842000 0.770000  0.001548 0.001312 0.004012 0.008937 0.004112 0.002126 
3013056 SobolQRNG 1 307 24 0.842000 0.771000  0.001655 0.001308 0.004079 0.009456 0.004348 0.002121 
3013120 SobolQRNG 1 307 24 0.842000 0.616000  0.001248 0.001198 0.003267 0.006603 0.006741 0.006622 
3013120 SobolQRNG 1 307 24 0.842000 0.616000  0.001141 0.001033 0.002840 0.005451 0.003016 0.001590 
3013184 SobolQRNG 1 307 24 0.842000 0.694000  0.002124 0.001108 0.002831 0.005991 0.002848 0.001482 
3013184 SobolQRNG 1 307 24 0.842000 0.770000  0.000988 0.000879 0.002397 0.004710 0.002557 0.001343 
3013184 SobolQRNG 1 307 24 0.842000 0.770000  0.357889 0.763600 0.297776 0.763935 0.000032 0.011038 
3013248 SobolQRNG 1 307 24 0.842000 0.771000  0.000053 0.000316 0.000202 0.000649 0.000000 0.000036 
3013248 SobolQRNG 1 307 24 0.842000 0.694000  0.000062 0.002585 0.001039 0.002989 0.000000 0.000082 
3013312 SobolQRNG 1 307 25 0.842000 0.771000  0.000052 0.000298 0.000194 0.000607 0.000000 0.000057 
3013312 SobolQRNG 1 307 24 0.842000 0.771000  0.000037 0.000032 0.000090 0.000189 0.000093 0.000052 
3013376 SobolQRNG 1 307 24 0.842000 0.617000  0.000038 0.000035 0.000096 0.000197 0.000104 0.000054 
3013376 SobolQRNG 1 307 24 0.842000 0.770000  0.008052 0.002216 0.008575 0.021850 0.007019 0.003022 
3013440 SobolQRNG 1 307 25 0.842000 0.616000  0.001338 0.000968 0.002419 0.005527 0.002520 0.001242 
3013440 SobolQRNG 1 307 24 0.842000 0.539000  0.004973 0.002239 0.005088 0.011413 0.004168 0.002135 
3013504 SobolQRNG 1 307 24 0.842000 0.693000  0.000742 0.000679 0.001857 0.003837 0.002105 0.001096 
3013504 SobolQRNG 1 307 24 0.842000 0.693000  0.003176 0.001285 0.004892 0.009547 0.003572 0.001704 
3013568 SobolQRNG 1 307 24 0.842000 0.694000  0.000676 0.000889 0.002137 0.004593 0.002506 0.001222 
3013568 SobolQRNG 1 307 25 0.842000 0.694000  0.000035 0.000032 0.000088 0.000175 0.000089 0.000060 
3013632 SobolQRNG 1 307 25 0.842000 0.770000  0.000043 0.000035 0.000094 0.000192 0.000103 0.000053 
3013632 SobolQRNG 1 307 25 0.842000 0.694000  0.000035 0.000031 0.000085 0.000163 0.000087 0.000047 
3013696 SobolQRNG 1 307 25 0.842000 0.693000  0.000321 0.000090 0.000183 0.000502 0.000166 0.000076 
3013696 SobolQRNG 1 307 25 0.842000 0.616000  0.000043 0.000038 0.000097 0.000202 0.000098 0.000050 
3013760 SobolQRNG 1 307 25 0.842000 0.771000  0.000038 0.000036 0.000095 0.000281 0.000137 0.000070 
3013760 SobolQRNG 1 307 25 0.842000 0.694000  0.000041 0.000032 0.000089 0.000175 0.000093 0.000049 
3013824 SobolQRNG 1 307 25 0.842000 0.693000  0.000034 0.000038 0.000098 0.000215 0.000100 0.000052 
3013824 SobolQRNG 1 307 25 0.842000 0.771000  0.000036 0.000032 0.000088 0.000184 0.000092 0.000049 
3013888 SobolQRNG 1 307 24 0.842000 0.616000  0.000381 0.000299 0.000840 0.001812 0.000866 0.000466 
3013888 SobolQRNG 1 307 24 0.842000 0.694000  0.000033 0.000030 0.000083 0.000158 0.000084 0.000046 
3013952 SobolQRNG 1 307 24 0.842000 0.693000  0.000273 0.000170 0.033799 0.094890 0.000001 0.001419 
3013952 SobolQRNG 1 307 24 0.842000 0.693000  0.000043 0.000260 0.000168 0.000549 0.000000 0.000028 
3013952 SobolQRNG 1 307 24 0.842000 0.771000  0.000037 0.000214 0.000139 0.000445 0.000000 0.000025 
3014016 SobolQRNG 1 307 25 0.842000 0.693000  0.000038 0.000033 0.000089 0.000183 0.000099 0.000050 
3014016 SobolQRNG 1 307 25 0.842000 0.694000  0.000033 0.000029 0.000081 0.000158 0.000084 0.000045 
3014080 SobolQRNG 1 307 24 0.842000 0.770000  0.000034 0.000081 0.000196 0.000398 0.000159 0.000074 
3014080 SobolQRNG 1 307 24 0.842000 0.692000  0.000040 0.000033 0.000095 0.000233 0.000109 0.000053 
3014144 SobolQRNG 1 307 24 0.842000 0.616000  0.000033 0.000029 0.000081 0.000157 0.000083 0.000047 
3014144 SobolQRNG 1 307 25 0.842000 0.693000  0.000032 0.000029 0.000081 0.000155 0.000084 0.000045 
3014144 SobolQRNG 1 307 25 0.842000 0.617000  0.000033 0.000029 0.000081 0.000154 0.000083 0.000045 
3014208 SobolQRNG 1 307 24 0.842000 0.693000  0.000079 0.000033 0.000142 0.000503 0.000170 0.000077 
3014208 SobolQRNG 1 307 24 0.842000 0.693000  0.000009 0.000008 0.000022 0.000043 0.000027 0.000013 
3014272 SobolQRNG 1 307 24 0.842000 0.617000  0.000032 0.000033 0.000087 0.000175 0.000088 0.000046 
3014272 SobolQRNG 1 307 24 0.842000 0.770000  0.000156 0.000053 0.000158 0.000296 0.000127 0.000064 
3014336 SobolQRNG 1 307 24 0.842000 0.694000  0.000062 0.000035 0.000096 0.000217 0.000103 0.000052 
3014336 SobolQRNG 1 307 24 0.842000 0.694000  0.000034 0.000028 0.000079 0.000157 0.000080 0.000046 
3014400 SobolQRNG 1 307 24 0.842000 0.694000  0.000032 0.000028 0.000079 0.000153 0.000082 0.000044 
3014400 SobolQRNG 1 307 24 0.842000 0.693000  0.000032 0.000028 0.000079 0.000157 0.000081 0.000044 
3014400 SobolQRNG 1 307 24 0.842000 0.694000  0.000032 0.000028 0.000079 0.000154 0.000081 0.000044 
3014464 SobolQRNG 1 307 24 0.842000 0.694000  0.000033 0.000033 0.000087 0.000214 0.000099 0.000049 
3014464 SobolQRNG 1 307 24 0.842000 0.770000  0.000032 0.000028 0.000217 0.000598 0.000202 0.000126 
3014528 SobolQRNG 1 307 24 0.842000 0.693000  0.000032 0.000028 0.000078 0.000151 0.000079 0.000043 
3014528 SobolQRNG 1 307 24 0.842000 0.770000  0.000031 0.000028 0.000079 0.000156 0.000084 0.000045 
3014592 SobolQRNG 1 307 24 0.842000 0.694000  0.000039 0.000031 0.000086 0.000179 0.000095 0.000048 
3014592 SobolQRNG 1 307 24 0.842000 0.693000  0.000030 0.000027 0.000077 0.000175 0.000082 0.000044 
3014656 SobolQRNG 1 307 24 0.842000 0.694000  0.000030 0.000027 0.000077 0.000150 0.000078 0.000043 
3014656 SobolQRNG 1 307 24 0.842000 0.617000  0.000030 0.000027 0.000077 0.000148 0.000078 0.000042 
3014720 SobolQRNG 1 307 24 0.842000 0.771000  0.000033 0.000029 0.000080 0.000158 0.000083 0.000044 
3014720 SobolQRNG 1 307 25 0.842000 0.693000  0.000037 0.000030 0.000084 0.000173 0.000092 0.000048 
3014720 SobolQRNG 1 307 25 0.842000 0.772000  0.000030 0.000029 0.000079 0.000154 0.000081 0.000043 
3014784 SobolQRNG 1 307 24 0.842000 0.693000  0.000037 0.000029 0.000080 0.000157 0.000084 0.000045 
3014784 SobolQRNG 1 307 24 0.842000 0.771000  0.000030 0.000029 0.000084 0.000175 0.000086 0.000045 
3014848 SobolQRNG 1 307 24 0.842000 0.770000  0.000037 0.000030 0.000081 0.000160 0.000085 0.000045 
3014848 SobolQRNG 1 307 24 0.842000 0.694000  0.000030 0.000027 0.000076 0.000144 0.000076 0.000042 
3014848 SobolQRNG 1 307 24 0.842000 0.693000  0.000029 0.000027 0.000076 0.000146 0.000076 0.000042 
3014912 SobolQRNG 1 307 24 0.842000 0.616000  0.000030 0.000027 0.000075 0.000143 0.000077 0.000042 
3014912 SobolQRNG 1 307 24 0.842000 0.616000  0.000030 0.000028 0.000078 0.000157 0.000081 0.000043 
3014976 SobolQRNG 1 307 24 0.842000 0.693000  0.000033 0.000028 0.000078 0.000163 0.000084 0.000045 
3014976 SobolQRNG 1 307 24 0.842000 0.770000  0.000038 0.000030 0.000103 0.000245 0.000105 0.000052 
3015040 SobolQRNG 1 307 24 0.842000 0.770000  0.000032 0.000030 0.000081 0.000166 0.000084 0.000044 
3015040 SobolQRNG 1 307 24 0.842000 0.617000  0.000030 0.000027 0.000075 0.000144 0.000077 0.000041 
3015040 SobolQRNG 1 307 25 0.842000 0.771000  0.000036 0.000029 0.000082 0.000169 0.000088 0.000046 
3015104 SobolQRNG 1 307 25 0.842000 0.694000  0.000029 0.000028 0.000078 0.000181 0.000084 0.000043 
3015104 SobolQRNG 1 307 25 0.842000 0.770000  0.000030 0.000026 0.000076 0.000149 0.000080 0.000042 
3015168 SobolQRNG 1 307 24 0.842000 0.694000  0.000036 0.000030 0.000082 0.000166 0.000089 0.000045 
3015168 SobolQRNG 1 307 25 0.842000 0.770000  0.000030 0.000027 0.000077 0.000153 0.000078 0.000042 
3015232 SobolQRNG 1 307 25 0.842000 0.694000  0.000032 0.000038 0.000114 0.000281 0.000147 0.000065 
3015232 SobolQRNG 1 307 25 0.842000 0.770000  0.000099 0.000059 0.000131 0.000354 0.000127 0.000059 
3015232 SobolQRNG 1 307 24 0.842000 0.694000  0.000038 0.000030 0.000081 0.000171 0.000086 0.000044 
3015296 SobolQRNG 1 307 24 0.842000 0.616000  0.000029 0.000026 0.000074 0.000294 0.000158 0.000078 
3015296 SobolQRNG 1 307 24 0.842000 0.694000  0.000031 0.000033 0.000084 0.000182 0.000087 0.000045 
3015360 SobolQRNG 1 307 24 0.842000 0.694000  0.000044 0.000029 0.000080 0.000169 0.000081 0.000042 
3015360 SobolQRNG 1 307 24 0.842000 0.693000  0.000033 0.000029 0.000079 0.000160 0.000086 0.000044 
3015424 SobolQRNG 1 307 24 0.842000 0.617000  0.000029 0.000026 0.000072 0.000214 0.000094 0.000046 
3015424 SobolQRNG 1 307 24 0.842000 0.694000  0.000034 0.000029 0.000088 0.000193 0.000095 0.000047 
3015488 SobolQRNG 1 307 24 0.842000 0.616000  0.000029 0.000026 0.000072 0.000138 0.000073 0.000040 
3015488 SobolQRNG 1 307 24 0.842000 0.694000  0.000029 0.000026 0.000072 0.000137 0.000073 0.000040 
3015552 SobolQRNG 1 307 25 0.842000 0.540000  0.000029 0.000026 0.000072 0.000140 0.000074 0.000040 
3015552 SobolQRNG 1 307 25 0.842000 0.616000  0.000029 0.000026 0.000075 0.000156 0.000080 0.000042 
3015552 SobolQRNG 1 307 24 0.842000 0.617000  0.000029 0.000027 0.000074 0.000141 0.000078 0.000041 
3015616 SobolQRNG 1 307 24 0.842000 0.693000  0.000029 0.000025 0.000073 0.000145 0.000076 0.000041 
3015616 SobolQRNG 1 307 25 0.842000 0.617000  0.000030 0.000027 0.000074 0.000143 0.000077 0.000042 
3015680 SobolQRNG 1 307 25 0.842000 0.539000  0.000032 0.000027 0.000075 0.000152 0.000078 0.000042 
3015680 SobolQRNG 1 307 24 0.842000 0.616000  0.000029 0.000039 0.000095 0.000189 0.000108 0.000054 
3015744 SobolQRNG 1 307 24 0.842000 0.463000  0.000033 0.000026 0.000072 0.000147 0.000074 0.000040 
3015744 SobolQRNG 1 307 24 0.842000 0.694000  0.000034 0.000030 0.000079 0.000166 0.000083 0.000044 
3015808 SobolQRNG 1 307 24 0.842000 0.540000  0.000027 0.000025 0.000070 0.000133 0.000071 0.000039 
3015808 SobolQRNG 1 307 24 0.842000 0.616000  0.000029 0.000027 0.000073 0.000147 0.000080 0.000042 
3015872 SobolQRNG 1 307 24 0.842000 0.539000  0.000028 0.000025 0.000070 0.000138 0.000071 0.000039 
3015872 SobolQRNG 1 307 25 0.842000 0.617000  0.000028 0.000025 0.000070 0.000134 0.000071 0.000039 
3015872 SobolQRNG 1 307 24 0.842000 0.617000  0.000029 0.000027 0.000073 0.000141 0.000099 0.000049 
3015936 SobolQRNG 1 307 24 0.842000 0.617000  0.009228 0.004292 0.009540 0.009690 0.004539 0.002271 
3015936 SobolQRNG 1 307 24 0.842000 0.617000  0.000037 0.000028 0.000074 0.000151 0.000080 0.000041 
3016000 SobolQRNG 1 307 24 0.842000 0.617000  0.000032 0.000026 0.000074 0.000150 0.000077 0.000040 
3016000 SobolQRNG 1 307 24 0.842000 0.617000  0.000037 0.000028 0.000077 0.000163 0.000085 0.000044 
3016064 SobolQRNG 1 307 25 0.842000 0.617000  0.000027 0.000026 0.000074 0.000147 0.000075 0.000040 
3016064 SobolQRNG 1 307 25 0.842000 0.617000  0.000049 0.000031 0.000080 0.000166 0.000083 0.000043 
3016128 SobolQRNG 1 307 25 0.842000 0.539000  0.000028 0.000025 0.000069 0.000132 0.000072 0.000038 
3016128 SobolQRNG 1 307 24 0.842000 0.617000  0.000029 0.000026 0.000072 0.000138 0.000076 0.000040 
3016128 SobolQRNG 1 307 24 0.842000 0.616000  0.000028 0.000025 0.000069 0.000132 0.000071 0.000038 
3016192 SobolQRNG 1 307 24 0.842000 0.617000  0.000027 0.000025 0.000069 0.000131 0.000070 0.000039 
3016192 SobolQRNG 1 307 25 0.842000 0.616000  0.000037 0.000028 0.000074 0.000189 0.000083 0.000043 
3016256 SobolQRNG 1 307 24 0.842000 0.539000  0.000027 0.000025 0.000069 0.000131 0.000071 0.000038 
3016256 SobolQRNG 1 307 25 0.842000 0.616000  0.000028 0.000025 0.000072 0.000149 0.000076 0.000040 
3016320 SobolQRNG 1 307 25 0.842000 0.694000  0.000029 0.000026 0.000073 0.000153 0.000080 0.000042 
3016320 SobolQRNG 1 307 24 0.842000 0.693000  0.000027 0.000024 0.000068 0.000132 0.000070 0.000038 
3016384 SobolQRNG 1 307 24 0.842000 0.693000  0.000029 0.000038 0.000092 0.000195 0.000109 0.000053 
3016384 SobolQRNG 1 307 24 0.842000 0.540000  0.000075 0.000066 0.000183 0.000412 0.000231 0.000122 
3016384 SobolQRNG 1 307 24 0.842000 0.617000  0.000077 0.000069 0.000190 0.000391 0.000206 0.000109 
3016448 SobolQRNG 1 307 24 0.842000 0.540000  0.000073 0.000065 0.000181 0.000354 0.000187 0.000105 
3016512 SobolQRNG 1 307 24 0.842000 0.693000  0.000028 0.000024 0.000068 0.000131 0.000070 0.000038 
3016512 SobolQRNG 1 307 25 0.842000 0.694000  0.000028 0.000024 0.000067 0.000130 0.000070 0.000037 
3016576 SobolQRNG 1 307 25 0.842000 0.693000  0.000028 0.000040 0.000095 0.000232 0.000108 0.000059 
3016576 SobolQRNG 1 307 25 0.842000 0.694000  0.000027 0.000024 0.000067 0.000128 0.000069 0.000037 
3016576 SobolQRNG 1 307 24 0.842000 0.693000  0.000032 0.000027 0.000074 0.000153 0.000080 0.000041 
3016640 SobolQRNG 1 307 25 0.842000 0.694000  0.000031 0.000029 0.000075 0.000160 0.000077 0.000040 
3016640 SobolQRNG 1 307 25 0.842000 0.694000  0.000028 0.000050 0.000115 0.000246 0.000109 0.000052 
3016704 SobolQRNG 1 307 25 0.842000 0.694000  0.000035 0.000025 0.000069 0.000141 0.000071 0.000039 
3016704 SobolQRNG 1 307 24 0.842000 0.694000  0.000029 0.000025 0.000069 0.000135 0.000072 0.000039 
3016768 SobolQRNG 1 307 24 0.842000 0.617000  0.000032 0.000024 0.000069 0.000147 0.000073 0.000039 
3016768 SobolQRNG 1 307 24 0.842000 0.771000  0.000032 0.000028 0.000075 0.000162 0.000078 0.000040 
3016768 SobolQRNG 1 307 24 0.842000 0.616000  0.000026 0.000024 0.000066 0.000128 0.000068 0.000037 
3016832 SobolQRNG 1 307 24 0.842000 0.617000  0.000035 0.000037 0.000090 0.000227 0.000104 0.000051 
3016832 SobolQRNG 1 307 24 0.842000 0.617000  0.000019 0.000315 0.000124 0.000443 0.000000 0.000014 
3016896 SobolQRNG 1 307 25 0.842000 0.771000  0.000016 0.000100 0.000061 0.000202 0.000000 0.000011 
3016896 SobolQRNG 1 307 25 0.842000 0.693000  0.000037 0.000318 0.000190 0.000927 0.000000 0.000021 
3016960 SobolQRNG 1 307 24 0.842000 0.772000  0.000016 0.000118 0.000066 0.000225 0.000000 0.000011 
3016960 SobolQRNG 1 307 25 0.842000 0.770000  0.000119 0.000798 0.000258 0.000953 0.000000 0.000020 
3017024 SobolQRNG 1 307 25 0.842000 0.694000  0.000018 0.000156 0.000082 0.000276 0.000000 0.000013 
3017024 SobolQRNG 1 307 25 0.842000 0.694000  0.000016 0.000287 0.000120 0.000453 0.000000 0.000015 
3017024 SobolQRNG 1 307 25 0.842000 0.694000  0.000032 0.000026 0.000070 0.000146 0.000077 0.000039 
3017088 SobolQRNG 1 307 24 0.842000 0.694000  0.000026 0.000025 0.000067 0.000137 0.000069 0.000036 
3017088 SobolQRNG 1 307 24 0.842000 0.694000  0.000031 0.000025 0.000067 0.000132 0.000071 0.000037 
3017152 SobolQRNG 1 307 25 0.842000 0.693000  0.000031 0.000025 0.000069 0.000139 0.000070 0.000037 
3017152 SobolQRNG 1 307 24 0.842000 0.693000  0.000026 0.000023 0.000066 0.000137 0.000067 0.000036 
3017216 SobolQRNG 1 307 24 0.842000 0.617000  0.000032 0.000026 0.000070 0.000144 0.000074 0.000039 
3017216 SobolQRNG 1 307 24 0.842000 0.617000  0.000029 0.000024 0.000067 0.000134 0.000069 0.000037 
3017280 SobolQRNG 1 307 25 0.842000 0.693000  0.000032 0.000040 0.000092 0.000229 0.000099 0.000046 
3017280 SobolQRNG 1 307 25 0.842000 0.617000  0.000025 0.000023 0.000063 0.000122 0.000065 0.000035 
3017280 SobolQRNG 1 307 24 0.842000 0.694000  0.000026 0.000024 0.000066 0.000141 0.000069 0.000037 
3017344 SobolQRNG 1 307 24 0.842000 0.617000  0.000062 0.000051 0.000155 0.000345 0.000240 0.000104 
3017344 SobolQRNG 1 307 25 0.842000 0.770000  0.000030 0.000022 0.000063 0.000131 0.000064 0.000035 
3017408 SobolQRNG 1 307 25 0.842000 0.694000  0.000029 0.000026 0.000069 0.000152 0.000072 0.000037 
3017408 SobolQRNG 1 307 24 0.842000 0.693000  0.000025 0.000022 0.000063 0.000121 0.000064 0.000035 
