#Timestamp	Benchmark	Run(#)	CPU Frequency (MHz)	CPU Temperature(C)	CPU Voltage(V)	CPU Power(W)	CPU_CYCLES	L1_DATA_CACHE_ACCESS	INSTRUCTIONS_RETIRED	BUS_CYCLES	L1I_CACHE_ACCESS	PREDICTABLE_BRANCH_SPECULATIVELY_EXECUTED
1940032 transpose 1 204 24 0.842000 0.308000  0.000007 0.000007 0.000019 0.000041 0.000025 0.000012 
1940032 transpose 1 204 24 0.842000 0.462000  0.000034 0.000028 0.000077 0.000164 0.000084 0.000043 
1940096 transpose 1 204 23 0.842000 0.462000  0.000159 0.000056 0.000131 0.000334 0.000131 0.000060 
1940096 transpose 1 204 23 0.842000 0.539000  0.000039 0.000028 0.000077 0.000157 0.000079 0.000042 
2794048 transpose 1 204 24 0.842000 0.385000  0.000026 0.000023 0.000064 0.000124 0.000066 0.000035 
2794112 transpose 1 204 24 0.842000 0.462000  0.000033 0.000024 0.000069 0.000139 0.000071 0.000037 
2794112 transpose 1 204 24 0.842000 0.462000  0.000031 0.000025 0.000069 0.000153 0.000078 0.000053 
2794176 transpose 1 204 24 0.842000 0.385000  0.000044 0.000031 0.000083 0.000175 0.000079 0.000041 
2794176 transpose 1 204 24 0.842000 0.385000  0.000031 0.000035 0.000086 0.000207 0.000095 0.000046 
2794240 transpose 1 204 24 0.842000 0.308000  0.000025 0.000023 0.000070 0.000154 0.000072 0.000037 
2794240 transpose 1 204 24 0.842000 0.462000  0.000035 0.000032 0.000081 0.000183 0.000087 0.000044 
2794304 transpose 1 204 24 0.842000 0.462000  0.000035 0.000030 0.000083 0.000180 0.000088 0.000044 
2794304 transpose 1 204 24 0.842000 0.462000  0.000025 0.000023 0.000063 0.000144 0.000072 0.000038 
2794368 transpose 1 204 24 0.842000 0.385000  0.000026 0.000024 0.000066 0.000128 0.000070 0.000037 
2794368 transpose 1 204 24 0.842000 0.386000  0.000086 0.000081 0.000226 0.000422 0.000231 0.000125 
2794432 transpose 1 204 24 0.842000 0.385000  0.000117 0.000096 0.000255 0.000546 0.000283 0.000143 
2794432 transpose 1 204 24 0.842000 0.385000  0.000087 0.000080 0.000224 0.000417 0.000227 0.000124 
2794496 transpose 1 204 24 0.842000 0.308000  0.000031 0.000025 0.000069 0.000140 0.000076 0.000039 
2794560 transpose 1 204 24 0.842000 0.385000  0.000091 0.000079 0.000456 0.001052 0.000419 0.000204 
2794560 transpose 1 204 24 0.842000 0.385000  0.000030 0.000025 0.000074 0.000172 0.000082 0.000040 
2794624 transpose 1 204 24 0.842000 0.386000  0.000037 0.000037 0.000088 0.000217 0.000103 0.000240 
2794624 transpose 1 204 24 0.842000 0.385000  0.000028 0.000024 0.000066 0.000134 0.000069 0.000037 
2794688 transpose 1 204 24 0.842000 0.462000  0.000030 0.000025 0.000070 0.000145 0.000076 0.000039 
2794688 transpose 1 204 24 0.842000 0.385000  0.000024 0.000022 0.000062 0.000118 0.000064 0.000034 
2794752 transpose 1 204 24 0.842000 0.385000  0.000064 0.000034 0.000102 0.000203 0.000110 0.000053 
2794752 transpose 1 204 24 0.842000 0.385000  0.000025 0.000022 0.000062 0.000119 0.000064 0.000034 
2794816 transpose 1 204 24 0.842000 0.385000  0.000026 0.000023 0.000064 0.000124 0.000069 0.000042 
2794816 transpose 1 204 24 0.842000 0.385000  0.000083 0.000076 0.000211 0.000404 0.000217 0.000117 
2794880 transpose 1 204 24 0.842000 0.462000  0.000126 0.000080 0.000218 0.000486 0.000219 0.000118 
2794880 transpose 1 204 24 0.842000 0.385000  0.000026 0.000022 0.000062 0.000182 0.000082 0.000040 
2794944 transpose 1 204 24 0.842000 0.385000  0.000035 0.000024 0.000065 0.000146 0.000071 0.000036 
2794944 transpose 1 204 24 0.842000 0.308000  0.000030 0.000024 0.000067 0.000148 0.000074 0.000038 
2795008 transpose 1 204 24 0.842000 0.385000  0.002212 0.001069 0.002317 0.002237 0.001049 0.000543 
2795008 transpose 1 204 24 0.842000 0.308000  0.000006 0.000005 0.000014 0.000028 0.000018 0.000009 
2795072 transpose 1 204 24 0.842000 0.308000  0.000025 0.000022 0.000061 0.000117 0.000063 0.000034 
2795072 transpose 1 204 24 0.842000 0.385000  0.000031 0.000025 0.000069 0.000149 0.000072 0.000038 
2795136 transpose 1 204 24 0.842000 0.462000  0.000031 0.000026 0.000068 0.000143 0.000075 0.000038 
2795136 transpose 1 204 24 0.842000 0.385000  0.003960 0.001255 0.002569 0.004092 0.001469 0.000650 
2795200 transpose 1 204 24 0.842000 0.385000  0.000030 0.000024 0.000067 0.000146 0.000074 0.000038 
2795200 transpose 1 204 24 0.842000 0.385000  0.000051 0.000029 0.000075 0.000170 0.000086 0.000044 
2795264 transpose 1 204 24 0.842000 0.308000  0.000033 0.000026 0.000068 0.000148 0.000079 0.000039 
2795264 transpose 1 204 24 0.842000 0.385000  0.000032 0.000024 0.000069 0.000157 0.000076 0.000038 
2795328 transpose 1 204 24 0.842000 0.308000  0.000030 0.000026 0.000069 0.000151 0.000078 0.000039 
2795328 transpose 1 204 24 0.842000 0.385000  0.069300 0.021552 0.046150 0.069650 0.024276 0.010829 
2795392 transpose 1 204 24 0.842000 0.385000  0.000083 0.000074 0.000211 0.000449 0.000232 0.000119 
2795392 transpose 1 204 24 0.842000 0.385000  0.004827 0.001764 0.003595 0.004903 0.001931 0.000893 
2795456 transpose 1 204 24 0.842000 0.385000  0.000023 0.000028 0.000068 0.000165 0.000077 0.000043 
2795456 transpose 1 204 24 0.842000 0.462000  0.000020 0.000025 0.000063 0.000125 0.000061 0.000031 
2795520 transpose 1 204 24 0.842000 0.385000  0.000025 0.000022 0.000061 0.000224 0.000091 0.000042 
2795520 transpose 1 204 24 0.842000 0.462000  0.000024 0.000022 0.000061 0.000117 0.000062 0.000033 
2795584 transpose 1 204 24 0.842000 0.385000  0.000030 0.000025 0.000065 0.000220 0.000101 0.000046 
2795584 transpose 1 204 24 0.842000 0.308000  0.000024 0.000027 0.000071 0.000161 0.000072 0.000036 
2795648 transpose 1 204 24 0.842000 0.462000  0.000022 0.000019 0.000052 0.000102 0.000055 0.000029 
2795712 transpose 1 204 24 0.842000 0.308000  0.000076 0.000068 0.000189 0.000365 0.000194 0.000105 
2795712 transpose 1 204 24 0.842000 0.308000  0.000030 0.000024 0.000067 0.000139 0.000073 0.000037 
2795776 transpose 1 204 24 0.842000 0.386000  0.000076 0.000068 0.000189 0.000360 0.000198 0.000104 
2795776 transpose 1 204 24 0.842000 0.385000  0.000024 0.000023 0.000064 0.000129 0.000066 0.000035 
2795840 transpose 1 204 24 0.842000 0.463000  0.000030 0.000035 0.000099 0.000262 0.000105 0.000055 
2795840 transpose 1 204 24 0.842000 0.385000  0.000024 0.000022 0.000062 0.000123 0.000068 0.000035 
2795904 transpose 1 204 24 0.842000 0.385000  0.000026 0.000023 0.000062 0.000122 0.000067 0.000035 
2795904 transpose 1 204 24 0.842000 0.385000  0.000058 0.000026 0.000069 0.000149 0.000096 0.000046 
2795968 transpose 1 204 24 0.842000 0.308000  0.026469 0.009293 0.020646 0.026750 0.010485 0.004380 
2795968 transpose 1 204 24 0.842000 0.462000  0.000093 0.000075 0.000206 0.000448 0.000223 0.000114 
2796032 transpose 1 204 24 0.842000 0.462000  0.000024 0.000022 0.000060 0.000114 0.000062 0.000033 
2796032 transpose 1 204 24 0.842000 0.385000  0.000096 0.000074 0.000204 0.000435 0.000229 0.000115 
2796096 transpose 1 204 24 0.842000 0.308000  0.000024 0.000021 0.000059 0.000114 0.000061 0.000033 
2796096 transpose 1 204 24 0.842000 0.308000  0.000024 0.000021 0.000062 0.000124 0.000064 0.000035 
2796160 transpose 1 204 24 0.842000 0.385000  0.000040 0.000026 0.000070 0.000152 0.000076 0.000039 
2796160 transpose 1 204 24 0.842000 0.385000  0.018039 0.005503 0.011471 0.018168 0.006348 0.002763 
2796224 transpose 1 204 24 0.842000 0.385000  0.000023 0.000019 0.000053 0.000107 0.000057 0.000030 
2796224 transpose 1 204 24 0.842000 0.462000  0.000019 0.000018 0.000049 0.000092 0.000050 0.000027 
2796288 transpose 1 204 24 0.842000 0.385000  0.000025 0.000022 0.000062 0.000121 0.000065 0.000034 
2796288 transpose 1 204 24 0.842000 0.463000  0.000020 0.000018 0.000049 0.000097 0.000050 0.000030 
2796352 transpose 1 204 24 0.842000 0.385000  0.000026 0.000021 0.000056 0.000118 0.000060 0.000031 
2796352 transpose 1 204 24 0.842000 0.385000  0.000022 0.000021 0.000059 0.000112 0.000061 0.000033 
2796416 transpose 1 204 24 0.842000 0.385000  0.000027 0.000022 0.000061 0.000120 0.000065 0.000034 
2796416 transpose 1 204 24 0.842000 0.385000  0.000023 0.000021 0.000059 0.000114 0.000060 0.000032 
2796480 transpose 1 204 24 0.842000 0.385000  0.048153 0.015638 0.033326 0.048520 0.017245 0.007734 
2796480 transpose 1 204 24 0.842000 0.231000  0.000024 0.000021 0.000059 0.000114 0.000060 0.000033 
2796544 transpose 1 204 24 0.842000 0.385000  0.000026 0.000022 0.000079 0.000162 0.000091 0.000045 
2796544 transpose 1 204 24 0.842000 0.308000  0.000024 0.000021 0.000059 0.000113 0.000061 0.000033 
2796608 transpose 1 204 24 0.842000 0.385000  0.000023 0.000021 0.000088 0.000206 0.000087 0.000041 
2796608 transpose 1 204 24 0.842000 0.385000  0.000027 0.000039 0.000093 0.000222 0.000094 0.000046 
2796672 transpose 1 204 24 0.842000 0.384000  0.000036 0.000023 0.000063 0.000178 0.000078 0.000038 
2796672 transpose 1 204 24 0.842000 0.384000  0.000071 0.000065 0.000177 0.000342 0.000188 0.000099 
2796736 transpose 1 204 24 0.842000 0.385000  0.000023 0.000024 0.000064 0.000128 0.000066 0.000034 
2796736 transpose 1 204 24 0.842000 0.384000  0.000066 0.000061 0.000169 0.000322 0.000174 0.000094 
2796800 transpose 1 204 24 0.842000 0.308000  0.000040 0.000026 0.000067 0.000166 0.000080 0.000039 
2796800 transpose 1 204 24 0.842000 0.385000  0.000024 0.000021 0.000058 0.000114 0.000059 0.000032 
2796800 transpose 1 204 24 0.842000 0.385000  0.000068 0.000060 0.000167 0.000322 0.000173 0.000093 
2796864 transpose 1 204 24 0.842000 0.385000  0.000069 0.000063 0.000174 0.000451 0.000221 0.000114 
2796864 transpose 1 204 24 0.842000 0.385000  0.000067 0.000066 0.000176 0.000360 0.000180 0.000095 
2796928 transpose 1 204 24 0.842000 0.385000  0.000071 0.000062 0.000173 0.000376 0.000188 0.000098 
2796928 transpose 1 204 24 0.842000 0.463000  0.000064 0.000059 0.000166 0.000331 0.000175 0.000093 
2796992 transpose 1 204 24 0.842000 0.385000  0.000064 0.000063 0.000172 0.589244 0.000014 0.004275 
2796992 transpose 1 204 24 0.842000 0.385000  0.000031 0.000024 0.000064 0.000138 0.000069 0.000036 
2797056 transpose 1 204 24 0.842000 0.463000  0.000024 0.000020 0.000057 0.000111 0.000059 0.000032 
2797056 transpose 1 204 24 0.842000 0.463000  0.000026 0.000023 0.000063 0.000127 0.000067 0.000034 
2797120 transpose 1 204 24 0.842000 0.385000  0.000022 0.000020 0.000057 0.000108 0.000058 0.000032 
2797120 transpose 1 204 24 0.842000 0.385000  0.000023 0.000040 0.000094 0.000207 0.000087 0.000044 
2797184 transpose 1 204 24 0.842000 0.385000  0.000029 0.000024 0.000063 0.000232 0.000100 0.000047 
2797184 transpose 1 204 24 0.842000 0.463000  0.000023 0.000020 0.000057 0.000109 0.000058 0.000031 
2797248 transpose 1 204 24 0.842000 0.539000  0.000026 0.000022 0.000062 0.000124 0.000067 0.000034 
2797248 transpose 1 204 24 0.842000 0.385000  0.000022 0.000020 0.000057 0.000108 0.000058 0.000031 
2797312 transpose 1 204 24 0.842000 0.385000  0.000022 0.000020 0.000057 0.000106 0.000058 0.000031 
2797312 transpose 1 204 24 0.842000 0.385000  0.000029 0.000023 0.000064 0.000130 0.000067 0.000034 
2797376 transpose 1 204 24 0.842000 0.386000  0.000023 0.000028 0.000175 0.000372 0.000140 0.000070 
2797376 transpose 1 204 24 0.842000 0.386000  0.000023 0.000021 0.000060 0.000122 0.000066 0.000035 
2797440 transpose 1 204 24 0.842000 0.385000  0.000041 0.000025 0.000080 0.000192 0.000095 0.000049 
2797440 transpose 1 204 24 0.842000 0.385000  0.000062 0.000056 0.000157 0.000295 0.000162 0.000087 
2797504 transpose 1 204 24 0.842000 0.385000  0.000023 0.000052 0.000163 0.000367 0.000171 0.000088 
2797568 transpose 1 204 24 0.842000 0.385000  0.000028 0.000022 0.000067 0.000379 0.000124 0.000053 
2797568 transpose 1 204 24 0.842000 0.462000  0.000044 0.000025 0.000072 0.000189 0.000092 0.000047 
2797632 transpose 1 204 24 0.842000 0.385000  0.000022 0.000020 0.000056 0.000105 0.000058 0.000031 
2797632 transpose 1 204 24 0.842000 0.385000  0.000023 0.000020 0.000056 0.000113 0.000058 0.000031 
2797696 transpose 1 204 24 0.842000 0.386000  0.000029 0.000023 0.000061 0.000120 0.000062 0.000032 
2797696 transpose 1 204 24 0.842000 0.385000  0.000041 0.000031 0.000099 0.000228 0.000090 0.000043 
2797760 transpose 1 204 24 0.842000 0.385000  0.000027 0.000022 0.000061 0.000126 0.000067 0.000034 
2797760 transpose 1 204 24 0.842000 0.463000  0.000065 0.000040 0.000103 0.000227 0.000106 0.000072 
2797824 transpose 1 204 24 0.842000 0.386000  0.000023 0.000021 0.000058 0.000112 0.000062 0.000033 
2797824 transpose 1 204 24 0.842000 0.385000  0.000038 0.000023 0.000074 0.000201 0.000098 0.000048 
2797888 transpose 1 204 24 0.842000 0.385000  0.000063 0.000056 0.000417 0.000815 0.000364 0.000185 
2797888 transpose 1 204 24 0.842000 0.462000  0.000022 0.000020 0.000058 0.000120 0.000079 0.000040 
2797952 transpose 1 204 24 0.842000 0.462000  0.000062 0.000107 0.000254 0.000532 0.000230 0.000113 
2797952 transpose 1 204 24 0.842000 0.462000  0.000036 0.000041 0.000096 0.000223 0.000088 0.000051 
2798016 transpose 1 204 24 0.842000 0.462000  0.000067 0.000396 0.000256 0.000814 0.000000 0.000045 
2798016 transpose 1 204 24 0.842000 0.462000  0.000066 0.000377 0.000251 0.000784 0.000000 0.000045 
2798080 transpose 1 204 24 0.842000 0.385000  0.000024 0.000021 0.000057 0.000114 0.000063 0.000032 
2798080 transpose 1 204 24 0.842000 0.385000  0.000021 0.000020 0.000055 0.000104 0.000056 0.000030 
2798144 transpose 1 204 24 0.842000 0.462000  0.000022 0.000020 0.000055 0.000103 0.000057 0.000031 
2798144 transpose 1 204 24 0.842000 0.385000  0.000061 0.000054 0.000150 0.000298 0.000160 0.000084 
2798208 transpose 1 204 24 0.842000 0.384000  0.000023 0.000023 0.000060 0.000136 0.000064 0.000033 
2798208 transpose 1 204 24 0.842000 0.384000  0.000033 0.000023 0.002398 0.007442 0.000000 0.000141 
2798272 transpose 1 204 24 0.842000 0.384000  0.000040 0.000024 0.000063 0.000129 0.000069 0.000034 
2798272 transpose 1 204 25 0.842000 0.384000  0.000021 0.000022 0.000059 0.000114 0.000059 0.000031 
2798336 transpose 1 204 24 0.842000 0.461000  0.000062 0.000358 0.000236 0.000737 0.000000 0.000042 
2798336 transpose 1 204 24 0.842000 0.384000  0.000021 0.000020 0.000059 0.000115 0.000060 0.000031 
2798400 transpose 1 204 25 0.842000 0.462000  0.016165 0.006361 0.013818 0.016401 0.006712 0.003242 
2798400 transpose 1 204 24 0.842000 0.462000  0.000023 0.000021 0.000057 0.000148 0.000073 0.000041 
2798464 transpose 1 204 24 0.842000 0.385000  0.000021 0.000019 0.000054 0.000103 0.000056 0.000030 
2798464 transpose 1 204 24 0.842000 0.385000  0.000025 0.000021 0.000059 0.000120 0.000066 0.000034 
2798528 transpose 1 204 24 0.842000 0.385000  0.018251 0.049555 0.019620 0.049920 0.000002 0.001284 
2798528 transpose 1 204 24 0.842000 0.385000  0.000028 0.000022 0.000059 0.000131 0.000066 0.000033 
2798592 transpose 1 204 24 0.842000 0.385000  0.000023 0.000020 0.000054 0.000121 0.000060 0.000031 
2798592 transpose 1 204 24 0.842000 0.462000  0.000024 0.000022 0.000059 0.000136 0.000068 0.000044 
2798656 transpose 1 204 24 0.842000 0.386000  0.000021 0.000019 0.000054 0.000101 0.000058 0.000031 
2798656 transpose 1 204 24 0.842000 0.385000  0.000028 0.000022 0.000059 0.000126 0.000065 0.000033 
2798720 transpose 1 204 24 0.842000 0.385000  0.000021 0.000019 0.000054 0.000103 0.000056 0.000030 
2798720 transpose 1 204 24 0.842000 0.385000  0.000021 0.000019 0.000054 0.000110 0.000056 0.000031 
2798784 transpose 1 204 24 0.842000 0.386000  0.000025 0.000022 0.000061 0.000130 0.000066 0.000034 
2798784 transpose 1 204 24 0.842000 0.385000  0.000027 0.000022 0.000060 0.000130 0.000068 0.000035 
2798848 transpose 1 204 24 0.842000 0.463000  0.000021 0.000018 0.000048 0.000097 0.000050 0.000025 
2798848 transpose 1 204 24 0.842000 0.385000  0.000026 0.000020 0.000056 0.000110 0.000057 0.000031 
2798912 transpose 1 204 24 0.842000 0.385000  0.000028 0.000022 0.000058 0.000124 0.000064 0.000033 
2798912 transpose 1 204 24 0.842000 0.385000  0.000038 0.000022 0.000060 0.000125 0.000062 0.000032 
2798976 transpose 1 204 24 0.842000 0.385000  0.000027 0.000021 0.000060 0.000137 0.000069 0.000034 
2798976 transpose 1 204 24 0.842000 0.308000  0.000021 0.000019 0.000054 0.000126 0.000062 0.000032 
2799040 transpose 1 204 24 0.842000 0.462000  0.000022 0.000020 0.000056 0.000136 0.000067 0.000034 
2799040 transpose 1 204 24 0.842000 0.385000  0.000022 0.000019 0.000057 0.000247 0.000098 0.000046 
2799104 transpose 1 204 24 0.842000 0.385000  0.000025 0.000020 0.000055 0.000107 0.000059 0.000031 
2799104 transpose 1 204 24 0.842000 0.386000  0.000027 0.000021 0.000057 0.000110 0.000059 0.000031 
2799168 transpose 1 204 24 0.842000 0.385000  0.000021 0.000020 0.000055 0.000105 0.000056 0.000030 
2799168 transpose 1 204 24 0.842000 0.462000  0.000026 0.000022 0.000059 0.000119 0.000131 0.000052 
2799232 transpose 1 204 24 0.842000 0.385000  0.000021 0.000020 0.000057 0.000114 0.000058 0.000031 
2799232 transpose 1 204 24 0.842000 0.385000  0.000022 0.000020 0.000055 0.000107 0.000059 0.000032 
2799296 transpose 1 204 24 0.842000 0.308000  0.000021 0.000021 0.000056 0.000116 0.000058 0.000031 
2799296 transpose 1 204 24 0.842000 0.385000  0.000022 0.000021 0.000056 0.000111 0.000058 0.000030 
2799360 transpose 1 204 24 0.842000 0.462000  0.000021 0.000019 0.000053 0.000100 0.000084 0.000041 
2799360 transpose 1 204 24 0.842000 0.462000  0.000025 0.000020 0.000057 0.000110 0.000059 0.000031 
2799424 transpose 1 204 24 0.842000 0.385000  0.000026 0.000021 0.000056 0.000110 0.000059 0.000031 
2799424 transpose 1 204 24 0.842000 0.308000  0.000021 0.000019 0.000053 0.000100 0.000055 0.000029 
2799488 transpose 1 204 24 0.842000 0.385000  0.000023 0.000023 0.000060 0.000122 0.000063 0.000032 
2799488 transpose 1 204 24 0.842000 0.385000  0.000022 0.000022 0.000058 0.000124 0.000062 0.000033 
2799552 transpose 1 204 24 0.842000 0.462000  0.000023 0.000020 0.000059 0.000118 0.000060 0.000031 
2799552 transpose 1 204 24 0.842000 0.462000  0.000027 0.000022 0.000059 0.000121 0.000063 0.000032 
2799616 transpose 1 204 24 0.842000 0.308000  0.176739 0.123387 0.251299 0.176917 0.081357 0.031953 
2799616 transpose 1 204 24 0.842000 0.308000  0.000059 0.000049 0.000133 0.000275 0.000147 0.000075 
2799680 transpose 1 204 24 0.842000 0.384000  0.000021 0.000019 0.000053 0.000100 0.000054 0.000029 
2799680 transpose 1 204 24 0.842000 0.385000  0.000020 0.000019 0.000053 0.000102 0.000055 0.000029 
2799744 transpose 1 204 24 0.842000 0.307000  0.000022 0.000020 0.000055 0.000107 0.000059 0.000031 
2799744 transpose 1 204 24 0.842000 0.462000  0.000021 0.000019 0.000053 0.000100 0.000054 0.000029 
2799808 transpose 1 204 24 0.842000 0.384000  0.000021 0.000019 0.000052 0.000099 0.000054 0.000029 
2799808 transpose 1 204 24 0.842000 0.385000  0.000024 0.000020 0.000058 0.000121 0.000064 0.000033 
2799808 transpose 1 204 25 0.842000 0.384000  0.000021 0.000019 0.000053 0.000099 0.000054 0.000029 
2799872 transpose 1 204 24 0.842000 0.308000  0.000022 0.000020 0.000058 0.000116 0.000061 0.000031 
2799872 transpose 1 204 24 0.842000 0.384000  0.000023 0.000019 0.000053 0.000117 0.000057 0.000030 
2799936 transpose 1 204 24 0.842000 0.385000  0.000045 0.000042 0.000116 0.000219 0.000119 0.000064 
2799936 transpose 1 204 25 0.842000 0.385000  0.000056 0.000046 0.000127 0.000263 0.000138 0.000071 
2800000 transpose 1 204 25 0.842000 0.462000  0.000020 0.000019 0.000052 0.000098 0.000054 0.000144 
2800000 transpose 1 204 25 0.842000 0.384000  0.000020 0.000019 0.000053 0.000100 0.000054 0.000030 
2800064 transpose 1 204 25 0.842000 0.385000  0.007042 0.001750 0.003409 0.007318 0.002394 0.000953 
2800064 transpose 1 204 25 0.842000 0.385000  0.000046 0.000041 0.000115 0.000227 0.000117 0.000063 
2800128 transpose 1 204 25 0.842000 0.385000  0.000048 0.000044 0.000154 0.000296 0.000182 0.000088 
2800128 transpose 1 204 25 0.842000 0.385000  0.000046 0.000041 0.000116 0.000239 0.000130 0.000068 
2800192 transpose 1 204 24 0.842000 0.462000  0.000058 0.000055 0.000146 0.000310 0.000145 0.000073 
2800192 transpose 1 204 24 0.842000 0.385000  0.000036 0.000026 0.000073 0.000164 0.000071 0.000034 
2800256 transpose 1 204 24 0.842000 0.386000  0.000017 0.000016 0.000049 0.000105 0.000053 0.000027 
2800256 transpose 1 204 24 0.842000 0.386000  0.000016 0.000015 0.000041 0.000094 0.000047 0.000025 
2800320 transpose 1 204 24 0.842000 0.385000  0.000034 0.000024 0.000062 0.000142 0.000064 0.000032 
2800320 transpose 1 204 24 0.842000 0.385000  0.000021 0.000019 0.000052 0.000110 0.000056 0.000029 
2800384 transpose 1 204 24 0.842000 0.385000  0.000025 0.000020 0.000056 0.000111 0.000056 0.000036 
2800384 transpose 1 204 24 0.842000 0.385000  0.000027 0.000022 0.000059 0.000127 0.000070 0.000036 
2800448 transpose 1 204 24 0.842000 0.462000  0.002956 0.001096 0.002248 0.003044 0.001219 0.000569 
2800448 transpose 1 204 24 0.842000 0.385000  0.000022 0.000020 0.000070 0.000144 0.000084 0.000040 
2800512 transpose 1 204 24 0.842000 0.385000  0.000021 0.000021 0.000055 0.000135 0.000063 0.000032 
2800512 transpose 1 204 24 0.842000 0.385000  0.000017 0.000020 0.000049 0.000104 0.000049 0.000025 
2800576 transpose 1 204 24 0.842000 0.385000  0.000023 0.000020 0.000060 0.000120 0.000060 0.000032 
2800576 transpose 1 204 24 0.842000 0.385000  0.000022 0.000020 0.000054 0.000103 0.000057 0.000030 
2800640 transpose 1 204 24 0.842000 0.385000  0.033459 0.011770 0.025632 0.033637 0.013023 0.005753 
2800640 transpose 1 204 24 0.842000 0.385000  0.000043 0.000039 0.000110 0.000211 0.000114 0.000061 
2800704 transpose 1 204 24 0.842000 0.385000  0.000054 0.000043 0.000118 0.000254 0.000124 0.000066 
2800704 transpose 1 204 24 0.842000 0.462000  0.000020 0.000037 0.000088 0.000193 0.000084 0.000040 
2800768 transpose 1 204 24 0.842000 0.385000  0.003471 0.000706 0.001388 0.003640 0.000970 0.000400 
2800768 transpose 1 204 24 0.842000 0.385000  0.000026 0.000022 0.000096 0.000218 0.000093 0.000043 
2800832 transpose 1 204 24 0.842000 0.463000  0.000016 0.000015 0.000041 0.000078 0.000047 0.000026 
2800832 transpose 1 204 24 0.842000 0.385000  0.000018 0.000016 0.000044 0.000090 0.000048 0.000025 
2800896 transpose 1 204 24 0.842000 0.540000  0.000035 0.000020 0.000054 0.000131 0.000060 0.000031 
2800896 transpose 1 204 24 0.842000 0.385000  0.000027 0.000021 0.000058 0.000123 0.000070 0.000034 
2800960 transpose 1 204 24 0.842000 0.385000  0.013392 0.005107 0.010872 0.013438 0.005422 0.002596 
2800960 transpose 1 204 24 0.842000 0.385000  0.000026 0.000021 0.000057 0.000122 0.000064 0.000032 
2801024 transpose 1 204 24 0.842000 0.462000  0.000020 0.000018 0.000051 0.000098 0.000053 0.000028 
2801024 transpose 1 204 24 0.842000 0.462000  0.000025 0.000020 0.000054 0.000122 0.000057 0.000030 
2801088 transpose 1 204 24 0.842000 0.385000  0.000026 0.000021 0.000056 0.000119 0.000096 0.000044 
2801088 transpose 1 204 24 0.842000 0.462000  0.000060 0.000042 0.000113 0.000227 0.000115 0.000061 
2801152 transpose 1 204 24 0.842000 0.463000  0.000046 0.000055 0.000136 0.000310 0.000142 0.000071 
2801152 transpose 1 204 24 0.842000 0.462000  0.000004 0.000004 0.000011 0.000021 0.000014 0.000007 
2801216 transpose 1 204 24 0.842000 0.385000  0.000046 0.000059 0.000143 0.000347 0.000165 0.000091 
2801216 transpose 1 204 24 0.842000 0.385000  0.000044 0.000042 0.000113 0.000225 0.000115 0.000061 
2801280 transpose 1 204 24 0.842000 0.462000  0.000022 0.000019 0.000053 0.000102 0.000054 0.000029 
2801280 transpose 1 204 24 0.842000 0.384000  0.000021 0.000019 0.000054 0.000172 0.000076 0.000041 
2801344 transpose 1 204 24 0.842000 0.384000  0.000030 0.000020 0.000054 0.000122 0.000059 0.000030 
2801344 transpose 1 204 24 0.842000 0.461000  0.006358 0.002001 0.004205 0.006426 0.002301 0.000989 
2801408 transpose 1 204 24 0.842000 0.307000  0.000020 0.000023 0.000093 0.000248 0.000098 0.000044 
2801408 transpose 1 204 24 0.842000 0.461000  0.000019 0.000024 0.000056 0.000140 0.000065 0.000035 
2801472 transpose 1 204 24 0.842000 0.461000  0.000023 0.000016 0.000042 0.000085 0.000043 0.000023 
2801536 transpose 1 204 24 0.842000 0.384000  0.011583 0.003580 0.007715 0.011741 0.004278 0.001889 
2801536 transpose 1 204 24 0.842000 0.461000  0.000042 0.000038 0.000105 0.000208 0.000113 0.000060 
2801600 transpose 1 204 24 0.842000 0.462000  0.000130 0.000044 0.000108 0.000242 0.000086 0.000042 
2801600 transpose 1 204 24 0.842000 0.385000  0.000021 0.000028 0.000068 0.000165 0.000102 0.000046 
2801664 transpose 1 204 24 0.842000 0.462000  0.004919 0.001547 0.003327 0.004979 0.001778 0.000795 
2801664 transpose 1 204 24 0.842000 0.385000  0.000021 0.000019 0.000052 0.000119 0.000062 0.000031 
2801728 transpose 1 204 24 0.842000 0.462000  0.000024 0.000019 0.000054 0.000156 0.000068 0.000033 
2801728 transpose 1 204 24 0.842000 0.385000  0.000022 0.000019 0.000058 0.000160 0.000070 0.000034 
2801792 transpose 1 204 24 0.842000 0.462000  0.000019 0.000018 0.000050 0.000095 0.000051 0.000028 
2801792 transpose 1 204 24 0.842000 0.385000  0.000025 0.000020 0.000053 0.000106 0.000057 0.000029 
2801856 transpose 1 204 24 0.842000 0.385000  0.000020 0.000018 0.000050 0.000095 0.000051 0.000028 
2801856 transpose 1 204 24 0.842000 0.385000  0.000019 0.000018 0.000052 0.000101 0.000054 0.000029 
2801920 transpose 1 204 24 0.842000 0.385000  0.000021 0.000028 0.000067 0.000136 0.000079 0.000038 
2801920 transpose 1 204 24 0.842000 0.462000  0.000024 0.000020 0.000055 0.000112 0.000057 0.000030 
2801984 transpose 1 204 24 0.842000 0.385000  0.000022 0.000032 0.000074 0.000165 0.000092 0.000043 
2801984 transpose 1 204 24 0.842000 0.385000  0.000019 0.000018 0.000050 0.000138 0.000084 0.000040 
2802048 transpose 1 204 24 0.842000 0.385000  0.000017 0.000015 0.000041 0.000079 0.000044 0.000023 
2802048 transpose 1 204 24 0.842000 0.385000  0.000016 0.000014 0.000039 0.000076 0.000040 0.000022 
2802112 transpose 1 204 24 0.842000 0.462000  0.000019 0.000019 0.000051 0.000104 0.000054 0.000028 
2802112 transpose 1 204 24 0.842000 0.385000  0.000105 0.000036 0.000085 0.000184 0.000079 0.000038 
2802176 transpose 1 204 24 0.842000 0.462000  0.000026 0.000153 0.000105 0.000323 0.000000 0.000018 
2802176 transpose 1 204 24 0.842000 0.385000  0.000025 0.000152 0.000093 0.000314 0.000000 0.000017 
2802240 transpose 1 204 24 0.842000 0.385000  0.000126 0.000519 0.000206 0.000673 0.000000 0.000024 
2802240 transpose 1 204 24 0.842000 0.462000  0.000026 0.000189 0.000113 0.000374 0.000000 0.000020 
2802304 transpose 1 204 24 0.842000 0.385000  0.000043 0.000070 0.000172 0.000379 0.000159 0.000076 
2802304 transpose 1 204 24 0.842000 0.385000  0.000022 0.000020 0.000055 0.000113 0.000059 0.000030 
2802368 transpose 1 204 24 0.842000 0.539000  0.001467 0.000395 0.000775 0.001550 0.000544 0.000223 
2802368 transpose 1 204 24 0.842000 0.385000  0.000022 0.000019 0.000051 0.000101 0.000054 0.000029 
2802432 transpose 1 204 24 0.842000 0.385000  0.000016 0.000014 0.000039 0.000074 0.000040 0.000022 
2802432 transpose 1 204 24 0.842000 0.385000  0.000025 0.000020 0.000055 0.000132 0.000064 0.000032 
2802496 transpose 1 204 24 0.842000 0.385000  0.000063 0.000025 0.000063 0.000143 0.000063 0.000031 
2802496 transpose 1 204 24 0.842000 0.386000  0.000022 0.000019 0.000052 0.000102 0.000054 0.000029 
2802560 transpose 1 204 24 0.842000 0.385000  0.000020 0.000018 0.000050 0.000097 0.000052 0.000029 
2802560 transpose 1 204 24 0.842000 0.385000  0.000040 0.000039 0.000106 0.000207 0.000109 0.000057 
2802624 transpose 1 204 24 0.842000 0.385000  0.000039 0.000036 0.000102 0.000189 0.000107 0.000081 
2802624 transpose 1 204 24 0.842000 0.385000  0.000042 0.000038 0.000106 0.000202 0.000113 0.000061 
2802688 transpose 1 204 24 0.842000 0.385000  0.000039 0.000039 0.000106 0.000334 0.000158 0.000077 
2802688 transpose 1 204 24 0.842000 0.385000  0.000043 0.000038 0.000112 0.000239 0.000123 0.000063 
2802752 transpose 1 204 24 0.842000 0.463000  0.000019 0.000017 0.000048 0.000091 0.000050 0.000027 
2802752 transpose 1 204 24 0.842000 0.386000  0.000019 0.000017 0.000048 0.000090 0.000050 0.000027 
2802816 transpose 1 204 24 0.842000 0.385000  0.000026 0.000164 0.000107 0.000356 0.000000 0.000018 
2802816 transpose 1 204 24 0.842000 0.463000  0.000025 0.000146 0.000094 0.000332 0.000000 0.000017 
2802880 transpose 1 204 24 0.842000 0.384000  0.000024 0.000144 0.000093 0.000297 0.000000 0.000017 
2802880 transpose 1 204 24 0.842000 0.307000  0.001554 0.005060 0.001823 0.005101 0.000001 0.000119 
2802944 transpose 1 204 24 0.842000 0.307000  0.000024 0.000140 0.000093 0.000290 0.000000 0.000017 
2802944 transpose 1 204 24 0.842000 0.384000  0.000062 0.000287 0.000138 0.000501 0.000000 0.000021 
2803008 transpose 1 204 24 0.842000 0.538000  0.000024 0.000019 0.000051 0.000103 0.000055 0.000028 
2803008 transpose 1 204 24 0.842000 0.384000  0.000019 0.000017 0.000048 0.000093 0.000051 0.000027 
2803072 transpose 1 204 25 0.842000 0.384000  0.000022 0.000018 0.000051 0.000107 0.000057 0.000029 
2803072 transpose 1 204 24 0.842000 0.384000  0.000020 0.000018 0.000049 0.000094 0.000050 0.000027 
2803136 transpose 1 204 24 0.842000 0.461000  0.000022 0.000018 0.000049 0.000109 0.000052 0.000028 
2803136 transpose 1 204 25 0.842000 0.385000  0.000026 0.000019 0.000054 0.000130 0.000061 0.000030 
2803200 transpose 1 204 25 0.842000 0.385000  0.000015 0.000014 0.000038 0.000074 0.000040 0.000021 
2803200 transpose 1 204 24 0.842000 0.463000  0.000026 0.000023 0.000059 0.000133 0.000063 0.000039 
2803264 transpose 1 204 24 0.842000 0.386000  0.000019 0.000017 0.000048 0.000090 0.000050 0.000026 
2803264 transpose 1 204 24 0.842000 0.462000  0.000020 0.000018 0.000050 0.000094 0.000053 0.000029 
2803328 transpose 1 204 24 0.842000 0.385000  0.000045 0.000021 0.000055 0.000134 0.000076 0.000040 
2803328 transpose 1 204 24 0.842000 0.462000  0.000020 0.000018 0.000050 0.000097 0.000052 0.000028 
2803392 transpose 1 204 24 0.842000 0.385000  0.000018 0.000017 0.000047 0.000091 0.000049 0.000026 
2803392 transpose 1 204 24 0.842000 0.385000  0.000020 0.000018 0.000049 0.000094 0.000052 0.000027 
2803456 transpose 1 204 24 0.842000 0.462000  0.000019 0.000017 0.000050 0.000104 0.000051 0.000027 
2803456 transpose 1 204 24 0.842000 0.385000  0.000024 0.000020 0.000054 0.000115 0.000075 0.000037 
2803520 transpose 1 204 24 0.842000 0.385000  0.000019 0.000017 0.000050 0.000102 0.000058 0.000029 
2803520 transpose 1 204 24 0.842000 0.385000  0.000020 0.000017 0.000047 0.000101 0.000057 0.000029 
2803584 transpose 1 204 24 0.842000 0.385000  0.000018 0.000019 0.000053 0.000111 0.000054 0.000028 
2803584 transpose 1 204 24 0.842000 0.462000  0.000024 0.000022 0.000057 0.000126 0.000062 0.000031 
2803648 transpose 1 204 24 0.842000 0.462000  0.000018 0.000017 0.000047 0.000089 0.000048 0.000026 
2803648 transpose 1 204 24 0.842000 0.539000  0.000019 0.000017 0.000053 0.000165 0.000083 0.000039 
2803712 transpose 1 204 24 0.842000 0.385000  0.000022 0.000030 0.000069 0.025844 0.000004 0.000619 
2803712 transpose 1 204 24 0.842000 0.385000  0.000025 0.000019 0.000053 0.000119 0.000056 0.000029 
2803776 transpose 1 204 24 0.842000 0.539000  0.000019 0.000017 0.000047 0.000090 0.000049 0.000026 
2803840 transpose 1 204 24 0.842000 0.462000  0.000023 0.000018 0.000087 0.000599 0.000191 0.000074 
2803840 transpose 1 204 24 0.842000 0.463000  0.000021 0.000018 0.000050 0.000099 0.000052 0.000027 
2803904 transpose 1 204 24 0.842000 0.385000  0.000047 0.000026 0.000071 0.000157 0.000072 0.000034 
2803904 transpose 1 204 24 0.842000 0.462000  0.000018 0.000020 0.000125 0.000287 0.000106 0.000048 
2803968 transpose 1 204 24 0.842000 0.462000  0.000022 0.000018 0.000049 0.000116 0.000059 0.000029 
2803968 transpose 1 204 24 0.842000 0.463000  0.000084 0.000030 0.000073 0.000161 0.000069 0.000033 
2804032 transpose 1 204 24 0.842000 0.385000  0.000025 0.000019 0.000051 0.000110 0.000056 0.000029 
2804032 transpose 1 204 24 0.842000 0.385000  0.000019 0.000017 0.000047 0.000090 0.000049 0.000026 
2804096 transpose 1 204 24 0.842000 0.385000  0.000019 0.000018 0.000048 0.000092 0.000051 0.000027 
2804096 transpose 1 204 24 0.842000 0.462000  0.000019 0.000017 0.000047 0.000088 0.000048 0.000026 
2804160 transpose 1 204 24 0.842000 0.385000  0.000020 0.011957 0.025680 0.035778 0.013214 0.005898 
2804160 transpose 1 204 24 0.842000 0.462000  0.000022 0.000024 0.000061 0.000140 0.000076 0.000035 
2804224 transpose 1 204 24 0.842000 0.462000  0.000019 0.000017 0.000046 0.000089 0.000052 0.000027 
2804224 transpose 1 204 24 0.842000 0.385000  0.039365 0.129410 0.045442 0.129447 0.000020 0.002892 
2804288 transpose 1 204 24 0.842000 0.386000  0.000021 0.000184 0.000096 0.000315 0.000000 0.000015 
2804288 transpose 1 204 24 0.842000 0.385000  0.000018 0.000018 0.000051 0.000101 0.000051 0.000027 
2804352 transpose 1 204 24 0.842000 0.385000  0.032297 0.010959 0.023572 0.032364 0.012123 0.005404 
2804352 transpose 1 204 24 0.842000 0.384000  0.000030 0.000019 0.000218 0.000543 0.000172 0.000071 
2804416 transpose 1 204 24 0.842000 0.461000  0.000020 0.000018 0.000048 0.000095 0.000052 0.000027 
2804416 transpose 1 204 24 0.842000 0.462000  0.000016 0.000013 0.000037 0.000074 0.000038 0.000021 
2804480 transpose 1 204 24 0.842000 0.462000  0.000021 0.000017 0.000051 0.000105 0.000054 0.000027 
2804480 transpose 1 204 24 0.842000 0.384000  0.000020 0.000019 0.000052 0.000115 0.000055 0.000027 
2804544 transpose 1 204 25 0.842000 0.384000  0.000021 0.000017 0.000047 0.000103 0.000052 0.000027 
2804544 transpose 1 204 25 0.842000 0.385000  0.000023 0.000018 0.000052 0.000111 0.000056 0.000029 
2804608 transpose 1 204 25 0.842000 0.384000  0.000022 0.000020 0.000052 0.000119 0.000054 0.000028 
2804672 transpose 1 204 24 0.842000 0.385000  0.000020 0.000017 0.000048 0.000094 0.000096 0.000045 
2804672 transpose 1 204 24 0.842000 0.463000  0.000018 0.000017 0.000046 0.000086 0.000047 0.000025 
2804736 transpose 1 204 24 0.842000 0.385000  0.000139 0.000072 0.000144 0.000291 0.000125 0.000063 
2804736 transpose 1 204 24 0.842000 0.308000  0.000050 0.000023 0.000059 0.000129 0.000060 0.000030 
2804800 transpose 1 204 24 0.842000 0.385000  0.197273 0.129985 0.261304 0.197401 0.089285 0.035460 
2804800 transpose 1 204 24 0.842000 0.385000  0.000019 0.000026 0.000063 0.000132 0.000061 0.000030 
2804864 transpose 1 204 24 0.842000 0.462000  0.000019 0.000017 0.000048 0.000098 0.000053 0.000028 
2804864 transpose 1 204 24 0.842000 0.385000  0.014893 0.005483 0.010286 0.014908 0.005268 0.002239 
2804928 transpose 1 204 24 0.842000 0.463000  0.000018 0.000016 0.000046 0.000085 0.000047 0.000025 
2804928 transpose 1 204 24 0.842000 0.308000  0.000015 0.000013 0.000036 0.000069 0.000038 0.000020 
2804992 transpose 1 204 24 0.842000 0.385000  0.000015 0.000015 0.000040 0.000081 0.000042 0.000022 
2804992 transpose 1 204 24 0.842000 0.385000  0.000015 0.000016 0.000043 0.000092 0.000047 0.000024 
2805056 transpose 1 204 24 0.842000 0.385000  0.000014 0.000013 0.000036 0.000069 0.000037 0.000020 
2805056 transpose 1 204 24 0.842000 0.385000  0.000019 0.000017 0.000047 0.000094 0.000051 0.000027 
2805120 transpose 1 204 24 0.842000 0.462000  0.000020 0.000017 0.000049 0.000095 0.000050 0.000027 
2805120 transpose 1 204 24 0.842000 0.385000  0.000019 0.000017 0.000049 0.000103 0.000054 0.000028 
2805184 transpose 1 204 24 0.842000 0.308000  0.000017 0.000016 0.000048 0.000097 0.000048 0.000029 
2805184 transpose 1 204 24 0.842000 0.385000  0.000019 0.000017 0.000046 0.000090 0.000047 0.000025 
2805248 transpose 1 204 24 0.842000 0.385000  0.000043 0.000026 0.000067 0.000219 0.000082 0.000042 
2805248 transpose 1 204 24 0.842000 0.385000  0.000020 0.000017 0.000048 0.000093 0.000050 0.000026 
2805312 transpose 1 204 24 0.842000 0.385000  0.000019 0.000017 0.000047 0.000090 0.000060 0.000030 
2805312 transpose 1 204 24 0.842000 0.308000  0.000018 0.000107 0.000071 0.000222 0.000000 0.000012 
2805376 transpose 1 204 24 0.842000 0.385000  0.000021 0.000018 0.000048 0.000100 0.000052 0.000027 
2805376 transpose 1 204 24 0.842000 0.385000  0.000022 0.000017 0.000047 0.000090 0.000048 0.000035 
2805440 transpose 1 204 24 0.842000 0.385000  0.000017 0.000016 0.000045 0.000085 0.000046 0.000025 
2805440 transpose 1 204 24 0.842000 0.385000  0.000020 0.000018 0.000049 0.000096 0.000050 0.000026 
2805504 transpose 1 204 24 0.842000 0.385000  0.000018 0.000016 0.000045 0.000084 0.000046 0.000025 
2805504 transpose 1 204 24 0.842000 0.385000  0.000021 0.000017 0.000048 0.000098 0.000050 0.000026 
2805568 transpose 1 204 24 0.842000 0.385000  0.000990 0.000899 0.002485 0.005151 0.002740 0.001429 
2805568 transpose 1 204 24 0.842000 0.385000  0.000017 0.000016 0.000045 0.000083 0.000047 0.000025 
2805632 transpose 1 204 24 0.842000 0.385000  0.000020 0.000017 0.000048 0.000094 0.000051 0.000026 
2805632 transpose 1 204 24 0.842000 0.462000  0.000018 0.000103 0.000069 0.000214 0.000000 0.000012 
2805696 transpose 1 204 24 0.842000 0.462000  0.000018 0.000108 0.000069 0.000226 0.000000 0.000012 
2805696 transpose 1 204 24 0.842000 0.540000  0.000022 0.000018 0.000048 0.000096 0.000051 0.000027 
2805696 transpose 1 204 24 0.842000 0.540000  0.000005 0.000004 0.000012 0.000023 0.000015 0.000007 
2805760 transpose 1 204 24 0.842000 0.462000  0.000018 0.000016 0.000045 0.000086 0.000046 0.000025 
2805760 transpose 1 204 24 0.842000 0.385000  0.000020 0.000017 0.000047 0.000093 0.000049 0.000026 
2805824 transpose 1 204 24 0.842000 0.385000  0.000021 0.000017 0.000056 0.000138 0.000063 0.000030 
2805824 transpose 1 204 24 0.842000 0.307000  0.000031 0.000029 0.000081 0.000154 0.000083 0.000045 
2805888 transpose 1 204 24 0.842000 0.384000  0.000017 0.000016 0.000046 0.000091 0.000048 0.000025 
2805888 transpose 1 204 24 0.842000 0.384000  0.000018 0.000016 0.000044 0.000087 0.000047 0.000025 
2805952 transpose 1 204 24 0.842000 0.461000  0.000018 0.000016 0.000048 0.000099 0.000049 0.000026 
2805952 transpose 1 204 25 0.842000 0.307000  0.000026 0.000019 0.000051 0.000113 0.000055 0.000035 
2806016 transpose 1 204 25 0.842000 0.461000  0.000018 0.000016 0.000046 0.000091 0.000047 0.000025 
2806016 transpose 1 204 25 0.842000 0.384000  0.000020 0.000017 0.000051 0.000123 0.000054 0.000027 
2806080 transpose 1 204 25 0.842000 0.385000  0.000029 0.000019 0.000050 0.000106 0.000051 0.000026 
2806080 transpose 1 204 24 0.842000 0.462000  0.000023 0.000017 0.000048 0.000106 0.000051 0.000026 
2806144 transpose 1 204 24 0.842000 0.385000  0.000022 0.000019 0.000050 0.000106 0.000056 0.000028 
2806144 transpose 1 204 24 0.842000 0.463000  0.000017 0.000016 0.000044 0.000083 0.000046 0.000025 
2806208 transpose 1 204 24 0.842000 0.462000  0.000033 0.000019 0.000051 0.000118 0.000057 0.000029 
2806208 transpose 1 204 24 0.842000 0.462000  0.000017 0.000016 0.000044 0.000102 0.000049 0.000027 
2806272 transpose 1 204 24 0.842000 0.462000  0.000031 0.000019 0.000052 0.000116 0.000054 0.000027 
2806272 transpose 1 204 24 0.842000 0.385000  0.000039 0.000020 0.000050 0.000105 0.000051 0.000026 
2806336 transpose 1 204 24 0.842000 0.462000  0.000416 0.000345 0.001196 0.002387 0.001391 0.000680 
2806336 transpose 1 204 24 0.842000 0.462000  0.000017 0.000017 0.000046 0.000095 0.000047 0.000025 
2806400 transpose 1 204 24 0.842000 0.462000  0.000020 0.000017 0.000047 0.000098 0.000055 0.000029 
2806400 transpose 1 204 24 0.842000 0.462000  0.000051 0.000022 0.000056 0.000136 0.000059 0.000029 
2806464 transpose 1 204 24 0.842000 0.539000  0.000035 0.000031 0.000084 0.000171 0.000097 0.000049 
2806464 transpose 1 204 24 0.842000 0.386000  0.104985 0.033076 0.069401 0.106175 0.038734 0.016889 
2806528 transpose 1 204 24 0.842000 0.385000  0.000361 0.000297 0.000815 0.001603 0.000867 0.000455 
2806528 transpose 1 204 24 0.842000 0.385000  0.000303 0.000725 0.001506 0.003576 0.001399 0.000636 
2806592 transpose 1 204 24 0.842000 0.385000  0.000297 0.000274 0.000765 0.001442 0.000787 0.000424 
2806592 transpose 1 204 24 0.842000 0.462000  0.000019 0.000113 0.000072 0.000229 0.000000 0.000012 
2806656 transpose 1 204 24 0.842000 0.385000  0.000019 0.000018 0.000048 0.000105 0.000049 0.000030 
2806656 transpose 1 204 24 0.842000 0.462000  0.000018 0.000016 0.000045 0.000118 0.000060 0.000029 
2806720 transpose 1 204 24 0.842000 0.385000  0.000016 0.000015 0.000043 0.000083 0.000044 0.000024 
2806720 transpose 1 204 24 0.842000 0.385000  0.000020 0.000119 0.000069 0.000219 0.000000 0.000011 
2806784 transpose 1 204 24 0.842000 0.385000  0.000648 0.002124 0.000826 0.002275 0.000000 0.000066 
2806784 transpose 1 204 24 0.842000 0.462000  0.000019 0.000024 0.000058 0.000136 0.000066 0.000037 
2806848 transpose 1 204 24 0.842000 0.462000  0.000017 0.000015 0.000043 0.000081 0.000044 0.000024 
2806848 transpose 1 204 24 0.842000 0.462000  0.000019 0.000016 0.000044 0.000085 0.000045 0.000024 
2806912 transpose 1 204 24 0.842000 0.385000  0.000017 0.000015 0.000047 0.000102 0.000048 0.000025 
2806912 transpose 1 204 24 0.842000 0.385000  0.000017 0.000016 0.000043 0.000081 0.000047 0.000025 
2806976 transpose 1 204 23 0.842000 0.385000  0.000022 0.000018 0.000051 0.000114 0.000057 0.000028 
2807040 transpose 1 204 24 0.842000 0.386000  0.000017 0.000016 0.000046 0.000087 0.000047 0.000025 
2807040 transpose 1 204 24 0.842000 0.385000  0.000034 0.000034 0.000088 0.000193 0.000096 0.000049 
2807104 transpose 1 204 24 0.842000 0.386000  0.000031 0.000028 0.000077 0.000148 0.000080 0.000043 
2807104 transpose 1 204 24 0.842000 0.385000  0.000032 0.000029 0.000080 0.000153 0.000085 0.000045 
2807168 transpose 1 204 24 0.842000 0.385000  0.000030 0.000052 0.000125 0.000242 0.000114 0.000057 
2807168 transpose 1 204 24 0.842000 0.385000  0.000243 0.000227 0.000623 0.001184 0.000658 0.000350 
2807232 transpose 1 204 24 0.842000 0.308000  0.010095 0.033413 0.011746 0.033510 0.000005 0.000781 
2807232 transpose 1 204 24 0.842000 0.385000  0.000022 0.000117 0.000118 0.000341 0.000000 0.000014 
2807296 transpose 1 204 24 0.842000 0.307000  0.000294 0.000242 0.000666 0.001374 0.000739 0.000375 
2807296 transpose 1 204 24 0.842000 0.384000  0.000022 0.000017 0.000045 0.000088 0.000046 0.000025 
2807360 transpose 1 204 24 0.842000 0.384000  0.000021 0.000018 0.000047 0.000096 0.000050 0.000026 
2807360 transpose 1 204 24 0.842000 0.307000  0.000018 0.000015 0.000042 0.000082 0.000044 0.000023 
2807424 transpose 1 204 24 0.842000 0.385000  0.004399 0.013703 0.004984 0.013866 0.000002 0.000331 
2807424 transpose 1 204 24 0.842000 0.461000  0.000017 0.000016 0.000043 0.000083 0.000045 0.000024 
2807488 transpose 1 204 24 0.842000 0.385000  0.000019 0.000016 0.000044 0.000085 0.000045 0.000024 
2807488 transpose 1 204 24 0.842000 0.384000  0.000020 0.000017 0.000046 0.000096 0.000050 0.000026 
2807552 transpose 1 204 24 0.842000 0.384000  0.000016 0.000015 0.000042 0.000080 0.000043 0.000023 
2807552 transpose 1 204 24 0.842000 0.308000  0.000019 0.000017 0.000046 0.000096 0.000052 0.000026 
2807616 transpose 1 204 24 0.842000 0.307000  0.014888 0.005188 0.011077 0.015008 0.005807 0.002643 
2807616 transpose 1 204 24 0.842000 0.385000  0.000018 0.000023 0.000057 0.000140 0.000066 0.000037 
2807680 transpose 1 204 24 0.842000 0.461000  0.016978 0.005814 0.012294 0.017093 0.006588 0.002936 
2807680 transpose 1 204 24 0.842000 0.385000  0.000016 0.000015 0.000042 0.000079 0.000044 0.000024 
2807744 transpose 1 204 24 0.842000 0.384000  0.012897 0.008047 0.016908 0.024398 0.009202 0.004071 
2807744 transpose 1 204 25 0.842000 0.385000  0.000018 0.000016 0.000044 0.000090 0.000046 0.000024 
2807808 transpose 1 204 24 0.842000 0.462000  0.000029 0.000027 0.000075 0.000142 0.000077 0.000042 
2807808 transpose 1 204 24 0.842000 0.386000  0.000030 0.000027 0.000075 0.000146 0.000077 0.000042 
2807872 transpose 1 204 24 0.842000 0.385000  0.000035 0.000031 0.000083 0.000168 0.000090 0.000046 
2807872 transpose 1 204 24 0.842000 0.386000  0.000029 0.000027 0.000075 0.000140 0.000076 0.000041 
2807936 transpose 1 204 24 0.842000 0.385000  0.000033 0.000028 0.000078 0.000162 0.000084 0.000044 
2807936 transpose 1 204 24 0.842000 0.385000  0.000029 0.000027 0.000075 0.000141 0.000076 0.000041 
2808000 transpose 1 204 24 0.842000 0.385000  0.000018 0.000016 0.000043 0.000086 0.000046 0.000024 
2808000 transpose 1 204 24 0.842000 0.386000  0.000017 0.000015 0.000042 0.000084 0.000044 0.000023 
2808064 transpose 1 204 24 0.842000 0.462000  0.000019 0.000016 0.000046 0.000097 0.000047 0.000025 
2808064 transpose 1 204 24 0.842000 0.386000  0.000021 0.000018 0.000047 0.000099 0.000051 0.000026 
2808128 transpose 1 204 24 0.842000 0.462000  0.000021 0.000017 0.000046 0.000091 0.000046 0.000024 
2808128 transpose 1 204 24 0.842000 0.386000  0.000020 0.000016 0.000045 0.000093 0.000050 0.000026 
2808128 transpose 1 204 24 0.842000 0.385000  0.000017 0.000015 0.000042 0.000080 0.000044 0.000023 
2808192 transpose 1 204 24 0.842000 0.462000  0.000018 0.000016 0.000045 0.000091 0.000046 0.000024 
2808192 transpose 1 204 24 0.842000 0.386000  0.000016 0.000015 0.000041 0.000079 0.000043 0.000023 
2808256 transpose 1 204 24 0.842000 0.462000  0.000021 0.000016 0.000044 0.000090 0.000047 0.000025 
2808256 transpose 1 204 24 0.842000 0.385000  0.000018 0.000015 0.000041 0.000082 0.000043 0.000023 
2808320 transpose 1 204 24 0.842000 0.463000  0.000019 0.000016 0.000046 0.000118 0.000053 0.000026 
2808320 transpose 1 204 24 0.842000 0.385000  0.000160 0.000129 0.000357 0.000750 0.000367 0.000198 
2808384 transpose 1 204 24 0.842000 0.462000  0.000017 0.000016 0.000043 0.000083 0.000045 0.000024 
2808448 transpose 1 204 24 0.842000 0.308000  0.000016 0.000610 0.001243 0.002461 0.000757 0.000304 
2808448 transpose 1 204 24 0.842000 0.385000  0.000135 0.000125 0.000348 0.000707 0.000367 0.000196 
2808512 transpose 1 204 24 0.842000 0.462000  0.000144 0.000131 0.000363 0.000733 0.000410 0.000213 
2808512 transpose 1 204 24 0.842000 0.385000  0.000016 0.000015 0.000041 0.000077 0.000042 0.000023 
2808512 transpose 1 204 24 0.842000 0.386000  0.000016 0.000015 0.000043 0.000086 0.000047 0.000024 
2808576 transpose 1 204 24 0.842000 0.385000  0.000017 0.000023 0.000055 0.000135 0.000065 0.000032 
2808640 transpose 1 204 24 0.842000 0.385000  0.000016 0.000016 0.000044 0.000087 0.000044 0.000023 
2808640 transpose 1 204 24 0.842000 0.385000  0.000018 0.000023 0.000059 0.000161 0.000069 0.000033 
2808704 transpose 1 204 24 0.842000 0.462000  0.000004 0.000004 0.000011 0.000022 0.000014 0.000007 
2808704 transpose 1 204 24 0.842000 0.539000  0.000004 0.000004 0.000011 0.000022 0.000014 0.000007 
2808768 transpose 1 204 24 0.842000 0.462000  0.000016 0.000015 0.000041 0.000077 0.000042 0.000022 
2808768 transpose 1 204 24 0.842000 0.463000  0.000019 0.000016 0.000045 0.000095 0.000047 0.000025 
2808832 transpose 1 204 24 0.842000 0.385000  0.075801 0.055486 0.111711 0.075919 0.035579 0.013745 
2808832 transpose 1 204 24 0.842000 0.462000  0.000027 0.000025 0.000069 0.000135 0.000074 0.000040 
2808896 transpose 1 204 24 0.842000 0.385000  0.000017 0.000016 0.000043 0.000082 0.000045 0.000024 
2808896 transpose 1 204 24 0.842000 0.385000  0.000019 0.000016 0.000046 0.000094 0.000047 0.000025 
2808960 transpose 1 204 24 0.842000 0.386000  0.042008 0.121017 0.044259 0.121040 0.000016 0.002453 
2808960 transpose 1 204 24 0.842000 0.385000  0.000021 0.000152 0.000085 0.000328 0.000000 0.000015 
2809024 transpose 1 204 24 0.842000 0.385000  0.000021 0.000017 0.000046 0.000104 0.000051 0.000025 
2809024 transpose 1 204 24 0.842000 0.385000  0.000021 0.000016 0.000046 0.000097 0.000050 0.000026 
2809088 transpose 1 204 24 0.842000 0.462000  0.000018 0.000015 0.000041 0.000080 0.000042 0.000023 
