#Timestamp	Benchmark	Run(#)	CPU Frequency (MHz)	CPU Temperature(C)	CPU Voltage(V)	CPU Power(W)	CPU_CYCLES	L1_DATA_CACHE_ACCESS	INSTRUCTIONS_RETIRED	BUS_CYCLES	L1I_CACHE_ACCESS	PREDICTABLE_BRANCH_SPECULATIVELY_EXECUTED
6232384 convolutionTexture 1 1555 29 1.130000 2.081000  0.000038 0.000024 0.000068 0.000170 0.000078 0.000039 
6232384 convolutionTexture 1 1555 29 1.130000 2.775000  -3.780302 -7.504846 0.495326 -3.780030 5.016662 1.182152 
6232448 convolutionTexture 1 1555 29 1.130000 2.003000  0.000065 0.000051 0.000146 0.000320 0.000181 0.000090 
6232448 convolutionTexture 1 1555 29 1.130000 2.388000  0.000095 0.000049 0.000142 0.000393 0.000177 0.000088 
6232448 convolutionTexture 1 1555 29 1.130000 2.079000  0.000061 0.000049 0.000141 0.000299 0.000176 0.000087 
6232512 convolutionTexture 1 1555 29 1.130000 2.311000  0.000065 0.000048 0.000139 0.000297 0.000171 0.000086 
6232512 convolutionTexture 1 1555 29 1.130000 2.847000  0.000056 0.000047 0.000134 0.000279 0.000166 0.000083 
6232512 convolutionTexture 1 1555 29 1.130000 2.311000  0.000214 0.000184 0.000504 0.000978 0.000529 0.000281 
6232576 convolutionTexture 1 1555 29 1.130000 1.388000  0.000202 0.000172 0.000480 0.000945 0.000491 0.000266 
6232576 convolutionTexture 1 1555 29 1.130000 2.005000  0.000227 0.000183 0.000506 0.001093 0.000559 0.000288 
6232576 convolutionTexture 1 1555 29 1.130000 1.388000  0.000194 0.000168 0.000471 0.000920 0.000480 0.000260 
6232640 convolutionTexture 1 1555 29 1.130000 1.385000  0.000233 0.000182 0.000508 0.001121 0.000559 0.000284 
6232640 convolutionTexture 1 1555 29 1.130000 2.620000  0.000218 0.000177 0.000490 0.001006 0.000516 0.000270 
6232640 convolutionTexture 1 1555 29 1.130000 1.619000  0.000194 0.000253 0.000617 0.002241 0.000808 0.000380 
6232704 convolutionTexture 1 1555 29 1.130000 2.082000  0.000233 0.000175 0.000506 0.001167 0.000548 0.000279 
6232704 convolutionTexture 1 1555 29 1.130000 2.082000  0.000182 0.000155 0.000431 0.000873 0.000444 0.000239 
6232704 convolutionTexture 1 1555 29 1.130000 1.542000  0.000246 0.000173 0.000470 0.001043 0.000510 0.000260 
6232768 convolutionTexture 1 1555 28 1.130000 1.465000  0.000236 0.000157 0.000449 0.001081 0.000476 0.000250 
6232768 convolutionTexture 1 1555 28 1.130000 0.692000  0.000035 0.000026 0.000073 0.000222 0.000086 0.000042 
6232832 convolutionTexture 1 1555 30 1.130000 1.461000  0.000031 0.000025 0.000069 0.000158 0.000076 0.000039 
6232832 convolutionTexture 1 1555 30 1.130000 0.615000  0.000037 0.000026 0.000071 0.000161 0.000079 0.000040 
6232832 convolutionTexture 1 1555 31 1.130000 0.769000  0.000027 0.000024 0.000069 0.000151 0.000075 0.000038 
6232896 convolutionTexture 1 1555 31 1.130000 0.615000  0.000027 0.000023 0.000064 0.000130 0.000065 0.000035 
6232896 convolutionTexture 1 1555 31 1.130000 1.000000  0.000034 0.000025 0.000069 0.000157 0.000078 0.000039 
6232896 convolutionTexture 1 1555 31 1.130000 1.618000  0.000027 0.000023 0.000063 0.000128 0.000065 0.000036 
6232960 convolutionTexture 1 1555 31 1.130000 1.773000  0.000029 0.000024 0.000066 0.000148 0.000073 0.000038 
6232960 convolutionTexture 1 1555 31 1.130000 1.542000  0.000029 0.000024 0.000067 0.000151 0.000071 0.000037 
6232960 convolutionTexture 1 1555 31 1.130000 1.541000  0.000032 0.000025 0.000070 0.000160 0.000078 0.000039 
6233024 convolutionTexture 1 1555 30 1.130000 2.620000  0.000029 0.000024 0.000066 0.000138 0.000069 0.000036 
6233024 convolutionTexture 1 1555 30 1.130000 1.542000  0.000025 0.000022 0.000063 0.000119 0.000063 0.000035 
6233024 convolutionTexture 1 1555 30 1.130000 2.158000  0.000028 0.000023 0.000066 0.000140 0.000071 0.000037 
6233088 convolutionTexture 1 1555 30 1.130000 1.541000  0.000026 0.000024 0.000065 0.000129 0.000069 0.000036 
6233088 convolutionTexture 1 1555 30 1.130000 1.543000  0.000032 0.000025 0.000067 0.000146 0.000073 0.000038 
6233088 convolutionTexture 1 1555 30 1.130000 2.310000  0.000026 0.000023 0.000065 0.000126 0.000068 0.000036 
6233152 convolutionTexture 1 1555 30 1.130000 1.619000  0.000031 0.000023 0.000064 0.000155 0.000066 0.000035 
6233152 convolutionTexture 1 1555 30 1.130000 2.157000  0.000032 0.000025 0.000070 0.000159 0.000078 0.000039 
6233152 convolutionTexture 1 1555 29 1.130000 1.542000  0.000026 0.000023 0.000064 0.000129 0.000068 0.000037 
6233216 convolutionTexture 1 1555 29 1.130000 1.773000  0.000071 0.000035 0.000083 0.000210 0.000096 0.000053 
6233216 convolutionTexture 1 1555 28 1.130000 2.236000  0.000027 0.000023 0.000064 0.000126 0.000068 0.000036 
6233280 convolutionTexture 1 1555 28 1.130000 1.542000  0.430441 -0.017257 0.390349 -0.017188 0.000035 0.021467 
6233280 convolutionTexture 1 1555 28 1.130000 1.539000  0.000025 0.000023 0.000064 0.000125 0.000067 0.000036 
6233280 convolutionTexture 1 1555 28 1.130000 1.542000  0.000031 0.000024 0.000066 0.000145 0.000073 0.000037 
6233344 convolutionTexture 1 1555 28 1.130000 2.233000  0.000033 0.000024 0.000067 0.000144 0.000072 0.000037 
6233344 convolutionTexture 1 1555 29 1.130000 2.313000  0.000029 0.000023 0.000065 0.000141 0.000070 0.000037 
6233344 convolutionTexture 1 1555 29 1.130000 1.541000  0.000026 0.000022 0.000061 0.000124 0.000062 0.000034 
6233408 convolutionTexture 1 1555 29 1.130000 2.312000  0.000033 0.000024 0.000067 0.000147 0.000073 0.000038 
6233408 convolutionTexture 1 1555 29 1.130000 1.541000  0.000027 0.000023 0.000063 0.000129 0.000066 0.000035 
6233408 convolutionTexture 1 1555 29 1.130000 1.695000  0.000026 0.000023 0.000063 0.000123 0.000067 0.000035 
6233472 convolutionTexture 1 1555 29 1.130000 2.775000  0.000028 0.000023 0.000065 0.000144 0.000073 0.000038 
6233472 convolutionTexture 1 1555 29 1.130000 1.543000  0.000030 0.000023 0.000063 0.000127 0.000065 0.000034 
6233472 convolutionTexture 1 1555 29 1.130000 2.159000  0.000026 0.000023 0.000063 0.000123 0.000067 0.000035 
6233536 convolutionTexture 1 1555 29 1.130000 1.619000  0.000027 0.000023 0.000062 0.000138 0.000064 0.000034 
6233536 convolutionTexture 1 1555 28 1.130000 1.542000  0.000026 0.000023 0.000063 0.000123 0.000066 0.000035 
6233536 convolutionTexture 1 1555 28 1.130000 2.467000  0.000029 0.000023 0.000066 0.000143 0.000071 0.000036 
6233600 convolutionTexture 1 1555 28 1.130000 1.541000  0.000032 0.000025 0.000067 0.000148 0.000073 0.000037 
6233600 convolutionTexture 1 1555 28 1.130000 2.080000  0.000180 0.000085 0.000172 0.000346 0.000153 0.000078 
6233600 convolutionTexture 1 1555 28 1.130000 1.619000  0.000032 0.000024 0.000065 0.000140 0.000070 0.000036 
6233664 convolutionTexture 1 1555 28 1.130000 1.542000  0.000027 0.000022 0.000063 0.000133 0.000067 0.000036 
6233664 convolutionTexture 1 1555 28 1.130000 2.466000  0.000028 0.000023 0.000064 0.000143 0.000069 0.000036 
6233664 convolutionTexture 1 1555 28 1.130000 1.619000  0.000032 0.000024 0.000067 0.000142 0.000069 0.000035 
6233728 convolutionTexture 1 1555 28 1.130000 2.311000  0.000026 0.000023 0.000066 0.000172 0.000073 0.000038 
6233728 convolutionTexture 1 1555 28 1.130000 1.542000  0.000028 0.000023 0.000063 0.000136 0.000068 0.000036 
6233792 convolutionTexture 1 1555 28 1.130000 1.540000  0.000029 0.000023 0.000063 0.000124 0.000066 0.000035 
6233792 convolutionTexture 1 1555 29 1.130000 1.540000  0.000026 0.000022 0.000062 0.000137 0.000070 0.000036 
6233792 convolutionTexture 1 1555 29 1.130000 1.773000  0.000025 0.000021 0.000059 0.000117 0.000061 0.000033 
6233856 convolutionTexture 1 1555 29 1.130000 2.465000  0.000027 0.000024 0.000064 0.000139 0.000071 0.000037 
6233856 convolutionTexture 1 1555 29 1.130000 1.541000  0.000027 0.000109 0.000247 0.000807 0.000174 0.000079 
6233856 convolutionTexture 1 1555 28 1.130000 1.542000  0.000027 0.000023 0.000063 0.000135 0.000068 0.000036 
6233920 convolutionTexture 1 1555 29 1.130000 2.235000  0.000026 0.000022 0.000061 0.000121 0.000065 0.000034 
6233920 convolutionTexture 1 1555 29 1.130000 1.695000  0.000027 0.000024 0.000064 0.000132 0.000065 0.000034 
6233920 convolutionTexture 1 1555 28 1.130000 2.465000  0.000176 0.000132 0.000361 0.000827 0.000410 0.000217 
6233984 convolutionTexture 1 1555 28 1.130000 2.157000  0.000025 0.000023 0.000063 0.000139 0.000071 0.000036 
6233984 convolutionTexture 1 1555 28 1.130000 1.542000  0.000032 0.000024 0.000064 0.000142 0.000071 0.000037 
6234048 convolutionTexture 1 1555 28 1.130000 1.695000  0.000176 0.000082 0.000166 0.000337 0.000147 0.000076 
6234048 convolutionTexture 1 1555 28 1.130000 1.617000  0.000030 0.000023 0.000064 0.000139 0.000069 0.000036 
6234048 convolutionTexture 1 1555 28 1.130000 1.542000  0.000029 0.000023 0.000063 0.000137 0.000068 0.000035 
6234112 convolutionTexture 1 1555 28 1.130000 2.312000  0.000043 0.000027 0.000069 0.000171 0.000072 0.000037 
6234112 convolutionTexture 1 1555 28 1.130000 1.619000  0.000026 0.000023 0.000063 0.000128 0.000064 0.000033 
6234112 convolutionTexture 1 1555 28 1.130000 2.235000  0.000027 0.000022 0.000061 0.000135 0.000067 0.000035 
6234176 convolutionTexture 1 1555 28 1.130000 1.542000  0.000024 0.000022 0.000060 0.000117 0.000063 0.000034 
6234176 convolutionTexture 1 1555 28 1.130000 1.617000  0.000183 0.000130 0.000355 0.000824 0.000334 0.000157 
6234176 convolutionTexture 1 1555 28 1.130000 2.389000  0.000026 0.000022 0.000061 0.000135 0.000066 0.000034 
6234240 convolutionTexture 1 1555 28 1.130000 1.619000  0.000027 0.000020 0.000059 0.000135 0.000059 0.000032 
6234240 convolutionTexture 1 1555 28 1.130000 1.924000  0.000031 0.000023 0.000063 0.000139 0.000068 0.000035 
6234240 convolutionTexture 1 1555 29 1.130000 2.312000  0.000034 0.000022 0.000062 0.000142 0.000067 0.000035 
6234304 convolutionTexture 1 1555 29 1.130000 1.773000  0.000031 0.000024 0.000066 0.000151 0.000070 0.000036 
6234304 convolutionTexture 1 1555 29 1.130000 2.005000  0.000173 0.000109 0.000231 0.000419 0.000190 0.000089 
6234368 convolutionTexture 1 1555 29 1.130000 1.772000  0.000026 0.000022 0.000059 0.000118 0.000063 0.000033 
6234368 convolutionTexture 1 1555 28 1.130000 1.696000  0.000031 0.000023 0.000063 0.000137 0.000067 0.000035 
6234368 convolutionTexture 1 1555 28 1.130000 2.234000  0.000027 0.000023 0.000061 0.000139 0.000069 0.000036 
6234432 convolutionTexture 1 1555 28 1.130000 1.773000  0.000030 0.000022 0.000059 0.000122 0.000060 0.000032 
6234432 convolutionTexture 1 1555 28 1.130000 2.236000  0.000027 0.000022 0.000061 0.000133 0.000066 0.000034 
6234432 convolutionTexture 1 1555 28 1.130000 1.773000  0.000025 0.000021 0.000059 0.000122 0.000063 0.000033 
6234496 convolutionTexture 1 1555 28 1.130000 1.773000  0.000027 0.000022 0.000061 0.000132 0.000065 0.000034 
6234496 convolutionTexture 1 1555 28 1.130000 1.775000  0.000027 0.000022 0.000062 0.000140 0.000067 0.000035 
6234496 convolutionTexture 1 1555 28 1.130000 1.850000  0.000029 0.000022 0.000060 0.000123 0.000061 0.000032 
6234560 convolutionTexture 1 1555 28 1.130000 2.234000  0.000219 0.000100 0.000197 0.000438 0.000169 0.000084 
6234560 convolutionTexture 1 1555 28 1.130000 2.158000  0.000025 0.000020 0.000056 0.000112 0.000057 0.000032 
6234560 convolutionTexture 1 1555 28 1.130000 1.850000  0.000028 0.000023 0.000061 0.000134 0.000065 0.000034 
6234624 convolutionTexture 1 1555 28 1.130000 2.700000  0.000025 0.000021 0.000059 0.000122 0.000062 0.000033 
6234624 convolutionTexture 1 1555 28 1.130000 1.773000  0.000026 0.000022 0.000060 0.000127 0.000065 0.000034 
6234624 convolutionTexture 1 1555 28 1.130000 2.312000  0.000027 0.000022 0.000061 0.000133 0.000066 0.000034 
6234688 convolutionTexture 1 1555 29 1.130000 1.773000  0.000032 0.000021 0.000058 0.000126 0.000059 0.000032 
6234688 convolutionTexture 1 1555 29 1.130000 2.159000  0.000030 0.000023 0.000062 0.000139 0.000068 0.000035 
6234688 convolutionTexture 1 1555 29 1.130000 1.773000  0.000026 0.000021 0.000058 0.000128 0.000061 0.000032 
6234752 convolutionTexture 1 1555 29 1.130000 1.773000  0.000029 0.000022 0.000061 0.000134 0.000067 0.000034 
6234752 convolutionTexture 1 1555 29 1.130000 2.234000  0.000024 0.000031 0.000075 0.000162 0.000086 0.000042 
6234816 convolutionTexture 1 1555 29 1.130000 1.773000  0.000024 0.000020 0.000058 0.000125 0.000060 0.000031 
6234816 convolutionTexture 1 1555 28 1.130000 1.770000  0.000023 0.000021 0.000058 0.000112 0.000061 0.000032 
6234816 convolutionTexture 1 1555 28 1.130000 1.773000  0.000026 0.000021 0.000058 0.000128 0.000062 0.000032 
6234880 convolutionTexture 1 1555 28 1.130000 2.159000  0.000030 0.000022 0.000062 0.000136 0.000066 0.000034 
6234880 convolutionTexture 1 1555 28 1.130000 2.541000  0.000023 0.000021 0.000057 0.000111 0.000060 0.000032 
6234880 convolutionTexture 1 1555 28 1.130000 1.928000  0.000032 0.000020 0.000056 0.000126 0.000058 0.000031 
6234944 convolutionTexture 1 1555 29 1.130000 1.768000  0.000023 0.000021 0.000057 0.000111 0.000060 0.000032 
6234944 convolutionTexture 1 1555 29 1.130000 1.773000  0.000030 0.000021 0.000057 0.000127 0.000061 0.000032 
6234944 convolutionTexture 1 1555 28 1.130000 1.772000  0.000031 0.000023 0.000061 0.000135 0.000066 0.000034 
6235008 convolutionTexture 1 1555 28 1.130000 2.314000  0.000024 0.000021 0.000057 0.000111 0.000060 0.000032 
6235008 convolutionTexture 1 1555 28 1.130000 1.773000  0.000022 0.000020 0.000056 0.000123 0.000057 0.000031 
6235008 convolutionTexture 1 1555 28 1.130000 2.308000  0.000023 0.000020 0.000057 0.000123 0.000064 0.000033 
6235072 convolutionTexture 1 1555 28 1.130000 1.773000  0.000024 0.000021 0.000057 0.000119 0.000062 0.000033 
6235072 convolutionTexture 1 1555 28 1.130000 1.773000  0.000031 0.000022 0.000060 0.000133 0.000065 0.000034 
6235136 convolutionTexture 1 1555 28 1.130000 2.541000  0.000025 0.000020 0.000058 0.000126 0.000062 0.000033 
6235136 convolutionTexture 1 1555 28 1.130000 1.773000  0.000023 0.000020 0.000056 0.000112 0.000059 0.000031 
6235136 convolutionTexture 1 1555 28 1.130000 1.928000  0.000027 0.000021 0.000060 0.000131 0.000064 0.000033 
6235200 convolutionTexture 1 1555 28 1.130000 2.776000  0.000023 0.000020 0.000072 0.000156 0.000072 0.000041 
6235200 convolutionTexture 1 1555 28 1.130000 1.927000  0.000380 0.000069 0.000154 0.000474 0.000127 0.000057 
6235200 convolutionTexture 1 1555 28 1.130000 1.773000  0.000025 0.000020 0.000057 0.000122 0.000061 0.000032 
6235264 convolutionTexture 1 1555 28 1.130000 1.773000  0.000025 0.000020 0.000057 0.000129 0.000064 0.000033 
6235264 convolutionTexture 1 1555 28 1.130000 1.773000  0.000025 0.000021 0.000058 0.000126 0.000060 0.000031 
6235264 convolutionTexture 1 1555 28 1.130000 2.465000  0.000030 0.000022 0.000059 0.000128 0.000064 0.000033 
6235328 convolutionTexture 1 1555 28 1.130000 1.773000  0.000025 0.000020 0.000056 0.000113 0.000060 0.000031 
6235328 convolutionTexture 1 1555 28 1.130000 1.773000  0.000023 0.000022 0.000062 0.000157 0.000067 0.000034 
6235328 convolutionTexture 1 1555 28 1.130000 1.850000  0.000025 0.000020 0.000058 0.000132 0.000063 0.000033 
6235392 convolutionTexture 1 1555 29 1.130000 1.773000  0.000028 0.000022 0.000058 0.000123 0.000059 0.000031 
6235392 convolutionTexture 1 1555 29 1.130000 2.391000  0.000023 0.000030 0.000071 0.000153 0.000082 0.000041 
6235456 convolutionTexture 1 1555 28 1.130000 1.773000  0.000025 0.000020 0.000055 0.000111 0.000058 0.000031 
6235456 convolutionTexture 1 1555 28 1.130000 2.001000  0.000022 0.000020 0.000055 0.000109 0.000058 0.000031 
6235456 convolutionTexture 1 1555 28 1.130000 2.853000  0.000024 0.000020 0.000055 0.000108 0.000058 0.000031 
6235520 convolutionTexture 1 1555 28 1.130000 1.773000  0.000022 0.000019 0.000053 0.000103 0.000054 0.000029 
6235520 convolutionTexture 1 1555 28 1.130000 2.158000  0.000022 0.000020 0.000055 0.000106 0.000057 0.000031 
6235520 convolutionTexture 1 1555 28 1.130000 1.773000  0.000023 0.000021 0.000056 0.000125 0.000062 0.000032 
6235584 convolutionTexture 1 1555 28 1.130000 1.696000  0.000025 0.000020 0.000056 0.000126 0.000063 0.000032 
6235584 convolutionTexture 1 1555 28 1.130000 2.464000  0.000022 0.000020 0.000055 0.000122 0.000062 0.000032 
6235584 convolutionTexture 1 1555 28 1.130000 1.773000  0.000024 0.000020 0.000055 0.000110 0.000055 0.000030 
6235648 convolutionTexture 1 1555 29 1.130000 2.544000  0.000022 0.000020 0.000054 0.000106 0.000058 0.000030 
6235648 convolutionTexture 1 1555 29 1.130000 1.773000  0.000027 0.000020 0.000056 0.000123 0.000061 0.000032 
6235648 convolutionTexture 1 1555 28 1.130000 1.773000  0.000028 0.000021 0.000058 0.000126 0.000063 0.000033 
6235712 convolutionTexture 1 1555 29 1.130000 1.773000  0.000027 0.000021 0.000058 0.000126 0.000062 0.000032 
6235712 convolutionTexture 1 1555 29 1.130000 1.850000  0.000027 0.000021 0.000055 0.000115 0.000056 0.000030 
6235712 convolutionTexture 1 1555 29 1.130000 2.543000  0.000023 0.000020 0.000054 0.000107 0.000057 0.000030 
6235776 convolutionTexture 1 1555 29 1.130000 1.773000  0.000027 0.000020 0.000056 0.000125 0.000061 0.000032 
6235776 convolutionTexture 1 1555 28 1.130000 2.077000  0.000027 0.000021 0.000056 0.000122 0.000060 0.000031 
6235776 convolutionTexture 1 1555 28 1.130000 2.777000  0.000024 0.000020 0.000057 0.000126 0.000061 0.000031 
6235840 convolutionTexture 1 1555 28 1.130000 1.773000  0.000024 0.000020 0.000056 0.000119 0.000060 0.000031 
6235840 convolutionTexture 1 1555 28 1.130000 1.849000  0.000024 0.000020 0.000055 0.000118 0.000058 0.000031 
6235840 convolutionTexture 1 1555 28 1.130000 1.929000  0.000021 0.000018 0.000052 0.000106 0.000055 0.000030 
6235904 convolutionTexture 1 1555 28 1.130000 2.159000  0.000026 0.000020 0.000056 0.000131 0.000062 0.000032 
6235904 convolutionTexture 1 1555 28 1.130000 2.390000  0.000024 0.000019 0.000055 0.000123 0.000058 0.000030 
6235968 convolutionTexture 1 1555 28 1.130000 1.850000  0.000025 0.000020 0.000055 0.000125 0.000059 0.000031 
6235968 convolutionTexture 1 1555 28 1.130000 2.309000  0.000177 0.000098 0.000208 0.000443 0.000161 0.000080 
