#Timestamp	Benchmark	Run(#)	CPU Frequency (MHz)	CPU Temperature(C)	CPU Voltage(V)	CPU Power(W)	CPU_CYCLES	L1_DATA_CACHE_ACCESS	INSTRUCTIONS_RETIRED	BUS_CYCLES	L1I_CACHE_ACCESS	PREDICTABLE_BRANCH_SPECULATIVELY_EXECUTED
4822848 BlackScholes 1 825 25 0.976000 1.078000  0.000018 0.000016 0.000044 0.000087 0.000059 0.000029 
4822848 BlackScholes 1 825 25 0.976000 1.001000  0.162923 0.047203 0.102378 0.163411 0.054727 0.023958 
4822912 BlackScholes 1 825 25 0.976000 0.616000  0.000023 0.000019 0.000050 0.000126 0.000055 0.000028 
4822912 BlackScholes 1 825 25 0.976000 0.924000  0.173182 0.050292 0.109318 0.173524 0.058431 0.025349 
4822912 BlackScholes 1 825 26 0.976000 0.925000  0.000097 0.000087 0.000238 0.000494 0.000254 0.000133 
4822976 BlackScholes 1 825 26 0.976000 0.693000  0.000018 0.000015 0.000043 0.000081 0.000044 0.000024 
4822976 BlackScholes 1 825 25 0.976000 0.848000  0.000021 0.000017 0.000046 0.000100 0.000052 0.000026 
4823040 BlackScholes 1 825 25 0.976000 0.616000  0.000017 0.000015 0.000042 0.000081 0.000044 0.000023 
4823040 BlackScholes 1 825 25 0.976000 1.234000  0.000017 0.000016 0.000044 0.000103 0.000050 0.000026 
4823040 BlackScholes 1 825 26 0.976000 0.617000  0.000019 0.000016 0.000046 0.000100 0.000051 0.000026 
4823104 BlackScholes 1 825 26 0.976000 0.617000  0.000020 0.000016 0.000046 0.000099 0.000051 0.000026 
4823104 BlackScholes 1 825 26 0.976000 0.925000  0.000018 0.000016 0.000044 0.000085 0.000047 0.000025 
4823104 BlackScholes 1 825 26 0.976000 0.616000  0.028424 0.008164 0.017349 0.028770 0.009817 0.004265 
4823168 BlackScholes 1 825 26 0.976000 1.002000  0.000087 0.000080 0.000222 0.000420 0.000232 0.000124 
4823168 BlackScholes 1 825 25 0.976000 0.617000  0.011007 0.004708 0.010360 0.011346 0.004934 0.002392 
4823232 BlackScholes 1 825 25 0.976000 0.692000  0.000017 0.000016 0.000044 0.000190 0.000073 0.000034 
4823232 BlackScholes 1 825 26 0.976000 0.925000  0.000018 0.000016 0.000044 0.000088 0.000047 0.000024 
4823232 BlackScholes 1 825 26 0.976000 0.616000  0.000016 0.000015 0.000042 0.000079 0.000043 0.000023 
4823296 BlackScholes 1 825 25 0.976000 1.001000  0.000020 0.000017 0.000045 0.000095 0.000049 0.000025 
4823296 BlackScholes 1 825 26 0.976000 0.693000  0.000023 0.000017 0.000046 0.000101 0.000051 0.000026 
4823296 BlackScholes 1 825 26 0.976000 0.616000  0.000022 0.000017 0.000046 0.000098 0.000051 0.000026 
4823360 BlackScholes 1 825 25 0.976000 1.156000  0.000037 0.000019 0.000061 0.000145 0.000061 0.000033 
4823360 BlackScholes 1 825 25 0.976000 0.616000  0.045959 0.010980 0.023344 0.046292 0.013472 0.005807 
4823424 BlackScholes 1 825 26 0.976000 0.847000  0.000020 0.000016 0.000045 0.000097 0.000050 0.000026 
4823424 BlackScholes 1 825 26 0.976000 0.616000  0.000020 0.000016 0.000043 0.000087 0.000046 0.000024 
4823424 BlackScholes 1 825 26 0.976000 0.617000  0.000021 0.000017 0.000046 0.000095 0.000049 0.000025 
4823488 BlackScholes 1 825 25 0.976000 1.157000  0.000041 0.000018 0.000047 0.000111 0.000050 0.000025 
4823488 BlackScholes 1 825 25 0.976000 0.616000  0.000017 0.000015 0.000042 0.000078 0.000043 0.000023 
4823488 BlackScholes 1 825 26 0.976000 1.002000  0.000022 0.000017 0.000046 0.000097 0.000050 0.000025 
4823552 BlackScholes 1 825 26 0.976000 0.694000  0.064691 0.015075 0.031213 0.064997 0.018941 0.007922 
4823552 BlackScholes 1 825 26 0.976000 0.924000  0.000017 0.000016 0.000043 0.000082 0.000045 0.000024 
4823616 BlackScholes 1 825 26 0.976000 0.617000  0.000018 0.000016 0.000043 0.000083 0.000045 0.000024 
4823616 BlackScholes 1 825 26 0.976000 0.692000  0.000037 0.000020 0.000051 0.000116 0.000054 0.000028 
4823616 BlackScholes 1 825 25 0.976000 1.078000  0.000018 0.000016 0.000043 0.000083 0.000046 0.000024 
4823680 BlackScholes 1 825 25 0.976000 0.616000  0.000017 0.000016 0.000043 0.000082 0.000045 0.000024 
4823680 BlackScholes 1 825 25 0.976000 0.924000  0.000017 0.000016 0.000043 0.000081 0.000045 0.000024 
4823680 BlackScholes 1 825 25 0.976000 0.616000  0.000016 0.000015 0.000041 0.000077 0.000042 0.000023 
4823744 BlackScholes 1 825 25 0.976000 1.310000  0.000024 0.000021 0.000055 0.000133 0.000056 0.000028 
4823744 BlackScholes 1 825 25 0.976000 0.616000  0.101409 0.028317 0.059879 0.101721 0.033073 0.014535 
4823808 BlackScholes 1 825 25 0.976000 1.002000  0.000017 0.000016 0.000056 0.000116 0.000064 0.000033 
4823808 BlackScholes 1 825 26 0.976000 1.002000  0.000082 0.000072 0.000199 0.000424 0.000223 0.000116 
4823808 BlackScholes 1 825 26 0.976000 0.617000  0.000016 0.000015 0.000041 0.000079 0.000042 0.000023 
4823872 BlackScholes 1 825 25 0.976000 0.925000  0.000017 0.000015 0.000042 0.000081 0.000045 0.000024 
4823872 BlackScholes 1 825 25 0.976000 0.617000  0.000016 0.000014 0.000041 0.000077 0.000041 0.000022 
4823872 BlackScholes 1 825 25 0.976000 1.001000  0.000020 0.000016 0.000044 0.000093 0.000048 0.000025 
4823936 BlackScholes 1 825 25 0.976000 0.616000  0.000018 0.000015 0.000042 0.000086 0.000046 0.000024 
4823936 BlackScholes 1 825 25 0.976000 0.925000  0.000019 0.000017 0.000045 0.000092 0.000048 0.000025 
4823936 BlackScholes 1 825 25 0.976000 1.156000  0.000017 0.000015 0.000042 0.000080 0.000045 0.000024 
4824000 BlackScholes 1 825 25 0.976000 0.694000  0.000017 0.000015 0.000042 0.000081 0.000045 0.000024 
4824000 BlackScholes 1 825 25 0.976000 1.001000  0.000020 0.000016 0.000044 0.000093 0.000048 0.000025 
4824064 BlackScholes 1 825 25 0.976000 0.617000  0.000016 0.000014 0.000040 0.000077 0.000041 0.000022 
4824064 BlackScholes 1 825 25 0.976000 0.693000  0.000020 0.000016 0.000043 0.000094 0.000048 0.000024 
4824064 BlackScholes 1 825 25 0.976000 1.309000  0.003150 0.000803 0.001530 0.003234 0.001129 0.000417 
4824128 BlackScholes 1 825 25 0.976000 0.926000  0.000004 0.000004 0.000011 0.000021 0.000014 0.000007 
4824128 BlackScholes 1 825 25 0.976000 0.617000  0.000022 0.000016 0.000044 0.000113 0.000050 0.000025 
4824128 BlackScholes 1 825 25 0.976000 0.616000  0.000016 0.000015 0.000042 0.000079 0.000044 0.000023 
4824192 BlackScholes 1 825 25 0.976000 0.617000  0.000017 0.000015 0.000042 0.000080 0.000044 0.000023 
4824192 BlackScholes 1 825 25 0.976000 0.617000  0.000016 0.000014 0.000040 0.000079 0.000041 0.000022 
4824256 BlackScholes 1 825 25 0.976000 0.925000  0.000017 0.000015 0.000041 0.000080 0.000045 0.000023 
4824256 BlackScholes 1 825 25 0.976000 0.617000  0.000016 0.000014 0.000040 0.000076 0.000041 0.000022 
4824256 BlackScholes 1 825 25 0.976000 0.925000  0.000020 0.000016 0.000044 0.000093 0.000048 0.000024 
4824320 BlackScholes 1 825 25 0.976000 0.849000  0.000022 0.000016 0.000044 0.000098 0.000049 0.000025 
4824320 BlackScholes 1 825 25 0.976000 0.925000  0.000019 0.000016 0.000044 0.000094 0.000055 0.000027 
4824320 BlackScholes 1 825 25 0.976000 1.079000  0.000021 0.000016 0.000044 0.000095 0.000049 0.000025 
4824384 BlackScholes 1 825 26 0.976000 0.616000  0.000020 0.000015 0.000040 0.000102 0.000051 0.000026 
4824384 BlackScholes 1 825 26 0.976000 0.925000  0.000021 0.000016 0.000043 0.000093 0.000048 0.000025 
4824448 BlackScholes 1 825 25 0.976000 0.617000  0.179551 0.052151 0.114476 0.179807 0.048823 0.024237 
4824448 BlackScholes 1 825 25 0.976000 0.616000  0.000120 0.000397 0.000904 0.000720 0.000394 0.000219 
4824448 BlackScholes 1 825 25 0.976000 0.925000  0.000102 0.000039 0.000084 0.000199 0.000087 0.000039 
4824512 BlackScholes 1 825 25 0.976000 0.616000  0.008417 0.005676 0.015611 0.031699 0.016083 0.008538 
4824512 BlackScholes 1 825 25 0.976000 0.770000  0.000016 0.000015 0.000041 0.000078 0.000043 0.000023 
4824576 BlackScholes 1 825 25 0.976000 1.079000  0.000017 0.000015 0.000041 0.000080 0.000043 0.000023 
4824576 BlackScholes 1 825 26 0.976000 0.616000  0.000020 0.000016 0.000043 0.000094 0.000048 0.000025 
4824576 BlackScholes 1 825 26 0.976000 1.002000  0.000017 0.000015 0.000041 0.000079 0.000043 0.000023 
4824640 BlackScholes 1 825 25 0.976000 0.617000  0.000015 0.000014 0.000039 0.000075 0.000040 0.000022 
4824640 BlackScholes 1 825 25 0.976000 0.923000  0.000016 0.000015 0.000040 0.000078 0.000043 0.000023 
4824640 BlackScholes 1 825 25 0.976000 0.848000  0.593041 0.107621 0.218479 0.602835 0.149350 0.060255 
4824704 BlackScholes 1 825 26 0.976000 0.616000  0.000019 0.000016 0.000042 0.000089 0.000046 0.000024 
4824704 BlackScholes 1 825 26 0.976000 0.617000  0.000016 0.000015 0.000040 0.000077 0.000042 0.000023 
4824768 BlackScholes 1 825 26 0.976000 0.616000  0.000016 0.000015 0.000040 0.000089 0.000047 0.000024 
4824768 BlackScholes 1 825 25 0.976000 1.079000  0.000017 0.000015 0.000040 0.000079 0.000043 0.000022 
4824768 BlackScholes 1 825 25 0.976000 0.925000  0.733940 0.153350 0.316861 0.740280 0.199731 0.082286 
4824832 BlackScholes 1 825 26 0.976000 1.002000  0.000019 0.000015 0.000057 0.000171 0.000059 0.000028 
4824832 BlackScholes 1 825 26 0.976000 0.770000  0.776471 0.162588 0.329931 0.783057 0.207196 0.085430 
4824896 BlackScholes 1 825 26 0.976000 0.615000  0.000016 0.000014 0.000039 0.000076 0.000039 0.000021 
4824896 BlackScholes 1 825 26 0.976000 0.615000  0.000019 0.000015 0.000041 0.000088 0.000044 0.000024 
4824896 BlackScholes 1 825 26 0.976000 0.384000  0.000015 0.000014 0.000039 0.000075 0.000039 0.000021 
4824960 BlackScholes 1 825 27 0.976000 0.615000  0.000020 0.000015 0.000042 0.000094 0.000047 0.000023 
4824960 BlackScholes 1 825 27 0.976000 0.538000  0.000016 0.000014 0.000038 0.000076 0.000039 0.000021 
4825024 BlackScholes 1 825 27 0.976000 0.692000  0.000017 0.000015 0.000042 0.000090 0.000045 0.000024 
4825024 BlackScholes 1 825 28 0.976000 0.384000  0.000016 0.000014 0.000038 0.000076 0.000039 0.000021 
4825024 BlackScholes 1 825 28 0.976000 0.615000  0.000018 0.000014 0.000041 0.000090 0.000046 0.000024 
4825088 BlackScholes 1 825 28 0.976000 0.384000  0.000016 0.000014 0.000038 0.000075 0.000039 0.000021 
4825088 BlackScholes 1 825 28 0.976000 0.922000  0.000020 0.000015 0.000043 0.000095 0.000047 0.000024 
4825088 BlackScholes 1 825 28 0.976000 0.384000  0.000033 0.000016 0.000042 0.000093 0.000042 0.000022 
4825152 BlackScholes 1 825 28 0.976000 0.846000  0.000018 0.000015 0.000041 0.000088 0.000045 0.000023 
4825152 BlackScholes 1 825 28 0.976000 0.615000  0.000016 0.000014 0.000038 0.000073 0.000039 0.000021 
4825216 BlackScholes 1 825 28 0.976000 0.692000  0.000017 0.000015 0.000041 0.000088 0.000045 0.000023 
4825216 BlackScholes 1 825 28 0.976000 0.461000  0.000016 0.000014 0.000038 0.000145 0.000052 0.000026 
4825216 BlackScholes 1 825 28 0.976000 0.692000  0.000016 0.000021 0.000051 0.000152 0.000061 0.000030 
4825280 BlackScholes 1 825 28 0.976000 0.692000  0.000017 0.000014 0.000038 0.000077 0.000041 0.000022 
4825280 BlackScholes 1 825 28 0.976000 0.538000  0.000019 0.000015 0.000041 0.000091 0.000046 0.000024 
4825280 BlackScholes 1 825 28 0.976000 0.384000  0.000016 0.000014 0.000039 0.000079 0.000041 0.000022 
4825344 BlackScholes 1 825 28 0.976000 0.615000  0.000016 0.000014 0.000039 0.000076 0.000042 0.000022 
4825344 BlackScholes 1 825 28 0.976000 0.692000  0.000016 0.000014 0.000039 0.000077 0.000042 0.000022 
4825408 BlackScholes 1 825 28 0.976000 0.384000  0.000016 0.000014 0.000039 0.000077 0.000044 0.000023 
4825408 BlackScholes 1 825 28 0.976000 0.692000  0.000016 0.000014 0.000039 0.000077 0.000042 0.000022 
4825408 BlackScholes 1 825 28 0.976000 0.692000  0.000016 0.000014 0.000039 0.000076 0.000041 0.000022 
4825472 BlackScholes 1 825 28 0.976000 0.538000  0.000016 0.000014 0.000039 0.000076 0.000042 0.000022 
4825472 BlackScholes 1 825 28 0.976000 0.384000  0.000015 0.000013 0.000037 0.000073 0.000041 0.000021 
4825472 BlackScholes 1 825 28 0.976000 0.615000  0.000018 0.000014 0.000039 0.000081 0.000041 0.000022 
4825536 BlackScholes 1 825 28 0.976000 0.384000  0.000015 0.000013 0.000037 0.000073 0.000038 0.000021 
4825536 BlackScholes 1 825 28 0.976000 0.692000  0.000017 0.000014 0.000039 0.000100 0.000049 0.000028 
4825600 BlackScholes 1 825 28 0.976000 0.538000  0.000035 0.000016 0.000133 0.000247 0.000091 0.000040 
4825600 BlackScholes 1 825 28 0.976000 0.615000  0.000017 0.000014 0.000039 0.000077 0.000041 0.000022 
4825600 BlackScholes 1 825 28 0.976000 0.384000  0.000016 0.000013 0.000037 0.000073 0.000039 0.000021 
4825664 BlackScholes 1 825 28 0.976000 0.692000  0.000015 0.000020 0.000050 0.000123 0.000057 0.000032 
4825664 BlackScholes 1 825 28 0.976000 0.692000  0.614496 -1.389707 0.486769 -1.389603 0.000042 0.039282 
4825664 BlackScholes 1 825 28 0.976000 0.615000  0.000016 0.000014 0.000039 0.000075 0.000041 0.000022 
4825728 BlackScholes 1 825 28 0.976000 0.845000  0.000015 0.000013 0.000037 0.000071 0.000038 0.000020 
4825728 BlackScholes 1 825 28 0.976000 0.615000  0.000015 0.000014 0.000038 0.000074 0.000040 0.000021 
4825792 BlackScholes 1 825 28 0.976000 0.384000  0.000030 0.000015 0.000041 0.000091 0.000043 0.000022 
4825792 BlackScholes 1 825 29 0.976000 0.692000  0.000017 0.000014 0.000039 0.000084 0.000043 0.000022 
4825792 BlackScholes 1 825 29 0.976000 0.845000  0.000027 0.000017 0.172766 -0.478542 0.000015 0.013900 
4825856 BlackScholes 1 825 29 0.976000 0.384000  0.000017 0.000014 0.000040 0.000085 0.000044 0.000023 
4825856 BlackScholes 1 825 29 0.976000 0.538000  0.000032 0.000016 0.000041 0.000094 0.000042 0.000022 
4825920 BlackScholes 1 825 29 0.976000 0.384000  0.000016 0.000013 0.000037 0.000071 0.000040 0.000021 
4825920 BlackScholes 1 825 29 0.976000 0.692000  0.000019 0.000015 0.000041 0.000090 0.000045 0.000024 
4825920 BlackScholes 1 825 29 0.976000 0.461000  0.000015 0.000013 0.000037 0.000073 0.000037 0.000020 
4825984 BlackScholes 1 825 29 0.976000 0.461000  0.000016 0.000020 0.000049 0.000116 0.000056 0.000028 
4825984 BlackScholes 1 825 29 0.976000 0.384000  0.000017 0.000013 0.000036 0.000072 0.000038 0.000020 
4825984 BlackScholes 1 825 28 0.976000 0.615000  0.000016 0.000014 0.000038 0.000074 0.000040 0.000029 
4826048 BlackScholes 1 825 28 0.976000 0.384000  0.000018 0.000015 0.000040 0.000087 0.000041 0.000021 
4826048 BlackScholes 1 825 28 0.976000 0.692000  0.000223 0.000171 0.000474 0.001063 0.000525 0.000269 
4826112 BlackScholes 1 825 29 0.976000 0.615000  0.000190 0.000158 0.000440 0.000879 0.000457 0.000245 
4826112 BlackScholes 1 825 29 0.976000 0.615000  0.003172 0.004153 0.009956 0.021669 0.012240 0.006001 
4826112 BlackScholes 1 825 29 0.976000 0.692000  0.002420 0.002261 0.006008 0.013487 0.006316 0.003249 
4826176 BlackScholes 1 825 29 0.976000 0.845000  0.001989 0.001758 0.004862 0.009521 0.005103 0.002709 
4826176 BlackScholes 1 825 29 0.976000 0.845000  0.001580 0.001342 0.003750 0.007537 0.003888 0.002068 
4826176 BlackScholes 1 825 29 0.976000 0.692000  0.001460 0.001302 0.003592 0.007043 0.003791 0.002007 
4826240 BlackScholes 1 825 29 0.976000 0.769000  0.001278 0.001093 0.003044 0.005988 0.003166 0.001683 
4826240 BlackScholes 1 825 29 0.976000 0.845000  0.001328 0.001070 0.003053 0.006442 0.003349 0.001723 
4826304 BlackScholes 1 825 29 0.976000 0.384000  0.001180 0.001004 0.002772 0.005699 0.002959 0.001543 
4826304 BlackScholes 1 825 29 0.976000 0.538000  0.001237 0.001258 0.003178 0.007719 0.003290 0.001658 
4826304 BlackScholes 1 825 29 0.976000 0.615000  0.001068 0.000910 0.002567 0.005551 0.002854 0.001470 
4826368 BlackScholes 1 825 29 0.976000 0.384000  0.001040 0.000874 0.002414 0.004971 0.002497 0.001282 
4826368 BlackScholes 1 825 29 0.976000 0.692000  0.000796 0.000742 0.002108 0.004556 0.002329 0.001216 
4826368 BlackScholes 1 825 29 0.976000 0.461000  0.000905 0.000694 0.001898 0.003778 0.001935 0.001036 
4826432 BlackScholes 1 825 29 0.976000 0.615000  0.000732 0.000642 0.001801 0.003960 0.002019 0.001050 
4826432 BlackScholes 1 825 29 0.976000 0.384000  0.000646 0.000576 0.001613 0.003135 0.001643 0.000893 
4826496 BlackScholes 1 825 29 0.976000 0.538000  0.000721 0.000580 0.001783 0.004262 0.001911 0.000959 
4826496 BlackScholes 1 825 29 0.976000 0.384000  0.000601 0.000526 0.001471 0.002893 0.001512 0.000815 
4826496 BlackScholes 1 825 29 0.976000 0.615000  0.000651 0.000524 0.001436 0.002978 0.001535 0.000811 
4826560 BlackScholes 1 825 29 0.976000 0.461000  0.000603 0.000482 0.001347 0.002750 0.001403 0.000744 
4826560 BlackScholes 1 825 29 0.976000 0.769000  0.000591 0.000507 0.001398 0.003102 0.001582 0.000809 
4826560 BlackScholes 1 825 29 0.976000 0.461000  0.000533 0.000458 0.001288 0.002526 0.001312 0.000709 
4826624 BlackScholes 1 825 29 0.976000 0.461000  0.000555 0.000706 0.001674 0.003998 0.002032 0.000966 
4826624 BlackScholes 1 825 29 0.976000 0.461000  0.000511 0.000435 0.001210 0.002403 0.001243 0.000672 
4826624 BlackScholes 1 825 29 0.976000 0.538000  0.000511 0.000438 0.001196 0.002354 0.001295 0.000677 
4826688 BlackScholes 1 825 29 0.976000 0.384000  0.000477 0.000404 0.001175 0.002786 0.001266 0.000660 
4826688 BlackScholes 1 825 29 0.976000 0.615000  0.000477 0.000397 0.001111 0.002353 0.001206 0.000630 
4826752 BlackScholes 1 825 29 0.976000 0.769000  0.000429 0.000367 0.001030 0.002068 0.001059 0.000571 
4826752 BlackScholes 1 825 29 0.976000 0.692000  0.000485 0.000396 0.001119 0.002411 0.001202 0.000632 
4826752 BlackScholes 1 825 29 0.976000 0.768000  0.000413 0.000358 0.001059 0.002413 0.001097 0.000577 
4826816 BlackScholes 1 825 29 0.976000 0.692000  0.000521 0.000399 0.001076 0.002386 0.001180 0.000604 
4826816 BlackScholes 1 825 29 0.976000 0.384000  0.000392 0.000374 0.001060 0.002299 0.001080 0.000562 
4826816 BlackScholes 1 825 29 0.976000 0.846000  0.000383 0.000356 0.001259 0.002543 0.001243 0.000714 
4826880 BlackScholes 1 825 29 0.976000 0.922000  0.000384 0.000340 0.000933 0.001808 0.000984 0.000523 
4826880 BlackScholes 1 825 29 0.976000 0.384000  0.000385 0.000324 0.000910 0.001899 0.000966 0.000505 
4826944 BlackScholes 1 825 29 0.976000 0.692000  0.000409 0.000324 0.000895 0.001918 0.000992 0.000513 
4826944 BlackScholes 1 825 29 0.976000 0.384000  0.000343 0.000294 0.000818 0.001741 0.000853 0.000458 
4826944 BlackScholes 1 825 29 0.976000 0.538000  0.000434 0.000325 0.000877 0.001949 0.000992 0.000507 
4827008 BlackScholes 1 825 29 0.976000 0.384000  0.000337 0.000283 0.000792 0.001609 0.000808 0.000438 
4827008 BlackScholes 1 825 29 0.976000 0.461000  0.000347 0.000296 0.000813 0.001687 0.000880 0.000466 
4827008 BlackScholes 1 825 29 0.976000 0.384000  0.000323 0.000276 0.000771 0.001501 0.000786 0.000427 
4827072 BlackScholes 1 825 29 0.976000 0.769000  0.000333 0.000286 0.000834 0.002087 0.000891 0.000453 
4827072 BlackScholes 1 825 29 0.976000 0.692000  0.000339 0.000266 0.000742 0.001568 0.000777 0.000410 
4827136 BlackScholes 1 825 29 0.976000 0.846000  0.000410 0.000298 0.000802 0.001803 0.000899 0.000458 
4827136 BlackScholes 1 825 29 0.976000 0.384000  0.000300 0.000258 0.000733 0.001469 0.000756 0.000402 
4827136 BlackScholes 1 825 29 0.976000 0.538000  0.000302 0.000268 0.000736 0.001528 0.000780 0.000412 
4827200 BlackScholes 1 825 29 0.976000 0.384000  0.000278 0.000250 0.000700 0.001404 0.000720 0.000387 
4827200 BlackScholes 1 825 29 0.976000 1.078000  0.000016 0.000109 0.000062 0.000214 0.000000 0.000011 
4827200 BlackScholes 1 825 28 0.976000 0.847000  0.000014 0.000087 0.000052 0.000182 0.000000 0.000009 
4827264 BlackScholes 1 825 28 0.976000 0.925000  0.000016 0.000101 0.000062 0.000211 0.000000 0.000011 
4827264 BlackScholes 1 825 28 0.976000 0.771000  0.000014 0.000085 0.000052 0.000171 0.000000 0.000009 
4827264 BlackScholes 1 825 28 0.976000 0.616000  0.000015 0.000096 0.000060 0.000198 0.000000 0.000010 
4827328 BlackScholes 1 825 27 0.976000 0.925000  0.000016 0.000105 0.000061 0.000208 0.000000 0.000010 
4827328 BlackScholes 1 825 27 0.976000 0.694000  0.000016 0.000097 0.000061 0.000203 0.000000 0.000011 
4827392 BlackScholes 1 825 27 0.976000 1.001000  0.000015 0.000099 0.000062 0.000202 0.000000 0.000010 
4827392 BlackScholes 1 825 27 0.976000 0.771000  0.000013 0.000080 0.000051 0.000166 0.000000 0.000010 
4827392 BlackScholes 1 825 27 0.976000 0.925000  0.000087 0.000566 0.000346 0.001182 0.000000 0.000053 
4827456 BlackScholes 1 825 27 0.976000 1.233000  0.000016 0.000101 0.000056 0.000185 0.000000 0.000010 
4827456 BlackScholes 1 825 27 0.976000 0.617000  0.000015 0.000093 0.000059 0.000197 0.000000 0.000010 
4827456 BlackScholes 1 825 27 0.976000 0.925000  0.000014 0.000083 0.000055 0.000169 0.000000 0.000010 
4827520 BlackScholes 1 825 27 0.976000 0.617000  0.000013 0.000153 0.000069 0.000238 0.000000 0.000010 
4827520 BlackScholes 1 825 27 0.976000 0.926000  0.000014 0.000094 0.000058 0.000192 0.000000 0.000010 
4827584 BlackScholes 1 825 26 0.976000 0.617000  0.000013 0.000078 0.000051 0.000162 0.000000 0.000009 
4827584 BlackScholes 1 825 26 0.976000 0.616000  0.000016 0.000097 0.000059 0.000195 0.000000 0.000010 
4827584 BlackScholes 1 825 26 0.976000 0.616000  0.000014 0.000082 0.000055 0.000169 0.000000 0.000010 
4827648 BlackScholes 1 825 26 0.976000 0.693000  0.000015 0.000096 0.000059 0.000200 0.000000 0.000010 
4827648 BlackScholes 1 825 26 0.976000 0.925000  0.000015 0.000095 0.000059 0.000196 0.000000 0.000010 
4827648 BlackScholes 1 825 26 0.976000 0.616000  0.000013 0.000099 0.000055 0.000184 0.000000 0.000009 
4827712 BlackScholes 1 825 26 0.976000 0.771000  0.000117 0.000096 0.000264 0.000549 0.000283 0.000148 
4827712 BlackScholes 1 825 26 0.976000 0.617000  0.000137 0.000090 0.000248 0.000521 0.000255 0.000136 
4827712 BlackScholes 1 825 26 0.976000 0.924000  0.000110 0.000093 0.000259 0.000540 0.000284 0.000146 
4827776 BlackScholes 1 825 26 0.976000 1.079000  0.000095 0.000086 0.000241 0.000454 0.000246 0.000133 
4827776 BlackScholes 1 825 26 0.976000 0.925000  0.000124 0.000097 0.000265 0.000558 0.000291 0.000151 
4827840 BlackScholes 1 825 26 0.976000 0.616000  0.000116 0.000095 0.000261 0.000556 0.000290 0.000150 
4827840 BlackScholes 1 825 26 0.976000 1.079000  0.000122 0.000099 0.000267 0.000571 0.000289 0.000148 
4827840 BlackScholes 1 825 26 0.976000 1.078000  0.000113 0.000095 0.000261 0.000539 0.000283 0.000145 
4827904 BlackScholes 1 825 26 0.976000 0.616000  0.000095 0.000084 0.000236 0.000451 0.000240 0.000130 
4827904 BlackScholes 1 825 26 0.976000 0.694000  0.000191 0.000104 0.000272 0.000632 0.000304 0.000152 
4827904 BlackScholes 1 825 26 0.976000 0.616000  0.000120 0.000095 0.000263 0.000574 0.000290 0.000149 
4827968 BlackScholes 1 825 26 0.976000 0.616000  0.000115 0.000092 0.000255 0.000551 0.000285 0.000147 
4827968 BlackScholes 1 825 26 0.976000 1.079000  0.000102 0.000091 0.000257 0.000533 0.000275 0.000144 
4827968 BlackScholes 1 825 26 0.976000 0.616000  0.000090 0.000083 0.000232 0.000440 0.000239 0.000129 
4828032 BlackScholes 1 825 26 0.976000 0.925000  0.000096 0.000129 0.000310 0.000641 0.000364 0.000177 
4828032 BlackScholes 1 825 26 0.976000 0.694000  0.000077 0.000068 0.000189 0.000359 0.000195 0.000105 
4828096 BlackScholes 1 825 26 0.976000 0.693000  0.000093 0.000073 0.000204 0.000434 0.000681 0.000289 
4828096 BlackScholes 1 825 26 0.976000 1.002000  0.000085 0.000070 0.000198 0.000417 0.000220 0.000115 
4828096 BlackScholes 1 825 26 0.976000 0.616000  0.000073 0.000066 0.000186 0.000355 0.000190 0.000103 
4828160 BlackScholes 1 825 26 0.976000 0.925000  0.000078 0.000103 0.000248 0.000519 0.000291 0.000141 
4828160 BlackScholes 1 825 26 0.976000 0.616000  0.000078 0.000069 0.000191 0.000370 0.000203 0.000107 
4828224 BlackScholes 1 825 26 0.976000 0.616000  0.000073 0.000066 0.000183 0.000364 0.000200 0.000107 
4828224 BlackScholes 1 825 26 0.976000 1.157000  0.000078 0.000069 0.000190 0.000370 0.000201 0.000106 
4828224 BlackScholes 1 825 26 0.976000 0.616000  0.000071 0.000065 0.000182 0.000346 0.000187 0.000101 
4828288 BlackScholes 1 825 26 0.976000 0.925000  0.000076 0.000069 0.000189 0.000364 0.000201 0.000105 
4828288 BlackScholes 1 825 26 0.976000 0.617000  0.602551 0.165405 0.369427 0.602687 0.168854 0.068940 
4828288 BlackScholes 1 825 26 0.976000 1.002000  0.000076 0.000068 0.000188 0.000357 0.000196 0.000105 
4828352 BlackScholes 1 825 26 0.976000 0.617000  0.000069 0.000064 0.000180 0.000342 0.000185 0.000100 
4828352 BlackScholes 1 825 26 0.976000 0.849000  0.000074 0.000099 0.000240 0.000574 0.000275 0.000152 
4828416 BlackScholes 1 825 26 0.976000 1.156000  0.000077 0.000067 0.000185 0.000633 0.000262 0.000125 
4828416 BlackScholes 1 825 26 0.976000 1.002000  0.000093 0.000071 0.000195 0.000414 0.000215 0.000111 
4828416 BlackScholes 1 825 26 0.976000 0.924000  0.000079 0.000067 0.000186 0.000385 0.000201 0.000105 
4828480 BlackScholes 1 825 25 0.976000 0.616000  0.000069 0.000063 0.000176 0.000332 0.000180 0.000097 
4828480 BlackScholes 1 825 26 0.976000 0.847000  0.000515 0.000392 0.001021 0.001860 0.000784 0.000380 
4828480 BlackScholes 1 825 26 0.976000 1.156000  0.000074 0.000065 0.000181 0.000350 0.000191 0.000101 
4828544 BlackScholes 1 825 26 0.976000 0.616000  0.000082 0.000071 0.000195 0.000411 0.000214 0.000110 
4828544 BlackScholes 1 825 26 0.976000 1.078000  0.000089 0.000068 0.000189 0.000406 0.000211 0.000108 
4828608 BlackScholes 1 825 26 0.976000 0.616000  0.000068 0.000062 0.000172 0.000326 0.000176 0.000095 
4828608 BlackScholes 1 825 26 0.976000 1.002000  0.000085 0.000067 0.000186 0.000391 0.000202 0.000104 
4828608 BlackScholes 1 825 26 0.976000 1.002000  0.000068 0.000061 0.000175 0.000359 0.000194 0.000101 
4828672 BlackScholes 1 825 26 0.976000 1.002000  0.000086 0.000068 0.000188 0.000397 0.000207 0.000107 
4828672 BlackScholes 1 825 26 0.976000 1.002000  0.018112 0.072803 0.021279 0.072824 0.000003 0.001283 
4828672 BlackScholes 1 825 26 0.976000 0.616000  0.000013 0.000124 0.000067 0.000205 0.000000 0.000055 
4828736 BlackScholes 1 825 26 0.976000 1.156000  0.000013 0.000076 0.000050 0.000155 0.000000 0.000009 
4828736 BlackScholes 1 825 25 0.976000 0.694000  0.000012 0.000077 0.000048 0.000154 0.000000 0.000008 
4828800 BlackScholes 1 825 26 0.976000 1.002000  0.000014 0.000085 0.000054 0.000181 0.000000 0.000010 
4828800 BlackScholes 1 825 26 0.976000 1.155000  0.000015 0.000095 0.000057 0.000188 0.000000 0.000010 
4828800 BlackScholes 1 825 26 0.976000 0.617000  0.000063 0.000048 0.000132 0.000283 0.000146 0.000075 
4828864 BlackScholes 1 825 26 0.976000 1.079000  0.000086 0.000070 0.000166 0.000421 0.000191 0.000092 
4828864 BlackScholes 1 825 26 0.976000 0.617000  0.000057 0.000043 0.000118 0.000249 0.000133 0.000070 
4828864 BlackScholes 1 825 25 0.976000 0.923000  0.000075 0.000048 0.000131 0.000292 0.000146 0.000074 
4828928 BlackScholes 1 825 25 0.976000 1.078000  0.000051 0.000044 0.000122 0.000241 0.000130 0.000069 
4828928 BlackScholes 1 825 26 0.976000 0.617000  0.000056 0.000045 0.000126 0.000262 0.000137 0.000070 
4828992 BlackScholes 1 825 26 0.976000 0.924000  0.000049 0.000065 0.000156 0.000335 0.000186 0.000089 
4828992 BlackScholes 1 825 26 0.976000 0.616000  0.000047 0.000042 0.000116 0.000225 0.000120 0.000089 
4828992 BlackScholes 1 825 25 0.976000 0.616000  0.000055 0.000046 0.000129 0.000270 0.000140 0.000073 
4829056 BlackScholes 1 825 25 0.976000 1.157000  0.000072 0.000065 0.000177 0.000340 0.000188 0.000099 
4829056 BlackScholes 1 825 25 0.976000 0.617000  0.000058 0.000053 0.000137 0.000298 0.000143 0.000072 
4829056 BlackScholes 1 825 25 0.976000 1.003000  0.000050 0.000043 0.000119 0.000229 0.000126 0.000067 
4829120 BlackScholes 1 825 25 0.976000 0.616000  0.000046 0.000041 0.000114 0.000217 0.000118 0.000063 
4829120 BlackScholes 1 825 25 0.976000 0.924000  0.000049 0.000043 0.000118 0.000229 0.000126 0.000066 
4829184 BlackScholes 1 825 25 0.976000 0.771000  0.020179 0.005709 0.012028 0.020437 0.006677 0.002922 
4829184 BlackScholes 1 825 25 0.976000 0.924000  0.000046 0.000043 0.000118 0.000225 0.000125 0.000066 
4829184 BlackScholes 1 825 25 0.976000 1.157000  0.000047 0.000043 0.000117 0.000228 0.000124 0.000065 
4829248 BlackScholes 1 825 25 0.976000 0.616000  0.000046 0.000042 0.000117 0.000221 0.000122 0.000065 
4829248 BlackScholes 1 825 25 0.976000 0.924000  0.000050 0.000042 0.000117 0.000245 0.000129 0.000067 
4829248 BlackScholes 1 825 25 0.976000 0.617000  0.000043 0.000040 0.000111 0.000209 0.000113 0.000061 
4829312 BlackScholes 1 825 25 0.976000 1.156000  0.000047 0.000052 0.000135 0.000306 0.000145 0.000072 
4829312 BlackScholes 1 825 25 0.976000 0.694000  0.000171 0.000070 0.000185 0.000602 0.000204 0.000103 
4829376 BlackScholes 1 825 25 0.976000 1.003000  0.000057 0.000044 0.000121 0.000256 0.000135 0.000069 
4829376 BlackScholes 1 825 25 0.976000 1.079000  0.064353 0.016031 0.034236 0.064733 0.019354 0.007870 
4829376 BlackScholes 1 825 25 0.976000 0.771000  0.008245 0.029947 0.009615 0.030020 0.000002 0.000595 
4829440 BlackScholes 1 825 25 0.976000 1.001000  0.000055 0.000044 0.000120 0.000262 0.000135 0.000069 
4829440 BlackScholes 1 825 25 0.976000 0.616000  0.000043 0.000039 0.000109 0.000207 0.000112 0.000061 
4829440 BlackScholes 1 825 26 0.976000 0.849000  0.000045 0.000103 0.000269 0.000622 0.000233 0.000107 
4829504 BlackScholes 1 825 26 0.976000 0.616000  0.000048 0.000042 0.000113 0.000221 0.000151 0.000074 
4829504 BlackScholes 1 825 26 0.976000 0.616000  0.000045 0.000041 0.002224 0.001484 0.000904 0.000526 
4829568 BlackScholes 1 825 26 0.976000 0.925000  0.000045 0.000041 0.000144 0.000298 0.000145 0.000082 
4829568 BlackScholes 1 825 26 0.976000 0.616000  0.000046 0.000041 0.000112 0.000214 0.000118 0.000063 
4829568 BlackScholes 1 825 25 0.976000 0.847000  0.000045 0.000041 0.000111 0.000213 0.000165 0.000081 
4829632 BlackScholes 1 825 25 0.976000 1.080000  0.000012 0.000077 0.000050 0.000174 0.000000 0.000009 
4829632 BlackScholes 1 825 25 0.976000 0.616000  0.000042 0.000038 0.000106 0.000202 0.000109 0.000059 
4829696 BlackScholes 1 825 25 0.976000 0.848000  0.000044 0.000040 0.000110 0.000211 0.000116 0.000061 
4829696 BlackScholes 1 825 25 0.976000 0.617000  0.000043 0.000038 0.000106 0.000200 0.000109 0.000058 
4829696 BlackScholes 1 825 25 0.976000 0.924000  0.000045 0.000040 0.000109 0.000212 0.000116 0.000061 
4829760 BlackScholes 1 825 25 0.976000 0.617000  0.000045 0.000040 0.000108 0.000211 0.000116 0.000061 
4829760 BlackScholes 1 825 25 0.976000 0.617000  0.000049 0.000042 0.000114 0.000236 0.000123 0.000064 
4829760 BlackScholes 1 825 25 0.976000 1.002000  0.000047 0.000039 0.000111 0.000232 0.000118 0.000061 
4829824 BlackScholes 1 825 25 0.976000 0.617000  0.000049 0.000042 0.000111 0.000222 0.000115 0.000060 
4829824 BlackScholes 1 825 26 0.976000 0.925000  0.000051 0.000042 0.000115 0.000247 0.000127 0.000065 
4829888 BlackScholes 1 825 26 0.976000 0.617000  0.000041 0.000037 0.000103 0.000201 0.000105 0.000057 
4829888 BlackScholes 1 825 25 0.976000 1.002000  0.000307 0.000228 0.000627 0.001462 0.000711 0.000382 
4829888 BlackScholes 1 825 25 0.976000 1.080000  0.004551 0.020413 0.005643 0.020490 0.000001 0.000346 
4829952 BlackScholes 1 825 25 0.976000 0.617000  0.000050 0.000040 0.000111 0.000236 0.000123 0.000064 
4829952 BlackScholes 1 825 26 0.976000 1.002000  0.000077 0.000061 0.000167 0.000362 0.000201 0.000098 
4829952 BlackScholes 1 825 26 0.976000 0.616000  0.000041 0.000036 0.000102 0.000196 0.000104 0.000056 
4830016 BlackScholes 1 825 26 0.976000 1.079000  0.000045 0.000039 0.000107 0.000222 0.000115 0.000059 
4830016 BlackScholes 1 825 25 0.976000 0.617000  0.000041 0.000036 0.000101 0.000192 0.000104 0.000056 
4830080 BlackScholes 1 825 25 0.976000 0.926000  0.000048 0.000041 0.000110 0.000231 0.000119 0.000062 
4830080 BlackScholes 1 825 26 0.976000 0.694000  0.000045 0.000118 0.000249 0.000538 0.000229 0.000098 
4830080 BlackScholes 1 825 26 0.976000 1.233000  0.000307 0.000225 0.002440 0.002025 0.001093 0.000597 
4830144 BlackScholes 1 825 25 0.976000 0.770000  0.000012 0.000069 0.000046 0.000141 0.000000 0.000008 
4830144 BlackScholes 1 825 26 0.976000 0.616000  0.000012 0.000067 0.000046 0.000143 0.000000 0.000008 
4830208 BlackScholes 1 825 26 0.976000 0.616000  0.000297 0.000955 0.002186 0.001780 0.000948 0.000529 
4830208 BlackScholes 1 825 25 0.976000 0.770000  0.000048 0.000039 0.000106 0.000223 0.000117 0.000059 
4830208 BlackScholes 1 825 25 0.976000 0.616000  0.000039 0.000035 0.000097 0.000184 0.000099 0.000053 
4830272 BlackScholes 1 825 25 0.976000 0.617000  0.000051 0.000039 0.000108 0.000226 0.000116 0.000059 
4830272 BlackScholes 1 825 25 0.976000 0.617000  0.000041 0.000037 0.000100 0.000192 0.000107 0.000056 
4830336 BlackScholes 1 825 25 0.976000 0.616000  0.000043 0.000038 0.000104 0.000219 0.000114 0.000058 
4830336 BlackScholes 1 825 25 0.976000 0.925000  0.000041 0.000036 0.000099 0.000190 0.000105 0.000056 
4830336 BlackScholes 1 825 25 0.976000 0.616000  0.000037 0.000034 0.000095 0.000178 0.000098 0.000053 
4830400 BlackScholes 1 825 25 0.976000 0.924000  0.000061 0.000054 0.000150 0.000289 0.000159 0.000084 
4830400 BlackScholes 1 825 25 0.976000 0.694000  0.004523 0.002155 0.004683 0.004742 0.002199 0.001134 
4830400 BlackScholes 1 825 25 0.976000 0.924000  0.000047 0.000037 0.000103 0.000214 0.000113 0.000058 
4830464 BlackScholes 1 825 25 0.976000 0.617000  0.000040 0.000036 0.000098 0.000189 0.000104 0.000055 
4830464 BlackScholes 1 825 25 0.976000 0.923000  0.000039 0.000035 0.000097 0.000187 0.000103 0.000055 
4830528 BlackScholes 1 825 25 0.976000 1.080000  0.000047 0.000037 0.000101 0.000222 0.000114 0.000058 
4830528 BlackScholes 1 825 25 0.976000 0.617000  0.000037 0.000033 0.000093 0.000177 0.000095 0.000051 
4830528 BlackScholes 1 825 25 0.976000 0.848000  0.000045 0.000037 0.000102 0.000217 0.000120 0.000060 
4830592 BlackScholes 1 825 25 0.976000 0.616000  0.000040 0.000069 0.000164 0.000332 0.000149 0.000073 
4830592 BlackScholes 1 825 25 0.976000 0.617000  0.000048 0.000038 0.000104 0.000222 0.000114 0.000058 
4830592 BlackScholes 1 825 25 0.976000 1.155000  0.000039 0.000035 0.000096 0.000183 0.000101 0.000053 
4830656 BlackScholes 1 825 25 0.976000 0.616000  0.000036 0.000033 0.000092 0.000175 0.000095 0.000051 
4830656 BlackScholes 1 825 25 0.976000 0.847000  0.000042 0.000036 0.000098 0.000208 0.000109 0.000056 
4830720 BlackScholes 1 825 25 0.976000 0.617000  0.000037 0.000033 0.000095 0.000195 0.000104 0.000055 
4830720 BlackScholes 1 825 25 0.976000 0.846000  0.000044 0.000035 0.000096 0.000190 0.000101 0.000053 
4830720 BlackScholes 1 825 25 0.976000 0.616000  0.066701 0.020885 0.044885 0.067064 0.023085 0.010540 
4830784 BlackScholes 1 825 25 0.976000 0.616000  0.000043 0.000035 0.000096 0.000186 0.000101 0.000053 
4830784 BlackScholes 1 825 25 0.976000 0.925000  0.000038 0.000034 0.000094 0.000181 0.000100 0.000053 
4830784 BlackScholes 1 825 25 0.976000 0.616000  0.000011 0.000066 0.000042 0.000135 0.000000 0.000007 
4830848 BlackScholes 1 825 25 0.976000 0.924000  0.000046 0.000036 0.000100 0.000218 0.000112 0.000056 
4830848 BlackScholes 1 825 25 0.976000 0.616000  0.000038 0.000034 0.000093 0.000178 0.000098 0.000070 
4830912 BlackScholes 1 825 25 0.976000 0.617000  0.000042 0.000035 0.000097 0.000206 0.000107 0.000055 
4830912 BlackScholes 1 825 25 0.976000 1.157000  0.000056 0.000050 0.000137 0.000263 0.000144 0.000077 
4830912 BlackScholes 1 825 25 0.976000 0.617000  0.000042 0.000034 0.000092 0.000180 0.000094 0.000050 
4830976 BlackScholes 1 825 25 0.976000 1.003000  0.000037 0.000033 0.000092 0.000183 0.000097 0.000051 
4830976 BlackScholes 1 825 25 0.976000 0.847000  0.000035 0.000031 0.000088 0.000173 0.000090 0.000049 
4830976 BlackScholes 1 825 25 0.976000 1.080000  0.000042 0.000034 0.000095 0.000206 0.000106 0.000055 
4831040 BlackScholes 1 825 25 0.976000 0.847000  0.000038 0.000033 0.000094 0.000187 0.000098 0.000052 
4831040 BlackScholes 1 825 25 0.976000 1.078000  0.000037 0.000033 0.000091 0.000211 0.000102 0.000053 
4831104 BlackScholes 1 825 25 0.976000 1.232000  0.000037 0.000033 0.000091 0.000173 0.000096 0.000051 
4831104 BlackScholes 1 825 25 0.976000 0.924000  0.000043 0.000033 0.000089 0.000177 0.000092 0.000049 
4831104 BlackScholes 1 825 25 0.976000 0.771000  0.000037 0.000033 0.000090 0.000175 0.000096 0.000051 
4831168 BlackScholes 1 825 25 0.976000 0.926000  0.044320 0.015233 0.033776 0.044517 0.016394 0.007486 
