#Timestamp	Benchmark	Run(#)	CPU Frequency (MHz)	CPU Temperature(C)	CPU Voltage(V)	CPU Power(W)	CPU_CYCLES	L1_DATA_CACHE_ACCESS	INSTRUCTIONS_RETIRED	BUS_CYCLES	L1I_CACHE_ACCESS	PREDICTABLE_BRANCH_SPECULATIVELY_EXECUTED
4514048 transpose 1 710 26 0.919000 1.001000  0.000030 0.000022 0.000075 0.000162 0.000087 0.000042 
4783168 transpose 1 710 26 0.919000 1.080000  0.000402 0.000323 0.000904 0.002000 0.001024 0.000497 
4783232 transpose 1 710 26 0.919000 0.539000  0.000084 0.000070 0.000201 0.000401 0.000251 0.000124 
4783232 transpose 1 710 26 0.919000 0.462000  0.000550 0.000310 0.000877 0.002113 0.000957 0.000470 
4783232 transpose 1 710 26 0.919000 0.462000  0.000285 0.000255 0.000716 0.001440 0.000898 0.000447 
4783296 transpose 1 710 26 0.919000 0.848000  0.000331 0.000281 0.000769 0.001632 0.000856 0.000440 
4783296 transpose 1 710 26 0.919000 0.539000  0.000276 0.000257 0.000724 0.001590 0.000755 0.000403 
4783360 transpose 1 710 26 0.919000 0.693000  0.000283 0.000371 0.000894 0.002241 0.001041 0.000569 
4783360 transpose 1 710 26 0.919000 0.771000  0.000277 0.000246 0.000671 0.001318 0.000716 0.000378 
4783360 transpose 1 710 26 0.919000 0.770000  0.000292 0.000257 0.000696 0.001507 0.000776 0.000398 
4783424 transpose 1 710 26 0.919000 0.847000  0.000268 0.000243 0.000669 0.001380 0.000735 0.000386 
4783424 transpose 1 710 26 0.919000 0.539000  0.000247 0.000225 0.000626 0.001216 0.000646 0.000347 
4783424 transpose 1 710 26 0.919000 0.771000  0.000273 0.000342 0.000830 0.001811 0.000972 0.000531 
4783488 transpose 1 710 26 0.919000 0.539000  0.000358 0.000232 0.000647 0.001395 0.000674 0.000351 
4783488 transpose 1 710 26 0.919000 0.693000  0.000250 0.000228 0.000627 0.001221 0.000664 0.000351 
4783552 transpose 1 710 26 0.919000 0.462000  0.000297 0.000231 0.000626 0.001289 0.000664 0.000349 
4783552 transpose 1 710 26 0.919000 0.617000  0.000293 0.000231 0.000647 0.001412 0.000718 0.000369 
4783552 transpose 1 710 26 0.919000 0.693000  0.000252 0.000219 0.000605 0.001211 0.000633 0.000337 
4783616 transpose 1 710 26 0.919000 0.538000  0.000249 0.000218 0.000600 0.001178 0.000637 0.000336 
4783616 transpose 1 710 26 0.919000 0.770000  0.000261 0.000216 0.000604 0.001312 0.000679 0.000341 
4783616 transpose 1 710 26 0.919000 0.462000  0.000226 0.000200 0.000556 0.001094 0.000578 0.000308 
4783680 transpose 1 710 26 0.919000 0.616000  0.000274 0.000216 0.000599 0.001278 0.000643 0.000338 
4783680 transpose 1 710 26 0.919000 0.463000  0.000323 0.000212 0.000589 0.001340 0.000603 0.000320 
4783744 transpose 1 710 26 0.919000 0.694000  0.000230 0.000205 0.000722 0.001495 0.000725 0.000411 
4783744 transpose 1 710 26 0.919000 0.771000  0.000235 0.000200 0.000547 0.001127 0.000580 0.000307 
4783744 transpose 1 710 26 0.919000 0.692000  0.000235 0.000197 0.000543 0.001093 0.000574 0.000307 
4783808 transpose 1 710 26 0.919000 0.770000  0.000231 0.000201 0.000556 0.001184 0.000596 0.000312 
4783808 transpose 1 710 26 0.919000 0.539000  0.000270 0.000216 0.000583 0.001286 0.000645 0.000329 
4783808 transpose 1 710 26 0.919000 0.694000  0.000278 0.000207 0.000563 0.001225 0.000631 0.000319 
4783872 transpose 1 710 26 0.919000 0.462000  0.000199 0.000179 0.000502 0.000967 0.000511 0.000278 
4783872 transpose 1 710 26 0.919000 0.540000  0.001484 0.001101 0.002463 0.004611 0.001848 0.000859 
4783936 transpose 1 710 25 0.919000 0.848000  0.000209 0.000182 0.000500 0.001010 0.000543 0.000280 
4783936 transpose 1 710 25 0.919000 0.462000  0.000206 0.000172 0.000478 0.000955 0.000494 0.000265 
4784000 transpose 1 710 25 0.919000 0.770000  0.000209 0.000193 0.000531 0.001206 0.000576 0.000293 
4784000 transpose 1 710 26 0.919000 0.384000  0.000201 0.000169 0.000469 0.000938 0.000481 0.000260 
4784000 transpose 1 710 26 0.919000 0.615000  0.000513 0.000199 0.000541 0.001424 0.000599 0.000301 
4784064 transpose 1 710 26 0.919000 0.384000  0.000191 0.000166 0.000460 0.000889 0.000476 0.000257 
4784064 transpose 1 710 26 0.919000 0.692000  0.001406 0.000514 0.001047 0.003023 0.001015 0.000434 
4784064 transpose 1 710 26 0.919000 0.384000  0.000189 0.000162 0.000451 0.000881 0.000466 0.000250 
4784128 transpose 1 710 26 0.919000 0.615000  0.000198 0.000251 0.000600 0.001340 0.000712 0.000343 
4784128 transpose 1 710 26 0.919000 0.384000  0.000187 0.000158 0.000467 0.001073 0.000493 0.000256 
4784192 transpose 1 710 26 0.919000 0.615000  0.001358 0.000531 0.001231 0.002471 0.001153 0.000538 
4784192 transpose 1 710 26 0.919000 0.925000  0.000191 0.000162 0.000441 0.000900 0.000470 0.000247 
4784192 transpose 1 710 26 0.919000 0.616000  0.000180 0.000160 0.000438 0.000851 0.000464 0.000246 
4784256 transpose 1 710 26 0.919000 0.925000  0.000179 0.000157 0.000438 0.000942 0.000483 0.000253 
4784256 transpose 1 710 26 0.919000 0.616000  0.000167 0.000146 0.000410 0.000791 0.000420 0.000227 
4784320 transpose 1 710 26 0.919000 0.925000  0.000220 0.000166 0.000455 0.001037 0.000519 0.000257 
4784320 transpose 1 710 26 0.919000 0.617000  0.000163 0.000149 0.000419 0.000857 0.000434 0.000230 
4784320 transpose 1 710 26 0.919000 0.848000  0.000409 0.000171 0.000459 0.001141 0.000509 0.000256 
4784384 transpose 1 710 26 0.919000 0.926000  0.000164 0.000150 0.000413 0.000801 0.000436 0.000231 
4784384 transpose 1 710 26 0.919000 0.694000  0.000209 0.000161 0.000435 0.000946 0.000480 0.000248 
4784384 transpose 1 710 26 0.919000 1.002000  0.000290 0.000172 0.000460 0.001129 0.000492 0.000250 
4784448 transpose 1 710 25 0.919000 0.616000  0.000156 0.000138 0.000387 0.000758 0.000394 0.000215 
4784448 transpose 1 710 25 0.919000 0.925000  0.000165 0.000217 0.000516 0.001126 0.000613 0.000296 
4784512 transpose 1 710 26 0.919000 0.616000  0.000174 0.000146 0.000405 0.000934 0.000427 0.000223 
4784512 transpose 1 710 26 0.919000 0.848000  0.000163 0.000209 0.000503 0.001069 0.000593 0.000287 
4784512 transpose 1 710 26 0.919000 1.002000  0.000084 0.000074 0.000204 0.000389 0.000215 0.000114 
4784576 transpose 1 710 26 0.919000 0.770000  0.000182 0.000149 0.000412 0.000891 0.000457 0.000232 
4784576 transpose 1 710 26 0.919000 0.692000  0.000172 0.000140 0.000380 0.000776 0.000406 0.000213 
4784576 transpose 1 710 26 0.919000 0.615000  0.000153 0.000138 0.000383 0.000795 0.000414 0.000215 
4784640 transpose 1 710 26 0.919000 0.615000  0.000178 0.000132 0.000366 0.000747 0.000373 0.000201 
4784640 transpose 1 710 26 0.919000 0.769000  0.000186 0.000144 0.000387 0.000823 0.000425 0.000218 
4784704 transpose 1 710 26 0.919000 0.692000  0.000186 0.000143 0.000394 0.000852 0.000435 0.000223 
4784704 transpose 1 710 26 0.919000 0.538000  0.000180 0.000133 0.000368 0.000794 0.000414 0.000212 
4784704 transpose 1 710 26 0.919000 0.692000  0.000171 0.000135 0.000367 0.000767 0.000405 0.000211 
4784768 transpose 1 710 26 0.919000 0.461000  0.000173 0.000135 0.000363 0.000833 0.000408 0.000209 
4784768 transpose 1 710 26 0.919000 0.770000  0.000170 0.000130 0.000350 0.000706 0.000371 0.000195 
4784768 transpose 1 710 26 0.919000 0.693000  0.000136 0.000118 0.000329 0.000646 0.000337 0.000182 
4784832 transpose 1 710 26 0.919000 0.925000  0.000141 0.000125 0.000340 0.000662 0.000364 0.000191 
4784832 transpose 1 710 26 0.919000 0.616000  0.000206 0.000137 0.000367 0.000856 0.000376 0.000195 
4784896 transpose 1 710 26 0.919000 0.847000  0.000155 0.000124 0.000345 0.000745 0.000389 0.000200 
4784896 transpose 1 710 26 0.919000 0.847000  0.000137 0.000121 0.000333 0.000659 0.000348 0.000186 
4784896 transpose 1 710 26 0.919000 0.770000  0.000247 0.000146 0.000381 0.000911 0.000402 0.000202 
4784960 transpose 1 710 26 0.919000 0.924000  0.000134 0.000118 0.000325 0.000633 0.000347 0.000182 
4784960 transpose 1 710 26 0.919000 0.617000  0.000127 0.000112 0.000311 0.000598 0.000323 0.000178 
4785024 transpose 1 710 26 0.919000 0.849000  0.000132 0.000120 0.000327 0.000857 0.000392 0.000199 
4785024 transpose 1 710 26 0.919000 0.616000  0.000151 0.000117 0.000325 0.000698 0.000331 0.000177 
4785024 transpose 1 710 26 0.919000 0.848000  0.000150 0.000121 0.000368 0.000943 0.000397 0.000196 
4785088 transpose 1 710 26 0.919000 0.617000  0.000128 0.000108 0.000302 0.000608 0.000310 0.000167 
4785088 transpose 1 710 26 0.919000 1.232000  0.000034 0.000028 0.000081 0.000166 0.000103 0.000050 
4785088 transpose 1 710 26 0.919000 0.693000  0.000122 0.000106 0.000294 0.000588 0.000308 0.000164 
4785152 transpose 1 710 26 0.919000 0.539000  0.000126 0.000114 0.000313 0.000673 0.000345 0.000180 
4785152 transpose 1 710 26 0.919000 0.462000  0.000115 0.000104 0.000291 0.000562 0.000301 0.000162 
4785152 transpose 1 710 26 0.919000 0.615000  0.000120 0.000110 0.000301 0.000614 0.000331 0.000173 
4785216 transpose 1 710 26 0.919000 0.462000  0.000118 0.000104 0.000288 0.000558 0.000298 0.000160 
4785216 transpose 1 710 26 0.919000 0.615000  0.000129 0.000110 0.000301 0.000693 0.000343 0.000177 
4785280 transpose 1 710 26 0.919000 0.385000  0.000114 0.000103 0.000286 0.000595 0.000316 0.000165 
4785280 transpose 1 710 26 0.919000 0.615000  0.000161 0.000117 0.000323 0.000699 0.000352 0.000182 
4785280 transpose 1 710 26 0.919000 0.769000  0.000121 0.000111 0.000308 0.000661 0.000335 0.000172 
4785344 transpose 1 710 26 0.919000 0.615000  0.000144 0.000112 0.000309 0.000652 0.000341 0.000177 
4785344 transpose 1 710 26 0.919000 0.692000  0.000113 0.000101 0.000291 0.000661 0.000312 0.000163 
4785344 transpose 1 710 26 0.919000 0.615000  0.000115 0.000106 0.000290 0.000733 0.000372 0.000213 
4785408 transpose 1 710 26 0.919000 0.846000  0.000078 0.000059 0.000162 0.000355 0.000174 0.000089 
4785408 transpose 1 710 26 0.919000 0.538000  0.000138 0.000111 0.000301 0.000644 0.000338 0.000172 
4785472 transpose 1 710 26 0.919000 0.615000  0.000134 0.000105 0.000293 0.000646 0.000326 0.000169 
4785472 transpose 1 710 26 0.919000 0.384000  0.000139 0.000113 0.000308 0.000656 0.000338 0.000171 
4785472 transpose 1 710 26 0.919000 0.615000  0.000425 0.000241 0.000529 0.001302 0.000542 0.000281 
4785536 transpose 1 710 26 0.919000 0.385000  0.000110 0.000096 0.000268 0.000511 0.000277 0.000148 
4785536 transpose 1 710 26 0.919000 0.692000  0.000114 0.000100 0.000275 0.000537 0.000293 0.000154 
4785600 transpose 1 710 26 0.919000 0.538000  0.000107 0.000095 0.000310 0.000691 0.000329 0.000162 
4785600 transpose 1 710 26 0.919000 1.002000  0.000127 0.000103 0.000282 0.000609 0.000316 0.000161 
4785600 transpose 1 710 26 0.919000 0.694000  0.000109 0.000092 0.000267 0.000616 0.000284 0.000150 
4785664 transpose 1 710 26 0.919000 0.848000  0.000122 0.000098 0.000275 0.000581 0.000301 0.000158 
4785664 transpose 1 710 26 0.919000 0.616000  0.000113 0.000097 0.000265 0.000530 0.000281 0.000148 
4785664 transpose 1 710 26 0.919000 0.847000  0.000114 0.000094 0.000273 0.000568 0.000297 0.000156 
4785728 transpose 1 710 26 0.919000 1.080000  0.000107 0.000095 0.000262 0.000521 0.000275 0.000147 
4785728 transpose 1 710 26 0.919000 0.616000  0.000108 0.000604 0.001419 0.001477 0.000730 0.000400 
4785792 transpose 1 710 26 0.919000 0.848000  0.000111 0.000097 0.000264 0.000546 0.000284 0.000147 
4785792 transpose 1 710 26 0.919000 0.616000  0.000102 0.000089 0.000248 0.000482 0.000257 0.000137 
4785792 transpose 1 710 26 0.919000 1.002000  0.000116 0.000096 0.000266 0.000565 0.000296 0.000152 
4785856 transpose 1 710 26 0.919000 0.617000  0.000129 0.000093 0.000261 0.000575 0.000271 0.000143 
4785856 transpose 1 710 25 0.919000 0.848000  0.000745 0.000544 0.001496 0.003471 0.001666 0.000888 
4785920 transpose 1 710 25 0.919000 1.233000  0.000102 0.000091 0.000249 0.000487 0.000267 0.000140 
4785920 transpose 1 710 26 0.919000 0.694000  0.000100 0.000085 0.000238 0.000479 0.000245 0.000132 
4785920 transpose 1 710 25 0.919000 0.462000  0.000104 0.000090 0.000246 0.000504 0.000261 0.000138 
4785984 transpose 1 710 25 0.919000 0.539000  0.000096 0.000085 0.000236 0.000473 0.000244 0.000131 
4785984 transpose 1 710 26 0.919000 0.615000  0.000110 0.000091 0.000253 0.000564 0.000280 0.000146 
4785984 transpose 1 710 26 0.919000 0.692000  0.000096 0.000084 0.000234 0.000469 0.000246 0.000131 
4786048 transpose 1 710 26 0.919000 0.539000  0.127635 0.031169 0.065099 0.127864 0.036073 0.015484 
4786048 transpose 1 710 26 0.919000 0.384000  0.000100 0.000084 0.000233 0.000471 0.000239 0.000130 
4786112 transpose 1 710 26 0.919000 0.693000  0.000114 0.000091 0.000259 0.000622 0.000283 0.000143 
4786112 transpose 1 710 26 0.919000 0.538000  0.000092 0.000083 0.000231 0.000451 0.000239 0.000128 
4786112 transpose 1 710 26 0.919000 0.615000  0.000101 0.000087 0.000240 0.000471 0.000255 0.000134 
4786176 transpose 1 710 26 0.919000 0.539000  0.000097 0.000083 0.000229 0.000461 0.000240 0.000128 
4786176 transpose 1 710 26 0.919000 0.538000  0.000114 0.000089 0.000244 0.000538 0.000275 0.000142 
4786176 transpose 1 710 26 0.919000 0.384000  0.000094 0.000081 0.000226 0.000445 0.000233 0.000125 
4786240 transpose 1 710 26 0.919000 0.615000  0.000103 0.000085 0.000239 0.000524 0.000251 0.000132 
4786240 transpose 1 710 26 0.919000 0.615000  0.000091 0.000085 0.000242 0.000510 0.000285 0.000143 
4786304 transpose 1 710 26 0.919000 0.693000  0.000095 0.000085 0.000233 0.000454 0.000246 0.000131 
4786304 transpose 1 710 26 0.919000 0.616000  0.000096 0.000084 0.000230 0.000453 0.000245 0.000129 
4786304 transpose 1 710 26 0.919000 0.694000  0.000095 0.000131 0.000310 0.000735 0.000312 0.000173 
4786368 transpose 1 710 26 0.919000 1.002000  0.000093 0.000083 0.000228 0.000449 0.000241 0.000128 
4786368 transpose 1 710 26 0.919000 0.616000  0.000089 0.000078 0.000218 0.000419 0.000224 0.000121 
4786368 transpose 1 710 26 0.919000 0.848000  0.000128 0.000085 0.000233 0.000523 0.000256 0.000133 
4786432 transpose 1 710 26 0.919000 0.694000  0.000088 0.000077 0.000215 0.000416 0.000220 0.000119 
4786432 transpose 1 710 26 0.919000 0.770000  0.000117 0.000088 0.000236 0.000523 0.000276 0.000139 
4786496 transpose 1 710 26 0.919000 0.694000  0.000087 0.000081 0.000223 0.000484 0.000231 0.000123 
4786496 transpose 1 710 26 0.919000 0.848000  0.000114 0.000086 0.000234 0.000504 0.000255 0.000130 
4786496 transpose 1 710 25 0.919000 0.616000  0.000090 0.000081 0.000221 0.000446 0.000236 0.000124 
4786560 transpose 1 710 25 0.919000 0.616000  0.000098 0.000084 0.000232 0.000513 0.000263 0.000133 
4786560 transpose 1 710 25 0.919000 1.002000  0.000100 0.000079 0.000218 0.000660 0.000284 0.000142 
4786560 transpose 1 710 25 0.919000 0.461000  0.000088 0.000075 0.000209 0.000408 0.000221 0.000118 
4786624 transpose 1 710 26 0.919000 0.692000  0.000094 0.000079 0.000215 0.000429 0.000233 0.000121 
4786624 transpose 1 710 26 0.919000 0.538000  0.000425 0.000138 0.000332 0.000746 0.000302 0.000150 
4786688 transpose 1 710 26 0.919000 0.462000  0.000116 0.000082 0.000221 0.000490 0.000242 0.000122 
4786688 transpose 1 710 26 0.919000 0.384000  0.000084 0.000073 0.000204 0.000400 0.000211 0.000113 
4786688 transpose 1 710 26 0.919000 0.615000  0.000106 0.000081 0.000221 0.000483 0.000243 0.000126 
4786752 transpose 1 710 26 0.919000 0.461000  0.000082 0.000073 0.000202 0.000395 0.000208 0.000113 
4786752 transpose 1 710 26 0.919000 0.615000  0.000112 0.000081 0.000221 0.000488 0.000247 0.000126 
4786752 transpose 1 710 26 0.919000 0.461000  0.000085 0.000072 0.000200 0.000391 0.000207 0.000114 
4786816 transpose 1 710 26 0.919000 0.615000  0.000113 0.000081 0.000223 0.000499 0.000260 0.000128 
4786816 transpose 1 710 26 0.919000 0.461000  0.000082 0.000071 0.000197 0.000389 0.000204 0.000110 
4786880 transpose 1 710 26 0.919000 0.615000  0.000113 0.000080 0.000216 0.000487 0.000243 0.000124 
4786880 transpose 1 710 26 0.919000 0.384000  0.000083 0.000074 0.000203 0.000475 0.000208 0.000113 
4786880 transpose 1 710 26 0.919000 0.848000  0.000107 0.000080 0.000214 0.000470 0.000238 0.000125 
4786944 transpose 1 710 26 0.919000 0.616000  0.000079 0.000069 0.000215 0.000596 0.000228 0.000117 
4786944 transpose 1 710 26 0.919000 0.693000  0.000111 0.000076 0.000210 0.000474 0.000229 0.000120 
4786944 transpose 1 710 26 0.919000 0.926000  0.000091 0.000075 0.000212 0.000441 0.000226 0.000117 
4787008 transpose 1 710 26 0.919000 0.769000  0.000082 0.000072 0.000199 0.000392 0.000212 0.000112 
4787008 transpose 1 710 26 0.919000 1.002000  0.000082 0.000072 0.000197 0.000392 0.000210 0.000110 
4787008 transpose 1 710 26 0.919000 0.617000  0.000112 0.000073 0.000202 0.000481 0.000223 0.000115 
4787072 transpose 1 710 26 0.919000 1.003000  0.000098 0.000072 0.000200 0.000462 0.000224 0.000116 
4787072 transpose 1 710 26 0.919000 0.771000  0.000077 0.000067 0.000187 0.000369 0.000194 0.000104 
4787136 transpose 1 710 26 0.919000 0.849000  0.000099 0.000126 0.000292 0.000810 0.000327 0.000171 
4787136 transpose 1 710 26 0.919000 0.617000  0.000105 0.000069 0.000193 0.000426 0.000202 0.000107 
4787136 transpose 1 710 25 0.919000 0.848000  0.000079 0.000070 0.000193 0.000374 0.000205 0.000108 
4787200 transpose 1 710 25 0.919000 0.926000  0.000080 0.000066 0.000185 0.000370 0.000191 0.000103 
4787200 transpose 1 710 26 0.919000 0.847000  0.000082 0.000070 0.000197 0.000432 0.000211 0.000109 
4787264 transpose 1 710 26 0.919000 0.769000  0.000081 0.000066 0.000183 0.000367 0.000192 0.000102 
4787264 transpose 1 710 26 0.919000 0.615000  0.000095 0.000071 0.000195 0.000432 0.000221 0.000113 
4787264 transpose 1 710 26 0.919000 0.385000  0.000080 0.000065 0.000180 0.000360 0.000188 0.000100 
4787328 transpose 1 710 26 0.919000 0.615000  0.000087 0.000068 0.000189 0.000404 0.000204 0.000107 
4787328 transpose 1 710 26 0.919000 0.384000  0.000072 0.000064 0.000178 0.000345 0.000184 0.000099 
4787328 transpose 1 710 26 0.919000 0.769000  0.000092 0.000072 0.000198 0.000454 0.000222 0.000112 
4787392 transpose 1 710 26 0.919000 0.384000  0.000071 0.000064 0.000177 0.000342 0.000182 0.000098 
4787392 transpose 1 710 26 0.919000 0.615000  0.000088 0.000068 0.000190 0.000426 0.000213 0.000109 
4787392 transpose 1 710 26 0.919000 0.846000  0.000073 0.000063 0.000176 0.000345 0.000183 0.000100 
4787456 transpose 1 710 26 0.919000 0.538000  0.000089 0.000069 0.000191 0.000408 0.000208 0.000108 
4787456 transpose 1 710 26 0.919000 0.692000  0.000075 0.000063 0.000175 0.000348 0.000285 0.000138 
4787520 transpose 1 710 26 0.919000 0.615000  0.000085 0.000069 0.000192 0.000413 0.000212 0.000109 
4787520 transpose 1 710 26 0.919000 0.769000  -1.038450 -0.951810 0.123147 -1.038315 -1.042834 0.498020 
4787520 transpose 1 710 26 0.919000 0.616000  0.000159 0.000083 0.000214 0.000508 0.000232 0.000115 
4787584 transpose 1 710 26 0.919000 0.926000  0.000119 0.000075 0.000196 0.000455 0.000254 0.000123 
4787584 transpose 1 710 26 0.919000 0.926000  0.000071 0.000062 0.000172 0.000338 0.000179 0.000096 
4787648 transpose 1 710 26 0.919000 0.848000  0.000072 0.000065 0.000178 0.000345 0.000190 0.000100 
4787648 transpose 1 710 26 0.919000 0.616000  0.000075 0.000075 0.000202 0.000472 0.000204 0.000105 
4787648 transpose 1 710 26 0.919000 0.848000  0.000072 0.000099 0.000238 0.000549 0.000276 0.000133 
4787712 transpose 1 710 26 0.919000 0.693000  0.000045 0.000036 0.000099 0.000199 0.000151 0.000103 
4787712 transpose 1 710 26 0.919000 0.693000  0.000091 0.000069 0.000185 0.000406 0.000209 0.000106 
4787712 transpose 1 710 26 0.919000 0.925000  0.000172 0.000093 0.000273 0.000537 0.000296 0.000143 
4787776 transpose 1 710 26 0.919000 0.847000  -0.996953 -0.926876 0.132507 -0.996832 -1.015249 0.490685 
4787776 transpose 1 710 26 0.919000 0.770000  0.000083 0.000069 0.000184 0.000413 0.000204 0.000105 
4787840 transpose 1 710 26 0.919000 0.616000  0.017281 0.004645 0.009675 0.017607 0.005515 0.002352 
4787840 transpose 1 710 26 0.919000 0.925000  0.000088 0.000066 0.000182 0.000396 0.000203 0.000104 
4787840 transpose 1 710 26 0.919000 0.384000  0.000067 0.000061 0.000168 0.000343 0.000174 0.000093 
4787904 transpose 1 710 26 0.919000 0.846000  0.000066 0.000091 0.000221 0.000442 0.000254 0.000125 
4787904 transpose 1 710 26 0.919000 0.769000  0.000087 0.000066 0.000184 0.000405 0.000189 0.000097 
4787968 transpose 1 710 26 0.919000 0.615000  0.000503 0.000364 0.004075 0.003685 0.001851 0.001002 
4787968 transpose 1 710 26 0.919000 0.461000  0.000073 0.000061 0.000168 0.000339 0.000178 0.000094 
4787968 transpose 1 710 26 0.919000 0.461000  0.000072 0.000058 0.000164 0.000353 0.000171 0.000090 
4788032 transpose 1 710 26 0.919000 0.461000  0.000067 0.000061 0.000166 0.000334 0.000177 0.000094 
4788032 transpose 1 710 26 0.919000 0.384000  0.000076 0.000062 0.000167 0.000334 0.000172 0.000091 
4788096 transpose 1 710 26 0.919000 0.692000  -0.951314 -0.901086 0.139284 -0.951186 -0.986313 0.481871 
4788096 transpose 1 710 26 0.919000 1.155000  0.000066 0.000057 0.000159 0.000314 0.000168 0.000089 
4788096 transpose 1 710 26 0.919000 0.924000  0.000068 0.000060 0.000165 0.000323 0.000176 0.000093 
4788160 transpose 1 710 26 0.919000 0.693000  0.074045 0.017765 0.037010 0.074332 0.021196 0.008980 
4788160 transpose 1 710 26 0.919000 0.848000  0.000083 0.000063 0.000174 0.000374 0.000192 0.000099 
4788160 transpose 1 710 26 0.919000 1.001000  0.000088 0.000065 0.000174 0.000368 0.000188 0.000095 
4788224 transpose 1 710 26 0.919000 0.693000  0.000071 0.000061 0.000170 0.000353 0.000184 0.000095 
4788224 transpose 1 710 26 0.919000 0.771000  0.000073 0.000058 0.000167 0.000373 0.000174 0.000090 
4788288 transpose 1 710 25 0.919000 0.617000  0.000062 0.000056 0.000156 0.000298 0.000160 0.000087 
4788288 transpose 1 710 25 0.919000 0.847000  0.000078 0.000061 0.000171 0.000366 0.000187 0.000098 
4788288 transpose 1 710 26 0.919000 0.617000  0.000064 0.000059 0.000162 0.000346 0.000168 0.000089 
4788352 transpose 1 710 26 0.919000 0.846000  0.000094 0.000063 0.000170 0.000399 0.000189 0.000098 
4788352 transpose 1 710 26 0.919000 1.002000  0.000079 0.000063 0.000166 0.000331 0.000169 0.000089 
4788352 transpose 1 710 26 0.919000 0.616000  0.000065 0.000088 0.000229 0.000615 0.000261 0.000138 
4788416 transpose 1 710 26 0.919000 0.693000  0.000066 0.000058 0.000159 0.000306 0.000169 0.000089 
4788416 transpose 1 710 26 0.919000 0.385000  0.000071 0.000061 0.000176 0.000372 0.000187 0.000096 
4788480 transpose 1 710 26 0.919000 0.769000  0.000074 0.000061 0.000166 0.000352 0.000180 0.000093 
4788480 transpose 1 710 26 0.919000 0.384000  0.000072 0.000060 0.000160 0.000317 0.000167 0.000087 
4788480 transpose 1 710 26 0.919000 0.539000  0.000065 0.000058 0.000160 0.000331 0.000176 0.000092 
4788544 transpose 1 710 26 0.919000 0.385000  0.000511 0.000145 0.000328 0.000756 0.000270 0.000125 
4788544 transpose 1 710 26 0.919000 0.692000  0.000070 0.000057 0.000157 0.000347 0.000173 0.000092 
4788544 transpose 1 710 26 0.919000 0.384000  0.000058 0.000054 0.000164 0.000324 0.000165 0.000087 
4788608 transpose 1 710 26 0.919000 0.462000  0.000079 0.000059 0.000159 0.000338 0.000164 0.000087 
4788608 transpose 1 710 26 0.919000 0.385000  0.000059 0.000054 0.000149 0.000287 0.000153 0.000083 
4788672 transpose 1 710 26 0.919000 0.615000  0.000072 0.000056 0.000155 0.000351 0.000167 0.000088 
4788672 transpose 1 710 26 0.919000 0.385000  0.000058 0.000053 0.000149 0.000279 0.000152 0.000082 
4788672 transpose 1 710 26 0.919000 0.615000  0.000063 0.000083 0.000199 0.000415 0.000246 0.000117 
4788736 transpose 1 710 26 0.919000 0.384000  0.000067 0.000055 0.000154 0.000331 0.000159 0.000084 
4788736 transpose 1 710 26 0.919000 0.616000  0.000075 0.000060 0.000164 0.000360 0.000185 0.000093 
4788736 transpose 1 710 26 0.919000 0.385000  0.000074 0.000055 0.000150 0.000303 0.000157 0.000085 
4788800 transpose 1 710 26 0.919000 0.538000  0.000041 0.000032 0.000089 0.000191 0.000099 0.000051 
4788800 transpose 1 710 26 0.919000 0.384000  0.000060 0.000053 0.000146 0.000278 0.000152 0.000081 
4788864 transpose 1 710 26 0.919000 0.615000  0.000074 0.000059 0.000160 0.000344 0.000176 0.000091 
4788864 transpose 1 710 26 0.919000 0.769000  0.000058 0.000052 0.000144 0.000281 0.000148 0.000080 
4788864 transpose 1 710 26 0.919000 0.385000  0.000061 0.000059 0.000158 0.000369 0.000168 0.000086 
4788928 transpose 1 710 26 0.919000 0.385000  0.000060 0.000052 0.000143 0.000280 0.000151 0.000080 
4788928 transpose 1 710 26 0.919000 0.615000  0.000070 0.000057 0.000158 0.000341 0.000190 0.000093 
4788928 transpose 1 710 26 0.919000 1.156000  0.000065 0.000055 0.000151 0.000314 0.000164 0.000087 
4788992 transpose 1 710 26 0.919000 0.616000  0.000074 0.000057 0.000155 0.000343 0.000171 0.000087 
4788992 transpose 1 710 26 0.919000 1.002000  0.000069 0.000066 0.000167 0.000376 0.000180 0.000090 
4789056 transpose 1 710 26 0.919000 0.617000  0.000057 0.000050 0.000140 0.000273 0.000144 0.000078 
4789056 transpose 1 710 26 0.919000 0.848000  0.000058 0.000053 0.000145 0.000281 0.000153 0.000081 
4789056 transpose 1 710 26 0.919000 1.002000  0.000058 0.000051 0.000142 0.000298 0.000151 0.000079 
4789120 transpose 1 710 26 0.919000 0.693000  0.000059 0.000053 0.000144 0.000282 0.000153 0.000081 
4789120 transpose 1 710 26 0.919000 0.694000  0.000057 0.000051 0.000144 0.000308 0.000147 0.000078 
4789120 transpose 1 710 26 0.919000 0.847000  0.000074 0.000056 0.000152 0.000331 0.000167 0.000085 
4789184 transpose 1 710 26 0.919000 1.002000  0.000075 0.000057 0.000154 0.000341 0.000171 0.000087 
4789184 transpose 1 710 26 0.919000 0.848000  0.000072 0.000056 0.000151 0.000327 0.000164 0.000085 
4789184 transpose 1 710 25 0.919000 0.848000  0.000063 0.000054 0.000153 0.000342 0.000164 0.000086 
4789248 transpose 1 710 26 0.919000 0.617000  0.000058 0.000049 0.000137 0.000270 0.000139 0.000075 
4789248 transpose 1 710 26 0.919000 0.694000  0.000074 0.000056 0.000150 0.000331 0.000168 0.000086 
4789312 transpose 1 710 26 0.919000 0.617000  0.000055 0.000049 0.000136 0.000266 0.000140 0.000075 
4789312 transpose 1 710 26 0.919000 0.847000  0.000043 0.000018 0.000046 0.000107 0.000053 0.000025 
4789312 transpose 1 710 26 0.919000 0.771000  0.000056 0.000048 0.000135 0.000339 0.000170 0.000084 
