#Timestamp	Benchmark	Run(#)	CPU Frequency (MHz)	CPU Temperature(C)	CPU Voltage(V)	CPU Power(W)	CPU_CYCLES	L1_DATA_CACHE_ACCESS	INSTRUCTIONS_RETIRED	BUS_CYCLES	L1I_CACHE_ACCESS	PREDICTABLE_BRANCH_SPECULATIVELY_EXECUTED
5991040 nbody 1 1326 27 1.111000 1.543000  0.000265 0.000200 0.000559 0.001307 0.000608 0.000312 
5991104 nbody 1 1326 27 1.111000 1.772000  0.000264 0.000183 0.000513 0.001297 0.000573 0.000297 
5991104 nbody 1 1326 27 1.111000 2.466000  0.000058 0.000044 0.000127 0.000272 0.000161 0.000079 
5991104 nbody 1 1326 27 1.111000 1.695000  0.000215 0.000170 0.000467 0.001320 0.000601 0.000342 
5991168 nbody 1 1326 27 1.111000 1.849000  0.000217 0.000166 0.000456 0.001049 0.000501 0.000255 
5991168 nbody 1 1326 27 1.111000 1.541000  0.000259 0.000160 0.000448 0.001198 0.000468 0.000246 
5991232 nbody 1 1326 27 1.111000 1.771000  0.000280 0.000187 0.000494 0.001295 0.000528 0.000264 
5991232 nbody 1 1326 27 1.111000 0.925000  0.000225 0.000151 0.000414 0.000850 0.000437 0.000232 
5991232 nbody 1 1326 27 1.111000 1.382000  0.000168 0.000149 0.000417 0.000849 0.000440 0.000231 
5991296 nbody 1 1326 27 1.111000 1.152000  0.000168 0.000140 0.000389 0.000811 0.000412 0.000218 
5991296 nbody 1 1326 29 1.111000 1.229000  0.000184 0.000150 0.000420 0.000950 0.000471 0.000240 
5991296 nbody 1 1326 30 1.111000 0.845000  0.000204 0.000139 0.000383 0.000778 0.000404 0.000213 
5991360 nbody 1 1326 30 1.111000 1.077000  0.000164 0.000220 0.000524 0.001592 0.000542 0.000257 
5991360 nbody 1 1326 31 1.111000 1.382000  0.000058 0.000046 0.000125 0.000278 0.000139 0.000071 
5991360 nbody 1 1326 31 1.111000 0.845000  0.000144 0.000131 0.000362 0.000753 0.000389 0.000204 
5991424 nbody 1 1326 31 1.111000 1.306000  0.000146 0.000133 0.000361 0.000758 0.000387 0.000202 
5991424 nbody 1 1326 31 1.111000 0.922000  0.000215 0.000138 0.000382 0.000912 0.000418 0.000211 
5991424 nbody 1 1326 31 1.111000 1.536000  0.000143 0.000133 0.000358 0.000753 0.000382 0.000199 
5991488 nbody 1 1326 31 1.111000 0.921000  0.000160 0.000133 0.000371 0.000819 0.000405 0.000207 
5991488 nbody 1 1326 31 1.111000 0.921000  0.000151 0.000127 0.000351 0.000776 0.000382 0.000199 
5991552 nbody 1 1326 31 1.111000 0.845000  0.000133 0.000117 0.000333 0.000680 0.000340 0.000183 
5991552 nbody 1 1326 31 1.111000 0.999000  0.000155 0.000126 0.000349 0.000790 0.000383 0.000197 
5991552 nbody 1 1326 31 1.111000 0.922000  0.000171 0.000118 0.000327 0.000671 0.000339 0.000180 
5991616 nbody 1 1326 31 1.111000 1.230000  0.000142 0.000120 0.000336 0.000693 0.000354 0.000186 
5991616 nbody 1 1326 32 1.111000 0.845000  0.000170 0.000116 0.000319 0.000646 0.000331 0.000176 
5991616 nbody 1 1326 32 1.111000 1.228000  0.000135 0.000117 0.000322 0.000685 0.000350 0.000181 
5991680 nbody 1 1326 32 1.111000 0.845000  0.000128 0.000111 0.000307 0.000774 0.000351 0.000180 
5991680 nbody 1 1326 32 1.111000 1.382000  0.000169 0.000171 0.000421 0.000940 0.000488 0.000238 
5991680 nbody 1 1326 32 1.111000 0.845000  0.000173 0.000117 0.000317 0.000652 0.000341 0.000178 
5991744 nbody 1 1326 32 1.111000 0.845000  0.000127 0.000112 0.000311 0.000635 0.000326 0.000172 
5991744 nbody 1 1326 32 1.111000 0.998000  0.000161 0.000113 0.000306 0.000617 0.000321 0.000170 
5991744 nbody 1 1326 32 1.111000 0.845000  0.000154 0.000111 0.000303 0.000609 0.000323 0.000169 
5991808 nbody 1 1326 32 1.111000 1.614000  0.000122 0.000110 0.000298 0.000611 0.000314 0.000167 
5991808 nbody 1 1326 32 1.111000 0.845000  0.000113 0.000104 0.000285 0.000577 0.000356 0.000192 
5991872 nbody 1 1326 32 1.111000 1.229000  0.000127 0.000105 0.000286 0.000628 0.000309 0.000163 
5991872 nbody 1 1326 32 1.111000 0.845000  0.000143 0.000101 0.000278 0.000560 0.000286 0.000153 
5991872 nbody 1 1326 32 1.111000 1.152000  0.000153 0.000113 0.000302 0.000691 0.000332 0.000168 
5991936 nbody 1 1326 32 1.111000 0.921000  0.000257 0.000115 0.000302 0.000666 0.000302 0.000158 
5991936 nbody 1 1326 32 1.111000 1.537000  0.000130 0.000108 0.000296 0.000675 0.000324 0.000168 
5991936 nbody 1 1326 32 1.111000 0.998000  0.000108 0.000094 0.000261 0.000547 0.000274 0.000146 
5992000 nbody 1 1326 32 1.111000 1.459000  0.000104 0.000097 0.000349 0.000721 0.000343 0.000198 
5992000 nbody 1 1326 32 1.111000 1.075000  0.000008 0.000053 0.000032 0.000112 0.000000 0.000006 
5992000 nbody 1 1326 33 1.111000 1.076000  0.000106 0.000141 0.000336 0.000764 0.000342 0.000192 
5992064 nbody 1 1326 33 1.111000 0.921000  0.000138 0.000095 0.000258 0.000526 0.000277 0.000145 
5992064 nbody 1 1326 32 1.111000 0.845000  0.000104 0.000091 0.000250 0.000515 0.000268 0.000141 
5992064 nbody 1 1326 33 1.111000 1.613000  0.000307 0.000116 0.000301 0.000819 0.000328 0.000161 
5992128 nbody 1 1326 33 1.111000 0.921000  0.000123 0.000102 0.000268 0.000577 0.000274 0.000142 
5992128 nbody 1 1326 32 1.111000 1.229000  0.000113 0.000096 0.000261 0.000594 0.000281 0.000151 
5992192 nbody 1 1326 32 1.111000 0.845000  0.000095 0.000086 0.000239 0.000504 0.000242 0.000132 
5992192 nbody 1 1326 32 1.111000 0.998000  0.000306 0.000110 0.000289 0.000785 0.000309 0.000153 
5992192 nbody 1 1326 32 1.111000 0.845000  0.000125 0.000088 0.000241 0.000515 0.000246 0.000132 
5992256 nbody 1 1326 32 1.111000 1.076000  0.000128 0.000092 0.000255 0.000578 0.000279 0.000143 
5992256 nbody 1 1326 32 1.111000 0.922000  0.000094 0.000084 0.000231 0.000471 0.000236 0.000128 
5992256 nbody 1 1326 33 1.111000 1.612000  0.000146 0.000091 0.000248 0.000585 0.000274 0.000141 
5992320 nbody 1 1326 33 1.111000 0.921000  0.000090 0.000080 0.000227 0.000458 0.000231 0.000124 
5992320 nbody 1 1326 33 1.111000 1.459000  0.000114 0.000088 0.000247 0.000560 0.000272 0.000140 
5992320 nbody 1 1326 33 1.111000 0.845000  0.000096 0.000079 0.000220 0.000465 0.000233 0.000122 
5992384 nbody 1 1326 33 1.111000 1.383000  0.000137 0.000089 0.000247 0.000595 0.000273 0.000140 
5992384 nbody 1 1326 33 1.111000 0.998000  0.000122 0.000093 0.000252 0.000591 0.000278 0.000139 
5992384 nbody 1 1326 33 1.111000 0.845000  0.000105 0.000086 0.000237 0.000540 0.000259 0.000135 
5992448 nbody 1 1326 33 1.111000 0.845000  0.000089 0.000081 0.000228 0.000476 0.000241 0.000126 
5992448 nbody 1 1326 33 1.111000 0.998000  0.000118 0.000121 0.000294 0.000687 0.000295 0.000166 
5992448 nbody 1 1326 33 1.111000 1.152000  0.000090 0.000079 0.000219 0.000463 0.000235 0.000123 
5992512 nbody 1 1326 33 1.111000 0.921000  0.000088 0.000079 0.000222 0.000452 0.000233 0.000123 
5992512 nbody 1 1326 33 1.111000 0.921000  0.000090 0.000087 0.000231 0.000609 0.000245 0.000125 
5992576 nbody 1 1326 33 1.111000 0.921000  0.000126 0.000082 0.000228 0.000540 0.000248 0.000129 
5992576 nbody 1 1326 33 1.111000 1.998000  0.000097 0.000081 0.000227 0.000514 0.000249 0.000129 
5992576 nbody 1 1326 33 1.111000 0.922000  0.000083 0.000075 0.000208 0.000428 0.000211 0.000114 
5992640 nbody 1 1326 33 1.111000 1.152000  0.000085 0.000079 0.000215 0.000437 0.000225 0.000119 
5992640 nbody 1 1326 33 1.111000 0.845000  0.000112 0.000074 0.000205 0.000418 0.000214 0.000113 
5992640 nbody 1 1326 33 1.111000 1.075000  0.000086 0.000078 0.000212 0.000438 0.000228 0.000119 
5992704 nbody 1 1326 33 1.111000 0.998000  0.000087 0.000071 0.000199 0.000423 0.000208 0.000111 
5992704 nbody 1 1326 33 1.111000 1.382000  0.000081 0.000075 0.000210 0.000426 0.000221 0.000116 
5992704 nbody 1 1326 33 1.111000 0.921000  0.000083 0.000071 0.000201 0.000411 0.000208 0.000110 
5992768 nbody 1 1326 33 1.111000 1.539000  0.000080 0.000074 0.000203 0.000417 0.000216 0.000114 
5992768 nbody 1 1326 33 1.111000 0.998000  0.000078 0.000072 0.000198 0.000399 0.000203 0.000110 
5992768 nbody 1 1326 33 1.111000 1.154000  0.000082 0.000075 0.000205 0.000435 0.000215 0.000114 
5992832 nbody 1 1326 33 1.111000 1.382000  0.000082 0.000074 0.000202 0.000414 0.000216 0.000113 
5992832 nbody 1 1326 33 1.111000 1.384000  0.000104 0.000073 0.000199 0.000405 0.000212 0.000112 
5992832 nbody 1 1326 33 1.111000 1.612000  0.000104 0.000073 0.000198 0.000403 0.000212 0.000111 
5992896 nbody 1 1326 33 1.111000 0.921000  0.000097 0.000071 0.000208 0.000459 0.000221 0.000113 
5992896 nbody 1 1326 33 1.111000 1.536000  0.000082 0.000069 0.000190 0.000403 0.000205 0.000107 
5992896 nbody 1 1326 33 1.111000 0.845000  0.000075 0.000069 0.000193 0.000390 0.000204 0.000107 
5992960 nbody 1 1326 34 1.111000 1.077000  0.000103 0.000070 0.000190 0.000393 0.000201 0.000107 
5992960 nbody 1 1326 34 1.111000 0.998000  0.000070 0.000066 0.000182 0.000367 0.000186 0.000101 
5993024 nbody 1 1326 33 1.111000 0.923000  0.000094 0.000072 0.000198 0.000448 0.000215 0.000111 
5993024 nbody 1 1326 33 1.111000 0.998000  0.000070 0.000065 0.000180 0.000378 0.000182 0.000100 
5993024 nbody 1 1326 33 1.111000 1.767000  0.000091 0.000073 0.000197 0.000447 0.000217 0.000109 
5993088 nbody 1 1326 33 1.111000 1.075000  0.000070 0.000063 0.000179 0.000361 0.000181 0.000098 
5993088 nbody 1 1326 33 1.111000 1.306000  0.000081 0.000067 0.000185 0.000413 0.000199 0.000105 
5993088 nbody 1 1326 33 1.111000 1.152000  0.000116 0.000069 0.000187 0.000429 0.000187 0.000099 
5993152 nbody 1 1326 33 1.111000 1.459000  0.000114 0.000070 0.000192 0.000516 0.000225 0.000112 
5993152 nbody 1 1326 33 1.111000 1.075000  0.000071 0.000061 0.000170 0.000356 0.000178 0.000095 
5993152 nbody 1 1326 33 1.111000 0.999000  0.000082 0.000069 0.000189 0.000416 0.000204 0.000106 
5993216 nbody 1 1326 33 1.111000 1.767000  0.000071 0.000065 0.000178 0.000373 0.000186 0.000099 
5993216 nbody 1 1326 33 1.111000 0.921000  0.000085 0.000068 0.000190 0.000726 0.000228 0.000110 
5993216 nbody 1 1326 33 1.111000 1.690000  0.000072 0.000065 0.000177 0.000377 0.000190 0.000099 
5993280 nbody 1 1326 33 1.111000 0.845000  0.000093 0.000065 0.000177 0.000369 0.000188 0.000099 
5993280 nbody 1 1326 33 1.111000 0.845000  0.000077 0.000066 0.000183 0.000409 0.000202 0.000104 
5993280 nbody 1 1326 33 1.111000 0.921000  0.000086 0.000067 0.000203 0.000460 0.000214 0.000108 
5993344 nbody 1 1326 33 1.111000 0.922000  0.000110 0.000067 0.000182 0.000437 0.000200 0.000101 
5993344 nbody 1 1326 33 1.111000 0.921000  0.000093 0.000060 0.000167 0.000354 0.000174 0.000092 
5993408 nbody 1 1326 33 1.111000 0.999000  0.000072 0.000062 0.000170 0.000493 0.000224 0.000112 
5993408 nbody 1 1326 34 1.111000 0.921000  0.000069 0.000058 0.000162 0.000345 0.000169 0.000091 
5993408 nbody 1 1326 34 1.111000 1.153000  0.000070 0.000062 0.000168 0.000352 0.000182 0.000095 
5993472 nbody 1 1326 33 1.111000 0.845000  0.000069 0.000058 0.000161 0.000358 0.000172 0.000091 
5993472 nbody 1 1326 33 1.111000 1.152000  0.000088 0.000062 0.000170 0.000390 0.000183 0.000096 
5993472 nbody 1 1326 33 1.111000 0.845000  0.000088 0.000059 0.000163 0.000344 0.000171 0.000090 
5993536 nbody 1 1326 33 1.111000 1.305000  0.000065 0.000060 0.000165 0.000343 0.000187 0.000097 
5993536 nbody 1 1326 34 1.111000 0.921000  0.000089 0.000058 0.000161 0.000359 0.000176 0.000092 
5993536 nbody 1 1326 33 1.111000 0.921000  0.000064 0.000061 0.000167 0.000336 0.000177 0.000093 
5993600 nbody 1 1326 33 1.111000 0.921000  0.000070 0.000059 0.000163 0.000345 0.000178 0.000092 
5993600 nbody 1 1326 33 1.111000 0.922000  0.000064 0.000059 0.000165 0.000330 0.000172 0.000091 
5993600 nbody 1 1326 33 1.111000 0.922000  0.000090 0.000060 0.000164 0.000346 0.000174 0.000091 
5993664 nbody 1 1326 34 1.111000 1.076000  0.000083 0.000060 0.000163 0.000331 0.000173 0.000091 
5993664 nbody 1 1326 34 1.111000 1.152000  0.000152 0.000064 0.000168 0.000435 0.000179 0.000092 
5993664 nbody 1 1326 33 1.111000 0.845000  0.000063 0.000058 0.000161 0.000329 0.000171 0.000089 
5993728 nbody 1 1326 33 1.111000 0.768000  0.000065 0.000057 0.000157 0.000331 0.000170 0.000089 
5993728 nbody 1 1326 33 1.111000 0.998000  0.000061 0.000056 0.000153 0.000309 0.000158 0.000085 
5993792 nbody 1 1326 33 1.111000 0.922000  0.000066 0.000057 0.000155 0.000325 0.000168 0.000088 
5993792 nbody 1 1326 33 1.111000 0.922000  0.000081 0.000055 0.000151 0.000308 0.000158 0.000084 
5993792 nbody 1 1326 33 1.111000 1.461000  0.000065 0.000056 0.000157 0.000323 0.000164 0.000086 
5993856 nbody 1 1326 33 1.111000 0.999000  0.000060 0.000054 0.000150 0.000304 0.000156 0.000083 
5993856 nbody 1 1326 34 1.111000 1.382000  0.000117 0.000064 0.000170 0.000415 0.000182 0.000093 
5993856 nbody 1 1326 34 1.111000 0.998000  0.000059 0.000054 0.000149 0.000303 0.000151 0.000081 
5993920 nbody 1 1326 33 1.111000 1.382000  0.000066 0.000059 0.000160 0.000354 0.000176 0.000090 
5993920 nbody 1 1326 33 1.111000 0.921000  0.000082 0.000057 0.000163 0.000404 0.000163 0.000085 
5993920 nbody 1 1326 33 1.111000 1.306000  0.000060 0.000054 0.000167 0.000378 0.000178 0.000090 
5993984 nbody 1 1326 33 1.111000 1.075000  0.000065 0.000054 0.000149 0.000320 0.000160 0.000084 
5993984 nbody 1 1326 34 1.111000 0.922000  0.000063 0.000054 0.000149 0.000309 0.000159 0.000084 
5993984 nbody 1 1326 34 1.111000 1.690000  0.000081 0.000055 0.000151 0.000311 0.000161 0.000084 
5994048 nbody 1 1326 34 1.111000 0.921000  0.000059 0.000055 0.000164 0.000365 0.000179 0.000090 
5994048 nbody 1 1326 34 1.111000 0.845000  0.000059 0.000055 0.000149 0.000310 0.000160 0.000083 
5994048 nbody 1 1326 34 1.111000 0.845000  0.000077 0.000054 0.000149 0.000302 0.000158 0.000083 
5994112 nbody 1 1326 34 1.111000 1.612000  0.000060 0.000054 0.000148 0.000310 0.000157 0.000083 
5994112 nbody 1 1326 34 1.111000 0.845000  0.000077 0.000054 0.000148 0.000300 0.000158 0.000082 
5994112 nbody 1 1326 34 1.111000 1.536000  0.000060 0.000054 0.000146 0.000304 0.000157 0.000082 
5994176 nbody 1 1326 34 1.111000 0.998000  0.000086 0.000055 0.000148 0.000308 0.000156 0.000082 
5994176 nbody 1 1326 34 1.111000 1.000000  0.000119 0.000059 0.000155 0.000396 0.000170 0.000086 
5994240 nbody 1 1326 34 1.111000 0.845000  0.000115 0.000053 0.000144 0.000333 0.000155 0.000080 
5994240 nbody 1 1326 34 1.111000 1.461000  0.000067 0.000058 0.000155 0.000370 0.000175 0.000088 
5994240 nbody 1 1326 34 1.111000 0.768000  0.000111 0.000054 0.000145 0.000314 0.000151 0.000079 
5994304 nbody 1 1326 34 1.111000 1.307000  0.000115 0.000057 0.000153 0.000426 0.000172 0.000086 
5994304 nbody 1 1326 34 1.111000 0.922000  0.000053 0.000047 0.000132 0.000316 0.000142 0.000076 
5994304 nbody 1 1326 34 1.111000 1.384000  0.000059 0.000057 0.000148 0.000332 0.000147 0.000080 
5994368 nbody 1 1326 34 1.111000 1.459000  0.033589 0.144664 0.038805 0.144705 0.000003 0.002372 
5994368 nbody 1 1326 34 1.111000 1.305000  0.000066 0.000056 0.000149 0.000356 0.000167 0.000084 
5994368 nbody 1 1326 34 1.111000 0.845000  0.000052 0.000045 0.000139 0.000299 0.000139 0.000075 
5994432 nbody 1 1326 34 1.111000 1.228000  0.000061 0.000057 0.000151 0.000359 0.000168 0.000084 
5994432 nbody 1 1326 34 1.111000 1.382000  0.000054 0.000052 0.000140 0.000331 0.000157 0.000080 
5994496 nbody 1 1326 34 1.111000 1.229000  0.000062 0.000049 0.000143 0.000346 0.000163 0.000082 
5994496 nbody 1 1326 34 1.111000 1.536000  0.000057 0.000046 0.000130 0.000291 0.000146 0.000076 
5994496 nbody 1 1326 34 1.111000 0.845000  0.000109 0.000055 0.000143 0.000394 0.000158 0.000080 
5994560 nbody 1 1326 34 1.111000 1.076000  0.000467 0.000269 0.000544 0.001206 0.000440 0.000207 
5994560 nbody 1 1326 34 1.111000 0.845000  0.000050 0.000043 0.000120 0.001049 0.000327 0.000142 
5994560 nbody 1 1326 34 1.111000 0.998000  0.000052 0.000045 0.000133 0.000291 0.000138 0.000074 
5994624 nbody 1 1326 34 1.111000 0.845000  0.000049 0.000042 0.000130 0.000281 0.000131 0.000068 
5994624 nbody 1 1326 34 1.111000 1.382000  0.000048 0.000044 0.000131 0.000284 0.000135 0.000070 
5994624 nbody 1 1326 34 1.111000 0.845000  0.000048 0.000046 0.000124 0.000271 0.000132 0.000068 
5994688 nbody 1 1326 35 1.111000 1.307000  0.000105 0.000051 0.000136 0.000368 0.000149 0.000076 
5994688 nbody 1 1326 34 1.111000 1.306000  0.034037 0.147255 0.039435 0.147294 0.000003 0.002408 
5994752 nbody 1 1326 34 1.111000 1.229000  0.000054 0.000049 0.000133 0.000318 0.000149 0.000075 
5994752 nbody 1 1326 34 1.111000 1.152000  0.000051 0.000043 0.000128 0.000297 0.000132 0.000069 
5994752 nbody 1 1326 34 1.111000 0.998000  0.000051 0.000048 0.000132 0.000307 0.000148 0.000075 
5994816 nbody 1 1326 34 1.111000 1.612000  0.000050 0.000043 0.000128 0.000293 0.000144 0.000073 
5994816 nbody 1 1326 34 1.111000 0.768000  0.000058 0.000045 0.000136 0.000320 0.000143 0.000075 
5994816 nbody 1 1326 34 1.111000 0.998000  0.000098 0.000050 0.000132 0.000362 0.000147 0.000074 
5994880 nbody 1 1326 34 1.111000 0.845000  0.000045 0.000040 0.000121 0.000270 0.000121 0.000064 
5994880 nbody 1 1326 34 1.111000 1.305000  0.000058 0.000042 0.000127 0.000301 0.000135 0.000072 
5994880 nbody 1 1326 34 1.111000 0.921000  0.000093 0.000046 0.000121 0.000265 0.000129 0.000067 
5994944 nbody 1 1326 34 1.111000 1.382000  0.000055 0.000043 0.000132 0.000316 0.000142 0.000074 
5994944 nbody 1 1326 34 1.111000 0.921000  0.000044 0.000071 0.000167 0.000472 0.000159 0.000078 
5994944 nbody 1 1326 34 1.111000 1.308000  0.000054 0.000048 0.000127 0.000305 0.000142 0.000072 
5995008 nbody 1 1326 34 1.111000 0.921000  0.000053 0.000041 0.000124 0.000301 0.000142 0.000071 
5995008 nbody 1 1326 34 1.111000 1.383000  0.000056 0.000043 0.000129 0.000328 0.000145 0.000071 
5995072 nbody 1 1326 34 1.111000 1.767000  0.000045 0.000040 0.000122 0.000275 0.000125 0.000068 
5995072 nbody 1 1326 34 1.111000 0.845000  0.000094 0.000045 0.000123 0.000334 0.000136 0.000072 
5995072 nbody 1 1326 34 1.111000 1.536000  0.000048 0.000039 0.000111 0.000244 0.000120 0.000064 
5995136 nbody 1 1326 34 1.111000 0.845000  0.000089 0.000043 0.000115 0.000292 0.000122 0.000063 
5995136 nbody 1 1326 34 1.111000 1.077000  0.000102 0.000048 0.000134 0.000346 0.000139 0.000072 
5995136 nbody 1 1326 34 1.111000 0.845000  0.000087 0.000042 0.000113 0.000302 0.000118 0.000062 
5995200 nbody 1 1326 34 1.111000 1.383000  0.000053 0.000045 0.000124 0.000292 0.000135 0.000068 
5995200 nbody 1 1326 34 1.111000 0.845000  0.000041 0.000037 0.000112 0.000243 0.000113 0.000060 
5995200 nbody 1 1326 35 1.111000 1.152000  0.000091 0.000045 0.000131 0.000329 0.000133 0.000069 
5995264 nbody 1 1326 35 1.111000 0.845000  0.000043 0.000101 0.000224 0.000650 0.000192 0.000094 
5995264 nbody 1 1326 34 1.111000 1.382000  0.000051 0.000045 0.000122 0.000332 0.000134 0.000068 
5995328 nbody 1 1326 34 1.111000 1.536000  0.000058 0.000047 0.000125 0.000309 0.000141 0.000069 
5995328 nbody 1 1326 34 1.111000 0.921000  0.000047 0.000042 0.000115 0.000270 0.000129 0.000066 
5995328 nbody 1 1326 34 1.111000 0.845000  0.000045 0.000038 0.000105 0.000222 0.000114 0.000059 
5995392 nbody 1 1326 34 1.111000 0.922000  0.000054 0.000040 0.000113 0.000251 0.000120 0.000062 
5995392 nbody 1 1326 34 1.111000 1.228000  0.000055 0.000040 0.000111 0.000259 0.000122 0.000062 
5995392 nbody 1 1326 34 1.111000 0.845000  0.000095 0.000046 0.000119 0.000314 0.000129 0.000065 
5995456 nbody 1 1326 34 1.111000 1.075000  0.000048 0.000039 0.000108 0.000251 0.000120 0.000062 
5995456 nbody 1 1326 34 1.111000 0.998000  0.000043 0.000036 0.000100 0.000214 0.000104 0.000056 
5995456 nbody 1 1326 34 1.111000 0.922000  0.000043 0.000038 0.000104 0.000299 0.000135 0.000068 
5995520 nbody 1 1326 34 1.111000 1.076000  0.000049 0.000038 0.000103 0.000215 0.000106 0.000057 
5995520 nbody 1 1326 35 1.111000 1.000000  0.000048 0.000038 0.000105 0.000209 0.000112 0.000059 
5995520 nbody 1 1326 35 1.111000 1.075000  0.000041 0.000036 0.000101 0.000207 0.000104 0.000055 
5995584 nbody 1 1326 35 1.111000 1.152000  0.000044 0.000055 0.000164 0.000346 0.000176 0.000085 
5995584 nbody 1 1326 35 1.111000 0.844000  0.000053 0.000036 0.000099 0.000201 0.000102 0.000055 
5995584 nbody 1 1326 35 1.111000 1.307000  0.000045 0.000038 0.000105 0.000231 0.000115 0.000060 
5995648 nbody 1 1326 35 1.111000 0.845000  0.000051 0.000035 0.000098 0.000198 0.000102 0.000054 
5995648 nbody 1 1326 35 1.111000 1.305000  0.000054 0.000038 0.000106 0.000250 0.000117 0.000060 
5995712 nbody 1 1326 35 1.111000 0.845000  0.000041 0.000034 0.000095 0.000200 0.000101 0.000053 
5995712 nbody 1 1326 35 1.111000 1.075000  0.000045 0.000037 0.000105 0.000228 0.000111 0.000058 
5995712 nbody 1 1326 35 1.111000 0.921000  0.000064 0.000039 0.000104 0.000244 0.000103 0.000054 
5995776 nbody 1 1326 35 1.111000 1.307000  0.000046 0.000037 0.000103 0.000219 0.000110 0.000058 
5995776 nbody 1 1326 35 1.111000 0.921000  0.000040 0.000035 0.000096 0.000213 0.000109 0.000057 
5995776 nbody 1 1326 35 1.111000 0.921000  0.000061 0.000037 0.000101 0.000236 0.000110 0.000057 
5995840 nbody 1 1326 35 1.111000 0.921000  0.000043 0.000038 0.000104 0.000238 0.000115 0.000059 
5995840 nbody 1 1326 35 1.111000 0.921000  0.000046 0.000038 0.000102 0.000226 0.000110 0.000058 
5995840 nbody 1 1326 35 1.111000 1.153000  0.000041 0.000035 0.000094 0.000213 0.000101 0.000053 
5995904 nbody 1 1326 34 1.111000 0.845000  0.000048 0.000039 0.000102 0.000224 0.000110 0.000057 
5995904 nbody 1 1326 34 1.111000 1.152000  0.000057 0.000036 0.000102 0.000245 0.000110 0.000056 
5995904 nbody 1 1326 35 1.111000 0.845000  0.000051 0.000033 0.000100 0.000244 0.000104 0.000053 
5995968 nbody 1 1326 35 1.111000 1.152000  0.000049 0.000034 0.000098 0.000225 0.000105 0.000055 
5995968 nbody 1 1326 35 1.111000 0.845000  0.000036 0.000033 0.000091 0.000185 0.000093 0.000050 
5995968 nbody 1 1326 35 1.111000 1.152000  0.000038 0.000035 0.000094 0.000192 0.000099 0.000053 
5996032 nbody 1 1326 34 1.111000 0.845000  0.000075 0.000035 0.000093 0.000211 0.000111 0.000054 
5996032 nbody 1 1326 34 1.111000 1.307000  0.000037 0.000033 0.000092 0.000190 0.000099 0.000052 
5996096 nbody 1 1326 35 1.111000 0.845000  0.000036 0.000031 0.000088 0.000181 0.000091 0.000049 
5996096 nbody 1 1326 35 1.111000 1.305000  0.000047 0.000037 0.000102 0.000266 0.000116 0.000057 
5996096 nbody 1 1326 35 1.111000 0.845000  0.000036 0.000031 0.000087 0.000180 0.000090 0.000048 
5996160 nbody 1 1326 35 1.111000 1.228000  0.000041 0.000034 0.000095 0.000216 0.000104 0.000054 
5996160 nbody 1 1326 35 1.111000 0.768000  0.000049 0.000033 0.000094 0.000222 0.000103 0.000053 
5996160 nbody 1 1326 35 1.111000 0.999000  0.000054 0.000034 0.000096 0.000219 0.000102 0.000053 
5996224 nbody 1 1326 35 1.111000 0.845000  0.000066 0.000036 0.000099 0.000243 0.000106 0.000055 
5996224 nbody 1 1326 35 1.111000 0.845000  0.000043 0.000033 0.000094 0.000207 0.000102 0.000052 
5996224 nbody 1 1326 35 1.111000 0.845000  0.000037 0.000032 0.000088 0.000183 0.000093 0.000049 
5996288 nbody 1 1326 35 1.111000 0.845000  0.000038 0.000033 0.000092 0.000203 0.000100 0.000052 
5996288 nbody 1 1326 34 1.111000 1.459000  0.000036 0.000031 0.000086 0.000180 0.000092 0.000048 
5996288 nbody 1 1326 34 1.111000 0.768000  0.000034 0.000031 0.000086 0.000179 0.000092 0.000048 
5996352 nbody 1 1326 34 1.111000 1.384000  0.000037 0.000031 0.000086 0.000188 0.000092 0.000048 
5996352 nbody 1 1326 34 1.111000 0.768000  0.000035 0.000031 0.000085 0.000178 0.000092 0.000048 
5996352 nbody 1 1326 35 1.111000 0.999000  0.000099 0.000039 0.000098 0.000241 0.000103 0.000052 
5996416 nbody 1 1326 35 1.111000 0.768000  0.000034 0.000032 0.000086 0.000175 0.000091 0.000048 
5996416 nbody 1 1326 35 1.111000 0.999000  0.000036 0.000031 0.000086 0.000179 0.000092 0.000048 
5996480 nbody 1 1326 35 1.111000 0.845000  0.000035 0.000032 0.000086 0.000175 0.000091 0.000048 
5996480 nbody 1 1326 35 1.111000 0.998000  0.000052 0.000033 0.000088 0.000213 0.000098 0.000050 
5996480 nbody 1 1326 34 1.111000 0.921000  0.000034 0.000030 0.000082 0.000171 0.000085 0.000045 
5996544 nbody 1 1326 34 1.111000 0.845000  0.000035 0.000030 0.000083 0.000176 0.000090 0.000047 
5996544 nbody 1 1326 34 1.111000 0.768000  0.000036 0.000029 0.000082 0.000172 0.000085 0.000045 
5996544 nbody 1 1326 34 1.111000 1.537000  0.000036 0.000030 0.000083 0.000176 0.000089 0.000047 
5996608 nbody 1 1326 34 1.111000 0.617000  0.000040 0.000030 0.000082 0.000183 0.000088 0.000046 
