#Timestamp	Benchmark	Run(#)	CPU Frequency (MHz)	CPU Temperature(C)	CPU Voltage(V)	CPU Power(W)	CPU_CYCLES	L1_DATA_CACHE_ACCESS	INSTRUCTIONS_RETIRED	BUS_CYCLES	L1I_CACHE_ACCESS	PREDICTABLE_BRANCH_SPECULATIVELY_EXECUTED
6379456 SobolQRNG 1 1632 31 1.188000 2.080000  0.000035 0.000022 0.000061 0.000142 0.000062 0.000034 
6379520 SobolQRNG 1 1632 31 1.188000 2.848000  0.000027 0.000022 0.000061 0.000123 0.000062 0.000033 
6379520 SobolQRNG 1 1632 31 1.188000 2.928000  0.000021 0.000139 0.000081 0.000274 0.000000 0.000014 
6379584 SobolQRNG 1 1632 31 1.188000 2.619000  0.000029 0.000023 0.000082 0.000197 0.000098 0.000047 
6379584 SobolQRNG 1 1632 31 1.188000 2.233000  0.000027 0.000022 0.000061 0.000124 0.000065 0.000034 
6379584 SobolQRNG 1 1632 31 1.188000 1.154000  0.000033 0.000023 0.000062 0.000158 0.000067 0.000035 
6379648 SobolQRNG 1 1632 31 1.188000 1.615000  0.000031 0.000021 0.000058 0.000134 0.000060 0.000032 
6379648 SobolQRNG 1 1632 31 1.188000 1.850000  0.000026 0.000022 0.000063 0.000157 0.000068 0.000035 
6379648 SobolQRNG 1 1632 31 1.188000 1.695000  0.000027 0.000022 0.000060 0.000135 0.000065 0.000035 
6379712 SobolQRNG 1 1632 31 1.188000 2.230000  0.000026 0.000022 0.000062 0.000139 0.000065 0.000034 
6379712 SobolQRNG 1 1632 31 1.188000 2.851000  0.000034 0.000022 0.000061 0.000147 0.000064 0.000034 
6379712 SobolQRNG 1 1632 31 1.188000 1.772000  0.000011 0.000006 0.000017 0.000063 0.000021 0.000011 
6379776 SobolQRNG 1 1632 31 1.188000 2.156000  0.000025 0.000021 0.000060 0.000133 0.000064 0.000034 
6379776 SobolQRNG 1 1632 31 1.188000 1.695000  0.000025 0.000022 0.000060 0.000125 0.000063 0.000034 
6379776 SobolQRNG 1 1632 31 1.188000 1.773000  0.000030 0.000022 0.000062 0.000148 0.000068 0.000035 
6379840 SobolQRNG 1 1632 31 1.188000 2.851000  0.000030 0.000022 0.000060 0.000141 0.000067 0.000035 
6379840 SobolQRNG 1 1632 31 1.188000 1.618000  0.000024 0.000021 0.000058 0.000118 0.000059 0.000032 
6379840 SobolQRNG 1 1632 31 1.188000 2.387000  0.000029 0.000022 0.000060 0.000140 0.000065 0.000034 
6379904 SobolQRNG 1 1632 31 1.188000 1.695000  0.000026 0.000021 0.000057 0.000122 0.000059 0.000032 
6379904 SobolQRNG 1 1632 31 1.188000 2.157000  0.000029 0.000024 0.000065 0.000194 0.000070 0.000036 
6379968 SobolQRNG 1 1632 31 1.188000 1.694000  0.000029 0.000022 0.000060 0.000177 0.000077 0.000044 
6379968 SobolQRNG 1 1632 31 1.188000 1.695000  0.000812 0.000482 0.001137 0.000909 0.000467 0.000270 
6379968 SobolQRNG 1 1632 31 1.188000 2.310000  0.000027 0.000022 0.000059 0.000142 0.000066 0.000034 
6380032 SobolQRNG 1 1632 31 1.188000 1.695000  0.000032 0.000022 0.000062 0.000144 0.000069 0.000035 
6380032 SobolQRNG 1 1632 30 1.188000 1.695000  0.000027 0.000022 0.000060 0.000145 0.000065 0.000034 
6380032 SobolQRNG 1 1632 30 1.188000 1.695000  0.000027 0.000021 0.000060 0.000134 0.000064 0.000034 
6380096 SobolQRNG 1 1632 31 1.188000 1.772000  0.000032 0.000021 0.000059 0.000222 0.000065 0.000034 
6380096 SobolQRNG 1 1632 31 1.188000 2.541000  0.000029 0.000021 0.000061 0.000146 0.000068 0.000035 
6380096 SobolQRNG 1 1632 31 1.188000 1.695000  0.000029 0.000021 0.000058 0.000144 0.000060 0.000032 
6380160 SobolQRNG 1 1632 31 1.188000 2.234000  0.000027 0.000021 0.000060 0.000133 0.000066 0.000034 
6380160 SobolQRNG 1 1632 31 1.188000 1.927000  0.000031 0.000021 0.000058 0.000146 0.000062 0.000033 
6380160 SobolQRNG 1 1632 31 1.188000 1.927000  0.000026 0.000021 0.000060 0.000130 0.000065 0.000034 
6380224 SobolQRNG 1 1632 31 1.188000 2.926000  0.000027 0.000021 0.000060 0.000132 0.000065 0.000034 
6380224 SobolQRNG 1 1632 31 1.188000 2.003000  0.000027 0.000020 0.000056 0.000135 0.000057 0.000031 
6380224 SobolQRNG 1 1632 31 1.188000 2.387000  0.000030 0.000022 0.000061 0.000134 0.000066 0.000034 
6380288 SobolQRNG 1 1632 31 1.188000 2.079000  0.000027 0.000021 0.000059 0.000134 0.000065 0.000034 
6380288 SobolQRNG 1 1632 31 1.188000 1.927000  0.000033 0.000024 0.000063 0.000154 0.000069 0.000035 
6380352 SobolQRNG 1 1632 31 1.188000 2.620000  0.000027 0.000021 0.000059 0.000136 0.000065 0.000033 
6380352 SobolQRNG 1 1632 31 1.188000 2.158000  0.000023 0.000020 0.000057 0.000125 0.000058 0.000031 
6380352 SobolQRNG 1 1632 31 1.188000 2.004000  0.000028 0.000023 0.000062 0.000156 0.000070 0.000035 
6380416 SobolQRNG 1 1632 31 1.188000 2.851000  0.000027 0.000021 0.000061 0.000143 0.000068 0.000034 
6380416 SobolQRNG 1 1632 31 1.188000 1.927000  0.000026 0.000021 0.000058 0.000132 0.000065 0.000034 
6380416 SobolQRNG 1 1632 31 1.188000 2.542000  0.000030 0.000022 0.000061 0.000143 0.000068 0.000034 
6380480 SobolQRNG 1 1632 31 1.188000 1.926000  0.000025 0.000021 0.000058 0.000128 0.000063 0.000033 
6380480 SobolQRNG 1 1632 31 1.188000 1.927000  0.000026 0.000021 0.000059 0.000128 0.000066 0.000034 
6380480 SobolQRNG 1 1632 31 1.188000 2.543000  0.000025 0.000021 0.000057 0.000114 0.000061 0.000032 
6380544 SobolQRNG 1 1632 31 1.188000 2.004000  0.000024 0.000473 0.001114 0.000837 0.000457 0.000264 
6380544 SobolQRNG 1 1632 31 1.188000 2.616000  0.000170 0.000123 0.000335 0.000793 0.000386 0.000200 
6380608 SobolQRNG 1 1632 31 1.188000 1.926000  0.000024 0.000021 0.000056 0.000111 0.000060 0.000032 
6380608 SobolQRNG 1 1632 31 1.188000 1.850000  0.000025 0.000022 0.000059 0.000134 0.000061 0.000031 
6380608 SobolQRNG 1 1632 31 1.188000 2.772000  0.000024 0.000021 0.000056 0.000113 0.000059 0.000037 
6380672 SobolQRNG 1 1632 31 1.188000 1.927000  0.000025 0.000020 0.000056 0.000115 0.000059 0.000031 
6380672 SobolQRNG 1 1632 31 1.188000 2.081000  0.000027 0.000021 0.000060 0.000135 0.000065 0.000033 
6380672 SobolQRNG 1 1632 32 1.188000 2.462000  0.000023 0.000020 0.000057 0.000115 0.000060 0.000031 
6380736 SobolQRNG 1 1632 31 1.188000 1.927000  0.000026 0.000020 0.000055 0.000113 0.000057 0.000030 
6380736 SobolQRNG 1 1632 31 1.188000 2.774000  0.000167 0.000120 0.000330 0.000773 0.000309 0.000146 
6380736 SobolQRNG 1 1632 32 1.188000 1.926000  0.000033 0.000028 0.000076 0.000151 0.000081 0.000042 
6380800 SobolQRNG 1 1632 32 1.188000 2.003000  0.000029 0.000021 0.000058 0.000132 0.000064 0.000032 
6380800 SobolQRNG 1 1632 32 1.188000 2.851000  0.000024 0.000020 0.000055 0.000110 0.000059 0.000031 
6380800 SobolQRNG 1 1632 32 1.188000 2.696000  0.000024 0.000020 0.000054 0.000125 0.000057 0.000030 
6380864 SobolQRNG 1 1632 31 1.188000 2.928000  0.000025 0.000020 0.000056 0.000130 0.000062 0.000032 
6380864 SobolQRNG 1 1632 32 1.188000 2.698000  0.000072 0.000022 0.000059 0.000168 0.000065 0.000033 
6380928 SobolQRNG 1 1632 32 1.188000 1.927000  0.000026 0.000020 0.000057 0.000128 0.000064 0.000032 
6380928 SobolQRNG 1 1632 32 1.188000 2.387000  0.000024 0.000020 0.000055 0.000109 0.000058 0.000030 
6380928 SobolQRNG 1 1632 32 1.188000 1.850000  0.000026 0.000019 0.000053 0.000126 0.000055 0.000030 
6380992 SobolQRNG 1 1632 31 1.188000 1.926000  0.000023 0.000020 0.000054 0.000107 0.000057 0.000030 
6380992 SobolQRNG 1 1632 31 1.188000 1.927000  0.000028 0.000020 0.000054 0.000120 0.000058 0.000030 
6380992 SobolQRNG 1 1632 32 1.188000 1.926000  0.000023 0.000089 0.000214 0.000628 0.000162 0.000070 
6381056 SobolQRNG 1 1632 32 1.188000 2.541000  0.000023 0.000020 0.000054 0.000108 0.000057 0.000030 
6381056 SobolQRNG 1 1632 31 1.188000 1.926000  0.000023 0.000019 0.000053 0.000119 0.000055 0.000029 
6381056 SobolQRNG 1 1632 31 1.188000 2.542000  0.000023 0.000020 0.000054 0.000107 0.000057 0.000030 
6381120 SobolQRNG 1 1632 31 1.188000 1.850000  0.000023 0.000020 0.000054 0.000107 0.000057 0.000030 
6381120 SobolQRNG 1 1632 32 1.188000 1.850000  0.000023 0.000020 0.000054 0.000109 0.000057 0.000030 
6381120 SobolQRNG 1 1632 32 1.188000 2.928000  0.000026 0.000020 0.000056 0.000128 0.000062 0.000031 
6381184 SobolQRNG 1 1632 31 1.188000 2.004000  0.000021 0.000018 0.000051 0.000103 0.000052 0.000028 
6381184 SobolQRNG 1 1632 31 1.188000 2.466000  0.000027 0.000020 0.000055 0.000129 0.000060 0.000031 
6381184 SobolQRNG 1 1632 31 1.188000 2.081000  0.000041 0.000022 0.000057 0.000125 0.000060 0.000031 
6381248 SobolQRNG 1 1632 31 1.188000 1.927000  0.000025 0.000020 0.000056 0.000127 0.000062 0.000031 
6381248 SobolQRNG 1 1632 31 1.188000 2.543000  0.000025 0.000019 0.000055 0.000128 0.000061 0.000031 
6381248 SobolQRNG 1 1632 31 1.188000 1.927000  0.000026 0.000021 0.000057 0.000125 0.000057 0.000030 
6381312 SobolQRNG 1 1632 31 1.188000 1.925000  0.000025 0.000019 0.000054 0.000119 0.000058 0.000030 
6381312 SobolQRNG 1 1632 31 1.188000 2.080000  0.000028 0.000021 0.000057 0.000127 0.000060 0.000031 
6381312 SobolQRNG 1 1632 31 1.188000 1.850000  0.000025 0.000019 0.000054 0.000120 0.000058 0.000031 
6381376 SobolQRNG 1 1632 31 1.188000 1.927000  0.000027 0.000019 0.000054 0.000124 0.000059 0.000030 
6381376 SobolQRNG 1 1632 31 1.188000 1.850000  0.000025 0.000019 0.000052 0.000108 0.000054 0.000028 
6381440 SobolQRNG 1 1632 32 1.188000 2.620000  0.000021 0.000019 0.000053 0.000118 0.000058 0.000030 
6381440 SobolQRNG 1 1632 32 1.188000 1.927000  0.000026 0.000020 0.000054 0.000117 0.000059 0.000031 
6381440 SobolQRNG 1 1632 31 1.188000 2.235000  0.000024 0.000019 0.000054 0.000119 0.000058 0.000031 
6381504 SobolQRNG 1 1632 31 1.188000 3.005000  0.000025 0.000019 0.000055 0.000123 0.000059 0.000031 
6381504 SobolQRNG 1 1632 31 1.188000 1.927000  0.000024 0.000020 0.000055 0.000116 0.000056 0.000029 
6381504 SobolQRNG 1 1632 31 1.188000 2.312000  0.000155 0.000113 0.000309 0.000714 0.000349 0.000185 
6381568 SobolQRNG 1 1632 31 1.188000 1.773000  0.000023 0.000019 0.000052 0.000103 0.000056 0.000029 
6381568 SobolQRNG 1 1632 31 1.188000 1.927000  0.000022 0.000019 0.000052 0.000104 0.000055 0.000029 
6381568 SobolQRNG 1 1632 31 1.188000 2.772000  0.000023 0.000019 0.000052 0.000105 0.000055 0.000029 
6381632 SobolQRNG 1 1632 31 1.188000 2.543000  0.000021 0.000018 0.000051 0.000116 0.000052 0.000028 
6381632 SobolQRNG 1 1632 31 1.188000 2.003000  0.000022 0.000019 0.000052 0.000102 0.000055 0.000029 
6381632 SobolQRNG 1 1632 31 1.188000 1.850000  0.000026 0.000019 0.000052 0.000113 0.000055 0.000029 
6381696 SobolQRNG 1 1632 31 1.188000 1.850000  0.000024 0.000019 0.000054 0.000120 0.000059 0.000030 
6381696 SobolQRNG 1 1632 31 1.188000 2.695000  0.000023 0.000018 0.000053 0.000117 0.000058 0.000030 
6381760 SobolQRNG 1 1632 31 1.188000 2.158000  0.000021 0.000018 0.000049 0.000101 0.000050 0.000027 
6381760 SobolQRNG 1 1632 31 1.188000 2.543000  0.000023 0.000019 0.000053 0.000122 0.000057 0.000030 
6381760 SobolQRNG 1 1632 31 1.188000 1.927000  0.000022 0.000019 0.000051 0.000103 0.000053 0.000029 
6381824 SobolQRNG 1 1632 31 1.188000 1.849000  0.000024 0.000019 0.000053 0.000117 0.000058 0.000030 
6381824 SobolQRNG 1 1632 31 1.188000 2.695000  0.000024 0.000019 0.000052 0.000116 0.000058 0.000030 
6381824 SobolQRNG 1 1632 31 1.188000 1.850000  0.000021 0.000019 0.000052 0.000129 0.000054 0.000028 
6381888 SobolQRNG 1 1632 31 1.188000 2.543000  0.000024 0.000018 0.000051 0.000114 0.000056 0.000030 
6381888 SobolQRNG 1 1632 31 1.188000 1.927000  0.000023 0.000019 0.000051 0.000103 0.000055 0.000029 
6381888 SobolQRNG 1 1632 31 1.188000 2.465000  0.000022 0.000018 0.000051 0.000102 0.000054 0.000028 
6381952 SobolQRNG 1 1632 31 1.188000 2.542000  0.000022 0.000018 0.000051 0.000101 0.000053 0.000028 
6381952 SobolQRNG 1 1632 31 1.188000 1.927000  0.000020 0.000017 0.000049 0.000100 0.000050 0.000027 
6381952 SobolQRNG 1 1632 31 1.188000 2.312000  0.000022 0.000018 0.000050 0.000103 0.000053 0.000028 
6382016 SobolQRNG 1 1632 31 1.188000 1.927000  0.000022 0.000018 0.000053 0.000144 0.000057 0.000029 
6382016 SobolQRNG 1 1632 31 1.188000 2.620000  0.000027 0.000022 0.000062 0.000135 0.000068 0.000035 
6382016 SobolQRNG 1 1632 31 1.188000 2.620000  0.000021 0.000018 0.000051 0.000122 0.000056 0.000029 
6382080 SobolQRNG 1 1632 31 1.188000 2.544000  0.000005 0.000005 0.000013 0.000027 0.000016 0.000008 
6382080 SobolQRNG 1 1632 31 1.188000 3.082000  0.000006 0.000005 0.000013 0.000027 0.000016 0.000008 
6382080 SobolQRNG 1 1632 29 1.188000 1.850000  0.000005 0.000005 0.000013 0.000027 0.000016 0.000008 
6382144 SobolQRNG 1 1632 29 1.188000 3.006000  0.000006 0.000005 0.000013 0.000028 0.000016 0.000008 
6382144 SobolQRNG 1 1632 29 1.188000 2.849000  0.000024 0.000018 0.000050 0.000111 0.000056 0.000029 
6382208 SobolQRNG 1 1632 29 1.188000 3.313000  0.000152 0.000120 0.000335 0.000741 0.000344 0.000185 
6382208 SobolQRNG 1 1632 30 1.188000 3.159000  0.000022 0.000018 0.000099 0.000388 0.000119 0.000050 
6382208 SobolQRNG 1 1632 29 1.188000 3.082000  0.000021 0.000018 0.000048 0.000098 0.000052 0.000027 
6382272 SobolQRNG 1 1632 29 1.188000 2.312000  0.000020 0.000017 0.000046 0.000094 0.000048 0.000026 
6382272 SobolQRNG 1 1632 30 1.188000 2.852000  0.068109 0.009830 0.019322 0.068740 0.014114 0.005387 
6382272 SobolQRNG 1 1632 30 1.188000 2.311000  0.000129 0.000110 0.000306 0.000596 0.000315 0.000170 
6382336 SobolQRNG 1 1632 30 1.188000 2.696000  0.000023 0.000018 0.000051 0.000115 0.000057 0.000029 
6382336 SobolQRNG 1 1632 30 1.188000 3.236000  0.000021 0.000017 0.000048 0.000104 0.000052 0.000027 
6382336 SobolQRNG 1 1632 31 1.188000 2.851000  0.000023 0.000018 0.000049 0.000113 0.000055 0.000028 
6382400 SobolQRNG 1 1632 31 1.188000 3.623000  0.000020 0.000017 0.000048 0.000110 0.000053 0.000028 
6382400 SobolQRNG 1 1632 31 1.188000 1.927000  0.000019 0.000016 0.000046 0.000096 0.000047 0.000025 
6382400 SobolQRNG 1 1632 31 1.188000 2.618000  0.000024 0.000018 0.000050 0.000119 0.000057 0.000028 
6382464 SobolQRNG 1 1632 31 1.188000 1.927000  0.000020 0.000016 0.000046 0.000094 0.000047 0.000025 
6382464 SobolQRNG 1 1632 30 1.188000 3.082000  0.000022 0.000018 0.000051 0.000159 0.000058 0.000029 
6382528 SobolQRNG 1 1632 30 1.188000 3.236000  0.000022 0.000018 0.000050 0.000113 0.000054 0.000028 
6382528 SobolQRNG 1 1632 29 1.188000 1.928000  0.000025 0.000018 0.000050 0.000114 0.000055 0.000028 
6382528 SobolQRNG 1 1632 29 1.188000 3.082000  0.000023 0.000017 0.000048 0.000108 0.000053 0.000028 
6382592 SobolQRNG 1 1632 29 1.188000 1.927000  0.000025 0.000018 0.000049 0.000106 0.000050 0.000026 
6382592 SobolQRNG 1 1632 29 1.188000 2.464000  0.000141 0.000102 0.000279 0.000658 0.000313 0.000168 
6382592 SobolQRNG 1 1632 29 1.188000 1.927000  0.000020 0.000017 0.000050 0.000118 0.000055 0.000028 
6382656 SobolQRNG 1 1632 30 1.188000 1.928000  0.000024 0.000018 0.000048 0.000119 0.000053 0.000027 
6382656 SobolQRNG 1 1632 30 1.188000 3.312000  0.000022 0.000017 0.000048 0.000108 0.000054 0.000028 
6382656 SobolQRNG 1 1632 30 1.188000 1.928000  0.000019 0.000016 0.000046 0.000103 0.000051 0.000027 
6382720 SobolQRNG 1 1632 30 1.188000 1.847000  0.000022 0.000017 0.000048 0.000106 0.000052 0.000027 
6382720 SobolQRNG 1 1632 31 1.188000 1.927000  0.000021 0.000017 0.000048 0.000109 0.000052 0.000027 
6382720 SobolQRNG 1 1632 30 1.188000 1.927000  0.000021 0.000017 0.000048 0.000108 0.000052 0.000027 
6382784 SobolQRNG 1 1632 30 1.188000 2.543000  0.000039 0.000018 0.000048 0.000123 0.000053 0.000027 
6382784 SobolQRNG 1 1632 30 1.188000 1.928000  0.000020 0.000016 0.000044 0.000101 0.000046 0.000024 
6382848 SobolQRNG 1 1632 30 1.188000 2.543000  0.000019 0.000016 0.000045 0.000094 0.000048 0.000025 
6382848 SobolQRNG 1 1632 30 1.188000 3.006000  0.000020 0.000016 0.000045 0.000096 0.000049 0.000026 
6382848 SobolQRNG 1 1632 30 1.188000 1.928000  0.000021 0.000016 0.000045 0.000099 0.000050 0.000026 
6382912 SobolQRNG 1 1632 30 1.188000 2.544000  0.000018 0.000016 0.000045 0.000097 0.000049 0.000025 
6382912 SobolQRNG 1 1632 30 1.188000 1.928000  0.000018 0.000015 0.000043 0.000091 0.000045 0.000024 
6382912 SobolQRNG 1 1632 30 1.188000 2.542000  0.000020 0.000016 0.000045 0.000099 0.000048 0.000025 
6382976 SobolQRNG 1 1632 30 1.188000 1.927000  0.000018 0.000016 0.000044 0.000086 0.000046 0.000024 
6382976 SobolQRNG 1 1632 30 1.188000 1.927000  0.000019 0.000016 0.000044 0.000096 0.000048 0.000025 
6382976 SobolQRNG 1 1632 30 1.188000 2.774000  0.000019 0.000016 0.000044 0.000093 0.000046 0.000024 
6383040 SobolQRNG 1 1632 30 1.188000 1.927000  0.000018 0.000015 0.000041 0.000082 0.000043 0.000023 
6383040 SobolQRNG 1 1632 29 1.188000 2.389000  0.000023 0.000016 0.000044 0.000105 0.000049 0.000025 
6383040 SobolQRNG 1 1632 29 1.188000 1.928000  0.000021 0.000015 0.000042 0.000095 0.000043 0.000023 
6383104 SobolQRNG 1 1632 29 1.188000 2.081000  0.000019 0.000015 0.000043 0.000090 0.000045 0.000024 
6383104 SobolQRNG 1 1632 29 1.188000 1.927000  0.000018 0.000015 0.000043 0.000087 0.000045 0.000024 
6383104 SobolQRNG 1 1632 29 1.188000 2.082000  0.000020 0.000015 0.000045 0.000111 0.000049 0.000025 
6383168 SobolQRNG 1 1632 29 1.188000 2.079000  0.000018 0.000015 0.000043 0.000086 0.000045 0.000024 
6383168 SobolQRNG 1 1632 29 1.188000 1.927000  0.000019 0.000015 0.000041 0.000082 0.000042 0.000023 
6383168 SobolQRNG 1 1632 29 1.188000 2.462000  0.000018 0.000016 0.000042 0.000085 0.000045 0.000024 
6383232 SobolQRNG 1 1632 29 1.188000 1.927000  0.379532 0.084675 0.188110 0.379902 0.097463 0.039263 
6383232 SobolQRNG 1 1632 29 1.188000 1.928000  0.000018 0.000015 0.000042 0.000085 0.000045 0.000024 
6383296 SobolQRNG 1 1632 29 1.188000 2.156000  0.000018 0.000015 0.000042 0.000084 0.000044 0.000023 
6383296 SobolQRNG 1 1632 29 1.188000 1.928000  0.000030 0.000015 0.000041 0.000099 0.000042 0.000023 
6383296 SobolQRNG 1 1632 29 1.188000 2.542000  0.000020 0.000018 0.000048 0.000123 0.000052 0.000025 
6383360 SobolQRNG 1 1632 30 1.188000 1.850000  0.000017 0.000015 0.000042 0.000083 0.000044 0.000023 
6383360 SobolQRNG 1 1632 30 1.188000 1.927000  0.000019 0.000016 0.000043 0.000095 0.000046 0.000024 
6383360 SobolQRNG 1 1632 30 1.188000 2.618000  0.000018 0.000015 0.000042 0.000093 0.000046 0.000024 
6383424 SobolQRNG 1 1632 30 1.188000 1.926000  0.000016 0.000014 0.000039 0.000077 0.000040 0.000022 
6383424 SobolQRNG 1 1632 30 1.188000 2.542000  0.000020 0.000015 0.000042 0.000091 0.000047 0.000024 
6383424 SobolQRNG 1 1632 31 1.188000 1.927000  0.000022 0.000015 0.000043 0.000095 0.000046 0.000024 
6383488 SobolQRNG 1 1632 31 1.188000 2.004000  0.000020 0.000015 0.000042 0.000095 0.000047 0.000024 
6383488 SobolQRNG 1 1632 30 1.188000 1.928000  0.000019 0.000015 0.000041 0.000094 0.000045 0.000023 
6383488 SobolQRNG 1 1632 30 1.188000 1.927000  0.000018 0.000014 0.000041 0.000090 0.000045 0.000023 
6383552 SobolQRNG 1 1632 30 1.188000 2.542000  0.000016 0.000014 0.000040 0.000086 0.000044 0.000023 
6383552 SobolQRNG 1 1632 30 1.188000 1.927000  0.000016 0.000014 0.000038 0.000076 0.000039 0.000021 
6383552 SobolQRNG 1 1632 29 1.188000 2.466000  0.000016 0.000014 0.000040 0.000092 0.000044 0.000023 
6383616 SobolQRNG 1 1632 29 1.188000 1.928000  0.000024 0.000015 0.000041 0.000113 0.000047 0.000023 
6383616 SobolQRNG 1 1632 29 1.188000 2.082000  0.000019 0.000015 0.000041 0.000094 0.000044 0.000023 
6383616 SobolQRNG 1 1632 29 1.188000 2.388000  0.000017 0.000014 0.000040 0.000080 0.000042 0.000022 
6383680 SobolQRNG 1 1632 29 1.188000 1.928000  0.000017 0.000014 0.000038 0.000075 0.000039 0.000021 
6383680 SobolQRNG 1 1632 29 1.188000 2.465000  0.000017 0.000014 0.000039 0.000079 0.000042 0.000022 
6383744 SobolQRNG 1 1632 29 1.188000 3.161000  0.000018 0.000014 0.000039 0.000080 0.000042 0.000022 
6383744 SobolQRNG 1 1632 29 1.188000 1.927000  0.000019 0.000014 0.000040 0.000087 0.000043 0.000022 
6383744 SobolQRNG 1 1632 29 1.188000 2.158000  0.000016 0.000014 0.000039 0.000078 0.000041 0.000022 
6383808 SobolQRNG 1 1632 28 1.188000 1.542000  0.000016 0.000014 0.000038 0.000076 0.000039 0.000021 
6383808 SobolQRNG 1 1632 28 1.188000 1.772000  0.000017 0.000014 0.000039 0.000089 0.000044 0.000024 
6383808 SobolQRNG 1 1632 29 1.188000 1.775000  0.000019 0.000014 0.000040 0.000088 0.000044 0.000023 
6383872 SobolQRNG 1 1632 29 1.188000 2.005000  0.000017 0.000013 0.000037 0.000076 0.000039 0.000021 
6383872 SobolQRNG 1 1632 29 1.188000 2.309000  0.000018 0.000014 0.000040 0.000094 0.000046 0.000023 
6383872 SobolQRNG 1 1632 29 1.188000 1.695000  0.000017 0.000014 0.000039 0.000082 0.000041 0.000022 
6383936 SobolQRNG 1 1632 29 1.188000 1.773000  0.000005 0.000004 0.000010 0.000024 0.000013 0.000006 
