#Timestamp	Benchmark	Run(#)	CPU Frequency (MHz)	CPU Temperature(C)	CPU Voltage(V)	CPU Power(W)	CPU_CYCLES	L1_DATA_CACHE_ACCESS	INSTRUCTIONS_RETIRED	BUS_CYCLES	L1I_CACHE_ACCESS	PREDICTABLE_BRANCH_SPECULATIVELY_EXECUTED
4552960 BlackScholes 1 710 25 0.919000 0.771000  0.000019 0.000017 0.000048 0.000095 0.000061 0.000030 
4552960 BlackScholes 1 710 24 0.919000 0.694000  0.000018 0.000017 0.000052 0.000111 0.000063 0.000031 
4552960 BlackScholes 1 710 25 0.919000 0.771000  0.000082 0.000070 0.000192 0.000403 0.000214 0.000109 
4553024 BlackScholes 1 710 25 0.919000 0.540000  0.000072 0.000062 0.000188 0.000543 0.000221 0.000112 
4553024 BlackScholes 1 710 25 0.919000 0.848000  0.000201 0.000090 0.000402 0.000838 0.000369 0.000172 
4553024 BlackScholes 1 710 25 0.919000 0.540000  0.000086 0.000067 0.000185 0.000397 0.000201 0.000103 
4553088 BlackScholes 1 710 24 0.919000 0.770000  0.000082 0.000068 0.000187 0.000393 0.000203 0.000105 
4553088 BlackScholes 1 710 25 0.919000 0.770000  0.000076 0.000066 0.000179 0.000351 0.000196 0.000118 
4553152 BlackScholes 1 710 25 0.919000 0.463000  0.000067 0.000061 0.000170 0.000320 0.000174 0.000094 
4553152 BlackScholes 1 710 25 0.919000 0.770000  0.000091 0.000068 0.000185 0.000397 0.000203 0.000104 
4553152 BlackScholes 1 710 24 0.919000 0.539000  0.000082 0.000068 0.000183 0.000380 0.000199 0.000101 
4553216 BlackScholes 1 710 24 0.919000 0.694000  0.000080 0.000067 0.000182 0.000382 0.000197 0.000102 
4553216 BlackScholes 1 710 24 0.919000 0.847000  0.127136 0.058339 0.132227 0.127279 0.052172 0.018366 
4553280 BlackScholes 1 710 24 0.919000 0.539000  0.000068 0.000059 0.000166 0.000322 0.000170 0.000092 
4553280 BlackScholes 1 710 24 0.919000 0.771000  0.000029 0.000027 0.000073 0.000154 0.000082 0.000042 
4553280 BlackScholes 1 710 24 0.919000 0.540000  0.000267 0.000106 0.000248 0.000532 0.000673 0.000294 
4553344 BlackScholes 1 710 24 0.919000 0.539000  0.000068 0.000090 0.000219 0.000446 0.000252 0.000124 
4553344 BlackScholes 1 710 25 0.919000 0.771000  0.000069 0.000061 0.000167 0.000325 0.000180 0.000093 
4553408 BlackScholes 1 710 25 0.919000 0.539000  0.000065 0.000058 0.000161 0.000307 0.000169 0.000090 
4553408 BlackScholes 1 710 24 0.919000 0.771000  0.000067 0.000060 0.000165 0.000319 0.000174 0.000092 
4553408 BlackScholes 1 710 24 0.919000 0.540000  0.000063 0.000056 0.000159 0.000323 0.000164 0.000088 
4553472 BlackScholes 1 710 24 0.919000 0.770000  0.000077 0.000063 0.000171 0.000359 0.000187 0.000096 
4553472 BlackScholes 1 710 24 0.919000 0.539000  0.000067 0.000059 0.000163 0.000313 0.000173 0.000091 
4553536 BlackScholes 1 710 24 0.919000 0.539000  0.000080 0.000063 0.000173 0.000360 0.000188 0.000095 
4553536 BlackScholes 1 710 25 0.919000 0.926000  0.000078 0.000073 0.000188 0.000415 0.000200 0.000101 
4553536 BlackScholes 1 710 24 0.919000 0.540000  0.000061 0.000055 0.000154 0.000300 0.000158 0.000085 
4553600 BlackScholes 1 710 24 0.919000 0.769000  0.000067 0.000058 0.000160 0.000310 0.000170 0.000089 
4553600 BlackScholes 1 710 24 0.919000 0.540000  0.000061 0.000054 0.000153 0.000295 0.000156 0.000084 
4553600 BlackScholes 1 710 24 0.919000 0.847000  0.000064 0.000057 0.000158 0.000303 0.000167 0.000088 
4553664 BlackScholes 1 710 25 0.919000 0.771000  0.022675 0.006905 0.015001 0.022778 0.007738 0.003378 
4553664 BlackScholes 1 710 25 0.919000 0.771000  0.000074 0.000062 0.000170 0.000361 0.000188 0.000096 
4553728 BlackScholes 1 710 25 0.919000 0.540000  0.000064 0.000057 0.000157 0.000302 0.000168 0.000088 
4553728 BlackScholes 1 710 25 0.919000 0.539000  0.000078 0.000060 0.000164 0.000340 0.000177 0.000092 
4553728 BlackScholes 1 710 25 0.919000 0.848000  0.000064 0.000057 0.000156 0.000306 0.000167 0.000087 
4553792 BlackScholes 1 710 25 0.919000 0.462000  0.000058 0.000054 0.000149 0.000285 0.000153 0.000083 
4553792 BlackScholes 1 710 25 0.919000 0.771000  0.000027 0.000025 0.000069 0.000174 0.000086 0.000043 
4553792 BlackScholes 1 710 25 0.919000 0.694000  0.000059 0.000053 0.000147 0.000278 0.000152 0.000082 
4553856 BlackScholes 1 710 25 0.919000 0.770000  0.000061 0.000055 0.000152 0.000292 0.000160 0.000085 
4553856 BlackScholes 1 710 25 0.919000 0.539000  0.000062 0.000056 0.000152 0.000299 0.000161 0.000085 
4553920 BlackScholes 1 710 24 0.919000 0.540000  0.000074 0.000058 0.000162 0.000336 0.000175 0.000090 
4553920 BlackScholes 1 710 24 0.919000 0.770000  0.000065 0.000055 0.000156 0.000323 0.000169 0.000087 
4553920 BlackScholes 1 710 24 0.919000 0.694000  0.000056 0.000052 0.000144 0.000278 0.000149 0.000080 
4553984 BlackScholes 1 710 25 0.919000 0.693000  0.000059 0.000054 0.000149 0.000285 0.000160 0.000084 
4553984 BlackScholes 1 710 25 0.919000 0.462000  0.000063 0.000054 0.000147 0.000295 0.000159 0.000083 
4554048 BlackScholes 1 710 25 0.919000 0.848000  0.000058 0.000053 0.000147 0.000281 0.000155 0.000082 
4554048 BlackScholes 1 710 25 0.919000 0.771000  0.000059 0.000053 0.000146 0.000281 0.000156 0.000082 
4554048 BlackScholes 1 710 25 0.919000 0.617000  0.000056 0.000050 0.000140 0.000271 0.000145 0.000078 
4554112 BlackScholes 1 710 25 0.919000 0.770000  0.000058 0.000053 0.000145 0.000279 0.000154 0.000081 
4554112 BlackScholes 1 710 25 0.919000 0.770000  -1.995566 -2.316806 1.155552 -1.995298 1.802580 0.470621 
4554176 BlackScholes 1 710 25 0.919000 0.771000  0.000058 0.000052 0.000144 0.000279 0.000153 0.000081 
4554176 BlackScholes 1 710 25 0.919000 0.848000  0.000056 0.000050 0.000141 0.000301 0.000161 0.000084 
4554176 BlackScholes 1 710 25 0.919000 0.770000  0.000057 0.000052 0.000143 0.000374 0.000185 0.000105 
4554240 BlackScholes 1 710 25 0.919000 0.771000  0.000062 0.000053 0.000147 0.000314 0.000164 0.000084 
4554240 BlackScholes 1 710 25 0.919000 0.462000  0.000014 0.000013 0.000037 0.000073 0.000046 0.000023 
4554240 BlackScholes 1 710 25 0.919000 0.926000  0.000068 0.000054 0.000152 0.000325 0.000167 0.000086 
4554304 BlackScholes 1 710 25 0.919000 0.463000  0.000059 0.000054 0.000145 0.000315 0.000149 0.000079 
4554304 BlackScholes 1 710 25 0.919000 0.617000  0.000067 0.000056 0.000150 0.000320 0.000162 0.000083 
4554368 BlackScholes 1 710 25 0.919000 0.848000  0.000057 0.000052 0.000140 0.000269 0.000151 0.000079 
4554368 BlackScholes 1 710 25 0.919000 0.539000  0.000056 0.000051 0.002775 0.001836 0.001131 0.000655 
4554368 BlackScholes 1 710 25 0.919000 0.771000  0.000027 0.000035 0.000086 0.000175 0.000100 0.000049 
4554432 BlackScholes 1 710 25 0.919000 0.617000  0.000087 0.000064 0.000172 0.000499 0.000486 0.000200 
4554432 BlackScholes 1 710 25 0.919000 0.771000  0.000055 0.000050 0.000177 0.000359 0.000206 0.000101 
4554496 BlackScholes 1 710 25 0.919000 0.771000  0.000027 0.000024 0.000066 0.000127 0.000070 0.000037 
4554496 BlackScholes 1 710 25 0.919000 0.539000  0.000052 0.000047 0.000131 0.000253 0.000134 0.000072 
4554496 BlackScholes 1 710 25 0.919000 0.925000  0.000056 0.000049 0.000135 0.000266 0.000146 0.000076 
4554560 BlackScholes 1 710 25 0.919000 0.617000  0.000054 0.000050 0.000142 0.000306 0.000160 0.000082 
4554560 BlackScholes 1 710 24 0.919000 0.694000  0.000053 0.000049 0.000135 0.000256 0.000164 0.000084 
4554624 BlackScholes 1 710 24 0.919000 0.847000  0.000057 0.000049 0.000134 0.000268 0.000142 0.000075 
4554624 BlackScholes 1 710 25 0.919000 0.770000  0.000054 0.000049 0.000134 0.000257 0.000142 0.000075 
4554624 BlackScholes 1 710 25 0.919000 0.924000  0.000057 0.000049 0.000223 0.000523 0.000206 0.000102 
4554688 BlackScholes 1 710 24 0.919000 0.847000  0.000053 0.000048 0.000133 0.000255 0.000140 0.000075 
4554688 BlackScholes 1 710 24 0.919000 0.847000  0.000069 0.000052 0.000143 0.000308 0.000158 0.000079 
4554688 BlackScholes 1 710 25 0.919000 0.771000  0.000052 0.000048 0.000132 0.000250 0.000139 0.000074 
4554752 BlackScholes 1 710 25 0.919000 0.770000  0.000055 0.000048 0.000131 0.000255 0.000140 0.000074 
4554752 BlackScholes 1 710 25 0.919000 0.616000  0.000051 0.000045 0.000126 0.000244 0.000130 0.000070 
4554816 BlackScholes 1 710 24 0.919000 0.770000  0.000054 0.000047 0.000130 0.000251 0.000138 0.000073 
4554816 BlackScholes 1 710 24 0.919000 0.463000  0.000051 0.000045 0.000124 0.000583 0.000203 0.000104 
4554816 BlackScholes 1 710 24 0.919000 0.848000  0.000052 0.000047 0.000129 0.000250 0.000137 0.000072 
4554880 BlackScholes 1 710 24 0.919000 0.848000  0.000058 0.000047 0.000129 0.000257 0.000137 0.000072 
4554880 BlackScholes 1 710 24 0.919000 0.539000  0.000064 0.000049 0.000137 0.000289 0.000148 0.000076 
4554880 BlackScholes 1 710 25 0.919000 0.925000  0.000066 0.000051 0.000137 0.000288 0.000147 0.000076 
4554944 BlackScholes 1 710 25 0.919000 0.463000  0.000049 0.000044 0.000123 0.000245 0.000135 0.000071 
4554944 BlackScholes 1 710 25 0.919000 0.849000  0.000055 0.000047 0.000131 0.000280 0.000145 0.000077 
4555008 BlackScholes 1 710 24 0.919000 0.539000  0.000049 0.000044 0.000122 0.000234 0.000127 0.000068 
4555008 BlackScholes 1 710 24 0.919000 0.847000  0.000054 0.000045 0.000129 0.000267 0.000139 0.000073 
4555008 BlackScholes 1 710 25 0.919000 0.848000  0.000053 0.000046 0.000126 0.000243 0.000134 0.000071 
4555072 BlackScholes 1 710 25 0.919000 0.770000  0.000049 0.000046 0.000125 0.000238 0.000133 0.000070 
4555072 BlackScholes 1 710 25 0.919000 0.770000  0.000064 0.000050 0.000133 0.000280 0.000142 0.000073 
4555072 BlackScholes 1 710 24 0.919000 0.539000  0.000046 0.000042 0.000119 0.000227 0.000122 0.000066 
4555136 BlackScholes 1 710 24 0.919000 0.616000  0.000052 0.000045 0.000130 0.000301 0.000140 0.000071 
4555136 BlackScholes 1 710 25 0.919000 0.539000  0.000030 0.000024 0.000067 0.000141 0.000075 0.000038 
4555200 BlackScholes 1 710 25 0.919000 0.770000  0.000049 0.000044 0.000122 0.000236 0.000130 0.000068 
4555200 BlackScholes 1 710 25 0.919000 0.925000  0.000030 0.000022 0.000061 0.000140 0.000062 0.000034 
4555200 BlackScholes 1 710 25 0.919000 0.847000  0.000094 0.000050 0.000135 0.000309 0.000143 0.000073 
4555264 BlackScholes 1 710 25 0.919000 0.923000  0.000092 0.000048 0.000139 0.000329 0.000135 0.000070 
4555264 BlackScholes 1 710 25 0.919000 0.692000  0.000051 0.000043 0.000119 0.000262 0.000136 0.000073 
4555328 BlackScholes 1 710 25 0.919000 0.692000  0.000048 0.000062 0.000152 0.000378 0.000146 0.000073 
4555328 BlackScholes 1 710 25 0.919000 0.538000  0.000055 0.000043 0.000121 0.000262 0.000136 0.000069 
4555328 BlackScholes 1 710 25 0.919000 0.615000  0.000048 0.000041 0.000114 0.000223 0.000117 0.000063 
4555392 BlackScholes 1 710 25 0.919000 0.538000  0.000062 0.000047 0.000126 0.000271 0.000137 0.000069 
4555392 BlackScholes 1 710 26 0.919000 0.307000  0.000050 0.000043 0.000118 0.000243 0.000126 0.000066 
4555392 BlackScholes 1 710 26 0.919000 0.615000  0.000051 0.000042 0.000119 0.000272 0.000132 0.000068 
4555456 BlackScholes 1 710 26 0.919000 0.538000  0.000063 0.000046 0.000125 0.000286 0.000136 0.000070 
4555456 BlackScholes 1 710 26 0.919000 0.384000  0.000057 0.000046 0.000127 0.000269 0.000137 0.000069 
4555520 BlackScholes 1 710 26 0.919000 0.384000  0.000055 0.000043 0.000118 0.000250 0.000127 0.000066 
4555520 BlackScholes 1 710 26 0.919000 0.461000  0.000052 0.000044 0.000117 0.000238 0.000122 0.000064 
4555520 BlackScholes 1 710 26 0.919000 0.538000  0.000027 0.000023 0.000062 0.000127 0.000067 0.000035 
4555584 BlackScholes 1 710 26 0.919000 0.461000  0.000046 0.000040 0.000111 0.000214 0.000115 0.000061 
4555584 BlackScholes 1 710 26 0.919000 0.384000  0.000092 0.000046 0.000123 0.000284 0.000132 0.000066 
4555584 BlackScholes 1 710 26 0.919000 0.384000  0.000046 0.000039 0.000109 0.000214 0.000113 0.000061 
4555648 BlackScholes 1 710 26 0.919000 0.538000  0.000050 0.000043 0.000116 0.000247 0.000123 0.000064 
4555648 BlackScholes 1 710 26 0.919000 0.384000  0.000045 0.000039 0.000111 0.000233 0.000113 0.000061 
4555712 BlackScholes 1 710 26 0.919000 0.461000  -1.308379 -1.730941 1.005588 -1.308141 1.452503 0.389977 
4555712 BlackScholes 1 710 26 0.919000 0.615000  0.000046 0.000039 0.000109 0.000215 0.000115 0.000061 
4555712 BlackScholes 1 710 26 0.919000 0.461000  0.000025 0.000022 0.000060 0.000119 0.000065 0.000034 
4555776 BlackScholes 1 710 26 0.919000 0.384000  0.000048 0.000038 0.000107 0.000220 0.000120 0.000062 
4555776 BlackScholes 1 710 26 0.919000 0.538000  0.000026 0.000022 0.000060 0.000123 0.000065 0.000034 
4555840 BlackScholes 1 710 26 0.919000 0.615000  0.000051 0.000038 0.000105 0.000223 0.000110 0.000058 
4555840 BlackScholes 1 710 26 0.919000 0.615000  0.000057 0.000042 0.000115 0.000256 0.000130 0.000066 
4555840 BlackScholes 1 710 26 0.919000 0.307000  0.000046 0.000038 0.000105 0.000208 0.000110 0.000058 
4555904 BlackScholes 1 710 26 0.919000 0.538000  0.000318 0.000234 0.000518 0.000936 0.000417 0.000192 
4555904 BlackScholes 1 710 26 0.919000 0.461000  0.000046 0.000040 0.000108 0.000210 0.000115 0.000061 
4555968 BlackScholes 1 710 26 0.919000 0.461000  0.000056 0.000048 0.000126 0.000289 0.000136 0.000068 
4555968 BlackScholes 1 710 26 0.919000 0.461000  0.000047 0.000040 0.000111 0.000239 0.000124 0.000064 
4555968 BlackScholes 1 710 26 0.919000 0.384000  0.000041 0.000037 0.000103 0.000203 0.000105 0.000057 
4556032 BlackScholes 1 710 27 0.919000 0.461000  0.000046 0.000039 0.000107 0.000212 0.000115 0.000060 
4556032 BlackScholes 1 710 27 0.919000 0.384000  0.000042 0.000037 0.000102 0.000248 0.000118 0.000061 
4556096 BlackScholes 1 710 27 0.919000 0.461000  0.000124 0.000050 0.000126 0.000316 0.000127 0.000064 
4556096 BlackScholes 1 710 27 0.919000 0.384000  0.000041 0.000036 0.000101 0.000200 0.000104 0.000056 
4556096 BlackScholes 1 710 27 0.919000 0.384000  0.000045 0.000038 0.000106 0.000220 0.000117 0.000061 
4556160 BlackScholes 1 710 27 0.919000 0.384000  0.000041 0.000036 0.000101 0.000198 0.000104 0.000056 
4556160 BlackScholes 1 710 27 0.919000 0.538000  0.000046 0.000038 0.000105 0.000297 0.000124 0.000064 
4556160 BlackScholes 1 710 27 0.919000 0.384000  0.000042 0.000036 0.000100 0.000197 0.000103 0.000056 
4556224 BlackScholes 1 710 26 0.919000 0.615000  0.000076 0.000043 0.000143 0.000332 0.000141 0.293992 
4556224 BlackScholes 1 710 26 0.919000 0.538000  0.000043 0.000036 0.000100 0.000195 0.000104 0.000055 
4556288 BlackScholes 1 710 26 0.919000 0.538000  0.000051 0.000044 0.000119 0.000344 0.000142 0.000069 
4556288 BlackScholes 1 710 26 0.919000 0.384000  0.000043 0.000036 0.000099 0.000198 0.000102 0.000055 
4556288 BlackScholes 1 710 26 0.919000 0.538000  0.000051 0.000040 0.000108 0.000240 0.000121 0.000062 
4556352 BlackScholes 1 710 26 0.919000 0.384000  0.000043 0.000036 0.000142 0.000418 0.000151 0.000071 
4556352 BlackScholes 1 710 26 0.919000 0.845000  0.000041 0.000038 0.000134 0.000288 0.000155 0.000075 
4556416 BlackScholes 1 710 26 0.919000 0.615000  0.000044 0.000037 0.000102 0.000201 0.000109 0.000057 
4556416 BlackScholes 1 710 27 0.919000 0.538000  0.000043 0.000037 0.000102 0.000202 0.000110 0.000057 
4556416 BlackScholes 1 710 27 0.919000 0.615000  0.000043 0.000037 0.000101 0.000204 0.000108 0.000057 
4556480 BlackScholes 1 710 26 0.919000 0.384000  0.000040 0.000035 0.000097 0.000248 0.000110 0.000057 
4556480 BlackScholes 1 710 26 0.919000 0.615000  0.000047 0.000037 0.000103 0.000233 0.000116 0.000059 
4556480 BlackScholes 1 710 27 0.919000 0.538000  0.000042 0.000035 0.000096 0.000197 0.000099 0.000053 
4556544 BlackScholes 1 710 27 0.919000 0.692000  0.000046 0.000037 0.000102 0.000221 0.000110 0.000057 
4556544 BlackScholes 1 710 27 0.919000 0.307000  0.000039 0.000034 0.000096 0.000191 0.000098 0.000053 
4556608 BlackScholes 1 710 27 0.919000 0.692000  0.000046 0.000036 0.000100 0.000214 0.000111 0.000057 
4556608 BlackScholes 1 710 27 0.919000 0.384000  0.000040 0.000034 0.000096 0.000200 0.000100 0.000054 
4556608 BlackScholes 1 710 27 0.919000 0.461000  0.000043 0.000036 0.000099 0.000204 0.000108 0.000056 
4556672 BlackScholes 1 710 27 0.919000 0.538000  0.000040 0.000034 0.000095 0.000190 0.000097 0.000053 
4556672 BlackScholes 1 710 27 0.919000 0.615000  0.000039 0.000036 0.000101 0.000219 0.000113 0.000059 
4556672 BlackScholes 1 710 27 0.919000 0.461000  0.000038 0.000034 0.000095 0.000192 0.000097 0.000053 
4556736 BlackScholes 1 710 27 0.919000 0.538000  0.000049 0.000037 0.000107 0.000243 0.000111 0.000058 
4556736 BlackScholes 1 710 27 0.919000 0.384000  0.000040 0.000034 0.000095 0.000189 0.000097 0.000053 
4556800 BlackScholes 1 710 27 0.919000 0.538000  0.000047 0.000037 0.000101 0.000218 0.000111 0.000058 
4556800 BlackScholes 1 710 27 0.919000 0.384000  0.000038 0.000034 0.000094 0.000182 0.000096 0.000052 
4556800 BlackScholes 1 710 27 0.919000 0.615000  0.232833 0.692130 0.192662 0.692185 0.000019 0.020886 
4556864 BlackScholes 1 710 27 0.919000 0.384000  0.000038 0.000034 0.000094 0.000185 0.000098 0.000052 
4556864 BlackScholes 1 710 27 0.919000 0.538000  0.000050 0.000037 0.000101 0.000214 0.000108 0.000056 
4556864 BlackScholes 1 710 27 0.919000 0.615000  0.000038 0.000034 0.000094 0.000183 0.000097 0.000052 
4556928 BlackScholes 1 710 27 0.919000 0.538000  0.000039 0.000035 0.000097 0.000194 0.000103 0.000054 
4556928 BlackScholes 1 710 27 0.919000 0.461000  0.232623 0.693016 0.192739 0.693030 0.000019 0.020863 
4556992 BlackScholes 1 710 27 0.919000 0.615000  0.000010 0.000060 0.000037 0.000121 0.000000 0.000006 
4556992 BlackScholes 1 710 27 0.919000 0.461000  0.000044 0.000036 0.000099 0.000194 0.000105 0.000055 
4556992 BlackScholes 1 710 27 0.919000 0.461000  0.000052 0.000038 0.000103 0.000230 0.000119 0.000059 
4557056 BlackScholes 1 710 27 0.919000 0.615000  0.000044 0.000037 0.000098 0.000203 0.000102 0.000053 
4557056 BlackScholes 1 710 27 0.919000 0.692000  0.000041 0.000035 0.000097 0.000199 0.000104 0.000054 
4557056 BlackScholes 1 710 27 0.919000 0.384000  0.000037 0.000033 0.000093 0.000179 0.000103 0.000054 
4557120 BlackScholes 1 710 27 0.919000 0.461000  0.000041 0.000036 0.000101 0.000216 0.000111 0.000058 
4557120 BlackScholes 1 710 27 0.919000 0.692000  0.000046 0.000037 0.000098 0.000200 0.000101 0.000053 
4557120 BlackScholes 1 710 27 0.919000 0.538000  0.000040 0.000034 0.000098 0.000213 0.000105 0.000054 
4557184 BlackScholes 1 710 27 0.919000 0.538000  0.000048 0.000035 0.000095 0.000195 0.000098 0.000052 
4557184 BlackScholes 1 710 27 0.919000 0.384000  0.000043 0.000035 0.000097 0.000209 0.000108 0.000056 
4557248 BlackScholes 1 710 27 0.919000 0.615000  0.000048 0.000039 0.000105 0.000227 0.000112 0.000056 
4557248 BlackScholes 1 710 27 0.919000 0.769000  0.000043 0.000035 0.000100 0.000215 0.000110 0.000057 
4557248 BlackScholes 1 710 27 0.919000 0.384000  0.000046 0.000036 0.000097 0.000195 0.000100 0.000053 
4557312 BlackScholes 1 710 27 0.919000 0.461000  0.000039 0.000041 0.000107 0.000269 0.000118 0.000060 
4557312 BlackScholes 1 710 27 0.919000 0.615000  0.000038 0.000033 0.000092 0.000183 0.000096 0.000051 
4557312 BlackScholes 1 710 27 0.919000 0.538000  0.000041 0.000035 0.000095 0.000187 0.000102 0.000053 
4557376 BlackScholes 1 710 27 0.919000 0.615000  0.000038 0.000033 0.000091 0.000177 0.000095 0.000051 
4557376 BlackScholes 1 710 27 0.919000 0.384000  0.000047 0.000035 0.000098 0.000207 0.000105 0.000054 
4557440 BlackScholes 1 710 27 0.919000 0.461000  0.000037 0.000033 0.000091 0.000179 0.000094 0.000050 
4557440 BlackScholes 1 710 27 0.919000 0.538000  0.000042 0.000034 0.000097 0.000210 0.000105 0.000055 
4557440 BlackScholes 1 710 27 0.919000 0.461000  0.000038 0.000032 0.000090 0.000185 0.000092 0.000050 
4557504 BlackScholes 1 710 27 0.919000 0.461000  0.000047 0.000036 0.000099 0.000218 0.000107 0.000054 
4557504 BlackScholes 1 710 27 0.919000 0.384000  0.000039 0.000032 0.000090 0.000179 0.000099 0.000052 
4557568 BlackScholes 1 710 27 0.919000 0.538000  0.000038 0.000034 0.000096 0.000202 0.000105 0.000055 
4557568 BlackScholes 1 710 27 0.919000 0.384000  0.000040 0.000032 0.000092 0.000194 0.000093 0.000050 
4557568 BlackScholes 1 710 27 0.919000 0.694000  0.000051 0.000036 0.000100 0.000228 0.000107 0.000056 
4557632 BlackScholes 1 710 27 0.919000 0.616000  0.000037 0.000032 0.000089 0.000178 0.000093 0.000050 
4557632 BlackScholes 1 710 27 0.919000 0.771000  0.000042 0.000035 0.000100 0.000224 0.000107 0.000056 
4557632 BlackScholes 1 710 27 0.919000 1.002000  0.000038 0.000034 0.000093 0.000185 0.000098 0.000052 
4557696 BlackScholes 1 710 27 0.919000 0.616000  0.000057 0.000037 0.000125 0.000258 0.000143 0.000069 
4557696 BlackScholes 1 710 27 0.919000 0.847000  0.000037 0.000034 0.000094 0.000193 0.000098 0.000051 
4557696 BlackScholes 1 710 26 0.919000 0.540000  0.000036 0.000032 0.000094 0.000193 0.000095 0.000050 
4557760 BlackScholes 1 710 26 0.919000 0.847000  0.000041 0.000035 0.000095 0.000231 0.000111 0.000056 
4557760 BlackScholes 1 710 26 0.919000 0.616000  0.000045 0.000033 0.000094 0.000202 0.000096 0.000053 
4557824 BlackScholes 1 710 26 0.919000 0.771000  0.000038 0.000035 0.000097 0.000213 0.000107 0.000056 
4557824 BlackScholes 1 710 26 0.919000 0.616000  0.000035 0.000031 0.000088 0.000169 0.000090 0.000049 
4557824 BlackScholes 1 710 26 0.919000 0.769000  0.000042 0.000034 0.000095 0.000204 0.000106 0.000055 
4557888 BlackScholes 1 710 26 0.919000 1.002000  0.000037 0.000033 0.000091 0.000180 0.000097 0.000051 
4557888 BlackScholes 1 710 26 0.919000 0.616000  0.000046 0.000036 0.000096 0.000196 0.000100 0.000051 
4557888 BlackScholes 1 710 26 0.919000 0.848000  0.000037 0.000049 0.000117 0.000321 0.000145 0.000077 
4557952 BlackScholes 1 710 26 0.919000 0.539000  0.000036 0.000031 0.000087 0.000168 0.000091 0.000048 
4557952 BlackScholes 1 710 26 0.919000 0.848000  0.000037 0.000033 0.000091 0.000175 0.000096 0.000051 
4558016 BlackScholes 1 710 26 0.919000 0.539000  0.000036 0.000031 0.000089 0.000183 0.000095 0.000049 
4558016 BlackScholes 1 710 26 0.919000 0.847000  0.000036 0.000033 0.000090 0.000174 0.000095 0.000051 
4558016 BlackScholes 1 710 26 0.919000 0.924000  0.000036 0.000033 0.000090 0.000175 0.000096 0.000050 
4558080 BlackScholes 1 710 26 0.919000 0.539000  0.000036 0.000033 0.000090 0.000176 0.000094 0.000050 
4558080 BlackScholes 1 710 26 0.919000 0.924000  0.000037 0.000033 0.000090 0.000178 0.000098 0.000050 
4558080 BlackScholes 1 710 26 0.919000 0.539000  0.000034 0.000031 0.000086 0.000162 0.000089 0.000048 
4558144 BlackScholes 1 710 26 0.919000 0.926000  0.000036 0.000033 0.000091 0.000188 0.000098 0.000052 
4558144 BlackScholes 1 710 26 0.919000 0.539000  0.000042 0.000033 0.000091 0.000196 0.000094 0.000050 
4558208 BlackScholes 1 710 25 0.919000 0.771000  0.000035 0.000032 0.000089 0.000173 0.000094 0.000050 
4558208 BlackScholes 1 710 26 0.919000 0.616000  0.000037 0.000032 0.000089 0.000175 0.000094 0.000050 
4558208 BlackScholes 1 710 26 0.919000 0.770000  0.000035 0.000032 0.000089 0.000172 0.000094 0.000050 
4558272 BlackScholes 1 710 26 0.919000 0.925000  0.000005 0.000005 0.000013 0.000026 0.000017 0.000008 
4558272 BlackScholes 1 710 26 0.919000 0.540000  0.000035 0.000032 0.000088 0.000170 0.000095 0.000050 
4558272 BlackScholes 1 710 26 0.919000 0.925000  0.000041 0.000033 0.000091 0.000196 0.000102 0.000052 
4558336 BlackScholes 1 710 26 0.919000 0.540000  0.000033 0.000030 0.000084 0.000163 0.000087 0.000047 
4558336 BlackScholes 1 710 26 0.919000 0.771000  0.000036 0.000032 0.000088 0.000170 0.000094 0.000049 
4558336 BlackScholes 1 710 26 0.919000 0.539000  0.000034 0.000031 0.000088 0.000177 0.000090 0.000048 
4558400 BlackScholes 1 710 26 0.919000 0.771000  0.000041 0.000033 0.000091 0.000194 0.000101 0.000052 
4558400 BlackScholes 1 710 26 0.919000 0.539000  0.000035 0.000032 0.000087 0.000168 0.000093 0.000049 
4558464 BlackScholes 1 710 26 0.919000 0.770000  0.000035 0.000032 0.000087 0.000167 0.000092 0.000049 
4558464 BlackScholes 1 710 25 0.919000 0.925000  0.000035 0.000032 0.000086 0.000169 0.000093 0.000063 
4558464 BlackScholes 1 710 25 0.919000 0.539000  0.000042 0.000033 0.000088 0.000211 0.000099 0.000050 
4558528 BlackScholes 1 710 25 0.919000 0.924000  0.000035 0.000031 0.000086 0.000165 0.000091 0.000048 
4558528 BlackScholes 1 710 25 0.919000 0.539000  0.000033 0.000030 0.000083 0.000158 0.000086 0.000046 
4558528 BlackScholes 1 710 25 0.919000 0.848000  0.000039 0.000032 0.000088 0.000183 0.000097 0.000051 
4558592 BlackScholes 1 710 26 0.919000 0.539000  0.000033 0.000033 0.000088 0.000186 0.000091 0.000047 
4558592 BlackScholes 1 710 26 0.919000 0.771000  0.000036 0.000032 0.000089 0.000190 0.000099 0.000051 
4558656 BlackScholes 1 710 25 0.919000 0.539000  0.000034 0.000029 0.000082 0.000162 0.000085 0.000046 
4558656 BlackScholes 1 710 26 0.919000 0.771000  0.000042 0.000033 0.000090 0.000189 0.000100 0.000053 
4558656 BlackScholes 1 710 26 0.919000 0.770000  0.000036 0.000032 0.000090 0.000188 0.000098 0.000051 
4558720 BlackScholes 1 710 25 0.919000 0.616000  0.000039 0.000034 0.000092 0.000201 0.000099 0.000051 
4558720 BlackScholes 1 710 25 0.919000 0.770000  0.000036 0.000031 0.000088 0.000181 0.000097 0.000050 
4558720 BlackScholes 1 710 25 0.919000 0.539000  0.000032 0.000029 0.000081 0.000155 0.000084 0.000045 
4558784 BlackScholes 1 710 26 0.919000 0.770000  0.000041 0.000032 0.000088 0.000184 0.000098 0.000050 
4558784 BlackScholes 1 710 26 0.919000 0.539000  0.000034 0.000030 0.000084 0.000175 0.000087 0.000046 
4558848 BlackScholes 1 710 26 0.919000 1.156000  0.000039 0.000032 0.000088 0.000189 0.000098 0.000050 
4558848 BlackScholes 1 710 26 0.919000 0.847000  0.000034 0.000031 0.000084 0.000160 0.000089 0.000054 
4558848 BlackScholes 1 710 25 0.919000 0.539000  0.000034 0.000045 0.000108 -0.388647 0.961045 0.276966 
4558912 BlackScholes 1 710 25 0.919000 0.771000  0.000045 0.000033 0.000090 0.000181 0.000094 0.000049 
4558912 BlackScholes 1 710 25 0.919000 0.540000  0.000032 0.000028 0.000079 0.000152 0.000083 0.000044 
4558912 BlackScholes 1 710 25 0.919000 0.770000  0.000041 0.000033 0.000089 0.000186 0.000096 0.000049 
4558976 BlackScholes 1 710 25 0.919000 0.539000  0.000031 0.000031 0.000083 0.000188 0.000085 0.000045 
4558976 BlackScholes 1 710 25 0.919000 0.770000  0.000042 0.000032 0.000088 0.000183 0.000095 0.000049 
4559040 BlackScholes 1 710 25 0.919000 0.539000  0.000041 0.000031 0.000084 0.000165 0.000086 0.000045 
4559040 BlackScholes 1 710 25 0.919000 0.539000  0.000033 0.000033 0.000089 0.000192 0.000095 0.000048 
4559040 BlackScholes 1 710 25 0.919000 0.539000  0.000033 0.000030 0.000111 0.007592 0.001942 0.000776 
4559104 BlackScholes 1 710 25 0.919000 0.539000  0.000031 0.000028 0.000078 0.000148 0.000080 0.000057 
4559104 BlackScholes 1 710 25 0.919000 0.771000  0.000006 0.000037 0.000025 0.000076 0.000000 0.000004 
4559168 BlackScholes 1 710 25 0.919000 0.539000  0.000034 0.000029 0.000081 0.000159 0.000086 0.000045 
4559168 BlackScholes 1 710 25 0.919000 0.771000  0.000038 0.000036 0.000094 0.000212 0.000100 0.000050 
4559168 BlackScholes 1 710 25 0.919000 0.848000  0.001140 0.003770 0.001288 0.003815 0.000000 0.000082 
4559232 BlackScholes 1 710 25 0.919000 0.463000  0.000031 0.000028 0.000077 0.000148 0.000080 0.000045 
4559232 BlackScholes 1 710 25 0.919000 0.771000  0.000188 0.000061 0.000141 0.000312 0.000132 0.000063 
4559232 BlackScholes 1 710 25 0.919000 0.540000  0.046258 0.015179 0.032590 0.046327 0.016802 0.007288 
4559296 BlackScholes 1 710 25 0.919000 0.770000  0.000035 0.000030 0.000082 0.000206 0.000095 0.000048 
4559296 BlackScholes 1 710 25 0.919000 0.539000  0.000032 0.000029 0.000080 0.000156 0.000085 0.000045 
4559360 BlackScholes 1 710 25 0.919000 0.539000  0.000039 0.000032 0.000086 0.000181 0.000093 0.000047 
4559360 BlackScholes 1 710 25 0.919000 0.539000  0.000019 0.000017 0.000047 0.000091 0.000050 0.000026 
4559360 BlackScholes 1 710 25 0.919000 0.540000  0.000031 0.000019 0.000049 0.000100 0.000050 0.000027 
4559424 BlackScholes 1 710 25 0.919000 0.769000  0.000031 0.000028 0.000078 0.000171 0.000089 0.000046 
4559424 BlackScholes 1 710 25 0.919000 0.540000  0.000032 0.000029 0.000078 0.000152 0.000085 0.000044 
4559424 BlackScholes 1 710 25 0.919000 0.539000  0.000037 0.000030 0.000082 0.000171 0.000090 0.000046 
4559488 BlackScholes 1 710 25 0.919000 0.926000  0.000032 0.000044 0.000111 0.000265 0.000131 0.000061 
4559488 BlackScholes 1 710 25 0.919000 0.539000  0.000031 0.000027 0.000078 0.000168 0.000088 0.000046 
4559552 BlackScholes 1 710 25 0.919000 0.849000  0.000039 0.000031 0.000083 0.000171 0.000089 0.000046 
4559552 BlackScholes 1 710 25 0.919000 0.926000  0.000031 0.000029 0.000078 0.000149 0.000083 0.000044 
4559616 BlackScholes 1 710 25 0.919000 0.540000  0.000033 0.000029 0.000080 0.000165 0.000088 0.000046 
4559616 BlackScholes 1 710 25 0.919000 0.926000  0.000032 0.000028 0.000077 0.000149 0.000082 0.000043 
4559616 BlackScholes 1 710 25 0.919000 0.540000  0.000056 0.000032 0.000082 0.000170 0.000084 0.000043 
4559680 BlackScholes 1 710 25 0.919000 0.848000  0.000039 0.000030 0.000080 0.000169 0.000087 0.000045 
4559680 BlackScholes 1 710 25 0.919000 0.539000  0.000030 0.000026 0.000074 0.000141 0.000077 0.000041 
4559680 BlackScholes 1 710 25 0.919000 0.770000  0.000037 0.000029 0.000080 0.000170 0.000088 0.000046 
4559744 BlackScholes 1 710 25 0.919000 0.616000  0.000031 0.000028 0.000076 0.000147 0.000081 0.000042 
4559744 BlackScholes 1 710 25 0.919000 0.539000  0.000037 0.000030 0.000082 0.000174 0.000090 0.000046 
4559808 BlackScholes 1 710 25 0.919000 0.770000  0.000032 0.000033 0.000086 0.000197 0.000093 0.000048 
4559808 BlackScholes 1 710 25 0.919000 0.616000  0.000030 0.000026 0.000073 0.000140 0.000076 0.000040 
4559808 BlackScholes 1 710 25 0.919000 0.540000  0.000037 0.000030 0.000082 0.000174 0.000091 0.000046 
4559872 BlackScholes 1 710 25 0.919000 0.925000  0.000031 0.000027 0.000075 0.000148 0.000080 0.000042 
4559872 BlackScholes 1 710 25 0.919000 0.616000  0.000030 0.000041 0.000097 0.000203 0.000115 0.000055 
4559936 BlackScholes 1 710 25 0.919000 0.771000  0.000030 0.000027 0.000075 0.000145 0.000079 0.000042 
4559936 BlackScholes 1 710 25 0.919000 0.539000  0.000029 0.000026 0.000072 0.000137 0.000075 0.000040 
4559936 BlackScholes 1 710 25 0.919000 0.771000  0.000030 0.000027 0.000075 0.000144 0.000080 0.000042 
4560000 BlackScholes 1 710 25 0.919000 0.540000  0.010836 0.037125 0.012243 0.037162 0.000001 0.000747 
4560000 BlackScholes 1 710 25 0.919000 0.770000  0.000034 0.000028 0.000078 0.000168 0.000086 0.000044 
4560000 BlackScholes 1 710 25 0.919000 0.616000  0.000030 0.000027 0.000074 0.000142 0.000080 0.000042 
4560064 BlackScholes 1 710 25 0.919000 0.539000  0.000036 0.000029 0.000078 0.000167 0.000087 0.000045 
4560064 BlackScholes 1 710 25 0.919000 0.848000  0.000031 0.000033 0.000085 0.000197 0.000095 0.000048 
4560128 BlackScholes 1 710 25 0.919000 0.540000  0.000049 0.000035 0.000101 0.000335 0.000124 0.000059 
4560128 BlackScholes 1 710 25 0.919000 0.770000  0.000037 0.000028 0.000078 0.000167 0.000086 0.000044 
4560128 BlackScholes 1 710 25 0.919000 0.924000  0.000031 0.000027 0.000074 0.000144 0.000080 0.000042 
4560192 BlackScholes 1 710 25 0.919000 0.617000  0.000029 0.000027 0.000074 0.000145 0.000078 0.000041 
4560192 BlackScholes 1 710 25 0.919000 0.771000  0.000031 0.000027 0.000073 0.000144 0.000079 0.000041 
4560256 BlackScholes 1 710 25 0.919000 0.540000  0.006583 0.001291 0.002657 0.006694 0.001769 0.000707 
4560256 BlackScholes 1 710 25 0.919000 0.848000  0.000029 0.000026 0.000073 0.000140 0.000078 0.000041 
4560256 BlackScholes 1 710 25 0.919000 0.540000  0.000034 0.000026 0.000083 0.000179 0.000086 0.000043 
4560320 BlackScholes 1 710 25 0.919000 0.925000  0.000036 0.000029 0.000077 0.000164 0.000086 0.000044 
4560320 BlackScholes 1 710 25 0.919000 0.540000  0.000036 0.000027 0.000075 0.000163 0.000082 0.000042 
4560320 BlackScholes 1 710 25 0.919000 0.540000  0.000031 0.000027 0.000075 0.000155 0.000082 0.000043 
4560384 BlackScholes 1 710 25 0.919000 0.847000  0.000035 0.000028 0.000078 0.000168 0.000083 0.000043 
4560384 BlackScholes 1 710 25 0.919000 0.539000  0.000029 0.000025 0.000069 0.000137 0.000072 0.000038 
4560448 BlackScholes 1 710 25 0.919000 0.771000  0.000029 0.000039 0.000100 0.000271 0.000117 0.000061 
4560448 BlackScholes 1 710 25 0.919000 0.925000  0.003074 0.016829 0.008018 0.026611 0.000001 0.001204 
4560448 BlackScholes 1 710 25 0.919000 0.769000  0.000034 0.000028 0.000077 0.000166 0.000085 0.000043 
4560512 BlackScholes 1 710 25 0.919000 0.848000  0.000029 0.000026 0.000071 0.000142 0.000076 0.000040 
4560512 BlackScholes 1 710 25 0.919000 0.539000  0.000035 0.000028 0.000075 0.000161 0.000083 0.000043 
4560576 BlackScholes 1 710 25 0.919000 0.925000  0.000609 0.005912 0.003234 0.009895 0.000000 0.000528 
4560576 BlackScholes 1 710 25 0.919000 0.540000  0.000034 0.000028 0.000077 0.000163 0.000084 0.000043 
4560576 BlackScholes 1 710 25 0.919000 0.769000  0.000033 0.000027 0.000074 0.000193 0.000090 0.000045 
4560640 BlackScholes 1 710 25 0.919000 0.925000  0.000029 0.000026 0.000071 0.000135 0.000075 0.000046 
4560640 BlackScholes 1 710 25 0.919000 0.539000  0.000028 0.000038 0.000091 0.298765 0.090189 0.025381 
4560704 BlackScholes 1 710 25 0.919000 0.771000  0.000034 0.000026 0.000073 0.000159 0.000082 0.000042 
4560704 BlackScholes 1 710 25 0.919000 0.539000  0.000027 0.000024 0.000067 0.000130 0.000069 0.000037 
4560704 BlackScholes 1 710 25 0.919000 0.694000  0.000035 0.000028 0.000075 0.000161 0.000083 0.000042 
4560768 BlackScholes 1 710 25 0.919000 0.540000  0.000032 0.000026 0.000073 0.000153 0.000080 0.000041 
4560768 BlackScholes 1 710 25 0.919000 0.540000  0.000030 0.000026 0.000072 0.000151 0.000079 0.000041 
4560768 BlackScholes 1 710 25 0.919000 0.540000  0.000027 0.000024 0.000067 0.000128 0.000069 0.000037 
4560832 BlackScholes 1 710 25 0.919000 0.770000  0.000028 0.000025 0.000069 0.000132 0.000073 0.000039 
4560832 BlackScholes 1 710 25 0.919000 0.539000  0.000029 0.000025 0.000117 0.000284 0.000112 0.000055 
4560896 BlackScholes 1 710 25 0.919000 0.616000  0.000032 0.000026 0.000071 0.000147 0.000078 0.000040 
4560896 BlackScholes 1 710 25 0.919000 0.771000  0.198633 0.588426 0.216630 0.590611 0.000025 0.013931 
4560896 BlackScholes 1 710 25 0.919000 0.540000  0.000026 0.000024 0.000066 0.000127 0.000068 0.000036 
4560960 BlackScholes 1 710 25 0.919000 0.770000  0.000033 0.000025 0.000071 0.000152 0.000079 0.000041 
4560960 BlackScholes 1 710 25 0.919000 0.540000  0.000029 0.000025 0.000068 0.000135 0.000073 0.000038 
4560960 BlackScholes 1 710 25 0.919000 0.847000  0.000032 0.000026 0.000072 0.000147 0.000077 0.000040 
4561024 BlackScholes 1 710 25 0.919000 0.848000  0.000035 0.000027 0.000074 0.000159 0.000081 0.000041 
4561024 BlackScholes 1 710 25 0.919000 0.540000  0.000033 0.000027 0.000074 0.000159 0.000082 0.000042 
4561088 BlackScholes 1 710 25 0.919000 0.847000  0.000037 0.000027 0.000073 0.000160 0.000081 0.000040 
4561088 BlackScholes 1 710 25 0.919000 0.694000  0.000026 0.000023 0.000073 0.000148 0.000073 0.000038 
4561088 BlackScholes 1 710 25 0.919000 0.847000  0.000028 0.000036 0.000088 0.000186 0.000104 0.000050 
4561152 BlackScholes 1 710 25 0.919000 0.539000  0.195444 0.665328 0.221488 0.666530 0.000028 0.014013 
4561152 BlackScholes 1 710 25 0.919000 0.770000  0.000200 0.001147 0.000774 0.002375 0.000000 0.000135 
4561152 BlackScholes 1 710 25 0.919000 0.540000  0.000028 0.000025 0.000068 0.003633 0.000000 0.000102 
4561216 BlackScholes 1 710 25 0.919000 0.540000  0.000033 0.000027 0.000072 0.000149 0.000079 0.000040 
4561216 BlackScholes 1 710 25 0.919000 0.847000  0.000030 0.000025 0.000070 0.000145 0.000076 0.000040 
4561280 BlackScholes 1 710 25 0.919000 0.539000  0.000027 0.000023 0.000065 0.000124 0.000067 0.000036 
4561280 BlackScholes 1 710 25 0.919000 0.540000  0.000026 0.000024 0.000067 0.000128 0.000072 0.000038 
4561280 BlackScholes 1 710 25 0.919000 0.539000  0.000034 0.000027 0.000071 0.000158 0.000080 0.000040 
4561344 BlackScholes 1 710 25 0.919000 0.694000  0.000031 0.000026 0.000071 0.000149 0.000078 0.000040 
4561344 BlackScholes 1 710 25 0.919000 0.771000  0.000028 0.000025 0.000069 0.000144 0.000075 0.000039 
4561408 BlackScholes 1 710 25 0.919000 0.616000  0.000025 0.000023 0.000064 0.000126 0.000066 0.000036 
4561408 BlackScholes 1 710 25 0.919000 0.848000  0.000162 0.000934 0.000877 0.002722 0.000000 0.000142 
4561408 BlackScholes 1 710 25 0.919000 0.539000  0.000030 0.000026 0.000071 0.000151 0.000079 0.000040 
4561472 BlackScholes 1 710 25 0.919000 0.770000  0.000033 0.000026 0.000071 0.000151 0.000078 0.000040 
4561472 BlackScholes 1 710 25 0.919000 0.925000  0.000029 0.000024 0.000067 0.000139 0.000070 0.000037 
4561472 BlackScholes 1 710 25 0.919000 0.540000  0.000031 0.000026 0.000070 0.000142 0.000072 0.000037 
4561536 BlackScholes 1 710 25 0.919000 0.771000  0.032821 0.120727 0.038923 0.121698 0.000004 0.002459 
4561536 BlackScholes 1 710 25 0.919000 0.848000  0.050254 0.163483 0.057222 0.164272 0.000005 0.003640 
4561600 BlackScholes 1 710 25 0.919000 0.847000  0.000033 0.000026 0.000070 0.000149 0.000078 0.000040 
4561600 BlackScholes 1 710 25 0.919000 0.925000  0.000028 0.000024 0.000066 0.000132 0.000070 0.000037 
4561600 BlackScholes 1 710 24 0.919000 0.539000  0.000026 0.000024 0.000066 0.000127 0.000070 0.000037 
4561664 BlackScholes 1 710 24 0.919000 0.772000  0.000028 0.000024 0.000066 0.000132 0.000073 0.000037 
4561664 BlackScholes 1 710 25 0.919000 0.616000  0.000025 0.000023 0.000063 0.000121 0.000065 0.000035 
4561728 BlackScholes 1 710 25 0.919000 0.694000  0.000027 0.000024 0.000065 0.000127 0.000070 0.000037 
4561728 BlackScholes 1 710 25 0.919000 0.539000  0.000026 0.000023 0.000064 0.000138 0.000073 0.000037 
4561728 BlackScholes 1 710 25 0.919000 0.770000  0.000033 0.000026 0.000070 0.000149 0.000076 0.000039 
4561792 BlackScholes 1 710 25 0.919000 0.926000  0.000026 0.000024 0.000065 0.000126 0.000069 0.000036 
4561792 BlackScholes 1 710 25 0.919000 0.616000  0.000031 0.000024 0.000066 0.000141 0.000072 0.000142 
4561792 BlackScholes 1 710 25 0.919000 1.233000  0.000027 0.000024 0.000065 0.000128 0.000071 0.000036 
4561856 BlackScholes 1 710 25 0.919000 0.848000  0.000025 0.000022 0.000062 0.000119 0.000064 0.000035 
4561856 BlackScholes 1 710 25 0.919000 0.847000  0.000027 0.000024 0.000065 0.000125 0.000069 0.000036 
4561920 BlackScholes 1 710 25 0.919000 0.540000  0.095784 0.363965 0.114512 0.364572 0.000011 0.006821 
4561920 BlackScholes 1 710 25 0.919000 0.771000  0.000033 0.000026 0.000068 0.000147 0.000077 0.000039 
4561920 BlackScholes 1 710 25 0.919000 0.848000  0.000025 0.000023 0.000105 0.000248 0.000100 0.000049 
4561984 BlackScholes 1 710 25 0.919000 0.692000  0.000033 0.000025 0.000069 0.000147 0.000075 0.000039 
4561984 BlackScholes 1 710 25 0.919000 0.924000  0.000027 0.000023 0.000064 0.000127 0.000069 0.000036 
4561984 BlackScholes 1 710 25 0.919000 0.694000  0.000026 0.000024 0.000064 0.000124 0.000068 0.000036 
4562048 BlackScholes 1 710 25 0.919000 1.001000  0.000027 0.000023 0.000064 0.000126 0.000068 0.000036 
4562048 BlackScholes 1 710 25 0.919000 0.847000  0.000026 0.000023 0.000064 0.000126 0.000068 0.000036 
4562112 BlackScholes 1 710 25 0.919000 0.924000  0.000104 0.000093 0.000255 0.000493 0.000272 0.000142 
4562112 BlackScholes 1 710 25 0.919000 0.694000  0.000031 0.000025 0.000067 0.000145 0.000075 0.000038 
4562112 BlackScholes 1 710 25 0.919000 0.925000  0.000030 0.000028 0.000073 0.000175 0.000079 0.000039 
4562176 BlackScholes 1 710 25 0.919000 0.616000  0.000025 0.000022 0.000061 0.000119 0.000063 0.000034 
4562176 BlackScholes 1 710 25 0.919000 0.771000  0.000164 0.000048 0.000111 0.000264 0.000104 0.000052 
4562176 BlackScholes 1 710 25 0.919000 0.540000  0.037192 0.010901 0.023426 0.037564 0.012399 0.005720 
