#Timestamp	Benchmark	Run(#)	CPU Frequency (MHz)	CPU Temperature(C)	CPU Voltage(V)	CPU Power(W)	CPU_CYCLES	L1_DATA_CACHE_ACCESS	INSTRUCTIONS_RETIRED	BUS_CYCLES	L1I_CACHE_ACCESS	PREDICTABLE_BRANCH_SPECULATIVELY_EXECUTED
5726016 convolutionTexture 1 1224 27 1.072000 1.155000  0.000057 0.000046 0.000127 0.000325 0.000150 0.000076 
5726016 convolutionTexture 1 1224 27 1.072000 1.157000  0.000061 0.000046 0.000127 0.000285 0.000137 0.000071 
5726016 convolutionTexture 1 1224 27 1.072000 1.618000  0.000014 0.000011 0.000033 0.000068 0.000041 0.000020 
5726080 convolutionTexture 1 1224 27 1.072000 1.618000  0.000017 0.000011 0.000033 0.000295 0.000327 0.000136 
5726080 convolutionTexture 1 1224 27 1.072000 1.464000  0.000015 0.000011 0.000032 0.000068 0.000040 0.000020 
5726144 convolutionTexture 1 1224 27 1.072000 2.157000  0.000063 0.000066 0.000159 0.000439 0.000185 0.000091 
5726144 convolutionTexture 1 1224 27 1.072000 1.773000  0.000049 0.000042 0.000118 0.000229 0.000122 0.000065 
5726144 convolutionTexture 1 1224 27 1.072000 1.463000  0.000048 0.000044 0.000122 0.000233 0.000128 0.000068 
5726208 convolutionTexture 1 1224 27 1.072000 1.695000  0.000052 0.000044 0.000121 0.000247 0.000131 0.000068 
5726208 convolutionTexture 1 1224 27 1.072000 1.002000  0.000050 0.000044 0.000121 0.000240 0.000127 0.000067 
5726208 convolutionTexture 1 1224 27 1.072000 1.543000  0.000050 0.000044 0.000120 0.000235 0.000129 0.000067 
5726272 convolutionTexture 1 1224 27 1.072000 1.002000  0.000046 0.000041 0.000115 0.000219 0.000118 0.000064 
5726272 convolutionTexture 1 1224 27 1.072000 1.232000  0.000049 0.000043 0.000119 0.000232 0.000126 0.000066 
5726272 convolutionTexture 1 1224 27 1.072000 1.080000  0.000047 0.000041 0.000117 0.000258 0.000132 0.000069 
5726336 convolutionTexture 1 1224 27 1.072000 1.464000  0.000053 0.000044 0.000124 0.000266 0.000133 0.000069 
5726336 convolutionTexture 1 1224 27 1.072000 1.232000  0.000048 0.000043 0.000118 0.000228 0.000126 0.000066 
5726400 convolutionTexture 1 1224 27 1.072000 1.312000  0.000048 0.000043 0.000118 0.000227 0.000125 0.000066 
5726400 convolutionTexture 1 1224 27 1.072000 1.619000  0.000048 0.000043 0.000117 0.000244 0.000126 0.000066 
5726400 convolutionTexture 1 1224 27 1.072000 1.465000  0.000046 0.000040 0.000112 0.000217 0.000114 0.000062 
5726464 convolutionTexture 1 1224 27 1.072000 1.540000  0.000057 0.000045 0.000124 0.000274 0.000136 0.000069 
5726464 convolutionTexture 1 1224 27 1.072000 1.079000  2.142415 0.607119 1.407977 2.143316 0.659997 0.296115 
5726464 convolutionTexture 1 1224 28 1.072000 0.538000  0.001823 0.000260 0.000492 0.002031 0.000405 0.000171 
5726528 convolutionTexture 1 1224 29 1.072000 0.846000  0.000053 0.000043 0.000121 0.000279 0.000135 0.000069 
5726528 convolutionTexture 1 1224 29 1.072000 0.538000  0.000052 0.000045 0.000123 0.000257 0.000130 0.000067 
5726528 convolutionTexture 1 1224 30 1.072000 0.461000  0.000051 0.000043 0.000119 0.000258 0.000131 0.000067 
5726592 convolutionTexture 1 1224 30 1.072000 0.538000  0.000043 0.000039 0.000112 0.000228 0.000114 0.000061 
5726592 convolutionTexture 1 1224 30 1.072000 1.464000  0.000050 0.000060 0.000147 0.000305 0.000170 0.000083 
5726656 convolutionTexture 1 1224 30 1.072000 1.080000  0.000055 0.000043 0.000115 0.000241 0.000124 0.000064 
5726656 convolutionTexture 1 1224 28 1.072000 1.079000  0.000057 0.000044 0.000121 0.000261 0.000134 0.000069 
5726656 convolutionTexture 1 1224 28 1.072000 1.003000  0.000046 0.000042 0.000118 0.000259 0.000129 0.000067 
5726720 convolutionTexture 1 1224 28 1.072000 1.003000  0.000049 0.000042 0.000118 0.000255 0.000132 0.000068 
5726720 convolutionTexture 1 1224 27 1.072000 1.541000  1.979657 0.550506 1.268910 1.980179 0.601369 0.268759 
5726720 convolutionTexture 1 1224 27 1.072000 1.078000  0.000059 0.000045 0.000120 0.000269 0.000134 0.000067 
5726784 convolutionTexture 1 1224 28 1.072000 1.079000  0.000057 0.000043 0.000118 0.000259 0.000132 0.000067 
5726784 convolutionTexture 1 1224 28 1.072000 1.001000  0.000048 0.000041 0.000116 0.000257 0.000129 0.000067 
5726784 convolutionTexture 1 1224 27 1.072000 1.079000  0.000043 0.000038 0.000106 0.000203 0.000120 0.000062 
5726848 convolutionTexture 1 1224 27 1.072000 1.543000  1.912082 0.527813 1.213291 1.914934 0.579047 0.258289 
5726848 convolutionTexture 1 1224 27 1.072000 1.002000  0.000059 0.000044 0.000117 0.000263 0.000135 0.000068 
5726912 convolutionTexture 1 1224 27 1.072000 1.620000  0.000057 0.000045 0.000122 0.000282 0.000136 0.000068 
5726912 convolutionTexture 1 1224 27 1.072000 1.620000  0.000058 0.000043 0.000116 0.000260 0.000126 0.000063 
5726912 convolutionTexture 1 1224 27 1.072000 1.001000  0.000043 0.000105 0.000247 0.000613 0.000208 0.000097 
5726976 convolutionTexture 1 1224 27 1.072000 1.466000  0.000044 0.000039 0.000108 0.000206 0.000114 0.000060 
5726976 convolutionTexture 1 1224 27 1.072000 1.002000  0.000058 0.000041 0.000111 0.000240 0.000121 0.000063 
5726976 convolutionTexture 1 1224 27 1.072000 1.001000  0.000054 0.000042 0.000117 0.000257 0.000130 0.000066 
5727040 convolutionTexture 1 1224 27 1.072000 1.851000  0.000053 0.000041 0.000113 0.000251 0.000124 0.000064 
5727040 convolutionTexture 1 1224 27 1.072000 1.002000  0.000054 0.000040 0.000108 0.000218 0.000110 0.000058 
5727040 convolutionTexture 1 1224 27 1.072000 1.619000  0.000044 0.000039 0.000119 0.000300 0.000127 0.000064 
5727104 convolutionTexture 1 1224 27 1.072000 1.003000  0.000057 0.000039 0.000109 0.000258 0.000114 0.000060 
5727104 convolutionTexture 1 1224 27 1.072000 1.462000  0.000047 0.000040 0.000111 0.000234 0.000119 0.000062 
5727104 convolutionTexture 1 1224 27 1.072000 1.157000  0.000057 0.000040 0.000113 0.000310 0.000129 0.000067 
5727168 convolutionTexture 1 1224 27 1.072000 1.003000  0.000054 0.000042 0.000115 0.000251 0.000125 0.000064 
5727168 convolutionTexture 1 1224 27 1.072000 1.618000  0.000043 0.000038 0.000106 0.000205 0.000111 0.000059 
5727168 convolutionTexture 1 1224 27 1.072000 1.003000  0.000043 0.000038 0.000106 0.000222 0.000109 0.000058 
5727232 convolutionTexture 1 1224 27 1.072000 1.541000  0.000050 0.000040 0.000110 0.000231 0.000119 0.000062 
5727232 convolutionTexture 1 1224 27 1.072000 1.078000  0.000049 0.000039 0.000109 0.000254 0.000113 0.000063 
5727296 convolutionTexture 1 1224 27 1.072000 1.002000  0.000049 0.000040 0.000112 0.000243 0.000123 0.000063 
5727296 convolutionTexture 1 1224 27 1.072000 1.618000  0.000045 0.000038 0.000104 0.000203 0.000110 0.000058 
5727296 convolutionTexture 1 1224 27 1.072000 1.003000  0.000046 0.000037 0.000104 0.000225 0.000108 0.000057 
5727360 convolutionTexture 1 1224 27 1.072000 1.464000  0.000050 0.000040 0.000111 0.000248 0.000123 0.000063 
5727360 convolutionTexture 1 1224 27 1.072000 1.080000  0.000056 0.000041 0.000110 0.000243 0.000119 0.000061 
5727360 convolutionTexture 1 1224 27 1.072000 1.003000  0.000053 0.000039 0.000109 0.000240 0.000121 0.000062 
5727424 convolutionTexture 1 1224 27 1.072000 1.618000  0.000042 0.000056 0.000133 0.000290 0.000157 0.000076 
5727424 convolutionTexture 1 1224 27 1.072000 1.156000  0.016094 0.076309 0.018944 0.076354 0.000002 0.001119 
5727424 convolutionTexture 1 1224 27 1.072000 1.543000  0.000050 0.000040 0.000111 0.000244 0.000122 0.000063 
5727488 convolutionTexture 1 1224 27 1.072000 1.002000  0.000007 0.000047 0.000028 0.000098 0.000000 0.000005 
5727488 convolutionTexture 1 1224 27 1.072000 1.078000  0.000052 0.000039 0.000108 0.000239 0.000120 0.000061 
5727488 convolutionTexture 1 1224 27 1.072000 1.696000  0.000055 0.000040 0.000107 0.000243 0.000121 0.000061 
5727552 convolutionTexture 1 1224 27 1.072000 1.002000  0.000044 0.000038 0.000110 0.000241 0.000117 0.000059 
5727552 convolutionTexture 1 1224 27 1.072000 1.617000  0.000101 0.000054 0.000160 0.000309 0.000171 0.000083 
5727616 convolutionTexture 1 1224 27 1.072000 1.002000  0.000042 0.000037 0.000100 0.000200 0.000107 0.000056 
5727616 convolutionTexture 1 1224 27 1.072000 1.002000  0.000050 0.000038 0.000103 0.000203 0.000107 0.000057 
5727616 convolutionTexture 1 1224 27 1.072000 1.464000  0.000046 0.000037 0.000101 0.000224 0.000113 0.000058 
5727680 convolutionTexture 1 1224 27 1.072000 1.079000  0.000046 0.000038 0.000104 0.000221 0.000115 0.000059 
5727680 convolutionTexture 1 1224 27 1.072000 1.157000  0.000114 0.000041 0.000110 0.000281 0.000121 0.000061 
5727680 convolutionTexture 1 1224 27 1.072000 1.078000  0.000045 0.000034 0.000097 0.000234 0.000103 0.000055 
5727744 convolutionTexture 1 1224 27 1.072000 1.464000  0.000051 0.000038 0.000104 0.000231 0.000116 0.000060 
5727744 convolutionTexture 1 1224 27 1.072000 1.002000  0.000040 0.000035 0.000098 0.000193 0.000104 0.000055 
5727744 convolutionTexture 1 1224 27 1.072000 1.002000  0.000043 0.000052 0.000127 0.000311 0.000147 0.000080 
5727808 convolutionTexture 1 1224 27 1.072000 1.696000  0.000047 0.000037 0.000103 0.000224 0.000113 0.000058 
5727808 convolutionTexture 1 1224 27 1.072000 1.002000  0.000355 0.000066 0.000151 0.000527 0.000144 0.000068 
5727808 convolutionTexture 1 1224 27 1.072000 1.462000  0.000041 0.000036 0.000101 0.000211 0.000108 0.000056 
5727872 convolutionTexture 1 1224 27 1.072000 1.002000  0.000039 0.000035 0.000097 0.000186 0.000102 0.000054 
5727872 convolutionTexture 1 1224 27 1.072000 1.155000  0.000109 0.000051 0.000125 0.000314 0.000144 0.000079 
5727936 convolutionTexture 1 1224 27 1.072000 1.698000  0.000040 0.000035 0.000096 0.000184 0.000102 0.000054 
5727936 convolutionTexture 1 1224 27 1.072000 1.003000  0.000037 0.000033 0.000092 0.000176 0.000095 0.000051 
5727936 convolutionTexture 1 1224 27 1.072000 1.620000  0.000042 0.000035 0.000098 0.000212 0.000107 0.000056 
5728000 convolutionTexture 1 1224 27 1.072000 1.001000  0.000038 0.000034 0.000093 0.000191 0.000095 0.000051 
5728000 convolutionTexture 1 1224 27 1.072000 1.539000  0.000050 0.000038 0.000103 0.000227 0.000114 0.000058 
5728000 convolutionTexture 1 1224 27 1.072000 1.002000  0.000039 0.000034 0.000095 0.000181 0.000100 0.000053 
5728064 convolutionTexture 1 1224 27 1.072000 1.155000  0.000038 0.000034 0.000094 0.000182 0.000100 0.000053 
5728064 convolutionTexture 1 1224 27 1.072000 1.465000  0.000051 0.000037 0.000100 0.000218 0.000109 0.000055 
5728064 convolutionTexture 1 1224 27 1.072000 1.002000  0.000043 0.000032 0.000094 0.000231 0.000097 0.000051 
5728128 convolutionTexture 1 1224 27 1.072000 1.002000  0.000046 0.000036 0.000098 0.000209 0.000109 0.000056 
5728128 convolutionTexture 1 1224 27 1.072000 1.155000  0.000046 0.000036 0.000095 0.000199 0.000098 0.000052 
5728192 convolutionTexture 1 1224 27 1.072000 1.079000  0.000066 0.000040 0.000103 0.000232 0.000111 0.000056 
5728192 convolutionTexture 1 1224 27 1.072000 1.618000  0.000045 0.000036 0.000097 0.000207 0.000105 0.000054 
5728192 convolutionTexture 1 1224 27 1.072000 1.080000  0.000048 0.000033 0.000094 0.000210 0.000097 0.000051 
5728256 convolutionTexture 1 1224 27 1.072000 1.003000  1.514042 0.409045 0.918455 1.514310 0.451259 0.199419 
5728256 convolutionTexture 1 1224 27 1.072000 1.001000  0.000071 0.000056 0.000154 0.000318 0.000159 0.000085 
5728256 convolutionTexture 1 1224 27 1.072000 1.156000  0.000047 0.000036 0.000098 0.000210 0.000108 0.000055 
5728320 convolutionTexture 1 1224 27 1.072000 1.697000  0.000042 0.000034 0.000095 0.000210 0.000106 0.000055 
5728320 convolutionTexture 1 1224 27 1.072000 1.157000  0.000040 0.000031 0.000092 0.000207 0.000095 0.000050 
5728320 convolutionTexture 1 1224 27 1.072000 1.466000  0.000042 0.000035 0.000096 0.000211 0.000106 0.000055 
5728384 convolutionTexture 1 1224 27 1.072000 1.155000  0.000038 0.000033 0.000091 0.000182 0.000097 0.000051 
5728384 convolutionTexture 1 1224 27 1.072000 1.156000  0.000041 0.000034 0.000096 0.000208 0.000103 0.000054 
5728384 convolutionTexture 1 1224 27 1.072000 1.850000  0.000038 0.000049 0.000117 0.000261 0.000138 0.000067 
5728448 convolutionTexture 1 1224 27 1.072000 1.157000  0.006808 0.028576 0.007892 0.028619 0.000001 0.000491 
5728448 convolutionTexture 1 1224 27 1.072000 1.619000  0.000046 0.000035 0.000095 0.000204 0.000105 0.000054 
5728448 convolutionTexture 1 1224 27 1.072000 1.157000  0.000037 0.000033 0.000091 0.000179 0.000096 0.000050 
5728512 convolutionTexture 1 1224 27 1.072000 1.157000  0.000273 0.000196 0.000433 0.000848 0.000345 0.000167 
5728512 convolutionTexture 1 1224 27 1.072000 1.620000  0.000007 0.000041 0.000026 0.000088 0.000000 0.000005 
5728576 convolutionTexture 1 1224 27 1.072000 1.156000  0.000037 0.000032 0.000092 0.000206 0.000105 0.000054 
5728576 convolutionTexture 1 1224 27 1.072000 1.541000  0.000046 0.000034 0.000094 0.000203 0.000102 0.000053 
5728576 convolutionTexture 1 1224 27 1.072000 1.156000  0.000037 0.000032 0.000089 0.000172 0.000093 0.000049 
5728640 convolutionTexture 1 1224 27 1.072000 1.157000  0.000035 0.000032 0.000088 0.000177 0.000094 0.000050 
5728640 convolutionTexture 1 1224 27 1.072000 1.697000  0.000044 0.000034 0.000092 0.000206 0.000103 0.000053 
5728640 convolutionTexture 1 1224 27 1.072000 1.156000  0.000057 0.000032 0.000090 0.000212 0.000093 0.000049 
5728704 convolutionTexture 1 1224 27 1.072000 1.539000  0.000036 0.000032 0.000088 0.000171 0.000092 0.000049 
5728704 convolutionTexture 1 1224 27 1.072000 1.155000  0.000039 0.000032 0.000091 0.000201 0.000101 0.000052 
5728704 convolutionTexture 1 1224 27 1.072000 1.232000  0.000044 0.000034 0.000093 0.000200 0.000100 0.000052 
5728768 convolutionTexture 1 1224 27 1.072000 1.852000  0.000036 0.000032 0.000087 0.000170 0.000092 0.000049 
5728768 convolutionTexture 1 1224 27 1.072000 1.155000  0.000035 0.000030 0.000084 0.000161 0.000086 0.000047 
5728832 convolutionTexture 1 1224 27 1.072000 1.620000  0.000037 0.000032 0.000092 0.000203 0.000099 0.000051 
5728832 convolutionTexture 1 1224 27 1.072000 1.232000  0.000046 0.000032 0.000087 0.000197 0.000089 0.000047 
5728832 convolutionTexture 1 1224 27 1.072000 1.232000  0.000046 0.000034 0.000099 0.000250 0.000107 0.000053 
5728896 convolutionTexture 1 1224 27 1.072000 1.233000  0.000036 0.000037 0.000098 0.000268 0.000109 0.000054 
5728896 convolutionTexture 1 1224 27 1.072000 1.232000  0.000044 0.000035 0.000095 0.000209 0.000103 0.000053 
5728896 convolutionTexture 1 1224 27 1.072000 1.620000  0.000045 0.000034 0.000091 0.000196 0.000099 0.000052 
5728960 convolutionTexture 1 1224 27 1.072000 1.232000  0.000043 0.000031 0.000086 0.000192 0.000088 0.000047 
5728960 convolutionTexture 1 1224 27 1.072000 1.541000  0.000043 0.000034 0.000093 0.000199 0.000098 0.000050 
5728960 convolutionTexture 1 1224 27 1.072000 1.157000  0.000042 0.000032 0.000091 0.000209 0.000101 0.000052 
5729024 convolutionTexture 1 1224 27 1.072000 1.157000  0.000042 0.000033 0.000089 0.000193 0.000099 0.000051 
5729024 convolutionTexture 1 1224 27 1.072000 1.694000  0.000039 0.000031 0.000090 0.000196 0.000097 0.000050 
5729024 convolutionTexture 1 1224 27 1.072000 1.157000  0.000038 0.000029 0.000082 0.000188 0.000086 0.000046 
5729088 convolutionTexture 1 1224 27 1.072000 1.465000  0.000042 0.000032 0.000090 0.000196 0.000099 0.000051 
5729088 convolutionTexture 1 1224 27 1.072000 1.310000  0.000046 0.000033 0.000090 0.000196 0.000099 0.000050 
5729088 convolutionTexture 1 1224 27 1.072000 1.156000  0.000042 0.000033 0.000091 0.000202 0.000101 0.000052 
5729152 convolutionTexture 1 1224 27 1.072000 1.773000  0.000046 0.000033 0.000089 0.000203 0.000100 0.000051 
5729152 convolutionTexture 1 1224 27 1.072000 1.156000  0.000034 0.000029 0.000081 0.000158 0.000084 0.000045 
5729216 convolutionTexture 1 1224 27 1.072000 1.233000  0.000042 0.000032 0.000089 0.000200 0.000100 0.000050 
5729216 convolutionTexture 1 1224 27 1.072000 1.157000  0.000045 0.000033 0.000089 0.000195 0.000096 0.000049 
5729216 convolutionTexture 1 1224 27 1.072000 1.156000  0.000043 0.000033 0.000088 0.000196 0.000099 0.000050 
5729280 convolutionTexture 1 1224 27 1.072000 1.773000  0.000035 0.000030 0.000083 0.000163 0.000088 0.000047 
5729280 convolutionTexture 1 1224 27 1.072000 1.157000  0.000032 0.000029 0.000080 0.000153 0.000083 0.000044 
5729280 convolutionTexture 1 1224 27 1.072000 1.620000  0.000034 0.000030 0.000083 0.000161 0.000087 0.000046 
5729344 convolutionTexture 1 1224 27 1.072000 1.156000  0.000059 0.000030 0.000082 0.000186 0.000084 0.000045 
5729344 convolutionTexture 1 1224 27 1.072000 1.618000  0.000033 0.000030 0.000082 0.000158 0.000086 0.000046 
5729344 convolutionTexture 1 1224 27 1.072000 1.156000  0.000036 0.000030 0.000084 0.000186 0.000095 0.000049 
5729408 convolutionTexture 1 1224 27 1.072000 1.156000  0.000042 0.000032 0.000087 0.000405 0.000159 0.000075 
5729408 convolutionTexture 1 1224 27 1.072000 1.696000  0.000034 0.000030 0.000082 0.000160 0.000086 0.000046 
5729408 convolutionTexture 1 1224 27 1.072000 1.389000  0.000033 0.000029 0.000080 0.000183 0.000084 0.000045 
5729472 convolutionTexture 1 1224 27 1.072000 1.697000  0.000043 0.000031 0.000086 0.000192 0.000096 0.000049 
5729472 convolutionTexture 1 1224 27 1.072000 1.155000  0.000034 0.000033 0.000087 0.000187 0.000090 0.000047 
5729536 convolutionTexture 1 1224 27 1.072000 1.234000  0.000043 0.000032 0.000086 0.000196 0.000095 0.000048 
5729536 convolutionTexture 1 1224 27 1.072000 1.850000  0.000033 0.000029 0.000080 0.000167 0.000087 0.000045 
5729536 convolutionTexture 1 1224 27 1.072000 1.156000  0.000037 0.000031 0.000082 0.000166 0.000084 0.000044 
5729600 convolutionTexture 1 1224 27 1.072000 1.388000  0.000034 0.000029 0.000080 0.000159 0.000085 0.000045 
5729600 convolutionTexture 1 1224 27 1.072000 1.157000  0.000038 0.000028 0.000079 0.000173 0.000083 0.000044 
5729600 convolutionTexture 1 1224 27 1.072000 1.541000  0.000042 0.000031 0.000085 0.000190 0.000094 0.000048 
5729664 convolutionTexture 1 1224 27 1.072000 1.157000  0.000033 0.000029 0.000080 0.000161 0.000084 0.000044 
5729664 convolutionTexture 1 1224 27 1.072000 1.156000  0.000032 0.000029 0.000080 0.000155 0.000084 0.000045 
5729664 convolutionTexture 1 1224 27 1.072000 1.156000  0.000034 0.000029 0.000079 0.000155 0.000084 0.000044 
5729728 convolutionTexture 1 1224 27 1.072000 1.232000  0.000031 0.000027 0.000076 0.000148 0.000078 0.000042 
5729728 convolutionTexture 1 1224 27 1.072000 1.541000  0.000041 0.000031 0.000084 0.000191 0.000095 0.000048 
5729728 convolutionTexture 1 1224 27 1.072000 1.157000  0.000041 0.000031 0.000085 0.000183 0.000089 0.000045 
5729792 convolutionTexture 1 1224 27 1.072000 1.231000  0.000037 0.000030 0.000083 0.000184 0.000092 0.000047 
5729792 convolutionTexture 1 1224 27 1.072000 1.156000  0.000032 0.000029 0.000081 0.000176 0.000090 0.000046 
5729792 convolutionTexture 1 1224 27 1.072000 1.233000  0.000036 0.000030 0.000083 0.000175 0.000089 0.000047 
5729856 convolutionTexture 1 1224 27 1.072000 1.233000  0.000032 0.000028 0.000078 0.000165 0.000084 0.000044 
5729856 convolutionTexture 1 1224 27 1.072000 1.234000  0.000054 0.000029 0.000080 0.000192 0.000082 0.000043 
5729920 convolutionTexture 1 1224 27 1.072000 1.310000  0.000033 0.000028 0.000079 0.000170 0.000087 0.000045 
5729920 convolutionTexture 1 1224 27 1.072000 1.157000  0.000032 0.000028 0.000078 0.000155 0.000082 0.000043 
5729920 convolutionTexture 1 1224 27 1.072000 1.233000  0.000119 0.000067 0.000146 0.000329 0.000147 0.000416 
5729984 convolutionTexture 1 1224 27 1.072000 1.619000  0.000046 0.000031 0.000085 0.000198 0.000092 0.000047 
5729984 convolutionTexture 1 1224 27 1.072000 1.157000  0.000040 0.000030 0.000084 0.000187 0.000093 0.000047 
5729984 convolutionTexture 1 1224 27 1.072000 1.465000  0.000035 0.000029 0.000081 0.000176 0.000089 0.000046 
5730048 convolutionTexture 1 1224 27 1.072000 1.618000  0.000038 0.000029 0.000080 0.000172 0.000088 0.000046 
5730048 convolutionTexture 1 1224 27 1.072000 1.232000  0.000037 0.000030 0.000080 0.000170 0.000083 0.000043 
5730048 convolutionTexture 1 1224 27 1.072000 1.543000  0.000038 0.000029 0.000081 0.000179 0.000088 0.000045 
5730112 convolutionTexture 1 1224 27 1.072000 1.155000  0.000052 0.000029 0.000078 0.000166 0.000079 0.000042 
5730112 convolutionTexture 1 1224 27 1.072000 1.156000  0.000035 0.000030 0.000080 0.000174 0.000088 0.000045 
5730176 convolutionTexture 1 1224 27 1.072000 1.155000  0.000033 0.000028 0.000079 0.000175 0.000088 0.000045 
5730176 convolutionTexture 1 1224 27 1.072000 1.156000  0.000035 0.000028 0.000078 0.000174 0.000088 0.000045 
5730176 convolutionTexture 1 1224 27 1.072000 1.156000  0.000031 0.000027 0.000076 0.000147 0.000080 0.000042 
5730240 convolutionTexture 1 1224 27 1.072000 1.155000  0.012020 0.051568 0.014101 0.051608 0.000002 0.000847 
5730240 convolutionTexture 1 1224 27 1.072000 1.542000  0.000040 0.000030 0.000080 0.000173 0.000086 0.000044 
5730240 convolutionTexture 1 1224 27 1.072000 1.156000  0.000041 0.000029 0.000080 0.000181 0.000090 0.000045 
5730304 convolutionTexture 1 1224 27 1.072000 1.155000  0.000040 0.000030 0.000080 0.000173 0.000087 0.000044 
5730304 convolutionTexture 1 1224 27 1.072000 1.849000  0.000032 0.000027 0.000075 0.000146 0.000080 0.000042 
5730304 convolutionTexture 1 1224 27 1.072000 1.311000  0.000030 0.000026 0.000072 0.000140 0.000074 0.000040 
5730368 convolutionTexture 1 1224 27 1.072000 1.619000  0.000031 0.000027 0.000075 0.000172 0.000087 0.000045 
5730368 convolutionTexture 1 1224 27 1.072000 1.233000  0.000030 0.000026 0.000072 0.000147 0.000076 0.000041 
5730368 convolutionTexture 1 1224 27 1.072000 1.311000  0.000033 0.000027 0.000078 0.000179 0.000085 0.000045 
5730432 convolutionTexture 1 1224 27 1.072000 1.619000  0.000034 0.000028 0.000076 0.000166 0.000082 0.000043 
5730432 convolutionTexture 1 1224 27 1.072000 1.002000  0.000041 0.000027 0.000075 0.000183 0.000081 0.000043 
