#Timestamp	Benchmark	Run(#)	CPU Frequency (MHz)	CPU Temperature(C)	CPU Voltage(V)	CPU Power(W)	CPU_CYCLES	L1_DATA_CACHE_ACCESS	INSTRUCTIONS_RETIRED	BUS_CYCLES	L1I_CACHE_ACCESS	PREDICTABLE_BRANCH_SPECULATIVELY_EXECUTED
3017472 convolutionTexture 1 307 24 0.842000 0.616000  0.000026 0.000022 0.000062 0.000123 0.000064 0.000034 
3017472 convolutionTexture 1 307 24 0.842000 0.694000  0.000032 0.000025 0.000097 0.000223 0.000095 0.000044 
3017536 convolutionTexture 1 307 24 0.842000 0.616000  0.000025 0.000036 0.000138 0.000253 0.000110 0.000054 
3017536 convolutionTexture 1 307 24 0.842000 0.693000  0.000030 0.000025 0.000067 0.000140 0.000073 0.000037 
3017600 convolutionTexture 1 307 25 0.842000 0.694000  0.000026 0.000023 0.000064 0.000135 0.000071 0.000036 
3017600 convolutionTexture 1 307 25 0.842000 0.539000  0.000030 0.000024 0.000067 0.000137 0.000071 0.000037 
3017600 convolutionTexture 1 307 25 0.842000 0.617000  0.000024 0.000022 0.000062 0.000116 0.000063 0.000034 
3017664 convolutionTexture 1 307 25 0.842000 0.693000  0.000025 0.000023 0.000064 0.000122 0.000064 0.000035 
3017664 convolutionTexture 1 307 24 0.842000 0.616000  0.306446 0.105052 0.231974 0.307593 0.116863 0.052288 
3017728 convolutionTexture 1 307 24 0.842000 0.693000  0.000057 0.000045 0.000125 0.000256 0.000135 0.000071 
3017728 convolutionTexture 1 307 24 0.842000 0.694000  0.000054 0.000090 0.000201 0.000504 0.000220 0.000116 
3017792 convolutionTexture 1 307 25 0.842000 0.617000  0.000053 0.000048 0.000138 0.000300 0.000143 0.000073 
3017792 convolutionTexture 1 307 24 0.842000 0.694000  0.000113 0.000063 0.000155 0.000300 0.000159 0.000081 
3017856 convolutionTexture 1 307 24 0.842000 0.693000  0.000056 0.000048 0.000133 0.000271 0.000144 0.000074 
3017856 convolutionTexture 1 307 24 0.842000 0.693000  0.000012 0.000012 0.000033 0.000063 0.000041 0.000021 
3017920 convolutionTexture 1 307 24 0.842000 0.694000  0.000024 0.000022 0.000061 0.000115 0.000063 0.000035 
3017920 convolutionTexture 1 307 24 0.842000 0.694000  0.000026 0.000036 0.000093 0.000171 0.000083 0.000048 
3017920 convolutionTexture 1 307 25 0.842000 0.694000  0.000028 0.000023 0.000071 0.000142 0.000070 0.000037 
3017984 convolutionTexture 1 307 24 0.842000 0.694000  0.000030 0.000024 0.000067 0.000135 0.000073 0.000038 
3017984 convolutionTexture 1 307 24 0.842000 0.771000  0.000006 0.000006 0.000016 0.000032 0.000021 0.000010 
3018048 convolutionTexture 1 307 24 0.842000 0.694000  0.000006 0.000006 0.000016 0.000031 0.000020 0.000010 
3018048 convolutionTexture 1 307 24 0.842000 0.694000  0.000006 0.000006 0.000016 0.000031 0.000020 0.000010 
3018048 convolutionTexture 1 307 24 0.842000 0.616000  0.000006 0.000006 0.000016 0.000032 0.000021 0.000010 
3018112 convolutionTexture 1 307 24 0.842000 0.694000  0.000006 0.000006 0.000016 0.000031 0.000020 0.000010 
3018112 convolutionTexture 1 307 24 0.842000 0.616000  0.000010 0.000006 0.000019 0.000038 0.000022 0.000011 
3018176 convolutionTexture 1 307 24 0.842000 0.694000  0.000006 0.000006 0.000017 0.000035 0.000021 0.000010 
3018176 convolutionTexture 1 307 24 0.842000 0.617000  0.000024 0.000021 0.000060 0.000113 0.000061 0.000033 
3018240 convolutionTexture 1 307 24 0.842000 0.694000  0.000028 0.000023 0.000064 0.000128 0.000066 0.000035 
3018240 convolutionTexture 1 307 24 0.842000 0.694000  0.000030 0.000024 0.000065 0.000135 0.000071 0.000037 
3018240 convolutionTexture 1 307 24 0.842000 0.616000  0.000006 0.000006 0.000017 0.000035 0.000021 0.000011 
3018304 convolutionTexture 1 307 24 0.842000 0.694000  0.000006 0.000006 0.000016 0.000030 0.000020 0.000010 
3018304 convolutionTexture 1 307 24 0.842000 0.617000  0.000006 0.000006 0.000016 0.000031 0.000020 0.000010 
3018304 convolutionTexture 1 307 24 0.842000 0.694000  0.000006 0.000006 0.000016 0.000031 0.000020 0.000010 
3018368 convolutionTexture 1 307 24 0.842000 0.693000  0.000006 0.000006 0.000016 0.000030 0.000020 0.000010 
3018368 convolutionTexture 1 307 24 0.842000 0.770000  0.000006 0.000006 0.000016 0.000031 0.000020 0.000010 
3018432 convolutionTexture 1 307 24 0.842000 0.693000  0.000006 0.000006 0.000016 0.000031 0.000019 0.000010 
3018432 convolutionTexture 1 307 24 0.842000 0.694000  0.000006 0.000006 0.000016 0.000030 0.000020 0.000010 
3018432 convolutionTexture 1 307 24 0.842000 0.693000  0.000007 0.000006 0.000016 0.000031 0.000020 0.000010 
3018496 convolutionTexture 1 307 24 0.842000 0.694000  0.000006 0.000006 0.000016 0.000030 0.000020 0.000010 
3018496 convolutionTexture 1 307 24 0.842000 0.616000  0.000024 0.000032 0.000079 0.000193 0.000087 0.000042 
3018560 convolutionTexture 1 307 24 0.842000 0.617000  0.000023 0.000021 0.000059 0.000111 0.000060 0.000032 
3018560 convolutionTexture 1 307 24 0.842000 0.539000  0.000029 0.000028 0.000071 0.000144 0.000071 0.000036 
3018560 convolutionTexture 1 307 24 0.842000 0.616000  0.000027 0.000022 0.000062 0.000125 0.000065 0.000034 
3018624 convolutionTexture 1 307 24 0.842000 0.617000  0.000025 0.000023 0.000068 0.000152 0.000072 0.000036 
3018624 convolutionTexture 1 307 24 0.842000 0.462000  0.000023 0.000022 0.000061 0.000123 0.000064 0.000034 
3018688 convolutionTexture 1 307 24 0.842000 0.540000  0.000029 0.000023 0.000061 0.000120 0.000062 0.000033 
3018688 convolutionTexture 1 307 24 0.842000 0.462000  0.000022 0.000021 0.000058 0.000107 0.000059 0.000032 
3018752 convolutionTexture 1 307 24 0.842000 0.540000  0.000024 0.000021 0.000060 0.000118 0.000061 0.000033 
3018752 convolutionTexture 1 307 24 0.842000 0.616000  0.000024 0.000022 0.000060 0.000115 0.000063 0.000034 
3018816 convolutionTexture 1 307 24 0.842000 0.616000  0.000023 0.000021 0.000059 0.000116 0.000061 0.000033 
3018816 convolutionTexture 1 307 24 0.842000 0.540000  0.000024 0.000022 0.000060 0.000149 0.000076 0.000044 
3018880 convolutionTexture 1 307 24 0.842000 0.694000  0.000023 0.000022 0.000061 0.000121 0.000063 0.000033 
3018880 convolutionTexture 1 307 24 0.842000 0.539000  0.000024 0.000022 0.000060 0.000113 0.000063 0.000033 
3018944 convolutionTexture 1 307 24 0.842000 0.616000  0.162940 0.050875 0.111784 0.163231 0.056820 0.025354 
3018944 convolutionTexture 1 307 24 0.842000 0.540000  0.000024 0.000022 0.000060 0.000114 0.000063 0.000033 
3018944 convolutionTexture 1 307 24 0.842000 0.463000  0.000029 0.000023 0.000065 0.000138 0.000068 0.000035 
3019008 convolutionTexture 1 307 24 0.842000 0.616000  0.000014 0.000080 0.000053 0.000166 0.000000 0.000009 
3019008 convolutionTexture 1 307 24 0.842000 0.694000  0.000012 0.000069 0.000049 0.000154 0.000000 0.000008 
3019072 convolutionTexture 1 307 24 0.842000 0.539000  0.000012 0.000070 0.000048 0.000145 0.000000 0.000009 
3019072 convolutionTexture 1 307 24 0.842000 0.616000  0.000012 0.000067 0.000044 0.000139 0.000000 0.000008 
3019072 convolutionTexture 1 307 24 0.842000 0.693000  0.000012 0.000070 0.000050 0.000172 0.000000 0.000009 
3019136 convolutionTexture 1 307 24 0.842000 0.617000  0.000012 0.000068 0.000044 0.000140 0.000000 0.000008 
3019136 convolutionTexture 1 307 24 0.842000 0.616000  0.000012 0.000070 0.000047 0.000196 0.000000 0.000010 
3019200 convolutionTexture 1 307 24 0.842000 0.617000  0.000038 0.000161 0.000080 0.000232 0.000000 0.000010 
3019200 convolutionTexture 1 307 24 0.842000 0.616000  0.000012 0.000071 0.000047 0.000147 0.000000 0.000008 
3019264 convolutionTexture 1 307 24 0.842000 0.616000  0.000012 0.000066 0.000044 0.000137 0.000000 0.000008 
3019264 convolutionTexture 1 307 24 0.842000 0.617000  0.000012 0.000069 0.000047 0.000143 0.000000 0.000008 
3019328 convolutionTexture 1 307 24 0.842000 0.617000  0.000012 0.000067 0.000044 0.000381 0.000000 0.000012 
3019328 convolutionTexture 1 307 24 0.842000 0.616000  0.000014 0.000075 0.000048 0.000148 0.000000 0.000008 
3019392 convolutionTexture 1 307 24 0.842000 0.539000  0.000011 0.000065 0.000043 0.000136 0.000000 0.000008 
3019392 convolutionTexture 1 307 24 0.842000 0.540000  0.000012 0.000069 0.000047 0.000143 0.000000 0.000008 
3019392 convolutionTexture 1 307 25 0.842000 0.616000  0.000011 0.000073 0.000045 0.000144 0.000000 0.000008 
3019456 convolutionTexture 1 307 24 0.842000 0.540000  0.000012 0.000070 0.000047 0.000144 0.000000 0.000008 
3019456 convolutionTexture 1 307 24 0.842000 0.462000  0.000011 0.000070 0.000047 0.000161 0.000000 0.000008 
3019520 convolutionTexture 1 307 24 0.842000 0.617000  0.000013 0.000080 0.000052 0.000164 0.000000 0.000009 
3019520 convolutionTexture 1 307 24 0.842000 0.538000  0.000013 0.000076 0.000051 0.000161 0.000000 0.000009 
3019584 convolutionTexture 1 307 24 0.842000 0.692000  0.000014 0.000079 0.000047 0.000150 0.000000 0.000009 
3019584 convolutionTexture 1 307 25 0.842000 0.538000  0.000023 0.000020 0.000056 0.000107 0.000059 0.000031 
3019584 convolutionTexture 1 307 25 0.842000 0.538000  0.000021 0.000019 0.000054 0.000107 0.000056 0.000030 
3019648 convolutionTexture 1 307 25 0.842000 0.616000  0.000023 0.000020 0.000056 0.000113 0.000060 0.000032 
3019648 convolutionTexture 1 307 25 0.842000 0.540000  0.000023 0.000019 0.000054 0.000112 0.000056 0.000031 
3019712 convolutionTexture 1 307 25 0.842000 0.616000  0.000028 0.000021 0.000057 0.000116 0.000059 0.000031 
3019712 convolutionTexture 1 307 25 0.842000 0.540000  0.000022 0.000019 0.000054 0.000105 0.000055 0.000035 
3019776 convolutionTexture 1 307 25 0.842000 0.616000  0.000021 0.000019 0.000053 0.000101 0.000054 0.000030 
3019776 convolutionTexture 1 307 25 0.842000 0.540000  0.000021 0.000019 0.000053 0.000100 0.000054 0.000029 
3019840 convolutionTexture 1 307 25 0.842000 0.617000  0.000021 0.000019 0.000053 0.000163 0.000077 0.000038 
3019840 convolutionTexture 1 307 25 0.842000 0.616000  0.259598 0.078698 0.169966 0.259637 0.088719 0.039159 
3019840 convolutionTexture 1 307 25 0.842000 0.616000  0.000022 0.000020 0.000055 0.000106 0.000060 0.000032 
3019904 convolutionTexture 1 307 25 0.842000 0.616000  0.000020 0.000019 0.000053 0.000098 0.000054 0.000029 
3019904 convolutionTexture 1 307 25 0.842000 0.694000  0.268264 0.081485 0.175907 0.268405 0.091897 0.040535 
3019968 convolutionTexture 1 307 25 0.842000 0.463000  0.000021 0.000019 0.000053 0.000100 0.000055 0.000030 
3019968 convolutionTexture 1 307 25 0.842000 0.617000  0.000022 0.000020 0.000055 0.000105 0.000061 0.000032 
3020032 convolutionTexture 1 307 25 0.842000 0.616000  0.000021 0.000020 0.000054 0.000105 0.000055 0.000030 
3020032 convolutionTexture 1 307 24 0.842000 0.693000  0.000023 0.000020 0.000056 0.000112 0.000058 0.000031 
3020096 convolutionTexture 1 307 25 0.842000 0.616000  0.000022 0.000020 0.000055 0.000140 0.000071 0.000040 
3020096 convolutionTexture 1 307 25 0.842000 0.693000  0.000021 0.000019 0.000053 0.000099 0.000055 0.000029 
3020096 convolutionTexture 1 307 24 0.842000 0.694000  0.000026 0.000024 0.000063 0.000135 0.000065 0.000042 
3020160 convolutionTexture 1 307 24 0.842000 0.539000  0.000021 0.000019 0.000053 0.000099 0.000054 0.000029 
3020160 convolutionTexture 1 307 24 0.842000 0.616000  0.000022 0.000020 0.000055 0.000113 0.000062 0.000032 
3020224 convolutionTexture 1 307 24 0.842000 0.539000  0.000020 0.000019 0.000053 0.000100 0.000054 0.000030 
3020224 convolutionTexture 1 307 24 0.842000 0.616000  0.057620 0.082023 0.041699 0.082104 0.000001 0.000686 
3020288 convolutionTexture 1 307 24 0.842000 0.617000  0.000010 0.000060 0.000039 0.000124 0.000000 0.000007 
3020288 convolutionTexture 1 307 24 0.842000 0.616000  0.000022 0.000020 0.000055 0.000103 0.000058 0.000031 
3020352 convolutionTexture 1 307 25 0.842000 0.617000  0.000027 0.000021 0.000059 0.000125 0.000061 0.000032 
3020352 convolutionTexture 1 307 24 0.842000 0.616000  0.000021 0.000019 0.000052 0.000098 0.000054 0.000029 
3020416 convolutionTexture 1 307 25 0.842000 0.616000  0.000025 0.000021 0.000057 0.000119 0.000064 0.000032 
3020416 convolutionTexture 1 307 25 0.842000 0.693000  0.000020 0.000019 0.000052 0.000098 0.000053 0.000029 
3020480 convolutionTexture 1 307 25 0.842000 0.694000  0.000022 0.000020 0.000079 0.000143 0.000069 0.000041 
3020480 convolutionTexture 1 307 25 0.842000 0.463000  0.000020 0.000019 0.000052 0.000097 0.000053 0.000029 
3020480 convolutionTexture 1 307 25 0.842000 0.617000  0.000021 0.000019 0.000052 0.000099 0.000053 0.000029 
3020544 convolutionTexture 1 307 24 0.842000 0.694000  0.000021 0.000019 0.000052 0.000100 0.000054 0.000029 
3020608 convolutionTexture 1 307 24 0.842000 0.617000  0.000022 0.000020 0.000054 0.000145 0.000072 0.000049 
3020608 convolutionTexture 1 307 24 0.842000 0.693000  0.000010 0.000059 0.000039 0.000123 0.000000 0.000007 
3020608 convolutionTexture 1 307 24 0.842000 0.616000  0.000021 0.000019 0.000054 0.000101 0.000056 0.000030 
3020672 convolutionTexture 1 307 25 0.842000 0.694000  0.000703 0.003135 0.000936 0.003205 0.000000 0.000065 
3020672 convolutionTexture 1 307 25 0.842000 0.540000  0.000012 0.000072 0.000046 0.000147 0.000000 0.000008 
3020736 convolutionTexture 1 307 25 0.842000 0.616000  0.000011 0.000060 0.000045 0.000140 0.000000 0.000007 
3020736 convolutionTexture 1 307 24 0.842000 0.617000  0.000028 0.000020 0.000056 0.000121 0.000064 0.000032 
3020800 convolutionTexture 1 307 24 0.842000 0.617000  0.000021 0.000020 0.000054 0.000102 0.000057 0.000030 
3020800 convolutionTexture 1 307 24 0.842000 0.616000  0.000020 0.000018 0.000051 0.000099 0.000053 0.000028 
3020864 convolutionTexture 1 307 24 0.842000 0.693000  0.000020 0.000018 0.000051 0.000097 0.000053 0.000028 
3020864 convolutionTexture 1 307 24 0.842000 0.770000  0.000021 0.000019 0.000053 0.000101 0.000056 0.000030 
3020928 convolutionTexture 1 307 24 0.842000 0.694000  0.000027 0.000018 0.000051 0.000283 0.000102 0.000047 
3020928 convolutionTexture 1 307 24 0.842000 0.694000  0.000026 0.000062 0.000135 0.000348 0.000125 0.000054 
3020992 convolutionTexture 1 307 24 0.842000 0.539000  0.007458 0.027021 0.009466 0.027083 0.000000 0.000366 
3020992 convolutionTexture 1 307 24 0.842000 0.616000  0.000010 0.000058 0.000040 0.000122 0.000000 0.000007 
3021056 convolutionTexture 1 307 25 0.842000 0.693000  0.000023 0.000020 0.000054 0.000111 0.000056 0.000030 
3021056 convolutionTexture 1 307 25 0.842000 0.540000  0.000035 0.000022 0.000056 0.000113 0.000058 0.000030 
3021120 convolutionTexture 1 307 25 0.842000 0.462000  0.000022 0.000019 0.000054 0.000110 0.000055 0.000030 
3021120 convolutionTexture 1 307 24 0.842000 0.617000  0.000024 0.000024 0.000065 0.000144 0.000067 0.000033 
3021120 convolutionTexture 1 307 24 0.842000 0.694000  0.000023 0.000019 0.000125 0.000288 0.000108 0.000049 
3021184 convolutionTexture 1 307 24 0.842000 0.617000  0.000024 0.000020 0.000056 0.000123 0.000064 0.000032 
3021184 convolutionTexture 1 307 24 0.842000 0.616000  0.000025 0.000019 0.000055 0.000109 0.000056 0.000030 
3021248 convolutionTexture 1 307 24 0.842000 0.616000  0.000021 0.000019 0.000053 0.000099 0.000055 0.000029 
3021248 convolutionTexture 1 307 24 0.842000 0.616000  0.000029 0.000020 0.000053 0.000105 0.000055 0.000029 
3021312 convolutionTexture 1 307 25 0.842000 0.617000  0.000031 0.000029 0.000078 0.000151 0.000084 0.000044 
3021312 convolutionTexture 1 307 24 0.842000 0.463000  0.000020 0.000018 0.000050 0.000093 0.000052 0.000028 
3021376 convolutionTexture 1 307 24 0.842000 0.616000  0.000023 0.000018 0.000051 0.000099 0.000052 0.000028 
3021376 convolutionTexture 1 307 24 0.842000 0.616000  0.000021 0.000019 0.000052 0.000100 0.000056 0.000029 
3021376 convolutionTexture 1 307 24 0.842000 0.694000  0.000021 0.000018 0.000053 0.000111 0.000058 0.000030 
3021440 convolutionTexture 1 307 24 0.842000 0.540000  0.000025 0.000020 0.000055 0.000113 0.000061 0.000031 
3021440 convolutionTexture 1 307 24 0.842000 0.694000  0.000020 0.000019 0.000052 0.000107 0.000056 0.000029 
3021504 convolutionTexture 1 307 24 0.842000 0.616000  0.000021 0.000028 0.000067 0.000158 0.000078 0.000042 
3021504 convolutionTexture 1 307 24 0.842000 0.693000  0.000023 0.000019 0.000053 0.000108 0.000055 0.000029 
3021568 convolutionTexture 1 307 24 0.842000 0.694000  0.000026 0.000021 0.000055 0.000112 0.000061 0.000031 
3021568 convolutionTexture 1 307 25 0.842000 0.693000  0.000645 0.000571 0.001595 0.003096 0.001634 0.000883 
3021632 convolutionTexture 1 307 25 0.842000 0.617000  0.000754 0.000612 0.001637 0.003182 0.001732 0.000924 
3021632 convolutionTexture 1 307 24 0.842000 0.540000  0.015332 0.005384 0.010246 0.017620 0.007318 0.003184 
3021632 convolutionTexture 1 307 24 0.842000 0.540000  0.000597 0.000555 0.001529 0.002903 0.001614 0.000856 
3021696 convolutionTexture 1 307 24 0.842000 0.617000  0.000560 0.000506 0.001411 0.002677 0.001463 0.000783 
3021696 convolutionTexture 1 307 24 0.842000 0.616000  0.000572 0.000520 0.001428 0.002994 0.001581 0.000819 
3021760 convolutionTexture 1 307 25 0.842000 0.463000  0.000530 0.000482 0.001337 0.002522 0.001380 0.000743 
3021760 convolutionTexture 1 307 25 0.842000 0.694000  0.000621 0.000517 0.001433 0.002891 0.001552 0.000845 
3021760 convolutionTexture 1 307 25 0.842000 0.616000  0.000488 0.000457 0.001281 0.002410 0.001311 0.000723 
3021824 convolutionTexture 1 307 24 0.842000 0.617000  0.000505 0.000473 0.001300 0.003330 0.001680 0.000957 
3021824 convolutionTexture 1 307 25 0.842000 0.540000  0.000020 0.000019 0.000051 0.000102 0.000054 0.000028 
3021888 convolutionTexture 1 307 25 0.842000 0.616000  0.000020 0.000019 0.000052 0.000097 0.000054 0.000033 
3021888 convolutionTexture 1 307 24 0.842000 0.617000  0.000020 0.000018 0.000050 0.000102 0.000056 0.000030 
3021952 convolutionTexture 1 307 24 0.842000 0.616000  0.000019 0.000018 0.000049 0.000092 0.000050 0.000027 
3021952 convolutionTexture 1 307 24 0.842000 0.616000  0.222370 0.134231 0.270390 0.223916 0.107246 0.039879 
3022016 convolutionTexture 1 307 24 0.842000 0.616000  0.000019 0.000018 0.000049 0.000093 0.000051 0.000027 
3022016 convolutionTexture 1 307 24 0.842000 0.616000  0.000443 0.000101 0.000212 0.000522 0.000161 0.000072 
3022080 convolutionTexture 1 307 25 0.842000 0.616000  0.000019 0.000018 0.000049 0.000093 0.000051 0.000027 
3022080 convolutionTexture 1 307 25 0.842000 0.463000  0.000021 0.000019 0.000057 0.000115 0.000058 0.000030 
3022080 convolutionTexture 1 307 25 0.842000 0.540000  0.000019 0.000018 0.000049 0.000091 0.000050 0.000027 
3022144 convolutionTexture 1 307 25 0.842000 0.616000  0.000035 0.000027 0.000073 0.000147 0.000079 0.000040 
3022144 convolutionTexture 1 307 25 0.842000 0.616000  0.000019 0.000019 0.000052 0.000107 0.000053 0.000028 
3022208 convolutionTexture 1 307 25 0.842000 0.694000  0.000020 0.000018 0.000051 0.000096 0.000053 0.000028 
3022208 convolutionTexture 1 307 25 0.842000 0.540000  0.000019 0.000017 0.000049 0.000091 0.000050 0.000027 
3022272 convolutionTexture 1 307 25 0.842000 0.617000  0.000020 0.000018 0.000051 0.000097 0.000054 0.000028 
3022272 convolutionTexture 1 307 25 0.842000 0.462000  0.000019 0.000017 0.000049 0.000091 0.000050 0.000029 
3022336 convolutionTexture 1 307 25 0.842000 0.617000  0.000028 0.000026 0.000070 0.000135 0.000075 0.000039 
3022336 convolutionTexture 1 307 25 0.842000 0.616000  0.001143 0.000322 0.000603 0.001243 0.000450 0.000185 
3022400 convolutionTexture 1 307 25 0.842000 0.616000  0.000027 0.000025 0.000070 0.000133 0.000074 0.000039 
3022400 convolutionTexture 1 307 24 0.842000 0.617000  0.000018 0.000017 0.000048 0.000091 0.000050 0.000027 
3022400 convolutionTexture 1 307 24 0.842000 0.616000  0.000022 0.000019 0.000051 0.000097 0.000053 0.000028 
3022464 convolutionTexture 1 307 24 0.842000 0.694000  0.000019 0.000019 0.000051 0.000104 0.000057 0.000029 
3022464 convolutionTexture 1 307 24 0.842000 0.694000  0.000231 0.000207 0.000563 0.001081 0.000600 0.000315 
3022528 convolutionTexture 1 307 25 0.842000 0.617000  0.000020 0.000017 0.000048 0.000095 0.000051 0.000027 
3022528 convolutionTexture 1 307 25 0.842000 0.616000  0.000020 0.000018 0.000050 0.000096 0.000053 0.000028 
3022592 convolutionTexture 1 307 24 0.842000 0.540000  0.000019 0.000017 0.000048 0.000093 0.000049 0.000027 
3022592 convolutionTexture 1 307 24 0.842000 0.617000  0.000020 0.000018 0.000051 0.000102 0.000059 0.000030 
3022656 convolutionTexture 1 307 24 0.842000 0.463000  0.000019 0.000017 0.000048 0.000090 0.000049 0.000026 
3022656 convolutionTexture 1 307 24 0.842000 0.617000  0.000020 0.000026 0.000064 0.000128 0.000075 0.000037 
3022720 convolutionTexture 1 307 24 0.842000 0.694000  0.000036 0.000020 0.000053 0.000110 0.000056 0.000029 
3022720 convolutionTexture 1 307 24 0.842000 0.616000  0.000019 0.000017 0.000048 0.000089 0.000049 0.000026 
3022784 convolutionTexture 1 307 25 0.842000 0.694000  0.000045 0.000023 0.000059 0.000128 0.000061 0.000031 
3022784 convolutionTexture 1 307 25 0.842000 0.693000  0.000018 0.000017 0.000048 0.000090 0.000048 0.000026 
3022784 convolutionTexture 1 307 25 0.842000 0.693000  0.000190 0.000173 0.000473 0.000897 0.000506 0.000265 
3022848 convolutionTexture 1 307 25 0.842000 0.540000  0.000018 0.000017 0.000048 0.000090 0.000051 0.000027 
3022848 convolutionTexture 1 307 25 0.842000 0.617000  0.001463 0.000428 0.000848 0.001542 0.000538 0.000219 
3022912 convolutionTexture 1 307 25 0.842000 0.617000  0.000020 0.000017 0.000048 0.000093 0.000049 0.000026 
3022912 convolutionTexture 1 307 24 0.842000 0.694000  0.000020 0.000018 0.000049 0.000097 0.000052 0.000027 
3022976 convolutionTexture 1 307 24 0.842000 0.540000  0.000019 0.000018 0.000050 0.000105 0.000051 0.000027 
3022976 convolutionTexture 1 307 24 0.842000 0.616000  0.000009 0.000049 0.000046 0.000139 0.000000 0.000007 
3023040 convolutionTexture 1 307 24 0.842000 0.693000  0.000048 0.000255 0.000091 0.000305 0.000000 0.000009 
3023040 convolutionTexture 1 307 24 0.842000 0.617000  0.000008 0.000048 0.000033 0.000100 0.000000 0.000006 
3023104 convolutionTexture 1 307 24 0.842000 0.694000  0.000024 0.000019 0.000054 0.000111 0.000054 0.000028 
3023104 convolutionTexture 1 307 24 0.842000 0.616000  0.000031 0.000020 0.000053 0.000109 0.000056 0.000029 
3023168 convolutionTexture 1 307 24 0.842000 0.693000  0.000023 0.000018 0.000050 0.000100 0.000050 0.000027 
3023168 convolutionTexture 1 307 24 0.842000 0.617000  0.000023 0.000019 0.000052 0.000107 0.000057 0.000029 
3023168 convolutionTexture 1 307 24 0.842000 0.616000  0.000021 0.000018 0.000049 0.000098 0.000051 0.000027 
3023232 convolutionTexture 1 307 25 0.842000 0.616000  0.000023 0.000018 0.000051 0.000105 0.000056 0.000029 
3023232 convolutionTexture 1 307 24 0.842000 0.694000  0.000018 0.000018 0.000050 0.000098 0.000051 0.000027 
3023296 convolutionTexture 1 307 25 0.842000 0.617000  0.000027 0.000023 0.000064 0.000132 0.000071 0.000037 
3023296 convolutionTexture 1 307 25 0.842000 0.694000  0.000138 0.000055 0.000208 0.000611 0.000001 0.000314 
3023360 convolutionTexture 1 307 25 0.842000 0.617000  0.000008 0.000046 0.000032 0.000097 0.000000 0.000006 
3023360 convolutionTexture 1 307 25 0.842000 0.617000  0.000008 0.000044 0.000030 0.000093 0.000000 0.000005 
3023424 convolutionTexture 1 307 25 0.842000 0.540000  0.000008 0.000046 0.000043 0.000128 0.000000 0.000007 
3023424 convolutionTexture 1 307 25 0.842000 0.616000  0.000008 0.000044 0.000029 0.000092 0.000000 0.000005 
3023424 convolutionTexture 1 307 25 0.842000 0.616000  0.000008 0.000046 0.000053 0.000160 0.000000 0.000008 
3023488 convolutionTexture 1 307 24 0.842000 0.694000  0.000008 0.000057 0.000033 0.000131 0.000000 0.000006 
3023488 convolutionTexture 1 307 24 0.842000 0.616000  0.000009 0.000057 0.000037 0.000113 0.000000 0.000006 
3023552 convolutionTexture 1 307 24 0.842000 0.694000  0.000008 0.000044 0.000030 0.000092 0.000000 0.000005 
3023552 convolutionTexture 1 307 24 0.842000 0.616000  0.000010 0.000062 0.000036 0.000116 0.000000 0.000006 
3023616 convolutionTexture 1 307 24 0.842000 0.463000  0.000008 0.000044 0.000029 0.000091 0.000000 0.000005 
3023616 convolutionTexture 1 307 25 0.842000 0.616000  0.000011 0.000094 0.000046 0.000174 0.000000 0.000008 
3023680 convolutionTexture 1 307 25 0.842000 0.462000  0.000018 0.000022 0.000056 0.000133 0.000058 0.000029 
3023680 convolutionTexture 1 307 24 0.842000 0.616000  0.000020 0.000394 0.000927 0.000601 0.000379 0.000219 
3023744 convolutionTexture 1 307 24 0.842000 0.616000  0.000018 0.000017 0.000047 0.000089 0.000049 0.000030 
3023744 convolutionTexture 1 307 25 0.842000 0.616000  0.000017 0.000016 0.000045 0.000084 0.000046 0.000025 
3023744 convolutionTexture 1 307 25 0.842000 0.616000  0.000019 0.000016 0.000047 0.000096 0.000050 0.000026 
3023808 convolutionTexture 1 307 25 0.842000 0.616000  0.000018 0.000021 0.000053 0.000126 0.000057 0.000029 
3023808 convolutionTexture 1 307 25 0.842000 0.617000  0.000008 0.000085 0.000039 0.000133 0.000000 0.000006 
3023872 convolutionTexture 1 307 25 0.842000 0.617000  0.000019 0.000017 0.000060 0.000120 0.000061 0.000037 
3023872 convolutionTexture 1 307 24 0.842000 0.693000  0.000018 0.000016 0.000045 0.000084 0.000046 0.000025 
3023936 convolutionTexture 1 307 24 0.842000 0.616000  0.000698 0.003079 0.000935 0.003131 0.000000 0.000063 
3023936 convolutionTexture 1 307 24 0.842000 0.540000  0.000017 0.000016 0.000057 0.000117 0.000055 0.000028 
3024000 convolutionTexture 1 307 24 0.842000 0.617000  0.000019 0.000017 0.000046 0.000090 0.000049 0.000026 
3024000 convolutionTexture 1 307 24 0.842000 0.462000  0.000017 0.000016 0.000045 0.000083 0.000046 0.000025 
3024000 convolutionTexture 1 307 24 0.842000 0.617000  0.000018 0.000017 0.000046 0.000089 0.000049 0.000026 
3024064 convolutionTexture 1 307 24 0.842000 0.617000  0.000018 0.000017 0.000046 0.000088 0.000049 0.000026 
3024064 convolutionTexture 1 307 24 0.842000 0.617000  0.000017 0.000018 0.000049 0.000107 0.000052 0.000027 
3024128 convolutionTexture 1 307 25 0.842000 0.616000  0.000022 0.000019 0.000049 0.000117 0.000057 0.000029 
3024128 convolutionTexture 1 307 24 0.842000 0.617000  0.000020 0.000017 0.000047 0.000094 0.000053 0.000027 
3024192 convolutionTexture 1 307 24 0.842000 0.617000  0.000018 0.000024 0.000059 0.000138 0.000068 0.000038 
3024192 convolutionTexture 1 307 24 0.842000 0.616000  0.000017 0.000025 0.000088 0.000241 0.000088 0.000038 
3024256 convolutionTexture 1 307 25 0.842000 0.540000  0.000018 0.000017 0.000046 0.000117 0.000059 0.000034 
3024256 convolutionTexture 1 307 24 0.842000 0.693000  0.000020 0.000017 0.000047 0.000093 0.000047 0.000025 
3024320 convolutionTexture 1 307 25 0.842000 0.693000  0.000019 0.000017 0.000046 0.000091 0.000049 0.000026 
3024320 convolutionTexture 1 307 25 0.842000 0.771000  0.000018 0.000016 0.000047 0.000096 0.000054 0.000027 
3024384 convolutionTexture 1 307 24 0.842000 0.694000  0.000018 0.000024 0.000059 0.000139 0.000067 0.000037 
3024384 convolutionTexture 1 307 24 0.842000 0.616000  0.000018 0.000016 0.000044 0.000150 0.000065 0.000030 
3024448 convolutionTexture 1 307 24 0.842000 0.616000  0.000018 0.000017 0.000046 0.000086 0.000048 0.000031 
3024448 convolutionTexture 1 307 24 0.842000 0.617000  0.000021 0.000017 0.000047 0.000090 0.000050 0.000026 
3024448 convolutionTexture 1 307 24 0.842000 0.616000  0.000021 0.000018 0.000049 0.000097 0.000052 0.000027 
3024512 convolutionTexture 1 307 24 0.842000 0.617000  0.000017 0.000016 0.000044 0.000082 0.000044 0.000024 
3024512 convolutionTexture 1 307 24 0.842000 0.616000  0.000018 0.000016 0.001045 0.000717 0.000430 0.000246 
3024576 convolutionTexture 1 307 24 0.842000 0.616000  0.000023 0.000018 0.000048 0.000101 0.000054 0.000027 
3024576 convolutionTexture 1 307 24 0.842000 0.539000  0.000017 0.000016 0.000043 0.000086 0.000046 0.000026 
3024640 convolutionTexture 1 307 24 0.842000 0.617000  0.000018 0.000020 0.000065 0.000161 0.000066 0.000031 
3024640 convolutionTexture 1 307 24 0.842000 0.617000  0.000017 0.000015 0.000043 0.000080 0.000044 0.000024 
3024704 convolutionTexture 1 307 24 0.842000 0.616000  0.000018 0.000016 0.000045 0.000086 0.000047 0.000025 
3024704 convolutionTexture 1 307 24 0.842000 0.540000  0.000017 0.000015 0.000043 0.000083 0.000044 0.000024 
3024768 convolutionTexture 1 307 24 0.842000 0.617000  0.000018 0.000016 0.000045 0.000087 0.000047 0.000025 
3024768 convolutionTexture 1 307 24 0.842000 0.462000  0.000017 0.000015 0.000043 0.000082 0.000044 0.000024 
3024768 convolutionTexture 1 307 24 0.842000 0.616000  0.000018 0.000016 0.000045 0.000087 0.000047 0.000025 
3024832 convolutionTexture 1 307 24 0.842000 0.462000  0.000017 0.000015 0.000043 0.000080 0.000044 0.000024 
3024832 convolutionTexture 1 307 24 0.842000 0.617000  0.000020 0.000017 0.000047 0.000095 0.000051 0.000027 
3024896 convolutionTexture 1 307 24 0.842000 0.616000  0.000017 0.000015 0.000043 0.000081 0.000044 0.000024 
3024896 convolutionTexture 1 307 24 0.842000 0.616000  0.000018 0.000016 0.000045 0.000084 0.000057 0.000029 
3024960 convolutionTexture 1 307 24 0.842000 0.539000  0.000170 0.000158 0.000439 0.000831 0.000455 0.000244 
3024960 convolutionTexture 1 307 24 0.842000 0.616000  0.000018 0.000024 0.000057 0.000141 0.000067 0.000036 
3025024 convolutionTexture 1 307 24 0.842000 0.463000  0.000021 0.000017 0.000048 0.000099 0.000049 0.000026 
3025024 convolutionTexture 1 307 24 0.842000 0.616000  0.000018 0.000016 0.000044 0.000085 0.000047 0.000025 
3025088 convolutionTexture 1 307 24 0.842000 0.616000  0.000019 0.000016 0.000045 0.000091 0.000047 0.000025 
3025088 convolutionTexture 1 307 24 0.842000 0.616000  0.000022 0.000017 0.000046 0.000090 0.000049 0.000025 
3025088 convolutionTexture 1 307 24 0.842000 0.540000  0.000016 0.000016 0.000045 0.000088 0.000050 0.000025 
3025152 convolutionTexture 1 307 24 0.842000 0.539000  0.000018 0.000024 0.000057 0.000147 0.000068 0.000033 
3025152 convolutionTexture 1 307 24 0.842000 0.462000  0.000019 0.000016 0.000045 0.000090 0.000047 0.000025 
3025216 convolutionTexture 1 307 24 0.842000 0.694000  0.000180 0.000149 0.000416 0.000866 0.000451 0.000233 
3025216 convolutionTexture 1 307 24 0.842000 0.462000  0.000016 0.000015 0.000042 0.000079 0.000043 0.000024 
3025216 convolutionTexture 1 307 24 0.842000 0.462000  0.000156 0.000144 0.000398 0.000764 0.000420 0.000222 
3025280 convolutionTexture 1 307 24 0.842000 0.616000  0.000016 0.000015 0.000042 0.000079 0.000043 0.000023 
3025280 convolutionTexture 1 307 24 0.842000 0.616000  0.000019 0.000016 0.000046 0.000090 0.000046 0.000024 
3025344 convolutionTexture 1 307 24 0.842000 0.616000  0.000017 0.000016 0.000057 0.000111 0.000065 0.000032 
3025344 convolutionTexture 1 307 24 0.842000 0.616000  0.000153 0.000139 0.000381 0.000728 0.000406 0.000213 
3025408 convolutionTexture 1 307 24 0.842000 0.616000  0.000016 0.000015 0.000042 0.000080 0.000043 0.000023 
3025408 convolutionTexture 1 307 24 0.842000 0.617000  0.000016 0.000015 0.000042 0.000078 0.000043 0.000023 
3025472 convolutionTexture 1 307 24 0.842000 0.616000  0.000017 0.000023 0.000056 0.000130 0.000064 0.000042 
3025472 convolutionTexture 1 307 25 0.842000 0.694000  0.000017 0.000015 0.000046 0.000101 0.000049 0.000025 
3025536 convolutionTexture 1 307 25 0.842000 0.616000  0.000018 0.000016 0.000044 0.000093 0.000048 0.000025 
3025536 convolutionTexture 1 307 25 0.842000 0.694000  0.000016 0.000015 0.000043 0.000082 0.000044 0.000023 
3025536 convolutionTexture 1 307 24 0.842000 0.616000  0.000019 0.000016 0.000045 0.000092 0.000050 0.000026 
3025600 convolutionTexture 1 307 24 0.842000 0.693000  0.000018 0.000016 0.000044 0.000085 0.000046 0.000024 
3025600 convolutionTexture 1 307 24 0.842000 0.616000  0.000019 0.000016 0.000044 0.000090 0.000049 0.000025 
3025664 convolutionTexture 1 307 24 0.842000 0.616000  0.000016 0.000015 0.000043 0.000090 0.000048 0.000025 
3025664 convolutionTexture 1 307 24 0.842000 0.616000  0.000017 0.000016 0.000056 0.000115 0.000057 0.000032 
3025728 convolutionTexture 1 307 24 0.842000 0.693000  0.000048 0.000027 0.000080 0.000151 0.000087 0.000042 
3025728 convolutionTexture 1 307 24 0.842000 0.693000  0.000017 0.000015 0.000042 0.000079 0.000043 0.000023 
3025792 convolutionTexture 1 307 24 0.842000 0.694000  0.000017 0.000016 0.000043 0.000089 0.000049 0.000025 
3025792 convolutionTexture 1 307 24 0.842000 0.694000  0.000016 0.000015 0.000042 0.000080 0.000042 0.000023 
3025856 convolutionTexture 1 307 25 0.842000 0.617000  0.000017 0.000016 0.000043 0.000084 0.000045 0.000024 
3025856 convolutionTexture 1 307 24 0.842000 0.617000  0.000016 0.000015 0.000042 0.000078 0.000057 0.000041 
3025920 convolutionTexture 1 307 24 0.842000 0.616000  0.000017 0.000016 0.000043 0.000081 0.000046 0.000024 
3025920 convolutionTexture 1 307 24 0.842000 0.615000  0.000042 0.000023 0.000058 0.000130 0.000059 0.000029 
3025920 convolutionTexture 1 307 24 0.842000 0.616000  0.000017 0.000016 0.000043 0.000082 0.000046 0.000024 
3025984 convolutionTexture 1 307 24 0.842000 0.462000  0.000017 0.000015 0.000041 0.000091 0.000045 0.000023 
3025984 convolutionTexture 1 307 24 0.842000 0.617000  0.000018 0.000016 0.000044 0.000087 0.000045 0.000024 
3026048 convolutionTexture 1 307 24 0.842000 0.539000  0.000020 0.000017 0.000045 0.000090 0.000049 0.000025 
3026048 convolutionTexture 1 307 24 0.842000 0.540000  0.000016 0.000015 0.000044 0.000085 0.000045 0.000024 
3026112 convolutionTexture 1 307 24 0.842000 0.462000  0.000017 0.000015 0.000043 0.000080 0.000045 0.000024 
3026112 convolutionTexture 1 307 24 0.842000 0.540000  0.000019 0.000021 0.000058 0.000149 0.000071 0.000037 
3026112 convolutionTexture 1 307 24 0.842000 0.617000  0.000020 0.000016 0.000045 0.000093 0.000053 0.000027 
3026176 convolutionTexture 1 307 24 0.842000 0.694000  0.000019 0.000016 0.000045 0.000092 0.000048 0.000025 
3026176 convolutionTexture 1 307 24 0.842000 0.540000  0.000017 0.000015 0.000043 0.000111 0.000055 0.000028 
3026240 convolutionTexture 1 307 24 0.842000 0.694000  0.000017 0.000015 0.000041 0.052736 0.025545 0.008783 
3026240 convolutionTexture 1 307 24 0.842000 0.694000  0.000102 0.000093 0.000257 0.000486 0.000271 0.000144 
3026304 convolutionTexture 1 307 24 0.842000 0.617000  0.000020 0.000023 0.000059 0.000121 0.000057 0.000028 
3026304 convolutionTexture 1 307 24 0.842000 0.616000  0.000017 0.000015 0.000042 0.000084 0.000046 0.000024 
3026368 convolutionTexture 1 307 24 0.842000 0.770000  0.000016 0.000015 0.000041 0.000077 0.000042 0.000023 
3026368 convolutionTexture 1 307 24 0.842000 0.617000  0.000020 0.000017 0.000045 0.000096 0.000049 0.000025 
3026368 convolutionTexture 1 307 24 0.842000 0.616000  0.000016 0.000015 0.000041 0.000077 0.000042 0.000022 
3026432 convolutionTexture 1 307 24 0.842000 0.616000  0.000021 0.000018 0.000047 0.000102 0.000051 0.000025 
3026432 convolutionTexture 1 307 24 0.842000 0.539000  0.000019 0.000015 0.000041 0.000079 0.000042 0.000023 
3026496 convolutionTexture 1 307 24 0.842000 0.617000  0.000017 0.000015 0.000042 0.000112 0.000055 0.000027 
3026560 convolutionTexture 1 307 24 0.842000 0.617000  0.000018 0.000015 0.000043 0.000085 0.000044 0.000024 
3026560 convolutionTexture 1 307 24 0.842000 0.616000  0.000017 0.000023 0.000054 0.000128 0.000063 0.000031 
3026560 convolutionTexture 1 307 24 0.842000 0.617000  0.000018 0.000015 0.000043 0.000086 0.000044 0.000023 
3026624 convolutionTexture 1 307 24 0.842000 0.616000  0.000090 0.000093 0.000243 0.000513 0.000270 0.000136 
3026624 convolutionTexture 1 307 24 0.842000 0.540000  0.000083 0.000077 0.000215 0.000402 0.000218 0.000119 
3026688 convolutionTexture 1 307 24 0.842000 0.617000  0.000088 0.000081 0.000229 0.000451 0.000249 0.000129 
3026688 convolutionTexture 1 307 24 0.842000 0.540000  0.000016 0.000015 0.000042 0.000090 0.000046 0.000023 
3026752 convolutionTexture 1 307 24 0.842000 0.617000  0.000024 0.000020 0.000058 0.000116 0.000073 0.000036 
3026752 convolutionTexture 1 307 24 0.842000 0.693000  0.000086 0.000076 0.000212 0.001102 0.000430 0.000199 
3026816 convolutionTexture 1 307 24 0.842000 0.616000  0.000016 0.000015 0.000041 0.000078 0.000044 0.000023 
3026816 convolutionTexture 1 307 24 0.842000 0.693000  0.000016 0.000015 0.000041 0.000084 0.000043 0.000023 
3026880 convolutionTexture 1 307 24 0.842000 0.617000  0.000017 0.000015 0.000041 0.000113 0.000052 0.000026 
3026880 convolutionTexture 1 307 24 0.842000 0.616000  0.000018 0.000015 0.000041 0.000080 0.000044 0.000023 
3026880 convolutionTexture 1 307 24 0.842000 0.617000  0.000020 0.000017 0.000045 0.000090 0.000047 0.000024 
3026944 convolutionTexture 1 307 24 0.842000 0.616000  0.000017 0.000015 0.000041 0.000082 0.000047 0.000024 
3026944 convolutionTexture 1 307 24 0.842000 0.617000  0.000015 0.000014 0.000054 0.000125 0.000055 0.000026 
3027008 convolutionTexture 1 307 24 0.842000 0.616000  0.000017 0.000015 0.000041 0.000079 0.000044 0.000023 
3027008 convolutionTexture 1 307 24 0.842000 0.616000  0.000024 0.000016 0.000042 0.000083 0.000043 0.000023 
3027072 convolutionTexture 1 307 24 0.842000 0.616000  0.000016 0.000015 0.000041 0.000078 0.000043 0.000023 
3027072 convolutionTexture 1 307 24 0.842000 0.616000  0.000019 0.000015 0.000043 0.000089 0.000047 0.000024 
3027072 convolutionTexture 1 307 24 0.842000 0.693000  0.000016 0.000015 0.000041 0.000083 0.000043 0.000023 
3027136 convolutionTexture 1 307 24 0.842000 0.617000  0.000018 0.000016 0.000044 0.000090 0.000048 0.000025 
3027136 convolutionTexture 1 307 24 0.842000 0.694000  0.000020 0.000016 0.000044 0.000090 0.000044 0.000023 
3027200 convolutionTexture 1 307 24 0.842000 0.694000  0.000007 0.000042 0.000027 0.000086 0.000000 0.000005 
3027200 convolutionTexture 1 307 24 0.842000 0.540000  0.000006 0.000034 0.000022 0.000071 0.000000 0.000004 
3027264 convolutionTexture 1 307 24 0.842000 0.540000  0.000006 0.000036 0.000024 0.000103 0.000000 0.000005 
3027264 convolutionTexture 1 307 24 0.842000 0.616000  0.000030 0.000023 0.000055 0.000145 0.000089 0.000041 
3027328 convolutionTexture 1 307 24 0.842000 0.617000  0.000016 0.000014 0.000040 0.000084 0.000044 0.000023 
3027328 convolutionTexture 1 307 24 0.842000 0.616000  0.000016 0.000015 0.000041 0.000079 0.000043 0.000023 
3027392 convolutionTexture 1 307 24 0.842000 0.616000  0.155709 0.054025 0.118726 0.155982 0.060006 0.027137 
3027392 convolutionTexture 1 307 24 0.842000 0.462000  0.000020 0.000016 0.000043 0.000092 0.000048 0.000024 
3027456 convolutionTexture 1 307 24 0.842000 0.540000  0.000017 0.000015 0.000042 0.000085 0.000042 0.000022 
3027456 convolutionTexture 1 307 24 0.842000 0.462000  0.000090 0.000072 0.000213 0.000504 0.000239 0.000118 
3027520 convolutionTexture 1 307 24 0.842000 0.463000  0.000016 0.000015 0.000040 0.000079 0.000042 0.000023 
3027520 convolutionTexture 1 307 24 0.842000 0.385000  0.009939 0.002185 0.004517 0.010388 0.003030 0.001213 
3027584 convolutionTexture 1 307 24 0.842000 0.462000  0.000022 0.000016 0.000052 0.000129 0.000055 0.000026 
3027584 convolutionTexture 1 307 24 0.842000 0.462000  0.000015 0.000014 0.000039 0.000075 0.000040 0.000021 
3027584 convolutionTexture 1 307 24 0.842000 0.462000  0.000020 0.000016 0.000043 0.000092 0.000046 0.000024 
3027648 convolutionTexture 1 307 24 0.842000 0.385000  0.000015 0.000014 0.000039 0.000073 0.000039 0.000021 
3027648 convolutionTexture 1 307 24 0.842000 0.462000  0.000019 0.000016 0.000043 0.000092 0.000049 0.000025 
3027712 convolutionTexture 1 307 24 0.842000 0.616000  0.000015 0.000014 0.000039 0.000074 0.000039 0.000021 
3027712 convolutionTexture 1 307 24 0.842000 0.462000  0.000020 0.000017 0.000045 0.000143 0.000065 0.000030 
3027776 convolutionTexture 1 307 24 0.842000 0.462000  0.000015 0.000014 0.000039 0.000073 0.000040 0.000021 
3027776 convolutionTexture 1 307 24 0.842000 0.462000  0.000018 0.000023 0.000059 0.000151 0.000067 0.000036 
3027840 convolutionTexture 1 307 24 0.842000 0.385000  0.000015 0.000014 0.000039 0.000074 0.000039 0.000021 
3027840 convolutionTexture 1 307 24 0.842000 0.462000  0.000020 0.000015 0.000050 0.000122 0.000052 0.000026 
3027904 convolutionTexture 1 307 24 0.842000 0.462000  0.001682 0.000684 0.001456 0.001764 0.000761 0.000359 
3027904 convolutionTexture 1 307 24 0.842000 0.462000  0.000046 0.000022 0.000090 0.000195 0.000077 0.000035 
3027904 convolutionTexture 1 307 24 0.842000 0.463000  0.000019 0.000015 0.000042 0.000084 0.000043 0.000023 
3027968 convolutionTexture 1 307 24 0.842000 0.462000  0.000016 0.000014 0.000040 0.000118 0.000052 0.000025 
3027968 convolutionTexture 1 307 24 0.842000 0.463000  0.000017 0.000014 0.000038 0.000075 0.000039 0.000021 
3028032 convolutionTexture 1 307 24 0.842000 0.462000  0.000018 0.000016 0.000088 0.000198 0.000081 0.000041 
3028032 convolutionTexture 1 307 24 0.842000 0.385000  0.000015 0.000015 0.000040 0.000082 0.000042 0.000022 
3028096 convolutionTexture 1 307 24 0.842000 0.463000  0.000039 0.000021 0.000063 0.000121 0.007704 0.003397 
3028096 convolutionTexture 1 307 24 0.842000 0.540000  0.003656 0.000893 0.001755 0.003733 0.001143 0.000457 
3028160 convolutionTexture 1 307 24 0.842000 0.385000  0.000015 0.000014 0.000038 0.000072 0.000039 0.000022 
3028160 convolutionTexture 1 307 24 0.842000 0.540000  0.000016 0.000015 0.000040 0.000078 0.000043 0.000022 
3028224 convolutionTexture 1 307 24 0.842000 0.539000  0.000015 0.000014 0.000038 0.000072 0.000039 0.000021 
3028224 convolutionTexture 1 307 24 0.842000 0.540000  0.000022 0.000016 0.000042 0.000084 0.000044 0.000023 
3028224 convolutionTexture 1 307 24 0.842000 0.539000  0.000018 0.000015 0.000040 0.000080 0.000042 0.000022 
3028288 convolutionTexture 1 307 24 0.842000 0.539000  0.000018 0.000015 0.000041 0.000081 0.000041 0.000022 
3028288 convolutionTexture 1 307 24 0.842000 0.463000  0.000016 0.000014 0.000041 0.000086 0.000045 0.000023 
3028352 convolutionTexture 1 307 24 0.842000 0.540000  0.000015 0.000014 0.000038 0.000072 0.000039 0.000021 
3028352 convolutionTexture 1 307 24 0.842000 0.539000  0.000020 0.000015 0.000042 0.000088 0.000047 0.000024 
3028416 convolutionTexture 1 307 24 0.842000 0.385000  0.000043 0.000019 0.000049 0.000102 0.000047 0.000024 
3028416 convolutionTexture 1 307 24 0.842000 0.616000  0.000017 0.000015 0.000041 0.000085 0.000045 0.000023 
3028416 convolutionTexture 1 307 24 0.842000 0.462000  0.000015 0.000014 0.000042 0.000080 0.000041 0.000022 
3028480 convolutionTexture 1 307 24 0.842000 0.540000  0.000016 0.000014 0.000039 0.000075 0.000041 0.000022 
3028480 convolutionTexture 1 307 24 0.842000 0.385000  0.000015 0.000014 0.000038 0.000072 0.000039 0.000021 
3028544 convolutionTexture 1 307 24 0.842000 0.540000  0.000180 0.001019 0.000696 0.002108 0.000000 0.000121 
3028544 convolutionTexture 1 307 24 0.842000 0.539000  0.000015 0.000013 0.000038 0.000072 0.000039 0.000022 
3028608 convolutionTexture 1 307 24 0.842000 0.540000  0.000016 0.000014 0.000039 0.000076 0.000041 0.000022 
3028608 convolutionTexture 1 307 24 0.842000 0.385000  0.000015 0.000013 0.000038 0.000072 0.000038 0.000021 
3028608 convolutionTexture 1 307 24 0.842000 0.539000  0.000020 0.000015 0.000042 0.000088 0.000046 0.000023 
3028672 convolutionTexture 1 307 24 0.842000 0.385000  0.000015 0.000013 0.000038 0.000103 0.000045 0.000023 
3028672 convolutionTexture 1 307 24 0.842000 0.617000  0.000016 0.000021 0.000051 0.000131 0.000060 0.000029 
3028736 convolutionTexture 1 307 24 0.842000 0.385000  0.000014 0.000013 0.000038 0.000071 0.000038 0.000021 
3028736 convolutionTexture 1 307 24 0.842000 0.462000  0.000017 0.000015 0.000041 0.000082 0.000044 0.000023 
3028800 convolutionTexture 1 307 24 0.842000 0.385000  0.000015 0.000013 0.000038 0.000071 0.000038 0.000021 
3028800 convolutionTexture 1 307 24 0.842000 0.616000  0.000039 0.000017 0.000045 0.000108 0.000049 0.000024 
3028800 convolutionTexture 1 307 24 0.842000 0.462000  0.000015 0.000013 0.000038 0.000099 0.000046 0.000024 
3028864 convolutionTexture 1 307 24 0.842000 0.617000  0.000015 0.000014 0.000040 0.000080 0.000044 0.000023 
3028864 convolutionTexture 1 307 24 0.842000 0.463000  0.000025 0.000015 0.000040 0.000083 0.000040 0.000021 
3028928 convolutionTexture 1 307 24 0.842000 0.616000  0.000017 0.000015 0.000041 0.000084 0.000042 0.000022 
3028928 convolutionTexture 1 307 24 0.842000 0.462000  0.000015 0.000014 0.000040 0.000103 0.000051 0.000025 
3028992 convolutionTexture 1 307 24 0.842000 0.616000  0.000017 0.000015 0.000042 0.000088 0.000043 0.000023 
3028992 convolutionTexture 1 307 25 0.842000 0.462000  0.000067 0.000061 0.000217 0.000431 0.000251 0.000123 
3029056 convolutionTexture 1 307 24 0.842000 0.694000  0.000015 0.000014 0.000040 0.000080 0.000041 0.000022 
3029056 convolutionTexture 1 307 24 0.842000 0.462000  0.000018 0.000015 0.000042 0.000089 0.000048 0.000024 
3029056 convolutionTexture 1 307 24 0.842000 0.462000  0.000015 0.000014 0.000039 0.000077 0.000040 0.000022 
3029120 convolutionTexture 1 307 24 0.842000 0.463000  0.000019 0.000016 0.000044 0.000098 0.000048 0.000024 
3029120 convolutionTexture 1 307 24 0.842000 0.385000  0.000015 0.000013 0.000038 0.000078 0.000040 0.000021 
3029184 convolutionTexture 1 307 24 0.842000 0.462000  0.000019 0.000037 0.009022 0.025124 0.000001 0.000533 
3029184 convolutionTexture 1 307 24 0.842000 0.385000  0.000015 0.000014 0.000039 0.000078 0.000040 0.000022 
3029248 convolutionTexture 1 307 24 0.842000 0.463000  0.136675 0.427015 0.153355 0.427714 0.000013 0.009084 
3029248 convolutionTexture 1 307 24 0.842000 0.385000  0.000096 0.000560 0.000367 0.001330 0.000000 0.000068 
3029312 convolutionTexture 1 307 24 0.842000 0.462000  0.000101 0.001033 0.000539 0.001682 0.000000 0.000080 
3029312 convolutionTexture 1 307 25 0.842000 0.694000  0.000017 0.000016 0.000042 0.000087 0.000044 0.000023 
3029376 convolutionTexture 1 307 25 0.842000 0.539000  0.000108 0.000651 0.000414 0.001325 0.000000 0.000070 
3029376 convolutionTexture 1 307 24 0.842000 0.462000  0.000017 0.000014 0.000039 0.000079 0.000040 0.000022 
3029376 convolutionTexture 1 307 24 0.842000 0.617000  0.000019 0.000015 0.000041 0.000111 0.000050 0.000025 
3029440 convolutionTexture 1 307 24 0.842000 0.539000  0.000016 0.000028 0.000064 0.000149 0.000059 0.000038 
3029440 convolutionTexture 1 307 24 0.842000 0.616000  0.060853 0.022332 0.047529 0.061131 0.024057 0.010758 
3029504 convolutionTexture 1 307 24 0.842000 0.540000  0.000019 0.000018 0.000045 0.000117 0.000054 0.000026 
3029504 convolutionTexture 1 307 24 0.842000 0.616000  0.000015 0.000013 0.000037 0.000073 0.000038 0.000020 
3029568 convolutionTexture 1 307 24 0.842000 0.463000  0.000064 0.000056 0.000155 0.000422 0.000202 0.000114 
3029568 convolutionTexture 1 307 24 0.842000 0.385000  0.000019 0.000014 0.000040 0.000079 0.000040 0.000022 
3029632 convolutionTexture 1 307 24 0.842000 0.463000  0.000018 0.000015 0.000042 0.000087 0.000046 0.000024 
3029632 convolutionTexture 1 307 24 0.842000 0.539000  0.000079 0.000463 0.000306 0.000967 0.000000 0.000054 
3029696 convolutionTexture 1 307 24 0.842000 0.462000  0.000019 0.000015 0.000041 0.000084 0.000045 0.000023 
3029696 convolutionTexture 1 307 24 0.842000 0.617000  0.000017 0.000014 0.000039 0.000080 0.000041 0.000021 
3029760 convolutionTexture 1 307 24 0.842000 0.617000  0.000019 0.000015 0.000040 0.000084 0.000045 0.000023 
3029760 convolutionTexture 1 307 24 0.842000 0.540000  0.000017 0.000014 0.000039 0.000078 0.000040 0.000021 
3029760 convolutionTexture 1 307 24 0.842000 0.539000  0.000015 0.000014 0.000038 0.000099 0.000049 0.000028 
3029824 convolutionTexture 1 307 24 0.842000 0.462000  0.000016 0.000013 0.000037 0.000072 0.000038 0.000020 
3029824 convolutionTexture 1 307 24 0.842000 0.462000  0.000017 0.000014 0.000041 0.000093 0.000046 0.000024 
3029888 convolutionTexture 1 307 24 0.842000 0.540000  0.000016 0.000014 0.000048 0.000114 0.000048 0.000024 
3029888 convolutionTexture 1 307 24 0.842000 0.462000  0.000019 0.000015 0.000041 0.000084 0.000048 0.000025 
3029952 convolutionTexture 1 307 24 0.842000 0.539000  0.000015 0.000013 0.000037 0.000070 0.000037 0.000020 
3029952 convolutionTexture 1 307 24 0.842000 0.539000  0.000155 0.000709 0.000497 0.001442 0.000000 0.000073 
3030016 convolutionTexture 1 307 24 0.842000 0.385000  0.000015 0.000051 0.000108 0.000264 0.000089 0.000039 
3030016 convolutionTexture 1 307 24 0.842000 0.462000  0.000079 0.000501 0.000316 0.001015 0.000000 0.000054 
3030016 convolutionTexture 1 307 24 0.842000 0.540000  0.000017 0.000014 0.000039 0.000078 0.000040 0.000021 
3030080 convolutionTexture 1 307 25 0.842000 0.462000  0.000018 0.000015 0.000041 0.000085 0.000045 0.000023 
3030080 convolutionTexture 1 307 24 0.842000 0.539000  0.000019 0.000014 0.000040 0.000083 0.000044 0.000023 
3030144 convolutionTexture 1 307 24 0.842000 0.462000  0.000014 0.000013 0.000037 0.000072 0.000037 0.000020 
3030144 convolutionTexture 1 307 24 0.842000 0.539000  0.089167 0.047793 0.142185 0.277770 0.149966 0.073625 
3030208 convolutionTexture 1 307 24 0.842000 0.385000  0.018396 0.010958 0.029983 0.061427 0.030235 0.016104 
3030208 convolutionTexture 1 307 24 0.842000 0.617000  0.006231 0.006094 0.016827 0.035063 0.017831 0.009334 
3030272 convolutionTexture 1 307 24 0.842000 0.462000  0.005550 0.006102 0.017977 0.048407 0.021068 0.011064 
3030272 convolutionTexture 1 307 24 0.842000 0.540000  0.004535 0.003652 0.010602 0.021291 0.010685 0.005700 
3030336 convolutionTexture 1 307 24 0.842000 0.462000  0.004644 0.003694 0.010042 0.021381 0.010869 0.005517 
3030336 convolutionTexture 1 307 24 0.842000 0.539000  0.002777 0.002573 0.007187 0.013541 0.007283 0.003972 
3030336 convolutionTexture 1 307 24 0.842000 0.462000  0.004315 0.002635 0.006770 0.014466 0.009867 0.004634 
3030400 convolutionTexture 1 307 24 0.842000 0.540000  0.002161 0.002030 0.005751 0.011570 0.005942 0.003188 
3030400 convolutionTexture 1 307 24 0.842000 0.462000  0.002161 0.001949 0.005339 0.010831 0.005644 0.002987 
3030464 convolutionTexture 1 307 24 0.842000 0.385000  0.001876 0.001713 0.004798 0.009075 0.004918 0.002655 
3030464 convolutionTexture 1 307 24 0.842000 0.540000  0.001832 0.001601 0.004620 0.009828 0.005102 0.002671 
3030528 convolutionTexture 1 307 24 0.842000 0.462000  0.001616 0.001480 0.004169 0.007905 0.004223 0.002295 
3030528 convolutionTexture 1 307 24 0.842000 0.540000  0.001989 0.001543 0.004187 0.008818 0.004516 0.002339 
3030528 convolutionTexture 1 307 24 0.842000 0.462000  0.001418 0.001297 0.003648 0.009616 0.004488 0.002315 
3030592 convolutionTexture 1 307 25 0.842000 0.539000  0.001407 0.001304 0.003598 0.007275 0.003871 0.002023 
3030592 convolutionTexture 1 307 25 0.842000 0.462000  0.001279 0.001164 0.003279 0.006163 0.003313 0.001799 
3030656 convolutionTexture 1 307 25 0.842000 0.462000  0.003135 0.001725 0.005139 0.010512 0.005499 0.002653 
3030656 convolutionTexture 1 307 25 0.842000 0.385000  0.001136 0.001043 0.002946 0.005483 0.002985 0.001617 
3030720 convolutionTexture 1 307 25 0.842000 0.540000  0.000066 0.000398 0.000255 0.000823 0.000000 0.000045 
3030720 convolutionTexture 1 307 24 0.842000 0.462000  0.000902 0.000842 0.002386 0.004687 0.002442 0.001309 
3030784 convolutionTexture 1 307 24 0.842000 0.539000  0.001137 0.000886 0.002422 0.005141 0.002634 0.001357 
3030784 convolutionTexture 1 307 24 0.842000 0.385000  0.000868 0.000756 0.002298 0.004990 0.002381 0.001245 
3030848 convolutionTexture 1 307 24 0.842000 0.540000  0.001000 0.000830 0.002266 0.004669 0.002452 0.001262 
3030848 convolutionTexture 1 307 24 0.842000 0.617000  0.000059 0.000340 0.000226 0.000712 0.000000 0.000040 
3030912 convolutionTexture 1 307 24 0.842000 0.463000  0.000711 0.000630 0.001755 0.003428 0.001798 0.000971 
3030912 convolutionTexture 1 307 24 0.842000 0.616000  0.000699 0.000933 0.002219 0.007949 0.003382 0.001572 
3030976 convolutionTexture 1 307 24 0.842000 0.616000  0.000054 0.000313 0.000207 0.000657 0.000000 0.000037 
3030976 convolutionTexture 1 307 24 0.842000 0.463000  0.000625 0.000553 0.001657 0.003750 0.001861 0.000927 
3030976 convolutionTexture 1 307 24 0.842000 0.385000  0.000566 0.000511 0.001430 0.002861 0.001524 0.000804 
3031040 convolutionTexture 1 307 24 0.842000 0.539000  0.000731 0.000595 0.001619 0.003530 0.001755 0.000941 
3031040 convolutionTexture 1 307 24 0.842000 0.386000  0.000532 0.000483 0.001361 0.002602 0.001400 0.000762 
3031104 convolutionTexture 1 307 24 0.842000 0.539000  0.000059 0.000371 0.000238 0.000781 0.000000 0.000041 
3031104 convolutionTexture 1 307 24 0.842000 0.385000  0.000701 0.000487 0.001349 0.002782 0.001398 0.000741 
3031168 convolutionTexture 1 307 24 0.842000 0.616000  0.000050 0.000065 0.000157 0.000321 0.000170 0.000085 
3031168 convolutionTexture 1 307 24 0.842000 0.385000  0.000045 0.000042 0.000117 0.000219 0.000120 0.000065 
3031168 convolutionTexture 1 307 24 0.842000 0.540000  0.000062 0.000048 0.000141 0.000316 0.000153 0.000076 
3031232 convolutionTexture 1 307 24 0.842000 0.385000  0.000414 0.000384 0.001070 0.002019 0.001094 0.000593 
3031232 convolutionTexture 1 307 24 0.842000 0.462000  0.000427 0.000570 0.001380 0.003278 0.001589 0.000871 
3031296 convolutionTexture 1 307 24 0.842000 0.462000  0.000408 0.000357 0.001016 0.002031 0.001064 0.000569 
3031296 convolutionTexture 1 307 24 0.842000 0.462000  0.006709 0.001852 0.003594 0.006913 0.002298 0.000904 
3031360 convolutionTexture 1 307 24 0.842000 0.385000  0.000046 0.000041 0.000116 0.000220 0.000118 0.000064 
3031360 convolutionTexture 1 307 24 0.842000 0.539000  0.000464 0.000387 0.001102 0.002764 0.001326 0.000642 
3031424 convolutionTexture 1 307 24 0.842000 0.462000  0.072474 0.226904 0.085577 0.227855 0.000007 0.004620 
3031424 convolutionTexture 1 307 24 0.842000 0.462000  0.000598 0.000422 0.001124 0.002432 0.001187 0.000619 
3031488 convolutionTexture 1 307 24 0.842000 0.462000  0.000459 0.000396 0.001069 0.002292 0.001192 0.000602 
3031488 convolutionTexture 1 307 24 0.842000 0.462000  0.000394 0.000325 0.000941 0.001863 0.000969 0.000516 
3031552 convolutionTexture 1 307 24 0.842000 0.539000  0.001809 0.000949 0.002002 0.004189 0.001916 0.001156 
3031552 convolutionTexture 1 307 24 0.842000 0.539000  0.000357 0.000321 0.000887 0.001703 0.000934 0.000495 
3031616 convolutionTexture 1 307 24 0.842000 0.386000  0.000321 0.000299 0.000841 0.001580 0.000843 0.000464 
3031616 convolutionTexture 1 307 24 0.842000 0.539000  0.000352 0.000314 0.000864 0.001699 0.000910 0.000483 
3031616 convolutionTexture 1 307 24 0.842000 0.462000  0.000398 0.000336 0.000926 0.001834 0.000955 0.000484 
3031680 convolutionTexture 1 307 24 0.842000 0.540000  0.000367 0.000305 0.000833 0.001655 0.000865 0.000463 
3031680 convolutionTexture 1 307 24 0.842000 0.540000  0.000370 0.000315 0.000884 0.001825 0.000957 0.000497 
3031744 convolutionTexture 1 307 24 0.842000 0.539000  0.000308 0.000297 0.000815 0.001669 0.000853 0.000456 
3031744 convolutionTexture 1 307 24 0.842000 0.463000  0.000764 0.000424 0.001263 0.002414 0.001349 0.000670 
3031808 convolutionTexture 1 307 24 0.842000 0.539000  0.000046 0.000273 0.000190 0.000621 0.000000 0.000032 
3031808 convolutionTexture 1 307 24 0.842000 0.539000  0.000297 0.000278 0.000986 0.001913 0.001127 0.000558 
3031872 convolutionTexture 1 307 24 0.842000 0.539000  0.000302 0.000271 0.000745 0.001901 0.000946 0.000546 
3031872 convolutionTexture 1 307 24 0.842000 0.539000  0.067817 0.018496 0.038186 0.067863 0.021722 0.008975 
3031936 convolutionTexture 1 307 24 0.842000 0.540000  0.000042 0.000039 0.000109 0.000203 0.000111 0.000060 
3031936 convolutionTexture 1 307 24 0.842000 0.539000  0.000290 0.000387 0.000943 0.001841 0.001121 0.000545 
3032000 convolutionTexture 1 307 24 0.842000 0.617000  0.004038 0.001137 0.002280 0.004349 0.001496 0.000623 
3032000 convolutionTexture 1 307 24 0.842000 0.462000  0.000285 0.000261 0.000718 0.001372 0.000737 0.000390 
3032000 convolutionTexture 1 307 24 0.842000 0.540000  0.000324 0.000267 0.000727 0.001529 0.000760 0.000404 
3032064 convolutionTexture 1 307 24 0.842000 0.616000  0.000275 0.000255 0.000705 0.001349 0.000745 0.000391 
3032064 convolutionTexture 1 307 24 0.842000 0.385000  0.000045 0.000263 0.000172 0.000550 0.000000 0.000031 
3032128 convolutionTexture 1 307 24 0.842000 0.463000  0.000273 0.000248 0.000875 0.001769 0.001022 0.000500 
3032128 convolutionTexture 1 307 24 0.842000 0.539000  0.025005 0.007107 0.014559 0.025252 0.008405 0.003556 
3032192 convolutionTexture 1 307 24 0.842000 0.462000  0.000298 0.000255 0.000697 0.001470 0.000787 0.000401 
3032192 convolutionTexture 1 307 24 0.842000 0.539000  0.000260 0.000247 0.000700 0.001481 0.000723 0.000379 
3032256 convolutionTexture 1 307 24 0.842000 0.540000  0.000262 0.000236 0.000844 0.001674 0.000844 0.000476 
3032256 convolutionTexture 1 307 24 0.842000 0.539000  0.000240 0.000220 0.000627 0.001234 0.000656 0.000351 
3032320 convolutionTexture 1 307 24 0.842000 0.463000  0.000291 0.000237 0.000794 0.001900 0.000861 0.000417 
3032320 convolutionTexture 1 307 24 0.842000 0.540000  0.000261 0.000228 0.000627 0.001205 0.000638 0.000348 
3032320 convolutionTexture 1 307 24 0.842000 0.539000  0.000246 0.000232 0.000874 0.001899 0.000994 0.000475 
3032384 convolutionTexture 1 307 24 0.842000 0.539000  0.000273 0.000222 0.000609 0.001191 0.000635 0.000338 
3032384 convolutionTexture 1 307 24 0.842000 0.462000  0.000234 0.000218 0.000602 0.001134 0.000633 0.000336 
3032448 convolutionTexture 1 307 24 0.842000 0.540000  0.000284 0.000217 0.000620 0.001250 0.000635 0.000336 
3032448 convolutionTexture 1 307 24 0.842000 0.462000  0.000241 0.000214 0.000600 0.001231 0.000649 0.000338 
3032512 convolutionTexture 1 307 24 0.842000 0.539000  0.025723 0.082094 0.029196 0.082351 0.000003 0.001792 
3032512 convolutionTexture 1 307 24 0.842000 0.617000  0.000231 0.000427 0.001174 0.002538 0.001081 0.000571 
3032576 convolutionTexture 1 307 24 0.842000 0.540000  0.000213 0.000195 0.000550 0.001035 0.000556 0.000303 
3032576 convolutionTexture 1 307 24 0.842000 0.462000  0.000262 0.000221 0.000611 0.001237 0.000669 0.000359 
3032576 convolutionTexture 1 307 24 0.842000 0.385000  0.000266 0.000215 0.000607 0.001226 0.000620 0.000322 
3032640 convolutionTexture 1 307 24 0.842000 0.462000  0.000490 0.000339 0.000797 0.001662 0.000887 0.000428 
3032640 convolutionTexture 1 307 24 0.842000 0.539000  0.000241 0.000192 0.000542 0.001079 0.000545 0.000293 
3032704 convolutionTexture 1 307 24 0.842000 0.463000  0.000259 0.000203 0.000562 0.001180 0.000619 0.000321 
3032704 convolutionTexture 1 307 24 0.842000 0.539000  0.000228 0.000188 0.000535 0.001034 0.000536 0.000288 
3032768 convolutionTexture 1 307 24 0.842000 0.463000  0.000312 0.000219 0.000581 0.001230 0.000626 0.000320 
3032768 convolutionTexture 1 307 24 0.842000 0.540000  0.000209 0.000199 0.000539 0.001040 0.000567 0.000365 
3032832 convolutionTexture 1 307 24 0.842000 0.463000  0.000193 0.000178 0.000500 0.000955 0.000509 0.000276 
3032832 convolutionTexture 1 307 24 0.842000 0.462000  0.000249 0.000202 0.000557 0.001191 0.000619 0.000311 
3032832 convolutionTexture 1 307 24 0.842000 0.539000  0.000189 0.000176 0.000491 0.000929 0.000503 0.000272 
3032896 convolutionTexture 1 307 24 0.842000 0.462000  1.634271 1.114401 2.124011 1.634611 0.746250 0.222166 
3032896 convolutionTexture 1 307 24 0.842000 0.539000  0.000191 0.000174 0.000488 0.000920 0.000498 0.000269 
3032960 convolutionTexture 1 307 24 0.842000 0.539000  0.000201 0.000183 0.000504 0.000986 0.000551 0.000288 
3032960 convolutionTexture 1 307 24 0.842000 0.539000  1.627598 1.105068 2.106273 1.627672 0.741367 0.220962 
3033024 convolutionTexture 1 307 24 0.842000 0.540000  0.000094 0.000071 0.000193 0.000388 0.000218 0.000110 
3033024 convolutionTexture 1 307 24 0.842000 0.539000  0.104866 0.028385 0.058166 0.105013 0.033702 0.014012 
3033088 convolutionTexture 1 307 24 0.842000 0.539000  0.000593 0.000277 0.000854 0.001788 0.000902 0.000427 
3033088 convolutionTexture 1 307 24 0.842000 0.385000  0.000070 0.000064 0.000178 0.000339 0.000182 0.000099 
3033152 convolutionTexture 1 307 24 0.842000 0.540000  0.000199 0.000177 0.000486 0.000995 0.000526 0.000276 
3033152 convolutionTexture 1 307 24 0.842000 0.617000  0.000188 0.000176 0.000483 0.001022 0.000512 0.000265 
3033152 convolutionTexture 1 307 24 0.842000 0.616000  0.000197 0.000176 0.000479 0.000946 0.000515 0.000275 
3033216 convolutionTexture 1 307 24 0.842000 0.616000  0.000207 0.000177 0.000509 0.001063 0.000519 0.000270 
3033216 convolutionTexture 1 307 24 0.842000 0.617000  0.000199 0.000172 0.000469 0.000914 0.000500 0.000261 
3033280 convolutionTexture 1 307 24 0.842000 0.694000  0.000173 0.000158 0.000478 0.000964 0.000479 0.000256 
3033280 convolutionTexture 1 307 24 0.842000 0.616000  0.000234 0.000185 0.000487 0.001031 0.000539 0.000277 
3033344 convolutionTexture 1 307 24 0.842000 0.462000  0.000190 0.000167 0.000498 0.001104 0.000562 0.000278 
3033344 convolutionTexture 1 307 24 0.842000 0.462000  0.000182 0.000156 0.000433 0.000828 0.000442 0.000240 
3033344 convolutionTexture 1 307 24 0.842000 0.540000  0.000184 0.000162 0.000448 0.000877 0.000473 0.000250 
3033408 convolutionTexture 1 307 24 0.842000 0.462000  0.000171 0.000153 0.000428 0.000802 0.000437 0.000236 
3033408 convolutionTexture 1 307 24 0.842000 0.616000  0.000161 0.000151 0.000424 0.000795 0.000433 0.000238 
3033472 convolutionTexture 1 307 24 0.842000 0.463000  0.000173 0.000160 0.000438 0.000824 0.000459 0.000245 
3033472 convolutionTexture 1 307 24 0.842000 0.540000  0.000169 0.000184 0.000472 0.000988 0.000483 0.000247 
3033536 convolutionTexture 1 307 24 0.842000 0.462000  0.000213 0.000191 0.000493 0.001077 0.000514 0.000264 
3033536 convolutionTexture 1 307 24 0.842000 0.385000  0.000165 0.000147 0.000412 0.000781 0.000423 0.000228 
3033536 convolutionTexture 1 307 24 0.842000 0.539000  0.000172 0.000155 0.000564 0.001294 0.000708 0.000345 
3033600 convolutionTexture 1 307 24 0.842000 0.385000  0.000028 0.000200 0.000116 0.000379 0.000000 0.000019 
3033600 convolutionTexture 1 307 24 0.842000 0.539000  0.000169 0.000224 0.000536 0.001129 0.000631 0.000343 
3033664 convolutionTexture 1 307 24 0.842000 0.463000  0.000155 0.000142 0.000397 0.000746 0.000402 0.000219 
3033664 convolutionTexture 1 307 24 0.842000 0.462000  0.000165 0.000149 0.000410 0.000795 0.000429 0.000229 
3033728 convolutionTexture 1 307 24 0.842000 0.463000  0.000174 0.000159 0.000432 0.000898 0.000477 0.000252 
3033728 convolutionTexture 1 307 24 0.842000 0.539000  0.000161 0.000147 0.000406 0.000779 0.000423 0.000226 
3033728 convolutionTexture 1 307 24 0.842000 0.463000  0.000178 0.000151 0.000405 0.000777 0.000412 0.000219 
3033792 convolutionTexture 1 307 24 0.842000 0.616000  0.000225 0.000146 0.000397 0.000799 0.000407 0.000218 
3033792 convolutionTexture 1 307 24 0.842000 0.463000  0.000196 0.000152 0.000420 0.000854 0.000451 0.000240 
3033856 convolutionTexture 1 307 24 0.842000 0.539000  0.000145 0.000134 0.000373 0.000704 0.000380 0.000207 
3033856 convolutionTexture 1 307 24 0.842000 0.539000  0.000156 0.000144 0.000435 0.000931 0.000487 0.000252 
3033920 convolutionTexture 1 307 24 0.842000 0.462000  0.000146 0.000132 0.000369 0.000774 0.000400 0.000212 
3033920 convolutionTexture 1 307 24 0.842000 0.540000  0.000186 0.000148 0.000410 0.000877 0.000446 0.000230 
3033920 convolutionTexture 1 307 24 0.842000 0.462000  0.000143 0.000131 0.000365 0.000680 0.000374 0.000203 
3033984 convolutionTexture 1 307 24 0.842000 0.540000  0.000171 0.000134 0.000402 0.000829 0.000410 0.000216 
3033984 convolutionTexture 1 307 24 0.842000 0.463000  0.000177 0.000140 0.000498 0.001121 0.000549 0.000295 
3034048 convolutionTexture 1 307 24 0.842000 0.385000  0.000138 0.000128 0.000358 0.000674 0.000361 0.000198 
3034048 convolutionTexture 1 307 24 0.842000 0.539000  0.000162 0.000139 0.000382 0.000800 0.000421 0.000218 
3034112 convolutionTexture 1 307 24 0.842000 0.462000  0.000241 0.000160 0.000415 0.000865 0.000411 0.000211 
3034112 convolutionTexture 1 307 24 0.842000 0.539000  0.000183 0.000143 0.000394 0.000851 0.000437 0.000224 
3034112 convolutionTexture 1 307 24 0.842000 0.539000  0.000134 0.000125 0.000351 0.000652 0.000354 0.000193 
3034176 convolutionTexture 1 307 24 0.842000 0.540000  0.000349 0.000194 0.000573 0.001122 0.000609 0.000298 
3034176 convolutionTexture 1 307 24 0.842000 0.539000  0.198000 0.061679 0.129489 0.198132 0.070130 0.029360 
3034240 convolutionTexture 1 307 24 0.842000 0.539000  0.000169 0.000138 0.000399 0.000882 0.000434 0.000218 
3034240 convolutionTexture 1 307 24 0.842000 0.385000  0.000136 0.000123 0.000344 0.000642 0.000352 0.000195 
3034304 convolutionTexture 1 307 24 0.842000 0.462000  0.000164 0.000133 0.000368 0.000794 0.000419 0.000213 
3034304 convolutionTexture 1 307 24 0.842000 0.462000  0.000128 0.000120 0.000338 0.000631 0.000349 0.000234 
3034368 convolutionTexture 1 307 24 0.842000 0.616000  0.000140 0.000126 0.000347 0.000671 0.000370 0.000194 
3034368 convolutionTexture 1 307 24 0.842000 0.462000  0.000129 0.000118 0.000332 0.000622 0.000335 0.000183 
3034368 convolutionTexture 1 307 24 0.842000 0.463000  0.000139 0.000125 0.000343 0.000680 0.000364 0.000192 
3034432 convolutionTexture 1 307 24 0.842000 0.462000  0.000127 0.000117 0.000329 0.000616 0.000336 0.000182 
3034432 convolutionTexture 1 307 24 0.842000 0.540000  0.000146 0.000123 0.000346 0.000695 0.000358 0.000189 
3034496 convolutionTexture 1 307 24 0.842000 0.462000  0.000134 0.000122 0.000337 0.000642 0.000354 0.000188 
3034496 convolutionTexture 1 307 24 0.842000 0.540000  0.000127 0.000122 0.000370 0.000870 0.000376 0.000194 
3034560 convolutionTexture 1 307 24 0.842000 0.539000  0.000158 0.000126 0.000343 0.000698 0.000362 0.000191 
3034560 convolutionTexture 1 307 24 0.842000 0.385000  0.000123 0.000114 0.000318 0.000601 0.000327 0.000176 
3034560 convolutionTexture 1 307 24 0.842000 0.539000  0.000431 0.000190 0.000545 0.836179 0.294079 0.123159 
3034624 convolutionTexture 1 307 24 0.842000 0.539000  0.000033 0.000029 0.000084 0.000165 0.000105 0.000052 
3034624 convolutionTexture 1 307 24 0.842000 0.462000  0.000127 0.000117 0.000323 0.000716 0.000372 0.000189 
3034688 convolutionTexture 1 307 24 0.842000 0.462000  0.116269 0.198086 0.084687 0.198238 0.000003 0.001222 
3034688 convolutionTexture 1 307 24 0.842000 0.462000  0.000157 0.000127 0.000343 0.000702 0.000375 0.000191 
3034752 convolutionTexture 1 307 24 0.842000 0.540000  0.000137 0.000119 0.000325 0.000750 0.000358 0.000184 
3034752 convolutionTexture 1 307 24 0.842000 0.462000  0.000132 0.000123 0.000336 0.000706 0.000363 0.000187 
3034816 convolutionTexture 1 307 24 0.842000 0.540000  0.000133 0.000116 0.000326 0.000655 0.000329 0.000174 
3034816 convolutionTexture 1 307 24 0.842000 0.540000  0.000154 0.000124 0.000334 0.000750 0.000385 0.000192 
3034880 convolutionTexture 1 307 24 0.842000 0.540000  0.000118 0.000110 0.000311 0.000637 0.000322 0.000173 
3034880 convolutionTexture 1 307 24 0.842000 0.463000  0.000125 0.000112 0.000310 0.000589 0.000323 0.000199 
3034880 convolutionTexture 1 307 24 0.842000 0.539000  0.000131 0.000112 0.000313 0.000628 0.000323 0.000173 
3034944 convolutionTexture 1 307 24 0.842000 0.462000  0.000150 0.000121 0.000324 0.000667 0.000351 0.000182 
3034944 convolutionTexture 1 307 24 0.842000 0.539000  0.000133 0.000110 0.000315 0.000615 0.000321 0.000169 
3035008 convolutionTexture 1 307 24 0.842000 0.540000  0.000144 0.000119 0.000325 0.000678 0.000357 0.000184 
3035008 convolutionTexture 1 307 24 0.842000 0.540000  0.000111 0.000110 0.000301 0.000610 0.000312 0.000168 
3035072 convolutionTexture 1 307 24 0.842000 0.462000  0.000149 0.000120 0.000329 0.000684 0.000357 0.000181 
3035072 convolutionTexture 1 307 24 0.842000 0.540000  0.000128 0.000108 0.000304 0.000610 0.000316 0.000167 
3035072 convolutionTexture 1 307 24 0.842000 0.462000  0.000133 0.000115 0.000315 0.000643 0.000338 0.000177 
3035136 convolutionTexture 1 307 24 0.842000 0.462000  0.000141 0.000107 0.000307 0.000602 0.000304 0.000164 
3035136 convolutionTexture 1 307 24 0.842000 0.462000  0.000118 0.000107 0.000379 0.000743 0.000375 0.000215 
3035200 convolutionTexture 1 307 24 0.842000 0.616000  0.011435 0.005491 0.012078 0.011901 0.005748 0.002875 
3035200 convolutionTexture 1 307 24 0.842000 0.462000  0.000114 0.000105 0.000374 0.000749 0.000379 0.000218 
3035264 convolutionTexture 1 307 24 0.842000 0.616000  0.000125 0.000122 0.000316 0.000632 0.000321 0.000167 
3035264 convolutionTexture 1 307 24 0.842000 0.539000  0.000112 0.000103 0.000285 0.000544 0.000298 0.000159 
3035264 convolutionTexture 1 307 24 0.842000 0.617000  0.000126 0.000103 0.000283 0.000565 0.000294 0.000155 
3035328 convolutionTexture 1 307 24 0.842000 0.462000  0.000130 0.000118 0.000309 0.000684 0.000343 0.000173 
3035328 convolutionTexture 1 307 24 0.842000 0.385000  0.000122 0.000108 0.000297 0.000624 0.000310 0.000163 
3035392 convolutionTexture 1 307 24 0.842000 0.539000  0.000135 0.000108 0.000294 0.000603 0.000325 0.000167 
3035392 convolutionTexture 1 307 24 0.842000 0.463000  0.000119 0.000231 0.000493 0.001301 0.000483 0.000217 
3035456 convolutionTexture 1 307 24 0.842000 0.539000  0.000110 0.000103 0.000288 0.000580 0.000298 0.000154 
3035456 convolutionTexture 1 307 24 0.842000 0.540000  0.368298 0.194451 0.381787 0.368614 0.153113 0.053485 
3035520 convolutionTexture 1 307 24 0.842000 0.539000  0.000102 0.000094 0.000264 0.000492 0.000270 0.000146 
3035520 convolutionTexture 1 307 24 0.842000 0.462000  0.000118 0.000097 0.000274 0.000542 0.000276 0.000148 
3035584 convolutionTexture 1 307 24 0.842000 0.463000  0.000108 0.000099 0.000353 0.000683 0.000403 0.000199 
3035584 convolutionTexture 1 307 24 0.842000 0.539000  0.000115 0.000099 0.000271 0.000547 0.000276 0.000147 
3035648 convolutionTexture 1 307 24 0.842000 0.616000  0.000131 0.000104 0.000284 0.000598 0.000320 0.000164 
3035648 convolutionTexture 1 307 24 0.842000 0.616000  0.000128 0.000097 0.000278 0.000562 0.000285 0.000151 
3035648 convolutionTexture 1 307 24 0.842000 0.462000  0.000104 0.000141 0.000344 0.000684 0.000476 0.000242 
3035712 convolutionTexture 1 307 24 0.842000 0.616000  0.000132 0.000096 0.000275 0.000546 0.000283 0.000149 
3035712 convolutionTexture 1 307 24 0.842000 0.539000  0.000108 0.000099 0.000269 0.000536 0.000287 0.000150 
3035776 convolutionTexture 1 307 24 0.842000 0.385000  0.000096 0.000090 0.000252 0.000479 0.000258 0.000139 
3035776 convolutionTexture 1 307 24 0.842000 0.539000  0.000106 0.000091 0.000254 0.000487 0.000263 0.000144 
3035840 convolutionTexture 1 307 24 0.842000 0.463000  0.000102 0.000138 0.000336 0.000665 0.001315 0.000605 
3035840 convolutionTexture 1 307 24 0.842000 0.539000  0.000113 0.000094 0.000264 0.000532 0.000273 0.000145 
3035840 convolutionTexture 1 307 24 0.842000 0.617000  0.000122 0.000100 0.000277 0.000586 0.000307 0.000156 
3035904 convolutionTexture 1 307 24 0.842000 0.385000  0.000188 0.000101 0.000278 0.000594 0.000290 0.000149 
3035904 convolutionTexture 1 307 24 0.842000 0.539000  0.000107 0.000096 0.000264 0.000556 0.000289 0.000149 
3035968 convolutionTexture 1 307 24 0.842000 0.385000  0.000095 0.000087 0.000245 0.000462 0.000249 0.000135 
3035968 convolutionTexture 1 307 24 0.842000 0.617000  0.000124 0.000098 0.000271 0.000588 0.000298 0.000153 
3035968 convolutionTexture 1 307 24 0.842000 0.462000  0.000096 0.000087 0.000243 0.000461 0.000248 0.000135 
3036032 convolutionTexture 1 307 24 0.842000 0.539000  0.000099 0.000091 0.000252 0.000487 0.000265 0.000140 
3036032 convolutionTexture 1 307 24 0.842000 0.539000  0.000094 0.000086 0.000242 0.000453 0.000245 0.000133 
3036096 convolutionTexture 1 307 24 0.842000 0.540000  0.000109 0.000091 0.000256 0.000522 0.000267 0.000141 
3036096 convolutionTexture 1 307 24 0.842000 0.462000  0.000099 0.000132 0.000322 0.000647 0.000375 0.000182 
3036160 convolutionTexture 1 307 24 0.842000 0.617000  0.000130 0.000093 0.000258 0.000518 0.000262 0.000138 
3036160 convolutionTexture 1 307 24 0.842000 0.462000  0.000110 0.000092 0.000259 0.000552 0.000288 0.000148 
