#Timestamp	Benchmark	Run(#)	CPU Frequency (MHz)	CPU Temperature(C)	CPU Voltage(V)	CPU Power(W)	CPU_CYCLES	L1_DATA_CACHE_ACCESS	INSTRUCTIONS_RETIRED	BUS_CYCLES	L1I_CACHE_ACCESS	PREDICTABLE_BRANCH_SPECULATIVELY_EXECUTED
5637952 nbody 1 1132 26 1.072000 0.847000  0.000022 0.000016 0.000044 0.000094 0.000046 0.000025 
5637952 nbody 1 1132 26 1.072000 1.387000  0.000005 0.000004 0.000012 0.000025 0.000015 0.000007 
5638016 nbody 1 1132 25 1.072000 1.233000  0.000020 0.000016 0.000045 0.000101 0.000046 0.000025 
5638016 nbody 1 1132 25 1.072000 1.311000  0.000022 0.000017 0.000059 0.000133 0.000069 0.000034 
5638080 nbody 1 1132 25 1.072000 1.387000  0.000021 0.000017 0.000047 0.000108 0.000051 0.000026 
5638080 nbody 1 1132 26 1.072000 1.618000  0.000030 0.000019 0.000052 0.000142 0.000056 0.000029 
5638080 nbody 1 1132 26 1.072000 1.619000  0.000026 0.000017 0.000046 0.000110 0.000049 0.000026 
5638144 nbody 1 1132 27 1.072000 1.306000  0.000018 0.000016 0.000044 0.000095 0.000045 0.000024 
5638144 nbody 1 1132 27 1.072000 0.845000  0.000020 0.000017 0.000048 0.000112 0.000052 0.000027 
5638144 nbody 1 1132 28 1.072000 0.768000  0.000017 0.000016 0.000044 0.000089 0.000045 0.000024 
5638208 nbody 1 1132 28 1.072000 0.691000  0.000019 0.000019 0.000050 0.000134 0.000056 0.000028 
5638208 nbody 1 1132 28 1.072000 0.691000  0.000035 0.000018 0.000052 0.000118 0.000050 0.000026 
5638272 nbody 1 1132 29 1.072000 0.768000  0.000021 0.000017 0.000067 0.000174 0.000070 0.000034 
5638272 nbody 1 1132 29 1.072000 0.691000  0.000017 0.000018 0.000047 0.000116 0.000050 0.000026 
5638272 nbody 1 1132 30 1.072000 1.154000  0.000023 0.000020 0.000051 0.000120 0.000057 0.000029 
5638336 nbody 1 1132 30 1.072000 1.382000  -0.489005 -0.832553 -0.110743 -0.488976 -0.126270 0.517506 
5638336 nbody 1 1132 30 1.072000 1.000000  0.000022 0.000019 0.000051 0.000134 0.000057 0.000030 
5638336 nbody 1 1132 30 1.072000 1.152000  0.000021 0.000019 0.000051 0.000135 0.000058 0.000029 
5638400 nbody 1 1132 30 1.072000 1.076000  0.000022 0.000017 0.000050 0.000117 0.000056 0.000034 
5638400 nbody 1 1132 30 1.072000 1.306000  0.000018 0.000018 0.000049 0.000104 0.000052 0.000027 
5638400 nbody 1 1132 30 1.072000 0.691000  0.000022 0.000018 0.000055 0.000153 0.000061 0.000030 
5638464 nbody 1 1132 30 1.072000 1.382000  0.000019 0.000019 0.000050 0.000130 0.000054 0.000028 
5638464 nbody 1 1132 30 1.072000 0.614000  0.000017 0.000015 0.000045 0.000098 0.000046 0.000025 
5638528 nbody 1 1132 30 1.072000 0.845000  0.000019 0.000018 0.000050 0.000134 0.000057 0.000029 
5638528 nbody 1 1132 30 1.072000 0.845000  0.000017 0.000015 0.000045 0.000098 0.000045 0.000025 
5638528 nbody 1 1132 31 1.072000 0.768000  0.000021 0.000019 0.000050 0.000138 0.000056 0.000029 
5638592 nbody 1 1132 31 1.072000 0.691000  0.000032 0.000017 0.000045 0.000366 0.000120 0.000053 
5638592 nbody 1 1132 31 1.072000 0.999000  0.000018 0.000016 0.000047 0.000107 0.000052 0.000027 
5638592 nbody 1 1132 31 1.072000 0.768000  0.000017 0.000015 0.000046 0.000098 0.000048 0.000025 
5638656 nbody 1 1132 31 1.072000 0.922000  0.000037 0.000019 0.000054 0.000133 0.000059 0.000029 
5638656 nbody 1 1132 31 1.072000 1.229000  0.000035 0.000018 0.000053 0.000137 0.000053 0.000028 
5638656 nbody 1 1132 31 1.072000 0.691000  0.000036 0.000019 0.000053 0.000131 0.000056 0.000029 
5638720 nbody 1 1132 31 1.072000 1.306000  0.000018 0.000018 0.000048 0.000104 0.000052 0.000029 
5638720 nbody 1 1132 31 1.072000 0.691000  0.000016 0.000015 0.000045 0.000095 0.000045 0.000025 
5638784 nbody 1 1132 31 1.072000 0.768000  0.000032 0.000017 0.000046 0.000112 0.000050 0.000026 
5638784 nbody 1 1132 31 1.072000 0.921000  0.000017 0.000015 0.000044 0.000098 0.000046 0.000024 
5638784 nbody 1 1132 31 1.072000 0.921000  0.000021 0.000019 0.000050 0.000133 0.000055 0.000028 
5638848 nbody 1 1132 31 1.072000 0.845000  0.000033 0.000017 0.000045 0.000113 0.000047 0.000025 
5638848 nbody 1 1132 31 1.072000 1.076000  0.000020 0.000018 0.000049 0.000125 0.000053 0.000027 
5638848 nbody 1 1132 31 1.072000 0.768000  0.000016 0.000015 0.000041 0.000079 0.000042 0.000024 
5638912 nbody 1 1132 31 1.072000 1.076000  0.000037 0.000019 0.000053 0.000130 0.000054 0.000028 
5638912 nbody 1 1132 31 1.072000 0.691000  0.000017 0.000017 0.000045 0.000109 0.000047 0.000025 
5638976 nbody 1 1132 31 1.072000 1.153000  0.000021 0.000018 0.000048 0.000116 0.000053 0.000027 
5638976 nbody 1 1132 31 1.072000 0.845000  0.000030 0.000016 0.000044 0.000092 0.000129 0.000056 
5638976 nbody 1 1132 32 1.072000 0.998000  0.000034 0.000018 0.000047 0.000124 0.000053 0.000028 
5639040 nbody 1 1132 32 1.072000 0.768000  0.000017 0.000017 0.000045 0.000096 0.000131 0.000057 
5639040 nbody 1 1132 32 1.072000 0.998000  0.000017 0.000024 0.000057 0.000158 0.000065 0.000035 
5639040 nbody 1 1132 32 1.072000 1.306000  0.000033 0.000016 0.000044 0.000115 0.000047 0.000025 
5639104 nbody 1 1132 32 1.072000 0.768000  0.000035 0.000018 0.000053 0.000129 0.000057 0.000028 
5639104 nbody 1 1132 32 1.072000 0.768000  0.000019 0.000018 0.000046 0.000118 0.000050 0.000025 
5639104 nbody 1 1132 32 1.072000 0.768000  0.000035 0.000018 0.000052 0.000130 0.000056 0.000028 
5639168 nbody 1 1132 32 1.072000 0.998000  0.000018 0.000017 0.000046 0.000122 0.000051 0.000026 
5639168 nbody 1 1132 32 1.072000 0.768000  0.000034 0.000016 0.000047 0.000114 0.000046 0.000025 
5639232 nbody 1 1132 32 1.072000 0.998000  0.000036 0.000018 0.000051 0.000127 0.000055 0.000027 
5639232 nbody 1 1132 31 1.072000 0.691000  0.000016 0.000014 0.000043 0.000094 0.000045 0.000024 
5639232 nbody 1 1132 31 1.072000 0.768000  0.000011 0.000113 0.000058 0.000182 0.000000 0.000010 
5639296 nbody 1 1132 32 1.072000 0.692000  0.000016 0.000014 0.000040 0.000540 0.000152 0.000061 
5639296 nbody 1 1132 32 1.072000 1.075000  0.000021 0.000018 0.000047 0.000126 0.000052 0.000027 
5639296 nbody 1 1132 32 1.072000 0.691000  0.000015 0.000016 0.000043 0.000091 0.000043 0.000028 
5639360 nbody 1 1132 32 1.072000 0.691000  0.000034 0.000018 0.000047 0.000122 0.000051 0.000027 
5639360 nbody 1 1132 32 1.072000 0.691000  0.000018 0.000015 0.000083 0.000224 0.000075 0.000036 
5639424 nbody 1 1132 32 1.072000 0.768000  0.000019 0.000018 0.000047 0.000144 0.000054 0.000027 
5639424 nbody 1 1132 32 1.072000 0.922000  0.000017 0.000015 0.000041 0.000090 0.000045 0.000026 
5639424 nbody 1 1132 32 1.072000 0.768000  0.000016 0.000016 0.000043 0.000091 0.000045 0.000024 
5639488 nbody 1 1132 32 1.072000 0.768000  0.000022 0.000018 0.000046 0.000109 0.000052 0.000026 
5639488 nbody 1 1132 32 1.072000 0.614000  0.000016 0.000014 0.000042 0.000093 0.000042 0.000023 
5639488 nbody 1 1132 32 1.072000 0.845000  0.000020 0.000017 0.000047 0.000126 0.000053 0.000027 
5639552 nbody 1 1132 32 1.072000 0.691000  0.000031 0.000016 0.000043 0.000336 0.000112 0.000049 
5639552 nbody 1 1132 32 1.072000 1.075000  0.000019 0.000017 0.000046 0.000106 0.000051 0.000026 
5639616 nbody 1 1132 33 1.072000 0.768000  0.000051 0.000026 0.000060 0.000154 0.000155 0.000070 
5639616 nbody 1 1132 33 1.072000 0.921000  0.000018 0.000017 0.000045 0.000122 0.000052 0.000027 
5639616 nbody 1 1132 32 1.072000 0.922000  0.000021 0.000017 0.000046 0.000107 0.000051 0.000025 
5639680 nbody 1 1132 32 1.072000 0.768000  0.000016 0.000014 0.000042 0.000092 0.000042 0.000023 
5639680 nbody 1 1132 32 1.072000 0.768000  0.000033 0.000017 0.000049 0.000120 0.000053 0.000032 
5639680 nbody 1 1132 32 1.072000 0.768000  0.000030 0.000015 0.000041 0.000106 0.000044 0.000023 
5639744 nbody 1 1132 32 1.072000 1.075000  0.000019 0.000016 0.000048 0.000120 0.000052 0.000026 
5639744 nbody 1 1132 32 1.072000 0.691000  0.000015 0.000014 0.000042 0.000089 0.000044 0.000023 
5639744 nbody 1 1132 32 1.072000 0.844000  0.000019 0.000017 0.000046 0.000122 0.000051 0.000025 
5639808 nbody 1 1132 32 1.072000 0.691000  0.000094 0.000023 0.000056 0.000166 0.000054 0.000026 
5639808 nbody 1 1132 32 1.072000 1.075000  0.000035 0.000017 0.000049 0.000120 0.000053 0.000027 
5639872 nbody 1 1132 33 1.072000 0.691000  0.000043 0.000023 0.000055 0.000146 0.000064 0.000086 
5639872 nbody 1 1132 32 1.072000 0.691000  0.000016 0.000014 0.000042 0.000132 0.000055 0.000028 
5639872 nbody 1 1132 32 1.072000 0.768000  0.000017 0.000016 0.000043 0.000093 0.000048 0.000024 
5639936 nbody 1 1132 32 1.072000 0.768000  0.000030 0.000016 0.000042 0.000100 0.000043 0.000023 
5639936 nbody 1 1132 32 1.072000 0.614000  0.000018 0.000017 0.000044 0.000117 0.000049 0.000025 
5639936 nbody 1 1132 32 1.072000 0.998000  0.000015 0.000015 0.000041 0.000087 0.000043 0.000022 
5640000 nbody 1 1132 32 1.072000 0.845000  0.000019 0.000017 0.000045 0.000120 0.000049 0.000026 
5640000 nbody 1 1132 32 1.072000 0.768000  0.000031 0.000015 0.000044 0.000105 0.000043 0.000023 
5640064 nbody 1 1132 32 1.072000 0.769000  0.000030 0.000016 0.000047 0.000119 0.000052 0.000025 
5640064 nbody 1 1132 32 1.072000 0.691000  0.000015 0.000013 0.000041 0.000135 0.000054 0.000027 
5640064 nbody 1 1132 32 1.072000 0.923000  0.000018 0.000016 0.000044 0.000114 0.000048 0.000024 
5640128 nbody 1 1132 32 1.072000 0.691000  0.000015 0.000015 0.000041 0.000086 0.000040 0.000026 
5640128 nbody 1 1132 32 1.072000 0.845000  0.000033 0.000027 0.000062 0.000167 0.000063 0.000031 
5640128 nbody 1 1132 32 1.072000 0.691000  0.000016 0.000014 0.000041 0.000092 0.000044 0.000023 
5640192 nbody 1 1132 32 1.072000 0.768000  0.000020 0.000015 0.000044 0.000103 0.000048 0.000024 
5640192 nbody 1 1132 32 1.072000 1.076000  0.000016 0.000014 0.000041 0.000089 0.000042 0.000023 
5640192 nbody 1 1132 32 1.072000 0.691000  0.000018 0.000017 0.000044 0.000101 0.000048 0.000024 
5640256 nbody 1 1132 32 1.072000 0.922000  0.000017 0.000016 0.000043 0.000113 0.000047 0.000024 
5640256 nbody 1 1132 32 1.072000 0.768000  0.000015 0.000015 0.000040 0.000099 0.000042 0.000022 
5640320 nbody 1 1132 32 1.072000 0.845000  0.000019 0.000015 0.000044 0.000108 0.000050 0.000025 
5640320 nbody 1 1132 32 1.072000 0.768000  0.000015 0.000013 0.000040 0.000087 0.000042 0.000022 
5640320 nbody 1 1132 32 1.072000 0.923000  0.000020 0.000015 0.000043 0.000100 0.000048 0.000024 
5640384 nbody 1 1132 33 1.072000 0.768000  0.000028 0.000015 0.000040 0.000096 0.000042 0.000022 
5640384 nbody 1 1132 33 1.072000 1.075000  0.000053 0.000017 0.000047 0.000133 0.000052 0.000025 
5640384 nbody 1 1132 32 1.072000 0.691000  0.000029 0.000015 0.000040 0.000084 0.000179 0.000102 
5640448 nbody 1 1132 33 1.072000 0.845000  0.000015 0.000013 0.000040 0.000085 0.000043 0.000034 
5640448 nbody 1 1132 33 1.072000 0.922000  0.000033 0.000016 0.000045 0.000113 0.000050 0.000025 
5640512 nbody 1 1132 33 1.072000 0.768000  0.013268 0.011536 0.035409 0.118559 0.046847 0.023824 
5640512 nbody 1 1132 33 1.072000 0.999000  0.010325 0.005366 0.015793 0.038198 0.016239 0.008615 
5640512 nbody 1 1132 32 1.072000 0.922000  0.003494 0.002995 0.009044 0.019616 0.009072 0.004787 
5640576 nbody 1 1132 32 1.072000 1.459000  0.005244 0.002796 0.007874 0.019726 0.008583 0.004242 
5640576 nbody 1 1132 32 1.072000 0.691000  0.002030 0.001784 0.005482 0.011437 0.005397 0.002964 
5640640 nbody 1 1132 33 1.072000 0.921000  0.001518 0.001458 0.005001 0.012376 0.004872 0.002776 
5640640 nbody 1 1132 33 1.072000 0.691000  0.001197 0.001059 0.013258 0.029532 0.008899 0.003827 
5640640 nbody 1 1132 33 1.072000 0.999000  0.000923 0.000850 0.002379 0.004765 0.002524 0.001321 
5640704 nbody 1 1132 33 1.072000 1.075000  0.000822 0.000732 7.596659 14.789050 4.164433 1.825980 
5640704 nbody 1 1132 33 1.072000 0.998000  0.001459 0.000770 0.002202 0.005491 0.002446 0.001213 
5640704 nbody 1 1132 33 1.072000 0.768000  0.000695 0.000620 0.001834 0.004054 0.002002 0.001017 
5640768 nbody 1 1132 33 1.072000 0.691000  0.000746 0.000695 0.001851 0.004855 0.002055 0.001058 
5640768 nbody 1 1132 33 1.072000 1.382000  0.000624 0.000530 0.001514 0.003355 0.001694 0.000884 
5640768 nbody 1 1132 33 1.072000 0.768000  0.000664 0.000595 0.001545 0.003339 0.001607 0.000829 
5640832 nbody 1 1132 32 1.072000 0.768000  0.001115 0.000568 0.001630 0.003913 0.001629 0.000860 
5640832 nbody 1 1132 32 1.072000 0.768000  0.000494 0.000439 0.001311 0.002869 0.001310 0.000724 
5640896 nbody 1 1132 33 1.072000 0.845000  0.001072 0.000580 0.001468 0.003636 0.001593 0.000795 
5640896 nbody 1 1132 32 1.072000 0.691000  0.000433 0.000395 0.001220 0.002919 0.001300 0.000671 
5640896 nbody 1 1132 32 1.072000 0.998000  0.000921 0.000478 0.001380 0.003270 0.001399 0.000733 
5640960 nbody 1 1132 32 1.072000 0.691000  0.000407 0.000363 0.001089 0.002295 0.001087 0.000578 
5640960 nbody 1 1132 32 1.072000 1.152000  0.000477 0.000380 0.001151 0.002639 0.001276 0.000641 
5640960 nbody 1 1132 32 1.072000 0.768000  0.000383 0.000595 0.001422 0.004426 0.001356 0.000658 
5641024 nbody 1 1132 32 1.072000 1.075000  0.000788 0.000396 0.001143 0.002795 0.001230 0.000604 
5641024 nbody 1 1132 33 1.072000 0.768000  0.000370 0.000359 0.000961 0.002107 0.001057 0.000540 
5641024 nbody 1 1132 32 1.072000 0.768000  0.000410 0.000381 0.000999 0.002619 0.001117 0.000556 
5641088 nbody 1 1132 32 1.072000 1.382000  0.000416 0.000358 0.000957 0.002333 0.001072 0.000536 
5641088 nbody 1 1132 33 1.072000 0.768000  0.000385 0.000358 0.000948 0.002496 0.001058 0.000555 
5641152 nbody 1 1132 33 1.072000 1.229000  0.000321 0.000322 0.000858 0.001865 0.000935 0.000480 
5641152 nbody 1 1132 33 1.072000 0.691000  0.000342 0.000327 0.000890 0.002352 0.000996 0.000521 
5641152 nbody 1 1132 33 1.072000 0.923000  0.000349 0.000307 0.000822 0.002216 0.000917 0.000464 
5641216 nbody 1 1132 33 1.072000 0.691000  0.000347 0.000289 0.000824 0.001811 0.000822 0.000435 
5641216 nbody 1 1132 33 1.072000 0.921000  0.000583 0.000290 0.000828 0.002052 0.000861 0.000451 
5641216 nbody 1 1132 33 1.072000 0.691000  0.000269 0.000237 0.000730 0.001546 0.000717 0.000400 
5641280 nbody 1 1132 33 1.072000 1.076000  0.000555 0.000284 0.000812 0.001957 0.000825 0.000429 
5641280 nbody 1 1132 33 1.072000 0.768000  0.000259 0.000225 0.000672 0.001494 0.000678 0.000359 
5641280 nbody 1 1132 32 1.072000 0.921000  0.000338 0.000282 0.000747 0.001968 0.000825 0.000410 
5641344 nbody 1 1132 32 1.072000 0.998000  0.000242 0.000214 0.000612 0.001228 0.000624 0.000337 
5641344 nbody 1 1132 32 1.072000 0.998000  0.000546 0.000269 0.000751 0.001884 0.000781 0.000403 
5641408 nbody 1 1132 33 1.072000 0.768000  0.065468 0.290986 0.077377 0.291033 0.000023 0.006325 
5641408 nbody 1 1132 33 1.072000 0.691000  0.065662 0.291631 0.077626 0.291708 0.000023 0.006344 
5641408 nbody 1 1132 33 1.072000 1.152000  0.000243 0.000239 0.000640 0.001628 0.000701 0.000359 
5641472 nbody 1 1132 33 1.072000 0.768000  0.000276 0.000248 0.000670 0.001792 0.000761 0.000395 
5641472 nbody 1 1132 33 1.072000 1.153000  0.001355 0.000470 0.001026 0.002635 0.000964 0.000463 
5641472 nbody 1 1132 33 1.072000 0.845000  0.000263 0.000237 0.000637 0.001443 0.000700 0.000356 
5641536 nbody 1 1132 33 1.072000 0.768000  0.000241 0.000238 0.000632 0.001679 0.000702 0.000362 
5641536 nbody 1 1132 33 1.072000 0.691000  0.000211 0.000186 0.000571 0.001227 0.000566 0.000368 
5641536 nbody 1 1132 33 1.072000 0.998000  0.000226 0.000217 0.000587 0.001564 0.000660 0.000344 
5641600 nbody 1 1132 33 1.072000 0.691000  0.000200 0.000178 0.000498 0.000949 0.000512 0.000286 
5641600 nbody 1 1132 33 1.072000 0.845000  0.000301 0.000200 0.000571 0.001299 0.000565 0.000312 
5641664 nbody 1 1132 33 1.072000 0.768000  0.000190 0.000171 0.000516 0.001085 0.000515 0.000283 
5641664 nbody 1 1132 33 1.072000 1.075000  0.000228 0.000211 0.000555 0.001487 0.001098 0.000501 
5641664 nbody 1 1132 33 1.072000 0.691000  0.000227 0.000201 0.000543 0.001421 0.000596 0.000294 
5641728 nbody 1 1132 33 1.072000 0.691000  0.000379 0.000207 0.000586 0.001426 0.000630 0.000312 
5641728 nbody 1 1132 33 1.072000 0.691000  0.000193 0.000167 0.000497 0.001108 0.000511 0.000277 
5641728 nbody 1 1132 33 1.072000 0.691000  0.000384 0.000197 0.000524 0.001360 0.000579 0.000300 
5641792 nbody 1 1132 33 1.072000 0.768000  0.000206 0.000185 0.000505 0.001338 0.000565 0.000293 
5641792 nbody 1 1132 33 1.072000 0.691000  0.000166 0.000151 0.000456 0.000973 0.000456 0.000250 
5641792 nbody 1 1132 33 1.072000 0.768000  0.000372 0.000185 0.000491 0.001304 0.000552 0.000284 
5641856 nbody 1 1132 33 1.072000 1.229000  0.000178 0.000146 0.000444 0.001048 0.000564 0.000278 
5641856 nbody 1 1132 33 1.072000 0.999000  0.000170 0.000171 0.000468 0.001408 0.000585 0.000284 
5641920 nbody 1 1132 33 1.072000 0.768000  0.000158 0.000141 0.000435 0.000938 0.000453 0.000238 
5641920 nbody 1 1132 33 1.072000 1.077000  0.000205 0.000179 0.000468 0.001220 0.000523 0.000258 
5641920 nbody 1 1132 33 1.072000 0.768000  0.000337 0.000166 0.000480 0.001175 0.000501 0.000257 
5641984 nbody 1 1132 33 1.072000 0.691000  0.000187 0.000168 0.000448 0.001033 0.000501 0.000247 
5641984 nbody 1 1132 33 1.072000 1.229000  0.000193 0.000149 0.000448 0.001067 0.000488 0.000246 
5641984 nbody 1 1132 33 1.072000 0.768000  0.000180 0.000162 0.000434 0.000976 0.000477 0.000240 
5642048 nbody 1 1132 33 1.072000 0.846000  0.000186 0.000162 0.000435 0.001130 0.000477 0.000240 
5642048 nbody 1 1132 33 1.072000 0.768000  0.000660 0.000259 0.000574 0.001341 0.000553 0.000268 
5642048 nbody 1 1132 33 1.072000 0.921000  0.000299 0.000158 0.000444 0.001085 0.000462 0.000241 
5642112 nbody 1 1132 33 1.072000 0.768000  0.000276 0.000144 0.000418 0.000951 0.000402 0.000219 
5642112 nbody 1 1132 33 1.072000 0.923000  0.000290 0.000153 0.000441 0.001083 0.000484 0.000240 
5642112 nbody 1 1132 33 1.072000 1.152000  0.000137 0.000121 0.000338 0.000648 0.000345 0.000186 
5642176 nbody 1 1132 33 1.072000 1.075000  0.000277 0.000145 0.000390 0.001018 0.000429 0.000224 
5642176 nbody 1 1132 33 1.072000 0.691000  0.000129 0.000117 0.000362 0.000755 0.000356 0.000195 
5642240 nbody 1 1132 33 1.072000 0.844000  0.000160 0.000129 0.000382 0.000875 0.000418 0.000212 
5642240 nbody 1 1132 33 1.072000 0.691000  0.000303 0.000149 0.000390 0.001029 0.000437 0.000221 
5642240 nbody 1 1132 33 1.072000 0.691000  0.000152 0.000146 0.000384 0.001034 0.000417 0.000217 
5642304 nbody 1 1132 33 1.072000 0.922000  0.000292 0.000140 0.000396 0.001006 0.000432 0.000214 
5642304 nbody 1 1132 33 1.072000 0.691000  0.000142 0.000140 0.000403 0.001152 0.000445 0.000217 
5642304 nbody 1 1132 33 1.072000 0.921000  0.000154 0.000139 0.000372 0.000985 0.000410 0.000206 
5642368 nbody 1 1132 33 1.072000 0.691000  0.000119 0.000120 0.000324 0.000691 0.000343 0.000178 
5642368 nbody 1 1132 33 1.072000 0.922000  0.000136 0.000128 0.000351 0.000961 0.000388 0.000193 
5642368 nbody 1 1132 33 1.072000 0.691000  0.000119 0.000105 0.000316 0.000694 0.000331 0.000172 
5642432 nbody 1 1132 33 1.072000 0.921000  0.000232 0.000125 0.000360 0.000916 0.000400 0.000198 
5642432 nbody 1 1132 33 1.072000 0.691000  0.000115 0.000103 0.000415 0.001194 0.000386 0.000198 
5642496 nbody 1 1132 33 1.072000 1.075000  0.000240 0.000127 0.000336 0.000877 0.000364 0.000192 
5642496 nbody 1 1132 33 1.072000 0.691000  0.000694 0.000171 0.000408 0.001230 0.000393 0.000193 
5642496 nbody 1 1132 33 1.072000 1.382000  0.000147 0.000111 0.000307 0.000678 0.000335 0.000169 
5642560 nbody 1 1132 33 1.072000 0.691000  0.000127 0.000110 0.000304 0.000688 0.000342 0.000175 
5642560 nbody 1 1132 33 1.072000 0.614000  0.000145 0.000112 0.000307 0.000704 0.000337 0.000181 
5642560 nbody 1 1132 33 1.072000 0.614000  0.000115 0.000102 0.000288 0.000596 0.000302 0.000160 
5642624 nbody 1 1132 33 1.072000 0.691000  0.000143 0.000105 0.000372 0.000824 0.000370 0.000210 
5642624 nbody 1 1132 33 1.072000 1.382000  0.000115 0.000101 0.000277 0.000545 0.000295 0.000155 
5642624 nbody 1 1132 33 1.072000 0.691000  0.000161 0.000109 0.000292 0.000639 0.000302 0.000156 
5642688 nbody 1 1132 33 1.072000 0.768000  0.000135 0.000104 0.000291 0.000650 0.000318 0.000164 
5642688 nbody 1 1132 33 1.072000 0.768000  0.000107 0.000094 0.000266 0.000541 0.000272 0.000146 
5642752 nbody 1 1132 33 1.072000 0.923000  0.000110 0.000098 0.000353 0.000765 0.000355 0.000200 
5642752 nbody 1 1132 33 1.072000 0.768000  0.000106 0.000092 0.000257 0.000491 0.000265 0.000143 
5642752 nbody 1 1132 33 1.072000 0.768000  0.000104 0.000099 0.000271 0.000538 0.000281 0.000150 
5642816 nbody 1 1132 33 1.072000 0.845000  0.000103 0.000091 0.000254 0.000521 0.000265 0.000142 
5642816 nbody 1 1132 33 1.072000 1.306000  0.000161 0.000106 0.000288 0.000646 0.000309 0.000160 
5642816 nbody 1 1132 33 1.072000 0.691000  0.000099 0.000092 0.000256 0.000518 0.000263 0.000141 
5642880 nbody 1 1132 33 1.072000 0.691000  0.000128 0.000097 0.000275 0.000635 0.000301 0.000156 
5642880 nbody 1 1132 33 1.072000 0.691000  0.000129 0.000094 0.000258 0.000548 0.000268 0.000140 
5642880 nbody 1 1132 33 1.072000 0.768000  0.000110 0.000102 0.000280 0.000641 0.000303 0.000153 
5642944 nbody 1 1132 33 1.072000 1.229000  0.000101 0.000095 0.000260 0.000528 0.000278 0.000145 
5642944 nbody 1 1132 33 1.072000 0.691000  0.000131 0.000095 0.000337 0.000722 0.000388 0.000189 
5642944 nbody 1 1132 33 1.072000 1.077000  0.000134 0.000094 0.000255 0.000536 0.000273 0.000142 
5643008 nbody 1 1132 33 1.072000 0.691000  0.000126 0.000098 0.000271 0.000602 0.000299 0.000150 
5643008 nbody 1 1132 33 1.072000 0.999000  0.000133 0.000093 0.000253 0.000544 0.000269 0.000141 
5643072 nbody 1 1132 33 1.072000 0.614000  0.000095 0.000088 0.000242 0.000482 0.000253 0.000134 
5643072 nbody 1 1132 33 1.072000 0.999000  0.000099 0.000091 0.000248 0.000500 0.000266 0.000138 
5643072 nbody 1 1132 33 1.072000 0.691000  0.000092 0.000083 0.000237 0.000468 0.000242 0.000131 
5643136 nbody 1 1132 34 1.072000 0.845000  0.000097 0.000089 0.000243 0.000489 0.000259 0.000135 
5643136 nbody 1 1132 33 1.072000 0.691000  0.000092 0.000084 0.000233 0.000462 0.000242 0.000129 
5643136 nbody 1 1132 33 1.072000 0.922000  0.000100 0.000085 0.000238 0.000514 0.000258 0.000135 
5643200 nbody 1 1132 33 1.072000 0.768000  0.000111 0.000082 0.000228 0.000454 0.000232 0.000125 
5643200 nbody 1 1132 33 1.072000 0.692000  0.000096 0.000087 0.000236 0.000479 0.000252 0.000131 
5643200 nbody 1 1132 33 1.072000 0.768000  0.000115 0.000082 0.000225 0.000446 0.000232 0.000124 
5643264 nbody 1 1132 33 1.072000 0.768000  0.000110 0.000090 0.000248 0.000567 0.000269 0.000133 
5643264 nbody 1 1132 33 1.072000 0.614000  0.000090 0.000077 0.000216 0.000413 0.000229 0.000125 
5643328 nbody 1 1132 33 1.072000 1.152000  0.000103 0.000087 0.000236 0.000519 0.000264 0.000134 
5643328 nbody 1 1132 33 1.072000 0.614000  0.000086 0.000076 0.000216 0.000434 0.000223 0.000119 
5643328 nbody 1 1132 33 1.072000 0.998000  0.000085 0.000079 0.000223 0.000447 0.000236 0.000124 
5643392 nbody 1 1132 33 1.072000 0.614000  0.000085 0.000075 0.000209 0.000400 0.000218 0.000116 
5643392 nbody 1 1132 33 1.072000 0.768000  0.000084 0.000081 0.000221 0.000443 0.000235 0.000123 
5643392 nbody 1 1132 33 1.072000 0.691000  0.000107 0.000076 0.000210 0.000422 0.000219 0.000116 
5643456 nbody 1 1132 33 1.072000 0.845000  0.000087 0.000079 0.000216 0.000436 0.000231 0.000121 
5643456 nbody 1 1132 33 1.072000 0.847000  0.000025 0.000019 0.000055 0.000121 0.000069 0.000034 
