#Timestamp	Benchmark	Run(#)	CPU Frequency (MHz)	CPU Temperature(C)	CPU Voltage(V)	CPU Power(W)	CPU_CYCLES	L1_DATA_CACHE_ACCESS	INSTRUCTIONS_RETIRED	BUS_CYCLES	L1I_CACHE_ACCESS	PREDICTABLE_BRANCH_SPECULATIVELY_EXECUTED
5681472 MonteCarloMultiGPU 1 1224 26 1.072000 1.233000  0.000093 0.000078 0.000212 0.000440 0.000228 0.000119 
5681472 MonteCarloMultiGPU 1 1224 27 1.072000 1.388000  0.000092 0.000078 0.000231 0.000601 0.000252 0.000127 
5681472 MonteCarloMultiGPU 1 1224 27 1.072000 1.541000  0.000112 0.000080 0.000219 0.000493 0.000247 0.000125 
5681536 MonteCarloMultiGPU 1 1224 27 1.072000 0.925000  0.000079 0.000070 0.000197 0.000380 0.000200 0.000109 
5681536 MonteCarloMultiGPU 1 1224 27 1.072000 1.310000  0.000090 0.000087 0.000229 0.000581 0.000252 0.000125 
5681536 MonteCarloMultiGPU 1 1224 27 1.072000 0.849000  0.000087 0.000074 0.000201 0.000401 0.000214 0.000113 
5681600 MonteCarloMultiGPU 1 1224 26 1.072000 0.926000  0.000084 0.000073 0.000254 0.000501 0.000296 0.000145 
5681600 MonteCarloMultiGPU 1 1224 26 1.072000 1.773000  0.000031 0.000024 0.000068 0.000151 0.000077 0.000039 
5681664 MonteCarloMultiGPU 1 1224 26 1.072000 0.462000  0.000076 0.000066 0.000184 0.000363 0.000190 0.000102 
5681664 MonteCarloMultiGPU 1 1224 27 1.072000 1.620000  0.000078 0.000069 0.000189 0.000363 0.000200 0.000106 
5681664 MonteCarloMultiGPU 1 1224 27 1.072000 0.538000  0.000075 0.000065 0.000181 0.000349 0.000188 0.000101 
5681728 MonteCarloMultiGPU 1 1224 28 1.072000 0.538000  0.000068 0.000065 0.000181 0.000335 0.000184 0.000100 
5681728 MonteCarloMultiGPU 1 1224 28 1.072000 0.615000  0.000070 0.000064 0.000180 0.000338 0.000182 0.000100 
5681728 MonteCarloMultiGPU 1 1224 29 1.072000 0.615000  0.000067 0.000064 0.000180 0.000334 0.000184 0.000100 
5681792 MonteCarloMultiGPU 1 1224 29 1.072000 0.538000  0.000067 0.000064 0.000180 0.000330 0.000182 0.000099 
5681792 MonteCarloMultiGPU 1 1224 29 1.072000 0.538000  0.000070 0.000064 0.000179 0.000336 0.000182 0.000099 
5681792 MonteCarloMultiGPU 1 1224 29 1.072000 0.538000  0.000067 0.000064 0.000179 0.000330 0.000182 0.000099 
5681856 MonteCarloMultiGPU 1 1224 29 1.072000 0.538000  0.000069 0.000064 0.000178 0.000334 0.000180 0.000098 
5681856 MonteCarloMultiGPU 1 1224 29 1.072000 0.538000  0.000068 0.000063 0.000178 0.000331 0.000181 0.000098 
5681856 MonteCarloMultiGPU 1 1224 30 1.072000 0.615000  0.000066 0.000063 0.000177 0.000328 0.000180 0.000098 
5681920 MonteCarloMultiGPU 1 1224 30 1.072000 0.538000  0.000067 0.000063 0.000177 0.000330 0.000179 0.000098 
5681920 MonteCarloMultiGPU 1 1224 30 1.072000 0.615000  0.000067 0.000063 0.000176 0.000328 0.000180 0.000098 
5681920 MonteCarloMultiGPU 1 1224 30 1.072000 0.615000  0.000066 0.000063 0.000176 0.000323 0.000178 0.000097 
5681984 MonteCarloMultiGPU 1 1224 30 1.072000 0.538000  0.000068 0.000063 0.000176 0.000327 0.000179 0.000097 
5681984 MonteCarloMultiGPU 1 1224 30 1.072000 0.538000  0.000065 0.000062 0.000175 0.000323 0.000177 0.000097 
5681984 MonteCarloMultiGPU 1 1224 30 1.072000 0.538000  0.000065 0.000063 0.000175 0.000323 0.000178 0.000097 
5682048 MonteCarloMultiGPU 1 1224 30 1.072000 0.615000  0.000064 0.000062 0.000174 0.000321 0.000176 0.000096 
5682048 MonteCarloMultiGPU 1 1224 30 1.072000 0.615000  0.000065 0.000063 0.000174 0.000323 0.000177 0.000096 
5682112 MonteCarloMultiGPU 1 1224 30 1.072000 0.615000  0.000067 0.000062 0.000174 0.000324 0.000177 0.000096 
5682112 MonteCarloMultiGPU 1 1224 30 1.072000 0.615000  0.000060 0.000058 0.000165 0.000299 0.000164 0.000090 
5682112 MonteCarloMultiGPU 1 1224 30 1.072000 0.615000  0.000061 0.000058 0.000164 0.000300 0.000164 0.000090 
5682176 MonteCarloMultiGPU 1 1224 30 1.072000 0.615000  0.000060 0.000057 0.000173 0.000402 0.000171 0.000092 
5682176 MonteCarloMultiGPU 1 1224 30 1.072000 0.538000  0.000060 0.000057 0.000163 0.000294 0.000161 0.000089 
5693056 MonteCarloMultiGPU 1 1224 32 1.072000 1.076000  0.000071 0.000062 0.000165 0.000398 0.000184 0.000092 
5693120 MonteCarloMultiGPU 1 1224 32 1.072000 1.383000  0.000058 0.000051 0.000143 0.000271 0.000146 0.000079 
5693120 MonteCarloMultiGPU 1 1224 33 1.072000 0.768000  0.000054 0.000050 0.000142 0.000265 0.000144 0.000078 
5693120 MonteCarloMultiGPU 1 1224 33 1.072000 0.768000  0.000055 0.000050 0.000141 0.000266 0.000144 0.000078 
5693184 MonteCarloMultiGPU 1 1224 33 1.072000 0.845000  0.000053 0.000050 0.000140 0.000260 0.000143 0.000077 
5693184 MonteCarloMultiGPU 1 1224 33 1.072000 0.768000  0.000052 0.000049 0.000139 0.000257 0.000141 0.000077 
5693184 MonteCarloMultiGPU 1 1224 33 1.072000 0.768000  0.000053 0.000049 0.000138 0.000258 0.000141 0.000077 
5693248 MonteCarloMultiGPU 1 1224 33 1.072000 0.768000  0.000052 0.000049 0.000137 0.000252 0.000144 0.000077 
5693248 MonteCarloMultiGPU 1 1224 33 1.072000 0.768000  0.000054 0.000049 0.000136 0.000259 0.000139 0.000075 
5693248 MonteCarloMultiGPU 1 1224 33 1.072000 0.845000  0.000050 0.000048 0.000136 0.000248 0.000137 0.000075 
5693312 MonteCarloMultiGPU 1 1224 33 1.072000 0.768000  0.000052 0.000048 0.000135 0.000251 0.000139 0.000075 
5693312 MonteCarloMultiGPU 1 1224 33 1.072000 0.768000  0.000052 0.000048 0.000134 0.000249 0.000136 0.000074 
5693312 MonteCarloMultiGPU 1 1224 33 1.072000 0.845000  0.000049 0.000047 0.000133 0.000244 0.000135 0.000074 
5693376 MonteCarloMultiGPU 1 1224 33 1.072000 0.768000  0.000050 0.000047 0.000132 0.000242 0.000134 0.000073 
5693376 MonteCarloMultiGPU 1 1224 33 1.072000 0.768000  0.000052 0.000047 0.000131 0.000248 0.000134 0.000073 
5693376 MonteCarloMultiGPU 1 1224 33 1.072000 0.768000  0.000049 0.000046 0.000131 0.000241 0.000133 0.000072 
5693440 MonteCarloMultiGPU 1 1224 33 1.072000 0.845000  0.000051 0.000046 0.000138 0.000287 0.000142 0.000074 
5693440 MonteCarloMultiGPU 1 1224 33 1.072000 0.845000  0.000049 0.000046 0.000129 0.000243 0.000133 0.000072 
5693504 MonteCarloMultiGPU 1 1224 33 1.072000 0.845000  0.000048 0.000046 0.000129 0.000236 0.000130 0.000071 
5693504 MonteCarloMultiGPU 1 1224 33 1.072000 0.845000  0.000050 0.000046 0.000129 0.000242 0.000131 0.000071 
5693504 MonteCarloMultiGPU 1 1224 33 1.072000 0.845000  0.000047 0.000043 0.000122 0.000226 0.000122 0.000067 
5693568 MonteCarloMultiGPU 1 1224 33 1.072000 0.845000  0.000045 0.000043 0.000121 0.000223 0.000122 0.000067 
5693568 MonteCarloMultiGPU 1 1224 33 1.072000 0.845000  0.000044 0.000043 0.000121 0.000220 0.000121 0.000066 
5695936 MonteCarloMultiGPU 1 1224 32 1.072000 0.768000  0.000047 0.000043 0.000120 0.000222 0.000120 0.134158 
5695936 MonteCarloMultiGPU 1 1224 32 1.072000 1.156000  0.000032 0.000024 0.000070 0.000164 0.000080 0.000040 
5695936 MonteCarloMultiGPU 1 1224 31 1.072000 1.618000  0.000033 0.000023 0.000066 0.000137 0.000068 0.000037 
5696000 MonteCarloMultiGPU 1 1224 31 1.072000 1.233000  0.000031 0.000025 0.000069 0.000149 0.000075 0.000039 
5696000 MonteCarloMultiGPU 1 1224 31 1.072000 1.234000  0.000027 0.000024 0.000067 0.000154 0.000073 0.000038 
5696000 MonteCarloMultiGPU 1 1224 30 1.072000 1.002000  0.000029 0.000024 0.000066 0.000145 0.000072 0.000038 
5696064 MonteCarloMultiGPU 1 1224 30 1.072000 1.541000  0.000028 0.000024 0.000065 0.000128 0.000070 0.000037 
5696064 MonteCarloMultiGPU 1 1224 30 1.072000 1.002000  0.000025 0.000022 0.000063 0.000119 0.000064 0.000035 
5696064 MonteCarloMultiGPU 1 1224 30 1.072000 1.387000  0.000032 0.000024 0.000067 0.000144 0.000072 0.000038 
5696128 MonteCarloMultiGPU 1 1224 30 1.072000 0.925000  0.000027 0.000023 0.000065 0.000130 0.000068 0.000036 
5696128 MonteCarloMultiGPU 1 1224 30 1.072000 1.078000  0.000030 0.000025 0.000068 0.000147 0.000073 0.000038 
5696128 MonteCarloMultiGPU 1 1224 30 1.072000 1.465000  0.000028 0.000024 0.000067 0.000146 0.000075 0.000039 
5696192 MonteCarloMultiGPU 1 1224 29 1.072000 1.002000  0.000025 0.000022 0.000062 0.000120 0.000064 0.000034 
5696192 MonteCarloMultiGPU 1 1224 29 1.072000 1.157000  0.000027 0.000024 0.000065 0.000127 0.000069 0.000036 
