#Timestamp	Benchmark	Run(#)	CPU Frequency (MHz)	CPU Temperature(C)	CPU Voltage(V)	CPU Power(W)	CPU_CYCLES	L1_DATA_CACHE_ACCESS	INSTRUCTIONS_RETIRED	BUS_CYCLES	L1I_CACHE_ACCESS	PREDICTABLE_BRANCH_SPECULATIVELY_EXECUTED
6159872 radixSortThrust 1 1428 34 1.130000 1.156000  0.000031 0.000024 0.000068 0.000151 0.000080 0.000039 
6159872 radixSortThrust 1 1428 34 1.130000 1.233000  0.602008 -0.573827 -0.478112 -0.573772 0.000119 0.029329 
6159936 radixSortThrust 1 1428 32 1.130000 1.464000  0.625705 0.130456 0.273651 0.625777 0.153530 0.068338 
6159936 radixSortThrust 1 1428 32 1.130000 1.927000  0.000029 0.000023 0.000065 0.000144 0.000073 0.000038 
6159936 radixSortThrust 1 1428 31 1.130000 1.464000  0.000026 0.000044 0.000104 0.000268 0.000095 0.000047 
6160000 radixSortThrust 1 1428 31 1.130000 1.464000  0.000029 0.000023 0.000065 0.000144 0.000071 0.000037 
6160000 radixSortThrust 1 1428 31 1.130000 2.002000  0.000027 0.000023 0.000063 0.000122 0.000067 0.000035 
6160000 radixSortThrust 1 1428 30 1.130000 1.464000  0.000025 0.000022 0.000060 0.000117 0.000062 0.000033 
6160064 radixSortThrust 1 1428 30 1.130000 1.618000  0.000026 0.000023 0.000062 0.000121 0.000066 0.000035 
6160064 radixSortThrust 1 1428 30 1.130000 1.387000  0.000031 0.000023 0.000063 0.000127 0.000066 0.000035 
6160128 radixSortThrust 1 1428 30 1.130000 1.311000  0.000026 0.000023 0.000064 0.000140 0.000070 0.000036 
6160128 radixSortThrust 1 1428 30 1.130000 2.234000  0.000031 0.000023 0.000064 0.000140 0.000070 0.000036 
6160128 radixSortThrust 1 1428 30 1.130000 1.618000  0.000024 0.000021 0.000059 0.000117 0.000061 0.000033 
6160192 radixSortThrust 1 1428 30 1.130000 1.926000  0.000024 0.000022 0.000062 0.000119 0.000065 0.000034 
6160192 radixSortThrust 1 1428 29 1.130000 1.310000  0.000027 0.000022 0.000061 0.000124 0.000065 0.000034 
6160192 radixSortThrust 1 1428 29 1.130000 1.310000  0.000025 0.000022 0.000061 0.000118 0.000065 0.000034 
6160256 radixSortThrust 1 1428 30 1.130000 1.926000  0.000022 0.000018 0.000049 0.000110 0.000054 0.000028 
6160256 radixSortThrust 1 1428 30 1.130000 1.233000  0.000023 0.000021 0.000059 0.000113 0.000060 0.000032 
6160256 radixSortThrust 1 1428 30 1.130000 1.927000  0.000029 0.000023 0.000063 0.000136 0.000069 0.000036 
6160320 radixSortThrust 1 1428 30 1.130000 1.311000  0.000025 0.000022 0.000061 0.000164 0.000068 0.000035 
6160320 radixSortThrust 1 1428 29 1.130000 1.156000  0.000024 0.000022 0.000060 0.000116 0.000064 0.000034 
6160320 radixSortThrust 1 1428 29 1.130000 1.926000  0.000025 0.000022 0.000060 0.000118 0.000069 0.000035 
6160384 radixSortThrust 1 1428 29 1.130000 1.233000  0.000024 0.000021 0.000058 0.000115 0.000059 0.000032 
6160384 radixSortThrust 1 1428 29 1.130000 2.082000  0.000024 0.000022 0.000060 0.000116 0.000063 0.000033 
6160448 radixSortThrust 1 1428 29 1.130000 1.233000  0.000025 0.000022 0.000060 0.000116 0.000063 0.000033 
6160448 radixSortThrust 1 1428 29 1.130000 1.155000  0.000023 0.000022 0.000059 0.000113 0.000062 0.000033 
6160448 radixSortThrust 1 1428 29 1.130000 2.159000  0.000026 0.000021 0.000059 0.000120 0.000062 0.000033 
6160512 radixSortThrust 1 1428 29 1.130000 1.156000  0.000024 0.000020 0.000057 0.000111 0.000059 0.000031 
6160512 radixSortThrust 1 1428 29 1.130000 2.002000  0.000025 0.000021 0.000059 0.000114 0.000062 0.000033 
6160512 radixSortThrust 1 1428 29 1.130000 1.311000  0.000024 0.000020 0.000056 0.000109 0.000058 0.000031 
6160576 radixSortThrust 1 1428 29 1.130000 1.462000  0.000026 0.000022 0.000061 0.000132 0.000068 0.000035 
6160576 radixSortThrust 1 1428 29 1.130000 1.233000  0.000024 0.000021 0.000058 0.000113 0.000062 0.000033 
6160576 radixSortThrust 1 1428 29 1.130000 1.156000  0.000023 0.000021 0.000058 0.000110 0.000061 0.000033 
6160640 radixSortThrust 1 1428 29 1.130000 1.928000  0.000024 0.000021 0.000061 0.000158 0.000065 0.000033 
6160640 radixSortThrust 1 1428 29 1.130000 1.232000  0.000024 0.000020 0.000058 0.000124 0.000065 0.000034 
6160640 radixSortThrust 1 1428 29 1.130000 1.773000  0.000026 0.000022 0.000060 0.000128 0.000066 0.000034 
6160704 radixSortThrust 1 1428 29 1.130000 1.311000  0.000028 0.000021 0.000059 0.000129 0.000065 0.000033 
6160704 radixSortThrust 1 1428 29 1.130000 1.233000  0.000022 0.000020 0.000055 0.000107 0.000056 0.000031 
6160704 radixSortThrust 1 1428 29 1.130000 1.387000  0.000023 0.000022 0.000060 0.000159 0.000070 0.000035 
6160768 radixSortThrust 1 1428 28 1.130000 1.156000  0.000023 0.000021 0.000057 0.000110 0.000060 0.000032 
6160768 radixSortThrust 1 1428 28 1.130000 1.850000  0.000028 0.000022 0.000059 0.000130 0.000065 0.000034 
6160832 radixSortThrust 1 1428 29 1.130000 2.311000  0.000026 0.000021 0.000059 0.000126 0.000065 0.000034 
6160832 radixSortThrust 1 1428 29 1.130000 1.310000  0.000022 0.000019 0.000055 0.000107 0.000056 0.000030 
6160832 radixSortThrust 1 1428 28 1.130000 1.233000  0.000025 0.000021 0.000060 0.000130 0.000064 0.000033 
6160896 radixSortThrust 1 1428 28 1.130000 1.233000  0.000196 0.000126 0.000340 0.000931 0.000422 0.000189 
6160896 radixSortThrust 1 1428 29 1.130000 1.619000  0.000025 0.000020 0.000054 0.000146 0.000061 0.000032 
6160896 radixSortThrust 1 1428 29 1.130000 0.924000  0.000026 0.000020 0.000062 0.000160 0.000070 0.000035 
6160960 radixSortThrust 1 1428 29 1.130000 1.309000  0.000081 0.000028 0.000078 0.000289 0.000091 0.000044 
6160960 radixSortThrust 1 1428 29 1.130000 0.615000  0.000007 0.000005 0.000015 0.000033 0.000018 0.000009 
6161024 radixSortThrust 1 1428 29 1.130000 0.615000  0.000013 0.000005 0.000015 0.000043 0.000019 0.000009 
6161024 radixSortThrust 1 1428 29 1.130000 0.769000  0.000031 0.000007 0.000018 0.000058 0.000021 0.000010 
6161024 radixSortThrust 1 1428 29 1.130000 0.770000  0.000008 0.000005 0.000015 0.000038 0.000018 0.000009 
6161088 radixSortThrust 1 1428 30 1.130000 1.078000  0.000007 0.000005 0.000014 0.000036 0.000018 0.000009 
6161088 radixSortThrust 1 1428 30 1.130000 1.925000  0.000007 0.000005 0.000014 0.000031 0.000018 0.000009 
6161088 radixSortThrust 1 1428 30 1.130000 1.231000  0.000011 0.000005 0.000015 0.000036 0.000019 0.000009 
6161152 radixSortThrust 1 1428 30 1.130000 1.077000  0.000026 0.000020 0.000055 0.000115 0.000059 0.000031 
6161152 radixSortThrust 1 1428 30 1.130000 0.846000  0.000029 0.000019 0.000054 0.000121 0.000055 0.000030 
6161152 radixSortThrust 1 1428 29 1.130000 1.387000  0.000024 0.000020 0.000054 0.000112 0.000058 0.000030 
6161216 radixSortThrust 1 1428 29 1.130000 1.156000  0.000029 0.000019 0.000053 0.000112 0.000055 0.000029 
6161216 radixSortThrust 1 1428 30 1.130000 1.539000  0.000029 0.000020 0.000057 0.000130 0.000063 0.000032 
6161216 radixSortThrust 1 1428 30 1.130000 1.232000  0.000048 0.000022 0.000060 0.000170 0.000064 0.000033 
6161280 radixSortThrust 1 1428 30 1.130000 0.615000  0.000028 0.000020 0.000054 0.000127 0.000059 0.000031 
6161280 radixSortThrust 1 1428 30 1.130000 1.078000  0.000025 0.000020 0.000054 0.000112 0.000057 0.000030 
6161280 radixSortThrust 1 1428 30 1.130000 0.616000  0.000027 0.000019 0.000053 0.000128 0.000053 0.000029 
6161344 radixSortThrust 1 1428 30 1.130000 1.618000  0.000007 0.000005 0.000014 0.000030 0.000018 0.000009 
6161344 radixSortThrust 1 1428 30 1.130000 0.692000  0.000025 0.000019 0.000053 0.000117 0.000056 0.000030 
6161408 radixSortThrust 1 1428 30 1.130000 0.924000  0.000023 0.000029 0.000070 0.000184 0.000070 0.000035 
6161408 radixSortThrust 1 1428 30 1.130000 1.308000  0.000024 0.000019 0.000053 0.000122 0.000057 0.000030 
6161408 radixSortThrust 1 1428 30 1.130000 1.233000  0.000025 0.000020 0.000054 0.000120 0.000060 0.000031 
6161472 radixSortThrust 1 1428 30 1.130000 1.154000  0.000023 0.000021 0.000056 0.000199 0.000061 0.000031 
6161472 radixSortThrust 1 1428 30 1.130000 1.154000  0.000008 0.000005 0.000014 0.000034 0.000017 0.000009 
6161472 radixSortThrust 1 1428 30 1.130000 1.232000  0.000008 0.000005 0.000014 0.000032 0.000017 0.000009 
6161536 radixSortThrust 1 1428 30 1.130000 1.464000  0.000009 0.000005 0.000015 0.000047 0.000018 0.000009 
6161536 radixSortThrust 1 1428 30 1.130000 1.462000  0.000025 0.000019 0.000053 0.000134 0.000056 0.000030 
6161536 radixSortThrust 1 1428 30 1.130000 1.154000  0.000028 0.000019 0.000054 0.000125 0.000058 0.000030 
6161600 radixSortThrust 1 1428 30 1.130000 1.309000  0.000023 0.000019 0.000052 0.000110 0.000055 0.000029 
6161600 radixSortThrust 1 1428 30 1.130000 1.155000  0.000025 0.000018 0.000050 0.000145 0.000051 0.000028 
6161664 radixSortThrust 1 1428 30 1.130000 1.616000  0.000197 0.000112 0.000309 0.000872 0.000346 0.000185 
6161664 radixSortThrust 1 1428 30 1.130000 2.000000  0.000022 0.000018 0.000051 0.000108 0.000052 0.000028 
6161664 radixSortThrust 1 1428 30 1.130000 2.080000  0.000029 0.000019 0.000052 0.000126 0.000055 0.000029 
6161728 radixSortThrust 1 1428 30 1.130000 0.615000  0.000021 0.000019 0.000051 0.000123 0.000053 0.000028 
6161728 radixSortThrust 1 1428 30 1.130000 1.154000  0.000030 0.000020 0.000053 0.000124 0.000056 0.000029 
6161728 radixSortThrust 1 1428 30 1.130000 1.771000  0.000026 0.000019 0.000052 0.000111 0.000054 0.000029 
6161792 radixSortThrust 1 1428 30 1.130000 1.231000  0.000029 0.000020 0.000054 0.000137 0.000060 0.000031 
6161792 radixSortThrust 1 1428 30 1.130000 0.769000  0.000024 0.000019 0.000051 0.000117 0.000055 0.000029 
6161792 radixSortThrust 1 1428 30 1.130000 1.000000  0.000022 0.000027 0.000066 0.000175 0.000065 0.000033 
6161856 radixSortThrust 1 1428 30 1.130000 1.615000  0.000030 0.000019 0.000052 0.000147 0.000054 0.000029 
6161856 radixSortThrust 1 1428 30 1.130000 1.000000  0.000023 0.000018 0.000050 0.000109 0.000052 0.000028 
6161856 radixSortThrust 1 1428 30 1.130000 0.615000  0.000025 0.000019 0.000052 0.000120 0.000057 0.000030 
6161920 radixSortThrust 1 1428 30 1.130000 1.308000  0.000024 0.000018 0.000050 0.000110 0.000051 0.000027 
6161920 radixSortThrust 1 1428 30 1.130000 1.618000  0.000028 0.000019 0.000053 0.000128 0.000059 0.000030 
6161984 radixSortThrust 1 1428 30 1.130000 0.615000  0.000008 0.000005 0.000013 0.000033 0.000017 0.000008 
6161984 radixSortThrust 1 1428 30 1.130000 1.077000  0.000009 0.000004 0.000012 0.000035 0.000016 0.000008 
6161984 radixSortThrust 1 1428 30 1.130000 1.772000  0.000025 0.000017 0.000049 0.000117 0.000050 0.000027 
6162048 radixSortThrust 1 1428 30 1.130000 1.618000  0.000026 0.000018 0.000050 0.000126 0.000053 0.000028 
6162048 radixSortThrust 1 1428 30 1.130000 0.769000  0.000024 0.000017 0.000048 0.000105 0.000050 0.000026 
6162048 radixSortThrust 1 1428 30 1.130000 1.155000  0.000024 0.000018 0.000051 0.000124 0.000057 0.000029 
6162112 radixSortThrust 1 1428 30 1.130000 1.772000  0.000024 0.000017 0.000048 0.000114 0.000050 0.000027 
6162112 radixSortThrust 1 1428 30 1.130000 1.308000  0.000026 0.000018 0.000051 0.000126 0.000056 0.000029 
6162112 radixSortThrust 1 1428 30 1.130000 1.231000  0.000021 0.000018 0.000051 0.000121 0.000057 0.000029 
6162176 radixSortThrust 1 1428 30 1.130000 0.616000  0.000023 0.000018 0.000049 0.000105 0.000053 0.000033 
6162176 radixSortThrust 1 1428 30 1.130000 1.231000  0.000025 0.000018 0.000050 0.000120 0.000055 0.000029 
6162176 radixSortThrust 1 1428 30 1.130000 1.385000  0.000009 0.000005 0.000013 0.000033 0.000016 0.000008 
6162240 radixSortThrust 1 1428 30 1.130000 0.692000  0.000008 0.000004 0.000014 0.000039 0.000017 0.000008 
6162240 radixSortThrust 1 1428 30 1.130000 0.538000  0.000007 0.000004 0.000013 0.000031 0.000016 0.000008 
6162240 radixSortThrust 1 1428 30 1.130000 1.693000  0.000007 0.000004 0.000013 0.000032 0.000016 0.000008 
6162304 radixSortThrust 1 1428 30 1.130000 1.154000  0.000006 0.000004 0.000013 0.000028 0.000016 0.000008 
6162304 radixSortThrust 1 1428 30 1.130000 0.615000  0.000008 0.000004 0.000013 0.000034 0.000016 0.000008 
6162368 radixSortThrust 1 1428 30 1.130000 0.615000  0.064552 0.010237 0.022034 0.064577 0.011842 0.005076 
6162368 radixSortThrust 1 1428 30 1.130000 1.849000  0.000006 0.000005 0.000014 0.000035 0.000017 0.000008 
6162368 radixSortThrust 1 1428 30 1.130000 1.232000  0.000009 0.000005 0.000014 0.000040 0.000017 0.000008 
6162432 radixSortThrust 1 1428 30 1.130000 0.923000  0.000024 0.000017 0.000049 0.000121 0.000054 0.000028 
6162432 radixSortThrust 1 1428 30 1.130000 0.769000  0.000009 0.000004 0.000013 0.000032 0.000016 0.000008 
6162432 radixSortThrust 1 1428 30 1.130000 2.079000  0.000031 0.000019 0.000051 0.000120 0.000056 0.000029 
6162496 radixSortThrust 1 1428 30 1.130000 0.693000  0.000005 0.000004 0.000013 0.000027 0.000016 0.000008 
6162496 radixSortThrust 1 1428 30 1.130000 1.231000  0.000006 0.000004 0.000013 0.000033 0.000016 0.000008 
6162496 radixSortThrust 1 1428 30 1.130000 0.615000  0.000007 0.000004 0.000013 0.000032 0.000016 0.000008 
6162560 radixSortThrust 1 1428 30 1.130000 1.461000  0.000008 0.000004 0.000013 0.000031 0.000016 0.000008 
6162560 radixSortThrust 1 1428 30 1.130000 0.770000  0.000006 0.000004 0.000012 0.000028 0.000015 0.000008 
6162560 radixSortThrust 1 1428 30 1.130000 1.539000  0.000008 0.000004 0.000012 0.000034 0.000016 0.000008 
6162624 radixSortThrust 1 1428 30 1.130000 1.154000  0.000006 0.000004 0.000012 0.000028 0.000015 0.000008 
6162624 radixSortThrust 1 1428 30 1.130000 1.154000  0.000006 0.000005 0.000013 0.000036 0.000016 0.000008 
6162624 radixSortThrust 1 1428 30 1.130000 0.923000  0.000022 0.000016 0.000046 0.000095 0.000048 0.000025 
6162688 radixSortThrust 1 1428 30 1.130000 1.539000  0.000006 0.000004 0.000012 0.000033 0.000016 0.000008 
6162688 radixSortThrust 1 1428 30 1.130000 1.385000  0.000021 0.000015 0.000041 0.000090 0.000043 0.000023 
6162688 radixSortThrust 1 1428 30 1.130000 1.154000  0.000021 0.000026 0.000062 0.000156 0.000062 0.000035 
6162752 radixSortThrust 1 1428 30 1.130000 2.310000  0.000022 0.000017 0.000048 0.000103 0.000053 0.000027 
6162752 radixSortThrust 1 1428 30 1.130000 1.387000  0.000018 0.000016 0.000045 0.000088 0.000046 0.000025 
6162816 radixSortThrust 1 1428 30 1.130000 1.773000  0.000025 0.000018 0.000050 0.000109 0.000053 0.000028 
6162816 radixSortThrust 1 1428 30 1.130000 1.388000  0.000019 0.000017 0.000047 0.000091 0.000049 0.000026 
6162816 radixSortThrust 1 1428 30 1.130000 1.695000  0.000138 0.000101 0.000223 0.000430 0.000174 0.000085 
6162880 radixSortThrust 1 1428 30 1.130000 1.848000  0.000016 0.000015 0.000040 0.000077 0.000042 0.000022 
6162880 radixSortThrust 1 1428 30 1.130000 1.233000  0.000019 0.000017 0.000047 0.000099 0.000053 0.000028 
6162880 radixSortThrust 1 1428 30 1.130000 1.233000  0.000024 0.000018 0.000050 0.000109 0.000054 0.000028 
6162944 radixSortThrust 1 1428 30 1.130000 1.233000  0.000023 0.000018 0.000049 0.000106 0.000053 0.000027 
6162944 radixSortThrust 1 1428 30 1.130000 1.311000  0.000024 0.000018 0.000050 0.000113 0.000055 0.000028 
6162944 radixSortThrust 1 1428 30 1.130000 1.926000  0.000023 0.000018 0.000052 0.000126 0.000059 0.000029 
6163008 radixSortThrust 1 1428 30 1.130000 1.233000  0.000024 0.000018 0.000050 0.000112 0.000056 0.000028 
6163008 radixSortThrust 1 1428 30 1.130000 1.232000  0.000024 0.000018 0.000049 0.000110 0.000055 0.000028 
6163008 radixSortThrust 1 1428 30 1.130000 1.233000  0.000022 0.000018 0.000049 0.000105 0.000053 0.000027 
6163072 radixSortThrust 1 1428 30 1.130000 1.233000  0.000024 0.000019 0.000049 0.000102 0.000050 0.000026 
6163072 radixSortThrust 1 1428 29 1.130000 1.925000  0.000019 0.000017 0.000048 0.000124 0.000052 0.000026 
6163136 radixSortThrust 1 1428 29 1.130000 1.233000  0.000018 0.000016 0.000046 0.000097 0.000047 0.000025 
6163136 radixSortThrust 1 1428 30 1.130000 2.078000  0.000023 0.000018 0.000048 0.000104 0.000052 0.000027 
6163136 radixSortThrust 1 1428 30 1.130000 1.233000  0.000026 0.000017 0.000048 0.000113 0.000055 0.000027 
6163200 radixSortThrust 1 1428 30 1.130000 1.311000  0.000020 0.000017 0.000047 0.000101 0.000051 0.000027 
6163200 radixSortThrust 1 1428 30 1.130000 2.003000  0.000023 0.000017 0.000048 0.000106 0.000053 0.000027 
6163200 radixSortThrust 1 1428 30 1.130000 1.233000  0.000019 0.000016 0.000045 0.000096 0.000046 0.000025 
