#Timestamp	Benchmark	Run(#)	CPU Frequency (MHz)	CPU Temperature(C)	CPU Voltage(V)	CPU Power(W)	CPU_CYCLES	L1_DATA_CACHE_ACCESS	INSTRUCTIONS_RETIRED	BUS_CYCLES	L1I_CACHE_ACCESS	PREDICTABLE_BRANCH_SPECULATIVELY_EXECUTED
6307712 nbody 1 1555 27 1.130000 2.081000  0.000078 0.000056 0.000161 0.000362 0.000203 0.000099 
6307712 nbody 1 1555 27 1.130000 2.928000  0.000094 0.000053 0.000150 0.000398 0.000189 0.000093 
6307712 nbody 1 1555 28 1.130000 1.773000  0.000068 0.000052 0.000148 0.000317 0.000184 0.000092 
6307776 nbody 1 1555 28 1.130000 2.310000  0.000144 0.000054 0.000160 0.000451 0.000194 0.000094 
6307776 nbody 1 1555 28 1.130000 2.542000  0.000093 0.000046 0.000131 0.000406 0.000165 0.000081 
6307840 nbody 1 1555 28 1.130000 3.080000  0.000366 0.000182 0.000494 0.001347 0.000525 0.000275 
6307840 nbody 1 1555 29 1.130000 2.228000  0.000227 0.000826 0.001866 0.003742 0.001224 0.000530 
6307840 nbody 1 1555 30 1.130000 0.999000  0.000194 0.000182 0.000485 0.001312 0.000562 0.000282 
6307904 nbody 1 1555 30 1.130000 1.075000  0.000180 0.000153 0.000429 0.000816 0.000466 0.000247 
6307904 nbody 1 1555 31 1.130000 1.538000  0.000168 0.000155 0.000468 0.001017 0.000475 0.000249 
6307904 nbody 1 1555 31 1.130000 0.998000  0.000342 0.000160 0.000431 0.000961 0.000460 0.000239 
6307968 nbody 1 1555 31 1.130000 1.075000  0.000185 0.000174 0.000457 0.001087 0.000510 0.000258 
6307968 nbody 1 1555 31 1.130000 1.152000  0.000355 0.000163 0.000434 0.001425 0.000502 0.000254 
6307968 nbody 1 1555 31 1.130000 0.998000  0.000176 0.000143 0.000433 0.001061 0.000460 0.000247 
6308032 nbody 1 1555 31 1.130000 1.075000  0.000347 0.000161 0.000424 0.000969 0.000456 0.000233 
6308032 nbody 1 1555 32 1.130000 1.152000  0.000187 0.000146 0.000442 0.001060 0.000461 0.000243 
6308032 nbody 1 1555 32 1.130000 1.152000  0.000359 0.000158 0.000425 0.001229 0.000481 0.000240 
6308096 nbody 1 1555 32 1.130000 1.075000  0.000341 0.000245 0.000586 0.001487 0.000556 0.000267 
6308096 nbody 1 1555 32 1.130000 1.306000  0.000492 0.000169 0.000435 0.001289 0.000470 0.000234 
6308096 nbody 1 1555 32 1.130000 1.152000  0.000140 0.000143 0.000381 0.000893 0.000377 0.000206 
6308160 nbody 1 1555 32 1.130000 1.690000  0.000163 0.000146 0.000389 0.000940 0.000429 0.000218 
6308160 nbody 1 1555 32 1.130000 1.306000  0.000304 0.000138 0.000370 0.000824 0.000381 0.000239 
6308224 nbody 1 1555 33 1.130000 1.613000  0.000323 0.000153 0.000406 0.001136 0.000441 0.000219 
6308224 nbody 1 1555 33 1.130000 1.075000  0.000132 0.000116 0.000325 0.000775 0.000349 0.000186 
6308224 nbody 1 1555 32 1.130000 1.536000  0.000158 0.000127 0.000374 0.000913 0.000401 0.000210 
6308288 nbody 1 1555 32 1.130000 1.152000  0.000805 0.000265 0.000581 0.001443 0.000512 0.000253 
6308288 nbody 1 1555 33 1.130000 1.843000  0.000153 0.000139 0.000365 0.000895 0.000394 0.000205 
6308288 nbody 1 1555 33 1.130000 1.152000  0.000133 0.000167 0.000412 0.001195 0.000401 0.000215 
6308352 nbody 1 1555 33 1.130000 1.459000  0.000149 0.000122 0.000363 0.000886 0.000382 0.000199 
6308352 nbody 1 1555 33 1.130000 1.996000  0.000125 0.000113 0.000311 0.000760 0.000342 0.000178 
6308352 nbody 1 1555 33 1.130000 1.075000  0.000133 0.000116 0.000343 0.000825 0.000369 0.000194 
6308416 nbody 1 1555 33 1.130000 1.923000  0.000124 0.000105 0.000291 0.000923 0.000378 0.000208 
6308416 nbody 1 1555 33 1.130000 1.152000  0.000136 0.000112 0.000319 0.000663 0.000323 0.000168 
6308416 nbody 1 1555 33 1.130000 1.306000  0.000137 0.000121 0.000326 0.000810 0.000372 0.000185 
6308480 nbody 1 1555 33 1.130000 0.998000  0.000120 0.000099 0.000279 0.000734 0.000303 0.000161 
6308480 nbody 1 1555 33 1.130000 1.843000  0.000263 0.000124 0.000328 0.000798 0.000364 0.000180 
6308480 nbody 1 1555 33 1.130000 1.690000  0.000112 0.000096 0.000275 0.000574 0.000282 0.000150 
6308544 nbody 1 1555 33 1.130000 1.459000  0.000841 0.000558 0.001171 0.002220 0.000964 0.000443 
6308544 nbody 1 1555 33 1.130000 1.152000  0.000111 0.000098 0.000277 0.000606 0.000283 0.000151 
6308608 nbody 1 1555 33 1.130000 1.612000  0.000108 0.000101 0.000278 0.000575 0.000291 0.000154 
6308608 nbody 1 1555 33 1.130000 1.152000  0.000113 0.000102 0.000286 0.000715 0.000312 0.000159 
6308608 nbody 1 1555 33 1.130000 1.075000  0.000113 0.000099 0.000270 0.000568 0.000282 0.000150 
6308672 nbody 1 1555 33 1.130000 1.305000  0.000105 0.000095 0.000267 0.000566 0.000280 0.000147 
6308672 nbody 1 1555 33 1.130000 1.077000  0.000150 0.000096 0.000269 0.000628 0.000297 0.000150 
6308672 nbody 1 1555 33 1.130000 1.997000  0.000139 0.000098 0.000267 0.000556 0.000284 0.000147 
6308736 nbody 1 1555 33 1.130000 0.998000  0.000119 0.000096 0.000275 0.000600 0.000286 0.000150 
6308736 nbody 1 1555 33 1.130000 1.843000  0.000125 0.000098 0.000267 0.000606 0.000294 0.000154 
6308736 nbody 1 1555 33 1.130000 1.075000  0.000118 0.000098 0.000269 0.000593 0.000289 0.000149 
6308800 nbody 1 1555 33 1.130000 1.230000  0.000105 0.000091 0.000259 0.000558 0.000279 0.000145 
6308800 nbody 1 1555 33 1.130000 1.306000  0.000113 0.000091 0.000250 0.000539 0.000253 0.000137 
6308800 nbody 1 1555 33 1.130000 1.383000  0.000135 0.000097 0.000267 0.000609 0.000287 0.000147 
6308864 nbody 1 1555 34 1.130000 1.229000  0.000097 0.000089 0.000250 0.000600 0.000252 0.000135 
6308864 nbody 1 1555 34 1.130000 1.459000  0.000113 0.000089 0.000250 0.000563 0.000273 0.000141 
6308864 nbody 1 1555 34 1.130000 1.075000  0.000096 0.000084 0.000234 0.000457 0.000244 0.000131 
6308928 nbody 1 1555 33 1.130000 1.689000  0.000132 0.000090 0.000244 0.000752 0.000284 0.000144 
6308928 nbody 1 1555 33 1.130000 1.767000  0.000092 0.000082 0.000228 0.000438 0.000238 0.000128 
6308992 nbody 1 1555 33 1.130000 1.536000  0.000093 0.000085 0.000236 0.000456 0.000250 0.000133 
6308992 nbody 1 1555 33 1.130000 1.152000  0.000099 0.000087 0.000237 0.000490 0.000249 0.000131 
6308992 nbody 1 1555 34 1.130000 1.461000  0.000093 0.000086 0.000234 0.000477 0.000245 0.000130 
6309056 nbody 1 1555 34 1.130000 1.920000  0.000149 0.000085 0.000235 0.000585 0.000276 0.000138 
6309056 nbody 1 1555 34 1.130000 1.229000  0.000087 0.000082 0.000224 0.000457 0.000240 0.000127 
6309056 nbody 1 1555 34 1.130000 1.075000  0.000095 0.000083 0.000226 0.000468 0.000236 0.000124 
6309120 nbody 1 1555 34 1.130000 1.075000  0.000089 0.000082 0.000224 0.000460 0.000235 0.000125 
6309120 nbody 1 1555 34 1.130000 1.152000  0.000096 0.000079 0.000217 0.000428 0.000231 0.000122 
6309120 nbody 1 1555 34 1.130000 1.152000  0.000087 0.000075 0.000208 0.000446 0.000217 0.000116 
6309184 nbody 1 1555 34 1.130000 1.537000  0.000121 0.000080 0.000218 0.000448 0.000231 0.000121 
6309184 nbody 1 1555 34 1.130000 0.998000  0.000082 0.000075 0.000208 0.000420 0.000212 0.000114 
6309184 nbody 1 1555 34 1.130000 1.536000  0.000117 0.000079 0.000214 0.000443 0.000225 0.000120 
6309248 nbody 1 1555 34 1.130000 1.459000  0.000083 0.000075 0.000205 0.000422 0.000212 0.000113 
6309248 nbody 1 1555 34 1.130000 1.382000  0.000090 0.000075 0.000206 0.000412 0.000221 0.000116 
6309248 nbody 1 1555 34 1.130000 1.075000  0.000085 0.000071 0.000197 0.000416 0.000206 0.000110 
6309312 nbody 1 1555 34 1.130000 1.153000  0.000114 0.000077 0.000210 0.000456 0.000219 0.000115 
6309312 nbody 1 1555 34 1.130000 1.152000  0.000078 0.000068 0.000193 0.000369 0.000198 0.000107 
6309376 nbody 1 1555 34 1.130000 1.768000  0.000086 0.000073 0.000208 0.000480 0.000229 0.000120 
6309376 nbody 1 1555 34 1.130000 1.075000  0.000131 0.000077 0.000210 0.000560 0.000237 0.000121 
6309376 nbody 1 1555 34 1.130000 1.384000  0.000114 0.000075 0.000210 0.000500 0.000227 0.000116 
6309440 nbody 1 1555 34 1.130000 1.920000  0.000083 0.000071 0.000200 0.000429 0.000209 0.000110 
6309440 nbody 1 1555 34 1.130000 1.152000  0.000079 0.000071 0.000200 0.000408 0.000209 0.000110 
6309440 nbody 1 1555 34 1.130000 1.612000  0.000080 0.000070 0.000193 0.000419 0.000208 0.000109 
6309504 nbody 1 1555 34 1.130000 1.075000  0.000106 0.000072 0.000196 0.000404 0.000209 0.000109 
6309504 nbody 1 1555 34 1.130000 1.922000  0.000079 0.000072 0.000209 0.000522 0.000221 0.000112 
6309504 nbody 1 1555 34 1.130000 1.382000  0.000091 0.000070 0.000196 0.000409 0.000202 0.000107 
6309568 nbody 1 1555 34 1.130000 1.306000  0.000079 0.000068 0.000187 0.000399 0.000202 0.000105 
6309568 nbody 1 1555 34 1.130000 1.075000  0.000073 0.000064 0.000179 0.000375 0.000186 0.000100 
6309568 nbody 1 1555 34 1.130000 1.076000  0.000076 0.000067 0.000185 0.000395 0.000200 0.000104 
6309632 nbody 1 1555 34 1.130000 1.152000  0.000075 0.000063 0.000177 0.000347 0.000187 0.000099 
6309632 nbody 1 1555 34 1.130000 1.152000  0.000079 0.000067 0.000186 0.000403 0.000197 0.000103 
6309632 nbody 1 1555 34 1.130000 1.305000  0.000071 0.000062 0.000174 0.000361 0.000181 0.000097 
6309696 nbody 1 1555 34 1.130000 1.767000  0.000088 0.000069 0.000196 0.000444 0.000208 0.000107 
6309696 nbody 1 1555 34 1.130000 1.152000  0.000069 0.000062 0.000173 0.000332 0.000181 0.000099 
6309696 nbody 1 1555 34 1.130000 1.612000  0.000102 0.000067 0.000186 0.000411 0.000200 0.000104 
6309760 nbody 1 1555 34 1.130000 1.075000  0.000095 0.000070 0.000191 0.000452 0.000206 0.000106 
6309760 nbody 1 1555 34 1.130000 1.075000  0.000078 0.000067 0.000187 0.000419 0.000199 0.000105 
6309760 nbody 1 1555 34 1.130000 1.075000  0.000072 0.000066 0.000180 0.000379 0.000189 0.000100 
6309824 nbody 1 1555 34 1.130000 1.382000  0.000072 0.000064 0.000176 0.000372 0.000189 0.000099 
6309824 nbody 1 1555 34 1.130000 2.227000  0.000073 0.000063 0.000174 0.000384 0.000186 0.000098 
6309888 nbody 1 1555 34 1.130000 1.229000  0.000068 0.000065 0.000177 0.000358 0.000185 0.000098 
6309888 nbody 1 1555 34 1.130000 2.000000  0.000072 0.000064 0.000175 0.000365 0.000185 0.000097 
6309888 nbody 1 1555 34 1.130000 1.229000  0.000083 0.000068 0.000190 0.000425 0.000195 0.000099 
6309952 nbody 1 1555 34 1.130000 1.614000  0.000079 0.000067 0.000180 0.000420 0.000201 0.000103 
6309952 nbody 1 1555 34 1.130000 1.306000  0.000066 0.000058 0.000163 0.000355 0.000168 0.000091 
6309952 nbody 1 1555 34 1.130000 1.613000  0.000070 0.000063 0.000172 0.000360 0.000182 0.000096 
6310016 nbody 1 1555 34 1.130000 1.152000  0.000067 0.000058 0.000165 0.000340 0.000169 0.000090 
6310016 nbody 1 1555 34 1.130000 1.382000  0.000068 0.000061 0.000171 0.000352 0.000180 0.000095 
6310016 nbody 1 1555 34 1.130000 0.998000  0.000066 0.000057 0.000163 0.000336 0.000167 0.000089 
6310080 nbody 1 1555 34 1.130000 1.228000  0.000069 0.000060 0.000166 0.000321 0.000176 0.000093 
6310080 nbody 1 1555 34 1.130000 1.075000  0.000066 0.000057 0.000159 0.000331 0.000165 0.000088 
6310080 nbody 1 1555 34 1.130000 1.153000  0.000065 0.000061 0.000168 0.000347 0.000175 0.000093 
6310144 nbody 1 1555 34 1.130000 1.075000  0.000089 0.000058 0.000160 0.000329 0.000167 0.000089 
6310144 nbody 1 1555 34 1.130000 1.153000  0.000065 0.000059 0.000163 0.000343 0.000175 0.000092 
6310144 nbody 1 1555 34 1.130000 1.152000  0.000092 0.000058 0.000159 0.000339 0.000167 0.000088 
6310208 nbody 1 1555 34 1.130000 1.691000  0.000088 0.000060 0.000165 0.000338 0.000175 0.000092 
6310208 nbody 1 1555 34 1.130000 1.152000  0.000069 0.000060 0.000163 0.000358 0.000176 0.000092 
6310208 nbody 1 1555 34 1.130000 1.152000  0.000067 0.000058 0.000160 0.000311 0.000170 0.000090 
6310272 nbody 1 1555 34 1.130000 1.920000  0.000065 0.000059 0.000161 0.000338 0.000169 0.000089 
6310272 nbody 1 1555 34 1.130000 1.152000  0.000085 0.000059 0.000161 0.000330 0.000173 0.000090 
6310272 nbody 1 1555 34 1.130000 2.457000  0.000066 0.000057 0.000156 0.000311 0.000166 0.000088 
6310336 nbody 1 1555 34 1.130000 1.075000  0.000062 0.000058 0.000158 0.000325 0.000166 0.000088 
6310336 nbody 1 1555 34 1.130000 1.306000  0.000064 0.000057 0.000157 0.000324 0.000166 0.000088 
6310400 nbody 1 1555 34 1.130000 1.075000  0.000060 0.000057 0.000156 0.000317 0.000164 0.000087 
6310400 nbody 1 1555 34 1.130000 1.153000  0.000085 0.000057 0.000155 0.000325 0.000164 0.000087 
6310400 nbody 1 1555 34 1.130000 1.229000  0.000061 0.000052 0.000146 0.000307 0.000152 0.000081 
6310464 nbody 1 1555 34 1.130000 1.460000  0.000062 0.000055 0.000153 0.000319 0.000162 0.000085 
6310464 nbody 1 1555 34 1.130000 1.152000  0.000060 0.000051 0.000144 0.000296 0.000150 0.000080 
6310464 nbody 1 1555 34 1.130000 1.997000  0.000072 0.000055 0.000152 0.000302 0.000159 0.000084 
6310528 nbody 1 1555 34 1.130000 1.306000  0.000057 0.000052 0.000145 0.000293 0.000146 0.000079 
6310528 nbody 1 1555 34 1.130000 1.536000  0.000069 0.000054 0.000157 0.000385 0.000173 0.000088 
6310528 nbody 1 1555 34 1.130000 1.076000  0.000060 0.000050 0.000140 0.000273 0.000145 0.000078 
6310592 nbody 1 1555 34 1.130000 1.690000  0.000076 0.000057 0.000158 0.000360 0.000167 0.000086 
6310592 nbody 1 1555 34 1.130000 0.998000  0.000057 0.000051 0.000141 0.000287 0.000143 0.000077 
6310592 nbody 1 1555 34 1.130000 1.075000  0.000066 0.000054 0.000152 0.000340 0.000165 0.000086 
6310656 nbody 1 1555 35 1.130000 1.462000  0.000060 0.000052 0.000145 0.000318 0.000153 0.000080 
6310656 nbody 1 1555 35 1.130000 1.075000  0.000067 0.000054 0.000150 0.000348 0.000164 0.000085 
6310656 nbody 1 1555 35 1.130000 1.306000  0.000064 0.000053 0.000147 0.000339 0.000159 0.000083 
6310720 nbody 1 1555 35 1.130000 1.152000  0.000064 0.000051 0.000149 0.000340 0.000162 0.000083 
6310720 nbody 1 1555 34 1.130000 1.305000  0.000060 0.000052 0.000146 0.000330 0.000159 0.000083 
6310784 nbody 1 1555 34 1.130000 1.152000  0.000067 0.000057 0.000150 0.000327 0.000152 0.000080 
6310784 nbody 1 1555 34 1.130000 1.843000  0.000077 0.000055 0.000151 0.000354 0.000162 0.000083 
6310784 nbody 1 1555 34 1.130000 1.228000  0.000054 0.000048 0.000134 0.000293 0.000138 0.000074 
6310848 nbody 1 1555 34 1.130000 1.229000  0.000058 1.555522 0.488086 1.555873 0.000015 0.013882 
6310848 nbody 1 1555 34 1.130000 1.075000  0.000053 0.000047 0.000132 0.000256 0.000138 0.000074 
6310848 nbody 1 1555 34 1.130000 1.691000  0.000062 0.000054 0.000148 0.000354 0.000168 0.000084 
6310912 nbody 1 1555 34 1.130000 1.075000  0.000056 0.000047 0.000134 0.000275 0.000136 0.000073 
6310912 nbody 1 1555 34 1.130000 1.843000  0.000067 0.000050 0.000143 0.000325 0.000153 0.000080 
6310912 nbody 1 1555 34 1.130000 1.152000  0.000053 0.000047 0.000133 0.000270 0.000136 0.000073 
6310976 nbody 1 1555 34 1.130000 1.919000  0.000066 0.000052 0.000144 0.000331 0.000156 0.000080 
6310976 nbody 1 1555 34 1.130000 1.229000  0.000077 0.000052 0.000142 0.000322 0.000156 0.000081 
6310976 nbody 1 1555 34 1.130000 1.691000  0.000078 0.000051 0.000139 0.000307 0.000151 0.000079 
6311040 nbody 1 1555 34 1.130000 1.843000  0.000076 0.000050 0.000136 0.000293 0.000144 0.000076 
6311040 nbody 1 1555 34 1.130000 1.306000  0.000057 0.000048 0.000175 0.000413 0.000178 0.000099 
6311040 nbody 1 1555 34 1.130000 2.457000  0.000057 0.000048 0.000132 0.000291 0.000141 0.000075 
6311104 nbody 1 1555 34 1.130000 1.152000  0.000052 0.000049 0.000134 0.000273 0.000140 0.000074 
6311104 nbody 1 1555 34 1.130000 1.920000  0.000055 0.000053 0.000140 0.000333 0.000156 0.000078 
6311104 nbody 1 1555 34 1.130000 1.382000  0.000060 0.000051 0.000141 0.000325 0.000156 0.000080 
6311168 nbody 1 1555 34 1.130000 1.076000  0.000061 0.000051 0.000138 0.000314 0.000148 0.000077 
6311168 nbody 1 1555 34 1.130000 1.075000  0.000064 0.000049 0.000132 0.000280 0.000134 0.000071 
6311168 nbody 1 1555 34 1.130000 1.152000  0.000060 0.000049 0.000136 0.000310 0.000147 0.000077 
6311232 nbody 1 1555 34 1.130000 1.076000  0.000052 0.000044 0.000126 0.000273 0.000130 0.000069 
6311232 nbody 1 1555 34 1.130000 1.384000  0.000052 0.000046 0.000168 0.000369 0.000165 0.000095 
6311296 nbody 1 1555 34 1.130000 1.075000  0.000060 0.000044 0.000127 0.000294 0.000130 0.000069 
6311296 nbody 1 1555 34 1.130000 1.997000  0.000050 0.000046 0.000127 0.000264 0.000135 0.000071 
6311296 nbody 1 1555 34 1.130000 1.075000  0.000066 0.000045 0.000124 0.000251 0.000125 0.000068 
6311360 nbody 1 1555 34 1.130000 1.076000  0.000057 0.000054 0.000145 0.000414 0.000157 0.000078 
6311360 nbody 1 1555 34 1.130000 1.152000  0.000061 0.000048 0.000135 0.000318 0.000146 0.000074 
6311360 nbody 1 1555 34 1.130000 1.075000  0.000050 0.000068 0.000163 0.000347 0.000189 0.000092 
6311424 nbody 1 1555 34 1.130000 1.075000  0.000062 0.000045 0.000124 0.000270 0.000133 0.000070 
6311424 nbody 1 1555 34 1.130000 1.152000  0.000059 0.000046 0.000129 0.000291 0.000139 0.000072 
6311424 nbody 1 1555 34 1.130000 1.920000  0.000074 0.000048 0.000130 0.000289 0.000140 0.000073 
6311488 nbody 1 1555 34 1.130000 1.152000  0.000055 0.000048 0.000131 0.000291 0.000138 0.000071 
6311488 nbody 1 1555 34 1.130000 1.306000  0.000068 0.000066 0.000160 0.000379 0.000188 0.000090 
6311488 nbody 1 1555 34 1.130000 1.075000  0.000050 0.000042 0.000117 0.000229 0.000124 0.000066 
6311552 nbody 1 1555 35 1.130000 1.766000  0.000053 0.000044 0.000121 0.000240 0.000130 0.000069 
6311552 nbody 1 1555 35 1.130000 1.306000  0.000049 0.000043 0.000119 0.000245 0.000122 0.000065 
6311552 nbody 1 1555 35 1.130000 2.227000  0.000052 0.000046 0.000123 0.000259 0.000131 0.000069 
6311616 nbody 1 1555 35 1.130000 1.229000  0.000047 0.000041 0.000115 0.000236 0.000120 0.000064 
6311616 nbody 1 1555 35 1.130000 1.691000  0.000048 0.000045 0.000122 0.000251 0.000128 0.000068 
6311680 nbody 1 1555 35 1.130000 0.998000  0.000049 0.000041 0.000114 0.000223 0.000120 0.000064 
6311680 nbody 1 1555 35 1.130000 1.075000  0.000063 0.000047 0.000127 0.000287 0.000139 0.000070 
6311680 nbody 1 1555 34 1.130000 1.075000  0.000057 0.000047 0.000126 0.000292 0.000138 0.000070 
6311744 nbody 1 1555 34 1.130000 1.306000  0.000056 0.000044 0.000122 0.000279 0.000135 0.000070 
6311744 nbody 1 1555 35 1.130000 1.075000  0.000048 0.000044 0.000120 0.000256 0.000125 0.000066 
6311744 nbody 1 1555 35 1.130000 1.152000  0.000064 0.000046 0.000128 0.000302 0.000140 0.000071 
6311808 nbody 1 1555 35 1.130000 1.152000  0.000051 0.000042 0.000121 0.000278 0.000130 0.000068 
6311808 nbody 1 1555 35 1.130000 1.152000  0.000053 0.000044 0.000125 0.000276 0.000133 0.000069 
6311808 nbody 1 1555 35 1.130000 1.459000  0.000056 0.000045 0.000123 0.000284 0.000134 0.000069 
6311872 nbody 1 1555 35 1.130000 1.152000  0.000055 0.000046 0.000126 0.000295 0.000142 0.000070 
6311872 nbody 1 1555 35 1.130000 1.536000  0.000112 0.000061 0.000184 0.000374 0.000173 0.000095 
6311872 nbody 1 1555 35 1.130000 1.229000  0.000048 0.000040 0.000110 0.000217 0.000116 0.000062 
6311936 nbody 1 1555 35 1.130000 1.382000  0.000047 0.000042 0.000117 0.000242 0.000123 0.000065 
6311936 nbody 1 1555 35 1.130000 1.690000  0.000046 0.000039 0.000110 0.000232 0.000116 0.000061 
6311936 nbody 1 1555 35 1.130000 1.767000  0.000048 0.000043 0.000119 0.000266 0.000129 0.000068 
6312000 nbody 1 1555 35 1.130000 1.075000  0.424147 -1.043043 0.343852 -1.042964 0.000014 0.011656 
6312000 nbody 1 1555 35 1.130000 1.693000  0.000070 0.000044 0.000121 0.000297 0.000134 0.000069 
6312000 nbody 1 1555 34 1.130000 1.229000  0.000076 0.000045 0.000124 0.000307 0.000138 0.000070 
6312064 nbody 1 1555 34 1.130000 1.075000  0.000166 0.000049 0.000128 0.000359 0.000134 0.000078 
6312064 nbody 1 1555 35 1.130000 2.227000  0.000061 0.000042 0.000114 0.000239 0.000122 0.000064 
6312128 nbody 1 1555 35 1.130000 1.152000  0.000045 0.000041 0.000112 0.000218 0.000119 0.000063 
6312128 nbody 1 1555 35 1.130000 2.073000  0.000051 0.000042 0.000115 0.000269 0.000121 0.000063 
6312128 nbody 1 1555 35 1.130000 1.152000  0.000091 0.000047 0.000123 0.000262 0.000128 0.000065 
6312192 nbody 1 1555 35 1.130000 1.997000  0.000046 0.000041 0.000112 0.000234 0.000118 0.000062 
6312192 nbody 1 1555 35 1.130000 1.229000  0.000057 0.000041 0.000111 0.000226 0.000115 0.000062 
6312192 nbody 1 1555 35 1.130000 1.076000  0.000049 0.000040 0.000109 0.000232 0.000115 0.000061 
6312256 nbody 1 1555 35 1.130000 1.075000  0.000065 0.000041 0.000114 0.000259 0.000123 0.000063 
6312256 nbody 1 1555 35 1.130000 1.382000  0.000063 0.000041 0.000116 0.000278 0.000131 0.000066 
6312256 nbody 1 1555 35 1.130000 1.075000  0.000042 0.000038 0.000106 0.000218 0.000107 0.000058 
6312320 nbody 1 1555 35 1.130000 1.152000  0.000056 0.000039 0.000111 0.000259 0.000123 0.000064 
6312320 nbody 1 1555 35 1.130000 1.306000  0.000042 0.000038 0.000105 0.000221 0.000106 0.000057 
6312320 nbody 1 1555 35 1.130000 1.153000  0.000045 0.000039 0.000107 0.000225 0.000114 0.000060 
6312384 nbody 1 1555 35 1.130000 1.152000  0.000055 0.000038 0.000104 0.000209 0.000105 0.000057 
6312384 nbody 1 1555 35 1.130000 1.997000  0.000043 0.000040 0.000108 0.000224 0.000114 0.000060 
6312384 nbody 1 1555 35 1.130000 1.152000  0.000058 0.000038 0.000104 0.000225 0.000109 0.000058 
6312448 nbody 1 1555 35 1.130000 1.920000  0.000043 0.000038 0.000105 0.000207 0.000114 0.000060 
6312448 nbody 1 1555 35 1.130000 1.075000  0.000041 0.000036 0.000101 0.000212 0.000105 0.000056 
6312448 nbody 1 1555 35 1.130000 2.153000  0.000056 0.000041 0.000112 0.000264 0.000123 0.000062 
6312512 nbody 1 1555 35 1.130000 1.690000  0.000041 0.000039 0.000106 0.000222 0.000110 0.000059 
6312512 nbody 1 1555 35 1.130000 1.075000  0.000058 0.000039 0.000106 0.000219 0.000111 0.000059 
6312512 nbody 1 1555 35 1.130000 1.229000  0.000045 0.000038 0.000104 0.000215 0.000110 0.000058 
6312576 nbody 1 1555 35 1.130000 1.075000  0.000045 0.000039 0.000110 0.000246 0.000120 0.000061 
6312576 nbody 1 1555 35 1.130000 1.384000  0.000062 0.000040 0.000109 0.000250 0.000120 0.000061 
6312576 nbody 1 1555 35 1.130000 1.152000  0.000061 0.000038 0.000104 0.000212 0.000105 0.000057 
6312640 nbody 1 1555 35 1.130000 1.536000  0.000060 0.000039 0.000108 0.000244 0.000116 0.000060 
6312640 nbody 1 1555 35 1.130000 1.152000  0.000040 0.000036 0.000100 0.000214 0.000102 0.000055 
6312704 nbody 1 1555 35 1.130000 1.689000  0.000040 0.000038 0.000134 0.000289 0.000153 0.000075 
6312704 nbody 1 1555 35 1.130000 1.075000  0.000059 0.000045 0.000114 0.000308 0.000115 0.000059 
6312704 nbody 1 1555 35 1.130000 1.382000  0.000042 0.000037 0.000101 0.000215 0.000108 0.000057 
6312768 nbody 1 1555 35 1.130000 1.152000  0.000041 0.000035 0.000097 0.000188 0.000102 0.000054 
6312768 nbody 1 1555 35 1.130000 1.152000  0.000042 0.000036 0.000100 0.000198 0.000107 0.000057 
6312768 nbody 1 1555 35 1.130000 1.075000  0.000068 0.000039 0.000106 0.000260 0.000106 0.000056 
6312832 nbody 1 1555 35 1.130000 1.614000  0.000040 0.000037 0.000102 0.000210 0.000107 0.000056 
6312832 nbody 1 1555 35 1.130000 1.075000  0.000058 0.000035 0.000097 0.000212 0.000101 0.000054 
6312832 nbody 1 1555 35 1.130000 1.690000  0.000049 0.000038 0.000106 0.000247 0.000115 0.000059 
6312896 nbody 1 1555 35 1.130000 1.075000  0.000062 0.000038 0.000102 0.000231 0.000107 0.000057 
6312896 nbody 1 1555 35 1.130000 0.921000  0.000039 0.000036 0.000099 0.000192 0.000106 0.000056 
6312896 nbody 1 1555 35 1.130000 1.612000  0.000041 0.000036 0.000098 0.000214 0.000105 0.000055 
6312960 nbody 1 1555 35 1.130000 1.075000  0.000040 0.000036 0.000100 0.000206 0.000105 0.000055 
6312960 nbody 1 1555 36 1.130000 1.844000  0.000040 0.000036 0.000111 0.000289 0.000115 0.000058 
6312960 nbody 1 1555 36 1.130000 0.998000  0.000059 0.000036 0.000097 0.000201 0.000098 0.000053 
6313024 nbody 1 1555 35 1.130000 0.998000  0.000041 0.000035 0.000096 0.000190 0.000104 0.000055 
6313024 nbody 1 1555 35 1.130000 1.152000  0.000045 0.000033 0.000096 0.000223 0.000099 0.000052 
6313088 nbody 1 1555 35 1.130000 0.999000  0.000040 0.000035 0.000096 0.000202 0.000102 0.000054 
6313088 nbody 1 1555 35 1.130000 1.076000  0.000038 0.000033 0.000092 0.000194 0.000097 0.000052 
6313088 nbody 1 1555 35 1.130000 0.922000  0.000055 0.000036 0.000097 0.000203 0.000103 0.000054 
6313152 nbody 1 1555 35 1.130000 0.998000  0.000038 0.000033 0.000091 0.000193 0.000096 0.000051 
6313152 nbody 1 1555 35 1.130000 1.230000  0.000037 0.000034 0.000095 0.000197 0.000101 0.000053 
