#Timestamp	Benchmark	Run(#)	CPU Frequency (MHz)	CPU Temperature(C)	CPU Voltage(V)	CPU Power(W)	CPU_CYCLES	L1_DATA_CACHE_ACCESS	INSTRUCTIONS_RETIRED	BUS_CYCLES	L1I_CACHE_ACCESS	PREDICTABLE_BRANCH_SPECULATIVELY_EXECUTED
3471552 MonteCarloMultiGPU 1 403 24 0.842000 0.539000  0.000023 0.000019 0.000052 0.000285 0.000125 0.000054 
3471552 MonteCarloMultiGPU 1 403 24 0.842000 0.462000  0.000005 0.000004 0.000013 0.000025 0.000016 0.000008 
3471552 MonteCarloMultiGPU 1 403 24 0.842000 0.694000  0.000005 0.000004 0.000017 0.000041 0.000021 0.000009 
3471616 MonteCarloMultiGPU 1 403 24 0.842000 0.694000  0.000009 0.000005 0.000014 0.000032 0.000017 0.000008 
3471616 MonteCarloMultiGPU 1 403 24 0.842000 0.694000  0.000025 0.000019 0.000051 0.000103 0.000054 0.000028 
3471616 MonteCarloMultiGPU 1 403 24 0.842000 0.385000  0.000019 0.000017 0.000047 0.000089 0.000048 0.000026 
3471680 MonteCarloMultiGPU 1 403 24 0.842000 0.540000  0.000004 0.000004 0.000011 0.000021 0.000013 0.000006 
3471680 MonteCarloMultiGPU 1 403 24 0.842000 0.385000  0.000018 0.000017 0.000047 0.000087 0.000048 0.000026 
3471744 MonteCarloMultiGPU 1 403 24 0.842000 0.539000  0.000019 0.000018 0.000049 0.000092 0.000051 0.000027 
3471744 MonteCarloMultiGPU 1 403 24 0.842000 0.462000  0.000018 0.000017 0.000047 0.000088 0.000048 0.000026 
3471744 MonteCarloMultiGPU 1 403 24 0.842000 0.616000  0.000020 0.000018 0.000049 0.000108 0.000056 0.000028 
3471808 MonteCarloMultiGPU 1 403 24 0.842000 0.385000  0.000022 0.000017 0.000048 0.000091 0.000048 0.000026 
3471808 MonteCarloMultiGPU 1 403 24 0.842000 0.540000  0.000045 0.000026 0.000076 0.000144 0.000081 0.000040 
3471872 MonteCarloMultiGPU 1 403 24 0.842000 0.462000  0.000018 0.000017 0.000049 0.000103 0.000050 0.000026 
3471872 MonteCarloMultiGPU 1 403 24 0.842000 0.539000  0.000019 0.000018 0.000048 0.000092 0.000051 0.000027 
3471872 MonteCarloMultiGPU 1 403 24 0.842000 0.463000  0.000018 0.000016 0.000046 0.000097 0.000050 0.000026 
3471936 MonteCarloMultiGPU 1 403 24 0.842000 0.539000  0.000025 0.000019 0.000051 0.000111 0.000057 0.000029 
3471936 MonteCarloMultiGPU 1 403 24 0.842000 0.539000  0.000030 0.000020 0.000057 0.000124 0.000057 0.000030 
3472000 MonteCarloMultiGPU 1 403 24 0.842000 0.540000  0.000019 0.000018 0.000048 0.000101 0.000053 0.000028 
3472000 MonteCarloMultiGPU 1 403 24 0.842000 0.617000  0.000025 0.000021 0.000057 0.000153 0.000064 0.000032 
3472000 MonteCarloMultiGPU 1 403 24 0.842000 0.693000  0.000020 0.000021 0.000053 0.000116 0.000056 0.000028 
3472064 MonteCarloMultiGPU 1 403 24 0.842000 0.539000  0.000023 0.000019 0.000052 0.000108 0.000057 0.000029 
3472064 MonteCarloMultiGPU 1 403 24 0.842000 0.462000  0.000018 0.000017 0.000046 0.000087 0.000047 0.000026 
3472128 MonteCarloMultiGPU 1 403 24 0.842000 0.307000  0.000017 0.000017 0.000046 0.000085 0.000048 0.000026 
3472128 MonteCarloMultiGPU 1 403 24 0.842000 0.307000  0.000082 0.000034 0.000076 0.000182 0.000068 0.000034 
3472128 MonteCarloMultiGPU 1 403 24 0.842000 0.384000  0.000017 0.000017 0.000046 0.000086 0.000047 0.000026 
3472192 MonteCarloMultiGPU 1 403 24 0.842000 0.307000  0.000017 0.000016 0.000046 0.000085 0.000047 0.000025 
3472192 MonteCarloMultiGPU 1 403 24 0.842000 0.461000  0.000018 0.000017 0.000046 0.000085 0.000047 0.000026 
3472256 MonteCarloMultiGPU 1 403 25 0.842000 0.307000  0.000017 0.000016 0.000046 0.000084 0.000047 0.000025 
3472256 MonteCarloMultiGPU 1 403 25 0.842000 0.307000  0.000018 0.000016 0.000046 0.000085 0.000047 0.000025 
3472256 MonteCarloMultiGPU 1 403 25 0.842000 0.307000  0.000017 0.000016 0.000046 0.000085 0.000047 0.000025 
3472320 MonteCarloMultiGPU 1 403 25 0.842000 0.307000  0.000018 0.000016 0.000046 0.000084 0.000047 0.000026 
3472320 MonteCarloMultiGPU 1 403 25 0.842000 0.384000  0.000017 0.000016 0.000049 0.000096 0.000050 0.000026 
3472384 MonteCarloMultiGPU 1 403 25 0.842000 0.307000  0.000018 0.372009 0.125199 0.372101 0.000006 0.006893 
3472384 MonteCarloMultiGPU 1 403 25 0.842000 0.384000  0.000017 0.000016 0.000046 0.000083 0.000046 0.000025 
3472384 MonteCarloMultiGPU 1 403 25 0.842000 0.461000  0.000017 0.000016 0.000046 0.000084 0.000047 0.000025 
3472448 MonteCarloMultiGPU 1 403 25 0.842000 0.307000  0.000018 0.000016 0.000046 0.000083 0.000046 0.000025 
3472448 MonteCarloMultiGPU 1 403 25 0.842000 0.615000  0.000017 0.000016 0.000046 0.000084 0.000049 0.000026 
3472512 MonteCarloMultiGPU 1 403 25 0.842000 0.307000  0.000023 0.000017 0.000047 0.000090 0.000048 0.000026 
3472512 MonteCarloMultiGPU 1 403 25 0.842000 0.384000  0.000009 0.000048 0.000033 0.000101 0.000000 0.000006 
3472512 MonteCarloMultiGPU 1 403 25 0.842000 0.384000  0.000017 0.000016 0.000046 0.000084 0.000046 0.000025 
3472576 MonteCarloMultiGPU 1 403 26 0.842000 0.307000  0.000016 0.000015 0.000043 0.000078 0.000043 0.000024 
3472576 MonteCarloMultiGPU 1 403 26 0.842000 0.384000  0.000016 0.000015 0.000043 0.000078 0.000043 0.000024 
3472576 MonteCarloMultiGPU 1 403 26 0.842000 0.384000  0.000016 0.000015 0.000043 0.000078 0.000044 0.000024 
3483456 MonteCarloMultiGPU 1 403 28 0.842000 0.307000  0.000016 0.000015 0.000043 0.000078 0.118558 0.050731 
3483520 MonteCarloMultiGPU 1 403 28 0.842000 0.461000  0.000357 0.000308 0.000854 0.001719 0.000936 0.000476 
3483520 MonteCarloMultiGPU 1 403 28 0.842000 0.692000  0.000293 0.000268 0.000747 0.001574 0.000819 0.000432 
3483584 MonteCarloMultiGPU 1 403 28 0.842000 0.615000  0.000284 0.000261 0.000730 0.001354 0.000745 0.000405 
3483584 MonteCarloMultiGPU 1 403 28 0.842000 0.461000  0.000266 0.000256 0.000715 0.001311 0.000752 0.000403 
3483584 MonteCarloMultiGPU 1 403 28 0.842000 0.461000  0.000272 0.000253 0.000706 0.001299 0.000717 0.000392 
3483648 MonteCarloMultiGPU 1 403 28 0.842000 0.461000  0.000260 0.000251 0.000701 0.001393 0.000747 0.000399 
3483648 MonteCarloMultiGPU 1 403 28 0.842000 0.461000  1.208247 0.423541 0.801469 1.208441 0.468189 0.203864 
3483712 MonteCarloMultiGPU 1 403 28 0.842000 0.461000  0.000260 0.000250 0.000696 0.001285 0.000739 0.000394 
3483712 MonteCarloMultiGPU 1 403 28 0.842000 0.461000  0.000259 0.000248 0.000690 0.001274 0.000706 0.000383 
3483712 MonteCarloMultiGPU 1 403 28 0.842000 0.461000  0.000259 0.000245 0.000682 0.001266 0.000699 0.000379 
3483776 MonteCarloMultiGPU 1 403 28 0.842000 0.461000  0.000258 0.000242 0.000677 0.001250 0.000691 0.000375 
3483776 MonteCarloMultiGPU 1 403 28 0.842000 0.615000  0.000250 0.000240 0.000668 0.001234 0.000685 0.000371 
3483776 MonteCarloMultiGPU 1 403 28 0.842000 0.461000  0.000248 0.000238 0.000664 0.001319 0.000695 0.000373 
3483840 MonteCarloMultiGPU 1 403 28 0.842000 0.461000  0.000252 0.000236 0.000657 0.001222 0.000674 0.000365 
3483840 MonteCarloMultiGPU 1 403 29 0.842000 0.461000  0.000245 0.000234 0.000651 0.001199 0.000666 0.000362 
3483904 MonteCarloMultiGPU 1 403 29 0.842000 0.461000  0.000247 0.000233 0.000647 0.001198 0.000665 0.000360 
3483904 MonteCarloMultiGPU 1 403 28 0.842000 0.461000  0.000243 0.000231 0.000642 0.001198 0.000663 0.000357 
3483904 MonteCarloMultiGPU 1 403 28 0.842000 0.461000  0.000245 0.000229 0.000637 0.001183 0.000653 0.000354 
3483968 MonteCarloMultiGPU 1 403 28 0.842000 0.538000  0.000239 0.000227 0.000633 0.001176 0.000651 0.000351 
3483968 MonteCarloMultiGPU 1 403 28 0.842000 0.461000  0.000242 0.000225 0.000629 0.001170 0.000643 0.000347 
3484032 MonteCarloMultiGPU 1 403 28 0.842000 0.461000  0.000216 0.000209 0.000591 0.001070 0.000593 0.000326 
3484032 MonteCarloMultiGPU 1 403 28 0.842000 0.461000  0.000224 0.000208 0.000587 0.001089 0.000596 0.000323 
3484032 MonteCarloMultiGPU 1 403 28 0.842000 0.615000  0.000213 0.000205 0.000580 0.001059 0.000582 0.000321 
3486336 MonteCarloMultiGPU 1 403 28 0.842000 0.461000  0.000214 0.000204 0.000577 0.001055 0.000580 0.000318 
3486336 MonteCarloMultiGPU 1 403 28 0.842000 0.539000  0.000223 0.000186 0.000515 0.001102 0.000566 0.000293 
3486400 MonteCarloMultiGPU 1 403 28 0.842000 0.693000  0.000188 0.000208 0.000552 0.001155 0.000557 0.000283 
3486400 MonteCarloMultiGPU 1 403 28 0.842000 0.540000  0.000184 0.000171 0.000486 0.000967 0.000503 0.000268 
3486464 MonteCarloMultiGPU 1 403 28 0.842000 0.540000  1.160250 0.408440 0.773780 1.160411 0.450232 0.196489 
3486464 MonteCarloMultiGPU 1 403 28 0.842000 0.617000  0.000176 0.000175 0.000482 0.000981 0.000498 0.000269 
3486464 MonteCarloMultiGPU 1 403 28 0.842000 0.462000  0.000242 0.000191 0.000518 0.001084 0.000571 0.000289 
3486528 MonteCarloMultiGPU 1 403 28 0.842000 0.385000  0.000239 0.000172 0.000485 0.000961 0.000490 0.000262 
3486528 MonteCarloMultiGPU 1 403 28 0.842000 0.463000  0.000282 0.000189 0.000520 0.001121 0.000569 0.000284 
3486592 MonteCarloMultiGPU 1 403 28 0.842000 0.616000  0.000178 0.000161 3.242064 4.980989 1.877482 0.795905 
3486592 MonteCarloMultiGPU 1 403 27 0.842000 0.385000  0.000208 0.000175 0.000488 0.001038 0.000554 0.000278 
3486592 MonteCarloMultiGPU 1 403 27 0.842000 0.616000  0.000171 0.000155 0.000435 0.000801 0.000445 0.000240 
3486656 MonteCarloMultiGPU 1 403 27 0.842000 0.385000  0.000180 0.000239 0.000580 0.001348 0.000664 0.000367 
3486656 MonteCarloMultiGPU 1 403 27 0.842000 0.462000  0.000197 0.000161 0.000451 0.000906 0.000476 0.000250 
3486720 MonteCarloMultiGPU 1 403 27 0.842000 0.540000  0.000176 0.000157 0.000476 0.001102 0.000573 0.000275 
3486720 MonteCarloMultiGPU 1 403 27 0.842000 0.385000  0.000165 0.000148 0.000423 0.000845 0.000443 0.000238 
3486784 MonteCarloMultiGPU 1 403 27 0.842000 0.463000  0.000327 0.000176 0.000480 0.001085 0.000523 0.000266 
3486784 MonteCarloMultiGPU 1 403 27 0.842000 0.385000  0.000184 0.000154 0.000423 0.000827 0.000440 0.000233 
3486784 MonteCarloMultiGPU 1 403 27 0.842000 0.539000  0.000186 0.000153 0.000431 0.000885 0.000476 0.000248 
3486848 MonteCarloMultiGPU 1 403 27 0.842000 0.462000  0.000182 0.000150 0.000430 0.000862 0.000441 0.000231 
3486848 MonteCarloMultiGPU 1 403 27 0.842000 0.539000  0.000189 0.000155 0.000431 0.000880 0.000468 0.000242 
3486912 MonteCarloMultiGPU 1 403 27 0.842000 0.617000  0.000151 0.000145 0.000430 0.000948 0.000432 0.000227 
3486912 MonteCarloMultiGPU 1 403 27 0.842000 0.540000  0.000159 0.000147 0.000524 0.001014 0.000599 0.000297 
3486912 MonteCarloMultiGPU 1 403 27 0.842000 0.540000  0.000153 0.000143 0.000392 0.000765 0.000404 0.000215 
3486976 MonteCarloMultiGPU 1 403 26 0.842000 0.539000  0.000154 0.000210 0.000513 0.001198 0.000587 0.000324 
3486976 MonteCarloMultiGPU 1 403 27 0.842000 0.616000  0.000041 0.000033 0.000090 0.000192 0.000100 0.000051 
3487040 MonteCarloMultiGPU 1 403 27 0.842000 0.462000  0.000146 0.000134 0.000372 0.000695 0.000385 0.000206 
3487040 MonteCarloMultiGPU 1 403 26 0.842000 0.539000  0.000152 0.000140 0.000385 0.000728 0.000407 0.000216 
3487104 MonteCarloMultiGPU 1 403 26 0.842000 0.462000  0.000138 0.000130 0.000366 0.001126 0.000533 0.000268 
3487104 MonteCarloMultiGPU 1 403 26 0.842000 0.540000  1.008488 0.336525 0.659298 1.008665 0.379887 0.161220 
3487104 MonteCarloMultiGPU 1 403 27 0.842000 0.463000  0.000141 0.000130 0.000365 0.000677 0.000370 0.000266 
3487168 MonteCarloMultiGPU 1 403 26 0.842000 0.694000  0.000173 0.000139 0.000376 0.000739 0.000402 0.000212 
3487168 MonteCarloMultiGPU 1 403 26 0.842000 0.616000  0.000143 0.000128 0.000359 0.000684 0.000368 0.000199 
