#Timestamp	Benchmark	Run(#)	CPU Frequency (MHz)	CPU Temperature(C)	CPU Voltage(V)	CPU Power(W)	CPU_CYCLES	L1_DATA_CACHE_ACCESS	INSTRUCTIONS_RETIRED	BUS_CYCLES	L1I_CACHE_ACCESS	PREDICTABLE_BRANCH_SPECULATIVELY_EXECUTED
6030080 MonteCarloMultiGPU 1 1428 28 1.130000 1.695000  0.000013 0.000010 0.000028 0.000079 0.000035 0.000017 
6030080 MonteCarloMultiGPU 1 1428 27 1.130000 2.311000  0.000047 0.000039 0.000107 0.000213 0.000114 0.000060 
6030080 MonteCarloMultiGPU 1 1428 27 1.130000 1.156000  0.000042 0.000037 0.000103 0.000199 0.000106 0.000057 
6030144 MonteCarloMultiGPU 1 1428 27 1.130000 1.848000  0.000044 0.000039 0.000106 0.000208 0.000113 0.000059 
6030144 MonteCarloMultiGPU 1 1428 27 1.130000 1.156000  -0.794935 0.213675 0.449645 -0.794765 0.239814 0.103949 
6030208 MonteCarloMultiGPU 1 1428 27 1.130000 1.156000  0.000048 0.000039 0.000111 0.000252 0.000125 0.000063 
6030208 MonteCarloMultiGPU 1 1428 27 1.130000 1.311000  0.000043 0.000039 0.000108 0.000262 0.000111 0.000058 
6030208 MonteCarloMultiGPU 1 1428 28 1.130000 1.464000  0.000044 0.000038 0.000105 0.000203 0.000111 0.000059 
6030272 MonteCarloMultiGPU 1 1428 28 1.130000 0.692000  0.000041 0.000036 0.000100 0.000193 0.000103 0.000055 
6030272 MonteCarloMultiGPU 1 1428 28 1.130000 0.615000  0.000039 0.000036 0.000103 0.000229 0.000105 0.000056 
6030272 MonteCarloMultiGPU 1 1428 29 1.130000 0.692000  0.000038 0.000036 0.000100 0.000189 0.000102 0.000055 
6030336 MonteCarloMultiGPU 1 1428 29 1.130000 0.692000  0.000038 0.000036 0.000100 0.000187 0.000102 0.000055 
6030336 MonteCarloMultiGPU 1 1428 30 1.130000 0.692000  0.000038 0.000036 0.000100 0.000187 0.000102 0.000055 
6030336 MonteCarloMultiGPU 1 1428 30 1.130000 0.692000  0.000039 0.000035 0.000099 0.000186 0.000101 0.000055 
6030400 MonteCarloMultiGPU 1 1428 30 1.130000 0.692000  0.000038 0.000036 0.000099 0.000185 0.000102 0.000055 
6030400 MonteCarloMultiGPU 1 1428 30 1.130000 0.922000  0.000038 0.000036 0.000099 0.000190 0.000102 0.000055 
6030400 MonteCarloMultiGPU 1 1428 31 1.130000 0.692000  0.000038 0.000035 0.000099 0.000186 0.000101 0.000055 
6030464 MonteCarloMultiGPU 1 1428 31 1.130000 0.691000  0.000037 0.000035 0.000099 0.000184 0.000101 0.000055 
6030464 MonteCarloMultiGPU 1 1428 30 1.130000 0.692000  0.000038 0.000035 0.000099 0.000188 0.000101 0.000055 
6030464 MonteCarloMultiGPU 1 1428 30 1.130000 0.692000  0.000038 0.000035 0.000098 0.000184 0.000100 0.000055 
6030528 MonteCarloMultiGPU 1 1428 31 1.130000 0.692000  0.000040 0.000035 0.000098 0.000190 0.000101 0.000054 
6030528 MonteCarloMultiGPU 1 1428 31 1.130000 0.768000  0.000038 0.000035 0.000098 0.000185 0.000100 0.000054 
6030528 MonteCarloMultiGPU 1 1428 31 1.130000 0.692000  0.000038 0.000035 0.000098 0.000184 0.000101 0.000054 
6030592 MonteCarloMultiGPU 1 1428 31 1.130000 1.076000  0.000037 0.000035 0.000098 0.000185 0.000100 0.000054 
6030592 MonteCarloMultiGPU 1 1428 31 1.130000 0.692000  0.000037 0.000035 0.000098 0.000183 0.000099 0.000054 
6030592 MonteCarloMultiGPU 1 1428 31 1.130000 0.692000  0.000038 0.000035 0.000098 0.000183 0.000100 0.000054 
6030656 MonteCarloMultiGPU 1 1428 31 1.130000 0.692000  0.000037 0.000035 0.000098 0.000216 0.000102 0.000054 
6030656 MonteCarloMultiGPU 1 1428 31 1.130000 0.692000  0.000034 0.000033 0.000092 0.000170 0.000093 0.000051 
6030656 MonteCarloMultiGPU 1 1428 31 1.130000 0.692000  0.000035 0.000033 0.000092 0.000172 0.000093 0.000051 
6030720 MonteCarloMultiGPU 1 1428 31 1.130000 0.692000  0.000034 0.000032 0.000092 0.000169 0.000092 0.000051 
6041600 MonteCarloMultiGPU 1 1428 33 1.130000 0.692000  0.000035 0.000032 0.000092 0.000173 0.283717 0.122467 
6041664 MonteCarloMultiGPU 1 1428 33 1.130000 0.999000  0.000022 0.000027 0.000065 0.000147 0.000078 0.000038 
6041664 MonteCarloMultiGPU 1 1428 34 1.130000 1.843000  0.000021 0.000018 0.000049 0.000096 0.000051 0.000027 
6041664 MonteCarloMultiGPU 1 1428 34 1.130000 1.076000  0.000019 0.000017 0.000049 0.000093 0.000050 0.000027 
6041728 MonteCarloMultiGPU 1 1428 34 1.130000 0.999000  0.000019 0.000018 0.000049 0.000093 0.000050 0.000027 
6041728 MonteCarloMultiGPU 1 1428 34 1.130000 1.076000  0.000019 0.000018 0.000049 0.000093 0.000050 0.000027 
6041792 MonteCarloMultiGPU 1 1428 34 1.130000 0.999000  0.000020 0.000018 0.000049 0.000096 0.000050 0.000027 
6041792 MonteCarloMultiGPU 1 1428 34 1.130000 0.999000  0.000018 0.000017 0.000049 0.000091 0.000050 0.000027 
6041792 MonteCarloMultiGPU 1 1428 34 1.130000 1.076000  0.000020 0.000020 0.000054 0.000114 0.000055 0.000028 
6041856 MonteCarloMultiGPU 1 1428 34 1.130000 0.999000  0.000018 0.000017 0.000049 0.000091 0.000050 0.000027 
6041856 MonteCarloMultiGPU 1 1428 34 1.130000 0.999000  0.000019 0.000017 0.000049 0.000091 0.000049 0.000028 
6041856 MonteCarloMultiGPU 1 1428 34 1.130000 1.614000  0.000019 0.000017 0.000049 0.000092 0.000050 0.000027 
6041920 MonteCarloMultiGPU 1 1428 34 1.130000 0.999000  0.000018 0.000017 0.000049 0.000090 0.000050 0.000027 
6041920 MonteCarloMultiGPU 1 1428 34 1.130000 0.999000  0.000036 0.000020 0.000053 0.000108 0.000053 0.000028 
6041920 MonteCarloMultiGPU 1 1428 34 1.130000 1.614000  0.000019 0.000017 0.000048 0.000092 0.000050 0.000027 
6041984 MonteCarloMultiGPU 1 1428 34 1.130000 0.999000  0.000018 0.000017 0.000051 0.000101 0.000052 0.000027 
6041984 MonteCarloMultiGPU 1 1428 34 1.130000 0.999000  0.000019 0.000017 0.000048 0.000092 0.000050 0.000027 
6041984 MonteCarloMultiGPU 1 1428 34 1.130000 0.999000  0.000018 0.000017 0.000048 0.000090 0.000050 0.000027 
6042048 MonteCarloMultiGPU 1 1428 34 1.130000 1.076000  0.000049 0.000019 0.000051 0.000121 0.000052 0.000028 
6042048 MonteCarloMultiGPU 1 1428 34 1.130000 1.076000  0.000018 0.000017 0.000048 0.000091 0.000050 0.000027 
6042048 MonteCarloMultiGPU 1 1428 34 1.130000 0.999000  0.000019 0.000017 0.000053 0.000110 0.000054 0.000028 
6042112 MonteCarloMultiGPU 1 1428 34 1.130000 1.076000  0.000017 0.000016 0.000046 0.000084 0.000046 0.000025 
6042112 MonteCarloMultiGPU 1 1428 34 1.130000 0.999000  0.000017 0.000016 0.000046 0.000085 0.000046 0.000025 
6042112 MonteCarloMultiGPU 1 1428 34 1.130000 0.999000  0.000017 0.000016 0.000046 0.000085 0.000046 0.000025 
6044480 MonteCarloMultiGPU 1 1428 34 1.130000 0.999000  0.000018 0.000016 0.000046 0.000085 0.013757 0.005324 
6044480 MonteCarloMultiGPU 1 1428 34 1.130000 1.773000  0.000023 0.000018 0.000049 0.000109 0.000054 0.000027 
6044544 MonteCarloMultiGPU 1 1428 33 1.130000 2.080000  0.000019 0.000017 0.000046 0.000102 0.000049 0.000026 
6044544 MonteCarloMultiGPU 1 1428 33 1.130000 1.464000  0.000022 0.000018 0.000050 0.000113 0.000056 0.000029 
6044544 MonteCarloMultiGPU 1 1428 33 1.130000 1.002000  0.000020 0.000017 0.000047 0.000097 0.000050 0.000026 
6044608 MonteCarloMultiGPU 1 1428 33 1.130000 1.079000  0.000020 0.000017 0.000047 0.000092 0.000050 0.000026 
6044608 MonteCarloMultiGPU 1 1428 32 1.130000 1.926000  0.000020 0.000017 0.000047 0.000093 0.000050 0.000026 
6044608 MonteCarloMultiGPU 1 1428 32 1.130000 1.464000  0.000019 0.000016 0.000045 0.000088 0.000046 0.000025 
6044672 MonteCarloMultiGPU 1 1428 32 1.130000 1.618000  0.000021 0.000017 0.000048 0.000105 0.000052 0.000027 
6044672 MonteCarloMultiGPU 1 1428 32 1.130000 1.233000  0.000021 0.000017 0.000047 0.000095 0.000049 0.000026 
6044736 MonteCarloMultiGPU 1 1428 32 1.130000 1.233000  0.000019 0.000017 0.000046 0.000092 0.000049 0.000026 
6044736 MonteCarloMultiGPU 1 1428 32 1.130000 2.156000  0.000022 0.000017 0.000048 0.000105 0.000053 0.000027 
6044736 MonteCarloMultiGPU 1 1428 32 1.130000 1.464000  0.000020 0.000016 0.000045 0.000102 0.000046 0.000025 
