#Timestamp	Benchmark	Run(#)	CPU Frequency (MHz)	CPU Temperature(C)	CPU Voltage(V)	CPU Power(W)	CPU_CYCLES	L1_DATA_CACHE_ACCESS	INSTRUCTIONS_RETIRED	BUS_CYCLES	L1I_CACHE_ACCESS	PREDICTABLE_BRANCH_SPECULATIVELY_EXECUTED
6470592 binomialOPtions 1 1734 29 1.226000 1.850000  0.000167 0.000142 0.000392 0.000789 0.000418 0.000219 
6470592 binomialOPtions 1 1734 29 1.226000 2.311000  0.000006 0.000038 0.000024 0.000077 0.000000 0.000004 
6470592 binomialOPtions 1 1734 29 1.226000 1.773000  0.001340 0.000254 0.000753 0.003648 0.000690 0.000320 
6470656 binomialOPtions 1 1734 30 1.226000 2.539000  0.000169 0.000139 0.000388 0.000843 0.000416 0.000213 
6470656 binomialOPtions 1 1734 30 1.226000 0.769000  0.000162 0.000203 0.000483 0.001229 0.000464 0.000232 
6470656 binomialOPtions 1 1734 30 1.226000 2.924000  0.000141 0.000129 0.000357 0.000686 0.000375 0.000199 
6470720 binomialOPtions 1 1734 29 1.226000 2.311000  0.000006 0.000040 0.000025 0.000086 0.000000 0.000004 
6470720 binomialOPtions 1 1734 29 1.226000 2.081000  0.000133 0.000124 0.000344 0.000659 0.000359 0.000192 
6470720 binomialOPtions 1 1734 29 1.226000 2.698000  0.000141 0.000121 0.000334 0.000655 0.000354 0.000187 
6470784 binomialOPtions 1 1734 29 1.226000 2.081000  0.000150 0.000121 0.000332 0.000682 0.000355 0.000186 
6470784 binomialOPtions 1 1734 29 1.226000 2.079000  0.000128 0.000118 0.000329 0.000638 0.000343 0.000183 
6470784 binomialOPtions 1 1734 29 1.226000 3.241000  0.000006 0.000038 0.000024 0.000075 0.000000 0.000004 
6470848 binomialOPtions 1 1734 29 1.226000 2.005000  0.000160 0.000127 0.000335 0.000720 0.000348 0.000179 
6470848 binomialOPtions 1 1734 29 1.226000 2.695000  0.000124 0.000112 0.000311 0.000602 0.000325 0.000173 
6470848 binomialOPtions 1 1734 30 1.226000 2.081000  0.000174 0.000122 0.000327 0.000754 0.000364 0.000185 
6470912 binomialOPtions 1 1734 29 1.226000 2.234000  0.000138 0.000115 0.000315 0.000695 0.000341 0.000175 
6470912 binomialOPtions 1 1734 29 1.226000 2.851000  0.009777 0.058882 0.037928 0.117933 0.000000 0.006612 
6470912 binomialOPtions 1 1734 29 1.226000 2.005000  0.000118 0.000102 0.000286 0.000563 0.000291 0.000158 
6470976 binomialOPtions 1 1734 29 1.226000 2.852000  0.000145 0.000112 0.000350 0.000860 0.000377 0.000188 
6470976 binomialOPtions 1 1734 29 1.226000 2.005000  0.000120 0.000106 0.000293 0.000582 0.000306 0.000163 
6470976 binomialOPtions 1 1734 29 1.226000 2.082000  0.000127 0.000108 0.000302 0.000664 0.000328 0.000170 
6471040 binomialOPtions 1 1734 30 1.226000 2.234000  0.000119 0.000105 0.000289 0.000568 0.000307 0.000161 
6471040 binomialOPtions 1 1734 30 1.226000 2.081000  0.164559 0.898669 -0.058949 0.164690 0.674371 0.272903 
6471104 binomialOPtions 1 1734 29 1.226000 2.077000  0.000136 0.000108 0.000300 0.000672 0.000329 0.000169 
6471104 binomialOPtions 1 1734 29 1.226000 2.005000  0.000122 0.000103 0.000284 0.000568 0.000302 0.000158 
6471104 binomialOPtions 1 1734 29 1.226000 1.927000  0.000113 0.000097 0.000272 0.000528 0.000280 0.000150 
6471168 binomialOPtions 1 1734 29 1.226000 2.926000  0.000123 0.000104 0.000287 0.000621 0.000314 0.000161 
6471168 binomialOPtions 1 1734 29 1.226000 2.082000  0.000113 0.000099 0.000275 0.000559 0.000293 0.000153 
6471168 binomialOPtions 1 1734 29 1.226000 2.313000  0.000119 0.000098 0.000285 0.000609 0.000302 0.000158 
6471232 binomialOPtions 1 1734 29 1.226000 3.391000  0.000123 0.000098 0.000277 0.000608 0.000299 0.000155 
6471232 binomialOPtions 1 1734 29 1.226000 2.003000  0.000121 0.000093 0.000259 0.000808 0.000285 0.000149 
6471232 binomialOPtions 1 1734 29 1.226000 2.926000  0.000105 0.000096 0.000267 0.000523 0.000281 0.000149 
6471296 binomialOPtions 1 1734 29 1.226000 2.004000  0.000112 0.000095 0.000264 0.000519 0.000278 0.000147 
6471296 binomialOPtions 1 1734 29 1.226000 2.081000  0.000102 0.000095 0.000263 0.000511 0.000279 0.000147 
6471296 binomialOPtions 1 1734 29 1.226000 2.928000  0.000108 0.000093 0.000257 0.000508 0.000271 0.000143 
6471360 binomialOPtions 1 1734 29 1.226000 2.005000  0.212960 0.980830 0.243795 0.981989 0.000025 0.014643 
6471360 binomialOPtions 1 1734 29 1.226000 2.082000  0.000100 0.000092 0.000256 0.000496 0.000270 0.000143 
6471360 binomialOPtions 1 1734 29 1.226000 2.005000  0.000106 0.000093 0.000254 0.000498 0.000275 0.000144 
6471424 binomialOPtions 1 1734 29 1.226000 2.004000  0.000105 0.000091 0.000250 0.000494 0.000266 0.000140 
6471424 binomialOPtions 1 1734 30 1.226000 3.005000  0.000103 0.000089 0.000245 0.000478 0.000259 0.000137 
6471424 binomialOPtions 1 1734 30 1.226000 2.081000  0.000093 0.000084 0.000234 0.000457 0.000240 0.000130 
6471488 binomialOPtions 1 1734 29 1.226000 2.311000  0.000118 0.000092 0.000251 0.000546 0.000269 0.000139 
6471488 binomialOPtions 1 1734 29 1.226000 2.158000  0.000113 0.000090 0.000251 0.000549 0.000272 0.000140 
6471488 binomialOPtions 1 1734 30 1.226000 2.389000  0.000104 0.000089 0.000250 0.000529 0.000271 0.000140 
6471552 binomialOPtions 1 1734 30 1.226000 3.543000  0.000107 0.000087 0.000265 0.000663 0.000281 0.000143 
6471552 binomialOPtions 1 1734 29 1.226000 2.390000  0.000425 0.000165 0.000521 0.002069 0.000433 0.000200 
6471616 binomialOPtions 1 1734 29 1.226000 2.077000  0.000105 0.000086 0.000246 0.000537 0.000261 0.000135 
6471616 binomialOPtions 1 1734 29 1.226000 3.240000  0.000099 0.000085 0.000232 0.000460 0.000245 0.000130 
6471616 binomialOPtions 1 1734 29 1.226000 1.927000  0.000090 0.000084 0.000231 0.000444 0.000242 0.000129 
6471680 binomialOPtions 1 1734 29 1.226000 3.003000  0.000093 0.000081 0.000225 0.000441 0.000237 0.000125 
6471680 binomialOPtions 1 1734 29 1.226000 2.002000  0.000094 0.000082 0.000224 0.000466 0.000240 0.000126 
6471680 binomialOPtions 1 1734 29 1.226000 2.155000  0.000089 0.000080 0.000220 0.000427 0.000233 0.000123 
6471744 binomialOPtions 1 1734 29 1.226000 2.003000  0.000114 0.000753 0.000463 0.001610 0.000000 0.000081 
6471744 binomialOPtions 1 1734 29 1.226000 2.005000  0.000084 0.000077 0.000213 0.000410 0.000225 0.000119 
6471744 binomialOPtions 1 1734 30 1.226000 2.312000  0.000093 0.000078 0.000217 0.000484 0.000236 0.000121 
6471808 binomialOPtions 1 1734 30 1.226000 2.005000  0.000089 0.000076 0.000208 0.000423 0.000222 0.000116 
6471808 binomialOPtions 1 1734 29 1.226000 2.236000  0.000110 0.000081 0.000221 0.000485 0.000239 0.000124 
6471808 binomialOPtions 1 1734 29 1.226000 3.156000  0.000030 0.000025 0.000069 0.000137 0.000073 0.000039 
6471872 binomialOPtions 1 1734 29 1.226000 2.312000  0.000079 0.000070 0.000197 0.000383 0.000201 0.000109 
6471872 binomialOPtions 1 1734 29 1.226000 2.852000  0.000082 0.000073 0.000202 0.000387 0.000212 0.000112 
6471872 binomialOPtions 1 1734 29 1.226000 1.927000  0.000083 0.000073 0.000201 0.000394 0.000212 0.000112 
6471936 binomialOPtions 1 1734 29 1.226000 2.005000  0.000084 0.000072 0.000199 0.000391 0.000210 0.000111 
6471936 binomialOPtions 1 1734 29 1.226000 2.928000  0.000084 0.000071 0.000195 0.000389 0.000208 0.000109 
6471936 binomialOPtions 1 1734 29 1.226000 2.236000  0.050047 0.199056 0.055788 0.199608 0.000006 0.003349 
6472000 binomialOPtions 1 1734 29 1.226000 2.775000  0.000080 0.000071 0.000194 0.000379 0.000206 0.000109 
6472000 binomialOPtions 1 1734 29 1.226000 2.005000  0.000084 0.000070 0.000193 0.000382 0.000208 0.000108 
6472000 binomialOPtions 1 1734 29 1.226000 2.080000  0.000077 0.000069 0.000192 0.000377 0.000203 0.000107 
6472064 binomialOPtions 1 1734 29 1.226000 2.852000  0.000079 0.000068 0.000188 0.000372 0.000200 0.000105 
6472064 binomialOPtions 1 1734 29 1.226000 2.004000  0.000078 0.000065 0.000181 0.000355 0.000187 0.000100 
6472128 binomialOPtions 1 1734 29 1.226000 3.769000  0.000077 0.000067 0.000185 0.000362 0.000194 0.000103 
6472128 binomialOPtions 1 1734 29 1.226000 2.003000  0.052507 0.216836 0.059231 0.217400 0.000007 0.003600 
6472128 binomialOPtions 1 1734 29 1.226000 2.158000  0.000074 0.000067 0.000184 0.000357 0.000194 0.000103 
6472192 binomialOPtions 1 1734 30 1.226000 3.391000  0.000104 0.000072 0.000192 0.000431 0.000209 0.000106 
6472192 binomialOPtions 1 1734 30 1.226000 2.081000  0.000081 0.000062 0.000173 0.000392 0.000179 0.000096 
6472192 binomialOPtions 1 1734 29 1.226000 2.004000  0.000078 0.000064 0.000181 0.000393 0.000199 0.000104 
6472256 binomialOPtions 1 1734 29 1.226000 2.081000  0.000081 0.000065 0.000184 0.000411 0.000201 0.000103 
6472256 binomialOPtions 1 1734 29 1.226000 2.081000  0.000084 0.000070 0.000187 0.000389 0.000193 0.000100 
6472256 binomialOPtions 1 1734 29 1.226000 2.851000  0.000074 0.000064 0.000177 0.000354 0.000189 0.000099 
6472320 binomialOPtions 1 1734 29 1.226000 2.081000  0.000077 0.000065 0.000176 0.000353 0.000188 0.000099 
6472320 binomialOPtions 1 1734 29 1.226000 2.080000  0.000070 0.000063 0.000176 0.000336 0.000184 0.000098 
6472320 binomialOPtions 1 1734 29 1.226000 3.003000  0.000080 0.000063 0.000173 0.000474 0.000194 0.000101 
6472384 binomialOPtions 1 1734 31 1.226000 2.004000  0.000069 0.000060 0.000166 0.000321 0.000173 0.000093 
6472384 binomialOPtions 1 1734 31 1.226000 2.928000  0.000091 0.000068 0.000183 0.000392 0.000196 0.000099 
6472384 binomialOPtions 1 1734 31 1.226000 2.159000  0.000074 0.000062 0.000171 0.000344 0.000181 0.000095 
6472448 binomialOPtions 1 1734 31 1.226000 2.004000  0.000067 0.000062 0.000171 0.000331 0.000178 0.000098 
6472448 binomialOPtions 1 1734 31 1.226000 2.004000  -0.139824 -0.333861 -0.421369 -0.139757 0.550340 0.148952 
6472448 binomialOPtions 1 1734 31 1.226000 2.081000  0.000081 0.000065 0.000178 0.000396 0.000195 0.000101 
6472512 binomialOPtions 1 1734 31 1.226000 2.928000  0.000071 0.000061 0.000169 0.000338 0.000178 0.000094 
6472512 binomialOPtions 1 1734 31 1.226000 2.005000  0.000068 0.000060 0.000166 0.000379 0.000174 0.000093 
6472512 binomialOPtions 1 1734 31 1.226000 2.929000  0.000076 0.000064 0.000175 0.000382 0.000192 0.000098 
6472576 binomialOPtions 1 1734 31 1.226000 2.081000  0.000081 0.000060 0.000166 0.000368 0.000175 0.000093 
6472576 binomialOPtions 1 1734 31 1.226000 2.236000  0.000079 0.000063 0.000173 0.000368 0.000187 0.000097 
6472576 binomialOPtions 1 1734 29 1.226000 2.695000  0.000078 0.000062 0.000174 0.000467 0.000196 0.000099 
6472640 binomialOPtions 1 1734 29 1.226000 1.927000  0.000064 0.000056 0.000158 0.000310 0.000161 0.000087 
6472640 binomialOPtions 1 1734 29 1.226000 2.847000  0.000084 0.000065 0.000175 0.000386 0.000189 0.000097 
6472704 binomialOPtions 1 1734 29 1.226000 2.081000  0.000078 0.000059 0.000165 0.000378 0.000183 0.000094 
6472704 binomialOPtions 1 1734 29 1.226000 2.082000  0.000063 0.000058 0.000162 0.000314 0.000170 0.000090 
6472704 binomialOPtions 1 1734 29 1.226000 2.081000  0.000069 0.000058 0.000160 0.000322 0.000174 0.000091 
6472768 binomialOPtions 1 1734 29 1.226000 2.313000  0.000064 0.000055 0.000153 0.000307 0.000156 0.000085 
6472768 binomialOPtions 1 1734 29 1.226000 2.852000  0.000084 0.000062 0.000168 0.000374 0.000183 0.000094 
6472768 binomialOPtions 1 1734 29 1.226000 2.004000  0.000065 0.000058 0.000159 0.000313 0.000168 0.000088 
6472832 binomialOPtions 1 1734 29 1.226000 2.004000  0.000078 0.000060 0.000165 0.000360 0.000177 0.000092 
6472832 binomialOPtions 1 1734 29 1.226000 3.236000  0.000087 0.000062 0.000168 0.000381 0.000189 0.000095 
6472832 binomialOPtions 1 1734 29 1.226000 2.004000  0.000075 0.000060 0.000159 0.000321 0.000164 0.000086 
6472896 binomialOPtions 1 1734 29 1.226000 2.542000  0.000066 0.000057 0.000156 0.000309 0.000165 0.000087 
6472896 binomialOPtions 1 1734 29 1.226000 2.081000  0.000087 0.000057 0.000156 0.000379 0.000165 0.000086 
6472896 binomialOPtions 1 1734 29 1.226000 2.004000  0.000063 0.000056 0.000154 0.000302 0.000164 0.000086 
6472960 binomialOPtions 1 1734 29 1.226000 2.235000  0.000072 0.000058 0.000159 0.000356 0.000178 0.000090 
6472960 binomialOPtions 1 1734 29 1.226000 2.005000  0.000072 0.000059 0.000162 0.000346 0.000175 0.000091 
6472960 binomialOPtions 1 1734 29 1.226000 3.312000  0.000063 0.000055 0.000152 0.000299 0.000162 0.000085 
6473024 binomialOPtions 1 1734 29 1.226000 2.005000  0.000062 0.000054 0.000149 0.000313 0.000154 0.000083 
6473024 binomialOPtions 1 1734 29 1.226000 2.235000  0.000073 0.000056 0.000155 0.000334 0.000170 0.000088 
6473024 binomialOPtions 1 1734 29 1.226000 2.081000  0.000082 0.000059 0.000161 0.000356 0.000176 0.000089 
6473088 binomialOPtions 1 1734 29 1.226000 2.004000  0.000079 0.000059 0.000161 0.000351 0.000174 0.000089 
6473088 binomialOPtions 1 1734 29 1.226000 2.849000  0.000069 0.000058 0.000155 0.000342 0.000169 0.000088 
6473088 binomialOPtions 1 1734 29 1.226000 2.081000  0.000058 0.000053 0.000146 0.000310 0.000150 0.000081 
6473152 binomialOPtions 1 1734 29 1.226000 2.925000  0.000065 0.000055 0.000155 0.000334 0.000169 0.000087 
6473152 binomialOPtions 1 1734 29 1.226000 1.928000  0.000097 0.000061 0.000160 0.000459 0.000257 0.000158 
6473152 binomialOPtions 1 1734 29 1.226000 2.622000  0.000057 0.000053 0.000191 0.000377 0.000217 0.000108 
6473216 binomialOPtions 1 1734 29 1.226000 2.539000  0.000060 0.000053 0.000146 0.000289 0.000154 0.000081 
6473216 binomialOPtions 1 1734 29 1.226000 2.005000  0.000061 0.000050 0.000140 0.000276 0.000146 0.000080 
6473280 binomialOPtions 1 1734 29 1.226000 2.081000  0.000072 0.000057 0.000155 0.000348 0.000174 0.000087 
6473280 binomialOPtions 1 1734 29 1.226000 2.004000  0.000064 0.000053 0.000145 0.000288 0.000152 0.000081 
6473280 binomialOPtions 1 1734 29 1.226000 2.158000  0.000069 0.000055 0.000153 0.000332 0.000164 0.000085 
6473344 binomialOPtions 1 1734 29 1.226000 2.772000  0.000062 0.000052 0.000143 0.000284 0.000152 0.000080 
6473344 binomialOPtions 1 1734 29 1.226000 2.081000  0.519698 0.727490 0.372905 0.727676 0.000009 0.003688 
6473344 binomialOPtions 1 1734 29 1.226000 2.389000  0.000074 0.000055 0.000150 0.000343 0.000165 0.000084 
6473408 binomialOPtions 1 1734 29 1.226000 2.004000  0.000061 0.000052 0.000142 0.000281 0.000150 0.000079 
6473408 binomialOPtions 1 1734 29 1.226000 2.466000  0.000055 0.000051 0.000141 0.000274 0.000148 0.000079 
6473408 binomialOPtions 1 1734 29 1.226000 3.157000  0.000061 0.000051 0.000140 0.000277 0.000149 0.000078 
6473472 binomialOPtions 1 1734 29 1.226000 2.004000  0.000060 0.000048 0.000134 0.000266 0.000139 0.000074 
6473472 binomialOPtions 1 1734 29 1.226000 2.846000  0.000055 0.000050 0.000138 0.000271 0.000146 0.000077 
6473472 binomialOPtions 1 1734 29 1.226000 2.004000  0.000064 0.000049 0.000138 0.000300 0.000153 0.000079 
6473536 binomialOPtions 1 1734 29 1.226000 2.004000  0.000075 0.000052 0.000145 0.000322 0.000155 0.000081 
6473536 binomialOPtions 1 1734 29 1.226000 3.003000  0.000062 0.000051 0.000140 0.000307 0.000155 0.000080 
6473536 binomialOPtions 1 1734 29 1.226000 2.082000  0.000057 0.000047 0.000131 0.000256 0.000135 0.000072 
6473600 binomialOPtions 1 1734 29 1.226000 2.848000  0.000053 0.000049 0.000134 0.000261 0.000142 0.000075 
6473600 binomialOPtions 1 1734 29 1.226000 2.003000  -0.026062 -0.277588 -0.330594 -0.025997 -0.499031 0.145512 
6473664 binomialOPtions 1 1734 29 1.226000 2.004000  0.000057 0.000049 0.000139 0.000312 0.000151 0.000078 
6473664 binomialOPtions 1 1734 29 1.226000 3.159000  0.000057 0.000049 0.000136 0.000302 0.000150 0.000076 
6473664 binomialOPtions 1 1734 29 1.226000 2.003000  0.000053 0.000046 0.000128 0.000253 0.000132 0.000071 
6473728 binomialOPtions 1 1734 29 1.226000 2.159000  0.000053 0.000048 0.000131 0.000256 0.000139 0.000074 
6473728 binomialOPtions 1 1734 29 1.226000 1.928000  0.000064 0.000050 0.000135 0.000302 0.000150 0.000076 
6473728 binomialOPtions 1 1734 29 1.226000 2.005000  0.000062 0.000050 0.000138 0.000298 0.000153 0.000077 
6473792 binomialOPtions 1 1734 29 1.226000 2.929000  0.000055 0.000047 0.000130 0.000256 0.000136 0.000072 
6473792 binomialOPtions 1 1734 29 1.226000 2.005000  0.000053 0.000045 0.000125 0.000243 0.000130 0.000069 
6473792 binomialOPtions 1 1734 29 1.226000 2.003000  0.000054 0.000047 0.000128 0.000255 0.000136 0.000072 
6473856 binomialOPtions 1 1734 29 1.226000 2.003000  -0.015917 -0.272972 -0.323415 -0.015854 -0.491861 0.145031 
6473856 binomialOPtions 1 1734 29 1.226000 2.082000  0.000051 0.000046 0.000128 0.000245 0.000135 0.000071 
6473856 binomialOPtions 1 1734 29 1.226000 2.618000  0.000057 0.000046 0.000129 0.000288 0.000143 0.000073 
6473920 binomialOPtions 1 1734 29 1.226000 1.928000  -0.014765 -0.272462 -0.322662 -0.014708 -0.491043 0.144970 
6473920 binomialOPtions 1 1734 29 1.226000 2.851000  0.000060 0.000047 0.000129 0.000283 0.000140 0.000074 
6473920 binomialOPtions 1 1734 29 1.226000 2.004000  0.000054 0.000046 0.000125 0.000247 0.000133 0.000070 
6473984 binomialOPtions 1 1734 29 1.226000 2.235000  0.000049 0.000045 0.000125 0.000245 0.000132 0.000070 
6473984 binomialOPtions 1 1734 29 1.226000 2.930000  0.000054 0.000045 0.000124 0.000245 0.000131 0.000069 
6473984 binomialOPtions 1 1734 29 1.226000 2.004000  0.000050 0.000042 0.000118 0.000241 0.000129 0.000069 
6474048 binomialOPtions 1 1734 29 1.226000 2.004000  0.000061 0.000047 0.000132 0.000295 0.000143 0.000072 
6474048 binomialOPtions 1 1734 29 1.226000 3.314000  0.000056 0.000046 0.000127 0.000285 0.000138 0.000072 
6474048 binomialOPtions 1 1734 29 1.226000 2.159000  0.000057 0.000047 0.000128 0.000277 0.000140 0.000072 
6474112 binomialOPtions 1 1734 29 1.226000 2.775000  0.000053 0.000044 0.000121 0.000243 0.000129 0.000068 
6474112 binomialOPtions 1 1734 29 1.226000 2.080000  0.488965 0.758160 0.362058 0.758329 0.000011 0.005301 
6474176 binomialOPtions 1 1734 29 1.226000 2.158000  0.000062 0.000047 0.000131 0.000287 0.000141 0.000072 
6474176 binomialOPtions 1 1734 29 1.226000 1.928000  0.000057 0.000045 0.000126 0.000291 0.000140 0.000071 
6474176 binomialOPtions 1 1734 29 1.226000 2.235000  0.000058 0.000049 0.000131 0.000301 0.000141 0.000072 
6474240 binomialOPtions 1 1734 29 1.226000 3.080000  0.000050 0.000044 0.000119 0.000236 0.000127 0.000067 
6474240 binomialOPtions 1 1734 29 1.226000 2.004000  0.000048 0.000041 0.000114 0.000233 0.000127 0.000067 
6474240 binomialOPtions 1 1734 29 1.226000 2.853000  0.000062 0.000047 0.000129 0.000288 0.000139 0.000071 
6474304 binomialOPtions 1 1734 29 1.226000 2.003000  0.000052 0.000043 0.000119 0.000234 0.000126 0.000066 
6474304 binomialOPtions 1 1734 29 1.226000 2.081000  0.000045 0.000043 0.000118 0.000227 0.000124 0.000066 
6474304 binomialOPtions 1 1734 29 1.226000 3.080000  0.000049 0.000042 0.000117 0.000235 0.000125 0.000065 
6474368 binomialOPtions 1 1734 29 1.226000 1.927000  0.000050 0.000040 0.000112 0.000234 0.000122 0.000065 
6474368 binomialOPtions 1 1734 29 1.226000 2.158000  0.000109 0.000052 0.000135 0.000325 0.000145 0.000072 
6474368 binomialOPtions 1 1734 29 1.226000 3.236000  0.000050 0.000045 0.000125 0.000299 0.000137 0.000069 
6474432 binomialOPtions 1 1734 29 1.226000 2.004000  0.000050 0.000044 0.000121 0.000261 0.000130 0.000067 
6474432 binomialOPtions 1 1734 29 1.226000 2.695000  0.000050 0.000042 0.000115 0.000229 0.000122 0.000064 
6474432 binomialOPtions 1 1734 29 1.226000 2.004000  0.000046 0.000039 0.000110 0.000216 0.000114 0.000061 
6474496 binomialOPtions 1 1734 29 1.226000 2.846000  0.000056 0.000042 0.000119 0.000263 0.000127 0.000065 
6474496 binomialOPtions 1 1734 29 1.226000 2.005000  0.000051 0.000041 0.000113 0.000228 0.000120 0.000063 
6474496 binomialOPtions 1 1734 29 1.226000 2.082000  0.000048 0.000041 0.000113 0.000222 0.000119 0.000063 
6474560 binomialOPtions 1 1734 29 1.226000 3.002000  0.000047 0.000041 0.000112 0.000240 0.000145 0.000071 
6474560 binomialOPtions 1 1734 29 1.226000 2.004000  0.000053 0.000044 0.000118 0.000316 0.000126 0.000067 
6474624 binomialOPtions 1 1734 29 1.226000 2.082000  0.000044 0.000040 0.000111 0.000215 0.000118 0.000062 
6474624 binomialOPtions 1 1734 29 1.226000 2.158000  0.749909 -11.441972 -13.294808 0.752874 -20.782715 6.368967 
6474624 binomialOPtions 1 1734 29 1.226000 2.005000  0.000047 0.000040 0.000111 0.000224 0.000118 0.000067 
6474688 binomialOPtions 1 1734 29 1.226000 2.928000  0.000047 0.000040 0.000110 0.000219 0.000116 0.000062 
6474688 binomialOPtions 1 1734 29 1.226000 2.005000  0.000049 0.000038 0.000106 0.000219 0.000115 0.000061 
6474688 binomialOPtions 1 1734 29 1.226000 2.081000  0.000051 0.000040 0.000111 0.000250 0.000123 0.000063 
6474752 binomialOPtions 1 1734 29 1.226000 2.081000  0.000107 0.000045 0.000122 0.000310 0.000131 0.000066 
6474752 binomialOPtions 1 1734 29 1.226000 2.081000  0.000051 0.000042 0.000117 0.000250 0.000125 0.000064 
6474752 binomialOPtions 1 1734 29 1.226000 2.618000  0.000043 0.000039 0.000108 0.000212 0.000113 0.000060 
6474816 binomialOPtions 1 1734 29 1.226000 2.236000  0.000045 0.000037 0.000106 0.000236 0.000120 0.000062 
6474816 binomialOPtions 1 1734 29 1.226000 2.929000  0.000049 0.000053 0.000137 0.000538 0.000150 0.000072 
6474816 binomialOPtions 1 1734 29 1.226000 2.003000  0.000042 0.000037 0.000107 0.000232 0.000114 0.000061 
6474880 binomialOPtions 1 1734 30 1.226000 2.005000  0.000041 0.000036 0.000101 0.000197 0.000103 0.000056 
6474880 binomialOPtions 1 1734 30 1.226000 2.852000  0.000048 0.000040 0.000108 0.000242 0.000118 0.000061 
6474880 binomialOPtions 1 1734 30 1.226000 2.004000  0.000046 0.000037 0.000103 0.000224 0.000112 0.000058 
6474944 binomialOPtions 1 1734 30 1.226000 2.080000  0.000049 0.000039 0.000108 0.000236 0.000116 0.000059 
6474944 binomialOPtions 1 1734 30 1.226000 2.466000  0.000130 0.000040 0.000111 0.000325 0.000120 0.000060 
6475008 binomialOPtions 1 1734 30 1.226000 2.158000  0.896758 -4.573252 -5.170341 0.897762 -8.409912 2.701028 
6475008 binomialOPtions 1 1734 30 1.226000 1.926000  0.000325 0.000252 0.000691 0.001500 0.000789 0.000400 
6475008 binomialOPtions 1 1734 31 1.226000 3.394000  0.000285 0.000240 0.000685 0.001420 0.000727 0.000376 
6475072 binomialOPtions 1 1734 31 1.226000 2.082000  0.000288 0.000250 0.000691 0.001488 0.000716 0.000369 
6475072 binomialOPtions 1 1734 30 1.226000 2.847000  0.000282 0.000235 0.000661 0.001407 0.000710 0.000374 
6475072 binomialOPtions 1 1734 30 1.226000 2.005000  0.000258 0.000229 0.000632 0.001273 0.000672 0.000353 
6475136 binomialOPtions 1 1734 30 1.226000 2.003000  0.000294 0.000230 0.000641 0.001368 0.000697 0.000360 
6475136 binomialOPtions 1 1734 31 1.226000 3.467000  0.000281 0.000227 0.000676 0.001758 0.000731 0.000372 
6475136 binomialOPtions 1 1734 31 1.226000 2.081000  0.000247 0.000212 0.000589 0.001149 0.000608 0.000326 
6475200 binomialOPtions 1 1734 31 1.226000 2.849000  0.000234 0.000219 0.000604 0.001167 0.000641 0.000338 
6475200 binomialOPtions 1 1734 31 1.226000 2.005000  0.000253 0.000216 0.000593 0.001180 0.000630 0.000332 
6475200 binomialOPtions 1 1734 31 1.226000 2.082000  0.000241 0.000213 0.000586 0.001145 0.000617 0.000327 
6475264 binomialOPtions 1 1734 31 1.226000 2.547000  0.000235 0.000202 0.000557 0.002364 0.000888 0.000426 
6475264 binomialOPtions 1 1734 31 1.226000 2.159000  0.000215 0.000190 0.000552 0.001170 0.000604 0.000316 
6475264 binomialOPtions 1 1734 31 1.226000 2.004000  0.000272 0.000207 0.000566 0.001248 0.000605 0.000312 
6475328 binomialOPtions 1 1734 31 1.226000 2.081000  0.000249 0.000190 0.000530 0.001147 0.000583 0.000300 
6475328 binomialOPtions 1 1734 31 1.226000 1.927000  0.000257 0.000198 0.000527 0.001092 0.000541 0.000284 
6475328 binomialOPtions 1 1734 31 1.226000 2.543000  0.000274 0.000194 0.000530 0.001231 0.000590 0.000300 
6475392 binomialOPtions 1 1734 31 1.226000 2.081000  0.000284 0.000199 0.000531 0.001188 0.000576 0.000294 
6475392 binomialOPtions 1 1734 31 1.226000 2.081000  0.000243 0.000188 0.000516 0.001130 0.000557 0.000286 
6475392 binomialOPtions 1 1734 29 1.226000 3.543000  0.000050 0.000037 0.000102 0.000229 0.000114 0.000058 
6475456 binomialOPtions 1 1734 29 1.226000 2.081000  0.000228 0.000161 0.000449 0.000971 0.000463 0.000249 
6475456 binomialOPtions 1 1734 30 1.226000 2.847000  0.000186 0.000168 0.000458 0.000948 0.000506 0.000262 
6475520 binomialOPtions 1 1734 30 1.226000 2.235000  0.001295 0.000236 0.000589 0.002129 0.000618 0.000300 
6475520 binomialOPtions 1 1734 30 1.226000 2.081000  0.000022 0.000133 0.000085 0.000267 0.000000 0.000015 
6475520 binomialOPtions 1 1734 30 1.226000 3.389000  0.000048 0.000033 0.000101 0.000261 0.000110 0.000055 
6475584 binomialOPtions 1 1734 29 1.226000 2.081000  0.000036 0.000031 0.000087 0.000169 0.000088 0.000048 
6475584 binomialOPtions 1 1734 29 1.226000 2.926000  0.000035 0.000032 0.000089 0.000172 0.000094 0.000050 
6475584 binomialOPtions 1 1734 29 1.226000 2.158000  0.000381 0.000073 0.000167 0.000544 0.000159 0.000075 
6475648 binomialOPtions 1 1734 29 1.226000 2.081000  0.000038 0.000033 0.000091 0.000190 0.000098 0.000051 
6475648 binomialOPtions 1 1734 29 1.226000 3.079000  0.000037 0.000032 0.000088 0.000175 0.000094 0.000050 
6475648 binomialOPtions 1 1734 29 1.226000 2.543000  0.000037 0.000030 0.000086 0.000183 0.000095 0.000050 
6475712 binomialOPtions 1 1734 29 1.226000 2.235000  0.000040 0.000032 0.000090 0.000192 0.000097 0.000054 
6475712 binomialOPtions 1 1734 29 1.226000 3.082000  0.000038 0.000032 0.000088 0.000174 0.000094 0.000049 
6475712 binomialOPtions 1 1734 29 1.226000 2.004000  0.000034 0.000032 0.000088 0.000168 0.000092 0.000049 
6475776 binomialOPtions 1 1734 29 1.226000 2.387000  0.000037 0.000032 0.000087 0.000172 0.000092 0.000049 
6475776 binomialOPtions 1 1734 29 1.226000 2.004000  0.000037 0.000030 0.000084 0.000166 0.000087 0.000046 
6475776 binomialOPtions 1 1734 29 1.226000 2.082000  0.000035 0.000032 0.000086 0.000169 0.000092 0.000048 
6475840 binomialOPtions 1 1734 29 1.226000 2.004000  0.000037 0.000031 0.000086 0.000174 0.000092 0.000048 
6475840 binomialOPtions 1 1734 29 1.226000 2.004000  0.000041 0.000032 0.000091 0.000194 0.000099 0.000051 
6475840 binomialOPtions 1 1734 29 1.226000 3.235000  0.000037 0.000031 0.000085 0.000185 0.000092 0.000048 
6475904 binomialOPtions 1 1734 29 1.226000 2.004000  0.000035 0.000030 0.000083 0.001061 0.000254 0.000108 
6475904 binomialOPtions 1 1734 29 1.226000 2.081000  0.000035 0.000031 0.000085 0.000164 0.000089 0.000047 
6475904 binomialOPtions 1 1734 29 1.226000 2.157000  0.000035 0.000031 0.000084 0.000164 0.000090 0.000047 
6475968 binomialOPtions 1 1734 29 1.226000 2.004000  0.000034 0.000030 0.000084 0.000164 0.000088 0.000047 
6475968 binomialOPtions 1 1734 29 1.226000 3.390000  0.000036 0.000030 0.000084 0.000168 0.000089 0.000047 
6476032 binomialOPtions 1 1734 29 1.226000 2.004000  0.000033 0.000029 0.000080 0.000158 0.000082 0.000044 
6476032 binomialOPtions 1 1734 29 1.226000 2.235000  0.000034 0.000030 0.000083 0.000161 0.000087 0.000046 
6476032 binomialOPtions 1 1734 29 1.226000 2.004000  0.000036 0.000030 0.000083 0.000164 0.000088 0.000046 
6476096 binomialOPtions 1 1734 29 1.226000 2.312000  0.000032 0.000030 0.000082 0.000158 0.000086 0.000046 
6476096 binomialOPtions 1 1734 29 1.226000 2.925000  0.000035 0.000030 0.000081 0.000162 0.000087 0.000046 
6476096 binomialOPtions 1 1734 29 1.226000 2.081000  0.000107 0.000033 0.000086 0.001830 0.000622 0.000244 
6476160 binomialOPtions 1 1734 29 1.226000 2.003000  0.019100 0.077336 0.021339 0.077486 0.000003 0.001359 
6476160 binomialOPtions 1 1734 29 1.226000 2.004000  0.000021 0.000140 0.000083 0.000282 0.000000 0.000014 
6476160 binomialOPtions 1 1734 29 1.226000 2.004000  0.000038 0.000030 0.000085 0.000185 0.000093 0.000048 
6476224 binomialOPtions 1 1734 29 1.226000 3.080000  0.000036 0.000029 0.000082 0.000175 0.000089 0.000047 
6476224 binomialOPtions 1 1734 29 1.226000 2.081000  0.000033 0.000028 0.000077 0.000151 0.000080 0.000043 
6476224 binomialOPtions 1 1734 29 1.226000 2.158000  0.000032 0.000029 0.000080 0.000155 0.000084 0.000044 
6476288 binomialOPtions 1 1734 29 1.226000 3.391000  0.000034 0.000029 0.000079 0.000156 0.000084 0.000045 
6476288 binomialOPtions 1 1734 29 1.226000 2.004000  0.000031 0.000029 0.000079 0.000154 0.000084 0.000044 
6476288 binomialOPtions 1 1734 29 1.226000 2.234000  0.000034 0.000029 0.000079 0.000158 0.000084 0.000044 
6476352 binomialOPtions 1 1734 29 1.226000 2.312000  0.000038 0.000027 0.000082 0.000233 0.000084 0.000145 
6476352 binomialOPtions 1 1734 29 1.226000 2.081000  0.000033 0.000029 0.000081 0.000174 0.000088 0.000046 
6476416 binomialOPtions 1 1734 29 1.226000 3.237000  0.000034 0.000031 0.000085 0.000191 0.000088 0.000045 
6476416 binomialOPtions 1 1734 29 1.226000 2.081000  0.000032 0.000028 0.000078 0.000152 0.000083 0.000044 
6476416 binomialOPtions 1 1734 29 1.226000 3.082000  0.000032 0.000028 0.000077 0.000152 0.000082 0.000043 
6476480 binomialOPtions 1 1734 29 1.226000 2.004000  -0.052590 -0.239531 0.086817 -0.052400 -0.788706 0.293625 
6476480 binomialOPtions 1 1734 29 1.226000 2.081000  0.000042 0.000030 0.000082 0.000179 0.000088 0.000045 
6476480 binomialOPtions 1 1734 29 1.226000 2.081000  0.000032 0.000028 0.000077 0.000155 0.000083 0.000043 
6476544 binomialOPtions 1 1734 29 1.226000 2.082000  0.000035 0.000028 0.000079 0.000172 0.000086 0.000045 
6476544 binomialOPtions 1 1734 29 1.226000 3.468000  0.000038 0.000030 0.000081 0.000177 0.000087 0.000045 
6476544 binomialOPtions 1 1734 29 1.226000 2.082000  0.000032 0.000026 0.000074 0.000146 0.000076 0.000041 
6476608 binomialOPtions 1 1734 29 1.226000 2.158000  0.000075 0.000035 0.000090 0.000211 0.000095 0.000047 
6476608 binomialOPtions 1 1734 29 1.226000 2.004000  0.000033 0.000028 0.000076 0.000151 0.000081 0.000043 
6476608 binomialOPtions 1 1734 29 1.226000 2.159000  0.000032 0.000028 0.000076 0.000148 0.000080 0.000042 
6476672 binomialOPtions 1 1734 29 1.226000 3.159000  0.000033 0.000028 0.000075 0.000152 0.000081 0.000042 
6476672 binomialOPtions 1 1734 29 1.226000 2.082000  0.000079 0.000032 0.000083 0.000209 0.000091 0.000046 
6476672 binomialOPtions 1 1734 29 1.226000 2.078000  0.000034 0.000027 0.000077 0.000166 0.000084 0.000043 
6476736 binomialOPtions 1 1734 29 1.226000 2.082000  0.000032 0.000027 0.000075 0.000147 0.000080 0.000042 
6476736 binomialOPtions 1 1734 29 1.226000 2.004000  0.000029 0.000027 0.000075 0.000142 0.000078 0.000042 
6476800 binomialOPtions 1 1734 29 1.226000 3.080000  0.000032 0.000027 0.000074 0.000147 0.000079 0.000041 
6476800 binomialOPtions 1 1734 29 1.226000 2.005000  0.000031 0.000026 0.000071 0.000140 0.000075 0.000040 
6476800 binomialOPtions 1 1734 29 1.226000 2.929000  0.000030 0.000027 0.000074 0.000144 0.000078 0.000041 
6476864 binomialOPtions 1 1734 29 1.226000 2.542000  0.000085 0.000058 0.000146 0.000202 0.000101 0.000072 
6476864 binomialOPtions 1 1734 29 1.226000 1.927000  0.000029 0.000027 0.000073 0.000140 0.000077 0.000041 
6476864 binomialOPtions 1 1734 29 1.226000 3.083000  0.000031 0.000055 0.000128 0.000342 0.000120 0.000057 
6476928 binomialOPtions 1 1734 29 1.226000 2.005000  0.000030 0.000025 0.000070 0.000137 0.000073 0.000039 
6476928 binomialOPtions 1 1734 29 1.226000 2.082000  0.000028 0.000026 0.000072 0.000139 0.000077 0.000041 
6476928 binomialOPtions 1 1734 29 1.226000 3.393000  0.000031 0.000026 0.000072 0.000143 0.000077 0.000040 
6476992 binomialOPtions 1 1734 29 1.226000 2.004000  0.000028 0.000026 0.000072 0.000137 0.000076 0.000040 
6476992 binomialOPtions 1 1734 29 1.226000 2.388000  0.000030 0.000025 0.000072 0.000157 0.000079 0.000041 
6476992 binomialOPtions 1 1734 29 1.226000 2.004000  0.000029 0.000025 0.000069 0.000133 0.000070 0.000038 
6477056 binomialOPtions 1 1734 29 1.226000 2.699000  0.000029 0.000026 0.000071 0.000139 0.000075 0.000040 
6477056 binomialOPtions 1 1734 29 1.226000 2.081000  0.000030 0.000026 0.000076 0.000192 0.000083 0.000042 
6477056 binomialOPtions 1 1734 29 1.226000 2.005000  0.000030 0.000025 0.000072 0.000156 0.000079 0.000041 
6477120 binomialOPtions 1 1734 29 1.226000 3.157000  0.000029 0.000026 0.000070 0.000138 0.000075 0.000039 
6477120 binomialOPtions 1 1734 29 1.226000 2.081000  0.000031 0.000025 0.000070 0.000157 0.000072 0.000038 
6477120 binomialOPtions 1 1734 29 1.226000 2.847000  0.000028 0.000025 0.000070 0.000135 0.000073 0.000039 
6477184 binomialOPtions 1 1734 29 1.226000 2.002000  0.000030 0.000026 0.000070 0.000137 0.000074 0.000039 
6477184 binomialOPtions 1 1734 29 1.226000 2.082000  0.000027 0.000025 0.000070 0.000133 0.000073 0.000039 
6477248 binomialOPtions 1 1734 29 1.226000 2.464000  0.000029 0.000025 0.000069 0.000136 0.000074 0.000039 
6477248 binomialOPtions 1 1734 29 1.226000 2.388000  0.000029 0.000025 0.000068 0.000153 0.000071 0.000037 
6477248 binomialOPtions 1 1734 29 1.226000 2.237000  0.000028 0.000025 0.000069 0.000134 0.000073 0.000039 
6477312 binomialOPtions 1 1734 29 1.226000 2.082000  0.000030 0.000025 0.000069 0.000137 0.000073 0.000038 
6477312 binomialOPtions 1 1734 29 1.226000 2.082000  0.000027 0.000025 0.000069 0.000132 0.000073 0.000038 
6477312 binomialOPtions 1 1734 29 1.226000 2.928000  0.000029 0.000025 0.000068 0.000135 0.000073 0.000038 
6477376 binomialOPtions 1 1734 29 1.226000 2.004000  0.000028 0.000024 0.000066 0.000129 0.000069 0.000036 
6477376 binomialOPtions 1 1734 29 1.226000 2.155000  0.000027 0.000025 0.000068 0.000131 0.000071 0.000038 
6477376 binomialOPtions 1 1734 29 1.226000 1.928000  0.000029 0.000025 0.000068 0.000132 0.000072 0.000038 
6477440 binomialOPtions 1 1734 29 1.226000 2.004000  0.000032 0.000025 0.000070 0.000151 0.000075 0.000039 
6477440 binomialOPtions 1 1734 29 1.226000 2.620000  0.000028 0.000024 0.000067 0.000133 0.000071 0.000038 
6477440 binomialOPtions 1 1734 29 1.226000 1.927000  0.000028 0.000026 0.000069 0.000150 0.000071 0.000037 
6477504 binomialOPtions 1 1734 29 1.226000 3.007000  0.000032 0.000025 0.000070 0.000151 0.000077 0.000039 
6477504 binomialOPtions 1 1734 29 1.226000 3.239000  0.000032 0.000026 0.000069 0.000154 0.000076 0.000039 
6477504 binomialOPtions 1 1734 29 1.226000 2.005000  0.000029 0.000026 0.000069 0.000143 0.000071 0.000037 
6477568 binomialOPtions 1 1734 29 1.226000 2.849000  0.000027 0.000024 0.000066 0.000129 0.000070 0.000037 
6477568 binomialOPtions 1 1734 29 1.226000 2.004000  0.000028 0.000024 0.000066 0.000134 0.000071 0.000037 
6477568 binomialOPtions 1 1734 29 1.226000 2.081000  0.000032 0.000025 0.000069 0.000154 0.000076 0.000039 
6477632 binomialOPtions 1 1734 29 1.226000 3.317000  0.000028 0.000024 0.000066 0.000130 0.000069 0.000037 
6477632 binomialOPtions 1 1734 29 1.226000 2.004000  0.000027 0.000023 0.000063 0.000124 0.000065 0.000035 
6477632 binomialOPtions 1 1734 29 1.226000 3.002000  0.000029 0.000024 0.000069 0.000153 0.000075 0.000039 
6477696 binomialOPtions 1 1734 29 1.226000 2.004000  0.000028 0.000024 0.000066 0.000136 0.000069 0.000036 
6477696 binomialOPtions 1 1734 29 1.226000 2.082000  0.000031 0.000024 0.000067 0.000143 0.000074 0.000039 
6477696 binomialOPtions 1 1734 29 1.226000 2.234000  0.000028 0.000024 0.000066 0.000127 0.000069 0.000037 
6477760 binomialOPtions 1 1734 29 1.226000 2.003000  0.000480 0.000106 0.000232 0.000579 0.000161 0.000071 
6477760 binomialOPtions 1 1734 29 1.226000 2.081000  0.000025 0.000023 0.000065 0.000126 0.000069 0.000036 
6477824 binomialOPtions 1 1734 29 1.226000 2.004000  0.000030 0.000024 0.000068 0.000148 0.000074 0.000038 
6477824 binomialOPtions 1 1734 29 1.226000 2.082000  0.000030 0.000026 0.000069 0.000143 0.000069 0.000036 
6477824 binomialOPtions 1 1734 29 1.226000 2.849000  0.000035 0.000026 0.000070 0.000151 0.000075 0.000038 
6477888 binomialOPtions 1 1734 29 1.226000 2.005000  0.000027 0.000024 0.000065 0.000131 0.000067 0.000036 
6477888 binomialOPtions 1 1734 31 1.226000 2.005000  0.000029 0.000023 0.000065 0.000137 0.000070 0.000036 
6477888 binomialOPtions 1 1734 31 1.226000 3.543000  0.000028 0.000023 0.000065 0.000144 0.000070 0.000037 
6477952 binomialOPtions 1 1734 30 1.226000 2.082000  0.000024 0.000021 0.000060 0.000118 0.000062 0.000033 
6477952 binomialOPtions 1 1734 31 1.226000 2.924000  0.000030 0.000024 0.000065 0.000141 0.000071 0.000036 
6477952 binomialOPtions 1 1734 31 1.226000 2.003000  0.000026 0.000022 0.000062 0.000124 0.000065 0.000034 
6478016 binomialOPtions 1 1734 31 1.226000 2.005000  0.000030 0.000023 0.000064 0.000137 0.000068 0.000035 
6478016 binomialOPtions 1 1734 31 1.226000 2.080000  0.000028 0.000022 0.000062 0.000138 0.000068 0.000036 
6478016 binomialOPtions 1 1734 31 1.226000 2.005000  0.000030 0.000023 0.000061 0.000126 0.000062 0.000033 
6478080 binomialOPtions 1 1734 31 1.226000 3.003000  0.000027 0.000022 0.000061 0.000131 0.000065 0.000034 
6478080 binomialOPtions 1 1734 30 1.226000 2.005000  0.000030 0.000022 0.000063 0.000138 0.000069 0.000035 
6478080 binomialOPtions 1 1734 30 1.226000 2.002000  0.000026 0.000022 0.000062 0.000133 0.000066 0.000034 
6478144 binomialOPtions 1 1734 31 1.226000 3.314000  0.000028 0.000022 0.000062 0.000136 0.000066 0.000035 
6478144 binomialOPtions 1 1734 31 1.226000 2.005000  0.000028 0.000022 0.000062 0.000136 0.000067 0.000034 
6478144 binomialOPtions 1 1734 31 1.226000 2.851000  0.000025 0.000021 0.000060 0.000132 0.000065 0.000034 
6478208 binomialOPtions 1 1734 31 1.226000 2.081000  0.000022 0.000020 0.000055 0.000116 0.000057 0.000031 
6478208 binomialOPtions 1 1734 30 1.226000 1.464000  0.000025 0.000021 0.000060 0.000130 0.000064 0.000033 
6478208 binomialOPtions 1 1734 30 1.226000 2.004000  0.000023 0.000021 0.000058 0.000126 0.000063 0.000033 
6478272 binomialOPtions 1 1734 30 1.226000 2.081000  0.000027 0.000022 0.000060 0.000128 0.000065 0.000033 
6478272 binomialOPtions 1 1734 31 1.226000 2.620000  0.000023 0.000020 0.000056 0.000121 0.000060 0.000032 
6478272 binomialOPtions 1 1734 31 1.226000 2.082000  0.000021 0.000020 0.000056 0.000120 0.000056 0.000030 
6478336 binomialOPtions 1 1734 29 1.226000 2.005000  0.000026 0.000020 0.000057 0.000125 0.000061 0.000032 
6478336 binomialOPtions 1 1734 29 1.226000 2.005000  0.000022 0.000019 0.000053 0.000104 0.000054 0.000029 
6478336 binomialOPtions 1 1734 29 1.226000 2.081000  0.000024 0.000021 0.000058 0.000132 0.000063 0.000033 
6478400 binomialOPtions 1 1734 29 1.226000 2.158000  0.000023 0.000020 0.000055 0.000112 0.000058 0.000031 
6478400 binomialOPtions 1 1734 29 1.226000 2.003000  0.000026 0.000023 0.000061 0.000175 0.000065 0.000033 
6478464 binomialOPtions 1 1734 29 1.226000 2.312000  0.000028 0.000021 0.000057 0.000136 0.000063 0.000033 
6478464 binomialOPtions 1 1734 29 1.226000 2.235000  0.000025 0.000019 0.000054 0.000127 0.000055 0.000029 
6478464 binomialOPtions 1 1734 29 1.226000 2.080000  0.000026 0.000021 0.000056 0.000122 0.000061 0.000032 
6478528 binomialOPtions 1 1734 29 1.226000 2.005000  0.000036 0.000022 0.000059 0.000145 0.000065 0.000033 
6478528 binomialOPtions 1 1734 29 1.226000 2.390000  0.000027 0.000020 0.000055 0.000112 0.000057 0.000030 
6478528 binomialOPtions 1 1734 29 1.226000 2.851000  0.000027 0.000021 0.000057 0.000126 0.000062 0.000032 
6478592 binomialOPtions 1 1734 29 1.226000 2.159000  0.000027 0.000020 0.000055 0.000115 0.000058 0.000031 
6478592 binomialOPtions 1 1734 29 1.226000 2.082000  0.000027 0.000021 0.000057 0.000124 0.000062 0.000032 
6478592 binomialOPtions 1 1734 29 1.226000 3.156000  0.000025 0.000020 0.000056 0.000121 0.000059 0.000031 
6478656 binomialOPtions 1 1734 29 1.226000 2.079000  0.000022 0.000019 0.000052 0.000113 0.000054 0.000029 
6478656 binomialOPtions 1 1734 29 1.226000 2.313000  0.000024 0.000021 0.000057 0.000126 0.000061 0.000032 
6478656 binomialOPtions 1 1734 29 1.226000 2.081000  0.000025 0.000021 0.000057 0.000128 0.000062 0.000032 
6478720 binomialOPtions 1 1734 29 1.226000 2.620000  0.000025 0.000020 0.000060 0.000174 0.000065 0.000033 
6478720 binomialOPtions 1 1734 29 1.226000 3.005000  0.000023 0.000029 0.000070 0.000150 0.000080 0.000040 
6478720 binomialOPtions 1 1734 29 1.226000 2.159000  0.000024 0.000020 0.000054 0.000109 0.000058 0.000030 
6478784 binomialOPtions 1 1734 29 1.226000 2.001000  0.000029 0.000022 0.000059 0.000145 0.000064 0.000032 
6478784 binomialOPtions 1 1734 29 1.226000 2.081000  0.000025 0.000020 0.000057 0.000125 0.000061 0.000032 
6478784 binomialOPtions 1 1734 29 1.226000 2.082000  0.000021 0.000019 0.000052 0.000101 0.000053 0.000029 
6478848 binomialOPtions 1 1734 29 1.226000 2.928000  0.000026 0.000021 0.000057 0.000141 0.000064 0.000032 
6478848 binomialOPtions 1 1734 29 1.226000 2.083000  0.000022 0.000019 0.000054 0.000107 0.000056 0.000030 
6478848 binomialOPtions 1 1734 29 1.226000 2.081000  0.000024 0.000020 0.000055 0.000117 0.000059 0.000031 
6478912 binomialOPtions 1 1734 29 1.226000 2.852000  0.000030 0.000025 0.000065 0.000206 0.000072 0.000035 
6478912 binomialOPtions 1 1734 29 1.226000 2.236000  0.000030 0.000020 0.000054 0.000134 0.000057 0.000030 
6478976 binomialOPtions 1 1734 29 1.226000 2.082000  0.000026 0.000021 0.000056 0.000127 0.000062 0.000032 
6478976 binomialOPtions 1 1734 29 1.226000 2.082000  0.000031 0.000020 0.000057 0.000157 0.000061 0.000031 
6478976 binomialOPtions 1 1734 29 1.226000 2.081000  0.000025 0.000020 0.000056 0.000122 0.000060 0.000031 
6479040 binomialOPtions 1 1734 29 1.226000 2.774000  0.000154 0.000115 0.000312 0.000608 0.000263 0.000120 
6479040 binomialOPtions 1 1734 29 1.226000 2.389000  0.000023 0.000020 0.000053 0.000108 0.000057 0.000030 
6479040 binomialOPtions 1 1734 29 1.226000 2.081000  0.000022 0.000019 0.000053 0.000104 0.000056 0.000030 
6479104 binomialOPtions 1 1734 29 1.226000 2.003000  0.000023 0.000019 0.000053 0.000105 0.000057 0.000030 
6479104 binomialOPtions 1 1734 30 1.226000 2.082000  0.000021 0.000018 0.000051 0.000100 0.000052 0.000028 
6479104 binomialOPtions 1 1734 30 1.226000 2.235000  0.000028 0.000020 0.000056 0.000124 0.000061 0.000031 
6479168 binomialOPtions 1 1734 30 1.226000 2.083000  0.000022 0.000019 0.000052 0.000104 0.000055 0.000029 
6479168 binomialOPtions 1 1734 30 1.226000 2.082000  0.000025 0.000019 0.000054 0.000118 0.000059 0.000030 
6479168 binomialOPtions 1 1734 30 1.226000 3.157000  0.000024 0.000019 0.000053 0.000119 0.000058 0.000030 
6479232 binomialOPtions 1 1734 31 1.226000 2.003000  0.000025 0.000020 0.000056 0.000119 0.000058 0.000029 
6479232 binomialOPtions 1 1734 31 1.226000 2.929000  0.000023 0.000018 0.000052 0.000113 0.000056 0.000029 
6479232 binomialOPtions 1 1734 31 1.226000 2.081000  0.000026 0.000020 0.000054 0.000118 0.000058 0.000030 
6479296 binomialOPtions 1 1734 31 1.226000 2.080000  0.000025 0.000019 0.000053 0.000117 0.000057 0.000030 
6479296 binomialOPtions 1 1734 30 1.226000 2.005000  0.000022 0.000019 0.000052 0.000112 0.000056 0.000029 
6479296 binomialOPtions 1 1734 30 1.226000 2.005000  0.000027 0.000020 0.000053 0.000115 0.000056 0.000029 
6479360 binomialOPtions 1 1734 31 1.226000 2.929000  0.000025 0.000019 0.000051 0.000110 0.000055 0.000029 
6479360 binomialOPtions 1 1734 31 1.226000 2.082000  0.000020 0.000017 0.000047 0.000093 0.000048 0.000026 
6479360 binomialOPtions 1 1734 31 1.226000 2.467000  0.000023 0.000019 0.000051 0.000111 0.000055 0.000028 
6479424 binomialOPtions 1 1734 31 1.226000 3.544000  0.000022 0.000018 0.000050 0.000108 0.000054 0.000028 
6479424 binomialOPtions 1 1734 30 1.226000 2.081000  0.000022 0.000019 0.000050 0.000109 0.000055 0.000028 
6479488 binomialOPtions 1 1734 31 1.226000 2.389000  0.000021 0.000018 0.000049 0.000107 0.000053 0.000028 
6479488 binomialOPtions 1 1734 31 1.226000 1.927000  0.000028 0.000017 0.000048 0.000110 0.000049 0.000026 
6479488 binomialOPtions 1 1734 31 1.226000 2.002000  0.000022 0.000018 0.000058 0.000178 0.000062 0.000030 
6479552 binomialOPtions 1 1734 31 1.226000 2.005000  0.000022 0.000017 0.000049 0.000108 0.000053 0.000027 
6479552 binomialOPtions 1 1734 31 1.226000 1.928000  0.000023 0.000018 0.000049 0.000107 0.000053 0.000028 
6479552 binomialOPtions 1 1734 31 1.226000 2.926000  0.000021 0.000017 0.000048 0.000104 0.000051 0.000027 
6479616 binomialOPtions 1 1734 29 1.226000 2.005000  0.000019 0.000016 0.000046 0.000096 0.000048 0.000025 
6479616 binomialOPtions 1 1734 29 1.226000 2.771000  0.000018 0.000017 0.000046 0.000091 0.000049 0.000026 
6479616 binomialOPtions 1 1734 31 1.226000 2.311000  0.000019 0.000017 0.000047 0.000100 0.000052 0.000027 
6479680 binomialOPtions 1 1734 31 1.226000 1.927000  0.000022 0.000017 0.000048 0.000102 0.000051 0.000027 
6479680 binomialOPtions 1 1734 31 1.226000 3.084000  0.000019 0.000017 0.000046 0.000091 0.000049 0.000026 
6479680 binomialOPtions 1 1734 31 1.226000 2.081000  0.000019 0.000016 0.000045 0.000103 0.000047 0.000025 
6479744 binomialOPtions 1 1734 31 1.226000 2.313000  0.000024 0.000018 0.000049 0.000109 0.000053 0.000027 
6479744 binomialOPtions 1 1734 31 1.226000 2.005000  0.000022 0.000038 0.000094 0.000201 0.000066 0.000045 
6479744 binomialOPtions 1 1734 31 1.226000 1.927000  0.000020 0.000017 0.000048 0.000107 0.000053 0.000027 
6479808 binomialOPtions 1 1734 31 1.226000 3.157000  0.000019 0.000017 0.000046 0.000090 0.000049 0.000026 
6479808 binomialOPtions 1 1734 31 1.226000 2.004000  0.000027 0.000016 0.000046 0.000120 0.000049 0.000026 
6479808 binomialOPtions 1 1734 31 1.226000 2.847000  0.000020 0.000017 0.000047 0.000102 0.000051 0.000027 
6479872 binomialOPtions 1 1734 31 1.226000 2.081000  0.000020 0.000017 0.000046 0.000097 0.000048 0.000025 
6479872 binomialOPtions 1 1734 31 1.226000 2.158000  0.000020 0.000017 0.000047 0.000105 0.000052 0.000027 
6479872 binomialOPtions 1 1734 31 1.226000 3.235000  0.000022 0.000017 0.000046 0.000107 0.000050 0.000026 
6479936 binomialOPtions 1 1734 31 1.226000 2.082000  0.000018 0.000016 0.000045 0.000100 0.000046 0.000025 
6479936 binomialOPtions 1 1734 31 1.226000 2.467000  0.000024 0.000017 0.000048 0.000106 0.000052 0.000027 
6479936 binomialOPtions 1 1734 31 1.226000 2.699000  0.000020 0.000017 0.000047 0.000108 0.000050 0.000026 
6480000 binomialOPtions 1 1734 31 1.226000 2.082000  0.000023 0.000017 0.000048 0.000105 0.000051 0.000027 
6480000 binomialOPtions 1 1734 31 1.226000 2.466000  0.000019 0.000017 0.000045 0.000088 0.000048 0.000025 
6480064 binomialOPtions 1 1734 31 1.226000 2.390000  0.000019 0.000016 0.000044 0.000093 0.000046 0.000024 
6480064 binomialOPtions 1 1734 31 1.226000 2.079000  0.000019 0.000016 0.000045 0.000088 0.000048 0.000025 
6480064 binomialOPtions 1 1734 31 1.226000 2.081000  0.000020 0.000017 0.000046 0.000101 0.000049 0.000026 
6480128 binomialOPtions 1 1734 31 1.226000 2.005000  0.000019 0.000016 0.000045 0.000093 0.000050 0.000026 
6480128 binomialOPtions 1 1734 31 1.226000 3.157000  0.000019 0.000016 0.000046 0.000100 0.000051 0.000026 
6480128 binomialOPtions 1 1734 31 1.226000 2.158000  0.000018 0.000015 0.000043 0.000093 0.000045 0.000024 
6480192 binomialOPtions 1 1734 31 1.226000 3.003000  0.000024 0.000018 0.000047 0.000104 0.000051 0.000026 
6480192 binomialOPtions 1 1734 31 1.226000 2.081000  0.000023 0.000018 0.000048 0.000109 0.000053 0.000027 
6480192 binomialOPtions 1 1734 31 1.226000 2.005000  0.000023 0.000017 0.000048 0.000111 0.000053 0.000027 
6480256 binomialOPtions 1 1734 31 1.226000 3.235000  0.000019 0.000016 0.000045 0.000088 0.000047 0.000025 
6480256 binomialOPtions 1 1734 31 1.226000 2.081000  0.000018 0.000015 0.000043 0.000082 0.000044 0.000024 
6480256 binomialOPtions 1 1734 31 1.226000 2.847000  0.000024 0.000017 0.000047 0.000107 0.000053 0.000027 
6480320 binomialOPtions 1 1734 31 1.226000 2.081000  0.000018 0.000016 0.000044 0.000092 0.000045 0.000024 
6480320 binomialOPtions 1 1734 31 1.226000 2.082000  0.000023 0.000017 0.000048 0.000105 0.000051 0.000026 
6480320 binomialOPtions 1 1734 31 1.226000 2.235000  0.000021 0.000016 0.000046 0.000102 0.000050 0.000026 
6480384 binomialOPtions 1 1734 31 1.226000 2.004000  0.000024 0.000017 0.000046 0.000101 0.000050 0.000026 
6480384 binomialOPtions 1 1734 31 1.226000 3.003000  0.000019 0.000016 0.000044 0.000087 0.000047 0.000025 
6480384 binomialOPtions 1 1734 31 1.226000 2.004000  0.000018 0.000016 0.000044 0.000097 0.000046 0.000024 
6480448 binomialOPtions 1 1734 31 1.226000 3.314000  0.000017 0.000016 0.000044 0.000085 0.000047 0.000025 
6480448 binomialOPtions 1 1734 31 1.226000 2.080000  0.000020 0.000016 0.000045 0.000102 0.000051 0.000026 
6480448 binomialOPtions 1 1734 31 1.226000 2.081000  0.000021 0.000017 0.000046 0.000101 0.000050 0.000026 
6480512 binomialOPtions 1 1734 31 1.226000 3.387000  0.000021 0.000016 0.000046 0.000102 0.000051 0.000026 
6480512 binomialOPtions 1 1734 31 1.226000 2.081000  0.000020 0.000018 0.000049 0.000199 0.000051 0.000025 
6480512 binomialOPtions 1 1734 31 1.226000 2.081000  0.000021 0.000017 0.000046 0.000101 0.000050 0.000026 
6480576 binomialOPtions 1 1734 31 1.226000 1.927000  0.000020 0.000016 0.000044 0.000123 0.000048 0.000025 
6480576 binomialOPtions 1 1734 31 1.226000 2.004000  0.000024 0.000017 0.000046 0.000103 0.000050 0.000026 
6480640 binomialOPtions 1 1734 31 1.226000 3.005000  0.000018 0.000016 0.000044 0.000093 0.000047 0.000025 
6480640 binomialOPtions 1 1734 31 1.226000 2.158000  0.000017 0.000015 0.000042 0.000089 0.000043 0.000023 
6480640 binomialOPtions 1 1734 31 1.226000 2.928000  0.000019 0.000016 0.000044 0.000095 0.000048 0.000025 
6480704 binomialOPtions 1 1734 31 1.226000 2.004000  0.000018 0.000016 0.000044 0.000088 0.000046 0.000024 
6480704 binomialOPtions 1 1734 31 1.226000 2.235000  0.000021 0.000017 0.000046 0.000101 0.000050 0.000026 
6480704 binomialOPtions 1 1734 31 1.226000 2.464000  0.000018 0.000024 0.000075 0.000322 0.000108 0.000048 
6480768 binomialOPtions 1 1734 31 1.226000 2.082000  0.000025 0.000015 0.000043 0.000099 0.000045 0.000024 
6480768 binomialOPtions 1 1734 30 1.226000 3.161000  0.000018 0.000016 0.000043 0.000084 0.000045 0.000024 
6480768 binomialOPtions 1 1734 30 1.226000 2.080000  0.000019 0.000016 0.000043 0.000086 0.000046 0.000024 
6480832 binomialOPtions 1 1734 31 1.226000 2.390000  0.000017 0.000016 0.000043 0.000083 0.000046 0.000024 
6480832 binomialOPtions 1 1734 31 1.226000 3.005000  0.000018 0.000016 0.000043 0.000086 0.000045 0.000024 
6480832 binomialOPtions 1 1734 31 1.226000 3.394000  0.000022 0.000016 0.000044 0.000099 0.000050 0.000025 
6480896 binomialOPtions 1 1734 31 1.226000 2.005000  0.000023 0.000024 0.000059 0.000158 0.000060 0.000029 
6480896 binomialOPtions 1 1734 31 1.226000 2.851000  0.000022 0.000016 0.000045 0.000102 0.000050 0.000025 
6480896 binomialOPtions 1 1734 30 1.226000 2.082000  0.000022 0.000016 0.000046 0.000099 0.000047 0.000024 
6480960 binomialOPtions 1 1734 30 1.226000 3.005000  0.000027 0.000023 0.000064 0.000130 0.000069 0.000036 
6480960 binomialOPtions 1 1734 31 1.226000 2.082000  0.000020 0.000016 0.000043 0.000086 0.000046 0.000024 
6480960 binomialOPtions 1 1734 31 1.226000 2.003000  0.000021 0.000016 0.000045 0.000098 0.000049 0.000025 
6481024 binomialOPtions 1 1734 31 1.226000 2.005000  0.000020 0.000015 0.000044 0.000096 0.000048 0.000025 
6481024 binomialOPtions 1 1734 31 1.226000 2.005000  0.000024 0.000017 0.000043 0.000090 0.000045 0.000024 
6481088 binomialOPtions 1 1734 31 1.226000 3.080000  0.000018 0.000015 0.000042 0.000084 0.000045 0.000024 
6481088 binomialOPtions 1 1734 31 1.226000 2.004000  0.000018 0.000015 0.000042 0.000091 0.000046 0.000024 
6481088 binomialOPtions 1 1734 31 1.226000 3.008000  0.000019 0.000015 0.000043 0.000091 0.000046 0.000024 
6481152 binomialOPtions 1 1734 31 1.226000 3.546000  0.000020 0.000015 0.000043 0.000096 0.000048 0.000024 
6481152 binomialOPtions 1 1734 31 1.226000 2.236000  0.000020 0.000016 0.000045 0.000097 0.000047 0.000024 
6481152 binomialOPtions 1 1734 31 1.226000 2.852000  0.000018 0.000015 0.000042 0.000084 0.000045 0.000024 
6481216 binomialOPtions 1 1734 31 1.226000 2.081000  0.000026 0.000017 0.000046 0.000108 0.000051 0.000026 
6481216 binomialOPtions 1 1734 31 1.226000 2.078000  0.000018 0.000015 0.000042 0.000084 0.000044 0.000023 
6481216 binomialOPtions 1 1734 31 1.226000 2.081000  0.000020 0.000015 0.000043 0.000098 0.000048 0.000025 
6481280 binomialOPtions 1 1734 31 1.226000 2.004000  0.000019 0.000016 0.000043 0.000085 0.000043 0.000023 
6481280 binomialOPtions 1 1734 31 1.226000 3.157000  0.000020 0.000015 0.000043 0.000094 0.000047 0.000024 
6481280 binomialOPtions 1 1734 31 1.226000 2.082000  0.000018 0.000015 0.000042 0.000084 0.000044 0.000023 
6481344 binomialOPtions 1 1734 31 1.226000 2.159000  0.000017 0.000015 0.000042 0.000083 0.000045 0.000023 
6481344 binomialOPtions 1 1734 31 1.226000 4.006000  0.000018 0.000015 0.000042 0.000083 0.000044 0.000023 
6481344 binomialOPtions 1 1734 31 1.226000 2.236000  0.000017 0.000014 0.000040 0.000079 0.000041 0.000022 
6481408 binomialOPtions 1 1734 31 1.226000 2.774000  0.000022 0.000016 0.000044 0.000098 0.000067 0.000033 
6481408 binomialOPtions 1 1734 31 1.226000 2.082000  0.000017 0.000015 0.000042 0.000083 0.000044 0.000023 
6481408 binomialOPtions 1 1734 31 1.226000 2.081000  0.000019 0.000016 0.000044 0.000095 0.000047 0.000024 
6481472 binomialOPtions 1 1734 31 1.226000 2.004000  0.000020 0.000015 0.000043 0.000096 0.000047 0.000024 
6481472 binomialOPtions 1 1734 31 1.226000 2.004000  0.000016 0.000014 0.000040 0.000076 0.000041 0.000022 
6481472 binomialOPtions 1 1734 31 1.226000 3.083000  0.000020 0.000016 0.000045 0.000106 0.000048 0.000025 
6481536 binomialOPtions 1 1734 31 1.226000 2.003000  0.000017 0.000015 0.000041 0.000084 0.000044 0.000023 
6481536 binomialOPtions 1 1734 31 1.226000 2.082000  0.000018 0.000016 0.000043 0.000095 0.000047 0.000024 
6481536 binomialOPtions 1 1734 31 1.226000 2.928000  0.000023 0.000018 0.000049 0.000143 0.000051 0.000025 
6481600 binomialOPtions 1 1734 31 1.226000 2.236000  0.000016 0.000014 0.000040 0.000077 0.000040 0.000022 
6481600 binomialOPtions 1 1734 31 1.226000 2.851000  0.000017 0.000022 0.000053 0.000131 0.000061 0.000033 
6481664 binomialOPtions 1 1734 31 1.226000 2.004000  0.000023 0.000016 0.000043 0.000099 0.000048 0.000024 
6481664 binomialOPtions 1 1734 31 1.226000 2.082000  0.000022 0.000016 0.000044 0.000097 0.000047 0.000025 
6481664 binomialOPtions 1 1734 31 1.226000 3.157000  0.000017 0.000015 0.000045 0.000097 0.000047 0.000024 
6481728 binomialOPtions 1 1734 31 1.226000 2.081000  0.000016 0.000015 0.000040 0.000084 0.000041 0.000022 
6481728 binomialOPtions 1 1734 31 1.226000 2.388000  0.000018 0.000015 0.000043 0.000099 0.000048 0.000024 
6481728 binomialOPtions 1 1734 31 1.226000 2.004000  0.000018 0.000015 0.000041 0.000088 0.000044 0.000023 
6481792 binomialOPtions 1 1734 31 1.226000 2.081000  0.000127 0.000089 0.000242 0.000570 0.000271 0.000428 
6481792 binomialOPtions 1 1734 31 1.226000 2.774000  0.000019 0.000015 0.000041 0.000082 0.000042 0.000022 
6481792 binomialOPtions 1 1734 31 1.226000 2.002000  0.000123 0.000090 0.000244 0.000640 0.000274 0.000143 
6481856 binomialOPtions 1 1734 31 1.226000 2.313000  0.000016 0.000015 0.000798 0.000573 0.000324 0.000188 
6481856 binomialOPtions 1 1734 30 1.226000 2.847000  0.000019 0.000015 0.000042 0.000092 0.000046 0.000024 
6481920 binomialOPtions 1 1734 30 1.226000 2.004000  0.000021 0.000017 0.000044 0.000096 0.000044 0.000023 
6481920 binomialOPtions 1 1734 30 1.226000 2.080000  0.000021 0.000016 0.000043 0.000095 0.000047 0.000024 
6481920 binomialOPtions 1 1734 30 1.226000 2.081000  0.000018 0.000015 0.000040 0.000080 0.000043 0.000023 
6481984 binomialOPtions 1 1734 31 1.226000 2.158000  0.000016 0.000015 0.000825 0.000665 0.000343 0.000196 
6481984 binomialOPtions 1 1734 31 1.226000 3.002000  0.000021 0.000016 0.000044 0.000098 0.000047 0.000024 
6481984 binomialOPtions 1 1734 31 1.226000 2.005000  0.000016 0.000014 0.000039 0.000081 0.000042 0.000022 
6482048 binomialOPtions 1 1734 30 1.226000 2.077000  0.000020 0.000015 0.000041 0.000084 0.000044 0.000023 
6482048 binomialOPtions 1 1734 30 1.226000 1.928000  0.000019 0.000015 0.000041 0.000092 0.000046 0.000023 
6482048 binomialOPtions 1 1734 31 1.226000 2.313000  0.000019 0.000015 0.000042 0.000090 0.000045 0.000024 
6482112 binomialOPtions 1 1734 31 1.226000 3.157000  0.000017 0.000021 0.000052 0.000132 0.000060 0.000033 
6482112 binomialOPtions 1 1734 30 1.226000 2.311000  0.000019 0.000015 0.000040 0.000083 0.000043 0.000022 
6482112 binomialOPtions 1 1734 30 1.226000 2.390000  0.000021 0.000016 0.000043 0.000095 0.000047 0.000024 
6482176 binomialOPtions 1 1734 30 1.226000 3.237000  0.000018 0.000015 0.000040 0.000089 0.000044 0.000023 
6482176 binomialOPtions 1 1734 30 1.226000 2.081000  0.000019 0.000015 0.000042 0.000091 0.000045 0.000023 
6482176 binomialOPtions 1 1734 30 1.226000 2.926000  0.000018 0.000014 0.000041 0.000088 0.000044 0.000023 
6482240 binomialOPtions 1 1734 30 1.226000 2.005000  0.000016 0.000021 0.000049 0.000206 0.000052 0.000025 
6482240 binomialOPtions 1 1734 31 1.226000 2.234000  0.000020 0.000016 0.000042 0.000092 0.000046 0.000024 
6482240 binomialOPtions 1 1734 30 1.226000 2.083000  0.000107 0.000033 0.000082 0.000173 0.000058 0.000040 
6482304 binomialOPtions 1 1734 30 1.226000 1.927000  0.000020 0.000015 0.000042 0.000091 0.000045 0.000023 
6482304 binomialOPtions 1 1734 31 1.226000 3.156000  0.000016 0.000021 0.000051 0.000107 0.000059 0.000029 
6482368 binomialOPtions 1 1734 31 1.226000 2.004000  0.000022 0.000014 0.000040 0.000095 0.000041 0.000022 
6482368 binomialOPtions 1 1734 31 1.226000 2.233000  0.000016 0.000014 0.000040 0.000077 0.000041 0.000022 
6482368 binomialOPtions 1 1734 31 1.226000 2.159000  0.000018 0.000014 0.000039 0.000079 0.000041 0.000021 
6482432 binomialOPtions 1 1734 31 1.226000 2.081000  0.000020 0.000015 0.000042 0.000091 0.000046 0.000023 
6482432 binomialOPtions 1 1734 31 1.226000 3.159000  0.000016 0.000014 0.000051 0.000108 0.000051 0.000029 
6482432 binomialOPtions 1 1734 30 1.226000 2.004000  0.000017 0.000014 0.000039 0.000079 0.000042 0.000022 
6482496 binomialOPtions 1 1734 31 1.226000 2.081000  0.000016 0.000014 0.000039 0.000076 0.000041 0.000022 
6482496 binomialOPtions 1 1734 31 1.226000 3.467000  0.000017 0.000014 0.000039 0.000079 0.000042 0.000022 
6482496 binomialOPtions 1 1734 29 1.226000 2.081000  0.000016 0.000014 0.000038 0.000076 0.000039 0.000021 
6482560 binomialOPtions 1 1734 29 1.226000 2.852000  0.000016 0.000014 0.000039 0.000077 0.000041 0.000022 
6482560 binomialOPtions 1 1734 29 1.226000 2.004000  0.000016 0.000014 0.000063 0.000145 0.000059 0.000029 
6482560 binomialOPtions 1 1734 29 1.226000 2.082000  0.000016 0.000014 0.000039 0.000076 0.000041 0.000022 
6482624 binomialOPtions 1 1734 28 1.226000 2.699000  0.000017 0.000014 0.000039 0.000077 0.000041 0.000022 
6482624 binomialOPtions 1 1734 28 1.226000 2.005000  0.000016 0.000013 0.000037 0.000072 0.000039 0.000021 
6482624 binomialOPtions 1 1734 29 1.226000 2.853000  0.000018 0.000015 0.000041 0.000095 0.000045 0.000023 
6482688 binomialOPtions 1 1734 29 1.226000 2.466000  0.000017 0.000014 0.000039 0.000089 0.000043 0.000022 
6482688 binomialOPtions 1 1734 29 1.226000 2.081000  0.000018 0.000014 0.000040 0.000087 0.000043 0.000022 
6482752 binomialOPtions 1 1734 29 1.226000 2.696000  0.000022 0.000014 0.000040 0.000096 0.000043 0.000022 
6482752 binomialOPtions 1 1734 29 1.226000 1.928000  0.000020 0.000014 0.000040 0.000089 0.000043 0.000022 
6482752 binomialOPtions 1 1734 30 1.226000 2.082000  0.000111 0.000082 0.000225 0.000513 0.000254 0.000134 
6482816 binomialOPtions 1 1734 30 1.226000 3.161000  0.000017 0.000014 0.000039 0.000086 0.000043 0.000022 
6482816 binomialOPtions 1 1734 31 1.226000 2.081000  0.000015 0.000013 0.000037 0.000073 0.000038 0.000020 
6482816 binomialOPtions 1 1734 31 1.226000 2.081000  0.000020 0.000015 0.000041 0.000103 0.000046 0.000023 
6482880 binomialOPtions 1 1734 30 1.226000 2.081000  0.000015 0.000014 0.000038 0.000075 0.000040 0.000021 
6482880 binomialOPtions 1 1734 31 1.226000 1.927000  0.000108 0.000081 0.000223 0.000519 0.000256 0.000135 
6482880 binomialOPtions 1 1734 31 1.226000 3.005000  0.000017 0.000014 0.000040 0.000086 0.000043 0.000022 
6482944 binomialOPtions 1 1734 30 1.226000 2.082000  0.000016 0.000014 0.000038 0.000077 0.000040 0.000021 
6482944 binomialOPtions 1 1734 30 1.226000 2.004000  0.000015 0.000020 0.000049 0.000117 0.000056 0.000031 
6482944 binomialOPtions 1 1734 30 1.226000 2.081000  0.000017 0.000014 0.000040 0.000088 0.000043 0.000022 
6483008 binomialOPtions 1 1734 30 1.226000 2.004000  0.000015 0.000013 0.000036 0.000072 0.000037 0.000020 
6483008 binomialOPtions 1 1734 31 1.226000 3.082000  0.000018 0.000015 0.000039 0.000088 0.000044 0.000023 
6483008 binomialOPtions 1 1734 31 1.226000 2.004000  0.000016 0.000014 0.000038 0.000076 0.000040 0.000021 
6483072 binomialOPtions 1 1734 31 1.226000 3.083000  0.000016 0.000016 0.000053 0.000124 0.000052 0.000029 
6483072 binomialOPtions 1 1734 31 1.226000 3.006000  0.062797 0.054706 0.149814 0.295247 0.158204 0.083877 
6483136 binomialOPtions 1 1734 31 1.226000 2.081000  0.013310 0.011558 0.032170 0.062430 0.033157 0.017893 
6483136 binomialOPtions 1 1734 31 1.226000 2.235000  0.006773 0.005190 0.014044 0.031728 0.015462 0.007790 
6483136 binomialOPtions 1 1734 31 1.226000 2.081000  0.004377 0.003921 0.010863 0.021377 0.011470 0.006049 
6483200 binomialOPtions 1 1734 31 1.226000 2.004000  0.004211 0.003267 0.008938 0.019554 0.009605 0.004929 
6483200 binomialOPtions 1 1734 31 1.226000 2.849000  0.003319 0.002770 0.007407 0.016357 0.008043 0.004122 
6483200 binomialOPtions 1 1734 31 1.226000 2.235000  0.002427 0.002135 0.005964 0.011572 0.006093 0.003300 
6483264 binomialOPtions 1 1734 31 1.226000 2.774000  0.001770 0.001563 0.004302 0.008426 0.004583 0.002405 
6483264 binomialOPtions 1 1734 31 1.226000 2.081000  0.001681 0.001434 0.003955 0.008003 0.004197 0.002206 
6483264 binomialOPtions 1 1734 31 1.226000 2.081000  0.001753 0.001397 0.003856 0.008401 0.004226 0.002133 
6483328 binomialOPtions 1 1734 31 1.226000 2.696000  0.001546 0.001245 0.003493 0.007657 0.003797 0.001978 
6483328 binomialOPtions 1 1734 31 1.226000 2.081000  0.001493 0.001195 0.003217 0.006431 0.003302 0.001740 
6483328 binomialOPtions 1 1734 31 1.226000 2.775000  0.001434 0.001028 0.002769 0.006120 0.002984 0.001531 
6483392 binomialOPtions 1 1734 31 1.226000 2.004000  0.001025 0.000895 0.002477 0.004918 0.002595 0.001377 
6483392 binomialOPtions 1 1734 31 1.226000 2.235000  0.000903 0.000840 0.002305 0.004476 0.002445 0.001293 
6483392 binomialOPtions 1 1734 31 1.226000 3.310000  0.001056 0.000778 0.002145 0.004898 0.002357 0.001207 
6483456 binomialOPtions 1 1734 31 1.226000 2.004000  0.000754 0.000668 0.001862 0.003639 0.001912 0.001030 
6483456 binomialOPtions 1 1734 31 1.226000 2.924000  0.000673 0.000614 0.001693 0.003320 0.001784 0.000947 
6483456 binomialOPtions 1 1734 31 1.226000 2.466000  0.000667 0.000597 0.001641 0.003270 0.001741 0.000920 
6483520 binomialOPtions 1 1734 31 1.226000 2.159000  0.000627 0.000569 0.001586 0.003047 0.001661 0.000882 
6483520 binomialOPtions 1 1734 31 1.226000 2.004000  0.000726 0.000557 0.001543 0.003458 0.001718 0.000876 
6483520 binomialOPtions 1 1734 31 1.226000 2.081000  0.000717 0.000554 0.001484 0.002997 0.001520 0.000801 
6483584 binomialOPtions 1 1734 31 1.226000 3.080000  0.000659 0.000509 0.001434 0.003115 0.001557 0.000819 
6483584 binomialOPtions 1 1734 30 1.226000 2.004000  0.000989 0.000529 0.001440 0.003547 0.001453 0.000768 
6483584 binomialOPtions 1 1734 31 1.226000 2.924000  0.000582 0.000490 0.001371 0.002950 0.001487 0.000775 
6483648 binomialOPtions 1 1734 31 1.226000 2.005000  0.001553 0.000553 0.001428 0.003636 0.001534 0.000781 
6483648 binomialOPtions 1 1734 31 1.226000 2.004000  0.000623 0.000487 0.001324 0.002906 0.001444 0.000746 
6483712 binomialOPtions 1 1734 31 1.226000 3.161000  0.000537 0.000444 0.001221 0.002428 0.001289 0.000681 
6483712 binomialOPtions 1 1734 31 1.226000 2.390000  0.000513 0.000418 0.001160 0.002611 0.001211 0.000642 
6483712 binomialOPtions 1 1734 31 1.226000 2.082000  0.000449 0.000398 0.001093 0.002141 0.001160 0.000613 
6483776 binomialOPtions 1 1734 31 1.226000 2.082000  0.000509 0.000383 0.001069 0.002400 0.001191 0.000612 
6483776 binomialOPtions 1 1734 31 1.226000 2.004000  0.000458 0.000372 0.001043 0.002255 0.001141 0.000593 
6483776 binomialOPtions 1 1734 31 1.226000 3.003000  0.000428 0.000366 0.001006 0.002015 0.001073 0.000564 
6483840 binomialOPtions 1 1734 31 1.226000 2.235000  0.000627 0.000350 0.000988 0.002406 0.001009 0.000538 
6483840 binomialOPtions 1 1734 31 1.226000 2.851000  0.000500 0.000383 0.001047 0.002612 0.001141 0.000581 
6483840 binomialOPtions 1 1734 31 1.226000 2.081000  0.000451 0.000332 0.000963 0.004478 0.001232 0.000600 
6483904 binomialOPtions 1 1734 31 1.226000 1.927000  0.000376 0.000495 0.001193 0.002639 0.001399 0.000679 
6483904 binomialOPtions 1 1734 31 1.226000 3.235000  0.000367 0.000316 0.000869 0.001710 0.000922 0.000485 
6483904 binomialOPtions 1 1734 31 1.226000 2.081000  0.000360 0.000302 0.000838 0.001916 0.000887 0.000467 
6483968 binomialOPtions 1 1734 31 1.226000 2.620000  0.000405 0.000316 0.000867 0.001908 0.000953 0.000480 
6483968 binomialOPtions 1 1734 31 1.226000 3.623000  0.000373 0.000290 0.000818 0.001803 0.000889 0.000461 
6483968 binomialOPtions 1 1734 30 1.226000 2.542000  0.000373 0.000289 0.000817 0.001799 0.000881 0.000454 
6484032 binomialOPtions 1 1734 30 1.226000 2.774000  0.000314 0.000275 0.000756 0.001487 0.000811 0.000424 
6484032 binomialOPtions 1 1734 30 1.226000 2.235000  0.000480 0.000271 0.000743 0.001897 0.000765 0.000408 
6484032 binomialOPtions 1 1734 30 1.226000 2.003000  0.000344 0.000267 0.000733 0.001605 0.000795 0.000413 
6484096 binomialOPtions 1 1734 31 1.226000 2.082000  0.000288 0.000257 0.000710 0.001501 0.000764 0.000401 
6484096 binomialOPtions 1 1734 31 1.226000 2.158000  0.000306 0.000249 0.000697 0.001489 0.000775 0.000401 
6484096 binomialOPtions 1 1734 31 1.226000 2.929000  0.000287 0.000246 0.000675 0.001324 0.000712 0.000377 
6484160 binomialOPtions 1 1734 31 1.226000 2.082000  0.000342 0.000254 0.000682 0.001409 0.000723 0.000377 
6484160 binomialOPtions 1 1734 31 1.226000 1.927000  0.000319 0.000257 0.000697 0.001528 0.000758 0.000386 
6484160 binomialOPtions 1 1734 31 1.226000 2.699000  0.000288 0.000237 0.000649 0.001431 0.000731 0.000370 
6484224 binomialOPtions 1 1734 31 1.226000 2.081000  0.000334 0.000248 0.000674 0.001472 0.000719 0.000372 
6484224 binomialOPtions 1 1734 31 1.226000 3.157000  0.000315 0.000237 0.000654 0.001447 0.000753 0.000373 
6484288 binomialOPtions 1 1734 31 1.226000 2.081000  0.000238 0.000212 0.000593 0.001168 0.000609 0.000329 
6484288 binomialOPtions 1 1734 30 1.226000 3.161000  0.000245 0.000214 0.000589 0.001155 0.000624 0.000329 
6484288 binomialOPtions 1 1734 30 1.226000 2.082000  0.000239 0.000208 0.000579 0.001158 0.000607 0.000324 
6484352 binomialOPtions 1 1734 31 1.226000 2.005000  0.000275 0.000220 0.000606 0.001327 0.000659 0.000338 
6484352 binomialOPtions 1 1734 31 1.226000 3.623000  0.000242 0.000206 0.000568 0.001120 0.000601 0.000318 
6484352 binomialOPtions 1 1734 31 1.226000 2.004000  0.000220 0.000194 0.000541 0.001039 0.000557 0.000300 
6484416 binomialOPtions 1 1734 31 1.226000 2.311000  0.000287 0.000212 0.000572 0.001396 0.000663 0.000330 
6484416 binomialOPtions 1 1734 31 1.226000 2.081000  0.000248 0.000208 0.000571 0.001258 0.000630 0.000323 
6484416 binomialOPtions 1 1734 31 1.226000 2.004000  0.000280 0.000209 0.000576 0.001286 0.000630 0.000319 
6484480 binomialOPtions 1 1734 31 1.226000 2.851000  0.000255 0.000196 0.000547 0.001227 0.000611 0.000313 
6484480 binomialOPtions 1 1734 31 1.226000 1.926000  0.000246 0.000197 0.000529 0.001059 0.000541 0.000286 
6484480 binomialOPtions 1 1734 31 1.226000 3.003000  0.000280 0.000198 0.000542 0.001197 0.000587 0.000302 
6484544 binomialOPtions 1 1734 30 1.226000 2.082000  0.000282 0.000198 0.000539 0.001159 0.000557 0.000288 
6484544 binomialOPtions 1 1734 30 1.226000 2.005000  0.000236 0.000192 0.000532 0.001147 0.000571 0.000299 
6484544 binomialOPtions 1 1734 31 1.226000 2.080000  0.000230 0.000181 0.000512 0.001147 0.000544 0.000285 
6484608 binomialOPtions 1 1734 31 1.226000 2.004000  0.000194 0.000170 0.000476 0.000918 0.000487 0.000263 
6484608 binomialOPtions 1 1734 30 1.226000 3.083000  0.000234 0.000184 0.000506 0.001149 0.000564 0.000287 
6484608 binomialOPtions 1 1734 31 1.226000 2.235000  0.000265 0.000185 0.000506 0.001120 0.000556 0.000286 
6484672 binomialOPtions 1 1734 31 1.226000 2.004000  0.000247 0.000183 0.000502 0.001127 0.000543 0.000276 
6484672 binomialOPtions 1 1734 30 1.226000 3.160000  0.000223 0.000177 0.000507 0.001237 0.000550 0.000275 
6484672 binomialOPtions 1 1734 30 1.226000 2.159000  0.000175 0.000156 0.000435 0.000857 0.000448 0.000241 
6484736 binomialOPtions 1 1734 31 1.226000 2.929000  0.000198 0.000161 0.000464 0.001048 0.000510 0.000263 
6484736 binomialOPtions 1 1734 31 1.226000 2.159000  0.000181 0.000161 0.000444 0.000882 0.000468 0.000248 
6484800 binomialOPtions 1 1734 30 1.226000 1.926000  0.000232 0.000172 0.000475 0.001061 0.000516 0.000265 
6484800 binomialOPtions 1 1734 30 1.226000 3.082000  0.000192 0.000158 0.000436 0.000876 0.000461 0.000244 
6484800 binomialOPtions 1 1734 30 1.226000 2.004000  0.000222 0.000150 0.000416 0.000989 0.000451 0.000239 
6484864 binomialOPtions 1 1734 30 1.226000 2.158000  0.000201 0.000161 0.000444 0.000965 0.000481 0.000251 
6484864 binomialOPtions 1 1734 30 1.226000 2.082000  0.000180 0.000153 0.000428 0.000872 0.000450 0.000236 
6484864 binomialOPtions 1 1734 31 1.226000 2.313000  0.000201 0.000158 0.000440 0.000964 0.000474 0.000246 
6484928 binomialOPtions 1 1734 31 1.226000 2.929000  0.000215 0.000161 0.000442 0.001008 0.000483 0.000243 
6484928 binomialOPtions 1 1734 31 1.226000 1.928000  0.000185 0.000151 0.000420 0.000923 0.000460 0.000239 
6484928 binomialOPtions 1 1734 31 1.226000 2.004000  0.000188 0.000151 0.000421 0.000924 0.000452 0.000234 
6484992 binomialOPtions 1 1734 31 1.226000 2.004000  0.000166 0.000143 0.000393 0.000779 0.000419 0.000220 
6484992 binomialOPtions 1 1734 31 1.226000 2.080000  0.000151 0.000134 0.000374 0.000734 0.000383 0.000207 
6484992 binomialOPtions 1 1734 31 1.226000 2.698000  0.000205 0.000152 0.000415 0.000955 0.000454 0.000229 
6485056 binomialOPtions 1 1734 31 1.226000 2.082000  0.000156 0.000139 0.000381 0.000787 0.000410 0.000214 
6485056 binomialOPtions 1 1734 30 1.226000 2.539000  0.000170 0.000144 0.000404 0.000889 0.000438 0.000223 
6485056 binomialOPtions 1 1734 31 1.226000 3.391000  0.000150 0.000132 0.000378 0.000822 0.000411 0.000214 
6485120 binomialOPtions 1 1734 31 1.226000 2.082000  0.000204 0.000144 0.000381 0.000793 0.000390 0.000205 
6485120 binomialOPtions 1 1734 30 1.226000 3.006000  0.000193 0.000143 0.000385 0.000870 0.000425 0.000216 
6485120 binomialOPtions 1 1734 30 1.226000 2.004000  0.000148 0.000130 0.000359 0.000714 0.000379 0.000201 
6485184 binomialOPtions 1 1734 30 1.226000 2.235000  0.000151 0.000129 0.000361 0.000768 0.000400 0.000208 
6485184 binomialOPtions 1 1734 30 1.226000 3.003000  0.000161 0.000128 0.000363 0.000800 0.000398 0.000206 
6485248 binomialOPtions 1 1734 31 1.226000 2.081000  0.000185 0.000141 0.000375 0.000781 0.000380 0.000198 
6485248 binomialOPtions 1 1734 31 1.226000 2.772000  0.000156 0.000091 0.000195 0.000354 0.000162 0.000076 
6485248 binomialOPtions 1 1734 31 1.226000 2.082000  0.000133 0.000122 0.000339 0.000664 0.000353 0.000189 
6485312 binomialOPtions 1 1734 31 1.226000 2.082000  0.000185 0.000130 0.000357 0.000791 0.000388 0.000199 
6485312 binomialOPtions 1 1734 31 1.226000 2.849000  0.000154 0.000124 0.000343 0.000758 0.000374 0.000194 
6485312 binomialOPtions 1 1734 31 1.226000 2.004000  0.000133 0.000114 0.000320 0.000625 0.000324 0.000176 
6485376 binomialOPtions 1 1734 31 1.226000 3.544000  0.000171 0.000128 0.000351 0.000758 0.000377 0.000194 
6485376 binomialOPtions 1 1734 30 1.226000 2.081000  0.000183 0.000128 0.000345 0.000757 0.000378 0.000194 
6485376 binomialOPtions 1 1734 30 1.226000 2.082000  0.000171 0.000128 0.000350 0.000762 0.000377 0.000193 
6485440 binomialOPtions 1 1734 31 1.226000 2.928000  0.000135 0.000116 0.000320 0.000629 0.000338 0.000178 
6485440 binomialOPtions 1 1734 31 1.226000 2.005000  0.000125 0.000109 0.000305 0.000594 0.000312 0.000169 
6485440 binomialOPtions 1 1734 30 1.226000 2.698000  0.000141 0.000116 0.000330 0.000721 0.000354 0.000184 
6485504 binomialOPtions 1 1734 30 1.226000 2.082000  0.000129 0.000113 0.000312 0.000632 0.000334 0.000174 
6485504 binomialOPtions 1 1734 31 1.226000 2.080000  0.000164 0.000122 0.000330 0.000730 0.000357 0.000183 
6485504 binomialOPtions 1 1734 31 1.226000 2.926000  0.000148 0.000115 0.000320 0.000713 0.000346 0.000179 
6485568 binomialOPtions 1 1734 31 1.226000 2.081000  0.000119 0.000105 0.000295 0.000570 0.000300 0.000162 
6485568 binomialOPtions 1 1734 31 1.226000 2.847000  0.000143 0.000117 0.000321 0.000696 0.000346 0.000177 
6485568 binomialOPtions 1 1734 31 1.226000 2.158000  0.000126 0.000110 0.000303 0.000606 0.000320 0.000169 
6485632 binomialOPtions 1 1734 30 1.226000 2.082000  0.000122 0.000160 0.000387 0.000961 0.000448 0.000246 
6485632 binomialOPtions 1 1734 30 1.226000 2.004000  0.000128 0.000107 0.000295 0.000584 0.000312 0.000165 
6485632 binomialOPtions 1 1734 31 1.226000 2.236000  0.000119 0.000101 0.000282 0.000581 0.000297 0.000157 
6485696 binomialOPtions 1 1734 31 1.226000 2.543000  0.000155 0.000113 0.000307 0.000709 0.000347 0.000173 
6485696 binomialOPtions 1 1734 31 1.226000 2.004000  0.000120 0.000104 0.000288 0.000583 0.000304 0.000161 
6485760 binomialOPtions 1 1734 31 1.226000 2.236000  0.000151 0.000112 0.000303 0.000672 0.000326 0.000169 
6485760 binomialOPtions 1 1734 31 1.226000 3.156000  0.000136 0.000106 0.000296 0.000651 0.000326 0.000166 
6485760 binomialOPtions 1 1734 31 1.226000 2.081000  0.000113 0.000097 0.000272 0.000531 0.000277 0.000150 
6485824 binomialOPtions 1 1734 30 1.226000 2.770000  0.000136 0.000106 0.000294 0.000646 0.000318 0.000163 
6485824 binomialOPtions 1 1734 30 1.226000 2.082000  0.000113 0.000101 0.000279 0.000545 0.000293 0.000155 
6485824 binomialOPtions 1 1734 30 1.226000 2.236000  0.000107 0.000119 0.000315 0.000732 0.000340 0.000170 
6485888 binomialOPtions 1 1734 31 1.226000 2.005000  0.000129 0.000107 0.000286 0.000642 0.000317 0.000162 
6485888 binomialOPtions 1 1734 31 1.226000 2.005000  0.000108 0.000094 0.000263 0.000510 0.000271 0.000146 
6485888 binomialOPtions 1 1734 30 1.226000 3.083000  0.000143 0.000107 0.000287 0.000630 0.000309 0.000158 
6485952 binomialOPtions 1 1734 30 1.226000 1.927000  0.000113 0.000097 0.000267 0.000543 0.000281 0.000149 
6485952 binomialOPtions 1 1734 30 1.226000 2.622000  0.000105 0.000096 0.000266 0.000519 0.000281 0.000149 
6485952 binomialOPtions 1 1734 30 1.226000 3.236000  0.000114 0.000096 0.000262 0.000528 0.000283 0.000149 
6486016 binomialOPtions 1 1734 30 1.226000 2.004000  0.000104 0.000089 0.000250 0.000489 0.000257 0.000138 
6486016 binomialOPtions 1 1734 30 1.226000 3.005000  0.000134 0.000100 0.000277 0.000612 0.000301 0.000153 
6486016 binomialOPtions 1 1734 30 1.226000 2.698000  0.000104 0.000092 0.000253 0.000503 0.000269 0.000142 
6486080 binomialOPtions 1 1734 30 1.226000 2.082000  0.000123 0.000097 0.000264 0.000587 0.000291 0.000148 
6486080 binomialOPtions 1 1734 30 1.226000 3.239000  0.000107 0.000091 0.000250 0.000496 0.000266 0.000140 
6486080 binomialOPtions 1 1734 30 1.226000 2.082000  0.000098 0.000086 0.000240 0.000462 0.000248 0.000133 
6486144 binomialOPtions 1 1734 30 1.226000 2.693000  0.000128 0.000096 0.000263 0.000594 0.000289 0.000145 
6486144 binomialOPtions 1 1734 31 1.226000 2.081000  0.000129 0.000096 0.000262 0.000574 0.000280 0.000144 
6486144 binomialOPtions 1 1734 31 1.226000 2.004000  0.000109 0.000086 0.000240 0.000524 0.000263 0.000137 
6486208 binomialOPtions 1 1734 31 1.226000 2.081000  0.000102 0.000086 0.000237 0.000469 0.000252 0.000133 
6486208 binomialOPtions 1 1734 31 1.226000 2.081000  0.000091 0.000085 0.000235 0.000451 0.000248 0.000131 
6486272 binomialOPtions 1 1734 30 1.226000 3.003000  0.000097 0.000084 0.000232 0.000455 0.000243 0.000129 
6486272 binomialOPtions 1 1734 30 1.226000 1.928000  0.000093 0.000081 0.000226 0.000514 0.000234 0.000126 
6486272 binomialOPtions 1 1734 30 1.226000 2.699000  0.000104 0.000087 0.000239 0.000534 0.000262 0.000134 
6486336 binomialOPtions 1 1734 31 1.226000 3.390000  0.000104 0.000084 0.000234 0.000529 0.000263 0.000134 
6486336 binomialOPtions 1 1734 31 1.226000 2.005000  0.000117 0.000088 0.000242 0.000521 0.000261 0.000134 
6486336 binomialOPtions 1 1734 30 1.226000 2.619000  0.000108 0.000083 0.000237 0.000561 0.000259 0.000134 
6486400 binomialOPtions 1 1734 30 1.226000 2.081000  0.000133 0.000082 0.000226 0.000542 0.000232 0.000123 
6486400 binomialOPtions 1 1734 30 1.226000 2.235000  0.000114 0.000088 0.000241 0.000547 0.000261 0.000132 
6486400 binomialOPtions 1 1734 30 1.226000 2.081000  -1.362667 0.839668 1.849399 -1.362426 0.798681 0.305736 
6486464 binomialOPtions 1 1734 30 1.226000 2.004000  0.000089 0.000080 0.000221 0.000425 0.000234 0.000124 
6486464 binomialOPtions 1 1734 30 1.226000 2.926000  0.000092 0.000079 0.000218 0.000430 0.000231 0.000122 
6486464 binomialOPtions 1 1734 30 1.226000 2.005000  0.000090 0.000077 0.000213 0.000488 0.000225 0.000118 
6486528 binomialOPtions 1 1734 30 1.226000 3.083000  0.000087 0.000078 0.000214 0.000417 0.000226 0.000119 
6486528 binomialOPtions 1 1734 30 1.226000 2.622000  0.000091 0.000077 0.000212 0.000422 0.000227 0.000119 
6486528 binomialOPtions 1 1734 30 1.226000 2.236000  0.000084 0.000076 0.000211 0.000408 0.000220 0.000117 
6486592 binomialOPtions 1 1734 30 1.226000 3.235000  0.000094 0.000075 0.000223 0.000668 0.000251 0.000125 
6486592 binomialOPtions 1 1734 30 1.226000 2.081000  0.000081 0.000071 0.000198 0.000392 0.000204 0.000111 
6486592 binomialOPtions 1 1734 30 1.226000 2.081000  0.000101 0.000078 0.000219 0.000480 0.000235 0.000121 
6486656 binomialOPtions 1 1734 30 1.226000 2.080000  0.000089 0.000074 0.000204 0.000452 0.000215 0.000114 
6486656 binomialOPtions 1 1734 30 1.226000 2.005000  0.000103 0.000076 0.000213 0.000487 0.000238 0.000123 
