#Timestamp	Benchmark	Run(#)	CPU Frequency (MHz)	CPU Temperature(C)	CPU Voltage(V)	CPU Power(W)	CPU_CYCLES	L1_DATA_CACHE_ACCESS	INSTRUCTIONS_RETIRED	BUS_CYCLES	L1I_CACHE_ACCESS	PREDICTABLE_BRANCH_SPECULATIVELY_EXECUTED
64 srad_v2 1 102 23 0.842000 0.308000  0.000022 0.000019 0.000051 0.000109 0.000057 0.000028 
128 srad_v2 1 102 23 0.842000 0.385000  0.000017 0.000016 0.000044 0.000083 0.000045 0.000024 
128 srad_v2 1 102 23 0.842000 0.308000  0.000025 0.000017 0.000046 0.000092 0.000047 0.000025 
192 srad_v2 1 102 23 0.842000 0.308000  0.000017 0.000016 0.000044 0.000090 0.000047 0.000025 
256 srad_v2 1 102 23 0.842000 0.308000  0.000024 0.000021 0.000057 0.000111 0.000060 0.000033 
256 srad_v2 1 102 23 0.842000 0.308000  0.000023 0.000021 0.000057 0.000108 0.000059 0.000032 
320 srad_v2 1 102 22 0.842000 0.385000  0.003411 0.001390 0.002960 0.003431 0.001494 0.000713 
320 srad_v2 1 102 23 0.842000 0.308000  0.000018 0.000016 0.000044 0.000084 0.000048 0.000025 
384 srad_v2 1 102 23 0.842000 0.308000  0.000018 0.000016 0.000044 0.000085 0.000045 0.000024 
448 srad_v2 1 102 23 0.842000 0.308000  0.000021 0.000018 0.000048 0.000098 0.000053 0.000027 
448 srad_v2 1 102 23 0.842000 0.385000  0.000018 0.000016 0.000044 0.000085 0.000048 0.000025 
512 srad_v2 1 102 23 0.842000 0.308000  0.000017 0.000016 0.000044 0.000084 0.000045 0.000025 
