#Timestamp	Benchmark	Run(#)	CPU Frequency (MHz)	CPU Temperature(C)	CPU Voltage(V)	CPU Power(W)	CPU_CYCLES	L1_DATA_CACHE_ACCESS	INSTRUCTIONS_RETIRED	BUS_CYCLES	L1I_CACHE_ACCESS	PREDICTABLE_BRANCH_SPECULATIVELY_EXECUTED
5245120 radixSortThrust 1 921 32 1.015000 1.233000  0.000241 0.000208 0.000569 0.001136 0.000605 0.000319 
5245184 radixSortThrust 1 921 32 1.015000 1.078000  0.000222 0.000202 0.000557 0.001061 0.000589 0.000312 
5245184 radixSortThrust 1 921 31 1.015000 1.232000  0.000243 0.000199 0.000570 0.001215 0.000656 0.000336 
5245248 radixSortThrust 1 921 31 1.015000 0.770000  0.000203 0.000187 0.000523 0.001007 0.000535 0.000290 
5245248 radixSortThrust 1 921 30 1.015000 1.079000  0.000273 0.000211 0.000570 0.001227 0.000628 0.000324 
5245248 radixSortThrust 1 921 30 1.015000 0.770000  0.000235 0.000202 0.000545 0.001099 0.000578 0.000302 
5245312 radixSortThrust 1 921 29 1.015000 0.848000  0.000271 0.000205 0.000557 0.001189 0.000604 0.000311 
5245312 radixSortThrust 1 921 29 1.015000 1.233000  0.000210 0.000187 0.000512 0.000989 0.000540 0.000286 
5245312 radixSortThrust 1 921 29 1.015000 0.770000  0.000197 0.000176 0.000488 0.000934 0.000506 0.000272 
5245376 radixSortThrust 1 921 29 1.015000 1.080000  0.000200 0.000179 0.000490 0.000936 0.000519 0.000275 
5245376 radixSortThrust 1 921 29 1.015000 0.771000  0.000201 0.000176 0.000484 0.000938 0.000510 0.000273 
5245376 radixSortThrust 1 921 29 1.015000 1.079000  0.000201 0.000172 0.000471 0.001072 0.000588 0.000298 
5245440 radixSortThrust 1 921 29 1.015000 1.312000  0.000193 0.000171 0.000465 0.000904 0.000502 0.000262 
5245440 radixSortThrust 1 921 29 1.015000 0.849000  0.000180 0.000167 0.000459 0.000877 0.000483 0.000257 
5245440 radixSortThrust 1 921 28 1.015000 1.080000  0.000228 0.000176 0.000471 0.000980 0.000512 0.000261 
5245504 radixSortThrust 1 921 28 1.015000 0.848000  0.000168 0.000153 0.000425 0.000825 0.000443 0.000238 
5245504 radixSortThrust 1 921 29 1.015000 1.080000  0.000212 0.000171 0.000467 0.000968 0.000507 0.000260 
5245568 radixSortThrust 1 921 29 1.015000 0.694000  0.000176 0.000157 0.000435 0.000841 0.000456 0.000243 
5245568 radixSortThrust 1 921 29 1.015000 1.156000  0.000211 0.000174 0.000464 0.000984 0.000502 0.000256 
5245568 radixSortThrust 1 921 29 1.015000 1.233000  0.000241 0.000160 0.000451 0.000978 0.000509 0.000258 
5245632 radixSortThrust 1 921 29 1.015000 0.770000  0.000164 0.000146 0.000409 0.000784 0.000420 0.000226 
5245632 radixSortThrust 1 921 29 1.015000 1.155000  0.000168 0.000154 0.000423 0.000813 0.000448 0.000244 
5245632 radixSortThrust 1 921 29 1.015000 0.693000  0.000160 0.000153 0.000420 0.000933 0.000432 0.000230 
5245696 radixSortThrust 1 921 28 1.015000 0.693000  0.000198 0.000159 0.000441 0.000951 0.000490 0.000249 
5245696 radixSortThrust 1 921 28 1.015000 0.694000  0.000175 0.000154 0.000431 0.000910 0.000471 0.000245 
5245696 radixSortThrust 1 921 28 1.015000 0.694000  0.000203 0.000156 0.000429 0.000916 0.000469 0.000245 
5245760 radixSortThrust 1 921 28 1.015000 1.234000  0.000209 0.000156 0.000425 0.000920 0.000473 0.000243 
5245760 radixSortThrust 1 921 28 1.015000 0.770000  0.000153 0.000137 0.000383 0.000724 0.000392 0.000212 
5245824 radixSortThrust 1 921 28 1.015000 1.078000  0.000165 0.000145 0.000404 0.000835 0.000440 0.000229 
5245824 radixSortThrust 1 921 28 1.015000 0.693000  0.000233 0.000146 0.000405 0.000931 0.000415 0.000220 
5245824 radixSortThrust 1 921 28 1.015000 1.156000  0.000166 0.000145 0.000403 0.000852 0.000445 0.000231 
5245888 radixSortThrust 1 921 28 1.015000 0.694000  0.000145 0.000135 0.000376 0.000802 0.000388 0.000208 
5245888 radixSortThrust 1 921 28 1.015000 0.694000  0.000425 0.000172 0.000441 0.001131 0.000486 0.000250 
5245888 radixSortThrust 1 921 28 1.015000 1.078000  0.000159 0.000140 0.000383 0.000745 0.000414 0.000215 
5245952 radixSortThrust 1 921 28 1.015000 0.694000  0.000148 0.003260 0.007624 0.005657 0.003186 0.001817 
5245952 radixSortThrust 1 921 28 1.015000 1.157000  0.000147 0.000133 0.000363 0.000699 0.000386 0.000203 
5245952 radixSortThrust 1 921 28 1.015000 0.694000  0.000152 0.000131 0.000361 0.000722 0.000388 0.000201 
5246016 radixSortThrust 1 921 28 1.015000 0.693000  0.000141 0.000130 0.000359 0.000686 0.000382 0.000201 
5246016 radixSortThrust 1 921 28 1.015000 1.157000  0.000021 0.000016 0.000044 0.000095 0.000049 0.000025 
5246080 radixSortThrust 1 921 27 1.015000 0.694000  0.000131 0.000120 0.000336 0.000635 0.000344 0.000186 
5246080 radixSortThrust 1 921 27 1.015000 1.003000  0.000150 0.000134 0.000361 0.000776 0.000397 0.000205 
5246080 radixSortThrust 1 921 28 1.015000 0.694000  0.000133 0.000122 0.000345 0.000734 0.000352 0.000189 
5246144 radixSortThrust 1 921 28 1.015000 1.003000  0.000136 0.000125 0.000344 0.000661 0.000366 0.000192 
5246144 radixSortThrust 1 921 28 1.015000 0.770000  0.000138 0.000124 0.000341 0.000649 0.000359 0.000190 
5246144 radixSortThrust 1 921 27 1.015000 1.001000  0.000135 0.000122 0.000336 0.000638 0.000354 0.000188 
5246208 radixSortThrust 1 921 27 1.015000 1.233000  0.000172 0.000149 0.000380 0.000858 0.000411 0.000203 
5246208 radixSortThrust 1 921 28 1.015000 0.694000  0.000121 0.000112 0.000315 0.000593 0.000319 0.000173 
5246208 radixSortThrust 1 921 28 1.015000 1.156000  0.000129 0.000117 0.000323 0.001240 0.000522 0.000250 
5246272 radixSortThrust 1 921 27 1.015000 0.694000  0.000121 0.000110 0.000308 0.000584 0.000313 0.000170 
5246272 radixSortThrust 1 921 27 1.015000 0.693000  0.000158 0.000122 0.000338 0.000729 0.000377 0.000192 
5246336 radixSortThrust 1 921 27 1.015000 0.694000  0.000194 0.000119 0.000361 0.000908 0.000370 0.000186 
5246336 radixSortThrust 1 921 27 1.015000 0.693000  0.000152 0.000123 0.000334 0.000709 0.000370 0.000190 
5246336 radixSortThrust 1 921 27 1.015000 1.080000  0.000165 0.000122 0.000330 0.000709 0.000367 0.000187 
5246400 radixSortThrust 1 921 27 1.015000 0.616000  0.021622 0.005827 0.012244 0.021726 0.006587 0.002879 
5246400 radixSortThrust 1 921 27 1.015000 1.001000  0.000153 0.000121 0.000332 0.000699 0.000366 0.000189 
5246400 radixSortThrust 1 921 27 1.015000 0.925000  0.000122 0.000113 0.000310 0.000592 0.000325 0.000173 
5246464 radixSortThrust 1 921 27 1.015000 0.925000  0.000152 0.000121 0.000329 0.000698 0.000365 0.000187 
5246464 radixSortThrust 1 921 27 1.015000 1.311000  0.000141 0.000223 0.000526 0.001202 0.000510 0.000241 
5246464 radixSortThrust 1 921 27 1.015000 0.694000  0.029556 0.008275 0.017479 0.029680 0.009269 0.004044 
5246528 radixSortThrust 1 921 27 1.015000 1.001000  0.000151 0.000119 0.000355 0.000816 0.000371 0.000188 
5246528 radixSortThrust 1 921 27 1.015000 1.080000  0.000120 0.000112 0.000307 0.000593 0.000321 0.000170 
5246592 radixSortThrust 1 921 27 1.015000 0.694000  0.000119 0.000110 0.000303 0.000578 0.000319 0.000169 
5246592 radixSortThrust 1 921 27 1.015000 1.232000  0.000123 0.000109 0.000298 0.000566 0.000314 0.000167 
5246592 radixSortThrust 1 921 27 1.015000 0.617000  0.000113 0.000103 0.000285 0.000539 0.000296 0.000158 
5246656 radixSortThrust 1 921 27 1.015000 1.157000  0.000116 0.000106 0.000292 0.000559 0.000311 0.000165 
5246656 radixSortThrust 1 921 27 1.015000 0.693000  0.000138 0.000102 0.000291 0.000586 0.000294 0.000157 
5246656 radixSortThrust 1 921 27 1.015000 1.157000  0.000129 0.000210 0.000501 0.001277 0.000489 0.000232 
5246720 radixSortThrust 1 921 27 1.015000 0.694000  0.000121 0.000104 0.000287 0.000582 0.000302 0.000160 
5246720 radixSortThrust 1 921 27 1.015000 1.001000  0.000173 0.000109 0.000296 0.000626 0.000308 0.000161 
5246720 radixSortThrust 1 921 27 1.015000 1.002000  0.000128 0.000104 0.000283 0.000587 0.000301 0.000159 
5246784 radixSortThrust 1 921 27 1.015000 0.538000  0.000120 0.000107 0.000289 0.000668 0.000311 0.000164 
5246784 radixSortThrust 1 921 27 1.015000 1.309000  0.000125 0.000105 0.000282 0.000616 0.000309 0.000157 
5246848 radixSortThrust 1 921 28 1.015000 0.770000  0.000127 0.000094 0.000266 0.000615 0.000269 0.000147 
5246848 radixSortThrust 1 921 28 1.015000 0.615000  0.000135 0.000101 0.000319 0.000921 0.000333 0.000167 
5246848 radixSortThrust 1 921 28 1.015000 0.616000  0.000035 0.000025 0.000071 0.000163 0.000089 0.000044 
5246912 radixSortThrust 1 921 28 1.015000 0.616000  0.000036 0.000025 0.000071 0.000158 0.000088 0.000044 
5246912 radixSortThrust 1 921 28 1.015000 0.384000  0.000115 0.000093 0.000258 0.000516 0.000268 0.000145 
5246912 radixSortThrust 1 921 28 1.015000 1.310000  0.000177 0.000099 0.000268 0.000716 0.000291 0.000151 
5246976 radixSortThrust 1 921 28 1.015000 0.461000  0.000032 0.000024 0.000068 0.000148 0.000088 0.000043 
5246976 radixSortThrust 1 921 28 1.015000 0.769000  0.000130 0.000113 0.000299 0.000831 0.000319 0.000223 
5247040 radixSortThrust 1 921 28 1.015000 1.079000  0.000107 0.000088 0.000247 0.000493 0.000254 0.000137 
5247040 radixSortThrust 1 921 28 1.015000 1.079000  0.000123 0.000098 0.000267 0.000605 0.000297 0.000152 
5247040 radixSortThrust 1 921 28 1.015000 0.848000  0.000107 0.000089 0.000247 0.000539 0.000258 0.000137 
5247104 radixSortThrust 1 921 28 1.015000 0.692000  0.000117 0.000094 0.000263 0.000691 0.000280 0.000147 
5247104 radixSortThrust 1 921 28 1.015000 0.923000  0.000125 0.000093 0.000258 0.000575 0.000272 0.000142 
5247104 radixSortThrust 1 921 28 1.015000 0.769000  0.000107 0.000092 0.000256 0.000600 0.000277 0.000146 
5247168 radixSortThrust 1 921 28 1.015000 0.693000  0.000032 0.000022 0.000064 0.000150 0.000080 0.000040 
5247168 radixSortThrust 1 921 28 1.015000 0.384000  0.356494 1.111602 0.386211 1.111651 0.000022 0.029404 
5247232 radixSortThrust 1 921 28 1.015000 1.309000  0.000713 0.000528 0.001439 0.003731 0.001706 0.000801 
5247232 radixSortThrust 1 921 28 1.015000 0.539000  0.000035 0.000022 0.000062 0.000145 0.000079 0.000039 
5247232 radixSortThrust 1 921 28 1.015000 0.384000  0.000104 0.000087 0.000244 0.000506 0.000257 0.000136 
5247296 radixSortThrust 1 921 28 1.015000 0.769000  0.000033 0.000021 0.000066 0.000163 0.000081 0.000039 
5247296 radixSortThrust 1 921 28 1.015000 0.615000  0.000100 0.000080 0.000225 0.001119 0.000342 0.000167 
5247296 radixSortThrust 1 921 28 1.015000 1.156000  0.000112 0.000087 0.000244 0.000559 0.000274 0.000138 
5247360 radixSortThrust 1 921 28 1.015000 0.848000  0.000119 0.000087 0.000233 0.000503 0.000242 0.000127 
5247360 radixSortThrust 1 921 28 1.015000 0.538000  0.000097 0.000085 0.000231 0.000472 0.000259 0.000132 
5247424 radixSortThrust 1 921 28 1.015000 1.077000  0.000097 0.000078 0.000221 0.000457 0.000228 0.000121 
5247424 radixSortThrust 1 921 28 1.015000 0.539000  0.000095 0.000080 0.000226 0.000485 0.000240 0.000126 
5247424 radixSortThrust 1 921 28 1.015000 0.384000  0.000095 0.000076 0.000213 0.000426 0.000218 0.000118 
5247488 radixSortThrust 1 921 28 1.015000 0.616000  0.000096 0.000079 0.000220 0.000439 0.000231 0.000123 
5247488 radixSortThrust 1 921 28 1.015000 0.615000  0.000091 0.000075 0.000210 0.000416 0.000216 0.000117 
5247488 radixSortThrust 1 921 28 1.015000 1.310000  0.000096 0.000078 0.000219 0.000472 0.000234 0.000122 
5247552 radixSortThrust 1 921 28 1.015000 1.156000  0.340954 1.097906 0.367497 1.097949 0.000025 0.026742 
5247552 radixSortThrust 1 921 28 1.015000 0.769000  0.000108 0.000079 0.000224 0.000551 0.000252 0.000129 
5247552 radixSortThrust 1 921 28 1.015000 0.384000  0.000029 0.000019 0.000055 0.000126 0.000069 0.000034 
5247616 radixSortThrust 1 921 28 1.015000 1.001000  0.000093 0.000082 0.000221 0.000488 0.000232 0.000121 
5247616 radixSortThrust 1 921 28 1.015000 1.078000  0.000027 0.000019 0.000055 0.000127 0.000069 0.000034 
5247616 radixSortThrust 1 921 28 1.015000 1.078000  0.000022 0.000019 0.000054 0.000117 0.000067 0.000034 
5247680 radixSortThrust 1 921 28 1.015000 1.001000  0.000025 0.000019 0.000054 0.000121 0.000066 0.000033 
5247680 radixSortThrust 1 921 28 1.015000 0.923000  0.000813 0.000454 0.001248 0.003561 0.001406 0.000740 
5247744 radixSortThrust 1 921 28 1.015000 1.464000  0.000107 0.000077 0.000216 0.000495 0.000242 0.000122 
5247744 radixSortThrust 1 921 28 1.015000 0.847000  0.000077 0.000069 0.000198 0.000435 0.000202 0.000108 
5247744 radixSortThrust 1 921 28 1.015000 1.232000  0.000278 0.000109 0.000327 0.000887 0.000359 0.000170 
5247808 radixSortThrust 1 921 28 1.015000 0.384000  0.000086 0.000069 0.000199 0.000482 0.000214 0.000111 
5247808 radixSortThrust 1 921 28 1.015000 0.693000  0.000026 0.000018 0.000055 0.000134 0.000068 0.000033 
5247872 radixSortThrust 1 921 28 1.015000 0.847000  0.000090 0.000070 0.000193 0.000412 0.000200 0.000107 
5247872 radixSortThrust 1 921 28 1.015000 0.693000  0.000356 0.000107 0.000280 0.001025 0.000319 0.000169 
5247872 radixSortThrust 1 921 28 1.015000 0.846000  0.000104 0.000067 0.000187 0.000451 0.000192 0.000104 
5247936 radixSortThrust 1 921 28 1.015000 0.692000  0.000100 0.000075 0.000199 0.000434 0.000209 0.000111 
5247936 radixSortThrust 1 921 28 1.015000 1.309000  0.000076 0.000068 0.000192 0.000432 0.000195 0.000105 
5247936 radixSortThrust 1 921 28 1.015000 0.847000  0.000081 0.000104 0.000257 0.000695 0.000248 0.000142 
5248000 radixSortThrust 1 921 28 1.015000 1.000000  0.000085 0.000069 0.000189 0.000394 0.000200 0.000106 
5248000 radixSortThrust 1 921 28 1.015000 0.539000  0.000090 0.000073 0.000196 0.000448 0.000218 0.000113 
5248064 radixSortThrust 1 921 28 1.015000 1.464000  0.000078 0.000068 0.000187 0.000379 0.000202 0.000106 
5248064 radixSortThrust 1 921 28 1.015000 0.847000  0.000101 0.000067 0.000201 0.000521 0.000211 0.000110 
5248064 radixSortThrust 1 921 28 1.015000 0.693000  0.000084 0.000069 0.000196 0.000423 0.000216 0.000112 
5248128 radixSortThrust 1 921 28 1.015000 0.615000  0.000109 0.000070 0.000188 0.000403 0.000193 0.000102 
5248128 radixSortThrust 1 921 28 1.015000 1.308000  0.000092 0.000069 0.000192 0.000435 0.000217 0.000109 
5248128 radixSortThrust 1 921 28 1.015000 0.924000  0.000080 0.000063 0.000178 0.000389 0.000184 0.000099 
5248192 radixSortThrust 1 921 28 1.015000 1.156000  0.000079 0.000065 0.000184 0.000421 0.000194 0.000102 
5248192 radixSortThrust 1 921 28 1.015000 0.384000  0.000106 0.000063 0.000176 0.000406 0.000177 0.000096 
5248256 radixSortThrust 1 921 28 1.015000 0.692000  0.000078 0.000065 0.000182 0.000399 0.000196 0.000101 
5248256 radixSortThrust 1 921 28 1.015000 0.461000  0.000091 0.000063 0.000175 0.000359 0.000176 0.000095 
5248256 radixSortThrust 1 921 28 1.015000 1.387000  0.003386 0.002591 0.007128 0.015577 0.007917 0.004050 
5248320 radixSortThrust 1 921 28 1.015000 0.692000  0.000083 0.000062 0.000180 0.000493 0.000182 0.000097 
5248320 radixSortThrust 1 921 28 1.015000 0.769000  0.000019 0.000016 0.000045 0.000091 0.000056 0.000028 
5248320 radixSortThrust 1 921 28 1.015000 0.461000  0.000034 0.000022 0.000064 0.000145 0.000081 0.000047 
5248384 radixSortThrust 1 921 28 1.015000 1.079000  0.000081 0.000064 0.000180 0.000398 0.000200 0.000102 
5248384 radixSortThrust 1 921 28 1.015000 0.847000  0.000087 0.000061 0.000169 0.000401 0.000175 0.000094 
5248448 radixSortThrust 1 921 28 1.015000 0.692000  0.000095 0.000064 0.000178 0.000444 0.000197 0.000099 
5248448 radixSortThrust 1 921 28 1.015000 0.693000  0.000529 0.000365 0.000988 0.002460 0.001124 0.000526 
5248448 radixSortThrust 1 921 28 1.015000 0.461000  0.100939 0.022617 0.050829 0.101039 0.026097 0.011481 
5248512 radixSortThrust 1 921 28 1.015000 1.232000  0.000020 0.000015 0.000043 0.000096 0.000054 0.000027 
5248512 radixSortThrust 1 921 28 1.015000 0.462000  0.000074 0.000057 0.000160 0.000331 0.000168 0.000090 
5248512 radixSortThrust 1 921 28 1.015000 0.692000  0.000083 0.000073 0.000194 0.000615 0.000219 0.000108 
5248576 radixSortThrust 1 921 28 1.015000 0.384000  0.000023 0.000015 0.000046 0.000118 0.000056 0.000027 
5248576 radixSortThrust 1 921 28 1.015000 1.232000  0.000020 0.000015 0.000043 0.000097 0.000054 0.000026 
5248640 radixSortThrust 1 921 28 1.015000 1.077000  0.174099 0.037992 0.085075 0.174486 0.044048 0.019206 
5248640 radixSortThrust 1 921 28 1.015000 0.923000  0.000584 0.000353 0.000961 0.002491 0.000933 0.000437 
5248640 radixSortThrust 1 921 28 1.015000 0.384000  0.001122 0.000757 0.002040 0.004554 0.002257 0.001156 
5248704 radixSortThrust 1 921 28 1.015000 0.538000  0.000071 0.000065 0.000174 0.000458 0.000192 0.000097 
5248704 radixSortThrust 1 921 28 1.015000 0.693000  0.000016 0.000016 0.000045 0.000105 0.000054 0.000027 
5248704 radixSortThrust 1 921 28 1.015000 1.387000  0.000019 0.000016 0.000044 0.000109 0.000054 0.000027 
5248768 radixSortThrust 1 921 28 1.015000 1.080000  0.000064 0.000057 0.000167 0.000345 0.000176 0.000091 
5248768 radixSortThrust 1 921 28 1.015000 0.694000  0.000061 0.000054 0.000151 0.000287 0.000156 0.000084 
5248768 radixSortThrust 1 921 28 1.015000 1.080000  0.000067 0.000058 0.000160 0.000343 0.000179 0.000092 
5248832 radixSortThrust 1 921 28 1.015000 0.694000  0.000060 0.000055 0.000155 0.000333 0.000159 0.000085 
5248832 radixSortThrust 1 921 28 1.015000 1.079000  0.000072 0.000059 0.000163 0.000349 0.000176 0.000091 
5248896 radixSortThrust 1 921 28 1.015000 0.694000  0.000061 0.000056 0.000154 0.000298 0.000163 0.000086 
5248896 radixSortThrust 1 921 27 1.015000 0.694000  0.000075 0.000060 0.000164 0.000351 0.000182 0.000093 
5248896 radixSortThrust 1 921 27 1.015000 1.233000  0.000061 0.000056 0.000198 0.000406 0.000197 0.000112 
5248960 radixSortThrust 1 921 27 1.015000 0.771000  0.000062 0.000056 0.000153 0.000328 0.000159 0.000085 
5248960 radixSortThrust 1 921 27 1.015000 1.080000  0.000077 0.000060 0.000163 0.000347 0.000180 0.000092 
5248960 radixSortThrust 1 921 27 1.015000 0.693000  0.000075 0.000058 0.000153 0.000303 0.000160 0.000084 
5249024 radixSortThrust 1 921 27 1.015000 0.771000  0.000069 0.000057 0.000160 0.000333 0.000175 0.000090 
5249024 radixSortThrust 1 921 27 1.015000 1.233000  0.000062 0.000055 0.000151 0.000393 0.000176 0.000090 
5249024 radixSortThrust 1 921 27 1.015000 0.694000  0.000074 0.000059 0.000165 0.000342 0.000179 0.000090 
5249088 radixSortThrust 1 921 27 1.015000 1.232000  0.000061 0.000080 0.000194 0.000470 0.000222 0.000122 
5249088 radixSortThrust 1 921 27 1.015000 0.693000  0.306566 0.069563 0.152463 0.307075 0.080288 0.034725 
5249152 radixSortThrust 1 921 27 1.015000 1.155000  0.000075 0.000059 0.000162 0.000354 0.000180 0.000092 
5249152 radixSortThrust 1 921 27 1.015000 1.310000  0.000066 0.000055 0.000152 0.000308 0.000161 0.000084 
5249152 radixSortThrust 1 921 27 1.015000 0.693000  0.000067 0.000055 0.000154 0.000327 0.000172 0.000089 
5249216 radixSortThrust 1 921 27 1.015000 1.311000  0.000066 0.000054 0.000151 0.000316 0.000164 0.000086 
5249216 radixSortThrust 1 921 27 1.015000 0.694000  0.000075 0.000056 0.000154 0.000355 0.000160 0.000084 
5249216 radixSortThrust 1 921 27 1.015000 1.078000  0.000064 0.000056 0.000154 0.000323 0.000168 0.000087 
5249280 radixSortThrust 1 921 27 1.015000 1.003000  0.000060 0.000053 0.000149 0.000294 0.000156 0.000083 
5249280 radixSortThrust 1 921 27 1.015000 0.694000  0.000071 0.000059 0.000159 0.000333 0.000171 0.000088 
5249280 radixSortThrust 1 921 27 1.015000 1.312000  0.000066 0.000053 0.000152 0.000319 0.000166 0.000085 
5249344 radixSortThrust 1 921 27 1.015000 0.693000  0.000056 0.000050 0.000141 0.000268 0.000144 0.000078 
5249344 radixSortThrust 1 921 27 1.015000 1.001000  0.000423 0.000313 0.000853 0.001926 0.000958 0.000514 
5249408 radixSortThrust 1 921 27 1.015000 0.694000  0.000068 0.000059 0.000162 0.000316 0.000175 0.000091 
5249408 radixSortThrust 1 921 27 1.015000 0.694000  0.000072 0.000056 0.000153 0.000330 0.000170 0.000087 
5249408 radixSortThrust 1 921 27 1.015000 1.002000  0.000059 0.000077 0.000185 0.000396 0.000219 0.000106 
5249472 radixSortThrust 1 921 27 1.015000 0.694000  0.021354 0.005934 0.012421 0.021774 0.006850 0.003021 
5249472 radixSortThrust 1 921 27 1.015000 1.001000  0.000059 0.000052 0.000143 0.000279 0.000152 0.000080 
5249536 radixSortThrust 1 921 27 1.015000 0.847000  0.000059 0.000052 0.000142 0.000275 0.000155 0.000080 
5249536 radixSortThrust 1 921 27 1.015000 0.693000  0.000064 0.000053 0.000150 0.000321 0.000168 0.000085 
5249536 radixSortThrust 1 921 27 1.015000 1.156000  0.000059 0.000051 0.000141 0.000275 0.000149 0.000079 
