#Timestamp	Benchmark	Run(#)	CPU Frequency (MHz)	CPU Temperature(C)	CPU Voltage(V)	CPU Power(W)	CPU_CYCLES	L1_DATA_CACHE_ACCESS	INSTRUCTIONS_RETIRED	BUS_CYCLES	L1I_CACHE_ACCESS	PREDICTABLE_BRANCH_SPECULATIVELY_EXECUTED
5062464 BlackScholes 1 921 25 1.015000 0.848000  0.000027 0.000023 0.000067 0.000137 0.000085 0.000041 
5062464 BlackScholes 1 921 25 1.015000 0.616000  0.000028 0.000037 0.000118 0.000350 0.000122 0.000055 
5062528 BlackScholes 1 921 25 1.015000 0.770000  0.000131 0.000094 0.000266 0.000662 0.000285 0.000148 
5062528 BlackScholes 1 921 25 1.015000 1.079000  0.000124 0.000096 0.000266 0.000601 0.000297 0.000152 
5062592 BlackScholes 1 921 25 1.015000 1.078000  0.000102 0.000090 0.000249 0.000485 0.000262 0.000140 
5062592 BlackScholes 1 921 26 1.015000 0.617000  0.000098 0.000086 0.000239 0.000458 0.000249 0.000133 
5062592 BlackScholes 1 921 25 1.015000 1.078000  0.000101 0.000090 0.000246 0.000484 0.000265 0.000138 
5062656 BlackScholes 1 921 25 1.015000 0.694000  0.000123 0.000090 0.000245 0.000536 0.000255 0.000135 
5062656 BlackScholes 1 921 25 1.015000 0.924000  0.000099 0.000088 0.000244 0.000479 0.000260 0.000137 
5062656 BlackScholes 1 921 25 1.015000 1.234000  0.000027 0.000021 0.000056 0.000119 0.000062 0.000032 
5062720 BlackScholes 1 921 25 1.015000 0.693000  0.000112 0.000095 0.000257 0.000570 0.000287 0.000146 
5062720 BlackScholes 1 921 25 1.015000 1.312000  0.000100 0.000087 0.000239 0.000469 0.000254 0.000134 
5062784 BlackScholes 1 921 25 1.015000 0.616000  0.000097 0.000082 0.000229 0.000457 0.000240 0.000126 
5062784 BlackScholes 1 921 25 1.015000 1.079000  0.000103 0.000087 0.000248 0.000531 0.000275 0.000141 
5062784 BlackScholes 1 921 25 1.015000 0.617000  0.000094 0.000081 0.000227 0.000483 0.000236 0.000127 
5062848 BlackScholes 1 921 25 1.015000 0.616000  0.000117 0.000091 0.000250 0.000527 0.000271 0.000139 
5062848 BlackScholes 1 921 25 1.015000 1.079000  0.000106 0.000086 0.000244 0.000539 0.000269 0.000141 
5062848 BlackScholes 1 921 25 1.015000 0.617000  0.000117 0.000092 0.000248 0.000527 0.000268 0.000137 
5062912 BlackScholes 1 921 25 1.015000 0.926000  0.000097 0.000124 0.000299 0.000645 0.000356 0.000170 
5062912 BlackScholes 1 921 25 1.015000 0.616000  1.107242 -0.472174 0.926763 -0.471998 0.000147 0.028543 
5062912 BlackScholes 1 921 25 1.015000 0.924000  0.000116 0.000089 0.000245 0.000538 0.000274 0.000140 
5062976 BlackScholes 1 921 25 1.015000 0.616000  0.000117 0.000089 0.000241 0.000546 0.000266 0.000136 
5062976 BlackScholes 1 921 25 1.015000 0.617000  0.000109 0.000084 0.000236 0.000505 0.000262 0.000136 
5063040 BlackScholes 1 921 25 1.015000 1.233000  0.000100 0.000082 0.000235 0.000501 0.000261 0.000136 
5063040 BlackScholes 1 921 25 1.015000 1.001000  0.000089 0.000078 0.000217 0.000424 0.000225 0.000120 
5063040 BlackScholes 1 921 25 1.015000 1.001000  0.000108 0.000087 0.000234 0.000476 0.000251 0.000130 
5063104 BlackScholes 1 921 25 1.015000 0.617000  0.000110 0.000085 0.000234 0.000528 0.000261 0.000133 
5063104 BlackScholes 1 921 25 1.015000 0.694000  0.000113 0.000088 0.000238 0.000513 0.000263 0.000136 
5063104 BlackScholes 1 921 25 1.015000 1.156000  0.000101 0.000083 0.000231 0.000490 0.000253 0.000132 
5063168 BlackScholes 1 921 25 1.015000 0.616000  0.000084 0.000076 0.000213 0.000411 0.000219 0.000118 
5063168 BlackScholes 1 921 25 1.015000 1.080000  0.000116 0.000087 0.000233 0.000494 0.000253 0.000130 
5063232 BlackScholes 1 921 25 1.015000 0.617000  0.000089 0.000080 0.000218 0.000421 0.000233 0.000123 
5063232 BlackScholes 1 921 25 1.015000 0.849000  0.000087 0.000079 0.000217 0.000417 0.000231 0.000122 
5063232 BlackScholes 1 921 25 1.015000 0.617000  0.000089 0.000079 0.000216 0.000425 0.000231 0.000121 
5063296 BlackScholes 1 921 25 1.015000 0.694000  0.000106 0.000084 0.000228 0.000478 0.000248 0.000128 
5063296 BlackScholes 1 921 25 1.015000 1.232000  0.000103 0.000079 0.000221 0.000465 0.000240 0.000126 
5063296 BlackScholes 1 921 25 1.015000 0.848000  0.000104 0.000076 0.000212 0.000469 0.000220 0.000117 
5063360 BlackScholes 1 921 25 1.015000 0.925000  0.000108 0.000083 0.000222 0.000471 0.000245 0.000126 
5063360 BlackScholes 1 921 25 1.015000 0.616000  0.000107 0.000082 0.000227 0.000488 0.000249 0.000128 
5063360 BlackScholes 1 921 25 1.015000 0.694000  0.000096 0.000082 0.000223 0.000494 0.000245 0.000126 
5063424 BlackScholes 1 921 25 1.015000 1.388000  0.000109 0.000081 0.000218 0.000473 0.000241 0.000121 
5063424 BlackScholes 1 921 25 1.015000 0.616000  0.000076 0.000070 0.000196 0.000376 0.000201 0.000109 
5063488 BlackScholes 1 921 25 1.015000 1.000000  0.000184 0.000117 0.000274 0.000707 0.000298 0.000139 
5063488 BlackScholes 1 921 25 1.015000 0.616000  0.000082 0.000072 0.000198 0.000413 0.000207 0.000111 
5063488 BlackScholes 1 921 25 1.015000 1.001000  0.000104 0.000079 0.000218 0.000470 0.000239 0.000123 
5063552 BlackScholes 1 921 25 1.015000 0.616000  0.000081 0.000073 0.000201 0.000402 0.000211 0.000112 
5063552 BlackScholes 1 921 25 1.015000 0.616000  0.000079 0.000073 0.000200 0.000387 0.000214 0.000113 
5063552 BlackScholes 1 921 25 1.015000 1.078000  0.000084 0.000201 0.000467 0.001111 0.000446 0.000207 
5063616 BlackScholes 1 921 25 1.015000 0.617000  0.000077 0.000068 0.000189 0.000370 0.000195 0.000105 
5063616 BlackScholes 1 921 25 1.015000 1.002000  0.000083 0.000074 0.000202 0.000434 0.000221 0.000113 
5063680 BlackScholes 1 921 25 1.015000 0.616000  0.000086 0.000072 0.000195 0.000389 0.000208 0.000109 
5063680 BlackScholes 1 921 25 1.015000 0.615000  0.000079 0.000086 0.000222 0.000507 0.000241 0.000120 
5063680 BlackScholes 1 921 25 1.015000 1.155000  0.000080 0.000073 0.000197 0.000433 0.000217 0.000112 
5063744 BlackScholes 1 921 25 1.015000 0.617000  0.000102 0.000075 0.000197 0.000402 0.000203 0.000106 
5063744 BlackScholes 1 921 25 1.015000 0.847000  0.000094 0.000072 0.000202 0.000443 0.000226 0.000116 
5063744 BlackScholes 1 921 25 1.015000 0.616000  0.000075 0.000067 0.000186 0.000395 0.000193 0.000104 
5063808 BlackScholes 1 921 25 1.015000 0.924000  0.000123 0.000086 0.000221 0.000573 0.000237 0.000117 
5063808 BlackScholes 1 921 25 1.015000 0.616000  0.000073 0.000065 0.000181 0.000341 0.000186 0.000100 
5063808 BlackScholes 1 921 25 1.015000 1.001000  0.000074 0.000068 0.000187 0.000361 0.000198 0.000105 
5063872 BlackScholes 1 921 25 1.015000 1.233000  0.000082 0.000068 0.000188 0.000460 0.000212 0.000109 
5063872 BlackScholes 1 921 25 1.015000 0.770000  0.000096 0.000073 0.000197 0.000541 0.000242 0.000119 
5063872 BlackScholes 1 921 25 1.015000 0.924000  0.000085 0.000071 0.000194 0.000415 0.000214 0.000111 
5063936 BlackScholes 1 921 25 1.015000 0.693000  0.000117 0.000074 0.000195 0.000463 0.000200 0.000104 
5063936 BlackScholes 1 921 25 1.015000 1.002000  0.000087 0.000071 0.000194 0.000408 0.000209 0.000109 
5064000 BlackScholes 1 921 25 1.015000 0.617000  0.000076 0.000066 0.000183 0.000359 0.000192 0.000102 
5064000 BlackScholes 1 921 25 1.015000 0.771000  0.000076 0.000099 0.000235 0.000601 0.000277 0.000135 
5064000 BlackScholes 1 921 25 1.015000 1.002000  0.000075 0.000066 0.000180 0.000347 0.000192 0.000101 
5064064 BlackScholes 1 921 25 1.015000 0.616000  0.000068 0.000062 0.000173 0.000331 0.000178 0.000096 
5064064 BlackScholes 1 921 25 1.015000 1.001000  0.000013 0.000078 0.000051 0.000160 0.000000 0.000009 
5064064 BlackScholes 1 921 25 1.015000 0.616000  0.000090 0.000063 0.000177 0.000388 0.000185 0.000098 
5064128 BlackScholes 1 921 25 1.015000 1.002000  0.000231 0.000090 0.000220 0.001150 0.000393 0.000173 
5064128 BlackScholes 1 921 25 1.015000 0.616000  0.000094 0.000068 0.000186 0.000403 0.000203 0.000103 
5064128 BlackScholes 1 921 25 1.015000 0.616000  0.000088 0.000068 0.000186 0.000391 0.000199 0.000104 
5064192 BlackScholes 1 921 25 1.015000 1.079000  0.000085 0.000067 0.000183 0.000391 0.000198 0.000102 
5064192 BlackScholes 1 921 25 1.015000 0.617000  0.000072 0.000059 0.000170 0.000390 0.000174 0.000093 
5064256 BlackScholes 1 921 25 1.015000 1.078000  0.000099 0.000067 0.000182 0.000451 0.000202 0.000103 
5064256 BlackScholes 1 921 26 1.015000 0.692000  0.000071 0.000059 0.000164 0.000365 0.000173 0.000092 
5064256 BlackScholes 1 921 26 1.015000 0.615000  0.000080 0.000063 0.000174 0.000373 0.000191 0.000100 
5064320 BlackScholes 1 921 27 1.015000 0.384000  0.000072 0.000059 0.000163 0.000324 0.000168 0.000091 
5064320 BlackScholes 1 921 27 1.015000 0.615000  0.000089 0.000066 0.000181 0.000413 0.000203 0.000103 
5064320 BlackScholes 1 921 27 1.015000 0.461000  0.000069 0.000058 0.000162 0.000321 0.000165 0.000090 
5064384 BlackScholes 1 921 27 1.015000 0.615000  0.000073 0.000061 0.000167 0.000338 0.000180 0.000093 
5064384 BlackScholes 1 921 27 1.015000 0.384000  0.000080 0.000059 0.000163 0.000331 0.000167 0.000090 
5064448 BlackScholes 1 921 28 1.015000 0.538000  0.000070 0.000060 0.000172 0.000387 0.000191 0.000097 
5064448 BlackScholes 1 921 28 1.015000 0.461000  0.000084 0.000059 0.000169 0.000416 0.000177 0.000093 
5064448 BlackScholes 1 921 28 1.015000 0.692000  0.000081 0.000062 0.000170 0.000371 0.000188 0.000099 
5064512 BlackScholes 1 921 28 1.015000 1.076000  0.000070 0.000057 0.000158 0.000317 0.000163 0.000088 
5064512 BlackScholes 1 921 28 1.015000 0.692000  0.000079 0.000062 0.000174 0.000380 0.000192 0.000099 
5064512 BlackScholes 1 921 28 1.015000 0.461000  0.000068 0.000058 0.000162 0.000352 0.000181 0.000095 
5064576 BlackScholes 1 921 28 1.015000 0.769000  0.000080 0.000061 0.000172 0.000392 0.000191 0.000098 
5064576 BlackScholes 1 921 28 1.015000 0.461000  0.000089 0.000063 0.000172 0.000401 0.000191 0.000097 
5064576 BlackScholes 1 921 28 1.015000 0.923000  0.000092 0.000063 0.000174 0.000398 0.000192 0.000101 
5064640 BlackScholes 1 921 28 1.015000 0.692000  0.000074 0.000060 0.000167 0.000369 0.000180 0.000094 
5064640 BlackScholes 1 921 28 1.015000 0.615000  0.000074 0.000061 0.000167 0.000366 0.000184 0.000094 
5064704 BlackScholes 1 921 28 1.015000 0.692000  0.000078 0.000067 0.000177 0.000509 0.000196 0.000098 
5064704 BlackScholes 1 921 28 1.015000 0.538000  0.000076 0.000063 0.000168 0.000349 0.000174 0.000090 
5064704 BlackScholes 1 921 28 1.015000 0.923000  0.000073 0.000057 0.000161 0.000381 0.000184 0.000093 
5064768 BlackScholes 1 921 28 1.015000 0.384000  0.000061 0.000055 0.000152 0.000309 0.000156 0.000085 
5064768 BlackScholes 1 921 28 1.015000 0.769000  0.000075 0.000064 0.000169 0.000507 0.000194 0.000097 
5064768 BlackScholes 1 921 28 1.015000 0.384000  0.000079 0.000061 0.000167 0.000354 0.000182 0.000094 
5064832 BlackScholes 1 921 28 1.015000 0.846000  0.000182 0.000062 0.000165 0.000435 0.000175 0.000090 
5064832 BlackScholes 1 921 29 1.015000 0.538000  0.024690 0.115513 0.028098 0.115585 0.000009 0.001758 
5064832 BlackScholes 1 921 29 1.015000 0.461000  0.000081 0.000059 0.000162 0.000378 0.000181 0.000093 
5064896 BlackScholes 1 921 29 1.015000 0.538000  0.092951 0.025735 0.055751 0.093025 0.028900 0.013001 
5064896 BlackScholes 1 921 29 1.015000 0.615000  0.000080 0.000060 0.000167 0.000380 0.000186 0.000094 
5064960 BlackScholes 1 921 29 1.015000 0.538000  0.000094 0.000059 0.000158 0.000347 0.000162 0.000085 
5064960 BlackScholes 1 921 29 1.015000 0.769000  0.000443 0.000345 0.000929 0.001881 0.000758 0.000354 
5064960 BlackScholes 1 921 29 1.015000 0.922000  0.000012 0.000095 0.000049 0.000172 0.000000 0.000008 
5065024 BlackScholes 1 921 29 1.015000 0.461000  0.000070 0.000056 0.000156 0.000350 0.000176 0.000091 
5065024 BlackScholes 1 921 29 1.015000 0.846000  0.002259 0.008871 0.002540 0.008954 0.000001 0.000172 
5065088 BlackScholes 1 921 29 1.015000 0.538000  0.000071 0.000058 0.000172 0.000381 0.000184 0.000093 
5065088 BlackScholes 1 921 28 1.015000 0.768000  0.000073 0.000055 0.000151 0.000316 0.000162 0.000085 
5065088 BlackScholes 1 921 29 1.015000 0.461000  0.000068 0.000056 0.000151 0.000313 0.000155 0.000082 
5065152 BlackScholes 1 921 29 1.015000 0.538000  0.000067 0.000055 0.000150 0.000316 0.000160 0.000085 
5065152 BlackScholes 1 921 29 1.015000 0.538000  0.000059 0.000052 0.000144 0.000286 0.000149 0.000080 
5065152 BlackScholes 1 921 29 1.015000 0.769000  0.000076 0.000056 0.000154 0.000355 0.000170 0.000088 
5065216 BlackScholes 1 921 29 1.015000 0.461000  0.000060 0.000052 0.000143 0.000294 0.000148 0.000080 
5065216 BlackScholes 1 921 29 1.015000 0.538000  0.000066 0.000054 0.000149 0.000314 0.000162 0.000086 
5065216 BlackScholes 1 921 29 1.015000 0.461000  0.000062 0.000051 0.000143 0.000287 0.000149 0.000080 
5065280 BlackScholes 1 921 29 1.015000 0.615000  0.000067 0.000054 0.000148 0.000307 0.000156 0.000083 
5065280 BlackScholes 1 921 29 1.015000 0.461000  0.000057 0.000051 0.000142 0.000279 0.000146 0.000079 
5065344 BlackScholes 1 921 29 1.015000 1.000000  0.000062 0.000052 0.000151 0.000336 0.000169 0.000087 
5065344 BlackScholes 1 921 29 1.015000 0.461000  0.000058 0.000051 0.000141 0.000277 0.000145 0.000078 
5065344 BlackScholes 1 921 29 1.015000 0.692000  0.000068 0.000054 0.000151 0.000336 0.000168 0.000086 
5065408 BlackScholes 1 921 29 1.015000 0.384000  0.000061 0.000050 0.000141 0.000280 0.000144 0.000078 
5065408 BlackScholes 1 921 29 1.015000 0.769000  0.000068 0.000054 0.000149 0.000323 0.000163 0.000085 
5065408 BlackScholes 1 921 29 1.015000 0.461000  0.000060 0.000058 0.000153 0.000333 0.000155 0.000081 
5065472 BlackScholes 1 921 29 1.015000 0.538000  0.000065 0.000055 0.000152 0.000333 0.000164 0.000085 
5065472 BlackScholes 1 921 29 1.015000 0.384000  0.000102 0.000058 0.000154 0.000352 0.000154 0.000081 
5065472 BlackScholes 1 921 29 1.015000 0.692000  0.000075 0.000063 0.000164 0.000400 0.000181 0.000090 
5065536 BlackScholes 1 921 29 1.015000 0.384000  0.000060 0.000050 0.000138 0.000276 0.000144 0.000077 
5065536 BlackScholes 1 921 29 1.015000 0.769000  0.000416 0.000312 0.000849 0.002003 0.000949 0.000507 
5065600 BlackScholes 1 921 29 1.015000 0.923000  0.000063 0.000052 0.000142 0.000297 0.000153 0.000080 
5065600 BlackScholes 1 921 29 1.015000 0.538000  0.000066 0.000053 0.000147 0.000319 0.000161 0.000083 
5065600 BlackScholes 1 921 29 1.015000 0.461000  0.000063 0.000052 0.000148 0.000335 0.000160 0.000083 
5065664 BlackScholes 1 921 29 1.015000 0.692000  0.000071 0.000055 0.000151 0.000327 0.000164 0.000083 
5065664 BlackScholes 1 921 29 1.015000 0.692000  0.000060 0.000051 0.000140 0.000280 0.000151 0.000079 
5065664 BlackScholes 1 921 29 1.015000 0.384000  0.000056 0.000048 0.000134 0.000267 0.000139 0.000075 
5065728 BlackScholes 1 921 29 1.015000 0.769000  0.149104 0.039524 0.084537 0.149183 0.044323 0.019702 
5065728 BlackScholes 1 921 29 1.015000 0.461000  0.000057 0.000048 0.000134 0.000268 0.000138 0.000074 
5065792 BlackScholes 1 921 29 1.015000 0.461000  0.000061 0.000051 0.000139 0.000281 0.000150 0.000077 
5065792 BlackScholes 1 921 29 1.015000 0.692000  0.000055 0.000048 0.000133 0.000271 0.000137 0.000074 
5065792 BlackScholes 1 921 29 1.015000 0.538000  0.000060 0.000051 0.000178 0.000411 0.000180 0.000102 
5065856 BlackScholes 1 921 29 1.015000 0.461000  0.000061 0.000048 0.000132 0.000268 0.000138 0.000074 
5065856 BlackScholes 1 921 29 1.015000 0.769000  0.000059 0.000050 0.000137 0.000269 0.000146 0.000077 
5065856 BlackScholes 1 921 29 1.015000 0.461000  0.000053 0.000047 0.000131 0.000257 0.000135 0.000073 
5065920 BlackScholes 1 921 29 1.015000 0.692000  0.000059 0.000050 0.000136 0.000279 0.000148 0.000076 
5065920 BlackScholes 1 921 29 1.015000 0.384000  0.000010 0.000061 0.000047 0.000198 0.000000 0.000008 
5065984 BlackScholes 1 921 29 1.015000 0.692000  0.000381 0.000287 0.000782 0.001755 0.000852 0.000390 
5065984 BlackScholes 1 921 29 1.015000 0.922000  0.000058 0.000048 0.000132 0.000265 0.000143 0.000074 
5065984 BlackScholes 1 921 29 1.015000 0.692000  0.001047 0.006478 0.001366 0.006542 0.000001 0.000090 
5066048 BlackScholes 1 921 29 1.015000 0.999000  0.000082 0.000052 0.000138 0.000306 0.000147 0.000075 
5066048 BlackScholes 1 921 29 1.015000 0.461000  0.000072 0.000049 0.000138 0.000302 0.000150 0.000078 
5066048 BlackScholes 1 921 29 1.015000 0.461000  0.000056 0.000048 0.000131 0.000263 0.000140 0.000074 
5066112 BlackScholes 1 921 29 1.015000 0.768000  0.000053 0.000047 0.004048 0.003611 0.001720 0.000800 
5066112 BlackScholes 1 921 29 1.015000 0.768000  0.000080 0.000048 0.000133 0.000322 0.000151 0.000077 
5066176 BlackScholes 1 921 29 1.015000 0.538000  0.000054 0.000044 0.000124 0.000258 0.000128 0.000069 
5066176 BlackScholes 1 921 29 1.015000 0.692000  0.000057 0.000047 0.000131 0.000291 0.000145 0.000075 
5066176 BlackScholes 1 921 29 1.015000 0.461000  0.000055 0.000044 0.000124 0.000254 0.000130 0.000069 
5066240 BlackScholes 1 921 30 1.015000 0.615000  0.000057 0.000068 0.000165 0.000388 0.000197 0.000095 
5066240 BlackScholes 1 921 29 1.015000 0.384000  0.000055 0.000044 0.000123 0.000252 0.000128 0.000068 
5066240 BlackScholes 1 921 29 1.015000 0.615000  0.000055 0.000046 0.000127 0.000256 0.000136 0.000071 
5066304 BlackScholes 1 921 29 1.015000 0.384000  0.000053 0.000044 0.000122 0.000245 0.000126 0.000068 
5066304 BlackScholes 1 921 29 1.015000 0.768000  0.000058 0.000047 0.000131 0.000285 0.000143 0.000074 
5066368 BlackScholes 1 921 29 1.015000 0.461000  0.000051 0.000043 0.000121 0.000238 0.000123 0.000067 
5066368 BlackScholes 1 921 29 1.015000 0.692000  0.000062 0.000045 0.000127 0.000284 0.000142 0.000074 
5066368 BlackScholes 1 921 29 1.015000 0.384000  0.000049 0.000043 0.000121 0.000238 0.000130 0.000069 
5066432 BlackScholes 1 921 29 1.015000 0.692000  0.000052 0.000046 0.000161 0.000385 0.000164 0.000082 
5066432 BlackScholes 1 921 29 1.015000 0.999000  0.000057 0.000045 0.000124 0.000263 0.000135 0.000071 
5066432 BlackScholes 1 921 29 1.015000 0.769000  0.000050 0.000045 0.000124 0.000248 0.000132 0.000070 
5066496 BlackScholes 1 921 29 1.015000 0.615000  0.000054 0.000045 0.000123 0.000255 0.000131 0.000069 
5066496 BlackScholes 1 921 29 1.015000 0.923000  0.000052 0.000045 0.000123 0.000246 0.000131 0.000069 
5066560 BlackScholes 1 921 29 1.015000 0.692000  0.000057 0.000045 0.000127 0.000298 0.000143 0.000072 
5066560 BlackScholes 1 921 29 1.015000 0.615000  0.000055 0.000046 0.000123 0.000250 0.000126 0.000067 
5066560 BlackScholes 1 921 29 1.015000 0.615000  0.000053 0.000045 0.000127 0.000282 0.000137 0.000072 
5066624 BlackScholes 1 921 29 1.015000 0.384000  0.000046 0.000042 0.000116 0.000233 0.000121 0.000065 
5066624 BlackScholes 1 921 30 1.015000 0.461000  0.000053 0.000044 0.000121 0.000253 0.000128 0.000068 
5066624 BlackScholes 1 921 30 1.015000 0.925000  0.000051 0.000042 0.000116 0.000233 0.000118 0.000064 
5066688 BlackScholes 1 921 28 1.015000 1.232000  0.000051 0.000064 0.000196 0.000524 0.000214 0.000101 
5066688 BlackScholes 1 921 28 1.015000 0.771000  0.000048 0.000043 0.000118 0.000248 0.000122 0.000066 
5066688 BlackScholes 1 921 28 1.015000 0.923000  0.000047 0.000044 0.000120 0.000231 0.000128 0.000067 
5066752 BlackScholes 1 921 28 1.015000 0.847000  0.000057 0.000045 0.000125 0.000258 0.000132 0.000068 
5066752 BlackScholes 1 921 28 1.015000 0.693000  0.000058 0.000046 0.000126 0.000273 0.000140 0.000072 
5066816 BlackScholes 1 921 27 1.015000 1.078000  0.000050 0.000043 0.000119 0.000233 0.000126 0.000066 
5066816 BlackScholes 1 921 27 1.015000 0.770000  0.000045 0.000041 0.000114 0.000214 0.000117 0.000063 
5066816 BlackScholes 1 921 27 1.015000 1.080000  0.000055 0.000045 0.000123 0.000266 0.000135 0.000070 
5066880 BlackScholes 1 921 27 1.015000 0.771000  0.000045 0.000040 0.000113 0.000217 0.000115 0.000062 
5066880 BlackScholes 1 921 27 1.015000 0.770000  0.000049 0.000043 0.000151 0.000322 0.000153 0.000087 
5066880 BlackScholes 1 921 27 1.015000 0.694000  0.000009 0.000053 0.000036 0.000109 0.000000 0.000006 
5066944 BlackScholes 1 921 27 1.015000 0.693000  0.000058 0.000046 0.000123 0.000268 0.000137 0.000070 
5066944 BlackScholes 1 921 27 1.015000 1.311000  0.000061 0.000045 0.000123 0.000272 0.000137 0.000071 
5066944 BlackScholes 1 921 27 1.015000 0.770000  0.000044 0.000040 0.000111 0.000222 0.000114 0.000061 
5067008 BlackScholes 1 921 27 1.015000 0.925000  0.000060 0.000044 0.000120 0.000256 0.000130 0.000067 
5067008 BlackScholes 1 921 27 1.015000 0.848000  0.000047 0.000041 0.000115 0.000320 0.000145 0.000071 
5067072 BlackScholes 1 921 27 1.015000 1.001000  0.000046 0.000042 0.000114 0.000219 0.000121 0.000064 
5067072 BlackScholes 1 921 27 1.015000 0.693000  0.000047 0.000042 0.000114 0.000220 0.000122 0.000064 
5067072 BlackScholes 1 921 27 1.015000 0.692000  0.000045 0.000041 0.000113 0.000216 0.000120 0.000063 
5067136 BlackScholes 1 921 27 1.015000 0.924000  0.000047 0.000041 0.000113 0.001177 0.000390 0.000164 
5067136 BlackScholes 1 921 27 1.015000 0.693000  0.000043 0.000039 0.000108 0.000205 0.000111 0.000060 
5067136 BlackScholes 1 921 27 1.015000 1.080000  0.000046 0.000041 0.000112 0.000221 0.000120 0.000065 
5067200 BlackScholes 1 921 26 1.015000 0.847000  0.000067 0.000041 0.000114 0.000253 0.000117 0.000062 
5067200 BlackScholes 1 921 26 1.015000 0.694000  0.000045 0.000040 0.000111 0.000214 0.000118 0.000062 
5067200 BlackScholes 1 921 26 1.015000 0.693000  0.000067 0.000042 0.000116 0.000298 0.000134 0.000067 
5067264 BlackScholes 1 921 26 1.015000 0.770000  0.000055 0.000043 0.000117 0.000253 0.000130 0.000066 
5067264 BlackScholes 1 921 26 1.015000 1.002000  0.000049 0.000046 0.000124 0.000286 0.000134 0.000068 
5067328 BlackScholes 1 921 26 1.015000 0.693000  0.000057 0.000039 0.000110 0.000239 0.000114 0.000060 
5067328 BlackScholes 1 921 27 1.015000 1.002000  0.000051 0.000042 0.000114 0.000239 0.000131 0.000066 
5067328 BlackScholes 1 921 26 1.015000 0.771000  0.000046 0.000040 0.000110 0.000217 0.000116 0.000061 
5067392 BlackScholes 1 921 26 1.015000 0.694000  0.000056 0.000042 0.000116 0.000249 0.000126 0.000064 
5067392 BlackScholes 1 921 26 1.015000 1.002000  0.000050 0.000041 0.000114 0.000247 0.000126 0.000065 
5067392 BlackScholes 1 921 26 1.015000 0.693000  0.000042 0.000038 0.000105 0.000203 0.000108 0.000058 
5067456 BlackScholes 1 921 26 1.015000 0.924000  0.000045 0.000058 0.000140 0.000353 0.000165 0.000080 
5067456 BlackScholes 1 921 26 1.015000 0.694000  0.000043 0.000041 0.000112 0.000304 0.000116 0.000060 
5067520 BlackScholes 1 921 26 1.015000 0.771000  0.000054 0.000042 0.000115 0.000250 0.000126 0.000065 
5067520 BlackScholes 1 921 26 1.015000 0.693000  0.000088 0.000045 0.000118 0.000270 0.000123 0.000063 
5067520 BlackScholes 1 921 26 1.015000 0.694000  0.000056 0.000042 0.000114 0.000250 0.000128 0.000065 
5067584 BlackScholes 1 921 26 1.015000 1.079000  0.000046 0.000058 0.000139 0.000351 0.000166 0.000079 
5067584 BlackScholes 1 921 26 1.015000 0.694000  0.000053 0.000039 0.000109 0.000239 0.000113 0.000059 
5067584 BlackScholes 1 921 26 1.015000 1.002000  0.000043 0.000039 0.000107 0.000206 0.000118 0.000061 
5067648 BlackScholes 1 921 26 1.015000 0.694000  0.000044 0.000039 0.000107 0.000213 0.000113 0.000060 
5067648 BlackScholes 1 921 26 1.015000 0.694000  0.000044 0.000039 0.000107 0.000208 0.000113 0.000060 
5067648 BlackScholes 1 921 26 1.015000 1.080000  0.000044 0.000039 0.000106 0.000206 0.000113 0.000060 
5067712 BlackScholes 1 921 26 1.015000 0.693000  0.000040 0.000037 0.000102 0.000193 0.000105 0.000057 
5067712 BlackScholes 1 921 26 1.015000 1.002000  0.000054 0.000041 0.000112 0.000238 0.000122 0.000062 
5067776 BlackScholes 1 921 26 1.015000 0.770000  0.000055 0.000038 0.000105 0.000221 0.000109 0.000057 
5067776 BlackScholes 1 921 26 1.015000 1.079000  0.000044 0.000056 0.000136 0.000291 0.000161 0.000078 
5067776 BlackScholes 1 921 26 1.015000 0.694000  0.000043 0.000038 0.000105 0.000205 0.000111 0.000058 
5067840 BlackScholes 1 921 26 1.015000 0.694000  0.000041 0.000038 0.000135 0.000270 0.000134 0.000077 
5067840 BlackScholes 1 921 26 1.015000 1.079000  0.000042 0.000038 0.000104 0.000201 0.000110 0.000058 
5067840 BlackScholes 1 921 26 1.015000 0.847000  0.000049 0.000037 0.000102 0.000256 0.000113 0.000058 
5067904 BlackScholes 1 921 26 1.015000 1.001000  0.000054 0.000041 0.000110 0.000232 0.000119 0.000062 
5067904 BlackScholes 1 921 26 1.015000 0.693000  0.000042 0.000040 0.000109 0.000261 0.000114 0.000059 
5067968 BlackScholes 1 921 26 1.015000 0.694000  0.000041 0.000037 0.000103 0.000198 0.000108 0.000058 
5067968 BlackScholes 1 921 26 1.015000 1.233000  0.000042 0.000038 0.000103 0.000203 0.000111 0.000058 
5067968 BlackScholes 1 921 26 1.015000 0.771000  0.000041 0.000037 0.000102 0.000198 0.000109 0.000057 
5068032 BlackScholes 1 921 26 1.015000 1.311000  0.000043 0.000037 0.000102 0.000247 0.000120 0.000060 
5068032 BlackScholes 1 921 26 1.015000 0.925000  0.000040 0.000035 0.000098 0.000187 0.000100 0.000054 
5068032 BlackScholes 1 921 26 1.015000 1.078000  0.000040 0.000037 0.000101 0.000197 0.000110 0.000057 
5068096 BlackScholes 1 921 26 1.015000 0.694000  0.000053 0.000037 0.000101 0.000221 0.000106 0.000056 
5068096 BlackScholes 1 921 26 1.015000 1.002000  0.000041 0.000037 0.000101 0.000197 0.000107 0.000057 
5068096 BlackScholes 1 921 26 1.015000 1.232000  0.000044 0.000045 0.000114 0.000262 0.000119 0.000061 
5068160 BlackScholes 1 921 26 1.015000 0.694000  0.000040 0.000037 0.000101 0.000194 0.000106 0.000056 
5068160 BlackScholes 1 921 26 1.015000 1.156000  0.000052 0.000039 0.000106 0.000230 0.000118 0.000060 
5068224 BlackScholes 1 921 26 1.015000 0.694000  0.202277 0.052144 0.111702 0.202340 0.059109 0.026222 
5068224 BlackScholes 1 921 26 1.015000 1.079000  0.000022 0.000016 0.000046 0.000097 0.000049 0.000025 
5068224 BlackScholes 1 921 26 1.015000 0.693000  0.000042 0.000036 0.000103 0.000205 0.000109 0.000057 
5068288 BlackScholes 1 921 26 1.015000 0.770000  0.000038 0.000036 0.000100 0.000189 0.000105 0.000056 
5068288 BlackScholes 1 921 26 1.015000 0.693000  0.000050 0.000037 0.000103 0.000224 0.000113 0.000058 
5068288 BlackScholes 1 921 26 1.015000 0.694000  0.000043 0.000038 0.000103 0.000214 0.000111 0.000058 
5068352 BlackScholes 1 921 26 1.015000 1.078000  0.000043 0.000040 0.000110 0.000282 0.000122 0.000061 
5068352 BlackScholes 1 921 26 1.015000 0.847000  0.000038 0.000034 0.000095 0.000180 0.000097 0.000053 
5068352 BlackScholes 1 921 26 1.015000 0.848000  0.000048 0.000037 0.000103 0.000219 0.000113 0.000058 
5068416 BlackScholes 1 921 26 1.015000 0.694000  0.000038 0.000034 0.000094 0.000184 0.000098 0.000053 
5068416 BlackScholes 1 921 26 1.015000 0.924000  0.000046 0.000036 0.000101 0.000215 0.000112 0.000058 
5068416 BlackScholes 1 921 26 1.015000 0.694000  0.000045 0.000037 0.000104 0.000219 0.000112 0.000058 
5068480 BlackScholes 1 921 26 1.015000 0.693000  0.000049 0.000039 0.000104 0.000219 0.000111 0.000059 
5068480 BlackScholes 1 921 26 1.015000 1.002000  0.000046 0.000037 0.000103 0.000222 0.000113 0.000059 
5068544 BlackScholes 1 921 26 1.015000 0.694000  0.000036 0.000033 0.000093 0.000180 0.000095 0.000052 
5068544 BlackScholes 1 921 26 1.015000 1.001000  0.000274 0.000208 0.000541 0.000944 0.000417 0.000193 
5068544 BlackScholes 1 921 26 1.015000 0.694000  0.000047 0.000036 0.000099 0.000220 0.000112 0.000057 
5068608 BlackScholes 1 921 26 1.015000 0.694000  0.000059 0.000038 0.000105 0.000234 0.000116 0.000059 
5068608 BlackScholes 1 921 26 1.015000 1.156000  0.000041 0.000035 0.000096 0.000190 0.000104 0.000063 
5068608 BlackScholes 1 921 26 1.015000 0.848000  0.000039 0.000033 0.000092 0.000180 0.000096 0.000051 
5068672 BlackScholes 1 921 26 1.015000 1.079000  0.000039 0.000035 0.000096 0.000183 0.000101 0.000056 
5068672 BlackScholes 1 921 26 1.015000 0.693000  0.000036 0.000033 0.000092 0.000176 0.000094 0.000051 
5068736 BlackScholes 1 921 26 1.015000 1.002000  0.000048 0.000038 0.000102 0.000214 0.000109 0.000056 
5068736 BlackScholes 1 921 26 1.015000 0.926000  0.000044 0.000037 0.000101 0.000213 0.000108 0.000056 
5068736 BlackScholes 1 921 26 1.015000 1.000000  0.000048 0.000037 0.000099 0.000213 0.000110 0.000057 
5068800 BlackScholes 1 921 26 1.015000 1.079000  0.000050 0.000037 0.000101 0.000230 0.000116 0.000060 
5068800 BlackScholes 1 921 26 1.015000 0.694000  0.000048 0.000036 0.000102 0.000214 0.000109 0.000056 
5068800 BlackScholes 1 921 26 1.015000 0.924000  0.000046 0.000036 0.000099 0.000217 0.000111 0.000057 
5068864 BlackScholes 1 921 26 1.015000 0.693000  0.000037 0.000038 0.000100 0.000226 0.000103 0.000053 
5068864 BlackScholes 1 921 26 1.015000 1.001000  0.000264 0.000201 0.000550 0.001231 0.000615 0.000328 
5068928 BlackScholes 1 921 26 1.015000 1.157000  0.000040 0.000034 0.000093 0.000186 0.000099 0.000052 
5068928 BlackScholes 1 921 26 1.015000 0.770000  0.000037 0.000034 0.000093 0.000179 0.000099 0.000052 
5068928 BlackScholes 1 921 26 1.015000 1.233000  0.000038 0.000035 0.000095 0.000213 0.000105 0.000054 
5068992 BlackScholes 1 921 26 1.015000 0.693000  0.000035 0.000032 0.000089 0.000171 0.000092 0.000049 
5068992 BlackScholes 1 921 26 1.015000 1.079000  0.000038 0.000037 0.000098 0.000215 0.000110 0.000055 
5068992 BlackScholes 1 921 26 1.015000 0.693000  0.000036 0.000033 0.000091 0.000191 0.000096 0.000051 
5069056 BlackScholes 1 921 26 1.015000 1.002000  0.000046 0.000036 0.000098 0.000203 0.000107 0.000055 
5069056 BlackScholes 1 921 26 1.015000 0.693000  0.000036 0.000033 0.000092 0.000176 0.000105 0.000054 
5069056 BlackScholes 1 921 26 1.015000 0.693000  0.000047 0.000036 0.000097 0.000205 0.000105 0.000054 
5069120 BlackScholes 1 921 26 1.015000 0.849000  0.000039 0.000034 0.000096 0.000208 0.000106 0.000055 
5069120 BlackScholes 1 921 26 1.015000 0.694000  0.000041 0.000036 0.000099 0.000211 0.000108 0.000056 
5069184 BlackScholes 1 921 26 1.015000 1.080000  0.000044 0.000034 0.000094 0.000204 0.000106 0.000054 
5069184 BlackScholes 1 921 26 1.015000 0.693000  0.000040 0.000032 0.000089 0.000184 0.000091 0.000049 
5069184 BlackScholes 1 921 26 1.015000 0.694000  0.000044 0.000034 0.000095 0.000206 0.000106 0.000054 
5069248 BlackScholes 1 921 26 1.015000 0.693000  0.000042 0.000033 0.000094 0.000203 0.000104 0.000054 
5069248 BlackScholes 1 921 26 1.015000 0.694000  0.000043 0.000035 0.000095 0.000202 0.000105 0.000054 
5069248 BlackScholes 1 921 26 1.015000 1.080000  0.000043 0.000034 0.000094 0.000204 0.000105 0.000054 
5069312 BlackScholes 1 921 26 1.015000 0.693000  0.000044 0.000032 0.000090 0.000193 0.000093 0.000049 
5069312 BlackScholes 1 921 26 1.015000 1.002000  0.000042 0.000034 0.000095 0.000313 0.000114 0.000056 
5069376 BlackScholes 1 921 26 1.015000 0.694000  0.000090 0.000040 0.000103 0.000257 0.000114 0.000057 
5069376 BlackScholes 1 921 26 1.015000 0.693000  0.000071 0.000037 0.000100 0.000235 0.000111 0.000056 
5069376 BlackScholes 1 921 26 1.015000 1.156000  0.000047 0.000034 0.000094 0.000207 0.000106 0.000055 
5069440 BlackScholes 1 921 26 1.015000 0.693000  0.000035 0.000030 0.000085 0.000168 0.000087 0.000047 
5069440 BlackScholes 1 921 26 1.015000 1.002000  0.000037 0.000032 0.000088 0.000172 0.000095 0.000050 
5069440 BlackScholes 1 921 26 1.015000 0.693000  0.000035 0.000032 0.000087 0.000178 0.000090 0.000048 
5069504 BlackScholes 1 921 26 1.015000 1.078000  0.000044 0.000034 0.000093 0.000201 0.000103 0.000053 
5069504 BlackScholes 1 921 26 1.015000 1.155000  0.000044 0.000034 0.000092 0.000189 0.000097 0.000050 
5069504 BlackScholes 1 921 26 1.015000 0.694000  0.000042 0.000033 0.000091 0.000192 0.000099 0.000052 
5069568 BlackScholes 1 921 26 1.015000 1.002000  0.000036 0.000032 0.000088 0.000172 0.000093 0.000049 
5069568 BlackScholes 1 921 26 1.015000 0.693000  0.000038 0.000031 0.000086 0.000185 0.000090 0.000048 
5069568 BlackScholes 1 921 26 1.015000 1.464000  0.000044 0.000034 0.000091 0.000198 0.000101 0.000052 
5069632 BlackScholes 1 921 26 1.015000 0.694000  0.000043 0.000034 0.000091 0.000191 0.000099 0.000052 
5069632 BlackScholes 1 921 26 1.015000 0.694000  0.000044 0.000034 0.000092 0.000196 0.000101 0.000052 
5069696 BlackScholes 1 921 26 1.015000 0.694000  0.000041 0.000033 0.000092 0.000195 0.000100 0.000052 
5069696 BlackScholes 1 921 26 1.015000 0.694000  0.000041 0.000036 0.000096 0.000235 0.000110 0.000055 
5069696 BlackScholes 1 921 26 1.015000 1.232000  0.000038 0.000032 0.000090 0.000189 0.000097 0.000051 
5069760 BlackScholes 1 921 26 1.015000 0.694000  0.000033 0.000030 0.000083 0.000159 0.000086 0.000046 
5069760 BlackScholes 1 921 26 1.015000 1.002000  0.000035 0.000046 0.000111 0.000238 0.000132 0.000064 
5069760 BlackScholes 1 921 26 1.015000 0.693000  0.000016 0.000014 0.000040 0.000078 0.000042 0.000022 
5069824 BlackScholes 1 921 26 1.015000 0.693000  0.001186 0.000732 0.001710 0.001312 0.000722 0.000410 
5069824 BlackScholes 1 921 26 1.015000 1.232000  0.000035 0.000031 0.000085 0.000164 0.000090 0.000048 
5069888 BlackScholes 1 921 26 1.015000 0.693000  0.000042 0.000033 0.000092 0.000191 0.000096 0.000050 
5069888 BlackScholes 1 921 26 1.015000 0.925000  0.000041 0.000033 0.000091 0.000198 0.000100 0.000051 
5069888 BlackScholes 1 921 26 1.015000 1.079000  0.000035 0.000031 0.000084 0.000163 0.000089 0.000047 
5069952 BlackScholes 1 921 25 1.015000 0.694000  0.000039 0.000031 0.000085 0.000168 0.000095 0.000049 
5069952 BlackScholes 1 921 25 1.015000 1.310000  0.000044 0.000034 0.000093 0.000211 0.000103 0.000052 
5069952 BlackScholes 1 921 25 1.015000 0.847000  0.000033 0.000029 0.000080 0.000157 0.000082 0.000044 
5070016 BlackScholes 1 921 26 1.015000 1.155000  0.000038 0.000031 0.000087 0.000188 0.000095 0.000049 
5070016 BlackScholes 1 921 26 1.015000 1.156000  0.000040 0.000032 0.000088 0.000187 0.000092 0.000047 
5070016 BlackScholes 1 921 26 1.015000 0.925000  0.000039 0.000032 0.000088 0.000189 0.000095 0.000049 
5070080 BlackScholes 1 921 26 1.015000 1.310000  0.000034 0.000030 0.000089 0.000198 0.000097 0.000049 
5070080 BlackScholes 1 921 26 1.015000 0.847000  0.000035 0.000030 0.000083 0.000163 0.000090 0.000047 
5070144 BlackScholes 1 921 26 1.015000 1.080000  0.000035 0.000030 0.000083 0.000166 0.000089 0.000047 
5070144 BlackScholes 1 921 26 1.015000 0.770000  0.000032 0.000028 0.000079 0.000153 0.000081 0.000044 
