#Timestamp	Benchmark	Run(#)	CPU Frequency (MHz)	CPU Temperature(C)	CPU Voltage(V)	CPU Power(W)	CPU_CYCLES	L1_DATA_CACHE_ACCESS	INSTRUCTIONS_RETIRED	BUS_CYCLES	L1I_CACHE_ACCESS	PREDICTABLE_BRANCH_SPECULATIVELY_EXECUTED
6486656 BlackScholes 1 1734 29 1.226000 2.158000  0.000088 0.000074 0.000202 0.000409 0.000217 0.000113 
6486720 BlackScholes 1 1734 29 1.226000 1.542000  0.000083 0.000069 0.000193 0.000405 0.000201 0.000107 
6486720 BlackScholes 1 1734 28 1.226000 2.466000  0.000086 0.000072 0.000200 0.000400 0.000210 0.000112 
6486720 BlackScholes 1 1734 28 1.226000 1.695000  0.000090 0.000072 0.000198 0.000408 0.000213 0.000112 
6486784 BlackScholes 1 1734 28 1.226000 1.696000  0.000094 0.000073 0.000205 0.000452 0.000224 0.000116 
6486784 BlackScholes 1 1734 28 1.226000 2.309000  0.000094 0.000073 0.000206 0.000463 0.000226 0.000116 
6486848 BlackScholes 1 1734 28 1.226000 1.618000  0.000079 0.000067 0.000188 0.000375 0.000192 0.000104 
6486848 BlackScholes 1 1734 28 1.226000 2.541000  0.000088 0.000073 0.000200 0.000449 0.000217 0.000113 
6486848 BlackScholes 1 1734 28 1.226000 1.620000  0.000081 0.000070 0.000194 0.000390 0.000204 0.000108 
6486912 BlackScholes 1 1734 28 1.226000 1.619000  0.000080 0.000070 0.000193 0.000378 0.000204 0.000108 
6486912 BlackScholes 1 1734 28 1.226000 1.850000  0.000095 0.000071 0.000196 0.000428 0.000214 0.000110 
6486912 BlackScholes 1 1734 28 1.226000 1.619000  0.000076 0.000066 0.000183 0.000365 0.000188 0.000101 
6486976 BlackScholes 1 1734 28 1.226000 2.774000  0.000080 0.000069 0.000190 0.000379 0.000200 0.000106 
6486976 BlackScholes 1 1734 28 1.226000 1.618000  0.000079 0.000068 0.000190 0.000385 0.000199 0.000105 
6486976 BlackScholes 1 1734 28 1.226000 2.231000  0.000087 0.000070 0.000193 0.000426 0.000212 0.000109 
6487040 BlackScholes 1 1734 28 1.226000 3.161000  0.000089 0.000070 0.000192 0.000429 0.000211 0.000110 
6487040 BlackScholes 1 1734 28 1.226000 1.773000  0.000103 0.000074 0.000193 0.000411 0.000200 0.000104 
6487040 BlackScholes 1 1734 28 1.226000 2.389000  0.000527 0.000395 0.001080 0.002442 0.001213 0.000645 
6487104 BlackScholes 1 1734 28 1.226000 1.773000  0.000081 0.000067 0.000183 0.000364 0.000194 0.000102 
6487104 BlackScholes 1 1734 28 1.226000 2.235000  0.000092 0.000069 0.000187 0.000417 0.000210 0.000106 
6487104 BlackScholes 1 1734 29 1.226000 2.540000  0.000075 0.000066 0.000181 0.000366 0.000192 0.000101 
6487168 BlackScholes 1 1734 29 1.226000 1.772000  0.000078 0.000091 0.000226 0.000540 0.000233 0.000116 
6487168 BlackScholes 1 1734 29 1.226000 1.616000  0.000081 0.000066 0.000188 0.000431 0.000205 0.000105 
6487232 BlackScholes 1 1734 29 1.226000 1.619000  0.000102 0.000071 0.000190 0.000455 0.000240 0.000114 
6487232 BlackScholes 1 1734 29 1.226000 1.619000  0.000098 0.000069 0.000182 0.000386 0.000189 0.000098 
6487232 BlackScholes 1 1734 29 1.226000 2.698000  0.000077 0.000064 0.000177 0.000350 0.000186 0.000099 
6487296 BlackScholes 1 1734 29 1.226000 1.619000  0.000078 0.000064 0.000176 0.000355 0.000186 0.000098 
6487296 BlackScholes 1 1734 29 1.226000 1.695000  0.000071 0.000063 0.000175 0.000344 0.000185 0.000098 
6487296 BlackScholes 1 1734 29 1.226000 2.851000  0.000084 0.000065 0.000179 0.000412 0.000200 0.000102 
6487360 BlackScholes 1 1734 29 1.226000 1.850000  0.000080 0.000065 0.000175 0.000359 0.000180 0.000095 
6487360 BlackScholes 1 1734 29 1.226000 2.231000  0.000072 0.000062 0.000172 0.000339 0.000182 0.000096 
6487360 BlackScholes 1 1734 29 1.226000 1.618000  0.000078 0.000062 0.000171 0.000349 0.000182 0.000096 
6487424 BlackScholes 1 1734 29 1.226000 1.620000  0.000078 0.000062 0.000178 0.000399 0.000193 0.000099 
6487424 BlackScholes 1 1734 29 1.226000 2.618000  0.000079 0.000063 0.000176 0.000392 0.000193 0.000098 
6487424 BlackScholes 1 1734 29 1.226000 1.696000  0.000067 0.000058 0.000162 0.000319 0.000165 0.000089 
6487488 BlackScholes 1 1734 29 1.226000 2.463000  0.000484 0.000359 0.000991 0.002301 0.001126 0.000589 
6487488 BlackScholes 1 1734 29 1.226000 1.618000  0.000072 0.000060 0.000166 0.000331 0.000177 0.000093 
6487488 BlackScholes 1 1734 29 1.226000 1.619000  0.000069 0.000060 0.000165 0.000326 0.000173 0.000092 
6487552 BlackScholes 1 1734 29 1.226000 2.698000  0.000070 0.000059 0.000163 0.000323 0.000174 0.000092 
6487552 BlackScholes 1 1734 29 1.226000 1.696000  0.000066 0.000056 0.000156 0.000317 0.000160 0.000086 
6487616 BlackScholes 1 1734 29 1.226000 1.925000  0.000067 0.000059 0.000162 0.000316 0.000171 0.000090 
6487616 BlackScholes 1 1734 29 1.226000 2.696000  0.000074 0.000059 0.000166 0.000364 0.000180 0.000093 
6487616 BlackScholes 1 1734 29 1.226000 2.081000  0.000093 0.000059 0.000169 0.000429 0.000181 0.000092 
6487680 BlackScholes 1 1734 29 1.226000 2.464000  0.000088 0.000059 0.000165 0.000393 0.000182 0.000093 
6487680 BlackScholes 1 1734 29 1.226000 0.846000  0.000065 0.000054 0.000152 0.000310 0.000156 0.000084 
6487680 BlackScholes 1 1734 29 1.226000 0.846000  0.000078 0.000056 0.000160 0.000371 0.000176 0.000091 
6487744 BlackScholes 1 1734 29 1.226000 1.000000  0.000067 0.000054 0.000151 0.000329 0.000154 0.000083 
6487744 BlackScholes 1 1734 30 1.226000 0.923000  0.000074 0.000057 0.000158 0.000369 0.000173 0.000090 
6487744 BlackScholes 1 1734 30 1.226000 0.846000  0.000068 0.000053 0.000150 0.000316 0.000154 0.000083 
6487808 BlackScholes 1 1734 30 1.226000 1.076000  0.000074 0.000056 0.000156 0.000329 0.000164 0.000087 
6487808 BlackScholes 1 1734 30 1.226000 0.999000  0.000073 0.000053 0.000149 0.000322 0.000153 0.000082 
6487808 BlackScholes 1 1734 30 1.226000 1.384000  0.000069 0.000054 0.000154 0.000341 0.000164 0.000087 
6487872 BlackScholes 1 1734 30 1.226000 0.923000  0.000070 0.000053 0.000148 0.000319 0.000152 0.000082 
6487872 BlackScholes 1 1734 30 1.226000 1.153000  0.000641 0.000312 0.000664 0.001420 0.000523 0.000251 
6487936 BlackScholes 1 1734 30 1.226000 0.768000  0.000091 0.000062 0.000162 0.000401 0.000180 0.000091 
6487936 BlackScholes 1 1734 30 1.226000 0.923000  0.000069 0.000053 0.000149 0.000345 0.000163 0.000085 
6487936 BlackScholes 1 1734 30 1.226000 1.076000  0.000067 0.000053 0.000151 0.000346 0.000163 0.000086 
6488000 BlackScholes 1 1734 30 1.226000 0.923000  0.000064 0.000053 0.000147 0.000317 0.000154 0.000083 
6488000 BlackScholes 1 1734 30 1.226000 2.306000  0.000068 0.000052 0.000147 0.000356 0.000166 0.000086 
6488000 BlackScholes 1 1734 30 1.226000 0.769000  0.000074 0.000068 0.000175 0.000691 0.000194 0.000095 
6488064 BlackScholes 1 1734 30 1.226000 1.999000  0.000068 0.000053 0.000145 0.000314 0.000152 0.000080 
6488064 BlackScholes 1 1734 31 1.226000 0.769000  0.000065 0.000052 0.000143 0.000301 0.000147 0.000078 
6488064 BlackScholes 1 1734 31 1.226000 1.230000  0.000420 0.000308 0.000839 0.001918 0.000939 0.000504 
6488128 BlackScholes 1 1734 31 1.226000 0.768000  0.000062 0.000049 0.000137 0.000288 0.000145 0.000076 
6488128 BlackScholes 1 1734 31 1.226000 1.461000  0.000071 0.000051 0.000141 0.000304 0.000151 0.000079 
6488192 BlackScholes 1 1734 31 1.226000 0.846000  0.000128 0.000056 0.000147 0.000354 0.000152 0.000078 
6488192 BlackScholes 1 1734 31 1.226000 1.153000  0.000063 0.000050 0.000140 0.000337 0.000157 0.000082 
6488192 BlackScholes 1 1734 31 1.226000 0.769000  0.000061 0.000048 0.000134 0.000275 0.000138 0.000074 
6488256 BlackScholes 1 1734 31 1.226000 1.307000  0.000066 0.000051 0.000139 0.000292 0.000148 0.000078 
6488256 BlackScholes 1 1734 31 1.226000 0.769000  0.000064 0.000048 0.000133 0.000274 0.000136 0.000074 
6488256 BlackScholes 1 1734 31 1.226000 1.537000  0.000056 0.000050 0.000138 0.000279 0.000146 0.000077 
6488320 BlackScholes 1 1734 31 1.226000 1.537000  0.000063 0.000047 0.000132 0.000273 0.000136 0.000073 
6488320 BlackScholes 1 1734 31 1.226000 1.461000  0.000245 0.000056 0.000153 0.000495 0.000165 0.000082 
6488320 BlackScholes 1 1734 31 1.226000 1.615000  0.000057 0.000046 0.000129 0.000262 0.000131 0.000071 
6488384 BlackScholes 1 1734 31 1.226000 1.307000  0.000058 0.000049 0.000134 0.000271 0.000141 0.000075 
6488384 BlackScholes 1 1734 31 1.226000 1.230000  0.000057 0.000045 0.000128 0.000261 0.000132 0.000072 
6488384 BlackScholes 1 1734 31 1.226000 1.538000  0.000059 0.000048 0.000132 0.000277 0.000139 0.000074 
6488448 BlackScholes 1 1734 31 1.226000 1.922000  0.000072 0.000050 0.000135 0.000323 0.000143 0.000074 
6488448 BlackScholes 1 1734 31 1.226000 1.461000  0.000060 0.000047 0.000133 0.000313 0.000148 0.000076 
6488448 BlackScholes 1 1734 31 1.226000 1.844000  0.000063 0.000046 0.000132 0.000319 0.000149 0.000077 
6488512 BlackScholes 1 1734 31 1.226000 1.769000  0.000058 0.000049 0.000132 0.000305 0.000142 0.000074 
6488512 BlackScholes 1 1734 31 1.226000 1.616000  0.000062 0.000047 0.000130 0.000282 0.000136 0.000072 
6488512 BlackScholes 1 1734 31 1.226000 0.922000  0.000063 0.000050 0.000138 0.000315 0.000150 0.000077 
6488576 BlackScholes 1 1734 31 1.226000 1.231000  0.000058 0.000048 0.000130 0.000311 0.000141 0.000074 
6488576 BlackScholes 1 1734 31 1.226000 0.846000  0.000059 0.000044 0.000123 0.000266 0.000127 0.000068 
6488640 BlackScholes 1 1734 31 1.226000 1.231000  0.000373 0.000274 0.000747 0.001806 0.000853 0.000447 
6488640 BlackScholes 1 1734 31 1.226000 1.230000  0.000065 0.000043 0.000121 0.000273 0.000127 0.000067 
6488640 BlackScholes 1 1734 31 1.226000 1.461000  0.000064 0.000045 0.000124 0.000274 0.000132 0.000069 
6488704 BlackScholes 1 1734 31 1.226000 0.846000  0.000075 0.000046 0.000129 0.000339 0.000131 0.000069 
6488704 BlackScholes 1 1734 31 1.226000 1.615000  0.000055 0.000045 0.000126 0.000305 0.000139 0.000071 
6488704 BlackScholes 1 1734 31 1.226000 0.922000  0.000053 0.000042 0.000119 0.000251 0.000121 0.000065 
6488768 BlackScholes 1 1734 31 1.226000 1.537000  0.000059 0.000045 0.000127 0.000290 0.000138 0.000071 
6488768 BlackScholes 1 1734 31 1.226000 1.614000  0.000052 0.000044 0.000123 0.000264 0.000131 0.000069 
6488768 BlackScholes 1 1734 31 1.226000 1.384000  0.000054 0.000044 0.000125 0.000280 0.000135 0.000070 
6488832 BlackScholes 1 1734 31 1.226000 1.768000  0.000054 0.000045 0.000122 0.000270 0.000128 0.000069 
6488832 BlackScholes 1 1734 31 1.226000 1.076000  0.000060 0.000047 0.000128 0.000287 0.000140 0.000071 
6488832 BlackScholes 1 1734 31 1.226000 1.231000  0.000057 0.000043 0.000120 0.000273 0.000129 0.000069 
6488896 BlackScholes 1 1734 31 1.226000 0.846000  0.000055 0.000044 0.000124 0.000295 0.000135 0.000069 
6488896 BlackScholes 1 1734 31 1.226000 1.537000  0.000052 0.000042 0.000122 0.000283 0.000135 0.000069 
6488896 BlackScholes 1 1734 31 1.226000 0.845000  0.000052 0.000041 0.000115 0.000244 0.000119 0.000064 
6488960 BlackScholes 1 1734 31 1.226000 1.537000  0.000063 0.000045 0.000124 0.000298 0.000137 0.000070 
6488960 BlackScholes 1 1734 31 1.226000 0.768000  0.000054 0.000041 0.000114 0.000248 0.000117 0.000063 
6489024 BlackScholes 1 1734 31 1.226000 1.537000  0.000351 0.000254 0.000692 0.001645 0.000784 0.000395 
6489024 BlackScholes 1 1734 31 1.226000 0.845000  0.000052 0.000040 0.000113 0.000234 0.000116 0.000063 
6489024 BlackScholes 1 1734 31 1.226000 1.384000  0.000057 0.000044 0.000124 0.000292 0.000140 0.000071 
6489088 BlackScholes 1 1734 31 1.226000 2.153000  0.000051 0.000042 0.000116 0.000404 0.000129 0.000067 
6489088 BlackScholes 1 1734 31 1.226000 1.000000  0.000047 0.000042 0.000116 0.000331 0.000147 0.000075 
6489088 BlackScholes 1 1734 31 1.226000 2.076000  0.000053 0.000066 0.000171 0.000529 0.000166 0.000080 
6489152 BlackScholes 1 1734 31 1.226000 0.769000  0.000054 0.000042 0.000116 0.000272 0.000128 0.000066 
6489152 BlackScholes 1 1734 31 1.226000 2.153000  0.000063 0.000042 0.000116 0.000285 0.000125 0.000065 
6489152 BlackScholes 1 1734 31 1.226000 0.923000  0.000054 0.000041 0.000116 0.000278 0.000128 0.000066 
6489216 BlackScholes 1 1734 31 1.226000 1.538000  0.000065 0.000041 0.000118 0.000281 0.000126 0.000066 
6489216 BlackScholes 1 1734 31 1.226000 0.769000  0.000046 0.000039 0.000109 0.000227 0.000111 0.000060 
6489280 BlackScholes 1 1734 32 1.226000 1.307000  0.000205 0.000060 0.000145 0.000401 0.000146 0.000073 
6489280 BlackScholes 1 1734 32 1.226000 0.768000  0.000049 0.000039 0.000108 0.000220 0.000111 0.000060 
6489280 BlackScholes 1 1734 31 1.226000 1.615000  0.000056 0.000041 0.000111 0.000235 0.000119 0.000062 
6489344 BlackScholes 1 1734 31 1.226000 0.768000  0.000050 0.000038 0.000106 0.000314 0.000119 0.000061 
6489344 BlackScholes 1 1734 31 1.226000 1.461000  0.000052 0.000040 0.000109 0.000231 0.000115 0.000061 
6489344 BlackScholes 1 1734 31 1.226000 0.846000  0.000048 0.000037 0.000105 0.000215 0.000108 0.000058 
6489408 BlackScholes 1 1734 31 1.226000 1.461000  0.000047 0.000057 0.000138 0.000340 0.000159 0.000088 
6489408 BlackScholes 1 1734 31 1.226000 0.845000  0.000010 0.000070 0.000038 0.000135 0.000000 0.000007 
6489408 BlackScholes 1 1734 31 1.226000 0.768000  0.000332 0.000229 0.000619 0.001506 0.000708 0.000347 
6489472 BlackScholes 1 1734 31 1.226000 1.000000  0.000049 0.000044 0.000115 0.000379 0.000154 0.000108 
6489472 BlackScholes 1 1734 31 1.226000 0.769000  0.265935 0.074435 0.165613 0.265999 0.066865 0.033381 
6489536 BlackScholes 1 1734 31 1.226000 0.923000  0.000017 0.000014 0.000041 0.000098 0.000046 0.000024 
6489536 BlackScholes 1 1734 31 1.226000 0.845000  0.000393 0.000057 0.000133 0.000781 0.000175 0.000078 
6489536 BlackScholes 1 1734 31 1.226000 1.384000  0.000054 0.000038 0.000105 0.000249 0.000116 0.000059 
6489600 BlackScholes 1 1734 31 1.226000 0.768000  0.000044 0.000035 0.000098 0.000200 0.000101 0.000054 
6489600 BlackScholes 1 1734 31 1.226000 1.614000  0.000049 0.000036 0.000102 0.000246 0.000112 0.000058 
6489600 BlackScholes 1 1734 31 1.226000 0.846000  0.000042 0.000035 0.000097 0.000197 0.000099 0.000054 
6489664 BlackScholes 1 1734 31 1.226000 1.462000  0.000054 0.000039 0.000107 0.000248 0.000116 0.000059 
6489664 BlackScholes 1 1734 31 1.226000 1.769000  0.000048 0.000034 0.000096 0.000211 0.000098 0.000053 
6489664 BlackScholes 1 1734 31 1.226000 1.846000  0.000045 0.000036 0.000103 0.000231 0.000111 0.000057 
6489728 BlackScholes 1 1734 31 1.226000 0.923000  0.000045 0.000034 0.000095 0.000198 0.000097 0.000053 
6489728 BlackScholes 1 1734 31 1.226000 1.384000  0.000045 0.000035 0.000101 0.000233 0.000108 0.000057 
6489728 BlackScholes 1 1734 31 1.226000 1.922000  0.000110 0.000044 0.000114 0.000298 0.000120 0.000060 
6489792 BlackScholes 1 1734 31 1.226000 1.846000  0.000048 0.000036 0.000101 0.000235 0.000109 0.000056 
6489792 BlackScholes 1 1734 31 1.226000 1.769000  0.000129 0.000041 0.000109 0.000323 0.000118 0.000059 
6489792 BlackScholes 1 1734 31 1.226000 0.846000  0.000044 0.000036 0.000100 0.000226 0.000108 0.000056 
6489856 BlackScholes 1 1734 31 1.226000 1.307000  0.000045 0.000034 0.000098 0.000241 0.000105 0.000055 
6489856 BlackScholes 1 1734 31 1.226000 1.153000  0.000038 0.000035 0.000100 0.000221 0.000106 0.000055 
6489920 BlackScholes 1 1734 31 1.226000 1.230000  0.000043 0.000033 0.000095 0.000218 0.000106 0.000055 
6489920 BlackScholes 1 1734 31 1.226000 0.845000  0.000047 0.000033 0.000091 0.000195 0.000093 0.000050 
6489920 BlackScholes 1 1734 32 1.226000 1.461000  0.000192 0.000096 0.000231 0.000455 0.000216 0.000101 
6489984 BlackScholes 1 1734 32 1.226000 0.769000  0.000044 0.000032 0.000091 0.000187 0.000093 0.000050 
6489984 BlackScholes 1 1734 31 1.226000 1.538000  0.000043 0.000034 0.000093 0.000209 0.000098 0.000052 
6489984 BlackScholes 1 1734 31 1.226000 1.306000  0.000055 0.000035 0.000100 0.000253 0.000110 0.000056 
6490048 BlackScholes 1 1734 31 1.226000 1.384000  0.000047 0.000035 0.000097 0.000223 0.000106 0.000054 
6490048 BlackScholes 1 1734 31 1.226000 2.618000  0.000040 0.000033 0.000093 0.000213 0.000103 0.000053 
6490048 BlackScholes 1 1734 31 1.226000 2.157000  0.000039 0.000031 0.000088 0.000182 0.000089 0.000048 
6490112 BlackScholes 1 1734 30 1.226000 2.543000  0.000044 0.000034 0.000097 0.000213 0.000103 0.000054 
6490112 BlackScholes 1 1734 30 1.226000 1.773000  0.000038 0.000033 0.000091 0.000178 0.000096 0.000070 
6490112 BlackScholes 1 1734 30 1.226000 1.773000  0.000047 0.000035 0.000096 0.000209 0.000104 0.000054 
6490176 BlackScholes 1 1734 30 1.226000 2.771000  0.000039 0.000033 0.000090 0.000181 0.000096 0.000051 
6490176 BlackScholes 1 1734 30 1.226000 1.850000  0.000036 0.000031 0.000087 0.000168 0.000089 0.000050 
6490240 BlackScholes 1 1734 30 1.226000 2.462000  0.000036 0.000032 0.000089 0.000173 0.000094 0.000050 
6490240 BlackScholes 1 1734 29 1.226000 1.773000  0.000037 0.000033 0.000089 0.000175 0.000095 0.000050 
6490240 BlackScholes 1 1734 29 1.226000 1.850000  0.000036 0.000032 0.000089 0.000171 0.000093 0.000050 
6490304 BlackScholes 1 1734 29 1.226000 2.619000  0.000038 0.000032 0.000088 0.000172 0.000093 0.000049 
6490304 BlackScholes 1 1734 29 1.226000 1.773000  0.000036 0.000030 0.000084 0.000166 0.000087 0.000047 
6490304 BlackScholes 1 1734 29 1.226000 2.466000  0.000035 0.000032 0.000087 0.000169 0.000092 0.000048 
6490368 BlackScholes 1 1734 29 1.226000 1.773000  0.000039 0.000032 0.000087 0.000176 0.000092 0.000048 
6490368 BlackScholes 1 1734 29 1.226000 1.773000  0.000035 0.000031 0.000086 0.000170 0.000091 0.000048 
6490368 BlackScholes 1 1734 29 1.226000 2.774000  0.000037 0.000031 0.000096 0.000228 0.000102 0.000052 
6490432 BlackScholes 1 1734 29 1.226000 1.773000  0.000033 0.000029 0.000082 0.000158 0.000083 0.000045 
6490432 BlackScholes 1 1734 29 1.226000 1.926000  0.000034 0.000031 0.000085 0.000164 0.000089 0.000047 
6490432 BlackScholes 1 1734 29 1.226000 1.773000  0.000035 0.000031 0.000085 0.000169 0.000089 0.000047 
6490496 BlackScholes 1 1734 29 1.226000 1.773000  0.000034 0.000030 0.000084 0.000162 0.000089 0.000047 
6490496 BlackScholes 1 1734 29 1.226000 2.771000  0.000034 0.000029 0.000084 0.000182 0.000091 0.000047 
6490496 BlackScholes 1 1734 29 1.226000 1.773000  0.000042 0.000028 0.000080 0.000266 0.000088 0.000046 
6490560 BlackScholes 1 1734 29 1.226000 2.775000  0.000034 0.000030 0.000083 0.000163 0.000088 0.000046 
6490560 BlackScholes 1 1734 29 1.226000 1.848000  0.000039 0.000032 0.000085 0.000187 0.000093 0.000048 
6490560 BlackScholes 1 1734 29 1.226000 1.927000  0.000038 0.000033 0.000087 0.000187 0.000093 0.000048 
6490624 BlackScholes 1 1734 29 1.226000 2.234000  0.000038 0.000030 0.000084 0.000193 0.000094 0.000048 
6490624 BlackScholes 1 1734 29 1.226000 1.773000  0.000037 0.000031 0.000085 0.000183 0.000090 0.000047 
6490688 BlackScholes 1 1734 29 1.226000 1.773000  0.000037 0.000030 0.000084 0.000181 0.000090 0.000047 
6490688 BlackScholes 1 1734 29 1.226000 1.773000  0.000035 0.000030 0.000082 0.000162 0.000087 0.000046 
6490688 BlackScholes 1 1734 29 1.226000 1.928000  0.000033 0.000028 0.000078 0.000152 0.000081 0.000044 
6490752 BlackScholes 1 1734 29 1.226000 2.694000  0.000036 0.000030 0.000083 0.000181 0.000092 0.000047 
6490752 BlackScholes 1 1734 29 1.226000 1.773000  0.000088 0.000034 0.000089 0.000215 0.000094 0.000047 
6490752 BlackScholes 1 1734 29 1.226000 2.622000  0.000033 0.000029 0.000081 0.000156 0.000085 0.000045 
6490816 BlackScholes 1 1734 28 1.226000 2.695000  0.000036 0.000030 0.000084 0.000188 0.000091 0.000047 
6490816 BlackScholes 1 1734 28 1.226000 1.773000  0.000038 0.000028 0.000077 0.000245 0.000084 0.000044 
6490816 BlackScholes 1 1734 28 1.226000 2.775000  0.000032 0.000029 0.000080 0.000154 0.000084 0.000044 
6490880 BlackScholes 1 1734 28 1.226000 2.466000  0.000034 0.000029 0.000079 0.000165 0.000120 0.000060 
6490880 BlackScholes 1 1734 28 1.226000 1.773000  0.000035 0.000030 0.000082 0.000183 0.000090 0.000047 
6490880 BlackScholes 1 1734 28 1.226000 3.239000  0.000033 0.000029 0.000079 0.000155 0.000084 0.000044 
6490944 BlackScholes 1 1734 28 1.226000 1.773000  0.000034 0.000027 0.000076 0.000157 0.000078 0.000042 
6490944 BlackScholes 1 1734 28 1.226000 1.926000  0.000047 0.000029 0.000085 0.000206 0.000094 0.000049 
6490944 BlackScholes 1 1734 28 1.226000 3.160000  0.000034 0.000028 0.000079 0.000154 0.000083 0.000044 
6491008 BlackScholes 1 1734 28 1.226000 1.696000  0.000033 0.000028 0.000078 0.000153 0.000083 0.000044 
6491008 BlackScholes 1 1734 28 1.226000 2.617000  0.000031 0.000028 0.000078 0.000151 0.000082 0.000044 
6491008 BlackScholes 1 1734 28 1.226000 1.774000  0.000038 0.000029 0.000081 0.000182 0.000087 0.000045 
6491072 BlackScholes 1 1734 28 1.226000 1.773000  0.000038 0.000029 0.000081 0.000178 0.000088 0.000045 
6491072 BlackScholes 1 1734 29 1.226000 1.772000  0.000409 0.000348 0.000953 0.001891 0.001025 0.000533 
6491136 BlackScholes 1 1734 29 1.226000 1.774000  0.000031 0.000026 0.000074 0.000146 0.000075 0.000041 
6491136 BlackScholes 1 1734 29 1.226000 2.313000  0.000038 0.000029 0.000081 0.000174 0.000087 0.000045 
6491136 BlackScholes 1 1734 29 1.226000 1.773000  0.000042 0.000029 0.000078 0.000162 0.000082 0.000043 
6491200 BlackScholes 1 1734 29 1.226000 1.695000  0.000034 0.000028 0.000079 0.000170 0.000085 0.000044 
6491200 BlackScholes 1 1734 29 1.226000 2.848000  0.000040 0.000029 0.000079 0.000179 0.000087 0.000045 
6491200 BlackScholes 1 1734 28 1.226000 1.773000  0.000032 0.000026 0.000074 0.000152 0.000075 0.000041 
6491264 BlackScholes 1 1734 28 1.226000 2.930000  0.000034 0.000028 0.000078 0.000171 0.000084 0.000044 
6491264 BlackScholes 1 1734 28 1.226000 1.928000  0.000040 0.000028 0.000076 0.000488 0.000124 0.000060 
6491264 BlackScholes 1 1734 29 1.226000 1.773000  0.000041 0.000030 0.000081 0.000182 0.000086 0.000045 
6491328 BlackScholes 1 1734 29 1.226000 2.542000  0.000034 0.000028 0.000078 0.000174 0.000085 0.000044 
6491328 BlackScholes 1 1734 28 1.226000 1.697000  0.000076 0.000029 0.000078 0.000193 0.000080 0.000043 
6491328 BlackScholes 1 1734 28 1.226000 2.853000  0.000034 0.000028 0.000078 0.000168 0.000085 0.000044 
6491392 BlackScholes 1 1734 28 1.226000 2.080000  0.000032 0.000027 0.000076 0.000149 0.000080 0.000042 
6491392 BlackScholes 1 1734 28 1.226000 1.773000  0.000030 0.000647 0.001513 0.001254 0.000632 0.000361 
6491392 BlackScholes 1 1734 28 1.226000 2.004000  0.000037 0.000029 0.000078 0.000171 0.000086 0.000044 
6491456 BlackScholes 1 1734 28 1.226000 1.773000  0.000039 0.000028 0.000079 0.000174 0.000086 0.000044 
6491456 BlackScholes 1 1734 28 1.226000 1.773000  0.000032 0.000027 0.000074 0.000155 0.000081 0.000042 
6491456 BlackScholes 1 1734 28 1.226000 2.772000  0.000036 0.000028 0.000076 0.000170 0.000083 0.000043 
6491520 BlackScholes 1 1734 28 1.226000 1.773000  0.000038 0.000025 0.000071 0.000160 0.000078 0.000041 
6491520 BlackScholes 1 1734 28 1.226000 1.773000  0.000034 0.000027 0.000076 0.000165 0.000081 0.000042 
6491584 BlackScholes 1 1734 28 1.226000 2.929000  0.000035 0.000027 0.000075 0.000166 0.000081 0.000042 
6491584 BlackScholes 1 1734 28 1.226000 1.773000  0.000033 0.000028 0.000078 0.000166 0.000080 0.000041 
6491584 BlackScholes 1 1734 28 1.226000 2.618000  0.000031 0.000026 0.000073 0.000144 0.000077 0.000041 
6491648 BlackScholes 1 1734 28 1.226000 1.773000  0.000032 0.000027 0.000073 0.000143 0.000077 0.000041 
6491648 BlackScholes 1 1734 28 1.226000 1.770000  0.000030 0.000026 0.000072 0.000142 0.000076 0.000040 
6491648 BlackScholes 1 1734 28 1.226000 1.773000  0.000030 0.000026 0.000072 0.000141 0.000076 0.000040 
6491712 BlackScholes 1 1734 28 1.226000 1.774000  0.000029 0.000025 0.000069 0.000132 0.000071 0.000038 
6491712 BlackScholes 1 1734 28 1.226000 1.928000  0.000030 0.000026 0.000071 0.000141 0.000076 0.000040 
6491712 BlackScholes 1 1734 29 1.226000 1.773000  0.000029 0.000051 0.000119 0.000321 0.000110 0.000055 
6491776 BlackScholes 1 1734 29 1.226000 1.695000  0.000034 0.000027 0.000076 0.000172 0.000084 0.000043 
6491776 BlackScholes 1 1734 28 1.226000 2.771000  0.000033 0.000026 0.000073 0.000162 0.000080 0.000041 
6491776 BlackScholes 1 1734 28 1.226000 1.850000  0.000028 0.000024 0.000068 0.000135 0.000070 0.000038 
6491840 BlackScholes 1 1734 28 1.226000 2.309000  0.000032 0.000026 0.000072 0.000158 0.000084 0.000042 
6491840 BlackScholes 1 1734 28 1.226000 1.773000  0.000095 0.000031 0.000081 0.000278 0.000084 0.000043 
6491840 BlackScholes 1 1734 29 1.226000 2.466000  0.000036 0.000027 0.000073 0.000168 0.000080 0.000041 
6491904 BlackScholes 1 1734 29 1.226000 2.928000  0.000035 0.000026 0.000072 0.000163 0.000081 0.000041 
6491904 BlackScholes 1 1734 29 1.226000 2.235000  0.000030 0.000026 0.000072 0.000150 0.000077 0.000040 
6491904 BlackScholes 1 1734 28 1.226000 1.773000  0.000030 0.000026 0.000070 0.000156 0.000078 0.000041 
