#Timestamp	Benchmark	Run(#)	CPU Frequency (MHz)	CPU Temperature(C)	CPU Voltage(V)	CPU Power(W)	CPU_CYCLES	L1_DATA_CACHE_ACCESS	INSTRUCTIONS_RETIRED	BUS_CYCLES	L1I_CACHE_ACCESS	PREDICTABLE_BRANCH_SPECULATIVELY_EXECUTED
2654464 lavaMD 1 307 36 0.842000 0.462000  0.001021 0.000878 0.002513 0.004974 0.003204 0.001553 
2654592 lavaMD 1 307 36 0.842000 0.694000  0.003306 0.002774 0.007777 0.015618 0.008132 0.004273 
2654592 lavaMD 1 307 36 0.842000 0.463000  0.002576 0.002237 0.007293 0.017614 0.008839 0.004173 
2654592 lavaMD 1 307 36 0.842000 0.385000  0.002122 0.001939 0.005430 0.010190 0.005608 0.003002 
2654592 lavaMD 1 307 36 0.842000 0.540000  0.003442 0.001998 0.005373 0.011341 0.005675 0.002926 
2654592 lavaMD 1 307 36 0.842000 0.385000  0.001735 0.001627 0.005206 0.010262 0.005251 0.002701 
2654720 lavaMD 1 307 36 0.842000 0.540000  0.000007 0.000041 0.000028 0.000087 0.000000 0.000005 
2654720 lavaMD 1 307 36 0.842000 0.539000  0.001258 0.001187 0.003329 0.006248 0.003396 0.001840 
2654720 lavaMD 1 307 36 0.842000 0.539000  0.000376 0.000329 0.000913 0.001856 0.000997 0.000513 
2654720 lavaMD 1 307 36 0.842000 0.463000  0.001041 0.000931 0.002600 0.004955 0.002655 0.001437 
2654720 lavaMD 1 307 36 0.842000 0.539000  0.001058 0.000956 0.002615 0.005020 0.002788 0.001697 
2654848 lavaMD 1 307 36 0.842000 0.539000  0.000949 0.000825 0.002495 0.005479 0.002554 0.001330 
2654848 lavaMD 1 307 36 0.842000 0.539000  0.001190 0.000890 0.002397 0.005524 0.002673 0.001356 
2654848 lavaMD 1 307 36 0.842000 0.463000  0.001447 0.000985 0.002766 0.006358 0.002913 0.001453 
2654848 lavaMD 1 307 36 0.842000 0.694000  0.001164 0.000919 0.002557 0.005708 0.002665 0.001349 
2654976 lavaMD 1 307 36 0.842000 0.539000  0.001274 0.000973 0.002752 0.006875 0.003073 0.001543 
2654976 lavaMD 1 307 36 0.842000 0.539000  0.000806 0.000715 0.001971 0.003839 0.002090 0.001100 
2654976 lavaMD 1 307 36 0.842000 0.462000  0.000717 0.000658 0.001827 0.003458 0.001909 0.001016 
2654976 lavaMD 1 307 36 0.842000 0.462000  0.000656 0.000615 0.001723 0.003639 0.001911 0.000996 
2654976 lavaMD 1 307 36 0.842000 0.385000  0.000648 0.000598 0.001677 0.003129 0.001720 0.000983 
2655104 lavaMD 1 307 36 0.842000 0.462000  0.000661 0.000612 0.001669 0.003173 0.001781 0.000939 
2655104 lavaMD 1 307 36 0.842000 0.462000  0.000597 0.000554 0.001541 0.002899 0.001595 0.000856 
2655104 lavaMD 1 307 36 0.842000 0.385000  0.000565 0.000539 0.001512 0.002810 0.001549 0.000835 
2655104 lavaMD 1 307 36 0.842000 0.385000  0.000567 0.000528 0.001485 0.002821 0.001575 0.000837 
2655232 lavaMD 1 307 36 0.842000 0.308000  0.163984 0.049997 0.108047 0.171787 0.061770 0.027783 
2655232 lavaMD 1 307 36 0.842000 0.539000  0.000575 0.000579 0.001558 0.003115 0.001620 0.000839 
2655232 lavaMD 1 307 36 0.842000 0.308000  0.000538 0.000510 0.001432 0.002655 0.001457 0.000791 
2655232 lavaMD 1 307 36 0.842000 0.385000  0.000549 0.000503 0.001407 0.002844 0.001487 0.000788 
2655360 lavaMD 1 307 36 0.842000 0.693000  0.000067 0.000062 0.000178 0.000345 0.000229 0.000117 
2655360 lavaMD 1 307 36 0.842000 0.462000  0.000068 0.000061 0.000176 0.000348 0.000227 0.000109 
2655360 lavaMD 1 307 36 0.842000 0.693000  0.000066 0.000061 0.000173 0.000335 0.000223 0.000108 
2655360 lavaMD 1 307 37 0.842000 0.539000  0.000468 0.000425 0.001185 0.002250 0.001600 0.000782 
2655360 lavaMD 1 307 37 0.842000 0.308000  0.000450 0.000417 0.001168 0.002203 0.001209 0.000646 
2655360 lavaMD 1 307 37 0.842000 0.385000  0.000436 0.000411 0.001150 0.002148 0.001181 0.000636 
2655488 lavaMD 1 307 36 0.842000 0.308000  0.003390 0.003112 0.007995 0.018677 0.008655 0.004433 
2655488 lavaMD 1 307 37 0.842000 0.539000  0.000409 0.000384 0.001072 0.002018 0.001101 0.000593 
2655488 lavaMD 1 307 37 0.842000 0.462000  0.000392 0.000378 0.001059 0.001967 0.001083 0.000585 
2655488 lavaMD 1 307 37 0.842000 0.462000  0.000397 0.000374 0.001047 0.001948 0.001073 0.000578 
2655616 lavaMD 1 307 37 0.842000 0.385000  0.000390 0.000367 0.001033 0.001928 0.001110 0.000588 
2655616 lavaMD 1 307 37 0.842000 0.385000  0.000461 0.000403 0.001117 0.002295 0.001218 0.000652 
2655616 lavaMD 1 307 37 0.842000 0.308000  0.000401 0.000359 0.001007 0.001920 0.001040 0.000557 
2655616 lavaMD 1 307 37 0.842000 0.462000  0.000370 0.000352 0.000993 0.001925 0.001028 0.000552 
2655616 lavaMD 1 307 37 0.842000 0.308000  0.000378 0.000353 0.000982 0.001819 0.001008 0.000546 
2655744 lavaMD 1 307 37 0.842000 0.308000  0.000365 0.000345 0.000968 0.001779 0.000985 0.000535 
2655744 lavaMD 1 307 36 0.842000 0.462000  0.000352 0.000341 0.000958 0.001752 0.000971 0.000528 
2655744 lavaMD 1 307 36 0.842000 0.462000  0.000378 0.000519 0.001262 0.002956 0.001453 0.000801 
2655744 lavaMD 1 307 36 0.842000 0.539000  0.000356 0.000328 0.000915 0.001698 0.000942 0.000508 
2655872 lavaMD 1 307 37 0.842000 0.462000  0.000329 0.000321 0.000899 0.001661 0.000917 0.000496 
2655872 lavaMD 1 307 37 0.842000 0.308000  0.000329 0.000317 0.000890 0.001628 0.000966 0.000508 
2655872 lavaMD 1 307 37 0.842000 0.308000  0.000395 0.000355 0.000978 0.002135 0.001106 0.000552 
2655872 lavaMD 1 307 37 0.842000 0.462000  0.000328 0.000311 0.000870 0.001646 0.000933 0.000492 
2655872 lavaMD 1 307 37 0.842000 0.462000  0.000332 0.000308 0.000862 0.001612 0.000885 0.000477 
2656000 lavaMD 1 307 37 0.842000 0.308000  0.000317 0.000305 0.000853 0.001576 0.000875 0.000472 
2656000 lavaMD 1 307 37 0.842000 0.385000  0.000318 0.000299 0.000845 0.001563 0.000851 0.000464 
2656000 lavaMD 1 307 37 0.842000 0.616000  0.000309 0.000296 0.000830 0.001526 0.000845 0.000458 
2656000 lavaMD 1 307 37 0.842000 0.462000  0.000333 0.000310 0.000853 0.001611 0.000903 0.000486 
2656000 lavaMD 1 307 37 0.842000 0.462000  0.000313 0.000288 0.000794 0.001518 0.000835 0.000442 
2656128 lavaMD 1 307 37 0.842000 0.385000  0.000293 0.000324 0.000856 0.001730 0.000898 0.000468 
2656128 lavaMD 1 307 37 0.842000 0.385000  0.000287 0.000275 0.000770 0.001526 0.000806 0.000433 
2656128 lavaMD 1 307 37 0.842000 0.385000  0.018417 0.059567 0.021203 0.059610 0.000018 0.001681 
2656128 lavaMD 1 307 36 0.842000 0.385000  0.000297 0.000273 0.000762 0.001426 0.000778 0.000422 
2656256 lavaMD 1 307 36 0.842000 0.616000  0.018726 0.060834 0.021596 0.060883 0.000019 0.001710 
