#Timestamp	Benchmark	Run(#)	CPU Frequency (MHz)	CPU Temperature(C)	CPU Voltage(V)	CPU Power(W)	CPU_CYCLES	L1_DATA_CACHE_ACCESS	INSTRUCTIONS_RETIRED	BUS_CYCLES	L1I_CACHE_ACCESS	PREDICTABLE_BRANCH_SPECULATIVELY_EXECUTED
3171840 lud 1 403 36 0.842000 0.772000  0.000029 0.000176 0.000110 0.000361 0.000000 0.000019 
3171840 lud 1 403 36 0.842000 0.694000  0.000007 0.000050 0.000036 0.000098 0.000000 0.000005 
3171840 lud 1 403 36 0.842000 0.848000  0.000022 0.000019 0.000052 0.000119 0.000057 0.000046 
3171968 lud 1 403 36 0.842000 0.771000  0.000025 0.000019 0.000054 0.000115 0.000057 0.000030 
3171968 lud 1 403 36 0.842000 0.694000  0.000025 0.000019 0.000054 0.000114 0.000056 0.000030 
3171968 lud 1 403 36 0.842000 0.847000  0.000024 0.000019 0.000054 0.000109 0.000057 0.000030 
3171968 lud 1 403 36 0.842000 0.771000  0.000023 0.000020 0.000056 0.000112 0.000059 0.000031 
3171968 lud 1 403 36 0.842000 0.770000  0.000006 0.000005 0.000015 0.000029 0.000019 0.000009 
3172096 lud 1 403 36 0.842000 0.693000  0.000004 0.000004 0.000012 0.000023 0.000015 0.000007 
3172096 lud 1 403 36 0.842000 0.770000  0.000018 0.000015 0.000043 0.000084 0.000044 0.000024 
3172096 lud 1 403 36 0.842000 0.694000  0.000018 0.000016 0.000045 0.000090 0.000047 0.000025 
3172096 lud 1 403 36 0.842000 0.770000  0.000005 0.000005 0.000014 0.000027 0.000018 0.000008 
3172096 lud 1 403 37 0.842000 0.771000  0.000005 0.000005 0.000014 0.000027 0.000018 0.000008 
3172224 lud 1 403 37 0.842000 0.770000  0.000007 0.000004 0.000013 0.000027 0.000015 0.000007 
3172224 lud 1 403 36 0.842000 0.848000  0.000022 0.000019 0.000052 0.000106 0.000055 0.000034 
3172224 lud 1 403 36 0.842000 0.617000  0.000005 0.000005 0.000014 0.000027 0.000017 0.000008 
3172224 lud 1 403 36 0.842000 0.771000  0.003998 0.001022 0.002419 0.004066 0.001214 0.000546 
3172224 lud 1 403 37 0.842000 0.771000  0.000026 0.000020 0.000055 0.000121 0.000060 0.000030 
3172352 lud 1 403 37 0.842000 0.694000  0.008565 0.002370 0.005272 0.008635 0.002726 0.001225 
3172352 lud 1 403 37 0.842000 0.617000  0.000022 0.000017 0.000047 0.000103 0.000052 0.000026 
3172352 lud 1 403 36 0.842000 0.616000  0.000017 0.000015 0.000042 0.000098 0.000049 0.000026 
