#Timestamp	Benchmark	Run(#)	CPU Frequency (MHz)	CPU Temperature(C)	CPU Voltage(V)	CPU Power(W)	CPU_CYCLES	L1_DATA_CACHE_ACCESS	INSTRUCTIONS_RETIRED	BUS_CYCLES	L1I_CACHE_ACCESS	PREDICTABLE_BRANCH_SPECULATIVELY_EXECUTED
6301568 srad_v1 1 1555 47 1.130000 0.694000  0.000022 0.000019 0.000053 0.000103 0.000055 0.000030 
6301568 srad_v1 1 1555 47 1.130000 1.311000  0.000061 0.000050 0.000138 0.000293 0.000154 0.000078 
6301568 srad_v1 1 1555 47 1.130000 1.467000  0.000023 0.000020 0.000055 0.000110 0.000060 0.000031 
6301568 srad_v1 1 1555 47 1.130000 0.694000  0.000027 0.000022 0.000060 0.000126 0.000065 0.000033 
6301696 srad_v1 1 1555 47 1.130000 1.465000  0.000069 0.000052 0.000141 0.000303 0.000158 0.000079 
6301696 srad_v1 1 1555 47 1.130000 0.617000  0.000085 0.000035 0.000107 0.000288 0.000103 0.000050 
6301696 srad_v1 1 1555 47 1.130000 1.079000  0.000021 0.000020 0.000055 0.000105 0.000058 0.000031 
6301696 srad_v1 1 1555 47 1.130000 1.850000  0.000024 0.000020 0.000058 0.000124 0.000064 0.000033 
6301696 srad_v1 1 1555 47 1.130000 1.003000  0.000027 0.000021 0.000057 0.000127 0.000061 0.000032 
6301824 srad_v1 1 1555 47 1.130000 1.851000  0.000024 0.000020 0.000055 0.000117 0.000061 0.000031 
6301824 srad_v1 1 1555 47 1.130000 1.773000  0.000021 0.000019 0.000052 0.000100 0.000053 0.000029 
6301824 srad_v1 1 1555 47 1.130000 1.773000  0.000023 0.000020 0.000054 0.000108 0.000057 0.000030 
6301824 srad_v1 1 1555 47 1.130000 1.620000  0.000003 0.000024 0.000016 0.000045 0.000000 0.000002 
6301824 srad_v1 1 1555 48 1.130000 1.618000  0.000024 0.000032 0.000076 0.000231 0.000093 0.000043 
6301824 srad_v1 1 1555 48 1.130000 1.769000  0.000029 0.000020 0.000056 0.000158 0.000067 0.000033 
6301952 srad_v1 1 1555 48 1.130000 1.077000  0.000022 0.000018 0.000055 0.000152 0.000059 0.000055 
6301952 srad_v1 1 1555 48 1.130000 1.770000  0.000023 0.000022 0.000059 0.000158 0.000063 0.000032 
6301952 srad_v1 1 1555 49 1.130000 1.462000  0.000023 0.000022 0.000062 0.000165 0.000062 0.000032 
6301952 srad_v1 1 1555 49 1.130000 1.231000  0.000044 0.000024 0.000063 0.000169 0.000065 0.000037 
6301952 srad_v1 1 1555 49 1.130000 1.615000  0.000026 0.000019 0.000062 0.000172 0.000072 0.000035 
6301952 srad_v1 1 1555 49 1.130000 1.000000  0.000022 0.000018 0.000050 0.000102 0.000052 0.000029 
6302080 srad_v1 1 1555 49 1.130000 2.159000  0.000024 0.000019 0.000055 0.000118 0.000059 0.000031 
6302080 srad_v1 1 1555 49 1.130000 1.851000  0.000238 0.000072 0.000147 0.000392 0.000134 0.000066 
6302080 srad_v1 1 1555 49 1.130000 2.083000  0.000021 0.000019 0.000067 0.000140 0.000067 0.000038 
