#Timestamp	Benchmark	Run(#)	CPU Frequency (MHz)	CPU Temperature(C)	CPU Voltage(V)	CPU Power(W)	CPU_CYCLES	L1_DATA_CACHE_ACCESS	INSTRUCTIONS_RETIRED	BUS_CYCLES	L1I_CACHE_ACCESS	PREDICTABLE_BRANCH_SPECULATIVELY_EXECUTED
4736000 hotspot 1 825 42 0.976000 1.079000  0.000004 0.000004 0.000011 0.000022 0.000014 0.000008 
4736000 hotspot 1 825 42 0.976000 0.308000  0.000004 0.000004 0.000011 0.000021 0.000014 0.000007 
4736000 hotspot 1 825 41 0.976000 0.308000  0.000004 0.000004 0.000011 0.000020 0.000013 0.000007 
4736000 hotspot 1 825 41 0.976000 0.694000  0.000016 0.000014 0.000040 0.000076 0.000041 0.000022 
4736128 hotspot 1 825 41 0.976000 0.308000  0.000015 0.000014 0.000040 0.000075 0.000041 0.000023 
4736128 hotspot 1 825 41 0.976000 0.385000  0.000015 0.000014 0.000040 0.000075 0.000041 0.000022 
4736128 hotspot 1 825 41 0.976000 0.308000  0.000015 0.000014 0.000040 0.000076 0.000041 0.000022 
4736128 hotspot 1 825 41 0.976000 0.385000  0.000015 0.000014 0.000040 0.000074 0.000040 0.000022 
4736128 hotspot 1 825 41 0.976000 0.308000  0.000015 0.000014 0.000040 0.000075 0.000041 0.000022 
4736128 hotspot 1 825 41 0.976000 0.616000  0.000015 0.000014 0.000040 0.000075 0.000041 0.000022 
4736256 hotspot 1 825 41 0.976000 0.308000  0.000015 0.000014 0.000039 0.000075 0.000041 0.000022 
4736256 hotspot 1 825 41 0.976000 0.308000  0.000015 0.000014 0.000040 0.000075 0.000041 0.000022 
4736256 hotspot 1 825 41 0.976000 0.308000  0.000015 0.000014 0.000039 0.000076 0.000041 0.000022 
4736256 hotspot 1 825 41 0.976000 0.386000  0.000015 0.000014 0.000039 0.000074 0.000040 0.000022 
4736256 hotspot 1 825 41 0.976000 0.385000  0.000015 0.000014 0.000039 0.000074 0.000040 0.000022 
4736256 hotspot 1 825 41 0.976000 0.308000  0.000015 0.000014 0.000039 0.000074 0.000040 0.000022 
4736384 hotspot 1 825 41 0.976000 0.386000  0.000015 0.000014 0.000039 0.000074 0.000040 0.000022 
4736384 hotspot 1 825 41 0.976000 0.462000  0.000122 0.000042 0.000098 0.000182 0.000080 0.000037 
4736384 hotspot 1 825 41 0.976000 0.308000  0.000015 0.000014 0.000039 0.000074 0.000040 0.000022 
4736384 hotspot 1 825 41 0.976000 0.308000  0.000014 0.000013 0.000037 0.000070 0.000038 0.000021 
4736384 hotspot 1 825 41 0.976000 0.308000  0.000014 0.000013 0.000037 0.000070 0.000038 0.000020 
4736512 hotspot 1 825 41 0.976000 0.616000  0.000014 0.000013 0.000037 0.000071 0.000038 0.000020 
4736512 hotspot 1 825 41 0.976000 0.308000  0.000014 0.000013 0.000037 0.000070 0.000038 0.000020 
4737152 hotspot 1 825 42 0.976000 1.078000  0.000016 0.000014 0.000039 0.000075 0.000041 0.000022 
4737152 hotspot 1 825 42 0.976000 1.156000  0.000015 0.000014 0.000039 0.000074 0.000040 0.000021 
4737152 hotspot 1 825 42 0.976000 1.232000  0.000017 0.000015 0.000040 0.000082 0.000046 0.000024 
4737152 hotspot 1 825 42 0.976000 0.771000  0.000015 0.000014 0.000039 0.000074 0.000040 0.000023 
4737152 hotspot 1 825 42 0.976000 1.234000  0.000016 0.000015 0.000040 0.000077 0.000043 0.000023 
4737280 hotspot 1 825 42 0.976000 0.770000  0.000016 0.000014 0.000039 0.000075 0.000040 0.000021 
4737280 hotspot 1 825 42 0.976000 1.080000  0.000017 0.000015 0.000071 0.000172 0.000068 0.000032 
4737280 hotspot 1 825 42 0.976000 0.771000  0.000017 0.000015 0.000041 0.000081 0.000043 0.000023 
4737280 hotspot 1 825 42 0.976000 1.079000  0.000020 0.000016 0.000045 0.000112 0.000049 0.000024 
4737280 hotspot 1 825 42 0.976000 1.155000  0.000016 0.000015 0.000044 0.000101 0.000046 0.000024 
4737408 hotspot 1 825 42 0.976000 0.770000  0.000018 0.000016 0.000043 0.000092 0.000047 0.000024 
4737408 hotspot 1 825 42 0.976000 1.232000  0.000019 0.000015 0.000042 0.000091 0.000046 0.000024 
4737408 hotspot 1 825 42 0.976000 0.771000  0.000015 0.000014 0.000038 0.000073 0.000039 0.000021 
4737408 hotspot 1 825 42 0.976000 1.079000  0.000020 0.000016 0.000042 0.000092 0.000047 0.000024 
4737408 hotspot 1 825 42 0.976000 0.770000  0.000016 0.000014 0.000040 0.000078 0.000042 0.000022 
4737408 hotspot 1 825 42 0.976000 1.002000  0.000018 0.000015 0.000042 0.000089 0.000046 0.000023 
4737536 hotspot 1 825 42 0.976000 1.233000  0.000017 0.000015 0.000040 0.000080 0.000044 0.000023 
4737536 hotspot 1 825 42 0.976000 0.771000  0.000015 0.000014 0.000038 0.000073 0.000039 0.000021 
4737536 hotspot 1 825 42 0.976000 1.234000  0.000016 0.000021 0.000051 0.000109 0.000061 0.000029 
4737536 hotspot 1 825 42 0.976000 0.771000  0.000016 0.000014 0.000040 0.000084 0.000041 0.000022 
4737536 hotspot 1 825 42 0.976000 1.156000  0.000017 0.000015 0.000041 0.000087 0.000045 0.000023 
4737664 hotspot 1 825 42 0.976000 0.771000  0.000020 0.000016 0.000042 0.000089 0.000046 0.000023 
4737664 hotspot 1 825 42 0.976000 0.926000  0.000019 0.000015 0.000042 0.000088 0.000045 0.000023 
4737664 hotspot 1 825 42 0.976000 1.156000  0.000016 0.000014 0.000040 0.000077 0.000042 0.000022 
4737664 hotspot 1 825 42 0.976000 0.770000  0.000015 0.000014 0.000042 0.000120 0.000043 0.000022 
4737664 hotspot 1 825 42 0.976000 1.156000  0.000016 0.000014 0.000040 0.000076 0.000056 0.000028 
4737664 hotspot 1 825 42 0.976000 0.771000  0.000019 0.000014 0.000040 0.000087 0.000041 0.000022 
4737792 hotspot 1 825 42 0.976000 1.389000  0.000019 0.000040 0.000084 0.000217 0.000082 0.000035 
4737792 hotspot 1 825 42 0.976000 0.694000  0.000015 0.000014 0.000039 0.000076 0.000041 0.000022 
4737792 hotspot 1 825 42 0.976000 0.770000  0.000015 0.000014 0.000039 0.000100 0.000050 0.000029 
4737792 hotspot 1 825 42 0.976000 1.235000  0.000019 0.000015 0.000041 0.000086 0.000044 0.000023 
4737792 hotspot 1 825 42 0.976000 0.770000  0.000015 0.000013 0.000038 0.000073 0.000039 0.000021 
4737920 hotspot 1 825 42 0.976000 1.233000  0.000018 0.000015 0.000041 0.000085 0.000045 0.000023 
4737920 hotspot 1 825 42 0.976000 0.693000  0.000015 0.000013 0.000038 0.000078 0.000039 0.000021 
4737920 hotspot 1 825 42 0.976000 1.002000  0.000020 0.000015 0.000042 0.000090 0.000046 0.000023 
4737920 hotspot 1 825 42 0.976000 1.233000  0.000020 0.000015 0.000041 0.000088 0.000046 0.000023 
4737920 hotspot 1 825 42 0.976000 0.771000  0.000019 0.000015 0.000041 0.000089 0.000046 0.000024 
4737920 hotspot 1 825 42 0.976000 1.079000  0.000016 0.000014 0.000040 0.000080 0.000043 0.000022 
4738048 hotspot 1 825 42 0.976000 0.693000  0.000017 0.000014 0.000040 0.000089 0.000045 0.000023 
4738048 hotspot 1 825 42 0.976000 1.464000  0.000017 0.000014 0.000040 0.000086 0.000048 0.000024 
4738048 hotspot 1 825 42 0.976000 0.848000  0.000015 0.000013 0.000037 0.000071 0.000039 0.000021 
4738048 hotspot 1 825 42 0.976000 1.079000  0.000016 0.000014 0.000039 0.000075 0.000041 0.000022 
4738048 hotspot 1 825 42 0.976000 0.771000  0.000015 0.000014 0.000038 0.000078 0.000040 0.000021 
4738176 hotspot 1 825 42 0.976000 1.078000  0.000015 0.000014 0.000039 0.000074 0.000041 0.000022 
4738176 hotspot 1 825 42 0.976000 1.233000  0.000016 0.000014 0.000039 0.000074 0.000041 0.000022 
4738176 hotspot 1 825 42 0.976000 1.155000  0.000018 0.000015 0.000041 0.000088 0.000046 0.000023 
4738176 hotspot 1 825 42 0.976000 1.156000  0.000016 0.000014 0.000040 0.000085 0.000044 0.000023 
4738176 hotspot 1 825 42 0.976000 0.771000  0.000014 0.000013 0.000037 0.000070 0.000038 0.000020 
4738304 hotspot 1 825 42 0.976000 1.156000  0.000015 0.000014 0.000039 0.000081 0.000043 0.000022 
4738304 hotspot 1 825 42 0.976000 0.770000  0.000018 0.000014 0.000039 0.000081 0.000040 0.000021 
4738304 hotspot 1 825 42 0.976000 0.847000  0.356580 0.103608 0.233940 0.356762 0.121335 0.053783 
4738304 hotspot 1 825 42 0.976000 1.155000  0.000049 0.000045 0.000123 0.000236 0.000130 0.000069 
4738304 hotspot 1 825 42 0.976000 0.771000  0.000015 0.000014 0.000039 0.000082 0.000043 0.000023 
4738304 hotspot 1 825 42 0.976000 1.080000  0.000015 0.000021 0.000050 0.000105 0.000059 0.000028 
4738432 hotspot 1 825 42 0.976000 0.770000  2.042403 0.733304 1.774959 2.043237 0.816460 0.380760 
4738432 hotspot 1 825 42 0.976000 1.078000  0.000015 0.000014 0.000038 0.000074 0.000041 0.000022 
4738432 hotspot 1 825 42 0.976000 0.771000  0.000019 0.000015 0.000040 0.000088 0.000045 0.000023 
4738432 hotspot 1 825 42 0.976000 0.925000  0.000018 0.000015 0.000041 0.000086 0.000044 0.000023 
4738432 hotspot 1 825 42 0.976000 1.232000  0.000016 0.000014 0.000040 0.000083 0.000043 0.000022 
4738560 hotspot 1 825 42 0.976000 0.770000  0.000014 0.000013 0.000038 0.000077 0.000039 0.000021 
4738560 hotspot 1 825 42 0.976000 1.157000  0.000018 0.000014 0.000040 0.000086 0.000044 0.000023 
4738560 hotspot 1 825 42 0.976000 0.770000  0.000014 0.000014 0.000038 0.000081 0.000039 0.000021 
4738560 hotspot 1 825 42 0.976000 1.079000  0.000015 0.000014 0.000038 0.000072 0.000040 0.000021 
4738560 hotspot 1 825 42 0.976000 0.771000  0.000018 0.000015 0.000040 0.000086 0.000045 0.000023 
4738560 hotspot 1 825 42 0.976000 0.772000  0.000017 0.000015 0.000041 0.000088 0.000046 0.000023 
4738688 hotspot 1 825 42 0.976000 1.157000  0.000017 0.000014 0.000039 0.000078 0.000041 0.000022 
4738688 hotspot 1 825 42 0.976000 0.771000  0.000017 0.000015 0.000041 0.000088 0.000045 0.000023 
4738688 hotspot 1 825 42 0.976000 1.079000  0.000015 0.000014 0.000038 0.000073 0.000041 0.000021 
4738688 hotspot 1 825 42 0.976000 0.770000  0.000015 0.000013 0.000036 0.000071 0.000037 0.000020 
