#Timestamp	Benchmark	Run(#)	CPU Frequency (MHz)	CPU Temperature(C)	CPU Voltage(V)	CPU Power(W)	CPU_CYCLES	L1_DATA_CACHE_ACCESS	INSTRUCTIONS_RETIRED	BUS_CYCLES	L1I_CACHE_ACCESS	PREDICTABLE_BRANCH_SPECULATIVELY_EXECUTED
4466816 hotspot 1 710 40 0.919000 0.694000  0.000064 0.000020 0.000049 0.000127 0.000048 0.000024 
4466816 hotspot 1 710 40 0.919000 0.849000  0.000004 0.000004 0.000010 0.000020 0.000013 0.000006 
4466816 hotspot 1 710 40 0.919000 0.308000  0.000017 0.000014 0.000039 0.000079 0.000041 0.000021 
4466816 hotspot 1 710 40 0.919000 0.540000  0.000015 0.000014 0.000039 0.000074 0.000041 0.000022 
4466816 hotspot 1 710 40 0.919000 0.463000  0.000018 0.000015 0.000041 0.000086 0.000046 0.000024 
4466816 hotspot 1 710 40 0.919000 0.616000  0.000015 0.000014 0.000039 0.000074 0.000041 0.000021 
4466944 hotspot 1 710 40 0.919000 0.617000  0.000016 0.000014 0.000038 0.000075 0.000041 0.000021 
4466944 hotspot 1 710 40 0.919000 0.616000  0.000019 0.000015 0.000071 0.000159 0.000069 0.000031 
4466944 hotspot 1 710 40 0.919000 0.925000  0.007700 0.028316 0.008830 0.028362 0.000003 0.000531 
4466944 hotspot 1 710 40 0.919000 0.616000  0.000014 0.000013 0.000037 0.000071 0.000038 0.000020 
4466944 hotspot 1 710 40 0.919000 1.155000  0.000015 0.000014 0.000038 0.000073 0.000041 0.000022 
4467072 hotspot 1 710 40 0.919000 0.616000  0.000014 0.000014 0.000038 0.000074 0.000039 0.000021 
4467072 hotspot 1 710 40 0.919000 0.925000  0.000015 0.000014 0.000038 0.000102 0.000051 0.000028 
4467072 hotspot 1 710 40 0.919000 0.771000  0.000016 0.000014 0.000038 0.000075 0.000041 0.000021 
4467072 hotspot 1 710 40 0.919000 0.617000  0.000015 0.000014 0.000038 0.000074 0.000041 0.000021 
4467072 hotspot 1 710 40 0.919000 0.926000  0.000016 0.000014 0.000038 0.000077 0.000042 0.000022 
4467072 hotspot 1 710 40 0.919000 0.617000  0.000014 0.000013 0.000037 0.000070 0.000037 0.000020 
4467200 hotspot 1 710 40 0.919000 0.849000  0.000015 0.000014 0.000038 0.000073 0.000040 0.000021 
4467200 hotspot 1 710 40 0.919000 0.617000  0.000015 0.000014 0.000038 0.000073 0.000040 0.000021 
4467200 hotspot 1 710 40 0.919000 1.003000  0.000015 0.000014 0.000038 0.000074 0.000041 0.000021 
4467200 hotspot 1 710 40 0.919000 0.616000  0.000015 0.000013 0.000037 0.000073 0.000038 0.000023 
4467200 hotspot 1 710 40 0.919000 0.849000  0.000017 0.000014 0.000039 0.000083 0.000043 0.000022 
4467328 hotspot 1 710 41 0.919000 0.925000  0.000015 0.000014 0.000038 0.000074 0.000040 0.000021 
4467328 hotspot 1 710 41 0.919000 0.694000  0.000018 0.000014 0.000041 0.000089 0.000044 0.000022 
4467328 hotspot 1 710 40 0.919000 1.002000  0.000015 0.000014 0.000038 0.000073 0.000040 0.000021 
4467328 hotspot 1 710 40 0.919000 0.617000  0.000015 0.000014 0.000038 0.000072 0.000040 0.000021 
4467328 hotspot 1 710 40 0.919000 0.926000  0.000015 0.000014 0.000038 0.000074 0.000040 0.000021 
4467456 hotspot 1 710 40 0.919000 1.004000  0.000018 0.000014 0.000040 0.000087 0.000045 0.000023 
4467456 hotspot 1 710 40 0.919000 1.003000  0.000015 0.000014 0.000038 0.000072 0.000040 0.000021 
4467456 hotspot 1 710 40 0.919000 0.616000  0.000014 0.000013 0.000036 0.000070 0.000038 0.000020 
4467456 hotspot 1 710 40 0.919000 0.926000  0.247259 0.197336 0.548640 1.169092 0.611555 0.311825 
4467456 hotspot 1 710 40 0.919000 0.694000  0.023862 0.020112 0.055383 0.110371 0.057869 0.034115 
4467456 hotspot 1 710 40 0.919000 0.849000  0.009520 0.008668 0.030894 0.060974 0.035510 0.017461 
4467584 hotspot 1 710 40 0.919000 0.770000  0.003912 0.003573 0.009824 0.018876 0.010516 0.005502 
4467584 hotspot 1 710 40 0.919000 0.616000  0.003023 0.002760 0.007619 0.014447 0.008079 0.004256 
4467584 hotspot 1 710 40 0.919000 0.849000  0.002170 0.002126 0.005816 0.017272 0.007779 0.003688 
4467584 hotspot 1 710 40 0.919000 0.617000  0.001833 0.001663 0.004625 0.008837 0.004816 0.002560 
4467584 hotspot 1 710 40 0.919000 0.770000  0.001518 0.001388 0.003805 0.007250 0.004054 0.002126 
4467712 hotspot 1 710 40 0.919000 0.616000  0.703607 0.274682 0.786588 0.703842 0.336356 0.176046 
4467712 hotspot 1 710 40 0.919000 0.925000  0.001396 0.001296 0.003566 0.006783 0.003781 0.001994 
4467712 hotspot 1 710 40 0.919000 0.616000  0.001314 0.001197 0.003305 0.006334 0.003494 0.001847 
4467712 hotspot 1 710 40 0.919000 0.694000  0.001342 0.001062 0.002964 0.006288 0.003298 0.001722 
4467712 hotspot 1 710 40 0.919000 0.924000  0.001083 0.000980 0.002674 0.005226 0.002885 0.001496 
4467840 hotspot 1 710 40 0.919000 0.617000  0.000959 0.000887 0.002456 0.004683 0.002614 0.001374 
4467840 hotspot 1 710 40 0.919000 0.849000  0.000862 0.000791 0.002160 0.004151 0.002309 0.001214 
4467840 hotspot 1 710 40 0.919000 0.616000  0.000789 0.000717 0.001995 0.003801 0.002068 0.001106 
4467840 hotspot 1 710 40 0.919000 0.847000  0.000742 0.000681 0.001865 0.003578 0.001996 0.001065 
4467840 hotspot 1 710 40 0.919000 0.617000  0.000712 0.000627 0.001744 0.003338 0.001817 0.000968 
4467840 hotspot 1 710 40 0.919000 0.849000  0.000655 0.000600 0.001653 0.003161 0.001746 0.001291 
4467968 hotspot 1 710 40 0.919000 0.925000  0.000627 0.000574 0.001572 0.003049 0.001686 0.000883 
4467968 hotspot 1 710 40 0.919000 0.616000  0.000709 0.000570 0.001565 0.003316 0.001734 0.000893 
4467968 hotspot 1 710 40 0.919000 1.079000  0.000148 0.000127 0.000360 0.000727 0.000462 0.000224 
4467968 hotspot 1 710 40 0.919000 0.771000  0.000523 0.000477 0.001319 0.002758 0.001401 0.000739 
4467968 hotspot 1 710 40 0.919000 0.924000  0.000608 0.000475 0.001315 0.002805 0.001536 0.000751 
4468096 hotspot 1 710 40 0.919000 0.848000  0.000487 0.000440 0.001204 0.002386 0.001283 0.000675 
4468096 hotspot 1 710 40 0.919000 0.694000  0.000540 0.000452 0.001267 0.002598 0.001407 0.000709 
4468096 hotspot 1 710 40 0.919000 0.926000  0.000554 0.000434 0.001217 0.002649 0.001509 0.000759 
4468096 hotspot 1 710 40 0.919000 0.617000  0.000550 0.000448 0.001169 0.002306 0.001209 0.000629 
4468096 hotspot 1 710 40 0.919000 1.002000  0.000544 0.000427 0.001171 0.002374 0.001268 0.000648 
4468224 hotspot 1 710 40 0.919000 0.616000  0.000397 0.000372 0.001039 0.001947 0.001064 0.000575 
4468224 hotspot 1 710 40 0.919000 0.848000  0.000485 0.000400 0.001108 0.002339 0.001237 0.000638 
4468224 hotspot 1 710 40 0.919000 0.926000  0.000373 0.000353 0.000996 0.001866 0.001012 0.000548 
4468224 hotspot 1 710 40 0.919000 1.003000  0.000398 0.000371 0.001312 0.002703 0.001332 0.000749 
4468224 hotspot 1 710 40 0.919000 0.694000  0.000156 0.001317 0.000701 0.002897 0.000001 0.000124 
4468352 hotspot 1 710 40 0.919000 0.848000  0.000434 0.000366 0.000979 0.002077 0.001081 0.000548 
4468352 hotspot 1 710 40 0.919000 0.847000  0.000460 0.000362 0.000957 0.002021 0.001062 0.000535 
4468352 hotspot 1 710 40 0.919000 0.770000  0.000429 0.000350 0.000959 0.002042 0.001048 0.000535 
4468352 hotspot 1 710 40 0.919000 0.926000  0.000339 0.000314 0.000861 0.002254 0.001116 0.000631 
4468352 hotspot 1 710 40 0.919000 0.694000  0.733044 0.277602 0.773484 0.733256 0.336554 0.173471 
4468480 hotspot 1 710 40 0.919000 0.848000  0.000066 0.000053 0.000148 0.000314 0.000166 0.000083 
4468480 hotspot 1 710 40 0.919000 0.617000  0.000063 0.000053 0.000147 0.000299 0.000158 0.000081 
4468480 hotspot 1 710 40 0.919000 0.847000  0.000425 0.000332 0.000885 0.001849 0.000950 0.000483 
4468480 hotspot 1 710 40 0.919000 1.003000  0.000423 0.000301 0.000821 0.001917 0.000929 0.000492 
4468480 hotspot 1 710 40 0.919000 0.616000  0.000374 0.000284 0.000807 0.001641 0.000838 0.000439 
4468608 hotspot 1 710 40 0.919000 0.848000  0.000116 0.000756 0.000467 0.001482 0.000000 0.000076 
4468608 hotspot 1 710 40 0.919000 0.617000  0.000303 0.000277 0.000787 0.001593 0.000839 0.000438 
4468608 hotspot 1 710 40 0.919000 0.694000  0.000366 0.000303 0.000828 0.001732 0.000904 0.000464 
4468608 hotspot 1 710 40 0.919000 1.079000  0.000770 0.000508 0.001137 0.002967 0.001394 0.000648 
4468608 hotspot 1 710 40 0.919000 0.616000  0.016489 0.078481 0.020827 0.079050 0.000007 0.001295 
4468608 hotspot 1 710 40 0.919000 0.848000  0.000338 0.000284 0.000770 0.001653 0.000867 0.000442 
4468736 hotspot 1 710 40 0.919000 0.617000  0.000326 0.000263 0.000739 0.001551 0.000758 0.000401 
4468736 hotspot 1 710 40 0.919000 0.925000  0.000328 0.000273 0.000755 0.002205 0.001005 0.000488 
4468736 hotspot 1 710 40 0.919000 0.616000  0.000282 0.000257 0.000708 0.001370 0.000749 0.000395 
4468736 hotspot 1 710 40 0.919000 0.695000  0.000270 0.000371 0.000901 0.002133 0.001044 0.000569 
4468736 hotspot 1 710 40 0.919000 0.926000  0.000264 0.000246 0.000677 0.001286 0.000720 0.000378 
4468864 hotspot 1 710 40 0.919000 0.694000  0.000244 0.000229 0.000643 0.001206 0.000653 0.000602 
4468864 hotspot 1 710 40 0.919000 0.926000  0.000260 0.000238 0.000660 0.001251 0.000694 0.000367 
4468864 hotspot 1 710 40 0.919000 0.771000  0.000252 0.000230 0.000654 0.001273 0.000682 0.000358 
4468864 hotspot 1 710 40 0.919000 0.386000  0.000313 0.000255 0.000699 0.001460 0.000797 0.000399 
4468864 hotspot 1 710 40 0.919000 0.308000  0.000254 0.000231 0.000642 0.001250 0.000678 0.000358 
4468992 hotspot 1 710 40 0.919000 0.308000  0.000297 0.000246 0.000673 0.001369 0.000720 0.000372 
4468992 hotspot 1 710 40 0.919000 0.616000  0.000262 0.000275 0.000729 0.003352 0.001420 0.000627 
4468992 hotspot 1 710 40 0.919000 0.308000  0.000245 0.000214 0.000597 0.001185 0.000614 0.000330 
