#Timestamp	Benchmark	Run(#)	CPU Frequency (MHz)	CPU Temperature(C)	CPU Voltage(V)	CPU Power(W)	CPU_CYCLES	L1_DATA_CACHE_ACCESS	INSTRUCTIONS_RETIRED	BUS_CYCLES	L1I_CACHE_ACCESS	PREDICTABLE_BRANCH_SPECULATIVELY_EXECUTED
6099712 nw 1 1428 47 1.130000 1.620000  0.000036 0.000027 0.000072 0.000149 0.000075 0.000039 
6099712 nw 1 1428 46 1.130000 1.773000  0.000033 0.000027 0.000073 0.000160 0.000080 0.000041 
6099712 nw 1 1428 46 1.130000 1.388000  0.000029 0.000025 0.000069 0.000154 0.000077 0.000040 
6099712 nw 1 1428 47 1.130000 1.465000  0.000032 0.000025 0.000071 0.000156 0.000077 0.000040 
6099712 nw 1 1428 47 1.130000 1.388000  0.000029 0.000025 0.000070 0.000139 0.000075 0.000039 
6099840 nw 1 1428 47 1.130000 1.773000  0.000028 0.000025 0.000069 0.000136 0.000073 0.000039 
6099840 nw 1 1428 47 1.130000 1.773000  0.000032 0.000027 0.000074 0.000164 0.000080 0.000041 
6099840 nw 1 1428 46 1.130000 1.696000  0.000043 0.000016 0.000034 0.000176 0.000044 0.000019 
6099840 nw 1 1428 46 1.130000 1.233000  0.000032 0.000026 0.000073 0.000173 0.000083 0.000042 
6099840 nw 1 1428 46 1.130000 1.388000  0.000017 0.000014 0.000039 0.000087 0.000043 0.000022 
6099968 nw 1 1428 46 1.130000 1.541000  0.000111 0.000041 0.000108 0.000410 0.000112 0.000055 
6099968 nw 1 1428 46 1.130000 1.386000  0.000037 0.000026 0.000070 0.000169 0.000079 0.000040 
6099968 nw 1 1428 47 1.130000 1.464000  0.325749 -0.558303 -0.393554 0.325814 0.401976 0.339381 
