#Timestamp	Benchmark	Run(#)	CPU Frequency (MHz)	CPU Temperature(C)	CPU Voltage(V)	CPU Power(W)	CPU_CYCLES	L1_DATA_CACHE_ACCESS	INSTRUCTIONS_RETIRED	BUS_CYCLES	L1I_CACHE_ACCESS	PREDICTABLE_BRANCH_SPECULATIVELY_EXECUTED
3903488 particle_filter 1 614 39 0.919000 0.925000  0.000055 0.000042 0.000118 0.000247 0.000128 0.000065 
3903488 particle_filter 1 614 39 0.919000 0.926000  0.000053 0.000041 0.000115 0.000241 0.000125 0.000064 
3903488 particle_filter 1 614 39 0.919000 1.079000  0.000012 0.000010 0.000028 0.000057 0.000036 0.000017 
3903616 particle_filter 1 614 39 0.919000 0.539000  0.000010 0.000010 0.000028 0.000055 0.000036 0.000017 
3903616 particle_filter 1 614 39 0.919000 0.770000  0.000043 0.000039 0.000110 0.000224 0.000115 0.000061 
3903616 particle_filter 1 614 39 0.919000 0.540000  0.000039 0.000037 0.000103 0.000195 0.000105 0.000057 
3903616 particle_filter 1 614 39 0.919000 0.770000  0.000045 0.000039 0.000111 0.000228 0.000121 0.000063 
3903616 particle_filter 1 614 39 0.919000 0.925000  0.000020 0.000017 0.000048 0.000110 0.000056 0.000028 
3903616 particle_filter 1 614 39 0.919000 0.694000  0.000042 0.000039 0.000107 0.000207 0.000137 0.000069 
3903744 particle_filter 1 614 39 0.919000 0.848000  0.000052 0.000042 0.000115 0.000254 0.000123 0.000064 
3903744 particle_filter 1 614 39 0.919000 0.616000  0.000043 0.000039 0.000110 0.000236 0.000122 0.000063 
3903744 particle_filter 1 614 39 0.919000 0.849000  0.000043 0.000038 0.000106 0.000204 0.000119 0.000061 
3903744 particle_filter 1 614 39 0.919000 0.847000  0.000043 0.000038 0.000109 0.000233 0.000122 0.000062 
3903744 particle_filter 1 614 39 0.919000 0.847000  0.000044 0.000038 0.000106 0.000209 0.000114 0.000060 
3903872 particle_filter 1 614 39 0.919000 0.540000  0.000044 0.000039 0.000109 0.000214 0.000116 0.000061 
3903872 particle_filter 1 614 39 0.919000 0.926000  0.000011 0.000010 0.000108 0.000280 0.000099 0.000038 
3903872 particle_filter 1 614 39 0.919000 0.694000  0.000039 0.000036 0.000101 0.000195 0.000103 0.000056 
3903872 particle_filter 1 614 39 0.919000 0.848000  0.000048 0.000040 0.000112 0.000236 0.000123 0.000062 
3903872 particle_filter 1 614 39 0.919000 0.617000  0.000048 0.000038 0.000106 0.000222 0.000110 0.000060 
3904000 particle_filter 1 614 39 0.919000 0.771000  0.000041 0.000038 0.000135 0.000269 0.000157 0.000076 
3904000 particle_filter 1 614 38 0.919000 0.694000  0.000049 0.000041 0.000110 0.000220 0.000116 0.000060 
3904000 particle_filter 1 614 38 0.919000 0.539000  0.000051 0.000041 0.000110 0.000240 0.000119 0.000061 
3904000 particle_filter 1 614 39 0.919000 0.925000  0.000042 0.000037 0.000103 0.000206 0.000109 0.000057 
3904000 particle_filter 1 614 39 0.919000 0.617000  0.000041 0.000035 0.000099 0.000195 0.000101 0.000054 
3904128 particle_filter 1 614 39 0.919000 0.770000  0.000052 0.000041 0.000113 0.000264 0.000123 0.000061 
3904128 particle_filter 1 614 39 0.919000 0.770000  0.000019 0.000017 0.000047 0.000090 0.000049 0.000026 
3904128 particle_filter 1 614 39 0.919000 0.770000  0.000049 0.000039 0.000104 0.000228 0.000115 0.000059 
3904128 particle_filter 1 614 39 0.919000 0.539000  0.000157 0.000045 0.000115 0.000312 0.000117 0.000059 
3904128 particle_filter 1 614 39 0.919000 0.848000  0.000040 0.000037 0.000101 0.000196 0.000108 0.000057 
3904128 particle_filter 1 614 39 0.919000 0.540000  0.000038 0.000035 0.000097 0.000186 0.000099 0.000054 
3904256 particle_filter 1 614 39 0.919000 0.770000  0.000046 0.000039 0.000108 0.000222 0.000116 0.000060 
3904256 particle_filter 1 614 39 0.919000 0.539000  0.000053 0.000037 0.000101 0.000200 0.000103 0.000055 
3904256 particle_filter 1 614 39 0.919000 0.770000  0.000040 0.000037 0.000101 0.000197 0.000106 0.000056 
3904256 particle_filter 1 614 39 0.919000 0.848000  0.000003 0.000024 0.000018 0.000047 0.000000 0.000002 
3904256 particle_filter 1 614 39 0.919000 0.694000  0.000047 0.000038 0.000105 0.000222 0.000114 0.000059 
3904384 particle_filter 1 614 39 0.919000 0.848000  0.000046 0.000036 0.000100 0.000208 0.000102 0.000055 
3904384 particle_filter 1 614 39 0.919000 0.849000  0.000044 0.000039 0.000105 0.000222 0.000118 0.000062 
3904384 particle_filter 1 614 39 0.919000 0.617000  0.222729 0.045463 0.122405 0.222786 0.062300 0.025065 
3904384 particle_filter 1 614 39 0.919000 0.694000  0.000018 0.000015 0.000040 0.000089 0.000046 0.000023 
3904384 particle_filter 1 614 39 0.919000 0.849000  0.000047 0.000039 0.000107 0.000222 0.000119 0.000087 
3904512 particle_filter 1 614 39 0.919000 0.617000  0.000049 0.000037 0.000100 0.000205 0.000103 0.000054 
3904512 particle_filter 1 614 38 0.919000 1.079000  0.000140 0.000069 0.000184 0.000348 0.000185 0.000089 
3904512 particle_filter 1 614 38 0.919000 0.540000  0.000037 0.000034 0.000095 0.000178 0.000097 0.000052 
3904512 particle_filter 1 614 39 0.919000 0.771000  0.000040 0.000036 0.000098 0.000188 0.000104 0.000055 
3904512 particle_filter 1 614 39 0.919000 0.539000  0.000038 0.000035 0.000098 0.000203 0.000101 0.000054 
3904640 particle_filter 1 614 39 0.919000 0.694000  0.000014 0.000079 0.000053 0.000165 0.000000 0.000009 
3904640 particle_filter 1 614 39 0.919000 0.926000  0.061001 0.013957 0.038793 0.061021 0.022635 0.007118 
3904640 particle_filter 1 614 39 0.919000 0.770000  0.000038 0.000035 0.000097 0.000184 0.000102 0.000054 
3904640 particle_filter 1 614 39 0.919000 0.616000  0.000052 0.000038 0.000108 0.000254 0.000112 0.000058 
3904640 particle_filter 1 614 39 0.919000 0.770000  0.000069 0.000044 0.000121 0.000299 0.000131 0.000066 
3904768 particle_filter 1 614 39 0.919000 0.694000  0.000010 0.000009 0.000025 0.000050 0.000032 0.000016 
3904768 particle_filter 1 614 39 0.919000 0.616000  0.000013 0.000009 0.000025 0.000058 0.000032 0.000016 
3904768 particle_filter 1 614 39 0.919000 0.771000  0.000039 0.000035 0.000096 0.000188 0.000102 0.000054 
3904768 particle_filter 1 614 39 0.919000 0.617000  0.000038 0.000051 0.000124 0.000298 0.000144 0.000078 
3904768 particle_filter 1 614 39 0.919000 0.847000  0.000038 0.000035 0.000096 0.000189 0.000102 0.000053 
3904768 particle_filter 1 614 39 0.919000 0.770000  0.000037 0.000035 0.000095 0.000181 0.000101 0.000053 
3904896 particle_filter 1 614 39 0.919000 0.849000  0.000039 0.000035 0.000096 0.000204 0.000108 0.000055 
3904896 particle_filter 1 614 39 0.919000 0.616000  0.000018 0.000016 0.000043 0.000086 0.000045 0.000024 
3904896 particle_filter 1 614 39 0.919000 0.770000  0.000038 0.000034 0.000095 0.000183 0.000101 0.000053 
3904896 particle_filter 1 614 39 0.919000 0.694000  0.000043 0.000035 0.000102 0.000230 0.000105 0.000056 
3904896 particle_filter 1 614 39 0.919000 1.156000  0.000053 0.000039 0.000107 0.000254 0.000115 0.000059 
3905024 particle_filter 1 614 39 0.919000 0.462000  0.000050 0.000039 0.000106 0.000251 0.000109 0.000055 
3905024 particle_filter 1 614 39 0.919000 0.771000  0.000042 0.000036 0.000099 0.000198 0.000108 0.000055 
3905024 particle_filter 1 614 39 0.919000 0.539000  0.000034 0.000032 0.000090 0.000169 0.000091 0.000049 
3905024 particle_filter 1 614 39 0.919000 0.694000  0.000038 0.000034 0.000094 0.000181 0.000098 0.000052 
3905024 particle_filter 1 614 39 0.919000 0.771000  0.000038 0.000033 0.000093 0.000188 0.000096 0.000051 
3905152 particle_filter 1 614 39 0.919000 0.772000  0.000045 0.000040 0.000107 0.000254 0.000119 0.000058 
3905152 particle_filter 1 614 39 0.919000 0.540000  0.000037 0.000033 0.000093 0.000182 0.000097 0.000052 
3905152 particle_filter 1 614 39 0.919000 0.617000  0.000037 0.000034 0.000093 0.000177 0.000097 0.000052 
3905152 particle_filter 1 614 39 0.919000 0.847000  0.000014 0.000079 0.000054 0.000163 0.000000 0.000009 
3905152 particle_filter 1 614 39 0.919000 0.540000  0.000042 0.000036 0.000096 0.000194 0.000103 0.000053 
3905152 particle_filter 1 614 39 0.919000 0.693000  0.000039 0.000034 0.000092 0.000185 0.000097 0.000051 
3905280 particle_filter 1 614 38 0.919000 0.617000  0.000034 0.000031 0.000088 0.000169 0.000130 0.000065 
3905280 particle_filter 1 614 39 0.919000 0.848000  0.000037 0.000033 0.000092 0.000197 0.000095 0.000050 
3905280 particle_filter 1 614 39 0.919000 0.771000  0.000045 0.000034 0.000095 0.000196 0.000100 0.000053 
3905280 particle_filter 1 614 39 0.919000 0.463000  0.000040 0.000033 0.000091 0.000185 0.000097 0.000051 
3905280 particle_filter 1 614 39 0.919000 1.002000  0.000013 0.000083 0.000053 0.000176 0.000000 0.000009 
3905408 particle_filter 1 614 39 0.919000 0.925000  0.000037 0.000033 0.000090 0.000176 0.000096 0.000051 
3905408 particle_filter 1 614 39 0.919000 0.770000  0.000046 0.000036 0.000097 0.000196 0.000099 0.000051 
3905408 particle_filter 1 614 39 0.919000 0.926000  0.000036 0.000033 0.000089 0.000175 0.000096 0.000050 
3905408 particle_filter 1 614 39 0.919000 0.770000  0.000036 0.000031 0.000085 0.000170 0.000089 0.000047 
3905408 particle_filter 1 614 39 0.919000 0.848000  0.000036 0.000032 0.000089 0.000174 0.000093 0.000049 
3905536 particle_filter 1 614 39 0.919000 0.539000  0.000071 0.000040 0.000103 0.000244 0.000108 0.000054 
3905536 particle_filter 1 614 39 0.919000 0.848000  0.000038 0.000034 0.000094 0.000205 0.000105 0.000053 
3905536 particle_filter 1 614 39 0.919000 0.694000  0.000041 0.000033 0.000092 0.000198 0.000095 0.000050 
3905536 particle_filter 1 614 39 0.919000 0.847000  0.000054 0.000035 0.000093 0.000226 0.000099 0.000051 
3905536 particle_filter 1 614 39 0.919000 0.694000  0.000041 0.000034 0.000095 0.000195 0.000103 0.000053 
3905536 particle_filter 1 614 39 0.919000 0.462000  0.000059 0.000046 0.000116 0.000233 0.000111 0.000059 
3905664 particle_filter 1 614 38 0.919000 0.771000  0.000253 0.000190 0.000516 0.001163 0.119637 0.039144 
3905664 particle_filter 1 614 38 0.919000 0.694000  0.000045 0.000034 0.000092 0.000202 0.000102 0.000052 
3905664 particle_filter 1 614 39 0.919000 0.694000  0.000009 0.000008 0.000023 0.000044 0.000029 0.000014 
3905664 particle_filter 1 614 39 0.919000 0.771000  0.000037 0.000046 0.000112 0.000306 0.000136 0.000065 
3905664 particle_filter 1 614 38 0.919000 0.540000  0.000040 0.000031 0.000087 0.000178 0.000089 0.000048 
3905792 particle_filter 1 614 38 0.919000 0.770000  0.000042 0.000035 0.000101 0.000219 0.000110 0.000055 
3905792 particle_filter 1 614 39 0.919000 0.540000  0.000042 0.000031 0.000085 0.000173 0.000090 0.000048 
3905792 particle_filter 1 614 38 0.919000 0.693000  0.000045 0.000034 0.000092 0.000197 0.000101 0.000051 
3905792 particle_filter 1 614 38 0.919000 0.617000  0.000035 0.000030 0.000083 0.000163 0.000085 0.000047 
3905792 particle_filter 1 614 38 0.919000 0.848000  0.000040 0.000032 0.000089 0.000192 0.000098 0.000051 
3905920 particle_filter 1 614 38 0.919000 1.233000  0.000012 0.000008 0.000024 0.000063 0.000031 0.000015 
3905920 particle_filter 1 614 38 0.919000 0.771000  0.000049 0.000040 0.000108 0.000252 0.000108 0.000053 
3905920 particle_filter 1 614 39 0.919000 0.848000  0.000008 0.000008 0.000022 0.000044 0.000028 0.000014 
3905920 particle_filter 1 614 39 0.919000 0.847000  0.000043 0.000034 0.000091 0.000237 0.000112 0.000055 
3905920 particle_filter 1 614 38 0.919000 0.771000  0.000039 0.000034 0.000090 0.000189 0.000099 0.000050 
3906048 particle_filter 1 614 39 0.919000 0.539000  0.000031 0.000029 0.000081 0.000154 0.000083 0.000045 
3906048 particle_filter 1 614 39 0.919000 0.770000  0.000034 0.000031 0.000085 0.000222 0.000111 0.000062 
3906048 particle_filter 1 614 38 0.919000 0.925000  0.000011 0.000067 0.000044 0.000139 0.000000 0.000008 
3906048 particle_filter 1 614 38 0.919000 0.770000  0.000034 0.000045 0.000108 0.000236 0.000131 0.000062 
3906048 particle_filter 1 614 38 0.919000 0.847000  0.000032 0.000029 0.000081 0.000153 0.000082 0.000044 
3906176 particle_filter 1 614 39 0.919000 0.617000  0.000042 0.000033 0.000088 0.000192 0.000098 0.000050 
3906176 particle_filter 1 614 39 0.919000 1.002000  0.002184 0.006937 0.002531 0.007011 0.000001 0.000177 
3906176 particle_filter 1 614 38 0.919000 0.770000  0.000039 0.000032 0.000089 0.000186 0.000098 0.000050 
3906176 particle_filter 1 614 39 0.919000 0.694000  0.000038 0.000050 0.000121 0.000251 0.000115 0.000058 
3906176 particle_filter 1 614 39 0.919000 0.693000  0.000040 0.000033 0.000091 0.000190 0.000099 0.000050 
3906304 particle_filter 1 614 38 0.919000 0.771000  0.095329 0.023754 0.060060 0.095454 0.033678 0.012310 
3906304 particle_filter 1 614 38 0.919000 0.539000  0.000009 0.000007 0.000022 0.000046 0.000028 0.000013 
3906304 particle_filter 1 614 38 0.919000 0.848000  0.000041 0.000033 0.000087 0.000184 0.000097 0.000049 
3906304 particle_filter 1 614 39 0.919000 0.540000  0.009385 0.027371 0.010392 0.027449 0.000001 0.000641 
3906304 particle_filter 1 614 39 0.919000 0.770000  0.000037 0.000031 0.000085 0.000179 0.000095 0.000049 
3906432 particle_filter 1 614 38 0.919000 0.849000  0.000034 0.000030 0.000082 0.000165 0.000089 0.000046 
3906432 particle_filter 1 614 39 0.919000 0.617000  0.000040 0.000032 0.000088 0.000181 0.000095 0.000049 
3906432 particle_filter 1 614 39 0.919000 0.771000  0.000033 0.000030 0.000082 0.000156 0.000086 0.000046 
3906432 particle_filter 1 614 38 0.919000 0.693000  0.102578 0.025772 0.064338 0.102639 0.036097 0.013367 
3906432 particle_filter 1 614 38 0.919000 0.771000  0.000017 0.000015 0.000040 0.000081 0.000043 0.000022 
3906560 particle_filter 1 614 39 0.919000 0.770000  0.000041 0.000032 0.000087 0.000189 0.000096 0.000049 
