#Timestamp	Benchmark	Run(#)	CPU Frequency (MHz)	CPU Temperature(C)	CPU Voltage(V)	CPU Power(W)	CPU_CYCLES	L1_DATA_CACHE_ACCESS	INSTRUCTIONS_RETIRED	BUS_CYCLES	L1I_CACHE_ACCESS	PREDICTABLE_BRANCH_SPECULATIVELY_EXECUTED
5462272 nn 1 1132 45 1.072000 1.464000  0.000004 0.000004 0.000010 0.000022 0.000013 0.000006 
5462272 nn 1 1132 45 1.072000 0.771000  0.000005 0.000004 0.000010 0.000021 0.000013 0.000006 
5462272 nn 1 1132 44 1.072000 1.387000  0.000017 0.000014 0.000054 0.000111 0.000051 0.000026 
5462400 nn 1 1132 44 1.072000 0.925000  0.000017 0.000014 0.000040 0.000113 0.000049 0.000025 
5462400 nn 1 1132 45 1.072000 1.310000  0.000018 0.000015 0.000042 0.000088 0.000054 0.000027 
5462400 nn 1 1132 45 1.072000 0.925000  0.000017 0.000014 0.000040 0.000082 0.000042 0.000022 
5462400 nn 1 1132 45 1.072000 0.925000  0.000016 0.000014 0.000039 0.000077 0.000042 0.000022 
5462400 nn 1 1132 45 1.072000 1.233000  0.000004 0.000004 0.000010 0.000026 0.000014 0.000007 
5462528 nn 1 1132 45 1.072000 1.002000  0.000021 0.000014 0.000039 0.000088 0.000041 0.000022 
