#Timestamp	Benchmark	Run(#)	CPU Frequency (MHz)	CPU Temperature(C)	CPU Voltage(V)	CPU Power(W)	CPU_CYCLES	L1_DATA_CACHE_ACCESS	INSTRUCTIONS_RETIRED	BUS_CYCLES	L1I_CACHE_ACCESS	PREDICTABLE_BRANCH_SPECULATIVELY_EXECUTED
5267456 particle_filter 1 1132 44 1.072000 0.926000  0.000025 0.000018 0.000048 0.000108 0.000052 0.000027 
5267456 particle_filter 1 1132 44 1.072000 1.388000  0.000025 0.000018 0.000048 0.000107 0.000050 0.000026 
5267456 particle_filter 1 1132 44 1.072000 1.542000  0.000019 0.000018 0.000048 0.000092 0.000051 0.000027 
5267584 particle_filter 1 1132 44 1.072000 0.924000  0.000023 0.000017 0.000048 0.000101 0.000049 0.000026 
5267584 particle_filter 1 1132 44 1.072000 1.309000  0.000021 0.000018 0.000050 0.000110 0.000056 0.000029 
5267584 particle_filter 1 1132 44 1.072000 0.848000  0.000020 0.000018 0.000048 0.000098 0.000051 0.000027 
5267584 particle_filter 1 1132 44 1.072000 1.388000  0.000035 0.000020 0.000056 0.000146 0.000058 0.000030 
5267584 particle_filter 1 1132 44 1.072000 1.621000  0.000025 0.000019 0.000051 0.000115 0.000057 0.000029 
5267584 particle_filter 1 1132 44 1.072000 0.770000  0.000021 0.000022 0.000060 0.000121 0.000060 0.000032 
5267712 particle_filter 1 1132 44 1.072000 1.542000  0.000023 0.000017 0.000048 0.000135 0.000056 0.000029 
5267712 particle_filter 1 1132 44 1.072000 0.925000  0.000019 0.000016 0.000046 0.000089 0.000047 0.000025 
5267712 particle_filter 1 1132 44 1.072000 1.003000  0.000024 0.000019 0.000050 0.000106 0.000054 0.000028 
5267712 particle_filter 1 1132 44 1.072000 0.849000  0.000019 0.000017 0.000048 0.000094 0.000050 0.000027 
5267712 particle_filter 1 1132 44 1.072000 1.311000  0.000036 0.000025 0.000060 0.000200 0.000070 0.000038 
5267712 particle_filter 1 1132 44 1.072000 1.465000  0.000030 0.000020 0.000054 0.000140 0.000058 0.000029 
5267840 particle_filter 1 1132 44 1.072000 0.925000  0.000019 0.000016 0.000046 0.000092 0.000048 0.000025 
5267840 particle_filter 1 1132 44 1.072000 1.233000  0.000005 0.000004 0.000012 0.000026 0.000016 0.000008 
5267840 particle_filter 1 1132 44 1.072000 0.926000  0.000019 0.000016 0.000046 0.000087 0.000047 0.000025 
5267840 particle_filter 1 1132 44 1.072000 0.925000  0.000019 0.000017 0.000047 0.000091 0.000050 0.000026 
5267840 particle_filter 1 1132 44 1.072000 0.849000  0.000028 0.000019 0.000049 0.000103 0.000052 0.000027 
5267968 particle_filter 1 1132 44 1.072000 0.926000  0.000018 0.000016 0.000047 0.000106 0.000048 0.000025 
5267968 particle_filter 1 1132 44 1.072000 1.079000  0.000024 0.000018 0.000051 0.000117 0.000053 0.000028 
5267968 particle_filter 1 1132 44 1.072000 0.926000  0.000019 0.000017 0.000047 0.000109 0.000049 0.000026 
5267968 particle_filter 1 1132 44 1.072000 1.311000  0.000019 0.000017 0.000047 0.000089 0.000050 0.000026 
5267968 particle_filter 1 1132 43 1.072000 1.464000  0.000022 0.000018 0.000049 0.000110 0.000052 0.000027 
5268096 particle_filter 1 1132 43 1.072000 1.155000  0.000020 0.000017 0.000048 0.000101 0.000052 0.000027 
5268096 particle_filter 1 1132 44 1.072000 1.466000  0.000005 0.000004 0.000012 0.000025 0.000016 0.000008 
5268096 particle_filter 1 1132 44 1.072000 0.848000  0.000018 0.000016 0.000045 0.000085 0.000045 0.000025 
5268096 particle_filter 1 1132 44 1.072000 1.080000  0.000023 0.000018 0.000049 0.000105 0.000053 0.000027 
5268096 particle_filter 1 1132 44 1.072000 0.925000  0.000019 0.000016 0.000045 0.000099 0.000049 0.000026 
5268096 particle_filter 1 1132 44 1.072000 1.233000  0.000209 0.000105 0.000222 0.000538 0.000184 0.000086 
5268224 particle_filter 1 1132 44 1.072000 1.850000  0.000023 0.000018 0.000050 0.000121 0.000056 0.000028 
5268224 particle_filter 1 1132 44 1.072000 1.465000  0.000004 0.000004 0.000012 0.000024 0.000015 0.000007 
5268224 particle_filter 1 1132 44 1.072000 1.618000  0.000023 0.000018 0.000048 0.000107 0.000054 0.000028 
5268224 particle_filter 1 1132 44 1.072000 0.924000  0.000017 0.000016 0.000044 0.000085 0.000045 0.000024 
5268224 particle_filter 1 1132 44 1.072000 1.311000  0.000023 0.000018 0.000049 0.000107 0.000053 0.000028 
5268224 particle_filter 1 1132 44 1.072000 1.001000  0.000019 0.000016 0.000045 0.000089 0.000047 0.000025 
5268352 particle_filter 1 1132 44 1.072000 1.002000  0.000023 0.000018 0.000049 0.000109 0.000055 0.000028 
5268352 particle_filter 1 1132 44 1.072000 1.001000  0.000018 0.000017 0.000045 0.000104 0.000047 0.000025 
5268352 particle_filter 1 1132 44 1.072000 1.464000  0.000021 0.000017 0.000047 0.000100 0.000052 0.000027 
5268352 particle_filter 1 1132 44 1.072000 0.770000  0.000022 0.000018 0.000048 0.000102 0.000053 0.000027 
5268352 particle_filter 1 1132 44 1.072000 0.770000  0.000023 0.000017 0.000048 0.000101 0.000057 0.000028 
5268480 particle_filter 1 1132 43 1.072000 1.388000  0.000019 0.000016 0.000045 0.000088 0.000048 0.000025 
5268480 particle_filter 1 1132 43 1.072000 0.926000  0.000023 0.000016 0.000045 0.000098 0.000046 0.000025 
5268480 particle_filter 1 1132 43 1.072000 1.387000  0.000018 0.000016 0.000045 0.000086 0.000048 0.000025 
5268480 particle_filter 1 1132 43 1.072000 1.388000  0.000022 0.000017 0.000047 0.000106 0.000052 0.000027 
5268480 particle_filter 1 1132 44 1.072000 0.925000  0.000020 0.000016 0.000045 0.000099 0.000049 0.000026 
5268480 particle_filter 1 1132 44 1.072000 1.389000  0.000047 0.000019 0.000052 0.000130 0.000055 0.000028 
5268608 particle_filter 1 1132 44 1.072000 1.001000  0.000024 0.000018 0.000048 0.000109 0.000053 0.000027 
5268608 particle_filter 1 1132 44 1.072000 1.464000  0.000018 0.000016 0.000044 0.000088 0.000047 0.000025 
5268608 particle_filter 1 1132 44 1.072000 0.925000  0.000017 0.000015 0.000043 0.000082 0.000045 0.000024 
5268608 particle_filter 1 1132 44 1.072000 1.312000  0.000022 0.000017 0.000047 0.000107 0.000051 0.000026 
5268608 particle_filter 1 1132 44 1.072000 0.926000  0.578139 0.109986 0.260751 0.578174 0.146185 0.056980 
5268736 particle_filter 1 1132 43 1.072000 0.925000  0.000022 0.000017 0.000047 0.000102 0.000051 0.000026 
5268736 particle_filter 1 1132 44 1.072000 1.080000  0.000035 0.000019 0.000050 0.000131 0.000053 0.000026 
5268736 particle_filter 1 1132 44 1.072000 0.924000  0.000022 0.000022 0.000057 0.000118 0.000057 0.000030 
5268736 particle_filter 1 1132 44 1.072000 1.312000  0.000022 0.000017 0.000047 0.000101 0.000052 0.000027 
5268736 particle_filter 1 1132 44 1.072000 0.925000  0.000020 0.000015 0.000042 0.000089 0.000044 0.000023 
5268736 particle_filter 1 1132 44 1.072000 1.311000  0.000022 0.000017 0.000047 0.000099 0.000051 0.000026 
5268864 particle_filter 1 1132 44 1.072000 1.080000  0.000017 0.000015 0.000043 0.000090 0.000044 0.000024 
5268864 particle_filter 1 1132 44 1.072000 1.003000  0.000021 0.000017 0.000047 0.000106 0.000051 0.000026 
5268864 particle_filter 1 1132 44 1.072000 1.621000  0.000017 0.000016 0.000044 0.000088 0.000046 0.000024 
5268864 particle_filter 1 1132 44 1.072000 0.926000  0.000033 0.000019 0.000052 0.000142 0.000056 0.000028 
5268864 particle_filter 1 1132 44 1.072000 1.389000  0.000022 0.000017 0.000047 0.000108 0.000052 0.000027 
5268992 particle_filter 1 1132 44 1.072000 1.231000  0.000022 0.000015 0.000042 0.000092 0.000044 0.000023 
5268992 particle_filter 1 1132 44 1.072000 1.157000  0.000020 0.000017 0.000046 0.000100 0.000050 0.000026 
5268992 particle_filter 1 1132 44 1.072000 0.926000  0.000018 0.000016 0.000043 0.000111 0.000048 0.000025 
5268992 particle_filter 1 1132 43 1.072000 1.312000  0.000017 0.000016 0.000043 0.000084 0.000045 0.000024 
5268992 particle_filter 1 1132 43 1.072000 1.464000  0.000022 0.000017 0.000046 0.000102 0.000051 0.000026 
5268992 particle_filter 1 1132 44 1.072000 0.848000  0.000024 0.000017 0.000047 0.000108 0.000052 0.000026 
5269120 particle_filter 1 1132 43 1.072000 1.233000  0.000018 0.000016 0.000043 0.000085 0.000046 0.000024 
5269120 particle_filter 1 1132 43 1.072000 1.080000  0.000030 0.000027 0.000075 0.000144 0.000080 0.000042 
5269120 particle_filter 1 1132 44 1.072000 1.311000  0.000031 0.000027 0.000074 0.000144 0.000079 0.000041 
5269120 particle_filter 1 1132 44 1.072000 1.155000  0.000031 0.000027 0.000075 0.000162 0.000083 0.000043 
5269120 particle_filter 1 1132 43 1.072000 1.544000  0.000017 0.000015 0.000042 0.000082 0.000045 0.000023 
5269120 particle_filter 1 1132 43 1.072000 0.848000  0.000017 0.000015 0.000042 0.000081 0.000045 0.000023 
5269248 particle_filter 1 1132 43 1.072000 1.465000  0.000017 0.000015 0.000042 0.000080 0.000044 0.000023 
5269248 particle_filter 1 1132 43 1.072000 0.847000  0.000019 0.000015 0.000042 0.000095 0.000043 0.000023 
5269248 particle_filter 1 1132 43 1.072000 1.233000  0.000018 0.000016 0.000044 0.000106 0.000047 0.000024 
5269248 particle_filter 1 1132 44 1.072000 1.387000  0.000021 0.000016 0.000046 0.000125 0.000054 0.000027 
5269248 particle_filter 1 1132 44 1.072000 1.464000  0.000020 0.000016 0.000043 0.000095 0.000048 0.000025 
