#Timestamp	Benchmark	Run(#)	CPU Frequency (MHz)	CPU Temperature(C)	CPU Voltage(V)	CPU Power(W)	CPU_CYCLES	L1_DATA_CACHE_ACCESS	INSTRUCTIONS_RETIRED	BUS_CYCLES	L1I_CACHE_ACCESS	PREDICTABLE_BRANCH_SPECULATIVELY_EXECUTED
6296832 nw 1 1555 48 1.130000 1.387000  0.000030 0.000027 0.000074 0.000146 0.000079 0.000041 
6296832 nw 1 1555 48 1.130000 1.850000  0.000031 0.000027 0.000073 0.000146 0.000078 0.000041 
6296832 nw 1 1555 48 1.130000 1.619000  0.000030 0.000025 0.000070 0.000144 0.000072 0.000039 
6296832 nw 1 1555 48 1.130000 2.313000  0.000040 0.000028 0.000077 0.000179 0.000085 0.000043 
6296960 nw 1 1555 48 1.130000 1.928000  0.000030 0.000026 0.000072 0.000143 0.000077 0.000041 
6296960 nw 1 1555 48 1.130000 2.005000  0.000032 0.000026 0.000072 0.000146 0.000077 0.000040 
6296960 nw 1 1555 47 1.130000 2.695000  0.000031 0.000026 0.000072 0.000145 0.000076 0.000040 
6296960 nw 1 1555 47 1.130000 1.311000  0.000032 0.000029 0.000076 0.000215 0.000085 0.000044 
6296960 nw 1 1555 48 1.130000 2.081000  0.000023 0.000018 0.000051 0.000109 0.000058 0.000029 
6297088 nw 1 1555 48 1.130000 1.773000  0.236482 0.439709 0.180181 0.439984 0.000008 0.003497 
6297088 nw 1 1555 48 1.130000 1.232000  0.000043 0.000277 0.000165 0.000562 0.000000 0.000029 
6297088 nw 1 1555 49 1.130000 2.311000  0.000035 0.000026 0.000074 0.000175 0.000082 0.000042 
