#Timestamp	Benchmark	Run(#)	CPU Frequency (MHz)	CPU Temperature(C)	CPU Voltage(V)	CPU Power(W)	CPU_CYCLES	L1_DATA_CACHE_ACCESS	INSTRUCTIONS_RETIRED	BUS_CYCLES	L1I_CACHE_ACCESS	PREDICTABLE_BRANCH_SPECULATIVELY_EXECUTED
475392 backprop 1 102 31 0.842000 0.385000  0.000020 0.000014 0.000039 0.000079 0.000040 0.000021 
475392 backprop 1 102 32 0.842000 0.385000  0.000019 0.000014 0.000040 0.000082 0.000041 0.000022 
475520 backprop 1 102 31 0.842000 0.385000  0.000004 0.000003 0.000010 0.000019 0.000013 0.000006 
475520 backprop 1 102 31 0.842000 0.386000  0.000015 0.000013 0.000037 0.000073 0.000040 0.000021 
475520 backprop 1 102 31 0.842000 0.308000  0.000016 0.000014 0.000040 0.000079 0.000040 0.000021 
475648 backprop 1 102 31 0.842000 0.308000  0.000021 0.000115 0.000065 0.000211 0.000000 0.000011 
475648 backprop 1 102 31 0.842000 0.308000  0.000434 0.000393 0.001218 0.002460 0.000001 0.000488 
475776 backprop 1 102 31 0.842000 0.308000  0.000817 0.003499 0.001149 0.003617 0.000000 0.000082 
475776 backprop 1 102 31 0.842000 0.386000  0.000014 0.000088 0.000055 0.000183 0.000000 0.000010 
475904 backprop 1 102 31 0.842000 0.308000  0.000014 0.000085 0.000055 0.000000 0.000000 0.000000 
475904 backprop 1 102 31 0.842000 0.308000  0.000440 0.000385 0.001073 0.002139 0.001238 0.000639 
475904 backprop 1 102 31 0.842000 0.386000  0.014598 0.004504 0.008913 0.016521 0.006423 0.002815 
476032 backprop 1 102 31 0.842000 0.386000  0.000420 0.000388 0.001388 0.002794 0.001796 0.000988 
476032 backprop 1 102 31 0.842000 0.385000  0.000406 0.000361 0.001009 0.001979 0.001033 0.000556 
476032 backprop 1 102 31 0.842000 0.385000  0.000406 0.000357 0.000996 0.000000 0.000000 0.000000 
476160 backprop 1 102 31 0.842000 0.385000  0.004661 0.015647 0.005580 0.015918 0.000001 0.000358 
476416 backprop 1 102 31 0.842000 0.386000  0.000022 0.000298 0.000149 0.000628 0.000000 0.000021 
476416 backprop 1 102 31 0.842000 0.308000  0.000173 0.000149 0.000417 0.000816 0.000433 0.000230 
476416 backprop 1 102 31 0.842000 0.385000  0.000175 0.000149 0.000415 0.000824 0.000425 0.000229 
476544 backprop 1 102 31 0.842000 0.385000  0.000014 0.000013 0.000038 0.000077 0.000039 0.000021 
476672 backprop 1 102 31 0.842000 0.385000  0.000017 0.000062 0.000141 0.000306 0.000138 0.000057 
476672 backprop 1 102 31 0.842000 0.385000  0.000015 0.000014 0.000043 0.000096 0.000043 0.000022 
476800 backprop 1 102 31 0.842000 0.385000  0.000028 0.000017 0.000049 0.000110 0.000051 0.000025 
476800 backprop 1 102 31 0.842000 0.386000  0.000015 0.000014 0.000040 0.000082 0.000042 0.000023 
476800 backprop 1 102 31 0.842000 0.385000  0.000015 0.000013 0.000037 0.000087 0.000042 0.000022 
476928 backprop 1 102 31 0.842000 0.385000  0.000014 0.000195 0.000099 0.000338 0.000000 0.000014 
476928 backprop 1 102 31 0.842000 0.385000  0.000015 0.000145 0.000077 0.000293 0.000000 0.000015 
476928 backprop 1 102 31 0.842000 0.385000  0.000014 0.000079 0.000058 0.000190 0.000000 0.000010 
477056 backprop 1 102 31 0.842000 0.386000  0.131182 0.045516 0.111466 0.131333 0.052096 0.024624 
477056 backprop 1 102 31 0.842000 0.385000  0.000145 0.000135 0.000372 0.000713 0.000393 0.000208 
477184 backprop 1 102 31 0.842000 0.385000  0.000385 0.000335 0.000940 0.001802 0.000957 0.000517 
477184 backprop 1 102 31 0.842000 0.386000  0.000360 0.000330 0.000923 0.001760 0.000945 0.000510 
477184 backprop 1 102 31 0.842000 0.385000  0.000351 0.000327 0.000913 0.001721 0.000935 0.000504 
477312 backprop 1 102 31 0.842000 0.385000  0.005456 0.014625 0.006086 0.014717 0.000002 0.000346 
477312 backprop 1 102 31 0.842000 0.385000  0.000013 0.000085 0.000051 0.000173 0.000000 0.000009 
477440 backprop 1 102 31 0.842000 0.385000  0.000368 0.000341 0.000942 0.002550 0.001244 0.002268 
477440 backprop 1 102 31 0.842000 0.385000  0.000344 0.000316 0.000888 0.001672 0.000910 0.000488 
477440 backprop 1 102 31 0.842000 0.308000  0.000332 0.000311 0.000874 0.001636 0.000889 0.000481 
477568 backprop 1 102 31 0.842000 0.385000  0.000014 0.000014 0.000040 0.000090 0.000044 0.000022 
477568 backprop 1 102 31 0.842000 0.385000  0.000042 0.000028 0.000061 0.000198 0.000075 0.000034 
477568 backprop 1 102 31 0.842000 0.385000  0.058675 0.054267 0.173894 0.369339 0.208779 0.100297 
477696 backprop 1 102 31 0.842000 0.385000  0.018555 0.016177 0.046219 0.093270 0.049016 0.025916 
477696 backprop 1 102 31 0.842000 0.386000  0.010290 0.009380 0.026401 0.051086 0.027104 0.014557 
477696 backprop 1 102 31 0.842000 0.386000  0.006599 0.007324 0.023201 0.048524 0.022232 0.011031 
477824 backprop 1 102 31 0.842000 0.386000  0.005678 0.005754 0.015295 0.046229 0.020424 0.009669 
477824 backprop 1 102 31 0.842000 0.385000  0.004814 0.004241 0.012305 0.024268 0.013192 0.006929 
477824 backprop 1 102 31 0.842000 0.308000  0.003976 0.003779 0.128080 0.090248 0.054145 0.031572 
477952 backprop 1 102 31 0.842000 0.385000  0.003112 0.002884 0.008064 0.015278 0.008246 0.004444 
477952 backprop 1 102 31 0.842000 0.385000  0.002698 0.002595 0.007393 0.014448 0.007683 0.004237 
477952 backprop 1 102 31 0.842000 0.308000  0.002970 0.002449 0.006747 0.014248 0.007424 0.004701 
478080 backprop 1 102 31 0.842000 0.385000  0.005753 0.002772 0.008417 0.021837 0.008791 0.004037 
478080 backprop 1 102 31 0.842000 0.385000  0.001911 0.001719 0.005080 0.011768 0.005681 0.002884 
478080 backprop 1 102 31 0.842000 0.385000  0.001813 0.001623 0.004520 0.010663 0.005317 0.002723 
478208 backprop 1 102 31 0.842000 0.308000  0.001594 0.001440 0.004047 0.007849 0.004337 0.002278 
478208 backprop 1 102 31 0.842000 0.385000  0.000322 0.000241 0.000652 0.001283 0.000663 0.000501 
478336 backprop 1 102 31 0.842000 0.385000  0.000248 0.000221 0.000617 0.001166 0.002242 0.001251 
478336 backprop 1 102 31 0.842000 0.385000  0.000239 0.000216 0.000606 0.001145 0.000623 0.000335 
478336 backprop 1 102 31 0.842000 0.385000  0.000271 0.000224 0.000616 0.001241 0.000667 0.000358 
478464 backprop 1 102 31 0.842000 0.385000  0.000243 0.000210 0.000588 0.001175 0.000600 0.000324 
478592 backprop 1 102 31 0.842000 0.385000  0.000378 0.000235 0.000999 0.002191 0.000925 0.000621 
478592 backprop 1 102 31 0.842000 0.385000  0.002426 0.002296 0.004722 0.011362 0.004433 0.002027 
478720 backprop 1 102 31 0.842000 0.308000  0.000814 0.001166 0.002784 0.006633 0.002771 0.001312 
478720 backprop 1 102 31 0.842000 0.386000  0.000254 0.000448 0.001089 0.002852 0.001118 0.000532 
478848 backprop 1 102 31 0.842000 0.385000  0.000221 0.000192 0.000930 0.001972 0.000859 0.000401 
478848 backprop 1 102 31 0.842000 0.385000  0.000218 0.000205 0.000550 0.001125 0.000571 0.000299 
478976 backprop 1 102 31 0.842000 0.386000  0.000210 0.000186 0.000519 0.001666 0.000791 0.000364 
478976 backprop 1 102 31 0.842000 0.308000  0.000225 0.000183 0.000586 0.001285 0.000602 0.000367 
479104 backprop 1 102 31 0.842000 0.385000  0.000207 0.000180 0.000502 0.000973 0.000517 0.000278 
479104 backprop 1 102 31 0.842000 0.386000  0.000194 0.000178 0.000497 0.000961 0.000505 0.000282 
479104 backprop 1 102 31 0.842000 0.386000  0.000206 0.000176 0.000493 0.000980 0.000509 0.000273 
479232 backprop 1 102 31 0.842000 0.385000  0.000193 0.000271 0.000647 0.001408 0.000641 0.000314 
479232 backprop 1 102 31 0.842000 0.308000  0.000194 0.000173 0.000484 0.000923 0.000495 0.000268 
479232 backprop 1 102 31 0.842000 0.386000  0.000194 0.000171 0.000507 0.001077 0.000512 0.000272 
479360 backprop 1 102 31 0.842000 0.308000  0.000188 0.000170 0.000475 0.000918 0.000483 0.000263 
479360 backprop 1 102 31 0.842000 0.385000  0.000228 0.000168 0.000472 0.000991 0.000482 0.000260 
479360 backprop 1 102 31 0.842000 0.385000  0.000189 0.000166 0.000467 0.000924 0.000477 0.000263 
479488 backprop 1 102 31 0.842000 0.385000  0.000185 0.000164 0.000461 0.000910 0.000468 0.000278 
479488 backprop 1 102 31 0.842000 0.385000  0.000376 0.000962 0.002541 0.006115 0.002209 0.000987 
479616 backprop 1 102 31 0.842000 0.386000  0.000463 0.000669 0.001630 0.003531 0.001472 0.000713 
479616 backprop 1 102 31 0.842000 0.386000  0.000375 0.000401 0.001029 0.002210 0.001047 0.000535 
479616 backprop 1 102 31 0.842000 0.385000  0.000470 0.000359 0.000958 0.001961 0.000966 0.000507 
479744 backprop 1 102 31 0.842000 0.386000  0.368034 0.130435 0.304581 0.368390 0.149912 0.060882 
479744 backprop 1 102 31 0.842000 0.385000  0.000093 0.000081 0.000225 0.000448 0.000231 0.000125 
479872 backprop 1 102 31 0.842000 0.385000  0.000089 0.000080 0.000224 0.000426 0.000230 0.000124 
479872 backprop 1 102 31 0.842000 0.385000  0.000351 0.000313 0.000898 0.002272 0.001120 0.000551 
480000 backprop 1 102 31 0.842000 0.385000  0.000013 0.000077 0.000058 0.000183 0.000000 0.000009 
480000 backprop 1 102 31 0.842000 0.386000  0.000012 0.000098 0.000055 0.000177 0.000000 0.000009 
480000 backprop 1 102 31 0.842000 0.308000  0.000321 0.000282 0.000792 0.001581 0.001473 0.000684 
480128 backprop 1 102 31 0.842000 0.386000  0.000308 0.000324 0.001302 0.003154 0.001291 0.000604 
480128 backprop 1 102 31 0.842000 0.385000  0.000303 0.000272 0.000763 0.001455 0.000777 0.000421 
480128 backprop 1 102 31 0.842000 0.385000  0.000308 0.000268 0.000777 0.001787 0.000828 0.000444 
480256 backprop 1 102 31 0.842000 0.386000  0.000520 0.000496 0.001232 0.003231 0.001219 0.000564 
480256 backprop 1 102 31 0.842000 0.385000  0.000313 0.000260 0.000726 0.001646 0.000776 0.000413 
480384 backprop 1 102 31 0.842000 0.386000  0.000284 0.000256 0.000716 0.001387 0.000725 0.000396 
480384 backprop 1 102 31 0.842000 0.308000  0.000289 0.000253 0.000719 0.001479 0.000773 0.000413 
480384 backprop 1 102 31 0.842000 0.385000  0.000316 0.000337 0.000849 0.001970 0.000889 0.000433 
480512 backprop 1 102 31 0.842000 0.386000  0.000275 0.000245 0.000685 0.001392 0.000723 0.000386 
480512 backprop 1 102 31 0.842000 0.386000  0.000268 0.000244 0.000678 0.001283 0.000849 0.000434 
480512 backprop 1 102 31 0.842000 0.386000  0.000258 0.000239 0.000668 0.001545 0.000745 0.000388 
480512 backprop 1 102 31 0.842000 0.386000  0.000396 0.000265 0.000720 0.001533 0.000759 0.000389 
480640 backprop 1 102 31 0.842000 0.386000  0.000259 0.000233 0.000702 0.001431 0.000820 0.000408 
480640 backprop 1 102 31 0.842000 0.385000  0.000082 0.000071 0.000201 0.000398 0.000207 0.000110 
480768 backprop 1 102 31 0.842000 0.308000  0.000109 0.000076 0.000207 0.000417 0.000213 0.000115 
480768 backprop 1 102 31 0.842000 0.385000  0.000236 0.000484 0.001132 0.002339 0.001025 0.000497 
480768 backprop 1 102 31 0.842000 0.385000  0.000237 0.000214 0.000601 0.001159 0.000612 0.000331 
480896 backprop 1 102 31 0.842000 0.385000  0.009983 0.040254 0.012825 0.040410 0.000004 0.000798 
480896 backprop 1 102 31 0.842000 0.385000  0.000011 0.000069 0.000043 0.000144 0.000000 0.000008 
481024 backprop 1 102 31 0.842000 0.385000  0.000017 0.000093 0.000051 0.000169 0.000000 0.000008 
481024 backprop 1 102 31 0.842000 0.385000  0.000023 0.000134 0.000059 0.000210 0.000000 0.000009 
481152 backprop 1 102 31 0.842000 0.385000  0.000239 0.000214 0.000596 0.001147 0.000618 0.000347 
481152 backprop 1 102 31 0.842000 0.308000  0.000277 0.000221 0.000633 0.001250 0.000647 0.000343 
481280 backprop 1 102 31 0.842000 0.308000  0.000248 0.063850 0.021918 0.064536 0.000006 0.001412 
481280 backprop 1 102 31 0.842000 0.308000  0.000230 0.000206 0.000574 0.002030 0.000851 0.000398 
481280 backprop 1 102 31 0.842000 0.385000  0.000226 0.000203 0.000568 0.001200 0.000610 0.000322 
481408 backprop 1 102 31 0.842000 0.386000  0.000273 0.000219 0.000596 0.001177 0.000641 0.000331 
481408 backprop 1 102 31 0.842000 0.386000  0.000220 0.000199 0.000556 0.001071 0.000573 0.000320 
481408 backprop 1 102 31 0.842000 0.385000  0.000227 0.000197 0.000706 0.001506 0.000681 0.000349 
481536 backprop 1 102 31 0.842000 0.308000  0.000126 0.000110 0.000308 0.000608 0.000313 0.000169 
481536 backprop 1 102 31 0.842000 0.385000  0.000224 0.000191 0.000530 0.001047 0.001261 0.000572 
481664 backprop 1 102 31 0.842000 0.385000  0.002094 0.000605 0.001410 0.003609 0.001279 0.000552 
481664 backprop 1 102 31 0.842000 0.385000  0.000210 0.000557 0.001201 0.002542 0.001037 0.000475 
481792 backprop 1 102 31 0.842000 0.386000  0.000072 0.000064 0.000178 0.000435 0.000206 0.000104 
481792 backprop 1 102 31 0.842000 0.386000  0.000067 0.000063 0.000177 0.000333 0.000181 0.000254 
481920 backprop 1 102 31 0.842000 0.308000  0.000080 0.000068 0.000296 0.000644 0.000276 0.000132 
481920 backprop 1 102 31 0.842000 0.385000  0.000340 0.000128 0.000305 0.000610 0.000276 0.000135 
481920 backprop 1 102 31 0.842000 0.385000  0.001537 0.000750 0.001651 0.003871 0.001437 0.000636 
482048 backprop 1 102 31 0.842000 0.386000  0.000070 0.000067 0.000181 0.000364 0.000188 0.000098 
482048 backprop 1 102 31 0.842000 0.385000  0.000077 0.000075 0.000254 0.000655 0.000297 0.000184 
482176 backprop 1 102 31 0.842000 0.386000  0.000263 0.000179 0.000480 0.000959 0.000487 0.000344 
482176 backprop 1 102 31 0.842000 0.308000  0.000622 0.000276 0.000742 0.001778 0.000749 0.000377 
482304 backprop 1 102 31 0.842000 0.385000  0.012080 0.050307 0.016060 0.050375 0.000007 0.000944 
482304 backprop 1 102 31 0.842000 0.385000  0.000014 0.000080 0.000046 0.000150 0.000000 0.000008 
482432 backprop 1 102 31 0.842000 0.385000  0.000173 0.000264 0.001016 0.002844 0.001698 0.001122 
482432 backprop 1 102 31 0.842000 0.385000  0.000253 0.000216 0.000762 0.002001 0.000830 0.000507 
482560 backprop 1 102 31 0.842000 0.308000  0.000011 0.000067 0.000042 0.000137 0.000000 0.000007 
482560 backprop 1 102 31 0.842000 0.386000  0.000263 0.000168 0.000649 0.001202 0.000584 0.000405 
482688 backprop 1 102 31 0.842000 0.385000  0.000276 0.000171 0.000453 0.000967 0.000464 0.000239 
482688 backprop 1 102 31 0.842000 0.386000  0.000107 0.000091 0.000254 0.000509 0.000262 0.000141 
482816 backprop 1 102 31 0.842000 0.385000  0.000063 0.000057 0.000170 0.000340 0.000174 0.000091 
482816 backprop 1 102 31 0.842000 0.386000  0.000250 0.000144 0.000312 0.000669 0.000291 0.000137 
482816 backprop 1 102 31 0.842000 0.308000  0.000065 0.000057 0.000187 0.000400 0.000202 0.000099 
482944 backprop 1 102 31 0.842000 0.308000  0.000062 0.000057 0.000159 0.000301 0.000162 0.000088 
482944 backprop 1 102 31 0.842000 0.385000  0.000241 0.000168 0.000435 0.000908 0.000449 0.000249 
482944 backprop 1 102 31 0.842000 0.308000  0.000372 0.000205 0.000495 0.001158 0.000545 0.000260 
483072 backprop 1 102 31 0.842000 0.386000  0.000166 0.000196 0.000485 0.001124 0.000494 0.000245 
483072 backprop 1 102 31 0.842000 0.385000  0.000150 0.000133 0.000374 0.000738 0.000385 0.000206 
483072 backprop 1 102 31 0.842000 0.385000  0.000163 0.000149 0.000417 0.000894 0.000446 0.000227 
483200 backprop 1 102 31 0.842000 0.385000  0.024940 0.007613 0.015691 0.025289 0.009167 0.003925 
483200 backprop 1 102 31 0.842000 0.385000  0.000062 0.000055 0.000155 0.000302 0.000160 0.000086 
483328 backprop 1 102 31 0.842000 0.385000  0.000060 0.000055 0.000154 0.000297 0.000159 0.000085 
483328 backprop 1 102 31 0.842000 0.385000  0.006242 0.001523 0.003048 0.006478 0.002287 0.000913 
483456 backprop 1 102 31 0.842000 0.308000  0.000094 0.000083 0.000232 0.000455 0.000241 0.000128 
483584 backprop 1 102 31 0.842000 0.308000  0.000250 0.000168 0.000467 0.002172 0.002798 0.001060 
483584 backprop 1 102 31 0.842000 0.386000  0.000339 0.000178 0.000438 0.000902 0.000450 0.000229 
483712 backprop 1 102 31 0.842000 0.385000  0.000143 0.000127 0.000363 0.000726 0.000374 0.000202 
483712 backprop 1 102 31 0.842000 0.386000  0.000137 0.000126 0.000352 0.000672 0.000362 0.000195 
483712 backprop 1 102 31 0.842000 0.385000  0.000154 0.000125 0.000350 0.000693 0.000372 0.000198 
483840 backprop 1 102 31 0.842000 0.385000  0.001244 0.000517 0.001201 0.002859 0.001024 0.000423 
483840 backprop 1 102 31 0.842000 0.386000  0.000142 0.000122 0.000343 0.000872 0.000424 0.000473 
483968 backprop 1 102 31 0.842000 0.385000  0.000137 0.000122 0.000339 0.000765 0.000392 0.000202 
484096 backprop 1 102 31 0.842000 0.385000  0.000565 0.000281 0.001992 0.004969 0.001656 0.000638 
484096 backprop 1 102 31 0.842000 0.386000  0.000130 0.000118 0.000331 0.000629 0.000339 0.000183 
484096 backprop 1 102 31 0.842000 0.385000  0.000432 0.000166 0.001566 0.001905 0.000892 0.000680 
484224 backprop 1 102 31 0.842000 0.386000  0.000128 0.000117 0.000333 0.000652 0.000373 0.000192 
484224 backprop 1 102 31 0.842000 0.385000  0.000125 0.000116 0.000325 0.000608 0.000331 0.000179 
484224 backprop 1 102 31 0.842000 0.385000  0.000168 0.000123 0.000336 0.000659 0.000343 0.000182 
484352 backprop 1 102 31 0.842000 0.385000  0.000137 0.000116 0.000322 0.000630 0.000333 0.000178 
484352 backprop 1 102 31 0.842000 0.386000  0.000159 0.000120 0.000372 0.000884 0.000530 0.000242 
484352 backprop 1 102 31 0.842000 0.385000  0.000122 0.000113 0.000318 0.000603 0.000326 0.000176 
484480 backprop 1 102 31 0.842000 0.386000  0.000033 0.000030 0.000085 0.000200 0.000117 0.000055 
484480 backprop 1 102 31 0.842000 0.308000  0.000010 0.000061 0.000047 0.000161 0.000000 0.000007 
484480 backprop 1 102 31 0.842000 0.308000  0.000010 0.000058 0.000037 0.000137 0.000000 0.000007 
484608 backprop 1 102 31 0.842000 0.385000  0.000010 0.000058 0.000038 0.000120 0.000000 0.000007 
484608 backprop 1 102 31 0.842000 0.385000  0.000010 0.000056 0.000037 0.000118 0.000000 0.000007 
484608 backprop 1 102 31 0.842000 0.385000  0.000010 0.000057 0.000037 0.000119 0.000000 0.000007 
484736 backprop 1 102 31 0.842000 0.385000  0.000143 0.000120 0.000319 0.000640 0.000329 0.000172 
484736 backprop 1 102 31 0.842000 0.385000  0.000030 0.000028 0.000087 0.000176 0.000107 0.000051 
484736 backprop 1 102 31 0.842000 0.385000  0.000185 0.000115 0.000312 0.000645 0.000332 0.000172 
484864 backprop 1 102 31 0.842000 0.385000  0.000117 0.000105 0.000504 0.000997 0.000456 0.000223 
484864 backprop 1 102 31 0.842000 0.386000  0.000122 0.000105 0.000292 0.000592 0.000373 0.000266 
484992 backprop 1 102 31 0.842000 0.385000  0.000124 0.000159 0.000384 0.000831 0.000388 0.000194 
484992 backprop 1 102 31 0.842000 0.386000  0.000148 0.000123 0.000380 0.000865 0.000388 0.000195 
484992 backprop 1 102 31 0.842000 0.385000  0.000112 0.000102 0.000286 0.000613 0.000321 0.000171 
485120 backprop 1 102 31 0.842000 0.386000  0.000112 0.000102 0.000285 0.000548 0.000293 0.000162 
485120 backprop 1 102 31 0.842000 0.385000  0.000111 0.000101 0.000283 0.000540 0.000292 0.000157 
485120 backprop 1 102 31 0.842000 0.385000  0.000112 0.000101 0.000314 0.000627 0.000320 0.000165 
485120 backprop 1 102 31 0.842000 0.385000  0.000124 0.000106 0.000303 0.000602 0.000315 0.000164 
485248 backprop 1 102 31 0.842000 0.386000  0.000112 0.000099 0.000285 0.000567 0.000306 0.000163 
485248 backprop 1 102 31 0.842000 0.386000  0.000108 0.000116 0.000307 0.000612 0.000313 0.000167 
485248 backprop 1 102 31 0.842000 0.385000  0.000107 0.000099 0.000277 0.000522 0.000290 0.000155 
485376 backprop 1 102 31 0.842000 0.385000  0.000108 0.000098 0.000275 0.000529 0.000282 0.000152 
485376 backprop 1 102 31 0.842000 0.385000  0.000113 0.000098 0.000274 0.000536 0.000283 0.000151 
485376 backprop 1 102 31 0.842000 0.385000  0.000183 0.000110 0.000303 0.000605 0.000301 0.000161 
485504 backprop 1 102 31 0.842000 0.385000  0.000783 0.000260 0.000544 0.001207 0.000504 0.000231 
485504 backprop 1 102 31 0.842000 0.386000  0.000143 0.000103 0.000280 0.000569 0.000286 0.000152 
485504 backprop 1 102 31 0.842000 0.385000  0.000108 0.000099 0.000273 0.000537 0.000279 0.000149 
485632 backprop 1 102 31 0.842000 0.385000  0.000102 0.000096 0.000266 0.000503 0.000275 0.000148 
485632 backprop 1 102 31 0.842000 0.385000  0.000128 0.000107 0.000287 0.000583 0.000293 0.000153 
485632 backprop 1 102 31 0.842000 0.385000  0.000110 0.000099 0.000274 0.000619 0.000312 0.000160 
485632 backprop 1 102 31 0.842000 0.385000  0.000100 0.000094 0.000263 0.000494 0.000270 0.000150 
485760 backprop 1 102 31 0.842000 0.386000  0.000133 0.000098 0.000269 0.000530 0.000278 0.000147 
485760 backprop 1 102 31 0.842000 0.386000  0.000102 0.000093 0.000260 0.000496 0.000268 0.000148 
485760 backprop 1 102 31 0.842000 0.385000  0.000115 0.000095 0.000275 0.000551 0.000292 0.000154 
485888 backprop 1 102 31 0.842000 0.385000  0.000111 0.000097 0.000267 0.000539 0.000281 0.000149 
485888 backprop 1 102 31 0.842000 0.385000  0.000110 0.000092 0.000271 0.000575 0.000022 0.006590 
486016 backprop 1 102 31 0.842000 0.308000  0.000009 0.000055 0.000058 0.000177 0.000000 0.000014 
486144 backprop 1 102 31 0.842000 0.386000  0.000097 0.000089 0.000249 0.000469 0.000257 0.000138 
486144 backprop 1 102 31 0.842000 0.385000  0.000098 0.000510 0.001132 0.001749 0.000728 0.000709 
486272 backprop 1 102 31 0.842000 0.385000  0.000131 0.000096 0.000259 0.000520 0.000265 0.000186 
486272 backprop 1 102 31 0.842000 0.385000  0.000096 0.000088 0.000243 0.000494 0.000260 0.000144 
486400 backprop 1 102 31 0.842000 0.385000  0.000093 0.000087 0.000242 0.000449 0.000248 0.000134 
486400 backprop 1 102 31 0.842000 0.385000  0.000009 0.000170 0.000071 0.000230 0.000000 0.000009 
486400 backprop 1 102 31 0.842000 0.385000  0.000012 0.000098 0.000048 0.000173 0.000000 0.000007 
486528 backprop 1 102 31 0.842000 0.385000  0.001492 0.000916 0.002147 0.001992 0.001029 0.000591 
486528 backprop 1 102 31 0.842000 0.386000  0.000089 0.000084 0.000235 0.000446 0.000240 0.000130 
486528 backprop 1 102 31 0.842000 0.385000  0.000090 0.000083 0.000234 0.000440 0.000249 0.000133 
486656 backprop 1 102 31 0.842000 0.386000  0.000089 0.000083 0.000233 0.000441 0.000241 0.000129 
486656 backprop 1 102 31 0.842000 0.385000  0.000089 0.000083 0.000232 0.000435 0.000238 0.000129 
486656 backprop 1 102 31 0.842000 0.385000  0.000090 0.000087 0.000250 0.000511 0.000265 0.000146 
486784 backprop 1 102 31 0.842000 0.385000  0.000088 0.000083 0.000230 0.000430 0.000248 0.000135 
486784 backprop 1 102 31 0.842000 0.385000  0.000089 0.000082 0.000229 0.000436 0.000236 0.000132 
486784 backprop 1 102 31 0.842000 0.386000  0.000089 0.000082 0.000229 0.000432 0.000235 0.000127 
486912 backprop 1 102 31 0.842000 0.386000  0.000088 0.000081 0.000228 0.000430 0.000232 0.000132 
486912 backprop 1 102 31 0.842000 0.385000  0.000086 0.000081 0.000226 0.000431 0.000232 0.000129 
486912 backprop 1 102 31 0.842000 0.386000  0.000087 0.000080 0.000226 0.000430 0.000232 0.000125 
486912 backprop 1 102 31 0.842000 0.386000  0.000088 0.000085 0.000232 0.000496 0.000256 0.000133 
487040 backprop 1 102 31 0.842000 0.386000  0.000090 0.000081 0.000225 0.001194 0.000499 0.000229 
487040 backprop 1 102 31 0.842000 0.385000  0.000087 0.000079 0.000221 0.000000 0.000000 0.000000 
487168 backprop 1 102 31 0.842000 0.385000  0.000060 0.000055 0.000184 0.000372 0.000183 0.000093 
487168 backprop 1 102 31 0.842000 0.385000  0.000084 0.000078 0.000219 0.000415 0.000261 0.000142 
487296 backprop 1 102 31 0.842000 0.385000  0.000084 0.000078 0.000218 0.000414 0.000224 0.000120 
487296 backprop 1 102 31 0.842000 0.385000  0.000086 0.000080 0.000221 0.000446 0.000236 0.000124 
487296 backprop 1 102 31 0.842000 0.385000  0.000083 0.000077 0.000215 0.000418 0.000221 0.000119 
487424 backprop 1 102 31 0.842000 0.385000  0.000083 0.000076 0.000214 0.000400 0.000219 0.000118 
487424 backprop 1 102 31 0.842000 0.385000  0.000086 0.000082 0.000225 0.000463 0.000231 0.000121 
487424 backprop 1 102 31 0.842000 0.385000  0.000085 0.000076 0.000212 0.000409 0.000218 0.000117 
487552 backprop 1 102 31 0.842000 0.385000  0.000135 0.000088 0.000231 0.000457 0.000235 0.000123 
487552 backprop 1 102 31 0.842000 0.385000  0.000021 0.000020 0.000057 0.000110 0.000072 0.000035 
487680 backprop 1 102 31 0.842000 0.386000  0.000080 0.000074 0.000228 0.000441 0.000228 0.000120 
487680 backprop 1 102 31 0.842000 0.385000  0.000081 0.000075 0.000208 0.000396 0.000211 0.000115 
487680 backprop 1 102 31 0.842000 0.385000  0.000080 0.000074 0.000207 0.000390 0.000212 0.000115 
487808 backprop 1 102 31 0.842000 0.386000  0.000079 0.000074 0.000206 0.000386 0.000211 0.000114 
487808 backprop 1 102 31 0.842000 0.385000  0.000081 0.000074 0.000205 0.000389 0.000213 0.000114 
487808 backprop 1 102 31 0.842000 0.385000  0.000081 0.000074 0.000206 0.000389 0.000212 0.000114 
487936 backprop 1 102 31 0.842000 0.385000  0.402343 0.177665 0.457435 0.402402 0.162241 0.045645 
487936 backprop 1 102 31 0.842000 0.385000  0.000053 0.000049 0.000139 0.000295 0.000150 0.000079 
488064 backprop 1 102 31 0.842000 0.385000  0.000053 0.000049 0.000138 0.000260 0.000140 0.000076 
488064 backprop 1 102 31 0.842000 0.385000  0.000056 0.000049 0.000138 0.000273 0.000142 0.000078 
488064 backprop 1 102 31 0.842000 0.308000  0.000013 0.000013 0.000037 0.000070 0.000046 0.000023 
488192 backprop 1 102 31 0.842000 0.386000  0.000077 0.000072 0.000203 0.000379 0.000208 0.000112 
488192 backprop 1 102 31 0.842000 0.385000  0.000250 0.000117 0.000263 0.000649 0.000263 0.000114 
488320 backprop 1 102 31 0.842000 0.385000  0.000167 0.000110 0.000252 0.000599 0.000254 0.000112 
488320 backprop 1 102 31 0.842000 0.386000  0.000229 0.000107 0.000249 0.000605 0.000246 0.000110 
488320 backprop 1 102 31 0.842000 0.386000  0.000072 0.000102 0.000257 0.000620 0.000245 0.000110 
488448 backprop 1 102 31 0.842000 0.386000  0.000221 0.000113 0.000241 0.000614 0.000246 0.000111 
488448 backprop 1 102 31 0.842000 0.385000  0.000211 0.000101 0.000221 0.000515 0.000214 0.000099 
488448 backprop 1 102 31 0.842000 0.308000  0.000058 0.000056 0.000149 0.000304 0.000157 0.000094 
488576 backprop 1 102 31 0.842000 0.385000  0.000055 0.000049 0.000467 0.001071 0.000384 0.000161 
488576 backprop 1 102 31 0.842000 0.385000  0.000267 0.000161 0.000347 0.000767 0.000305 0.000135 
488704 backprop 1 102 31 0.842000 0.386000  0.000253 0.000095 0.000228 0.000723 0.000335 0.000146 
488704 backprop 1 102 31 0.842000 0.385000  0.000096 0.000076 0.000213 0.000452 0.000227 0.000115 
488704 backprop 1 102 31 0.842000 0.386000  0.000072 0.000068 0.000202 0.000515 0.000243 0.000122 
488832 backprop 1 102 31 0.842000 0.385000  0.000109 0.000074 0.000200 0.000394 0.000203 0.000107 
488832 backprop 1 102 31 0.842000 0.385000  0.000073 0.000067 0.000188 0.000355 0.000193 0.000104 
488832 backprop 1 102 31 0.842000 0.385000  0.000113 0.000074 0.000210 0.000462 0.000218 0.000112 
488960 backprop 1 102 31 0.842000 0.385000  0.000071 0.000067 0.000187 0.000386 0.000200 0.000106 
488960 backprop 1 102 31 0.842000 0.385000  0.000072 0.000066 0.000186 0.000353 0.000191 0.000105 
488960 backprop 1 102 31 0.842000 0.385000  0.000070 0.000066 0.000186 0.000349 0.000190 0.000103 
489088 backprop 1 102 31 0.842000 0.386000  0.000072 0.000066 0.000185 0.000351 0.000190 0.000102 
489088 backprop 1 102 31 0.842000 0.385000  0.000072 0.000072 0.000195 0.000382 0.000198 0.000105 
489088 backprop 1 102 31 0.842000 0.385000  0.000071 0.000068 0.000187 0.001034 0.000462 0.000199 
489216 backprop 1 102 31 0.842000 0.385000  0.000280 0.000152 0.000342 0.000648 0.000300 0.000142 
489216 backprop 1 102 31 0.842000 0.385000  0.000088 0.000074 0.000208 0.000420 0.000215 0.000110 
489216 backprop 1 102 31 0.842000 0.386000  0.000070 0.000065 0.000181 0.000346 0.000196 0.000103 
489344 backprop 1 102 31 0.842000 0.385000  0.000073 0.000065 0.000181 0.000358 0.000186 0.000100 
489344 backprop 1 102 31 0.842000 0.308000  0.005034 0.001562 0.003281 0.005573 0.002171 0.000878 
489344 backprop 1 102 31 0.842000 0.385000  0.000018 0.000017 0.000048 0.000091 0.000062 0.000030 
489472 backprop 1 102 31 0.842000 0.385000  0.000069 0.000064 0.000240 0.000496 0.000236 0.000120 
489472 backprop 1 102 31 0.842000 0.385000  0.000070 0.000064 0.000178 0.000340 0.000183 0.000098 
489600 backprop 1 102 31 0.842000 0.385000  0.000070 0.000063 0.000348 0.000748 0.000320 0.000153 
489600 backprop 1 102 31 0.842000 0.385000  0.000069 0.000063 0.000177 0.000331 0.000300 0.000149 
489600 backprop 1 102 31 0.842000 0.385000  0.000085 0.000065 0.000179 0.000353 0.000185 0.000098 
489728 backprop 1 102 31 0.842000 0.308000  0.000075 0.000066 0.000182 0.000472 0.000252 0.000136 
489728 backprop 1 102 31 0.842000 0.385000  0.000070 0.000062 0.000174 0.000333 0.000178 0.000105 
489728 backprop 1 102 31 0.842000 0.386000  0.000150 0.000095 0.125629 0.371593 0.000032 0.010142 
489856 backprop 1 102 31 0.842000 0.385000  0.000060 0.000476 0.000251 0.000528 0.000000 0.000023 
489856 backprop 1 102 31 0.842000 0.308000  0.000012 0.000065 0.000037 0.000117 0.000000 0.000007 
489984 backprop 1 102 31 0.842000 0.385000  0.000008 0.000068 0.000061 0.000267 0.000000 0.000012 
489984 backprop 1 102 31 0.842000 0.385000  0.000068 0.000050 0.000145 0.000290 0.000146 0.000075 
490112 backprop 1 102 31 0.842000 0.385000  0.000049 0.000091 0.000218 0.000418 0.000193 0.000096 
490112 backprop 1 102 31 0.842000 0.385000  0.000049 0.000045 0.000127 0.000236 0.000129 0.000070 
490240 backprop 1 102 31 0.842000 0.386000  0.000072 0.000049 0.000141 0.000289 0.000146 0.000074 
490240 backprop 1 102 31 0.842000 0.386000  0.000049 0.000045 0.000134 0.000260 0.000138 0.000075 
490240 backprop 1 102 31 0.842000 0.385000  0.000090 0.000113 0.000241 0.000563 0.000232 0.000103 
490368 backprop 1 102 31 0.842000 0.385000  0.000501 0.000123 0.000263 0.000691 0.000249 0.000109 
490368 backprop 1 102 31 0.842000 0.386000  0.000050 0.000132 0.000314 0.000643 0.000255 0.000119 
490496 backprop 1 102 31 0.842000 0.385000  0.000064 0.000071 0.000186 0.000402 0.000192 0.000096 
490496 backprop 1 102 31 0.842000 0.385000  0.000062 0.000113 0.000271 0.000503 0.000257 0.000125 
490496 backprop 1 102 31 0.842000 0.386000  0.000064 0.000057 0.000161 0.000304 0.000164 0.000089 
490624 backprop 1 102 31 0.842000 0.385000  0.000072 0.000059 0.000163 0.000320 0.000167 0.000089 
490624 backprop 1 102 31 0.842000 0.386000  0.000065 0.000060 0.000164 0.000320 0.000168 0.000090 
490752 backprop 1 102 31 0.842000 0.385000  0.000065 0.000060 0.000165 0.000312 0.000175 0.000111 
490752 backprop 1 102 31 0.842000 0.385000  0.000060 0.000056 0.000158 0.000294 0.000262 0.000127 
490752 backprop 1 102 31 0.842000 0.385000  0.000060 0.000056 0.000165 0.000320 0.000169 0.000089 
490880 backprop 1 102 31 0.842000 0.385000  0.000061 0.000056 0.000167 0.000327 0.000172 0.000090 
490880 backprop 1 102 31 0.842000 0.385000  0.000061 0.000056 0.000156 0.000298 0.000161 0.000087 
490880 backprop 1 102 31 0.842000 0.386000  0.000061 0.000155 0.000349 0.000766 0.000303 0.000140 
491008 backprop 1 102 31 0.842000 0.385000  0.000016 0.000015 0.000042 0.000080 0.000054 0.000026 
491008 backprop 1 102 31 0.842000 0.385000  0.000060 0.000059 0.000266 0.000525 0.000237 0.000119 
491136 backprop 1 102 31 0.842000 0.385000  0.000061 0.000055 0.000154 0.000294 0.000234 0.000115 
491136 backprop 1 102 31 0.842000 0.385000  0.000094 0.000059 0.000162 0.000327 0.000166 0.000087 
491264 backprop 1 102 31 0.842000 0.386000  0.000059 0.000106 0.000257 0.000459 0.000227 0.000114 
491264 backprop 1 102 31 0.842000 0.386000  0.000059 0.000054 0.000152 0.000289 0.000156 0.000084 
491264 backprop 1 102 31 0.842000 0.385000  0.000058 0.000054 0.000152 0.000287 0.000155 0.000084 
491392 backprop 1 102 31 0.842000 0.385000  0.000058 0.000054 0.000151 0.000294 0.000154 0.000084 
491392 backprop 1 102 31 0.842000 0.308000  0.000058 0.000054 0.000151 0.000289 0.000155 0.000083 
491392 backprop 1 102 31 0.842000 0.385000  0.000016 0.000014 0.000041 0.000079 0.000051 0.000025 
491520 backprop 1 102 31 0.842000 0.386000  0.000073 0.000062 0.000166 0.000376 0.000183 0.000092 
491520 backprop 1 102 31 0.842000 0.385000  0.000169 0.000070 0.000187 0.000636 0.000260 0.000123 
491648 backprop 1 102 31 0.842000 0.386000  0.000061 0.000053 0.000148 0.000293 0.000151 0.000082 
491648 backprop 1 102 31 0.842000 0.385000  0.000057 0.000053 0.000148 0.000276 0.000152 0.000082 
491648 backprop 1 102 31 0.842000 0.385000  0.000059 0.000053 0.000148 0.000296 0.000156 0.000083 
491776 backprop 1 102 31 0.842000 0.385000  0.000056 0.000052 0.000147 0.000271 0.000224 0.000111 
491776 backprop 1 102 31 0.842000 0.385000  0.000058 0.000052 0.000146 0.000275 0.000151 0.000091 
491904 backprop 1 102 31 0.842000 0.385000  0.000056 0.000052 0.000146 0.000271 0.000148 0.000080 
491904 backprop 1 102 31 0.842000 0.385000  0.250202 0.119744 0.323213 0.250245 0.103225 0.024573 
492032 backprop 1 102 31 0.842000 0.385000  0.000056 0.000053 0.000148 0.000311 0.000157 0.000082 
492032 backprop 1 102 31 0.842000 0.308000  0.000062 0.000056 0.000162 0.000331 0.000167 0.000091 
492032 backprop 1 102 31 0.842000 0.308000  0.000065 0.000054 0.000147 0.000478 0.000215 0.000106 
492160 backprop 1 102 31 0.842000 0.385000  0.258191 0.122647 0.328915 0.258350 0.106534 0.026457 
492160 backprop 1 102 31 0.842000 0.385000  0.000165 0.000071 0.000188 0.000451 0.000188 0.000086 
492288 backprop 1 102 31 0.842000 0.385000  0.000057 0.000051 0.000143 0.000317 0.000162 0.000087 
492288 backprop 1 102 31 0.842000 0.385000  0.000070 0.000060 0.000160 0.000330 0.000160 0.000087 
492288 backprop 1 102 31 0.842000 0.308000  0.000057 0.000051 0.000151 0.000311 0.000156 0.000084 
492416 backprop 1 102 31 0.842000 0.308000  0.000057 0.000051 0.000142 0.000346 0.000160 0.000088 
492416 backprop 1 102 31 0.842000 0.308000  0.000064 0.000054 0.000148 0.000323 0.000164 0.000085 
492544 backprop 1 102 31 0.842000 0.308000  0.000057 0.000051 0.000142 0.000271 0.000147 0.000078 
492544 backprop 1 102 31 0.842000 0.308000  0.000066 0.000053 0.000150 0.000319 0.000160 0.000084 
492544 backprop 1 102 31 0.842000 0.308000  0.000058 0.000053 0.000190 0.000405 0.000201 0.000099 
492672 backprop 1 102 31 0.842000 0.385000  0.000063 0.000052 0.000144 0.000276 0.000151 0.000080 
492672 backprop 1 102 31 0.842000 0.308000  0.000055 0.000052 0.000152 0.000568 0.000236 0.000108 
492672 backprop 1 102 31 0.842000 0.385000  0.000122 0.000065 0.000172 0.000390 0.000189 0.000093 
492800 backprop 1 102 31 0.842000 0.308000  0.000054 0.000050 0.000140 0.000265 0.000143 0.000123 
492800 backprop 1 102 31 0.842000 0.385000  0.000053 0.000050 0.000147 0.000297 0.000150 0.000079 
492800 backprop 1 102 31 0.842000 0.386000  0.000054 0.000050 0.000139 0.000261 0.000144 0.000077 
492928 backprop 1 102 31 0.842000 0.386000  0.034706 0.011033 0.023947 0.034858 0.012686 0.005677 
492928 backprop 1 102 31 0.842000 0.308000  0.000038 0.000038 0.000193 0.000731 0.000320 0.000153 
492928 backprop 1 102 31 0.842000 0.386000  0.168737 0.059969 0.143307 0.168900 0.059648 0.027424 
493056 backprop 1 102 31 0.842000 0.385000  0.000041 0.000037 0.000104 0.000199 0.000107 0.000057 
493056 backprop 1 102 31 0.842000 0.308000  0.000060 0.000053 0.000212 0.000961 0.000362 0.000156 
493056 backprop 1 102 31 0.842000 0.385000  0.000055 0.000049 0.000138 0.000314 0.000153 0.000082 
493184 backprop 1 102 31 0.842000 0.308000  0.000357 0.000174 0.000357 0.000698 0.000303 0.000145 
493184 backprop 1 102 31 0.842000 0.308000  0.000067 0.000051 0.000140 0.000317 0.000157 0.000102 
493312 backprop 1 102 31 0.842000 0.308000  0.000131 0.000088 0.000207 0.000498 0.000232 0.000125 
493312 backprop 1 102 31 0.842000 0.308000  0.000207 0.000099 0.000235 0.000466 0.000231 0.000112 
493312 backprop 1 102 31 0.842000 0.385000  0.000053 0.000049 0.000136 0.000260 0.000139 0.000075 
493440 backprop 1 102 31 0.842000 0.308000  0.000040 0.000035 0.000098 0.000188 0.000101 0.000078 
493440 backprop 1 102 31 0.842000 0.308000  0.000036 0.000035 0.000098 0.000181 0.000099 0.000054 
493440 backprop 1 102 31 0.842000 0.308000  0.000039 0.000037 0.000101 0.000252 0.000128 0.000068 
493440 backprop 1 102 31 0.842000 0.386000  0.000052 0.000050 0.000146 0.000300 0.000161 0.000081 
493568 backprop 1 102 31 0.842000 0.308000  0.000053 0.000051 0.000140 0.000287 0.000150 0.000078 
493568 backprop 1 102 31 0.842000 0.308000  0.000090 0.000056 0.000160 0.000347 0.000168 0.000083 
493696 backprop 1 102 31 0.842000 0.385000  0.000082 0.000057 0.000150 0.000296 0.000153 0.000080 
493696 backprop 1 102 31 0.842000 0.308000  0.000059 0.000051 0.000139 0.000270 0.000147 0.000078 
493696 backprop 1 102 31 0.842000 0.385000  0.000057 0.000102 0.000250 0.000502 0.000232 0.000107 
493824 backprop 1 102 31 0.842000 0.385000  0.004129 0.001224 0.002475 0.004362 0.001650 0.000685 
493824 backprop 1 102 31 0.842000 0.385000  0.000054 0.000047 0.000132 0.000259 0.000137 0.000073 
493824 backprop 1 102 31 0.842000 0.308000  0.000062 0.000140 0.000338 0.000709 0.000295 0.000133 
493952 backprop 1 102 31 0.842000 0.308000  0.000088 0.000059 0.000152 0.000310 0.000156 0.000080 
493952 backprop 1 102 31 0.842000 0.386000  0.000022 0.000104 0.000049 0.000151 0.000000 0.000007 
493952 backprop 1 102 31 0.842000 0.308000  0.045288 0.016148 0.037450 0.045447 0.016156 0.008895 
494080 backprop 1 102 31 0.842000 0.308000  0.000009 0.000090 0.000041 0.000196 0.000000 0.000008 
494080 backprop 1 102 31 0.842000 0.308000  0.014963 0.005300 0.011790 0.015169 0.005980 0.002466 
494208 backprop 1 102 31 0.842000 0.308000  0.000051 0.000050 0.000136 0.000290 0.000141 0.000073 
494208 backprop 1 102 31 0.842000 0.385000  0.000058 0.000047 0.000134 0.000267 0.000142 0.000076 
494208 backprop 1 102 31 0.842000 0.385000  0.000036 0.000034 0.000093 0.000175 0.000097 0.000052 
494336 backprop 1 102 31 0.842000 0.385000  0.000039 0.000033 0.000093 0.000185 0.000096 0.000052 
494336 backprop 1 102 31 0.842000 0.308000  0.000052 0.000048 0.000133 0.000265 0.000154 0.000078 
494336 backprop 1 102 31 0.842000 0.308000  0.000049 0.000046 0.000127 0.000244 0.000130 0.000092 
494464 backprop 1 102 31 0.842000 0.385000  0.000055 0.000061 0.000156 0.000329 0.000159 0.000083 
494464 backprop 1 102 31 0.842000 0.308000  0.000008 0.000044 0.000033 0.000108 0.000000 0.000006 
494592 backprop 1 102 31 0.842000 0.308000  0.000049 0.000045 0.000130 0.000255 0.000134 0.000074 
494592 backprop 1 102 31 0.842000 0.385000  0.000009 0.000088 0.000040 0.000138 0.000000 0.000006 
494592 backprop 1 102 31 0.842000 0.308000  0.000007 0.000041 0.000028 0.000087 0.000000 0.000011 
494720 backprop 1 102 31 0.842000 0.385000  0.009954 0.003841 0.008174 0.010221 0.004288 0.001926 
494720 backprop 1 102 31 0.842000 0.308000  0.000048 0.000044 0.000220 0.000459 0.000232 0.000107 
494848 backprop 1 102 31 0.842000 0.308000  0.000053 0.000048 0.000134 0.000260 0.000137 0.000073 
494848 backprop 1 102 31 0.842000 0.385000  0.000050 0.000054 0.000140 0.000277 0.000139 0.000073 
494848 backprop 1 102 31 0.842000 0.308000  0.000038 0.000035 0.000099 0.000190 0.000102 0.000054 
494976 backprop 1 102 31 0.842000 0.385000  0.000058 0.000049 0.000136 0.000264 0.000135 0.000071 
494976 backprop 1 102 31 0.842000 0.308000  0.000002 0.000012 0.000009 0.000025 0.000000 0.000001 
494976 backprop 1 102 31 0.842000 0.386000  0.000049 0.000044 0.000127 0.000261 0.000131 0.000069 
495104 backprop 1 102 31 0.842000 0.385000  0.000039 0.000035 0.000098 0.000210 0.000106 0.000058 
495104 backprop 1 102 31 0.842000 0.308000  0.000041 0.000035 0.000098 0.000217 0.000106 0.000057 
495104 backprop 1 102 31 0.842000 0.308000  0.000066 0.000040 0.000106 0.000223 0.000106 0.000062 
495232 backprop 1 102 31 0.842000 0.308000  0.005156 0.015205 0.005656 0.015333 0.000001 0.000339 
495232 backprop 1 102 31 0.842000 0.308000  0.000052 0.000044 0.000137 0.000293 0.000139 0.000071 
495232 backprop 1 102 31 0.842000 0.308000  0.000039 0.000035 0.000166 0.000314 0.000138 0.000070 
495360 backprop 1 102 31 0.842000 0.385000  0.000002 0.000012 0.000009 0.000024 0.000000 0.000001 
495360 backprop 1 102 31 0.842000 0.385000  0.012542 0.003289 0.006347 0.012598 0.004082 0.001648 
495488 backprop 1 102 31 0.842000 0.385000  0.000051 0.000051 0.000132 0.000288 0.000136 0.000070 
495488 backprop 1 102 31 0.842000 0.385000  0.014016 0.004343 0.009174 0.014059 0.004945 0.002190 
495616 backprop 1 102 31 0.842000 0.385000  0.000040 0.000034 0.000096 0.000195 0.000101 0.000054 
495616 backprop 1 102 31 0.842000 0.386000  0.000039 0.000034 0.000095 0.000194 0.000097 0.000054 
495616 backprop 1 102 31 0.842000 0.385000  0.000037 0.000039 0.000113 0.000239 0.000111 0.000057 
495744 backprop 1 102 31 0.842000 0.308000  0.000051 0.000045 0.000365 0.000467 0.000230 0.000136 
495744 backprop 1 102 31 0.842000 0.308000  0.000078 0.000046 0.000126 0.000271 0.000128 0.000067 
495744 backprop 1 102 31 0.842000 0.386000  0.000055 0.000044 0.000127 0.000262 0.000129 0.000068 
495872 backprop 1 102 31 0.842000 0.385000  0.000048 0.000043 0.000122 0.000242 0.000123 0.000066 
495872 backprop 1 102 31 0.842000 0.385000  0.000050 0.000061 0.000154 0.000328 0.000144 0.000078 
496000 backprop 1 102 31 0.842000 0.308000  0.000544 0.000116 0.000264 0.000794 0.000248 0.000106 
496000 backprop 1 102 31 0.842000 0.308000  0.000051 0.000042 0.000120 0.000284 0.000143 0.000072 
496000 backprop 1 102 31 0.842000 0.308000  0.000048 0.000044 0.000122 0.000258 0.000123 0.000066 
496128 backprop 1 102 31 0.842000 0.385000  0.000050 0.000042 0.000118 0.000238 0.000153 0.000076 
496128 backprop 1 102 31 0.842000 0.385000  0.000059 0.000047 0.000132 0.000276 0.000142 0.000072 
496128 backprop 1 102 31 0.842000 0.385000  0.000052 0.000065 0.000158 0.000401 0.008234 0.003621 
496256 backprop 1 102 31 0.842000 0.385000  0.000043 0.000033 0.000093 0.000194 0.000096 0.000051 
496256 backprop 1 102 31 0.842000 0.385000  0.000038 0.000033 0.000093 0.000185 0.000095 0.000051 
496256 backprop 1 102 31 0.842000 0.385000  0.000050 0.000042 0.000116 0.000238 0.000119 0.000064 
496384 backprop 1 102 31 0.842000 0.385000  0.000048 0.000042 0.000116 0.000230 0.000119 0.000064 
496384 backprop 1 102 31 0.842000 0.386000  0.000085 0.000050 0.000176 0.000437 0.000193 0.000092 
496512 backprop 1 102 31 0.842000 0.385000  0.000007 0.000044 0.000027 0.000103 0.000000 0.000005 
496512 backprop 1 102 31 0.842000 0.308000  0.000060 0.000043 0.000118 0.000247 0.000122 0.000065 
496512 backprop 1 102 31 0.842000 0.308000  0.000484 0.001947 0.000631 0.001995 0.000000 0.000041 
496640 backprop 1 102 31 0.842000 0.308000  0.000050 0.000043 0.000118 0.000279 0.000130 0.000068 
496640 backprop 1 102 31 0.842000 0.386000  0.000049 0.000041 0.000128 0.000278 0.000127 0.000102 
496640 backprop 1 102 31 0.842000 0.385000  0.000041 0.000033 0.000092 0.000189 0.000102 0.000053 
496768 backprop 1 102 31 0.842000 0.386000  0.000045 0.000041 0.000114 0.000227 0.000117 0.000063 
496768 backprop 1 102 31 0.842000 0.385000  0.000047 0.000041 0.000114 0.181002 0.084789 0.035957 
496768 backprop 1 102 31 0.842000 0.308000  0.000008 0.000008 0.000022 0.000041 0.000028 0.000014 
496896 backprop 1 102 31 0.842000 0.308000  0.002913 0.009068 0.003381 0.009115 0.000000 0.000215 
496896 backprop 1 102 31 0.842000 0.308000  0.000007 0.000042 0.000027 0.000094 0.000000 0.000005 
497024 backprop 1 102 31 0.842000 0.308000  0.000011 0.000076 0.000039 0.000122 0.000000 0.000007 
497024 backprop 1 102 31 0.842000 0.386000  0.000046 0.000038 0.000099 0.000199 0.000103 0.000052 
497024 backprop 1 102 31 0.842000 0.385000  0.000036 0.000034 0.000094 0.000187 0.000101 0.000053 
497152 backprop 1 102 31 0.842000 0.308000  0.000204 0.000066 0.000156 0.000378 0.000147 0.000071 
497152 backprop 1 102 31 0.842000 0.308000  0.000036 0.000032 0.000298 0.000598 0.000220 0.000100 
497280 backprop 1 102 31 0.842000 0.385000  0.000037 0.000034 0.000120 0.000241 0.000157 0.000076 
497280 backprop 1 102 31 0.842000 0.385000  0.000036 0.000032 0.000089 0.000171 0.000092 0.000049 
497280 backprop 1 102 31 0.842000 0.308000  0.000008 0.000008 0.000022 0.000043 0.000029 0.000014 
497408 backprop 1 102 31 0.842000 0.386000  0.000032 0.000029 0.000081 0.000159 0.000083 0.000045 
497408 backprop 1 102 31 0.842000 0.308000  0.000037 0.000031 0.000085 0.000000 0.000000 0.000000 
497536 backprop 1 102 31 0.842000 0.385000  0.000038 0.000032 0.000089 0.000315 0.000134 0.000067 
497536 backprop 1 102 31 0.842000 0.308000  0.000050 0.000041 0.000165 0.000442 0.000201 0.000091 
497664 backprop 1 102 31 0.842000 0.386000  0.000046 0.000039 0.000113 0.000234 0.000161 0.000077 
497664 backprop 1 102 31 0.842000 0.308000  0.000049 0.000043 0.000116 0.000241 0.000120 0.000063 
497664 backprop 1 102 31 0.842000 0.308000  0.000042 0.000064 0.000140 0.000341 0.000133 0.000061 
497792 backprop 1 102 31 0.842000 0.308000  0.000032 0.000029 0.000083 0.000174 0.000085 0.000045 
497792 backprop 1 102 31 0.842000 0.308000  0.000048 0.000042 0.000116 0.000239 0.000121 0.000064 
497792 backprop 1 102 31 0.842000 0.385000  0.000042 0.000038 0.000107 0.000205 0.000119 0.000062 
497920 backprop 1 102 31 0.842000 0.385000  0.000042 0.000038 0.000107 0.000214 0.000110 0.000062 
497920 backprop 1 102 31 0.842000 0.385000  0.000043 0.000040 0.000111 0.000241 0.000120 0.000063 
497920 backprop 1 102 31 0.842000 0.308000  0.000054 0.000043 0.000117 0.000262 0.000127 0.000089 
498048 backprop 1 102 31 0.842000 0.385000  0.000043 0.000041 0.000112 0.000234 0.000115 0.000061 
498048 backprop 1 102 31 0.842000 0.308000  0.000043 0.000040 0.000115 0.000252 0.000129 0.000066 
498048 backprop 1 102 31 0.842000 0.308000  0.000054 0.000040 0.000110 0.000245 0.000139 0.000071 
498176 backprop 1 102 31 0.842000 0.385000  0.000048 0.000045 0.000118 0.000268 0.000131 0.000066 
498176 backprop 1 102 31 0.842000 0.308000  0.000048 0.000038 0.000106 0.000223 0.000016 0.001552 
498304 backprop 1 102 31 0.842000 0.308000  0.000035 0.000028 0.000079 0.000171 0.000081 0.000043 
498304 backprop 1 102 31 0.842000 0.385000  0.000055 0.000039 0.000113 0.000253 0.000118 0.000063 
498304 backprop 1 102 31 0.842000 0.385000  0.000056 0.000044 0.000128 0.001026 0.000318 0.000133 
498432 backprop 1 102 31 0.842000 0.385000  0.000084 0.000046 0.000119 0.000260 0.000122 0.000063 
498432 backprop 1 102 31 0.842000 0.308000  0.000107 0.000050 0.000129 0.000293 0.000132 0.000066 
498560 backprop 1 102 31 0.842000 0.385000  0.000041 0.000031 0.000086 0.000176 0.000092 0.000048 
498560 backprop 1 102 31 0.842000 0.308000  0.000055 0.000039 0.000108 0.000254 0.000115 0.000060 
498560 backprop 1 102 31 0.842000 0.308000  0.000049 0.000041 0.000114 0.000235 0.000115 0.000064 
498688 backprop 1 102 31 0.842000 0.308000  0.057949 0.017964 0.030483 0.058100 0.014839 0.006150 
498688 backprop 1 102 31 0.842000 0.308000  0.000007 0.000039 0.000026 0.000082 0.000000 0.000005 
498688 backprop 1 102 31 0.842000 0.308000  0.008038 0.002334 0.003592 0.008165 0.001984 0.000779 
498816 backprop 1 102 31 0.842000 0.308000  0.000008 0.000055 0.000033 0.000114 0.000000 0.000005 
498816 backprop 1 102 31 0.842000 0.385000  0.000007 0.000039 0.000026 0.000082 0.000000 0.000005 
498944 backprop 1 102 31 0.842000 0.385000  0.000007 0.000071 0.000038 0.000145 0.000000 0.000007 
498944 backprop 1 102 31 0.842000 0.386000  0.000007 0.000040 0.000026 0.000084 0.000000 0.000005 
498944 backprop 1 102 31 0.842000 0.386000  0.000012 0.000083 0.000046 0.000207 0.000000 0.000009 
499072 backprop 1 102 31 0.842000 0.308000  0.000033 0.000030 0.000083 0.000161 0.000085 0.000046 
499072 backprop 1 102 31 0.842000 0.385000  0.000049 0.000033 0.000087 0.000195 0.000096 0.000049 
499072 backprop 1 102 31 0.842000 0.308000  0.000042 0.000034 0.000093 0.000200 0.000102 0.000053 
499200 backprop 1 102 31 0.842000 0.385000  0.000033 0.000034 0.000092 0.000195 0.000094 0.000050 
499200 backprop 1 102 31 0.842000 0.308000  0.002330 0.005882 0.002446 0.005893 0.000001 0.000165 
499200 backprop 1 102 31 0.842000 0.385000  0.000051 0.000041 0.000109 0.000235 0.000121 0.000061 
499328 backprop 1 102 31 0.842000 0.386000  0.000038 0.000039 0.000106 0.000218 0.000108 0.000057 
499328 backprop 1 102 31 0.842000 0.308000  0.000007 0.000042 0.000028 0.000096 0.000000 0.000005 
499456 backprop 1 102 31 0.842000 0.308000  0.000007 0.000040 0.000030 0.000115 0.000000 0.000005 
499456 backprop 1 102 31 0.842000 0.385000  0.000007 0.000040 0.000052 0.000165 0.000000 0.000007 
499456 backprop 1 102 31 0.842000 0.385000  0.000007 0.000040 0.000025 0.000085 0.000000 0.000005 
499584 backprop 1 102 31 0.842000 0.308000  0.000030 0.000027 0.000075 0.000148 0.000077 0.000042 
499584 backprop 1 102 31 0.842000 0.308000  0.000049 0.000041 0.000109 0.000225 0.000122 0.000061 
499584 backprop 1 102 31 0.842000 0.308000  0.000038 0.000035 0.000098 0.000185 0.000100 0.000054 
499584 backprop 1 102 31 0.842000 0.308000  0.000059 0.000037 0.000103 0.000208 0.000104 0.000055 
499712 backprop 1 102 31 0.842000 0.308000  0.000214 0.000104 0.000239 0.000496 0.000221 0.000099 
499712 backprop 1 102 31 0.842000 0.385000  0.000039 0.000035 0.000097 0.000186 0.000102 0.000054 
499840 backprop 1 102 31 0.842000 0.308000  0.000039 0.000036 0.000100 0.000213 0.000104 0.000055 
499840 backprop 1 102 31 0.842000 0.308000  0.000038 0.000035 0.000097 0.000209 0.000104 0.000055 
499840 backprop 1 102 31 0.842000 0.308000  0.000039 0.000035 0.000097 0.000190 0.000099 0.000056 
499968 backprop 1 102 31 0.842000 0.308000  0.000040 0.000034 0.000097 0.000203 0.000101 0.000054 
499968 backprop 1 102 31 0.842000 0.386000  0.000037 0.000036 0.000100 0.000203 0.000104 0.000057 
499968 backprop 1 102 31 0.842000 0.308000  0.000044 0.000085 0.000256 0.000573 0.000252 0.000138 
500096 backprop 1 102 31 0.842000 0.385000  0.003639 0.013191 0.004100 0.013250 0.000002 0.000226 
500096 backprop 1 102 31 0.842000 0.308000  0.000041 0.000036 0.000100 0.000205 0.000105 0.000055 
500096 backprop 1 102 31 0.842000 0.385000  0.000040 0.000053 0.000129 0.000334 0.000155 0.000083 
500224 backprop 1 102 31 0.842000 0.308000  0.000039 0.000034 0.000096 0.000188 0.000099 0.000053 
500224 backprop 1 102 31 0.842000 0.385000  0.000007 0.000055 0.000036 0.000131 0.000000 0.000007 
500224 backprop 1 102 31 0.842000 0.308000  0.000007 0.000043 0.000029 0.000092 0.000000 0.000005 
500352 backprop 1 102 31 0.842000 0.385000  0.000009 0.000055 0.000030 0.000097 0.000000 0.000005 
500352 backprop 1 102 31 0.842000 0.308000  0.036313 0.010832 0.027335 0.036428 0.009976 0.006753 
500352 backprop 1 102 31 0.842000 0.308000  0.000034 0.000030 0.000080 0.000170 0.000085 0.000043 
500480 backprop 1 102 31 0.842000 0.308000  0.000031 0.000029 0.000080 0.000151 0.000083 0.000044 
500480 backprop 1 102 31 0.842000 0.385000  0.004275 0.002195 0.005017 0.004385 0.002233 0.000998 
500480 backprop 1 102 31 0.842000 0.308000  0.000027 0.000025 0.000072 0.000134 0.000072 0.000039 
500608 backprop 1 102 31 0.842000 0.308000  0.000028 0.000026 0.000072 0.000140 0.000073 0.000040 
500608 backprop 1 102 31 0.842000 0.385000  0.000038 0.000037 0.000100 0.000205 0.000102 0.000054 
500608 backprop 1 102 31 0.842000 0.308000  0.000047 0.000038 0.000106 0.000217 0.000112 0.000057 
500736 backprop 1 102 31 0.842000 0.231000  0.000043 0.000036 0.000099 0.000197 0.000111 0.000057 
500736 backprop 1 102 31 0.842000 0.385000  0.000038 0.000035 0.000097 0.000192 0.000099 0.000053 
500736 backprop 1 102 31 0.842000 0.308000  0.000038 0.000034 0.000094 0.000186 0.000097 0.000054 
500864 backprop 1 102 31 0.842000 0.308000  0.000041 0.000036 0.000100 0.000208 0.000108 0.000056 
500864 backprop 1 102 31 0.842000 0.308000  0.000038 0.000036 0.000097 0.000197 0.000099 0.000053 
500864 backprop 1 102 31 0.842000 0.385000  0.000037 0.000034 0.000094 0.000180 0.000101 0.000054 
500992 backprop 1 102 31 0.842000 0.308000  0.000029 0.000027 0.000095 0.000199 0.000003 0.000344 
500992 backprop 1 102 31 0.842000 0.385000  0.000006 0.000039 0.000024 0.000080 0.000000 0.000004 
500992 backprop 1 102 31 0.842000 0.308000  0.000021 0.000113 0.000057 0.000196 0.000000 0.000008 
501120 backprop 1 102 31 0.842000 0.385000  0.000392 0.001363 0.000528 0.001417 0.000000 0.000035 
501120 backprop 1 102 31 0.842000 0.385000  0.000006 0.000037 0.000025 0.000079 0.000000 0.000004 
501248 backprop 1 102 31 0.842000 0.385000  0.000055 0.000031 0.000083 0.000196 0.000092 0.000045 
501248 backprop 1 102 31 0.842000 0.386000  0.000027 0.000025 0.000070 0.000136 0.000071 0.000039 
501248 backprop 1 102 31 0.842000 0.386000  0.000010 0.000062 0.000038 0.000173 0.000000 0.000007 
501376 backprop 1 102 31 0.842000 0.386000  0.000006 0.000037 0.000024 0.000087 0.000000 0.000005 
501376 backprop 1 102 31 0.842000 0.386000  0.000030 0.000028 0.000078 0.000162 0.000084 0.000044 
501376 backprop 1 102 31 0.842000 0.308000  0.000036 0.000030 0.000085 0.000182 0.000096 0.000049 
501504 backprop 1 102 31 0.842000 0.308000  0.000041 0.000033 0.000096 0.000230 0.000104 0.000053 
501504 backprop 1 102 31 0.842000 0.308000  0.000041 0.000033 0.000093 0.000185 0.000098 0.000052 
501504 backprop 1 102 31 0.842000 0.308000  0.000036 0.000032 0.000091 0.000175 0.000093 0.000050 
501632 backprop 1 102 31 0.842000 0.385000  0.000054 0.000035 0.000096 0.000190 0.000098 0.000055 
501632 backprop 1 102 31 0.842000 0.385000  0.000041 0.000034 0.000100 0.000215 0.000104 0.000054 
