#Timestamp	Benchmark	Run(#)	CPU Frequency (MHz)	CPU Temperature(C)	CPU Voltage(V)	CPU Power(W)	CPU_CYCLES	L1_DATA_CACHE_ACCESS	INSTRUCTIONS_RETIRED	BUS_CYCLES	L1I_CACHE_ACCESS	PREDICTABLE_BRANCH_SPECULATIVELY_EXECUTED
3382784 gaussian 1 403 38 0.842000 0.848000  0.000029 0.000024 0.000068 0.000136 0.000069 0.000037 
3382784 gaussian 1 403 38 0.842000 0.616000  0.000023 0.000019 0.000053 0.000108 0.000060 0.000030 
3382912 gaussian 1 403 38 0.842000 0.539000  0.000005 0.000005 0.000013 0.000026 0.000017 0.000008 
3382912 gaussian 1 403 38 0.842000 0.462000  0.000010 0.000059 0.000040 0.000122 0.000000 0.000008 
3382912 gaussian 1 403 38 0.842000 0.540000  0.000019 0.000017 0.000048 0.000093 0.000049 0.000026 
3382912 gaussian 1 403 38 0.842000 0.694000  0.011566 0.004602 0.010035 0.011678 0.005170 0.002141 
3383040 gaussian 1 403 38 0.842000 0.617000  0.000019 0.000017 0.000047 0.000092 0.000049 0.000026 
3383040 gaussian 1 403 38 0.842000 0.540000  0.000018 0.000024 0.000061 0.000131 0.000059 0.000030 
3383040 gaussian 1 403 38 0.842000 0.771000  0.000004 0.000004 0.000010 0.000020 0.000013 0.000006 
3383040 gaussian 1 403 38 0.842000 0.617000  0.001630 0.000759 0.001685 0.001696 0.000790 0.000386 
3383168 gaussian 1 403 38 0.842000 0.616000  0.000020 0.000018 0.000049 0.000095 0.000053 0.000027 
3383168 gaussian 1 403 38 0.842000 0.693000  0.005964 0.020396 0.006886 0.020462 0.000001 0.000406 
3383168 gaussian 1 403 38 0.842000 0.462000  0.000056 0.000026 0.000078 0.000165 0.000075 0.000805 
3383168 gaussian 1 403 38 0.842000 0.616000  0.000020 0.000015 0.000041 0.000090 0.000046 0.000023 
3383296 gaussian 1 403 38 0.842000 0.463000  0.000022 0.000019 0.000050 0.000099 0.000052 0.000027 
