#Timestamp	Benchmark	Run(#)	CPU Frequency (MHz)	CPU Temperature(C)	CPU Voltage(V)	CPU Power(W)	CPU_CYCLES	L1_DATA_CACHE_ACCESS	INSTRUCTIONS_RETIRED	BUS_CYCLES	L1I_CACHE_ACCESS	PREDICTABLE_BRANCH_SPECULATIVELY_EXECUTED
4754560 srad_v1 1 825 42 0.976000 0.847000  0.000023 0.000020 0.000055 0.000109 0.000057 0.000030 
4754688 srad_v1 1 825 42 0.976000 1.078000  0.000022 0.000020 0.000057 0.000119 0.000061 0.000031 
4754688 srad_v1 1 825 42 0.976000 1.234000  0.000028 0.000021 0.000059 0.000129 0.000067 0.000034 
4754688 srad_v1 1 825 42 0.976000 1.002000  0.000023 0.000021 0.000059 0.000134 0.000067 0.000034 
4754688 srad_v1 1 825 42 0.976000 0.848000  0.000022 0.000019 0.000054 0.000105 0.000056 0.000030 
4754688 srad_v1 1 825 42 0.976000 1.156000  0.000028 0.000022 0.000059 0.000128 0.000065 0.000033 
4754816 srad_v1 1 825 42 0.976000 0.771000  0.000006 0.000005 0.000015 0.000031 0.000020 0.000009 
4754816 srad_v1 1 825 42 0.976000 0.924000  0.000164 0.000120 0.000330 0.000778 0.000373 0.000196 
4754816 srad_v1 1 825 42 0.976000 1.464000  0.000022 0.000019 0.000054 0.000107 0.000057 0.000030 
4754816 srad_v1 1 825 42 0.976000 0.925000  0.000028 0.000022 0.000059 0.000128 0.000062 0.000032 
4754816 srad_v1 1 825 42 0.976000 0.924000  0.000028 0.000022 0.000060 0.000136 0.000067 0.000034 
4754944 srad_v1 1 825 42 0.976000 0.846000  0.000029 0.000022 0.000060 0.000138 0.000064 0.000033 
4754944 srad_v1 1 825 43 0.976000 1.001000  0.000033 0.000025 0.000066 0.000171 0.000069 0.000034 
4754944 srad_v1 1 825 43 0.976000 0.616000  0.000029 0.000020 0.000055 0.000116 0.000058 0.000030 
4754944 srad_v1 1 825 43 0.976000 0.925000  0.000024 0.000025 0.000065 0.000161 0.000072 0.000035 
4754944 srad_v1 1 825 44 0.976000 0.615000  0.000021 0.000053 0.000124 0.000288 0.000105 0.000049 
4754944 srad_v1 1 825 44 0.976000 0.923000  0.000033 0.000021 0.000058 0.000139 0.000065 0.000033 
4755072 srad_v1 1 825 44 0.976000 0.925000  0.000025 0.000021 0.000057 0.000123 0.000063 0.000032 
4755072 srad_v1 1 825 43 0.976000 0.847000  0.000026 0.000021 0.000058 0.000124 0.000065 0.000033 
4755072 srad_v1 1 825 43 0.976000 1.157000  0.000023 0.000020 0.000058 0.000121 0.000063 0.000033 
4755072 srad_v1 1 825 43 0.976000 0.849000  0.000023 0.000019 0.000055 0.000119 0.000057 0.000030 
4755072 srad_v1 1 825 43 0.976000 1.157000  0.000026 0.000021 0.000059 0.000125 0.000064 0.000033 
4755200 srad_v1 1 825 42 0.976000 1.156000  0.000028 0.000022 0.000058 0.000125 0.000065 0.000033 
