#Timestamp	Benchmark	Run(#)	CPU Frequency (MHz)	CPU Temperature(C)	CPU Voltage(V)	CPU Power(W)	CPU_CYCLES	L1_DATA_CACHE_ACCESS	INSTRUCTIONS_RETIRED	BUS_CYCLES	L1I_CACHE_ACCESS	PREDICTABLE_BRANCH_SPECULATIVELY_EXECUTED
6544512 lavaMD 1 1734 51 1.226000 2.928000  0.000026 0.000016 0.000046 0.000113 0.000058 0.000028 
6544640 lavaMD 1 1734 51 1.226000 2.159000  0.000081 0.000059 0.000166 0.000461 0.000186 0.000097 
6544640 lavaMD 1 1734 51 1.226000 2.004000  0.000081 0.000064 0.000176 0.000388 0.000190 0.000099 
6544640 lavaMD 1 1734 50 1.226000 3.083000  0.000077 0.000092 0.000221 0.000582 0.000256 0.000139 
6544640 lavaMD 1 1734 50 1.226000 2.005000  0.000382 0.000098 0.000231 0.000655 0.000287 0.000135 
6544640 lavaMD 1 1734 50 1.226000 2.620000  0.000077 0.000070 0.000182 0.000436 0.000201 0.000100 
6544768 lavaMD 1 1734 50 1.226000 1.078000  0.000065 0.000056 0.000158 0.000330 0.000164 0.000092 
6544768 lavaMD 1 1734 50 1.226000 1.386000  0.000061 0.000056 0.000157 0.000301 0.000161 0.000087 
6544768 lavaMD 1 1734 50 1.226000 1.078000  0.000059 0.000056 0.000157 0.000293 0.000160 0.000087 
6544768 lavaMD 1 1734 50 1.226000 1.155000  0.000085 0.000063 0.000171 0.000376 0.000187 0.000095 
6544768 lavaMD 1 1734 50 1.226000 1.078000  0.000061 0.000055 0.000155 0.000299 0.000159 0.000086 
6544768 lavaMD 1 1734 50 1.226000 1.078000  -0.117634 0.222608 0.499631 -0.117617 0.262426 0.116882 
6544896 lavaMD 1 1734 50 1.226000 1.078000  0.000061 0.000055 0.000154 0.000300 0.000160 0.000085 
6544896 lavaMD 1 1734 50 1.226000 1.078000  0.000058 0.000055 0.000154 0.000407 0.000166 0.000087 
6544896 lavaMD 1 1734 50 1.226000 1.155000  0.000078 0.000059 0.000164 0.000361 0.000181 0.000093 
6544896 lavaMD 1 1734 51 1.226000 1.232000  0.000059 0.000055 0.000153 0.000296 0.000157 0.000084 
6544896 lavaMD 1 1734 51 1.226000 1.155000  0.068590 0.016957 0.037850 0.068669 0.019315 0.008433 
6544896 lavaMD 1 1734 50 1.226000 1.078000  0.000059 0.000054 0.000152 0.000292 0.000155 0.000084 
6545024 lavaMD 1 1734 50 1.226000 1.232000  0.000058 0.000054 0.000152 0.000285 0.000155 0.000084 
6545024 lavaMD 1 1734 50 1.226000 1.925000  0.000072 0.000058 0.000159 0.000345 0.000175 0.000090 
6545024 lavaMD 1 1734 50 1.226000 1.309000  0.000061 0.000054 0.000150 0.000292 0.000154 0.000083 
6545024 lavaMD 1 1734 51 1.226000 1.078000  0.074239 0.018854 0.041852 0.074316 0.021256 0.009351 
6545024 lavaMD 1 1734 51 1.226000 1.078000  0.000059 0.000054 0.000150 0.000292 0.000156 0.000083 
6545024 lavaMD 1 1734 50 1.226000 1.078000  0.000059 0.000053 0.000149 0.000281 0.000154 0.000083 
6545152 lavaMD 1 1734 50 1.226000 1.078000  0.075662 0.019122 0.042359 0.075779 0.021625 0.009491 
6545152 lavaMD 1 1734 51 1.226000 1.078000  0.000074 0.000058 0.000164 0.000355 0.000176 0.000090 
6545152 lavaMD 1 1734 51 1.226000 1.078000  0.000061 0.000076 0.000229 0.000604 0.000217 0.000115 
6545152 lavaMD 1 1734 50 1.226000 1.155000  0.000060 0.000052 0.000211 0.000557 0.000203 0.000099 
6545152 lavaMD 1 1734 50 1.226000 1.232000  0.000057 0.000052 0.000145 0.000284 0.000148 0.000080 
6545280 lavaMD 1 1734 50 1.226000 1.078000  0.000007 0.000042 0.000027 0.000085 0.000000 0.000005 
6545280 lavaMD 1 1734 51 1.226000 1.155000  0.000069 0.000057 0.000155 0.000338 0.000172 0.000088 
6545280 lavaMD 1 1734 51 1.226000 1.155000  0.000067 0.000058 0.000160 0.000349 0.000170 0.000086 
6545280 lavaMD 1 1734 51 1.226000 2.233000  0.000059 0.000051 0.000142 0.000278 0.000146 0.000079 
6545280 lavaMD 1 1734 51 1.226000 1.079000  0.000054 0.000051 0.000142 0.000265 0.000145 0.000078 
6545280 lavaMD 1 1734 50 1.226000 1.155000  0.000054 0.000050 0.000141 0.000270 0.000145 0.000078 
6545408 lavaMD 1 1734 50 1.226000 2.155000  0.000057 0.000050 0.000141 0.000288 0.000144 0.000078 
6545408 lavaMD 1 1734 51 1.226000 2.155000  0.000069 0.000052 0.000146 0.000311 0.000162 0.000083 
6545408 lavaMD 1 1734 51 1.226000 1.078000  0.000056 0.000050 0.000138 0.000272 0.000144 0.000077 
6545408 lavaMD 1 1734 51 1.226000 1.078000  0.000054 0.000049 0.000138 0.000261 0.000141 0.000076 
6545408 lavaMD 1 1734 51 1.226000 1.078000  0.000052 0.000049 0.000137 0.000261 0.000141 0.000076 
6545408 lavaMD 1 1734 51 1.226000 1.078000  0.000054 0.000049 0.000137 0.000263 0.000140 0.000076 
6545536 lavaMD 1 1734 51 1.226000 1.155000  0.000064 0.000052 0.000144 0.000324 0.000158 0.000082 
6545536 lavaMD 1 1734 51 1.226000 1.078000  0.000068 0.000054 0.000147 0.000313 0.000161 0.000084 
6545536 lavaMD 1 1734 51 1.226000 1.078000  0.000052 0.000049 0.000136 0.000259 0.000140 0.000075 
6545536 lavaMD 1 1734 51 1.226000 1.155000  0.000052 0.000048 0.000136 0.000256 0.000139 0.000075 
6545536 lavaMD 1 1734 51 1.226000 1.078000  0.000054 0.000048 0.000135 0.000262 0.000140 0.000075 
6545536 lavaMD 1 1734 51 1.226000 1.078000  0.000051 0.000048 0.000135 0.000254 0.000137 0.000075 
6545664 lavaMD 1 1734 50 1.226000 1.232000  0.000058 0.000051 0.000140 0.000387 0.000182 0.000091 
6545664 lavaMD 1 1734 50 1.226000 1.078000  0.000056 0.000048 0.000135 0.000274 0.000142 0.000075 
6545664 lavaMD 1 1734 50 1.226000 1.154000  0.000055 0.000048 0.000133 0.000264 0.000138 0.000074 
6545664 lavaMD 1 1734 51 1.226000 1.078000  0.111158 0.026187 0.057387 0.111264 0.030251 0.013006 
6545664 lavaMD 1 1734 51 1.226000 1.078000  0.000050 0.000047 0.000133 0.000252 0.000136 0.000074 
6545792 lavaMD 1 1734 51 1.226000 1.925000  0.000071 0.000053 0.000146 0.000319 0.000158 0.000081 
6545792 lavaMD 1 1734 51 1.226000 1.078000  0.000055 0.000047 0.000132 0.000257 0.000136 0.000073 
6545792 lavaMD 1 1734 51 1.226000 1.155000  0.000052 0.000047 0.000131 0.000251 0.000135 0.000073 
6545792 lavaMD 1 1734 51 1.226000 1.155000  0.000049 0.000047 0.000131 0.000245 0.000134 0.000073 
6545792 lavaMD 1 1734 51 1.226000 1.078000  0.000054 0.000047 0.000131 0.000250 0.000135 0.000073 
6545792 lavaMD 1 1734 51 1.226000 1.078000  0.000062 0.000050 0.000142 0.000320 0.000158 0.000080 
6545920 lavaMD 1 1734 51 1.226000 1.155000  0.000054 0.000047 0.000130 0.000255 0.000132 0.000072 
6545920 lavaMD 1 1734 51 1.226000 1.309000  0.000049 0.000046 0.000129 0.000246 0.000134 0.000072 
6545920 lavaMD 1 1734 51 1.226000 1.078000  0.123178 0.029702 0.064861 0.123260 0.033907 0.014751 
