#Timestamp	Benchmark	Run(#)	CPU Frequency (MHz)	CPU Temperature(C)	CPU Voltage(V)	CPU Power(W)	CPU_CYCLES	L1_DATA_CACHE_ACCESS	INSTRUCTIONS_RETIRED	BUS_CYCLES	L1I_CACHE_ACCESS	PREDICTABLE_BRANCH_SPECULATIVELY_EXECUTED
4468992 hybridsort 1 710 40 0.919000 0.924000  0.000072 0.000056 0.000159 0.000328 0.000201 0.000099 
4468992 hybridsort 1 710 40 0.919000 0.308000  0.080700 0.026131 0.059129 0.080758 0.029965 0.013633 
4468992 hybridsort 1 710 40 0.919000 0.924000  0.000051 0.000047 0.000129 0.000248 0.000137 0.000072 
4469120 hybridsort 1 710 40 0.919000 0.617000  0.000055 0.000045 0.000125 0.000243 0.000128 0.000069 
4469120 hybridsort 1 710 40 0.919000 0.617000  0.000054 0.000047 0.000133 0.000271 0.000144 0.000075 
4469120 hybridsort 1 710 40 0.919000 1.002000  0.000053 0.000047 0.000128 0.000251 0.000141 0.000074 
4469120 hybridsort 1 710 40 0.919000 0.694000  0.000058 0.000050 0.000138 0.000279 0.000142 0.000073 
4469120 hybridsort 1 710 40 0.919000 1.002000  0.000051 0.000046 0.000165 0.000337 0.000190 0.000094 
4469248 hybridsort 1 710 40 0.919000 0.694000  0.087162 0.381035 0.106667 0.381800 0.000037 0.006380 
4469248 hybridsort 1 710 40 0.919000 0.847000  0.000063 0.000365 0.000247 0.000761 0.000000 0.000043 
4469248 hybridsort 1 710 40 0.919000 1.003000  0.000013 0.000011 0.000033 0.000067 0.000042 0.000021 
4469248 hybridsort 1 710 40 0.919000 0.926000  0.000049 0.000046 0.000127 0.000247 0.000134 0.000071 
4469248 hybridsort 1 710 40 0.919000 1.002000  0.000050 0.000046 0.000126 0.000254 0.000138 0.000075 
4469248 hybridsort 1 710 40 0.919000 0.694000  0.000058 0.000050 0.000137 0.000293 0.000158 0.000078 
4469376 hybridsort 1 710 40 0.919000 0.926000  0.000065 0.000049 0.000134 0.000289 0.000150 0.000076 
4469376 hybridsort 1 710 40 0.919000 0.693000  0.000049 0.000043 0.000121 0.000232 0.000123 0.000067 
4469376 hybridsort 1 710 40 0.919000 0.926000  0.000023 0.000020 0.000072 0.000160 0.000074 0.000041 
4469376 hybridsort 1 710 40 0.919000 0.616000  0.000022 0.000020 0.000056 0.000109 0.000063 0.000033 
4469376 hybridsort 1 710 40 0.919000 0.926000  0.000022 0.000030 0.000072 0.000176 0.000084 0.000041 
4469504 hybridsort 1 710 40 0.919000 1.002000  0.000053 0.000046 0.000127 0.000270 0.000141 0.000073 
4469504 hybridsort 1 710 40 0.919000 0.772000  0.000048 0.000043 0.000120 0.000230 0.000123 0.000066 
4469504 hybridsort 1 710 40 0.919000 0.924000  0.000050 0.000045 0.000125 0.000238 0.000131 0.000069 
4469504 hybridsort 1 710 40 0.919000 0.616000  0.000047 0.000043 0.000120 0.000228 0.000124 0.000066 
4469504 hybridsort 1 710 40 0.919000 0.925000  0.000049 0.000060 0.000152 0.000361 0.000158 0.000077 
4469632 hybridsort 1 710 40 0.919000 0.694000  0.000047 0.000043 0.000119 0.000227 0.000124 0.000066 
4469632 hybridsort 1 710 40 0.919000 0.848000  0.000049 0.000045 0.000123 0.000237 0.000130 0.000069 
4469632 hybridsort 1 710 40 0.919000 0.616000  0.000046 0.000042 0.000118 0.000225 0.000129 0.000068 
4469632 hybridsort 1 710 40 0.919000 0.848000  0.000051 0.000045 0.000126 0.000269 0.000141 0.000073 
4469632 hybridsort 1 710 40 0.919000 0.617000  0.000047 0.000042 0.000120 0.000249 0.000139 0.000070 
4469632 hybridsort 1 710 40 0.919000 0.926000  0.000055 0.000045 0.000125 0.000256 0.000135 0.000071 
4469760 hybridsort 1 710 40 0.919000 1.233000  0.000242 0.000221 0.000607 0.001163 0.000649 0.000341 
4469760 hybridsort 1 710 40 0.919000 0.771000  0.000270 0.000217 0.000609 0.001314 0.000693 0.000354 
4469760 hybridsort 1 710 40 0.919000 1.003000  0.000301 0.000229 0.000624 0.001355 0.000694 0.000353 
4469760 hybridsort 1 710 40 0.919000 0.694000  0.000221 0.000198 0.000558 0.001069 0.000570 0.000308 
4469760 hybridsort 1 710 40 0.919000 0.925000  0.073086 0.272706 0.084646 0.272999 0.000025 0.005247 
4469888 hybridsort 1 710 40 0.919000 0.617000  0.000317 0.000210 0.000582 0.001204 0.000600 0.000328 
4469888 hybridsort 1 710 40 0.919000 1.002000  0.000264 0.000204 0.000565 0.001205 0.000634 0.000324 
4469888 hybridsort 1 710 40 0.919000 0.848000  0.000208 0.000185 0.000514 0.000999 0.000534 0.000285 
4469888 hybridsort 1 710 40 0.919000 0.847000  0.000233 0.000192 0.000536 0.001146 0.000588 0.000300 
4469888 hybridsort 1 710 40 0.919000 0.616000  0.000192 0.000180 0.000501 0.001026 0.000529 0.000278 
4470016 hybridsort 1 710 40 0.919000 0.848000  0.000200 0.000185 0.000507 0.000977 0.000581 0.000298 
4470016 hybridsort 1 710 40 0.919000 0.462000  0.000272 0.000183 0.000501 0.001021 0.000515 0.000272 
4470016 hybridsort 1 710 40 0.919000 0.693000  0.000254 0.000192 0.000526 0.001168 0.000589 0.000300 
4470016 hybridsort 1 710 40 0.919000 0.847000  0.000222 0.000197 0.000544 0.001238 0.000599 0.000304 
4470016 hybridsort 1 710 41 0.919000 0.924000  0.000236 0.000191 0.000525 0.001127 0.000580 0.000296 
4470016 hybridsort 1 710 41 0.919000 0.693000  0.000353 0.000199 0.000521 0.001061 0.000521 0.000272 
4470144 hybridsort 1 710 41 0.919000 0.462000  0.000175 0.000164 0.000459 0.000891 0.000469 0.000254 
4470144 hybridsort 1 710 41 0.919000 0.847000  0.000229 0.000191 0.000502 0.001063 0.000560 0.000282 
4470144 hybridsort 1 710 41 0.919000 0.770000  0.000174 0.000161 0.000450 0.000850 0.000462 0.000248 
4470144 hybridsort 1 710 40 0.919000 0.385000  0.000167 0.000160 0.000446 0.000831 0.000460 0.000247 
4470144 hybridsort 1 710 40 0.919000 0.539000  0.107232 0.403755 0.122669 0.404079 0.000066 0.008069 
4470272 hybridsort 1 710 41 0.919000 0.693000  0.000181 0.000158 0.000442 0.000918 0.000470 0.000248 
4470272 hybridsort 1 710 41 0.919000 1.078000  0.000057 0.000042 0.000119 0.000253 0.000152 0.000074 
4470272 hybridsort 1 710 41 0.919000 0.770000  0.000199 0.000156 0.000436 0.000877 0.000452 0.000241 
4470272 hybridsort 1 710 41 0.919000 0.693000  0.000198 0.000173 0.000467 0.000976 0.000517 0.000266 
4470272 hybridsort 1 710 41 0.919000 0.539000  0.000331 0.000190 0.000494 0.001085 0.000489 0.000251 
4470400 hybridsort 1 710 41 0.919000 0.462000  0.000216 0.000171 0.000461 0.001004 0.000503 0.000257 
4470400 hybridsort 1 710 41 0.919000 0.462000  0.000172 0.000149 0.000419 0.000812 0.000428 0.000232 
4470400 hybridsort 1 710 41 0.919000 0.770000  0.082276 0.030460 0.066828 0.082301 0.029959 0.014981 
4470400 hybridsort 1 710 41 0.919000 0.847000  0.000021 0.000018 0.000049 0.000098 0.000051 0.000027 
4470400 hybridsort 1 710 41 0.919000 0.693000  0.000040 0.000039 0.000113 0.000220 0.000145 0.000070 
4470400 hybridsort 1 710 41 0.919000 0.462000  0.000167 0.000149 0.000414 0.000792 0.000431 0.000230 
4470528 hybridsort 1 710 41 0.919000 0.385000  0.000156 0.000149 0.000413 0.000775 0.000429 0.000229 
4470528 hybridsort 1 710 41 0.919000 0.462000  0.000212 0.000157 0.000450 0.001163 0.000503 0.000254 
4470528 hybridsort 1 710 41 0.919000 1.002000  0.000168 0.000146 0.000405 0.000823 0.000418 0.000224 
4470528 hybridsort 1 710 41 0.919000 0.847000  0.000176 0.000155 0.000423 0.000861 0.000445 0.000235 
4470528 hybridsort 1 710 41 0.919000 0.539000  0.000156 0.000143 0.000400 0.000760 0.000411 0.000221 
4470656 hybridsort 1 710 41 0.919000 0.770000  0.000172 0.000150 0.000411 0.000840 0.000430 0.000230 
4470656 hybridsort 1 710 41 0.919000 0.462000  0.000162 0.000141 0.000393 0.000785 0.000405 0.000218 
4470656 hybridsort 1 710 41 0.919000 0.462000  0.000201 0.000158 0.000433 0.000924 0.000450 0.000234 
4470656 hybridsort 1 710 41 0.919000 0.693000  0.000021 0.000027 0.000067 0.000179 0.000079 0.000042 
4470656 hybridsort 1 710 41 0.919000 0.462000  0.000143 0.000135 0.000378 0.000708 0.000392 0.000210 
4470784 hybridsort 1 710 41 0.919000 0.462000  0.000142 0.000135 0.000377 0.000701 0.000388 0.000209 
4470784 hybridsort 1 710 41 0.919000 0.462000  0.000140 0.000134 0.000374 0.000703 0.000386 0.000207 
4470784 hybridsort 1 710 41 0.919000 0.462000  0.000154 0.000143 0.000388 0.000739 0.000420 0.000219 
4470784 hybridsort 1 710 41 0.919000 0.539000  0.000188 0.000143 0.000398 0.000957 0.000434 0.000226 
4470784 hybridsort 1 710 41 0.919000 1.233000  0.000146 0.000131 0.000365 0.000712 0.000376 0.000203 
4470784 hybridsort 1 710 41 0.919000 0.693000  0.000173 0.000142 0.000398 0.000862 0.000445 0.000227 
4470912 hybridsort 1 710 41 0.919000 0.924000  0.000154 0.000140 0.000389 0.000820 0.000416 0.000218 
4470912 hybridsort 1 710 41 0.919000 0.693000  0.000147 0.000197 0.000479 0.000972 0.000555 0.000272 
4470912 hybridsort 1 710 41 0.919000 0.693000  0.000138 0.000126 0.000351 0.000664 0.000364 0.000194 
4470912 hybridsort 1 710 41 0.919000 0.616000  0.000153 0.000131 0.000371 0.000785 0.000407 0.000211 
4470912 hybridsort 1 710 41 0.919000 0.385000  0.000133 0.000124 0.000347 0.000652 0.000355 0.000192 
4471040 hybridsort 1 710 41 0.919000 0.462000  0.000132 0.000124 0.000345 0.000651 0.000356 0.000191 
4471040 hybridsort 1 710 41 0.919000 0.462000  0.000130 0.000123 0.000344 0.000650 0.000355 0.000190 
4471040 hybridsort 1 710 41 0.919000 0.462000  0.000132 0.000122 0.000342 0.000672 0.000360 0.000194 
4471040 hybridsort 1 710 41 0.919000 0.462000  0.135692 0.541641 0.156453 0.542984 0.000069 0.009729 
4471040 hybridsort 1 710 41 0.919000 0.925000  0.000041 0.000033 0.000092 0.000191 0.000118 0.000057 
