#Timestamp	Benchmark	Run(#)	CPU Frequency (MHz)	CPU Temperature(C)	CPU Voltage(V)	CPU Power(W)	CPU_CYCLES	L1_DATA_CACHE_ACCESS	INSTRUCTIONS_RETIRED	BUS_CYCLES	L1I_CACHE_ACCESS	PREDICTABLE_BRANCH_SPECULATIVELY_EXECUTED
5687552 srad_v1 1 1224 45 1.072000 0.462000  0.000028 0.000022 0.000064 0.000138 0.000071 0.000037 
5687680 srad_v1 1 1224 45 1.072000 1.079000  0.000025 0.000022 0.000061 0.000119 0.000065 0.000034 
5687680 srad_v1 1 1224 45 1.072000 0.462000  0.000024 0.000021 0.000059 0.000114 0.000061 0.000033 
5687680 srad_v1 1 1224 45 1.072000 0.926000  0.000028 0.000023 0.000063 0.000135 0.000068 0.000035 
5687680 srad_v1 1 1224 45 1.072000 0.463000  0.000031 0.000024 0.000067 0.000139 0.000073 0.000037 
5687680 srad_v1 1 1224 45 1.072000 1.158000  0.000029 0.000023 0.000064 0.000138 0.000069 0.000036 
5687808 srad_v1 1 1224 45 1.072000 1.774000  0.000029 0.000022 0.000062 0.000141 0.000071 0.000036 
5687808 srad_v1 1 1224 45 1.072000 1.156000  0.000028 0.000023 0.000062 0.000124 0.000063 0.000033 
5687808 srad_v1 1 1224 45 1.072000 1.388000  0.000030 0.000023 0.000064 0.000141 0.000071 0.000036 
5687808 srad_v1 1 1224 45 1.072000 1.157000  0.000007 0.000006 0.000018 0.000049 0.000022 0.000010 
5687808 srad_v1 1 1224 45 1.072000 1.311000  0.000024 0.000021 0.000058 0.000122 0.000061 0.000032 
5687808 srad_v1 1 1224 45 1.072000 1.156000  0.000034 0.000021 0.000060 0.000130 0.000061 0.000033 
5687936 srad_v1 1 1224 45 1.072000 1.078000  0.000027 0.000022 0.000062 0.000150 0.000068 0.000035 
5687936 srad_v1 1 1224 46 1.072000 1.154000  0.000030 0.000024 0.000064 0.000152 0.000068 0.000035 
5687936 srad_v1 1 1224 46 1.072000 0.923000  0.000027 0.000024 0.000066 0.000162 0.000071 0.000037 
5687936 srad_v1 1 1224 47 1.072000 1.539000  0.000024 0.000022 0.000060 0.000126 0.000063 0.000033 
5687936 srad_v1 1 1224 47 1.072000 1.231000  0.000029 0.000023 0.000063 0.000140 0.000069 0.000035 
5687936 srad_v1 1 1224 47 1.072000 1.308000  0.000025 0.000022 0.000060 0.000139 0.000063 0.000033 
5688064 srad_v1 1 1224 47 1.072000 0.846000  0.000193 0.000596 0.001339 0.001387 0.000604 0.000327 
5688064 srad_v1 1 1224 47 1.072000 1.541000  0.000023 0.000021 0.000059 0.000114 0.000062 0.000033 
5688064 srad_v1 1 1224 47 1.072000 1.233000  0.179030 0.549011 0.182278 0.549175 0.000045 0.010858 
5688064 srad_v1 1 1224 47 1.072000 1.696000  0.000023 0.000021 0.000059 0.000113 0.000062 0.000033 
5688064 srad_v1 1 1224 46 1.072000 1.696000  0.000032 0.000022 0.000113 0.000250 0.000087 0.000056 
