#Timestamp	Benchmark	Run(#)	CPU Frequency (MHz)	CPU Temperature(C)	CPU Voltage(V)	CPU Power(W)	CPU_CYCLES	L1_DATA_CACHE_ACCESS	INSTRUCTIONS_RETIRED	BUS_CYCLES	L1I_CACHE_ACCESS	PREDICTABLE_BRANCH_SPECULATIVELY_EXECUTED
5525760 lavaMD 1 1224 46 1.072000 1.079000  0.000025 0.000021 0.000057 0.000120 0.000061 0.000032 
5525760 lavaMD 1 1224 46 1.072000 0.540000  0.000023 0.000021 0.000057 0.000112 0.000061 0.000032 
5525760 lavaMD 1 1224 46 1.072000 1.618000  0.000024 0.000021 0.000057 0.000113 0.000061 0.000032 
5525888 lavaMD 1 1224 45 1.072000 1.156000  0.000023 0.000020 0.000055 0.000110 0.000057 0.000030 
5525888 lavaMD 1 1224 45 1.072000 1.464000  0.000035 0.000022 0.000061 0.000144 0.000068 0.000034 
5525888 lavaMD 1 1224 45 1.072000 1.233000  0.000035 0.000021 0.000060 0.000156 0.000061 0.000032 
5525888 lavaMD 1 1224 45 1.072000 1.310000  0.000040 0.000024 0.000066 0.000173 0.000072 0.000036 
5525888 lavaMD 1 1224 45 1.072000 1.696000  0.000024 0.000020 0.000056 0.000114 0.000060 0.000031 
5526016 lavaMD 1 1224 45 1.072000 0.539000  0.000023 0.000030 0.000072 0.000174 0.000084 0.000046 
5526016 lavaMD 1 1224 45 1.072000 0.616000  0.000021 0.000019 0.000054 0.000103 0.000055 0.000030 
5526016 lavaMD 1 1224 46 1.072000 0.693000  0.000020 0.000019 0.000054 0.000101 0.000055 0.000030 
5526016 lavaMD 1 1224 46 1.072000 0.616000  0.000023 0.000020 0.000072 0.000142 0.000083 0.000041 
5526016 lavaMD 1 1224 46 1.072000 0.616000  0.000022 0.000019 0.000053 0.000104 0.000056 0.000030 
5526016 lavaMD 1 1224 46 1.072000 0.770000  0.000021 0.000019 0.000053 0.000100 0.000055 0.000029 
5526144 lavaMD 1 1224 46 1.072000 0.616000  0.000021 0.000019 0.000053 0.000102 0.000054 0.000029 
5526144 lavaMD 1 1224 46 1.072000 0.847000  0.000021 0.000019 0.000053 0.000101 0.000055 0.000030 
5526144 lavaMD 1 1224 46 1.072000 0.616000  1.678747 0.525049 1.215468 1.678964 0.630885 0.283928 
5526144 lavaMD 1 1224 46 1.072000 0.616000  0.000022 0.000020 0.000072 0.000148 0.000083 0.000041 
5526144 lavaMD 1 1224 46 1.072000 0.693000  0.000021 0.000019 0.000053 0.000101 0.000054 0.000029 
5526144 lavaMD 1 1224 46 1.072000 0.616000  0.000021 0.000019 0.000053 0.000101 0.000055 0.000029 
5526272 lavaMD 1 1224 46 1.072000 0.616000  0.000021 0.000019 0.000053 0.000101 0.000054 0.000029 
5526272 lavaMD 1 1224 46 1.072000 0.770000  0.000020 0.000019 0.000053 0.000098 0.000054 0.000029 
5526272 lavaMD 1 1224 46 1.072000 1.078000  0.000022 0.000020 0.000055 0.000107 0.000058 0.000031 
5526272 lavaMD 1 1224 46 1.072000 0.693000  0.000022 0.000019 0.000053 0.000103 0.000055 0.000029 
5526272 lavaMD 1 1224 46 1.072000 0.616000  0.000021 0.000019 0.000053 0.000099 0.000054 0.000029 
5526400 lavaMD 1 1224 46 1.072000 0.616000  0.000021 0.000019 0.000053 0.000100 0.000054 0.000029 
5526400 lavaMD 1 1224 46 1.072000 0.616000  0.000020 0.000019 0.000053 0.000098 0.000054 0.000029 
5526400 lavaMD 1 1224 46 1.072000 0.770000  0.000023 0.000020 0.000055 0.000108 0.000059 0.000031 
5526400 lavaMD 1 1224 46 1.072000 0.616000  0.000028 0.000021 0.000059 0.000131 0.000065 0.000033 
5526400 lavaMD 1 1224 46 1.072000 1.309000  0.000020 0.000019 0.000052 0.000100 0.000053 0.000029 
5526400 lavaMD 1 1224 46 1.072000 0.847000  0.000020 0.000019 0.000052 0.000099 0.000053 0.000029 
5526528 lavaMD 1 1224 46 1.072000 0.616000  0.000021 0.000019 0.000052 0.000098 0.000053 0.000029 
5526528 lavaMD 1 1224 46 1.072000 0.693000  0.000022 0.000029 0.000070 0.000144 0.000081 0.000040 
5526528 lavaMD 1 1224 46 1.072000 0.616000  0.000022 0.000019 0.000052 0.000101 0.000054 0.000029 
5526528 lavaMD 1 1224 46 1.072000 0.770000  0.000020 0.000019 0.000052 0.000098 0.000053 0.000029 
5526528 lavaMD 1 1224 46 1.072000 0.616000  0.000021 0.000019 0.000052 0.000101 0.000053 0.000029 
5526528 lavaMD 1 1224 46 1.072000 0.616000  0.000020 0.000019 0.000052 0.000097 0.000053 0.000029 
5526656 lavaMD 1 1224 46 1.072000 0.616000  0.000020 0.000019 0.000052 0.000099 0.000053 0.000029 
5526656 lavaMD 1 1224 46 1.072000 0.847000  0.000021 0.000020 0.000070 0.000139 0.000079 0.000039 
5526656 lavaMD 1 1224 46 1.072000 1.617000  0.000021 0.000018 0.000052 0.000142 0.000063 0.000032 
5526656 lavaMD 1 1224 46 1.072000 0.616000  0.000021 0.000019 0.000052 0.000101 0.000053 0.000029 
5526656 lavaMD 1 1224 46 1.072000 0.616000  0.000021 0.000019 0.000052 0.000099 0.000054 0.000029 
5526784 lavaMD 1 1224 46 1.072000 1.155000  0.000020 0.000018 0.000052 0.000100 0.000053 0.000029 
5526784 lavaMD 1 1224 46 1.072000 0.616000  0.000023 0.000020 0.000056 0.000120 0.000060 0.000031 
5526784 lavaMD 1 1224 46 1.072000 0.616000  0.000020 0.000018 0.000051 0.000098 0.000052 0.000028 
5526784 lavaMD 1 1224 47 1.072000 0.616000  0.000020 0.000018 0.000051 0.000099 0.000052 0.000028 
5526784 lavaMD 1 1224 46 1.072000 0.616000  0.000019 0.000018 0.000051 0.000096 0.000052 0.000028 
5526784 lavaMD 1 1224 46 1.072000 0.616000  0.000019 0.000018 0.000051 0.000096 0.000052 0.000028 
5526912 lavaMD 1 1224 46 1.072000 0.616000  0.000020 0.000018 0.000051 0.000099 0.000052 0.000028 
5526912 lavaMD 1 1224 46 1.072000 1.001000  0.000025 0.000020 0.000056 0.000120 0.000061 0.000031 
5526912 lavaMD 1 1224 46 1.072000 0.616000  0.000020 0.000018 0.000051 0.000098 0.000052 0.000028 
5526912 lavaMD 1 1224 46 1.072000 0.770000  0.000020 0.000018 0.000051 0.000098 0.000052 0.000028 
5526912 lavaMD 1 1224 46 1.072000 0.616000  0.000020 0.000018 0.000051 0.000097 0.000052 0.000028 
5526912 lavaMD 1 1224 46 1.072000 0.616000  0.000020 0.000018 0.000051 0.000098 0.000053 0.000028 
5527040 lavaMD 1 1224 46 1.072000 0.616000  0.000021 0.000019 0.000053 0.000104 0.000056 0.000030 
5527040 lavaMD 1 1224 46 1.072000 0.693000  0.000021 0.000028 0.000068 0.000135 0.000079 0.000039 
5527040 lavaMD 1 1224 46 1.072000 1.463000  0.000020 0.000018 0.000051 0.000097 0.000052 0.000028 
5527040 lavaMD 1 1224 46 1.072000 0.616000  0.000020 0.000018 0.000051 0.000096 0.000052 0.000028 
5527040 lavaMD 1 1224 46 1.072000 0.693000  0.000020 0.000018 0.000051 0.000096 0.000052 0.000028 
5527168 lavaMD 1 1224 46 1.072000 1.078000  0.000021 0.000019 0.000053 0.000179 0.000073 0.000036 
5527168 lavaMD 1 1224 46 1.072000 0.616000  0.000020 0.000018 0.000051 0.000098 0.000052 0.000028 
5527168 lavaMD 1 1224 46 1.072000 0.847000  0.000020 0.000018 0.000051 0.000097 0.000052 0.000028 
5527168 lavaMD 1 1224 46 1.072000 0.616000  0.000022 0.000020 0.000054 0.000120 0.000059 0.000030 
