#Timestamp	Benchmark	Run(#)	CPU Frequency (MHz)	CPU Temperature(C)	CPU Voltage(V)	CPU Power(W)	CPU_CYCLES	L1_DATA_CACHE_ACCESS	INSTRUCTIONS_RETIRED	BUS_CYCLES	L1I_CACHE_ACCESS	PREDICTABLE_BRANCH_SPECULATIVELY_EXECUTED
6291584 hybridsort 1 1555 49 1.130000 1.620000  0.000277 0.000232 0.000636 0.001292 0.000681 0.000357 
6291584 hybridsort 1 1555 48 1.130000 0.694000  0.000302 0.000224 0.000616 0.001450 0.000696 0.000356 
6291584 hybridsort 1 1555 48 1.130000 0.925000  0.000311 0.000241 0.000664 0.001449 0.000722 0.000368 
6291712 hybridsort 1 1555 48 1.130000 1.001000  0.000252 0.000216 0.000594 0.001183 0.000635 0.000333 
6291712 hybridsort 1 1555 47 1.130000 0.616000  0.784594 0.369289 1.048749 0.784728 0.428254 0.221651 
6291712 hybridsort 1 1555 47 1.130000 0.849000  0.000284 0.000229 0.000620 0.001316 0.000690 0.000354 
6291712 hybridsort 1 1555 47 1.130000 0.617000  0.000241 0.000210 0.000578 0.001161 0.000614 0.000323 
6291712 hybridsort 1 1555 47 1.130000 0.848000  0.000222 0.000206 0.000571 0.001095 0.000603 0.000319 
6291840 hybridsort 1 1555 48 1.130000 1.466000  0.000273 0.000204 0.000572 0.001269 0.000623 0.000317 
6291840 hybridsort 1 1555 48 1.130000 1.697000  0.000218 0.000184 0.000513 0.001020 0.000534 0.000285 
6291840 hybridsort 1 1555 49 1.130000 2.465000  0.000248 0.000192 0.000544 0.001208 0.000597 0.000304 
6291840 hybridsort 1 1555 49 1.130000 1.773000  0.000261 0.000193 0.000535 0.001193 0.000588 0.000299 
6291840 hybridsort 1 1555 49 1.130000 1.928000  0.000244 0.000223 0.000576 0.001406 0.000616 0.000305 
6291840 hybridsort 1 1555 49 1.130000 1.928000  0.000195 0.000180 0.000493 0.000964 0.000524 0.000276 
6291968 hybridsort 1 1555 49 1.130000 1.773000  0.000276 0.000191 0.000520 0.001151 0.000564 0.000288 
6291968 hybridsort 1 1555 49 1.130000 1.775000  0.000222 0.000183 0.000501 0.001138 0.000562 0.000286 
6291968 hybridsort 1 1555 49 1.130000 2.775000  0.000219 0.000180 0.000494 0.001087 0.000534 0.000296 
6291968 hybridsort 1 1555 48 1.130000 1.773000  0.000188 0.000162 0.000453 0.000897 0.000465 0.000250 
6291968 hybridsort 1 1555 48 1.130000 2.466000  0.001286 0.000964 0.002635 0.005947 0.002943 0.001570 
6291968 hybridsort 1 1555 48 1.130000 1.774000  0.000188 0.000159 0.000437 0.000868 0.000470 0.000245 
6292096 hybridsort 1 1555 48 1.130000 1.773000  0.000202 0.000161 0.000444 0.001003 0.000495 0.000252 
6292096 hybridsort 1 1555 49 1.130000 2.465000  0.000177 0.000154 0.000422 0.000837 0.000449 0.000237 
6292096 hybridsort 1 1555 48 1.130000 1.850000  0.000177 0.000144 0.000403 0.000801 0.000594 0.000301 
6292096 hybridsort 1 1555 48 1.130000 2.078000  0.000177 0.000152 0.000426 0.000917 0.000464 0.000238 
6292096 hybridsort 1 1555 48 1.130000 1.387000  0.000184 0.000146 0.000415 0.000922 0.000454 0.000233 
6292224 hybridsort 1 1555 48 1.130000 1.465000  0.000171 0.000140 0.000387 0.000854 0.000430 0.000220 
6292224 hybridsort 1 1555 47 1.130000 2.158000  0.000180 0.000135 0.000375 0.000845 0.000422 0.000214 
6292224 hybridsort 1 1555 47 1.130000 1.619000  0.000140 0.000120 0.000335 0.000662 0.000345 0.000186 
6292224 hybridsort 1 1555 48 1.130000 1.079000  0.000172 0.000126 0.000355 0.000785 0.000384 0.000199 
6292224 hybridsort 1 1555 48 1.130000 0.847000  0.000145 0.000116 0.000325 0.000653 0.000334 0.000179 
6292224 hybridsort 1 1555 48 1.130000 2.539000  0.000160 0.000119 0.000342 0.000782 0.000380 0.000195 
6292352 hybridsort 1 1555 48 1.130000 0.924000  0.000145 0.000113 0.000316 0.000646 0.000329 0.000176 
6292352 hybridsort 1 1555 48 1.130000 0.847000  0.000145 0.000118 0.000327 0.000685 0.000348 0.000183 
6292352 hybridsort 1 1555 48 1.130000 1.618000  0.000136 0.000112 0.000311 0.000617 0.000321 0.000173 
6292352 hybridsort 1 1555 48 1.130000 0.847000  0.000116 0.000110 0.000309 0.000575 0.000318 0.000171 
6292352 hybridsort 1 1555 48 1.130000 0.924000  0.000117 0.000117 0.000333 0.000861 0.000850 0.000374 
6292352 hybridsort 1 1555 48 1.130000 0.925000  0.000116 0.000109 0.000305 0.000577 0.000313 0.000169 
6292480 hybridsort 1 1555 48 1.130000 0.925000  0.000138 0.000115 0.000316 0.000642 0.000335 0.000177 
6292480 hybridsort 1 1555 48 1.130000 1.850000  0.000156 0.000120 0.000338 0.000819 0.000364 0.000188 
6292480 hybridsort 1 1555 49 1.130000 2.158000  0.000158 0.000116 0.000330 0.000839 0.000353 0.000186 
6292480 hybridsort 1 1555 49 1.130000 0.847000  0.000123 0.000106 0.000297 0.000584 0.000304 0.000164 
6292480 hybridsort 1 1555 49 1.130000 1.618000  0.000133 0.000111 0.000321 0.000727 0.000342 0.000177 
6292608 hybridsort 1 1555 49 1.130000 1.001000  0.000141 0.000105 0.000293 0.000612 0.000306 0.000163 
6292608 hybridsort 1 1555 49 1.130000 1.155000  0.000138 0.000108 0.000298 0.000672 0.000329 0.000171 
6292608 hybridsort 1 1555 49 1.130000 0.847000  0.000140 0.000103 0.000289 0.000616 0.000296 0.000159 
6292608 hybridsort 1 1555 49 1.130000 1.309000  0.000134 0.000106 0.000300 0.000668 0.000327 0.000170 
6292608 hybridsort 1 1555 49 1.130000 0.847000  0.000124 0.000102 0.000286 0.000606 0.000293 0.000158 
6292608 hybridsort 1 1555 49 1.130000 0.924000  0.000107 0.000101 0.000284 0.000532 0.000291 0.000157 
6292736 hybridsort 1 1555 49 1.130000 0.924000  0.000109 0.000101 0.000283 0.000534 0.000288 0.000156 
6292736 hybridsort 1 1555 49 1.130000 0.847000  0.000111 0.000101 0.000282 0.000534 0.000286 0.000156 
6292736 hybridsort 1 1555 49 1.130000 1.001000  0.000138 0.000107 0.000294 0.000661 0.000311 0.000163 
6292736 hybridsort 1 1555 49 1.130000 2.235000  0.000036 0.000026 0.000075 0.000162 0.000094 0.000046 
6292736 hybridsort 1 1555 48 1.130000 1.925000  0.000819 0.000566 0.001104 0.002387 0.000923 0.000449 
6292736 hybridsort 1 1555 49 1.130000 1.078000  0.000115 0.000097 0.000269 0.000539 0.000277 0.000149 
6292864 hybridsort 1 1555 49 1.130000 2.616000  0.000119 0.000098 0.000277 0.000618 0.000297 0.000156 
6292864 hybridsort 1 1555 49 1.130000 0.924000  0.000118 0.000093 0.000262 0.000565 0.000270 0.000145 
6292864 hybridsort 1 1555 49 1.130000 0.847000  0.000137 0.000100 0.000284 0.000669 0.000316 0.000162 
6292864 hybridsort 1 1555 49 1.130000 1.078000  0.000132 0.000103 0.000287 0.000670 0.000311 0.000157 
6292864 hybridsort 1 1555 49 1.130000 0.847000  0.000099 0.000092 0.000258 0.000492 0.000265 0.000142 
6292992 hybridsort 1 1555 49 1.130000 0.847000  0.000097 0.000091 0.000257 0.000484 0.000262 0.000142 
6292992 hybridsort 1 1555 49 1.130000 0.847000  0.000095 0.000091 0.000256 0.000486 0.000262 0.000141 
6292992 hybridsort 1 1555 49 1.130000 0.925000  0.000102 0.000091 0.000255 0.000487 0.000262 0.000142 
6292992 hybridsort 1 1555 49 1.130000 0.925000  0.000119 0.000093 0.000265 0.000659 0.000290 0.000156 
6292992 hybridsort 1 1555 49 1.130000 3.235000  0.000032 0.000024 0.000068 0.000148 0.000087 0.000042 
6292992 hybridsort 1 1555 49 1.130000 1.617000  0.000029 0.000024 0.000068 0.000155 0.000085 0.000042 
6293120 hybridsort 1 1555 49 1.130000 0.924000  0.000110 0.000089 0.000249 0.000505 0.000257 0.000137 
6293120 hybridsort 1 1555 49 1.130000 1.462000  0.000107 0.000091 0.000251 0.000516 0.000266 0.000140 
6293120 hybridsort 1 1555 49 1.130000 0.847000  0.000116 0.000085 0.000237 0.000501 0.000245 0.000131 
6293120 hybridsort 1 1555 49 1.130000 1.386000  0.000102 0.000088 0.000241 0.000489 0.000256 0.000135 
6293120 hybridsort 1 1555 49 1.130000 1.155000  0.000104 0.000083 0.000230 0.000469 0.000067 0.013629 
6293120 hybridsort 1 1555 49 1.130000 0.924000  0.000092 0.000082 0.000229 0.000454 0.000237 0.000127 
6293248 hybridsort 1 1555 49 1.130000 1.001000  0.000099 0.000087 0.000237 0.000468 0.000252 0.000133 
6293248 hybridsort 1 1555 49 1.130000 0.847000  0.000090 0.000085 0.000234 0.000452 0.000247 0.000131 
6293248 hybridsort 1 1555 49 1.130000 1.155000  0.000095 0.000079 0.000222 0.000444 0.000229 0.000122 
6293248 hybridsort 1 1555 49 1.130000 2.312000  0.000097 0.000082 0.000225 0.000446 0.000241 0.000126 
