#Timestamp	Benchmark	Run(#)	CPU Frequency (MHz)	CPU Temperature(C)	CPU Voltage(V)	CPU Power(W)	CPU_CYCLES	L1_DATA_CACHE_ACCESS	INSTRUCTIONS_RETIRED	BUS_CYCLES	L1I_CACHE_ACCESS	PREDICTABLE_BRANCH_SPECULATIVELY_EXECUTED
4822912 bfs 1 921 42 1.015000 1.155000  0.000006 0.000006 0.000016 0.000041 0.000019 0.000009 
4822912 bfs 1 921 42 1.015000 1.311000  0.000026 0.000021 0.000056 0.000123 0.000062 0.000032 
4822912 bfs 1 921 42 1.015000 0.847000  0.000027 0.000020 0.000056 0.000121 0.000061 0.000031 
4822912 bfs 1 921 42 1.015000 1.388000  0.000022 0.000019 0.000053 0.000111 0.000059 0.000030 
4822912 bfs 1 921 42 1.015000 0.849000  0.000024 0.000019 0.000052 0.000149 0.000066 0.000032 
4823040 bfs 1 921 42 1.015000 1.309000  0.000021 0.000019 0.000052 0.000102 0.000056 0.000029 
4823040 bfs 1 921 42 1.015000 0.849000  0.000021 0.000018 0.000050 0.000098 0.000052 0.000028 
4823040 bfs 1 921 42 1.015000 1.002000  0.000025 0.000020 0.000055 0.000120 0.000062 0.000032 
4823040 bfs 1 921 42 1.015000 0.925000  0.000022 0.000019 0.000052 0.000105 0.000055 0.000029 
4823040 bfs 1 921 42 1.015000 0.847000  0.000027 0.000020 0.000055 0.000118 0.000078 0.000037 
4823040 bfs 1 921 42 1.015000 1.388000  0.000021 0.000019 0.000052 0.000114 0.000060 0.000031 
4823168 bfs 1 921 42 1.015000 0.848000  0.000020 0.000018 0.000050 0.000096 0.000051 0.000027 
4823168 bfs 1 921 42 1.015000 1.234000  0.000024 0.000019 0.000052 0.000110 0.000057 0.000030 
4823168 bfs 1 921 42 1.015000 0.849000  0.000030 0.000019 0.000053 0.000118 0.000055 0.000029 
4823168 bfs 1 921 42 1.015000 0.848000  0.000026 0.000020 0.000055 0.000118 0.000061 0.000031 
4823168 bfs 1 921 42 1.015000 1.387000  0.000023 0.000019 0.000051 0.000115 0.000056 0.000031 
4823296 bfs 1 921 42 1.015000 0.847000  0.000024 0.000020 0.000056 0.000121 0.000061 0.000031 
4823296 bfs 1 921 42 1.015000 1.311000  0.000021 0.000019 0.000051 0.000100 0.000055 0.000029 
4823296 bfs 1 921 42 1.015000 0.925000  0.000020 0.000018 0.000049 0.000095 0.000052 0.000027 
4823296 bfs 1 921 42 1.015000 1.157000  0.000021 0.000019 0.000051 0.000099 0.000054 0.000029 
4823296 bfs 1 921 42 1.015000 0.849000  0.000026 0.000155 0.000100 0.000318 0.000000 0.000017 
4823296 bfs 1 921 42 1.015000 1.158000  0.000151 0.000110 0.000299 0.000591 0.000250 0.000114 
4823424 bfs 1 921 42 1.015000 1.312000  0.000026 0.000020 0.000054 0.000113 0.000061 0.000031 
4823424 bfs 1 921 42 1.015000 1.002000  0.000019 0.000017 0.000049 0.000094 0.000051 0.000027 
4823424 bfs 1 921 42 1.015000 1.235000  0.000025 0.000019 0.000054 0.000117 0.000059 0.000030 
4823424 bfs 1 921 42 1.015000 0.847000  0.000024 0.000018 0.000050 0.000110 0.000055 0.000028 
4823424 bfs 1 921 42 1.015000 1.155000  0.000024 0.000019 0.000052 0.000114 0.000059 0.000030 
4823552 bfs 1 921 42 1.015000 1.079000  0.000026 0.000019 0.000058 0.000146 0.000062 0.000031 
4823552 bfs 1 921 42 1.015000 0.849000  0.000024 0.000020 0.000054 0.000118 0.000060 0.000031 
4823552 bfs 1 921 42 1.015000 1.155000  0.000021 0.000018 0.000050 0.000099 0.000054 0.000028 
4823552 bfs 1 921 42 1.015000 0.925000  0.000020 0.000017 0.000048 0.000094 0.000051 0.000027 
4823552 bfs 1 921 42 1.015000 1.233000  0.000022 0.000019 0.000053 0.000111 0.000057 0.000029 
4823552 bfs 1 921 42 1.015000 0.848000  0.000020 0.000017 0.000048 0.000094 0.000051 0.000028 
4823680 bfs 1 921 42 1.015000 0.925000  0.000025 0.000019 0.000053 0.000114 0.000058 0.000030 
4823680 bfs 1 921 42 1.015000 0.847000  0.000026 0.000019 0.000053 0.000114 0.000058 0.000030 
4823680 bfs 1 921 42 1.015000 0.847000  0.000025 0.000019 0.000053 0.000115 0.000063 0.000030 
4823680 bfs 1 921 42 1.015000 1.003000  0.000026 0.000020 0.000053 0.000113 0.000057 0.000029 
4823680 bfs 1 921 42 1.015000 0.849000  0.000023 0.000018 0.000051 0.000105 0.000053 0.000028 
4823808 bfs 1 921 42 1.015000 1.234000  0.000025 0.000019 0.000053 0.000115 0.000059 0.000030 
4823808 bfs 1 921 42 1.015000 1.310000  0.000026 0.000019 0.000053 0.000117 0.000059 0.000030 
4823808 bfs 1 921 42 1.015000 0.771000  0.000025 0.000019 0.000052 0.000114 0.000058 0.000030 
4823808 bfs 1 921 42 1.015000 1.312000  0.000020 0.000018 0.000049 0.000097 0.000053 0.000028 
4823808 bfs 1 921 42 1.015000 0.849000  0.000023 0.000019 0.000052 0.000109 0.000056 0.000029 
4823808 bfs 1 921 42 1.015000 1.309000  0.000020 0.000026 0.000064 0.000158 0.000076 0.000037 
4823936 bfs 1 921 42 1.015000 0.772000  0.000024 0.000018 0.000049 0.000102 0.000052 0.000027 
4823936 bfs 1 921 42 1.015000 0.849000  0.000019 0.000018 0.000049 0.000094 0.000052 0.000028 
4823936 bfs 1 921 42 1.015000 0.772000  0.000021 0.000018 0.000049 0.000099 0.000053 0.000028 
4823936 bfs 1 921 42 1.015000 0.771000  0.000020 0.000018 0.000049 0.000095 0.000052 0.000027 
4823936 bfs 1 921 42 1.015000 1.312000  0.183600 0.042435 0.090653 0.183723 0.050117 0.021901 
4824064 bfs 1 921 42 1.015000 0.847000  0.000018 0.000017 0.000047 0.000090 0.000049 0.000026 
4824064 bfs 1 921 42 1.015000 1.233000  0.000025 0.000019 0.000052 0.000114 0.000059 0.000030 
4824064 bfs 1 921 42 1.015000 1.003000  0.000024 0.000018 0.000050 0.000114 0.000053 0.000028 
4824064 bfs 1 921 42 1.015000 1.233000  0.000024 0.000019 0.000051 0.000109 0.000056 0.000029 
4824064 bfs 1 921 42 1.015000 0.770000  0.000021 0.000019 0.000051 0.000110 0.000057 0.000029 
4824064 bfs 1 921 42 1.015000 0.847000  0.000024 0.000021 0.000056 0.000143 0.000062 0.000031 
4824192 bfs 1 921 42 1.015000 0.925000  0.000021 0.000018 0.000050 0.000107 0.000055 0.000028 
4824192 bfs 1 921 42 1.015000 0.849000  0.000027 0.000017 0.000049 0.000111 0.000051 0.000027 
4824192 bfs 1 921 42 1.015000 1.154000  0.000025 0.000021 0.000055 0.000122 0.000059 0.000029 
4824192 bfs 1 921 42 1.015000 0.848000  0.000019 0.000018 0.000048 0.000095 0.000052 0.000027 
4824192 bfs 1 921 42 1.015000 0.847000  0.000020 0.000018 0.000048 0.000095 0.000051 0.000027 
4824320 bfs 1 921 42 1.015000 1.388000  0.000020 0.000018 0.000048 0.000096 0.000052 0.000027 
4824320 bfs 1 921 42 1.015000 0.771000  0.000024 0.000019 0.000051 0.000112 0.000057 0.000029 
4824320 bfs 1 921 42 1.015000 1.233000  0.000020 0.000018 0.000048 0.000095 0.000052 0.000027 
4824320 bfs 1 921 42 1.015000 0.772000  0.000019 0.000017 0.000046 0.000089 0.000048 0.000026 
4824320 bfs 1 921 42 1.015000 1.234000  0.000020 0.000018 0.000048 0.000094 0.000052 0.000027 
4824320 bfs 1 921 42 1.015000 0.771000  0.000020 0.000017 0.000047 0.000100 0.000050 0.000026 
4824448 bfs 1 921 42 1.015000 0.849000  0.000019 0.000017 0.000048 0.000092 0.000051 0.000027 
4824448 bfs 1 921 42 1.015000 1.157000  0.000020 0.000020 0.000052 0.000111 0.000054 0.000027 
4824448 bfs 1 921 42 1.015000 0.770000  0.000022 0.000019 0.000050 0.000107 0.000054 0.000028 
4824448 bfs 1 921 42 1.015000 1.465000  0.000019 0.000017 0.000048 0.000093 0.000051 0.000027 
4824448 bfs 1 921 42 1.015000 0.847000  0.000018 0.000017 0.000046 0.000088 0.000048 0.000026 
4824448 bfs 1 921 42 1.015000 1.081000  0.000019 0.000029 0.000104 0.000193 0.000082 0.000040 
4824576 bfs 1 921 42 1.015000 0.925000  0.000005 0.000004 0.000013 0.000030 0.000017 0.000008 
4824576 bfs 1 921 42 1.015000 1.155000  0.000019 0.000017 0.000047 0.000092 0.000050 0.000027 
4824576 bfs 1 921 42 1.015000 0.847000  0.000022 0.000018 0.000049 0.000106 0.000055 0.000028 
4824576 bfs 1 921 42 1.015000 1.233000  0.000020 0.000018 0.000050 0.000108 0.000055 0.000028 
4824704 bfs 1 921 42 1.015000 0.849000  0.000018 0.000016 0.000045 0.000088 0.000047 0.000045 
4824704 bfs 1 921 42 1.015000 1.155000  0.000019 0.000018 0.000049 0.000103 0.000053 0.000027 
4824704 bfs 1 921 42 1.015000 0.771000  0.203765 0.048966 0.104535 0.203869 0.057228 0.025097 
4824704 bfs 1 921 42 1.015000 1.311000  0.000024 0.000019 0.000051 0.000111 0.000057 0.000029 
4824704 bfs 1 921 43 1.015000 1.002000  0.000025 0.000018 0.000048 0.000100 0.000063 0.000031 
4824704 bfs 1 921 42 1.015000 0.849000  0.000018 0.000016 0.000045 0.000088 0.000047 0.000025 
4824832 bfs 1 921 42 1.015000 1.233000  0.000019 0.000017 0.000047 0.000092 0.000050 0.000026 
4824832 bfs 1 921 42 1.015000 0.848000  0.000018 0.000017 0.000047 0.000097 0.000048 0.000026 
4824832 bfs 1 921 42 1.015000 0.925000  0.000024 0.000018 0.000050 0.000108 0.000056 0.000028 
4824832 bfs 1 921 42 1.015000 0.925000  0.000045 0.000019 0.000049 0.000119 0.000052 0.000027 
4824832 bfs 1 921 42 1.015000 0.771000  0.000021 0.000018 0.000052 0.000115 0.000057 0.000029 
4824960 bfs 1 921 42 1.015000 1.311000  0.000020 0.000018 0.000050 0.000109 0.000055 0.000028 
4824960 bfs 1 921 42 1.015000 0.925000  0.000018 0.000016 0.000045 0.000086 0.000046 0.000025 
4824960 bfs 1 921 42 1.015000 1.155000  0.000021 0.000018 0.000050 0.000105 0.000054 0.000028 
4824960 bfs 1 921 42 1.015000 0.849000  0.000019 0.000017 0.000047 0.000092 0.000049 0.000026 
4824960 bfs 1 921 42 1.015000 1.002000  0.000018 0.000017 0.000060 0.000122 0.000069 0.000034 
4824960 bfs 1 921 42 1.015000 1.310000  0.000019 0.000017 0.000047 0.000091 0.000050 0.000026 
4825088 bfs 1 921 42 1.015000 0.771000  0.000018 0.000016 0.000045 0.000087 0.000047 0.000025 
4825088 bfs 1 921 42 1.015000 1.310000  0.000020 0.000017 0.000048 0.000101 0.000052 0.000027 
4825088 bfs 1 921 42 1.015000 0.771000  0.000022 0.000017 0.000046 0.000096 0.000048 0.000025 
4825088 bfs 1 921 42 1.015000 0.771000  0.000021 0.000018 0.000049 0.000105 0.000054 0.000028 
4825088 bfs 1 921 42 1.015000 0.925000  0.000019 0.000017 0.000046 0.000091 0.000049 0.000026 
4825216 bfs 1 921 42 1.015000 1.003000  0.000019 0.000017 0.000046 0.000130 0.000061 0.000030 
4825216 bfs 1 921 42 1.015000 1.080000  0.000020 0.000018 0.000048 0.000102 0.000054 0.000027 
4825216 bfs 1 921 42 1.015000 0.771000  0.000018 0.000016 0.000044 0.000085 0.000046 0.000025 
4825216 bfs 1 921 42 1.015000 1.158000  0.000018 0.000017 0.000046 0.000090 0.000049 0.000026 
4825216 bfs 1 921 42 1.015000 0.771000  0.000023 0.000016 0.000046 0.000100 0.000048 0.000026 
4825216 bfs 1 921 42 1.015000 1.157000  0.000023 0.000018 0.000049 0.000102 0.000053 0.000027 
4825344 bfs 1 921 42 1.015000 0.771000  0.000018 0.000017 0.000046 0.000090 0.000048 0.000026 
4825344 bfs 1 921 42 1.015000 1.003000  0.000019 0.000017 0.000047 0.000100 0.000051 0.000027 
4825344 bfs 1 921 42 1.015000 1.388000  0.000020 0.000017 0.000047 0.000100 0.000052 0.000027 
4825344 bfs 1 921 42 1.015000 0.848000  0.000017 0.000016 0.000044 0.000085 0.000045 0.000024 
4825344 bfs 1 921 42 1.015000 1.233000  0.000023 0.000018 0.000049 0.000104 0.000053 0.000027 
4825472 bfs 1 921 42 1.015000 0.771000  0.000017 0.000016 0.000045 0.000095 0.000046 0.000025 
4825472 bfs 1 921 42 1.015000 0.925000  0.000023 0.000018 0.000049 0.000104 0.000052 0.000027 
4825472 bfs 1 921 42 1.015000 1.311000  0.000019 0.000017 0.000046 0.000089 0.000049 0.000026 
4825472 bfs 1 921 42 1.015000 0.771000  0.000021 0.000017 0.000046 0.000091 0.000047 0.000025 
4825472 bfs 1 921 42 1.015000 1.311000  0.000022 0.000017 0.000047 0.000103 0.000053 0.000027 
4825472 bfs 1 921 42 1.015000 0.771000  0.000022 0.000017 0.000045 0.000100 0.000047 0.000025 
4825600 bfs 1 921 42 1.015000 1.080000  0.000022 0.000017 0.000048 0.000170 0.000071 0.000035 
4825600 bfs 1 921 42 1.015000 0.770000  0.000019 0.000017 0.000045 0.000088 0.000048 0.000025 
4825600 bfs 1 921 42 1.015000 0.771000  0.000018 0.000024 0.000058 0.000119 0.000069 0.000033 
4825600 bfs 1 921 42 1.015000 1.234000  0.000020 0.000017 0.000047 0.000100 0.000053 0.000027 
4825600 bfs 1 921 42 1.015000 0.772000  0.000017 0.000015 0.000043 0.000083 0.000045 0.000024 
4825728 bfs 1 921 42 1.015000 1.078000  0.000018 0.000016 0.000045 0.000087 0.000047 0.000025 
4825728 bfs 1 921 42 1.015000 1.003000  0.000022 0.000016 0.000046 0.000097 0.000047 0.000025 
4825728 bfs 1 921 42 1.015000 1.232000  0.000020 0.000017 0.000047 0.000101 0.000052 0.000027 
4825728 bfs 1 921 42 1.015000 1.156000  0.000019 0.000016 0.000045 0.000089 0.000047 0.000025 
4825728 bfs 1 921 42 1.015000 0.771000  0.000017 0.000016 0.000045 0.000087 0.000048 0.000025 
4825728 bfs 1 921 42 1.015000 1.309000  0.000020 0.000016 0.000046 0.000096 0.000050 0.000026 
4825856 bfs 1 921 42 1.015000 0.771000  0.000018 0.000015 0.000043 0.000085 0.000045 0.000024 
4825856 bfs 1 921 42 1.015000 1.235000  0.000023 0.000018 0.000048 0.000100 0.000052 0.000026 
4825856 bfs 1 921 42 1.015000 0.926000  0.289127 0.078122 0.171688 0.289221 0.088950 0.040644 
4825856 bfs 1 921 42 1.015000 1.157000  0.000021 0.000017 0.000048 0.000105 0.000054 0.000027 
4825856 bfs 1 921 42 1.015000 0.848000  0.000019 0.000016 0.000045 0.000090 0.000047 0.000025 
4825856 bfs 1 921 42 1.015000 0.771000  0.000022 0.000018 0.000048 0.000104 0.000054 0.000027 
4825984 bfs 1 921 42 1.015000 1.233000  0.000018 0.000016 0.000045 0.000089 0.000047 0.000025 
4825984 bfs 1 921 42 1.015000 0.848000  0.000017 0.000015 0.000043 0.000084 0.000061 0.000028 
4825984 bfs 1 921 42 1.015000 0.770000  0.000019 0.000016 0.000045 0.000089 0.000046 0.000028 
4825984 bfs 1 921 42 1.015000 1.157000  0.000018 0.000024 0.000057 0.000141 0.000067 0.000036 
4825984 bfs 1 921 42 1.015000 0.848000  0.000018 0.000016 0.000044 0.000087 0.000048 0.000025 
4826112 bfs 1 921 42 1.015000 0.848000  0.000022 0.000018 0.000047 0.000101 0.000055 0.000027 
4826112 bfs 1 921 42 1.015000 1.312000  0.000019 0.000016 0.000044 0.000088 0.000048 0.000025 
4826112 bfs 1 921 42 1.015000 0.770000  0.000017 0.000015 0.000043 0.000082 0.000044 0.000024 
4826112 bfs 1 921 42 1.015000 1.233000  0.000018 0.000016 0.000044 0.000085 0.000047 0.000025 
4826112 bfs 1 921 42 1.015000 0.925000  0.000017 0.000016 0.000043 0.000091 0.000046 0.000024 
4826112 bfs 1 921 42 1.015000 1.155000  0.000017 0.000016 0.000044 0.000085 0.000047 0.000025 
4826240 bfs 1 921 42 1.015000 0.771000  0.000018 0.000016 0.000044 0.000089 0.000050 0.000025 
4826240 bfs 1 921 42 1.015000 0.772000  0.000023 0.000017 0.000047 0.000103 0.000052 0.000027 
4826240 bfs 1 921 42 1.015000 1.388000  0.000018 0.000016 0.000044 0.000086 0.000047 0.000025 
4826240 bfs 1 921 42 1.015000 0.926000  0.000017 0.000015 0.000042 0.000080 0.000044 0.000023 
4826240 bfs 1 921 42 1.015000 1.155000  0.000019 0.000017 0.000045 0.000097 0.000050 0.000026 
4826368 bfs 1 921 42 1.015000 0.772000  0.000018 0.000016 0.000045 0.000089 0.000046 0.000025 
4826368 bfs 1 921 42 1.015000 1.233000  0.000022 0.000017 0.000047 0.000102 0.000052 0.000026 
4826368 bfs 1 921 42 1.015000 1.697000  0.000017 0.000016 0.000044 0.000086 0.000046 0.000024 
4826368 bfs 1 921 42 1.015000 0.771000  0.000021 0.000017 0.000046 0.000099 0.000051 0.000026 
4826368 bfs 1 921 42 1.015000 1.234000  0.000018 0.000016 0.000044 0.000086 0.000047 0.000025 
4826368 bfs 1 921 42 1.015000 0.771000  0.000017 0.000015 0.000070 0.000152 0.000064 0.000032 
4826496 bfs 1 921 42 1.015000 1.234000  0.000018 0.000016 0.000044 0.000086 0.000057 0.000028 
4826496 bfs 1 921 42 1.015000 0.770000  0.000024 0.000022 0.000060 0.000117 0.000064 0.000033 
4826496 bfs 1 921 42 1.015000 0.925000  0.000022 0.000017 0.000047 0.000104 0.000053 0.000027 
4826496 bfs 1 921 42 1.015000 1.232000  0.000018 0.000016 0.000044 0.000086 0.000047 0.000028 
4826496 bfs 1 921 42 1.015000 0.848000  0.000017 0.000015 0.000042 0.000080 0.000043 0.000023 
4826624 bfs 1 921 42 1.015000 1.233000  0.000018 0.000016 0.000043 0.000085 0.000046 0.000024 
4826624 bfs 1 921 42 1.015000 1.234000  0.000017 0.000015 0.000042 0.000084 0.000046 0.000024 
4826624 bfs 1 921 42 1.015000 0.925000  0.000021 0.000017 0.000046 0.000098 0.000050 0.000026 
4826624 bfs 1 921 42 1.015000 0.849000  0.000024 0.000017 0.000046 0.000104 0.000051 0.000026 
4826624 bfs 1 921 42 1.015000 0.770000  0.000021 0.000017 0.000045 0.000095 0.000050 0.000026 
4826624 bfs 1 921 42 1.015000 1.311000  0.000021 0.000017 0.000045 0.000098 0.000049 0.000026 
4826752 bfs 1 921 42 1.015000 0.925000  0.000016 0.000015 0.000041 0.000082 0.000044 0.000024 
4826752 bfs 1 921 42 1.015000 1.311000  0.000121 0.000092 0.000252 0.000563 0.000276 0.000129 
4826752 bfs 1 921 42 1.015000 0.848000  0.000027 0.000022 0.000061 0.000131 0.000070 0.000036 
4826752 bfs 1 921 42 1.015000 0.770000  0.000017 0.000015 0.000041 0.000080 0.000044 0.000023 
4826752 bfs 1 921 42 1.015000 1.155000  0.000020 0.000016 0.000045 0.000097 0.000050 0.000026 
4826880 bfs 1 921 42 1.015000 0.771000  0.000021 0.000017 0.000046 0.000094 0.000047 0.000024 
4826880 bfs 1 921 42 1.015000 1.309000  0.000017 0.000015 0.000043 0.000083 0.000045 0.000024 
4826880 bfs 1 921 42 1.015000 1.389000  0.000018 0.000016 0.000043 0.000085 0.000046 0.000024 
4826880 bfs 1 921 42 1.015000 0.770000  0.000017 0.000015 0.000043 0.000082 0.000045 0.000024 
4826880 bfs 1 921 42 1.015000 1.464000  0.123065 0.484899 0.141269 0.485000 0.000048 0.008699 
4827008 bfs 1 921 42 1.015000 1.079000  0.000017 0.000015 0.000044 0.000090 0.000046 0.000024 
4827008 bfs 1 921 42 1.015000 1.234000  0.000020 0.000016 0.000045 0.000097 0.000050 0.000025 
4827008 bfs 1 921 42 1.015000 0.849000  0.000017 0.000015 0.000041 0.000079 0.000043 0.000023 
4827008 bfs 1 921 42 1.015000 1.002000  0.000017 0.000015 0.000042 0.000081 0.000045 0.000024 
4827008 bfs 1 921 42 1.015000 0.770000  0.000017 0.000015 0.000042 0.000084 0.000045 0.000024 
4827008 bfs 1 921 42 1.015000 0.772000  0.000019 0.000016 0.000044 0.000118 0.000051 0.000026 
4827136 bfs 1 921 42 1.015000 1.234000  0.000017 0.000015 0.000042 0.000083 0.000045 0.000024 
4827136 bfs 1 921 42 1.015000 0.770000  0.000017 0.000015 0.000040 0.000080 0.000050 0.000025 
4827136 bfs 1 921 42 1.015000 1.157000  0.000021 0.000016 0.000044 0.000094 0.000048 0.000025 
4827136 bfs 1 921 42 1.015000 0.771000  0.000017 0.000015 0.000042 0.000081 0.000045 0.000023 
4827136 bfs 1 921 42 1.015000 1.157000  0.000021 0.000016 0.000044 0.000093 0.000048 0.000025 
4827264 bfs 1 921 42 1.015000 1.465000  0.000018 0.000015 0.000042 0.000097 0.000046 0.000024 
4827264 bfs 1 921 42 1.015000 0.772000  0.000021 0.000017 0.000046 0.000098 0.000050 0.000026 
4827264 bfs 1 921 42 1.015000 1.309000  0.000020 0.000016 0.000044 0.000092 0.000048 0.000025 
4827264 bfs 1 921 42 1.015000 0.771000  0.000016 0.000014 0.000040 0.000078 0.000041 0.000022 
4827264 bfs 1 921 42 1.015000 1.233000  0.000017 0.000015 0.000042 0.000081 0.000044 0.000023 
4827264 bfs 1 921 42 1.015000 0.770000  0.000024 0.000021 0.000059 0.000117 0.000063 0.000033 
4827392 bfs 1 921 42 1.015000 0.772000  0.000019 0.000016 0.000044 0.000094 0.000048 0.000025 
4827392 bfs 1 921 42 1.015000 1.233000  0.000019 0.000016 0.000044 0.000093 0.000050 0.000025 
4827392 bfs 1 921 42 1.015000 0.770000  0.133245 0.522287 0.152769 0.522361 0.000050 0.009447 
4827392 bfs 1 921 42 1.015000 1.232000  0.000017 0.000015 0.000042 0.000081 0.000045 0.000023 
4827392 bfs 1 921 42 1.015000 0.849000  0.000026 0.000022 0.000062 0.000134 0.000069 0.000035 
4827520 bfs 1 921 42 1.015000 0.925000  0.000017 0.000015 0.000427 0.000396 0.000199 0.000107 
4827520 bfs 1 921 42 1.015000 1.002000  0.000016 0.000015 0.000041 0.000081 0.000044 0.000023 
4827520 bfs 1 921 42 1.015000 0.771000  0.000017 0.000015 0.000041 0.000087 0.000043 0.000023 
4827520 bfs 1 921 42 1.015000 1.157000  0.000020 0.000016 0.000044 0.000105 0.000086 0.000039 
4827520 bfs 1 921 42 1.015000 1.465000  0.000016 0.000015 0.000041 0.000080 0.000043 0.000023 
4827520 bfs 1 921 42 1.015000 0.926000  0.000017 0.000015 0.000041 0.000151 0.000063 0.000031 
4827648 bfs 1 921 42 1.015000 1.310000  0.000017 0.000015 0.000041 0.000080 0.000044 0.000023 
4827648 bfs 1 921 42 1.015000 0.849000  0.000016 0.000014 0.000039 0.000077 0.000041 0.000022 
4827648 bfs 1 921 42 1.015000 1.002000  0.000016 0.000015 0.000041 0.000079 0.000044 0.000023 
4827648 bfs 1 921 42 1.015000 0.770000  0.000017 0.000014 0.000039 0.000078 0.000041 0.000022 
4827648 bfs 1 921 42 1.015000 1.155000  0.000022 0.000016 0.000042 0.000087 0.000046 0.000023 
4827776 bfs 1 921 42 1.015000 0.925000  0.000016 0.000015 0.000041 0.000079 0.000043 0.000023 
4827776 bfs 1 921 42 1.015000 1.388000  0.000019 0.000016 0.000043 0.000090 0.000047 0.000024 
4827776 bfs 1 921 42 1.015000 1.312000  0.000017 0.000015 0.000041 0.000081 0.000044 0.000023 
4827776 bfs 1 921 42 1.015000 0.771000  0.017629 0.004646 0.010013 0.017714 0.005478 0.002332 
4827776 bfs 1 921 42 1.015000 1.155000  0.000017 0.000015 0.000043 0.000090 0.000046 0.000024 
4827776 bfs 1 921 42 1.015000 0.848000  0.000017 0.000015 0.000040 0.000082 0.000041 0.000022 
4827904 bfs 1 921 42 1.015000 0.849000  0.000020 0.000017 0.000046 0.000102 0.000050 0.000025 
4827904 bfs 1 921 42 1.015000 1.389000  0.000017 0.000024 0.000088 0.000177 0.000070 0.000034 
4827904 bfs 1 921 42 1.015000 0.848000  0.000016 0.000015 0.000052 0.000107 0.000060 0.000031 
4827904 bfs 1 921 42 1.015000 1.389000  0.000017 0.000015 0.000040 0.000080 0.000044 0.000023 
4827904 bfs 1 921 42 1.015000 0.849000  0.000017 0.000015 0.000040 0.000078 0.000043 0.000023 
4828032 bfs 1 921 42 1.015000 1.235000  0.000017 0.000015 0.000040 0.000080 0.000044 0.000023 
4828032 bfs 1 921 42 1.015000 0.770000  0.139566 0.556324 0.160803 0.556454 0.000054 0.009920 
4828032 bfs 1 921 42 1.015000 1.233000  0.020669 0.005238 0.011223 0.020760 0.006293 0.002647 
4828032 bfs 1 921 42 1.015000 1.232000  0.000017 0.000015 0.000040 0.000082 0.000043 0.000023 
4828032 bfs 1 921 42 1.015000 0.925000  0.000020 0.000016 0.000044 0.000094 0.000048 0.000024 
4828032 bfs 1 921 42 1.015000 1.233000  0.000021 0.000015 0.000043 0.000093 0.000047 0.000024 
4828160 bfs 1 921 42 1.015000 0.849000  0.000015 0.000014 0.000039 0.000075 0.000040 0.000021 
4828160 bfs 1 921 42 1.015000 1.311000  0.000117 0.000086 0.000201 0.000381 0.000161 0.000077 
4828160 bfs 1 921 42 1.015000 1.389000  0.000013 0.000079 0.000048 0.000164 0.000000 0.000008 
4828160 bfs 1 921 42 1.015000 1.002000  0.000016 0.000015 0.000040 0.000078 0.000043 0.000022 
4828160 bfs 1 921 42 1.015000 1.234000  0.000016 0.000015 0.000040 0.000078 0.000043 0.000022 
4828288 bfs 1 921 42 1.015000 0.848000  0.000797 0.004102 0.001079 0.004212 0.000001 0.000076 
4828288 bfs 1 921 42 1.015000 0.848000  0.000017 0.000014 0.000041 0.000086 0.000045 0.000023 
4828288 bfs 1 921 42 1.015000 0.772000  0.000021 0.000015 0.000042 0.000094 0.000046 0.000024 
4828288 bfs 1 921 42 1.015000 0.770000  0.000020 0.000016 0.000042 0.000089 0.000046 0.000024 
4828288 bfs 1 921 42 1.015000 1.620000  0.000018 0.000015 0.000042 0.000087 0.000045 0.000023 
4828416 bfs 1 921 42 1.015000 0.925000  0.000021 0.000061 0.000138 0.000241 0.000090 0.000040 
4828416 bfs 1 921 42 1.015000 1.233000  0.000021 0.000015 0.000042 0.000092 0.000047 0.000024 
4828416 bfs 1 921 42 1.015000 0.771000  0.000020 0.000016 0.000042 0.000094 0.000047 0.000024 
4828416 bfs 1 921 42 1.015000 0.925000  0.000020 0.000015 0.000042 0.000092 0.000047 0.000024 
4828416 bfs 1 921 42 1.015000 1.234000  0.000017 0.000021 0.000051 0.000101 0.000060 0.000029 
4828416 bfs 1 921 42 1.015000 0.770000  0.000015 0.000014 0.000038 0.000074 0.000039 0.000021 
4828544 bfs 1 921 42 1.015000 1.311000  0.000021 0.000016 0.000042 0.000091 0.000046 0.000024 
4828544 bfs 1 921 42 1.015000 0.771000  0.000015 0.000014 0.000038 0.000080 0.000040 0.000021 
4828544 bfs 1 921 42 1.015000 0.847000  0.000019 0.000015 0.000042 0.000091 0.000046 0.000024 
4828544 bfs 1 921 42 1.015000 0.771000  0.000016 0.000014 0.000039 0.000076 0.000042 0.000022 
4828544 bfs 1 921 42 1.015000 0.772000  0.000020 0.000016 0.000042 0.000091 0.000046 0.000024 
4828672 bfs 1 921 42 1.015000 1.389000  0.000016 0.000014 0.000043 0.000097 0.000048 0.000024 
4828672 bfs 1 921 42 1.015000 0.847000  0.013971 0.051197 0.015745 0.051262 0.000005 0.001005 
4828672 bfs 1 921 42 1.015000 1.156000  0.000019 0.000015 0.000041 0.000090 0.000046 0.000024 
4828672 bfs 1 921 42 1.015000 0.925000  0.000019 0.000014 0.000039 0.000078 0.000041 0.000021 
4828672 bfs 1 921 42 1.015000 1.155000  0.000018 0.000015 0.000041 0.000086 0.000045 0.000023 
4828672 bfs 1 921 42 1.015000 1.080000  0.000016 0.000014 0.000039 0.000076 0.000042 0.000022 
4828800 bfs 1 921 42 1.015000 0.771000  0.000015 0.000021 0.000051 0.000099 0.000058 0.000029 
4828800 bfs 1 921 42 1.015000 1.003000  0.000016 0.000021 0.000051 0.000125 0.000058 0.000032 
4828800 bfs 1 921 42 1.015000 0.926000  0.020296 0.076646 0.023104 0.076766 0.000007 0.001444 
4828800 bfs 1 921 42 1.015000 1.156000  0.000019 0.000015 0.000042 0.000090 0.000047 0.000024 
4828800 bfs 1 921 42 1.015000 0.847000  0.000019 0.000015 0.000040 0.000084 0.000043 0.000022 
4828928 bfs 1 921 42 1.015000 0.847000  0.000020 0.000015 0.000042 0.000099 0.000048 0.000024 
4828928 bfs 1 921 42 1.015000 1.388000  0.000017 0.000015 0.000042 0.000091 0.000046 0.000023 
4828928 bfs 1 921 42 1.015000 0.849000  0.000015 0.000013 0.000038 0.000075 0.000039 0.000021 
4828928 bfs 1 921 42 1.015000 1.234000  0.000016 0.000014 0.000039 0.000077 0.000042 0.000022 
4828928 bfs 1 921 42 1.015000 0.847000  0.000015 0.000014 0.000039 0.000084 0.000041 0.000021 
4828928 bfs 1 921 42 1.015000 1.156000  0.000018 0.000015 0.000041 0.000107 0.000047 0.000024 
4829056 bfs 1 921 42 1.015000 1.387000  0.000017 0.000014 0.000040 0.000090 0.000043 0.000023 
4829056 bfs 1 921 42 1.015000 0.770000  0.000020 0.000015 0.000041 0.000090 0.000046 0.000023 
4829056 bfs 1 921 42 1.015000 1.232000  0.000019 0.000015 0.000042 0.000098 0.000046 0.000023 
4829056 bfs 1 921 42 1.015000 0.772000  0.000016 0.000013 0.000039 0.000083 0.000040 0.000022 
4829056 bfs 1 921 42 1.015000 1.157000  0.000019 0.000015 0.000041 0.000087 0.000044 0.000023 
4829184 bfs 1 921 42 1.015000 0.772000  0.000016 0.000014 0.000039 0.000077 0.000041 0.000022 
4829184 bfs 1 921 42 1.015000 0.926000  0.000019 0.000015 0.000041 0.000089 0.000046 0.000023 
4829184 bfs 1 921 42 1.015000 1.234000  0.000017 0.000014 0.000039 0.000100 0.000051 0.000025 
4829184 bfs 1 921 42 1.015000 0.772000  0.031877 0.119162 0.036155 0.119221 0.000010 0.002276 
4829184 bfs 1 921 42 1.015000 1.157000  0.000016 0.000014 0.000039 0.000076 0.000041 0.000022 
4829184 bfs 1 921 42 1.015000 0.849000  0.000016 0.000014 0.000041 0.000100 0.000044 0.000022 
4829312 bfs 1 921 42 1.015000 0.847000  0.000016 0.000014 0.000039 0.000076 0.000042 0.000022 
4829312 bfs 1 921 42 1.015000 1.311000  0.000016 0.000014 0.000039 0.000082 0.000044 0.000022 
4829312 bfs 1 921 42 1.015000 1.234000  0.000015 0.000013 0.000037 0.000071 0.000038 0.000021 
4829312 bfs 1 921 42 1.015000 1.158000  0.000015 0.000014 0.000039 0.000075 0.000041 0.000022 
4829312 bfs 1 921 42 1.015000 0.772000  0.000016 0.000014 0.000039 0.000084 0.000040 0.000021 
4829440 bfs 1 921 42 1.015000 1.233000  0.000019 0.000015 0.000040 0.000086 0.000044 0.000023 
4829440 bfs 1 921 42 1.015000 0.849000  0.000019 0.000015 0.000041 0.000090 0.000045 0.000023 
4829440 bfs 1 921 42 1.015000 0.849000  0.000019 0.000015 0.000042 0.000087 0.000047 0.000024 
4829440 bfs 1 921 42 1.015000 1.311000  0.000017 0.000014 0.000040 0.000086 0.000044 0.000023 
4829440 bfs 1 921 42 1.015000 0.772000  0.000015 0.000013 0.000037 0.000072 0.000038 0.000025 
4829440 bfs 1 921 42 1.015000 1.234000  0.000036 0.000020 0.000060 0.000116 0.000064 0.000031 
4829568 bfs 1 921 42 1.015000 0.847000  0.000017 0.000014 0.000039 0.000082 0.000041 0.000021 
4829568 bfs 1 921 42 1.015000 0.848000  0.000015 0.000013 0.000037 0.000072 0.000039 0.000020 
4829568 bfs 1 921 42 1.015000 0.847000  0.000018 0.000014 0.000040 0.000087 0.000045 0.000023 
4829568 bfs 1 921 42 1.015000 1.157000  0.000019 0.000014 0.000040 0.000087 0.000045 0.000023 
4829696 bfs 1 921 42 1.015000 0.925000  0.000015 0.000013 0.000037 0.000077 0.000038 0.000020 
4829696 bfs 1 921 42 1.015000 1.157000  0.000018 0.000015 0.000041 0.000086 0.000046 0.000023 
4829696 bfs 1 921 42 1.015000 1.464000  0.000015 0.000014 0.000038 0.000074 0.000040 0.000021 
4829696 bfs 1 921 42 1.015000 0.848000  0.000020 0.000015 0.000040 0.000089 0.000046 0.000023 
4829696 bfs 1 921 42 1.015000 1.233000  0.000015 0.000014 0.000049 0.000107 0.000050 0.000028 
4829696 bfs 1 921 42 1.015000 0.849000  0.044158 0.168866 0.050386 0.168956 0.000015 0.003162 
4829824 bfs 1 921 42 1.015000 1.080000  0.000019 0.000015 0.000040 0.000088 0.000045 0.000023 
4829824 bfs 1 921 42 1.015000 0.772000  0.000015 0.000014 0.000038 0.000075 0.000040 0.000021 
4829824 bfs 1 921 42 1.015000 0.926000  0.000016 0.000014 0.000038 0.000075 0.000040 0.000021 
4829824 bfs 1 921 42 1.015000 1.233000  0.000016 0.000014 0.000039 0.000081 0.000042 0.000022 
4829824 bfs 1 921 42 1.015000 0.925000  0.000014 0.000013 0.000036 0.000069 0.000037 0.000020 
4829952 bfs 1 921 42 1.015000 1.467000  0.000015 0.000020 0.000049 0.000119 0.000056 0.000031 
4829952 bfs 1 921 42 1.015000 0.771000  0.000018 0.000013 0.000037 0.000075 0.000038 0.000020 
4829952 bfs 1 921 42 1.015000 1.234000  0.000018 0.000014 0.000040 0.000087 0.000045 0.000023 
4829952 bfs 1 921 42 1.015000 0.771000  0.000016 0.000014 0.000038 0.000076 0.000040 0.000021 
4829952 bfs 1 921 42 1.015000 0.770000  0.000015 0.000014 0.000038 0.000073 0.000040 0.000021 
4829952 bfs 1 921 42 1.015000 1.310000  0.014005 0.012620 0.034722 0.068345 0.039670 0.020364 
4830080 bfs 1 921 42 1.015000 0.771000  0.010627 0.008977 0.024141 0.050195 0.026207 0.013390 
4830080 bfs 1 921 42 1.015000 1.233000  0.016468 0.008305 0.020999 0.051571 0.022057 0.010828 
4830080 bfs 1 921 42 1.015000 1.080000  0.003990 0.003527 0.009805 0.018782 0.010135 0.005436 
4830080 bfs 1 921 42 1.015000 1.156000  0.003111 0.002806 0.007771 0.015050 0.008266 0.004347 
4830080 bfs 1 921 42 1.015000 0.771000  0.003414 0.002673 0.007383 0.015965 0.008189 0.004093 
4830208 bfs 1 921 42 1.015000 1.158000  0.003095 0.002398 0.006547 0.014204 0.007262 0.003718 
4830208 bfs 1 921 42 1.015000 1.388000  0.002279 0.002038 0.005611 0.011446 0.006051 0.003172 
4830208 bfs 1 921 42 1.015000 0.849000  0.002535 0.001966 0.005387 0.011478 0.005895 0.003027 
4830208 bfs 1 921 42 1.015000 1.232000  0.001838 0.001679 0.004644 0.008936 0.004893 0.002587 
4830208 bfs 1 921 42 1.015000 0.926000  0.102154 0.024551 0.052133 0.102247 0.029265 0.012621 
4830208 bfs 1 921 42 1.015000 1.079000  0.001663 0.001528 0.004207 0.008074 0.004488 0.002349 
4830336 bfs 1 921 42 1.015000 0.847000  0.001507 0.001347 0.003700 0.007256 0.003974 0.002065 
4830336 bfs 1 921 42 1.015000 0.771000  0.001333 0.001229 0.003382 0.006438 0.003597 0.001894 
4830336 bfs 1 921 42 1.015000 1.388000  0.001388 0.001101 0.002994 0.006344 0.003280 0.001663 
4830336 bfs 1 921 42 1.015000 0.849000  0.000290 0.000248 0.000702 0.001426 0.000903 0.000437 
4830336 bfs 1 921 42 1.015000 0.925000  0.001259 0.000959 0.002620 0.005714 0.002907 0.001491 
4830464 bfs 1 921 42 1.015000 0.770000  0.001398 0.000910 0.002548 0.006223 0.002581 0.001330 
4830464 bfs 1 921 42 1.015000 1.157000  0.001083 0.000814 0.002116 0.006209 0.002458 0.001239 
4830464 bfs 1 921 42 1.015000 1.002000  0.000829 0.000705 0.001991 0.004188 0.002152 0.001124 
4830464 bfs 1 921 42 1.015000 0.925000  0.000906 0.000672 0.001836 0.004037 0.002061 0.001049 
4830464 bfs 1 921 42 1.015000 0.616000  0.000828 0.000611 0.001677 0.003541 0.001814 0.000975 
4830464 bfs 1 921 42 1.015000 0.539000  0.000632 0.000565 0.001569 0.003044 0.001614 0.000870 
4830592 bfs 1 921 42 1.015000 0.616000  0.000745 0.000614 0.001675 0.003495 0.001866 0.000945 
4830592 bfs 1 921 42 1.015000 0.848000  0.000564 0.000525 0.001469 0.002858 0.001523 0.000813 
4830592 bfs 1 921 42 1.015000 1.311000  0.000594 0.000541 0.001487 0.002893 0.001596 0.000834 
4830592 bfs 1 921 42 1.015000 0.848000  0.000601 0.000516 0.001454 0.002998 0.001501 0.000801 
4830592 bfs 1 921 42 1.015000 1.158000  0.000528 0.000488 0.001337 0.002569 0.001426 0.000752 
4830720 bfs 1 921 42 1.015000 0.848000  0.000525 0.000468 0.001281 0.002533 0.001369 0.000718 
4830720 bfs 1 921 42 1.015000 0.848000  0.000492 0.000456 0.001247 0.002450 0.001370 0.000721 
4830720 bfs 1 921 42 1.015000 1.310000  0.000470 0.000427 0.001173 0.002277 0.001256 0.000658 
4830720 bfs 1 921 42 1.015000 0.848000  0.000547 0.000419 0.001167 0.002443 0.001206 0.000632 
4830720 bfs 1 921 42 1.015000 1.155000  0.000568 0.000442 0.001192 0.002538 0.001303 0.000671 
4830720 bfs 1 921 42 1.015000 0.849000  0.000436 0.000401 0.001102 0.002161 0.001165 0.000617 
4830848 bfs 1 921 42 1.015000 0.848000  0.000420 0.000396 0.001084 0.002105 0.001159 0.000712 
4830848 bfs 1 921 42 1.015000 1.388000  0.000416 0.000373 0.001021 0.001999 0.001095 0.000572 
4830848 bfs 1 921 42 1.015000 0.925000  0.000389 0.000345 0.000965 0.001894 0.001093 0.000562 
4830848 bfs 1 921 42 1.015000 1.002000  0.000428 0.000358 0.000984 0.001951 0.001052 0.000550 
4830848 bfs 1 921 42 1.015000 0.849000  0.000496 0.000355 0.000971 0.002138 0.001012 0.000533 
4830976 bfs 1 921 42 1.015000 1.155000  0.000450 0.000365 0.000991 0.002143 0.001113 0.000573 
4830976 bfs 1 921 42 1.015000 0.848000  0.000374 0.000342 0.000941 0.001838 0.001005 0.000526 
4830976 bfs 1 921 42 1.015000 0.848000  0.000463 0.000357 0.000982 0.002128 0.001093 0.000558 
4830976 bfs 1 921 42 1.015000 1.387000  0.000464 0.000340 0.000936 0.002025 0.001016 0.000531 
4830976 bfs 1 921 42 1.015000 1.002000  0.000346 0.000308 0.000863 0.001690 0.000893 0.000477 
4830976 bfs 1 921 42 1.015000 1.312000  0.002506 0.001877 0.005153 0.012012 0.005815 0.002940 
4831104 bfs 1 921 42 1.015000 1.388000  0.000009 0.000079 0.000042 0.000164 0.000000 0.000006 
4831104 bfs 1 921 42 1.015000 1.001000  0.000317 0.000296 0.000816 0.001591 0.000867 0.000462 
4831104 bfs 1 921 42 1.015000 1.234000  0.000316 0.000285 0.000785 0.001530 0.000841 0.000440 
4831104 bfs 1 921 42 1.015000 0.849000  0.000302 0.000553 0.001312 0.002810 0.001186 0.000576 
4831104 bfs 1 921 42 1.015000 1.234000  0.000326 0.000292 0.000786 0.001732 0.000884 0.000452 
4831232 bfs 1 921 42 1.015000 0.848000  0.000286 0.000260 0.000722 0.001419 0.000745 0.000399 
4831232 bfs 1 921 42 1.015000 0.847000  0.000375 0.000295 0.000794 0.001723 0.000889 0.000452 
4831232 bfs 1 921 42 1.015000 0.848000  0.000289 0.000266 0.000733 0.001440 0.000780 0.000413 
4831232 bfs 1 921 42 1.015000 0.926000  0.000356 0.000290 0.000793 0.001708 0.000876 0.000444 
4831232 bfs 1 921 42 1.015000 1.080000  0.000288 0.000383 0.000922 0.001953 0.001075 0.000523 
4831232 bfs 1 921 42 1.015000 0.847000  0.000286 0.000257 0.000703 0.001415 0.000729 0.000387 
4831360 bfs 1 921 42 1.015000 0.770000  0.000322 0.000272 0.000741 0.001529 0.000818 0.000416 
4831360 bfs 1 921 42 1.015000 0.771000  0.000345 0.000267 0.000730 0.001554 0.000815 0.000412 
4831360 bfs 1 921 42 1.015000 0.462000  0.000318 0.000262 0.000722 0.001490 0.000788 0.000406 
4831360 bfs 1 921 42 1.015000 0.847000  0.000277 0.000381 0.000902 0.002488 0.001071 0.000563 
4831360 bfs 1 921 42 1.015000 0.385000  0.000262 0.000444 0.001066 0.002280 0.000980 0.000479 
4831488 bfs 1 921 42 1.015000 0.771000  0.000326 0.000256 0.000687 0.001484 0.000767 0.000389 
4831488 bfs 1 921 42 1.015000 0.385000  0.000264 0.000227 0.000629 0.001282 0.000646 0.000344 
4831488 bfs 1 921 42 1.015000 0.385000  0.000303 0.000247 0.000677 0.001428 0.000748 0.000383 
4831488 bfs 1 921 41 1.015000 0.308000  0.000256 0.000228 0.000644 0.001334 0.000690 0.000358 
4831488 bfs 1 921 41 1.015000 0.308000  0.000285 0.000244 0.000685 0.001390 0.000741 0.000379 
4831488 bfs 1 921 42 1.015000 0.849000  0.000308 0.000236 0.000650 0.001374 0.000721 0.000370 
4831616 bfs 1 921 42 1.015000 0.385000  0.000314 0.000229 0.000635 0.001296 0.000647 0.000341 
4831616 bfs 1 921 42 1.015000 0.694000  0.000272 0.000228 0.000637 0.001354 0.000698 0.000357 
4831616 bfs 1 921 42 1.015000 0.386000  0.152843 0.038338 0.084187 0.152920 0.045378 0.019951 
4831616 bfs 1 921 42 1.015000 0.386000  0.000287 0.000240 0.000655 0.001349 0.000721 0.000362 
4831616 bfs 1 921 42 1.015000 0.694000  0.000287 0.000231 0.000644 0.001318 0.000675 0.000349 
4831744 bfs 1 921 42 1.015000 0.308000  0.000224 0.000203 0.000566 0.001092 0.000584 0.000313 
4831744 bfs 1 921 42 1.015000 0.770000  0.000241 0.000212 0.000583 0.001148 0.000757 0.000378 
