#Timestamp	Benchmark	Run(#)	CPU Frequency (MHz)	CPU Temperature(C)	CPU Voltage(V)	CPU Power(W)	CPU_CYCLES	L1_DATA_CACHE_ACCESS	INSTRUCTIONS_RETIRED	BUS_CYCLES	L1I_CACHE_ACCESS	PREDICTABLE_BRANCH_SPECULATIVELY_EXECUTED
5493632 particle_filter 1 1224 45 1.072000 1.388000  0.000028 0.000019 0.000053 0.000131 0.000059 0.000030 
5493632 particle_filter 1 1224 45 1.072000 1.618000  0.000025 0.000020 0.000054 0.000115 0.000059 0.000030 
5493632 particle_filter 1 1224 45 1.072000 1.080000  0.000116 0.000034 0.000092 0.000297 0.000082 0.000038 
5493632 particle_filter 1 1224 46 1.072000 1.002000  0.000005 0.000005 0.000013 0.000027 0.000017 0.000008 
5493760 particle_filter 1 1224 46 1.072000 1.002000  0.000024 0.000019 0.000053 0.000118 0.000059 0.000030 
5493760 particle_filter 1 1224 46 1.072000 1.695000  0.000022 0.000032 0.000076 0.000225 0.000088 0.000041 
5493760 particle_filter 1 1224 45 1.072000 1.541000  0.000027 0.000019 0.000051 0.000132 0.000058 0.000030 
5493760 particle_filter 1 1224 45 1.072000 1.080000  0.000021 0.000018 0.000050 0.000102 0.000052 0.000028 
5493760 particle_filter 1 1224 45 1.072000 0.924000  0.000025 0.000019 0.000053 0.000113 0.000059 0.000030 
5493888 particle_filter 1 1224 45 1.072000 1.003000  0.000020 0.000018 0.000050 0.000098 0.000053 0.000028 
5493888 particle_filter 1 1224 45 1.072000 1.543000  0.000025 0.000020 0.000053 0.000114 0.000057 0.000029 
5493888 particle_filter 1 1224 45 1.072000 1.465000  0.000024 0.000019 0.000053 0.000116 0.000058 0.000030 
5493888 particle_filter 1 1224 45 1.072000 1.079000  0.000008 0.000066 0.000032 0.000117 0.000000 0.000005 
5493888 particle_filter 1 1224 45 1.072000 1.465000  0.000028 0.000020 0.000053 0.000144 0.000057 0.000029 
5493888 particle_filter 1 1224 45 1.072000 1.156000  0.000020 0.000018 0.000050 0.000104 0.000052 0.000028 
5494016 particle_filter 1 1224 45 1.072000 0.693000  0.000021 0.000018 0.000049 0.000098 0.000052 0.000028 
5494016 particle_filter 1 1224 45 1.072000 2.237000  0.000020 0.000018 0.000049 0.000095 0.000052 0.000027 
5494016 particle_filter 1 1224 45 1.072000 1.002000  0.000020 0.000017 0.000047 0.000093 0.000049 0.000026 
5494016 particle_filter 1 1224 45 1.072000 1.465000  0.000020 0.000018 0.000049 0.000096 0.000052 0.000027 
5494016 particle_filter 1 1224 44 1.072000 1.002000  0.000020 0.000018 0.000049 0.000095 0.000052 0.000027 
5494016 particle_filter 1 1224 44 1.072000 1.542000  0.000022 0.000018 0.000051 0.000114 0.000056 0.000029 
5494144 particle_filter 1 1224 44 1.072000 1.696000  0.000022 0.000018 0.000050 0.000112 0.000054 0.000028 
5494144 particle_filter 1 1224 45 1.072000 1.079000  0.000018 0.000017 0.000110 0.000269 0.000092 0.000043 
5494144 particle_filter 1 1224 45 1.072000 1.311000  0.000020 0.000018 0.000048 0.000093 0.000051 0.000027 
5494144 particle_filter 1 1224 44 1.072000 0.847000  0.000022 0.000018 0.000048 0.000101 0.000052 0.000027 
5494144 particle_filter 1 1224 44 1.072000 0.925000  0.000024 0.000018 0.000051 0.000118 0.000058 0.000029 
5494272 particle_filter 1 1224 45 1.072000 1.465000  0.000019 0.000018 0.000048 0.000095 0.000052 0.000027 
5494272 particle_filter 1 1224 45 1.072000 1.465000  0.000019 0.000025 0.000062 0.000128 0.000072 0.000035 
5494272 particle_filter 1 1224 45 1.072000 1.465000  0.000036 0.000026 0.000074 0.000168 0.000083 0.000042 
5494272 particle_filter 1 1224 45 1.072000 1.002000  -0.889093 0.260171 0.755156 -0.889050 0.367178 0.143143 
5494272 particle_filter 1 1224 45 1.072000 1.466000  0.000042 0.000024 0.000061 0.000172 0.000066 0.000032 
5494400 particle_filter 1 1224 45 1.072000 1.388000  0.000083 0.000032 0.000080 0.000328 0.000086 0.000040 
5494400 particle_filter 1 1224 45 1.072000 1.464000  0.000024 0.000019 0.000052 0.000116 0.000057 0.000029 
5494400 particle_filter 1 1224 44 1.072000 1.465000  0.000020 0.000017 0.000050 0.000131 0.000053 0.000027 
5494400 particle_filter 1 1224 45 1.072000 1.080000  0.000023 0.000018 0.000051 0.000111 0.000056 0.000028 
5494400 particle_filter 1 1224 45 1.072000 1.928000  0.000019 0.000017 0.000048 0.000101 0.000051 0.000027 
5494400 particle_filter 1 1224 45 1.072000 1.002000  0.043098 0.008816 0.022005 0.043201 0.012902 0.005397 
5494528 particle_filter 1 1224 45 1.072000 1.542000  0.000020 0.000018 0.000049 0.000110 0.000055 0.000028 
5494528 particle_filter 1 1224 45 1.072000 1.001000  0.000019 0.000021 0.000056 0.000112 0.000055 0.000030 
5494528 particle_filter 1 1224 45 1.072000 1.080000  0.000019 0.000017 0.000047 0.000093 0.000050 0.000026 
5494528 particle_filter 1 1224 45 1.072000 2.005000  0.000005 0.000004 0.000012 0.000026 0.000016 0.000008 
5494528 particle_filter 1 1224 45 1.072000 1.002000  0.000018 0.000016 0.000045 0.000086 0.000046 0.000025 
5494528 particle_filter 1 1224 45 1.072000 1.618000  0.000029 0.000020 0.000055 0.000143 0.000057 0.000028 
5494656 particle_filter 1 1224 45 1.072000 1.080000  0.000026 0.000017 0.000047 0.000106 0.000049 0.000026 
5494656 particle_filter 1 1224 45 1.072000 1.079000  0.000019 0.000016 0.000051 0.000130 0.000053 0.000027 
5494656 particle_filter 1 1224 45 1.072000 1.541000  0.000019 0.000017 0.000047 0.000108 0.000054 0.000027 
5494656 particle_filter 1 1224 45 1.072000 0.693000  0.000019 0.000017 0.000046 0.000091 0.000049 0.000026 
5494656 particle_filter 1 1224 45 1.072000 2.081000  0.027031 0.132987 0.039464 0.133044 0.000015 0.001630 
5494784 particle_filter 1 1224 45 1.072000 1.002000  0.000019 0.000017 0.000046 0.000096 0.000050 0.000026 
5494784 particle_filter 1 1224 45 1.072000 2.080000  0.000021 0.000017 0.000047 0.000100 0.000051 0.000026 
5494784 particle_filter 1 1224 45 1.072000 1.002000  0.000019 0.000017 0.000046 0.000091 0.000049 0.000026 
5494784 particle_filter 1 1224 45 1.072000 1.541000  0.000007 0.000006 0.000016 0.000034 0.000024 0.000011 
5494784 particle_filter 1 1224 45 1.072000 1.619000  0.000018 0.000016 0.000045 0.000105 0.000048 0.000025 
5494784 particle_filter 1 1224 45 1.072000 0.925000  0.000021 0.000018 0.000049 0.000108 0.000055 0.000028 
5494912 particle_filter 1 1224 45 1.072000 0.925000  0.000027 0.000017 0.000048 0.000114 0.000052 0.000026 
5494912 particle_filter 1 1224 45 1.072000 1.002000  0.000019 0.000016 0.000059 0.000117 0.000068 0.000033 
5494912 particle_filter 1 1224 45 1.072000 1.464000  0.000098 0.000028 0.000069 0.000182 0.000070 0.000033 
5494912 particle_filter 1 1224 44 1.072000 1.157000  0.000021 0.000017 0.000047 0.000103 0.000052 0.000027 
5494912 particle_filter 1 1224 44 1.072000 1.080000  0.000022 0.000017 0.000048 0.000107 0.000053 0.000026 
5495040 particle_filter 1 1224 44 1.072000 1.465000  0.000021 0.000017 0.000047 0.000105 0.000053 0.000027 
5495040 particle_filter 1 1224 44 1.072000 1.465000  0.000022 0.000017 0.000045 0.000094 0.000047 0.000024 
5495040 particle_filter 1 1224 44 1.072000 1.619000  0.000019 0.000016 0.000044 0.000090 0.000048 0.000025 
5495040 particle_filter 1 1224 44 1.072000 1.388000  0.000022 0.000017 0.000046 0.000103 0.000052 0.000026 
5495040 particle_filter 1 1224 45 1.072000 1.926000  0.000027 0.000017 0.000048 0.000114 0.000054 0.000027 
5495040 particle_filter 1 1224 44 1.072000 1.002000  0.000017 0.000015 0.000042 0.000082 0.000043 0.000023 
5495168 particle_filter 1 1224 44 1.072000 1.156000  0.000021 0.000016 0.000046 0.000100 0.000051 0.000026 
5495168 particle_filter 1 1224 45 1.072000 1.080000  0.000020 0.000016 0.000045 0.000105 0.000051 0.000026 
5495168 particle_filter 1 1224 45 1.072000 1.387000  0.000022 0.000017 0.000045 0.000104 0.000051 0.000026 
5495168 particle_filter 1 1224 45 1.072000 1.850000  0.000019 0.000016 0.000046 0.000106 0.000051 0.000026 
5495168 particle_filter 1 1224 45 1.072000 1.156000  0.000017 0.000015 0.000042 0.000083 0.000042 0.000023 
5495296 particle_filter 1 1224 45 1.072000 1.387000  0.000021 0.000017 0.000047 0.000103 0.000052 0.000027 
5495296 particle_filter 1 1224 45 1.072000 1.002000  0.000027 0.000017 0.000046 0.000115 0.000051 0.000026 
5495296 particle_filter 1 1224 45 1.072000 1.078000  0.000021 0.000016 0.000045 0.000098 0.000049 0.000025 
5495296 particle_filter 1 1224 45 1.072000 1.850000  0.000019 0.000016 0.000045 0.000099 0.000050 0.000026 
5495296 particle_filter 1 1224 45 1.072000 1.080000  0.000017 0.000015 0.000041 0.000083 0.000043 0.000023 
5495296 particle_filter 1 1224 44 1.072000 1.002000  0.000019 0.000022 0.000055 0.000113 0.000064 0.000031 
5495424 particle_filter 1 1224 44 1.072000 1.618000  0.000018 0.000016 0.000043 0.000085 0.000046 0.000024 
5495424 particle_filter 1 1224 44 1.072000 0.693000  0.000005 0.000004 0.000011 0.000023 0.000014 0.000007 
