#Timestamp	Benchmark	Run(#)	CPU Frequency (MHz)	CPU Temperature(C)	CPU Voltage(V)	CPU Power(W)	CPU_CYCLES	L1_DATA_CACHE_ACCESS	INSTRUCTIONS_RETIRED	BUS_CYCLES	L1I_CACHE_ACCESS	PREDICTABLE_BRANCH_SPECULATIVELY_EXECUTED
3200768 b+tree 1 403 36 0.842000 0.617000  0.000028 0.000025 0.000069 0.000137 0.000070 0.000038 
3200768 b+tree 1 403 36 0.842000 0.616000  0.000012 0.000076 0.000065 0.000213 0.000000 0.000011 
3200768 b+tree 1 403 36 0.842000 0.462000  0.000027 0.000024 0.000068 0.000129 0.000070 0.000038 
3200896 b+tree 1 403 36 0.842000 0.463000  0.000396 0.000530 0.001279 0.003069 0.001503 0.000815 
3200896 b+tree 1 403 36 0.842000 0.462000  0.000026 0.000024 0.000068 0.000130 0.000070 0.000038 
3200896 b+tree 1 403 36 0.842000 0.617000  0.000032 0.000027 0.000074 0.000148 0.000082 0.000044 
3200896 b+tree 1 403 36 0.842000 0.463000  0.000027 0.000025 0.000070 0.000135 0.000074 0.000039 
3200896 b+tree 1 403 36 0.842000 0.462000  0.000032 0.000030 0.000077 0.000156 0.000079 0.000040 
3201024 b+tree 1 403 36 0.842000 0.463000  0.000035 0.000026 0.000071 0.000140 0.000074 0.000038 
3201024 b+tree 1 403 36 0.842000 0.385000  0.000025 0.000024 0.000067 0.000128 0.000069 0.000037 
3201024 b+tree 1 403 36 0.842000 0.463000  0.000032 0.000026 0.000070 0.000135 0.000072 0.000038 
3201024 b+tree 1 403 36 0.842000 0.386000  0.000026 0.000024 0.000067 0.000130 0.000069 0.000037 
3201024 b+tree 1 403 36 0.842000 0.463000  0.000031 0.000026 0.000073 0.000153 0.000080 0.000042 
3201152 b+tree 1 403 36 0.842000 0.385000  0.000026 0.000024 0.000067 0.000127 0.000068 0.000037 
3201152 b+tree 1 403 36 0.842000 0.540000  0.000034 0.000028 0.000077 0.000156 0.000083 0.000042 
3201152 b+tree 1 403 36 0.842000 0.539000  0.000030 0.000025 0.000071 0.000138 0.000073 0.000039 
3201152 b+tree 1 403 36 0.842000 0.385000  0.000027 0.000025 0.000090 0.000182 0.000091 0.000051 
3201152 b+tree 1 403 36 0.842000 0.462000  0.000027 0.000025 0.000070 0.000139 0.000073 0.000039 
3201280 b+tree 1 403 36 0.842000 0.463000  0.000031 0.000036 0.000088 0.000200 0.000098 0.000046 
3201280 b+tree 1 403 36 0.842000 0.694000  0.000006 0.000006 0.000018 0.000035 0.000023 0.000011 
3201280 b+tree 1 403 36 0.842000 0.617000  0.000032 0.000027 0.000075 0.000150 0.000078 0.000040 
3201280 b+tree 1 403 36 0.842000 0.771000  0.000027 0.000025 0.000069 0.000132 0.000073 0.000038 
3201280 b+tree 1 403 36 0.842000 0.617000  0.000025 0.000024 0.000066 0.000125 0.000067 0.000037 
3201408 b+tree 1 403 36 0.842000 0.694000  0.000036 0.000028 0.000074 0.000157 0.000080 0.000041 
3201408 b+tree 1 403 36 0.842000 0.462000  0.000035 0.000025 0.000068 0.000135 0.000069 0.000037 
3201408 b+tree 1 403 36 0.842000 0.693000  0.000027 0.000025 0.000069 0.000131 0.000073 0.000044 
3201408 b+tree 1 403 36 0.842000 0.463000  0.000021 0.000020 0.000055 0.000104 0.000056 0.000030 
3201408 b+tree 1 403 36 0.842000 0.617000  0.000032 0.000026 0.000073 0.000153 0.000080 0.000040 
3201536 b+tree 1 403 36 0.842000 0.463000  0.000026 0.000025 0.000070 0.000136 0.000071 0.000038 
3201536 b+tree 1 403 36 0.842000 0.616000  0.000027 0.000025 0.000080 0.000200 0.000093 0.000045 
3201536 b+tree 1 403 36 0.842000 0.694000  0.000026 0.000025 0.000069 0.000138 0.000070 0.000037 
3201536 b+tree 1 403 37 0.842000 0.616000  0.000031 0.000026 0.000071 0.000145 0.000077 0.000040 
3201536 b+tree 1 403 36 0.842000 0.617000  0.000237 0.000220 0.000614 0.001173 0.000641 0.000341 
3201664 b+tree 1 403 36 0.842000 0.540000  0.000031 0.000026 0.000071 0.000146 0.000078 0.000040 
3201664 b+tree 1 403 36 0.842000 0.694000  0.000031 0.000025 0.000070 0.000143 0.000071 0.000038 
3201664 b+tree 1 403 36 0.842000 0.694000  0.000198 0.000146 0.000399 0.000908 0.002537 0.001052 
3201664 b+tree 1 403 36 0.842000 0.617000  0.000028 0.000036 0.000087 0.000207 0.000100 0.000055 
3201792 b+tree 1 403 36 0.842000 0.462000  0.072442 0.023832 0.051210 0.072688 0.027756 0.011365 
3201792 b+tree 1 403 36 0.842000 0.617000  0.000025 0.000023 0.000065 0.000125 0.000067 0.000036 
3201792 b+tree 1 403 36 0.842000 0.770000  0.000007 0.000006 0.000018 0.000035 0.000022 0.000011 
3201792 b+tree 1 403 36 0.842000 0.848000  0.000032 0.000024 0.000067 0.000136 0.000069 0.000037 
3201792 b+tree 1 403 36 0.842000 0.772000  0.000028 0.000039 0.000091 0.000187 0.000106 0.000051 
3201920 b+tree 1 403 36 0.842000 0.771000  0.000027 0.000024 0.000067 0.000130 0.000072 0.000038 
3201920 b+tree 1 403 36 0.842000 0.693000  0.000208 0.000183 0.000510 0.001017 0.000532 0.000283 
3201920 b+tree 1 403 36 0.842000 0.770000  0.000032 0.000026 0.000072 0.000150 0.000079 0.000040 
3201920 b+tree 1 403 36 0.842000 0.848000  0.000025 0.000023 0.000065 0.000132 0.000068 0.000036 
3202048 b+tree 1 403 36 0.842000 0.771000  0.000031 0.000025 0.000070 0.000148 0.000077 0.000039 
3202048 b+tree 1 403 36 0.842000 0.847000  0.039693 0.119111 0.052365 0.119183 0.000012 0.002288 
3202048 b+tree 1 403 36 0.842000 0.848000  0.000030 0.000025 0.000070 0.000147 0.000075 0.000039 
3202048 b+tree 1 403 36 0.842000 0.772000  0.000230 0.000182 0.000478 0.000974 0.000515 0.000264 
3202048 b+tree 1 403 36 0.842000 0.772000  0.000049 0.000026 0.000069 0.000150 0.000074 0.000038 
3202176 b+tree 1 403 36 0.842000 0.925000  0.000025 0.000023 0.000066 0.000135 0.000069 0.000037 
3202176 b+tree 1 403 36 0.842000 0.771000  0.000027 0.000024 0.000085 0.000177 0.000099 0.000050 
3202176 b+tree 1 403 36 0.842000 0.616000  0.000034 0.000026 0.000070 0.000147 0.000077 0.000039 
3202176 b+tree 1 403 36 0.842000 0.616000  0.000025 0.000022 0.000063 0.000122 0.000064 0.000036 
3202176 b+tree 1 403 36 0.842000 0.771000  0.000026 0.000024 0.000068 0.000139 0.000073 0.000038 
3202304 b+tree 1 403 36 0.842000 0.616000  0.000024 0.000022 0.000063 0.000118 0.000064 0.000034 
3202304 b+tree 1 403 36 0.842000 0.770000  0.141040 0.045409 0.097686 0.141649 0.050351 0.022433 
3202304 b+tree 1 403 37 0.842000 0.694000  0.000026 0.000055 0.000118 0.000315 0.000107 0.000050 
3202304 b+tree 1 403 37 0.842000 0.771000  0.000032 0.000026 0.000071 0.000160 0.000080 0.000039 
3202432 b+tree 1 403 36 0.842000 0.694000  0.000024 0.000022 0.000064 0.000127 0.000067 0.000036 
3202432 b+tree 1 403 36 0.842000 0.617000  0.000031 0.000025 0.000069 0.000144 0.000076 0.000039 
3202432 b+tree 1 403 36 0.842000 0.616000  0.000028 0.000024 0.000067 0.000135 0.000069 0.000036 
3202432 b+tree 1 403 36 0.842000 0.617000  0.000186 0.000142 0.000384 0.000880 0.000432 0.005150 
3202432 b+tree 1 403 37 0.842000 0.694000  0.000146 0.000195 0.000473 0.000943 0.000555 0.000270 
3202560 b+tree 1 403 36 0.842000 0.694000  0.000087 0.000058 0.000129 0.000315 0.000132 0.000059 
3202560 b+tree 1 403 36 0.842000 0.616000  0.000025 0.000034 0.000083 0.000194 0.000095 0.000687 
3202560 b+tree 1 403 36 0.842000 0.616000  0.000140 0.000130 0.000358 0.000691 0.000382 0.000202 
3202560 b+tree 1 403 36 0.842000 0.463000  0.000029 0.000024 0.000065 0.000125 0.000066 0.000035 
3202688 b+tree 1 403 36 0.842000 0.616000  0.000026 0.000023 0.000064 0.000123 0.000083 0.000041 
3202688 b+tree 1 403 36 0.842000 0.616000  0.000024 0.000022 0.000061 0.000116 0.000062 0.000034 
3202688 b+tree 1 403 36 0.842000 0.616000  0.022683 0.008377 0.018177 0.023229 0.009555 0.004411 
3202688 b+tree 1 403 36 0.842000 0.540000  0.000142 0.001605 0.003587 0.002756 0.001606 0.000901 
3202688 b+tree 1 403 36 0.842000 0.616000  0.000025 0.000023 0.000064 0.000123 0.000067 0.000035 
3202816 b+tree 1 403 36 0.842000 0.462000  0.000024 0.000022 0.000061 0.000118 0.000063 0.000034 
3202816 b+tree 1 403 36 0.842000 0.617000  0.000025 0.000023 0.000063 0.000121 0.000070 0.000036 
3202816 b+tree 1 403 36 0.842000 0.540000  0.000024 0.000022 0.000061 0.000116 0.000062 0.000034 
3202816 b+tree 1 403 36 0.842000 0.617000  0.000026 0.000034 0.000083 0.000206 0.000096 0.000051 
3202816 b+tree 1 403 36 0.842000 0.463000  0.000024 0.000022 0.000063 0.000125 0.000064 0.000034 
3202944 b+tree 1 403 36 0.842000 0.617000  0.000010 0.000057 0.000052 0.000158 0.000000 0.000009 
3202944 b+tree 1 403 36 0.842000 0.385000  0.000028 0.000023 0.000064 0.000147 0.000070 0.000036 
3202944 b+tree 1 403 36 0.842000 0.694000  0.000027 0.000023 0.000065 0.000135 0.000073 0.000037 
3202944 b+tree 1 403 36 0.842000 0.694000  0.000024 0.000023 0.000063 0.000131 0.000067 0.000035 
3202944 b+tree 1 403 36 0.842000 0.617000  0.000030 0.000024 0.000069 0.000145 0.000076 0.000039 
3203072 b+tree 1 403 36 0.842000 0.617000  0.000027 0.000023 0.000063 0.000130 0.000066 0.000035 
3203072 b+tree 1 403 36 0.842000 0.617000  0.000029 0.000024 0.000066 0.000138 0.000073 0.000037 
3203072 b+tree 1 403 36 0.842000 0.616000  0.000027 0.000023 0.000064 0.000129 0.000065 0.000035 
3203072 b+tree 1 403 36 0.842000 0.616000  0.000030 0.000024 0.000065 0.000133 0.000072 0.000037 
3203072 b+tree 1 403 36 0.842000 0.694000  0.000027 0.000023 0.000065 0.000130 0.000067 0.000035 
3203200 b+tree 1 403 36 0.842000 0.539000  0.000025 0.000033 0.000090 0.000229 0.000095 0.000045 
3203200 b+tree 1 403 36 0.842000 0.695000  0.000023 0.000023 0.000064 0.000128 0.000066 0.000035 
3203200 b+tree 1 403 36 0.842000 0.540000  0.000029 0.000023 0.000065 0.000134 0.000071 0.000037 
3203200 b+tree 1 403 36 0.842000 0.694000  0.000024 0.000022 0.000061 0.000124 0.000065 0.000035 
3203200 b+tree 1 403 36 0.842000 0.539000  0.000031 0.000026 0.000069 0.000147 0.000074 0.000037 
3203328 b+tree 1 403 36 0.842000 0.694000  0.000025 0.000025 0.000066 0.000133 0.000069 0.000036 
3203328 b+tree 1 403 36 0.842000 0.616000  0.000030 0.000024 0.000066 0.000133 0.000071 0.000037 
3203328 b+tree 1 403 36 0.842000 0.693000  0.178062 0.057541 0.124358 0.178831 0.065083 0.029742 
3203328 b+tree 1 403 36 0.842000 0.463000  0.000023 0.000021 0.000060 0.000115 0.000061 0.000033 
3203456 b+tree 1 403 36 0.842000 0.694000  0.000025 0.000022 0.000062 0.000119 0.000065 0.000034 
3203456 b+tree 1 403 36 0.842000 0.463000  0.000023 0.000021 0.000059 0.000111 0.000061 0.000033 
3203456 b+tree 1 403 36 0.842000 0.694000  0.000030 0.000024 0.000064 0.000127 0.000068 0.000037 
3203456 b+tree 1 403 36 0.842000 0.540000  0.000022 0.000021 0.000059 0.000112 0.000061 0.000033 
3203456 b+tree 1 403 36 0.842000 0.617000  0.000024 0.000022 0.000061 0.000117 0.000065 0.000035 
3203584 b+tree 1 403 36 0.842000 0.385000  0.000023 0.000021 0.000059 0.000111 0.000061 0.000033 
3203584 b+tree 1 403 36 0.842000 0.694000  0.000024 0.000022 0.000061 0.000119 0.000071 0.000036 
3203584 b+tree 1 403 36 0.842000 0.616000  0.000022 0.000021 0.000059 0.000111 0.000060 0.000033 
3203584 b+tree 1 403 36 0.842000 0.617000  0.220598 0.069216 0.149248 0.221014 0.079074 0.035738 
3203584 b+tree 1 403 36 0.842000 0.462000  0.000006 0.000006 0.000016 0.000032 0.000020 0.000010 
3203712 b+tree 1 403 36 0.842000 0.617000  0.000029 0.000024 0.000064 0.000126 0.000073 0.000037 
3203712 b+tree 1 403 36 0.842000 0.462000  0.000023 0.000021 0.000059 0.000111 0.000060 0.000033 
3203712 b+tree 1 403 36 0.842000 0.849000  0.243823 0.079840 0.172652 0.244449 0.090034 0.040675 
3203712 b+tree 1 403 36 0.842000 0.463000  0.000022 0.000021 0.000059 0.000111 0.000060 0.000032 
3203712 b+tree 1 403 36 0.842000 0.617000  0.000025 0.000022 0.000061 0.000121 0.000066 0.000034 
3203840 b+tree 1 403 36 0.842000 0.463000  0.000023 0.000021 0.000059 0.000111 0.000061 0.000032 
3203840 b+tree 1 403 36 0.842000 0.539000  0.000024 0.000022 0.000061 0.000116 0.000065 0.000034 
3203840 b+tree 1 403 36 0.842000 0.462000  0.016486 0.051848 0.018398 0.052010 0.000008 0.001185 
3203840 b+tree 1 403 36 0.842000 0.617000  0.000028 0.000023 0.000065 0.000136 0.000072 0.000036 
3203840 b+tree 1 403 36 0.842000 0.540000  0.000023 0.000021 0.000061 0.000126 0.000067 0.000035 
3203968 b+tree 1 403 36 0.842000 0.616000  0.000024 0.000022 0.000061 0.000115 0.000064 0.000034 
3203968 b+tree 1 403 36 0.842000 0.616000  0.000023 0.000021 0.000061 0.000130 0.000068 0.000035 
3203968 b+tree 1 403 36 0.842000 0.617000  0.000029 0.000024 0.000074 0.000176 0.000078 0.000038 
3203968 b+tree 1 403 36 0.842000 0.617000  0.000023 0.000021 0.000058 0.000111 0.000059 0.000032 
3203968 b+tree 1 403 36 0.842000 0.770000  0.000029 0.000024 0.000065 0.000133 0.000071 0.000036 
3204096 b+tree 1 403 36 0.842000 0.617000  0.000022 0.000022 0.000062 0.000125 0.000063 0.000034 
3204096 b+tree 1 403 36 0.842000 0.617000  0.000198 0.000133 0.000361 0.000836 0.000580 0.000283 
3204096 b+tree 1 403 36 0.842000 0.617000  0.000002 0.000015 0.000011 0.000030 0.000000 0.000001 
3204096 b+tree 1 403 36 0.842000 0.540000  0.000027 0.000022 0.000062 0.000130 0.000068 0.000035 
3204096 b+tree 1 403 36 0.842000 0.694000  0.000022 0.000020 0.000059 0.000116 0.000061 0.000033 
3204224 b+tree 1 403 36 0.842000 0.616000  0.000045 0.000025 0.000067 0.000150 0.000072 0.000036 
3204224 b+tree 1 403 36 0.842000 0.695000  0.000026 0.000022 0.000061 0.000132 0.000066 0.000034 
3204224 b+tree 1 403 36 0.842000 0.616000  0.000023 0.000022 0.000060 0.000114 0.000076 0.000039 
3204224 b+tree 1 403 36 0.842000 0.694000  0.000026 0.000022 0.000061 0.000123 0.000064 0.000033 
3204224 b+tree 1 403 36 0.842000 0.616000  0.000030 0.000023 0.000063 0.000134 0.000071 0.000037 
3204352 b+tree 1 403 36 0.842000 0.848000  0.000022 0.000020 0.000057 0.000108 0.000059 0.000032 
3204352 b+tree 1 403 36 0.842000 0.616000  0.000029 0.000024 0.000066 0.000134 0.000072 0.000036 
3204352 b+tree 1 403 36 0.842000 0.617000  0.000026 0.000021 0.000062 0.000124 0.000063 0.000033 
3204352 b+tree 1 403 36 0.842000 0.463000  0.000030 0.000023 0.000063 0.000131 0.000068 0.000034 
3204352 b+tree 1 403 36 0.842000 0.462000  0.000026 0.000021 0.000058 0.000115 0.000061 0.000032 
3204480 b+tree 1 403 36 0.842000 0.539000  0.000030 0.000023 0.000064 0.000136 0.000072 0.000036 
3204480 b+tree 1 403 36 0.842000 0.385000  0.000028 0.000023 0.000064 0.000132 0.000074 0.000059 
3204480 b+tree 1 403 36 0.842000 0.617000  0.000027 0.000023 0.000064 0.000130 0.000069 0.000036 
3204480 b+tree 1 403 36 0.842000 0.617000  0.000024 0.000021 0.000059 0.000127 0.000065 0.000034 
3204480 b+tree 1 403 36 0.842000 0.540000  0.000009 0.000055 0.000036 0.000111 0.000000 0.000006 
3204608 b+tree 1 403 36 0.842000 0.616000  0.000023 0.000021 0.000059 0.000114 0.000062 0.000033 
3204608 b+tree 1 403 36 0.842000 0.463000  0.000028 0.000023 0.000064 0.000134 0.000069 0.000034 
3204608 b+tree 1 403 36 0.842000 0.616000  0.000023 0.000021 0.000059 0.000112 0.000061 0.000033 
3204608 b+tree 1 403 36 0.842000 0.463000  0.000026 0.000022 0.000060 0.000122 0.000070 0.000035 
3204608 b+tree 1 403 36 0.842000 0.616000  0.000026 0.000022 0.000059 0.000114 0.000063 0.000033 
3204736 b+tree 1 403 36 0.842000 0.616000  0.000028 0.000026 0.000069 0.000147 0.000075 0.000037 
3204736 b+tree 1 403 36 0.842000 0.693000  0.000023 0.000020 0.000056 0.000112 0.000061 0.000033 
3204736 b+tree 1 403 36 0.842000 0.539000  0.000028 0.000023 0.000063 0.000131 0.000068 0.000035 
3204736 b+tree 1 403 36 0.842000 0.693000  0.000024 0.000021 0.000059 0.000115 0.000062 0.000033 
3204736 b+tree 1 403 36 0.842000 0.616000  0.000023 0.000031 0.000075 0.000145 0.000421 0.000237 
3204864 b+tree 1 403 36 0.842000 0.617000  0.000023 0.000021 0.000058 0.000113 0.000062 0.000032 
3204864 b+tree 1 403 36 0.842000 0.771000  0.000021 0.000022 0.000059 0.000115 0.000060 0.000032 
3204864 b+tree 1 403 36 0.842000 0.617000  0.000022 0.000021 0.000058 0.000112 0.000062 0.000032 
3204864 b+tree 1 403 36 0.842000 0.693000  0.000036 0.000025 0.000063 0.000128 0.000064 0.000033 
3204864 b+tree 1 403 36 0.842000 0.617000  0.000023 0.000021 0.000075 0.000151 0.000074 0.000042 
3204992 b+tree 1 403 36 0.842000 0.462000  0.387800 0.118971 0.254667 0.387889 0.136241 0.060723 
3204992 b+tree 1 403 36 0.842000 0.617000  0.000085 0.000077 0.000211 0.000414 0.000224 0.000118 
3204992 b+tree 1 403 36 0.842000 0.462000  0.000022 0.000021 0.000058 0.000110 0.000062 0.000032 
3204992 b+tree 1 403 36 0.842000 0.694000  0.000024 0.000021 0.000058 0.000119 0.000064 0.000033 
3205120 b+tree 1 403 36 0.842000 0.463000  0.000021 0.000020 0.000055 0.000105 0.000056 0.000030 
3205120 b+tree 1 403 36 0.842000 0.694000  0.000022 0.000021 0.000058 0.000108 0.000061 0.000032 
3205120 b+tree 1 403 36 0.842000 0.539000  0.000021 0.000020 0.000055 0.000104 0.000057 0.000031 
3205120 b+tree 1 403 36 0.842000 0.616000  0.000022 0.000021 0.000058 0.000147 0.000074 0.000043 
3205120 b+tree 1 403 36 0.842000 0.462000  0.017997 0.006124 0.012891 0.018310 0.007067 0.003131 
3205248 b+tree 1 403 36 0.842000 0.616000  0.000029 0.000022 0.000061 0.000128 0.000068 0.000034 
3205248 b+tree 1 403 36 0.842000 0.695000  0.000022 0.000020 0.000056 0.000111 0.000057 0.000031 
3205248 b+tree 1 403 36 0.842000 0.540000  0.000027 0.000022 0.000061 0.000126 0.000066 0.000034 
3205248 b+tree 1 403 36 0.842000 0.617000  0.000022 0.000056 0.000229 0.000488 0.000158 0.000087 
3205248 b+tree 1 403 36 0.842000 0.616000  0.000021 0.000020 0.000055 0.000104 0.000057 0.000030 
3205376 b+tree 1 403 36 0.842000 0.617000  0.042463 0.013161 0.027601 0.042824 0.015307 0.006709 
3205376 b+tree 1 403 36 0.842000 0.540000  0.000021 0.000020 0.000055 0.000103 0.000056 0.000030 
3205376 b+tree 1 403 36 0.842000 0.616000  0.000023 0.000021 0.000057 0.000108 0.000075 0.000037 
3205376 b+tree 1 403 36 0.842000 0.463000  0.000022 0.000020 0.000055 0.000103 0.000056 0.000030 
3205376 b+tree 1 403 36 0.842000 0.616000  0.000025 0.000022 0.000059 0.000117 0.000064 0.000034 
3205504 b+tree 1 403 36 0.842000 0.462000  0.000021 0.000019 0.000055 0.000102 0.000055 0.000031 
3205504 b+tree 1 403 36 0.842000 0.771000  0.000025 0.000022 0.000060 0.000122 0.000065 0.000033 
3205504 b+tree 1 403 36 0.842000 0.463000  0.000021 0.000019 0.000062 0.000123 0.000062 0.000032 
3205504 b+tree 1 403 36 0.842000 0.617000  0.000023 0.000030 0.000073 0.000150 0.000086 0.000042 
3205632 b+tree 1 403 36 0.842000 0.462000  0.000021 0.000021 0.000059 0.000118 0.000064 0.000033 
3205632 b+tree 1 403 36 0.842000 0.616000  0.000022 0.000021 0.000057 0.000109 0.000060 0.000032 
3205632 b+tree 1 403 36 0.842000 0.462000  0.000036 0.000023 0.000060 0.000128 0.000062 0.000032 
3205632 b+tree 1 403 36 0.842000 0.694000  0.000022 0.000021 0.000073 0.000143 0.000084 0.000041 
3205632 b+tree 1 403 36 0.842000 0.539000  0.000085 0.000071 0.000203 0.000416 0.000214 0.000110 
3205760 b+tree 1 403 37 0.842000 0.694000  0.000027 0.000021 0.000060 0.000123 0.000066 0.000034 
3205760 b+tree 1 403 36 0.842000 0.617000  0.000023 0.000144 0.000326 0.000748 0.000225 0.000098 
3205760 b+tree 1 403 36 0.842000 0.462000  0.000021 0.000019 0.000054 0.000102 0.000055 0.000030 
3205760 b+tree 1 403 36 0.842000 0.617000  0.000086 0.000073 0.000198 0.000416 0.000225 0.000116 
3205760 b+tree 1 403 36 0.842000 0.463000  0.000021 0.000019 0.000055 0.000110 0.000058 0.000031 
3205888 b+tree 1 403 36 0.842000 0.616000  0.000090 0.000075 0.000205 0.000426 0.000227 0.000114 
3205888 b+tree 1 403 36 0.842000 0.616000  0.000024 0.000020 0.000057 0.000113 0.000068 0.000034 
3205888 b+tree 1 403 36 0.842000 0.617000  0.000025 0.000021 0.000058 0.000117 0.000064 0.000033 
3205888 b+tree 1 403 36 0.842000 0.695000  0.000024 0.000020 0.000057 0.000114 0.000058 0.000031 
3205888 b+tree 1 403 36 0.842000 0.540000  0.000037 0.000024 0.000064 0.000134 0.000069 0.000034 
3206016 b+tree 1 403 36 0.842000 0.694000  0.000024 0.000020 0.000057 0.000117 0.000058 0.000031 
3206016 b+tree 1 403 36 0.842000 0.617000  0.000024 0.000030 0.000072 0.000167 0.000082 0.000045 
3206016 b+tree 1 403 36 0.842000 0.617000  0.000021 0.000020 0.000055 0.000111 0.000058 0.000031 
3206016 b+tree 1 403 36 0.842000 0.770000  0.000027 0.000021 0.000059 0.000123 0.000065 0.000033 
3206144 b+tree 1 403 36 0.842000 0.695000  0.000027 0.000021 0.000060 0.000125 0.000064 0.000033 
3206144 b+tree 1 403 37 0.842000 0.463000  0.000027 0.000022 0.000058 0.000130 0.000069 0.000034 
3206144 b+tree 1 403 37 0.842000 0.616000  0.000025 0.000020 0.000072 0.000143 0.000082 0.000040 
3206144 b+tree 1 403 36 0.842000 0.616000  0.053689 0.014589 0.030437 0.053948 0.017522 0.007513 
3206144 b+tree 1 403 36 0.842000 0.616000  0.000022 0.000029 0.000071 0.000169 0.000081 0.000045 
3206272 b+tree 1 403 36 0.842000 0.462000  0.000021 0.000019 0.000053 0.000099 0.000054 0.000029 
3206272 b+tree 1 403 36 0.842000 0.694000  0.000022 0.000024 0.000062 0.000133 0.000067 0.000033 
3206272 b+tree 1 403 36 0.842000 0.463000  0.000020 0.000019 0.000053 0.000100 0.000054 0.000029 
3206272 b+tree 1 403 36 0.842000 0.617000  0.000022 0.000020 0.000055 0.000108 0.000059 0.000031 
3206272 b+tree 1 403 36 0.842000 0.463000  0.000021 0.000019 0.000053 0.000101 0.000054 0.000029 
3206400 b+tree 1 403 36 0.842000 0.617000  0.000026 0.000022 0.000060 0.000127 0.000065 0.000033 
3206400 b+tree 1 403 36 0.842000 0.462000  0.000065 0.000060 0.000166 0.000315 0.000172 0.000093 
3206400 b+tree 1 403 36 0.842000 0.616000  0.000022 0.000020 0.000070 0.000143 0.000072 0.000037 
3206400 b+tree 1 403 36 0.842000 0.385000  0.000021 0.000019 0.000052 0.000101 0.000054 0.000029 
3206400 b+tree 1 403 36 0.842000 0.616000  0.000022 0.000021 0.000058 0.000127 0.000064 0.000033 
3206528 b+tree 1 403 36 0.842000 0.462000  0.000020 0.000019 0.000052 0.000100 0.000053 0.000029 
3206528 b+tree 1 403 36 0.842000 0.616000  0.000026 0.000021 0.000059 0.000120 0.000063 0.000032 
3206528 b+tree 1 403 37 0.842000 0.463000  0.000020 0.000019 0.000053 0.000102 0.000054 0.000029 
3206528 b+tree 1 403 36 0.842000 0.539000  0.000026 0.000020 0.000056 0.000123 0.000063 0.000032 
3206528 b+tree 1 403 36 0.842000 0.463000  0.000023 0.000020 0.000055 0.000111 0.000056 0.000030 
3206656 b+tree 1 403 36 0.842000 0.540000  0.000021 0.000020 0.000070 0.000134 0.000101 0.000047 
3206656 b+tree 1 403 36 0.842000 0.617000  0.000024 0.000020 0.000055 0.000111 0.000057 0.000030 
3206656 b+tree 1 403 36 0.842000 0.540000  0.000024 0.000021 0.000067 0.000153 0.000072 0.000035 
3206656 b+tree 1 403 36 0.842000 0.462000  0.000023 0.000019 0.000055 0.000110 0.000056 0.000030 
3206784 b+tree 1 403 36 0.842000 0.539000  0.000022 0.000020 0.000056 0.000114 0.000060 0.000031 
3206784 b+tree 1 403 36 0.842000 0.462000  0.000024 0.000020 0.000056 0.000111 0.000057 0.000030 
3206784 b+tree 1 403 36 0.842000 0.540000  0.000026 0.000022 0.000059 0.000120 0.000062 0.000032 
3206784 b+tree 1 403 36 0.842000 0.695000  0.000023 0.000020 0.000055 0.000112 0.000056 0.000030 
3206784 b+tree 1 403 36 0.842000 0.694000  0.000157 0.000072 0.000147 0.000298 0.000132 0.000066 
3206912 b+tree 1 403 36 0.842000 0.616000  0.000027 0.000021 0.000057 0.000119 0.000063 0.000032 
3206912 b+tree 1 403 36 0.842000 0.616000  0.000019 0.000018 0.000051 0.000096 0.000052 0.000028 
3206912 b+tree 1 403 36 0.842000 0.617000  0.000021 0.000019 0.000053 0.000102 0.000056 0.000030 
3206912 b+tree 1 403 36 0.842000 0.462000  0.000022 0.000018 0.000051 0.000099 0.000053 0.000028 
3206912 b+tree 1 403 36 0.842000 0.617000  0.000020 0.000018 0.000051 0.000098 0.000052 0.000028 
3207040 b+tree 1 403 36 0.842000 0.617000  0.000020 0.000018 0.000051 0.000097 0.000082 0.000040 
3207040 b+tree 1 403 36 0.842000 0.771000  0.000023 0.000023 0.000061 0.000128 0.000066 0.000033 
3207040 b+tree 1 403 36 0.842000 0.617000  0.000020 0.000018 0.000051 0.000097 0.000052 0.000028 
3207040 b+tree 1 403 36 0.842000 0.617000  0.000005 0.000005 0.000014 0.000027 0.000017 0.000009 
3207040 b+tree 1 403 36 0.842000 0.463000  0.000020 0.000018 0.000051 0.000096 0.000053 0.000028 
3207168 b+tree 1 403 36 0.842000 0.617000  0.000021 0.000019 0.000053 0.000100 0.000056 0.000030 
3207168 b+tree 1 403 36 0.842000 0.616000  0.041383 0.137961 0.047258 0.138056 0.000018 0.002968 
3207168 b+tree 1 403 36 0.842000 0.540000  0.000025 0.000021 0.000056 0.000117 0.000063 0.000032 
3207168 b+tree 1 403 36 0.842000 0.694000  0.000022 0.000019 0.000054 0.000118 0.000057 0.000030 
3207168 b+tree 1 403 36 0.842000 0.540000  0.000026 0.000021 0.000057 0.000118 0.000062 0.000032 
3207296 b+tree 1 403 36 0.842000 0.695000  0.000020 0.000019 0.000052 0.000102 0.000054 0.000029 
3207296 b+tree 1 403 36 0.842000 0.616000  0.000024 0.000020 0.000055 0.000113 0.000061 0.000031 
3207296 b+tree 1 403 36 0.842000 0.770000  0.000023 0.000019 0.000054 0.000109 0.000055 0.000030 
3207296 b+tree 1 403 36 0.842000 0.616000  0.000021 0.000028 0.000069 0.000173 0.000081 0.000044 
3207296 b+tree 1 403 36 0.842000 0.617000  0.000019 0.000019 0.000053 0.000105 0.000054 0.000028 
3207424 b+tree 1 403 36 0.842000 0.540000  0.000022 0.000022 0.000057 0.000123 0.000065 0.000032 
3207424 b+tree 1 403 36 0.842000 0.694000  0.000023 0.000021 0.000057 0.000118 0.000062 0.000031 
3207424 b+tree 1 403 36 0.842000 0.540000  0.000024 0.000020 0.000056 0.000117 0.000062 0.000031 
3207424 b+tree 1 403 36 0.842000 0.616000  0.000026 0.000021 0.000058 0.000125 0.000064 0.000032 
3207424 b+tree 1 403 36 0.842000 0.462000  0.000019 0.000018 0.000050 0.000095 0.000051 0.000028 
3207552 b+tree 1 403 36 0.842000 0.616000  0.000025 0.000020 0.000056 0.000118 0.000062 0.000032 
3207552 b+tree 1 403 36 0.842000 0.463000  0.000019 0.000019 0.000053 0.000113 0.000054 0.000029 
3207552 b+tree 1 403 36 0.842000 0.617000  0.000024 0.000019 0.000052 0.000103 0.000057 0.000030 
3207552 b+tree 1 403 36 0.842000 0.616000  0.000020 0.000018 0.000050 0.000093 0.000051 0.000028 
3207552 b+tree 1 403 36 0.842000 0.462000  0.000023 0.000020 0.000054 0.000110 0.000059 0.000031 
3207680 b+tree 1 403 36 0.842000 0.463000  0.000019 0.000018 0.000050 0.000095 0.000051 0.000028 
3207680 b+tree 1 403 36 0.842000 0.616000  0.000020 0.000019 0.000052 0.000099 0.000055 0.000029 
3207680 b+tree 1 403 36 0.842000 0.463000  0.000019 0.000018 0.000050 0.000093 0.000051 0.000028 
3207680 b+tree 1 403 36 0.842000 0.616000  0.000022 0.000019 0.000052 0.000100 0.000055 0.000029 
3207680 b+tree 1 403 36 0.842000 0.462000  0.000025 0.000021 0.000055 0.000122 0.000061 0.000030 
3207808 b+tree 1 403 36 0.842000 0.617000  0.000020 0.000019 0.000052 0.000100 0.000054 0.000029 
3207808 b+tree 1 403 36 0.842000 0.540000  0.000019 0.000018 0.000050 0.000093 0.000051 0.000028 
3207808 b+tree 1 403 36 0.842000 0.616000  0.000022 0.000020 0.000054 0.000104 0.000055 0.000029 
3207808 b+tree 1 403 36 0.842000 0.540000  0.000019 0.000018 0.000050 0.000094 0.000050 0.000027 
3207808 b+tree 1 403 36 0.842000 0.693000  0.000020 0.000019 0.000052 0.000097 0.000054 0.000029 
3207936 b+tree 1 403 36 0.842000 0.386000  0.000020 0.000021 0.000054 0.000117 0.000056 0.000029 
3207936 b+tree 1 403 36 0.842000 0.617000  0.000020 0.000019 0.000051 0.000100 0.000054 0.000029 
3207936 b+tree 1 403 36 0.842000 0.462000  0.000019 0.000018 0.000049 0.000092 0.000050 0.000027 
3207936 b+tree 1 403 36 0.842000 0.693000  0.000020 0.000019 0.000074 0.000156 0.000071 0.000035 
3207936 b+tree 1 403 36 0.842000 0.463000  0.000019 0.000018 0.000049 0.000093 0.000051 0.000027 
3208064 b+tree 1 403 36 0.842000 0.694000  0.000033 0.000021 0.000067 0.000136 0.000066 0.000035 
3208064 b+tree 1 403 36 0.842000 0.617000  0.000020 0.000018 0.000049 0.000093 0.000050 0.000027 
3208064 b+tree 1 403 36 0.842000 0.616000  0.000020 0.000019 0.000051 0.000098 0.000054 0.000029 
3208064 b+tree 1 403 36 0.842000 0.540000  0.000018 0.000018 0.000049 0.000091 0.000050 0.000027 
3208064 b+tree 1 403 36 0.842000 0.616000  0.000022 0.000019 0.000053 0.000108 0.000058 0.000030 
3208192 b+tree 1 403 36 0.842000 0.540000  0.000019 0.000017 0.000049 0.000094 0.000054 0.000028 
3208192 b+tree 1 403 36 0.842000 0.617000  0.000021 0.000019 0.000051 0.000100 0.000063 0.000031 
3208192 b+tree 1 403 36 0.842000 0.539000  0.000019 0.000017 0.000049 0.000093 0.000050 0.000027 
3208192 b+tree 1 403 36 0.842000 0.616000  0.240292 0.076298 0.242899 0.240531 0.111144 0.059933 
3208192 b+tree 1 403 36 0.842000 0.462000  0.000022 0.000019 0.000052 0.000104 0.000054 0.000028 
3208320 b+tree 1 403 36 0.842000 0.694000  0.000023 0.000020 0.000054 0.000113 0.000058 0.000031 
3208320 b+tree 1 403 36 0.842000 0.540000  0.000023 0.000019 0.000052 0.000107 0.000054 0.000028 
3208320 b+tree 1 403 36 0.842000 0.616000  0.000020 0.000019 0.000053 0.000107 0.000057 0.000029 
3208320 b+tree 1 403 36 0.842000 0.617000  0.000020 0.000018 0.000051 0.000102 0.000053 0.000028 
3208320 b+tree 1 403 36 0.842000 0.616000  0.000024 0.000020 0.000054 0.000111 0.000059 0.000031 
3208448 b+tree 1 403 36 0.842000 0.462000  0.000019 0.000018 0.000051 0.000104 0.000052 0.000028 
3208448 b+tree 1 403 36 0.842000 0.617000  0.000023 0.000019 0.000054 0.000109 0.000058 0.000030 
3208448 b+tree 1 403 36 0.842000 0.463000  0.000019 0.000018 0.000051 0.000101 0.000052 0.000028 
3208448 b+tree 1 403 36 0.842000 0.694000  0.000020 0.000027 0.000065 0.000131 0.000075 0.000037 
3208576 b+tree 1 403 36 0.842000 0.463000  0.000023 0.000118 0.086560 0.087582 0.039952 0.021339 
3208576 b+tree 1 403 36 0.842000 0.694000  0.000020 0.000020 0.000054 0.000107 0.000056 0.000029 
3208576 b+tree 1 403 36 0.842000 0.695000  0.000020 0.000017 0.000049 0.000092 0.000051 0.000048 
3208576 b+tree 1 403 36 0.842000 0.617000  0.000024 0.000020 0.000055 0.000113 0.000058 0.000030 
3208576 b+tree 1 403 36 0.842000 0.695000  0.000039 0.000020 0.000053 0.000115 0.000054 0.000028 
3208704 b+tree 1 403 36 0.842000 0.386000  0.000019 0.000018 0.000050 0.000212 0.000121 0.000067 
3208704 b+tree 1 403 36 0.842000 0.616000  0.000032 0.000020 0.000053 0.000112 0.000055 0.000028 
3208704 b+tree 1 403 36 0.842000 0.462000  0.000019 0.000021 0.000054 0.000113 0.000056 0.000028 
3208704 b+tree 1 403 36 0.842000 0.617000  0.000007 0.000041 0.000028 0.000085 0.000000 0.000005 
3208832 b+tree 1 403 36 0.842000 0.463000  0.000018 0.000017 0.000048 0.000089 0.000049 0.000026 
3208832 b+tree 1 403 36 0.842000 0.694000  0.000093 0.000055 0.000140 0.000326 0.000157 0.000083 
3208832 b+tree 1 403 36 0.842000 0.462000  0.000019 0.000017 0.000048 0.000090 0.000049 0.000026 
3208832 b+tree 1 403 36 0.842000 0.616000  0.001669 0.000519 0.000991 0.001974 0.000721 0.000301 
3208832 b+tree 1 403 36 0.842000 0.617000  0.000019 0.000017 0.000048 0.000090 0.000050 0.000026 
3208960 b+tree 1 403 36 0.842000 0.617000  0.000020 0.000018 0.000051 0.000107 0.000055 0.000029 
3208960 b+tree 1 403 36 0.842000 0.463000  0.000018 0.000017 0.000048 0.000090 0.000048 0.000026 
3208960 b+tree 1 403 36 0.842000 0.617000  0.000020 0.000018 0.000050 0.000094 0.000053 0.000028 
3208960 b+tree 1 403 36 0.842000 0.539000  0.000086 0.000029 0.000071 0.000160 0.000067 0.000033 
3208960 b+tree 1 403 36 0.842000 0.770000  0.000019 0.000020 0.000054 0.000117 0.000060 0.000030 
3209088 b+tree 1 403 36 0.842000 0.462000  0.000018 0.000017 0.000048 0.000093 0.000049 0.000027 
3209088 b+tree 1 403 36 0.842000 0.616000  0.000026 0.000019 0.000065 0.000132 0.000074 0.000036 
3209088 b+tree 1 403 36 0.842000 0.540000  0.000022 0.000018 0.000049 0.000096 0.000051 0.000027 
3209088 b+tree 1 403 36 0.842000 0.617000  0.000020 0.000018 0.000049 0.000095 0.000052 0.000027 
3209088 b+tree 1 403 36 0.842000 0.694000  0.000018 0.000018 0.000049 0.000101 0.000051 0.000027 
3209216 b+tree 1 403 36 0.842000 0.540000  0.000024 0.000019 0.000053 0.000111 0.000058 0.000029 
3209216 b+tree 1 403 36 0.842000 0.694000  0.000025 0.000019 0.000053 0.000109 0.000054 0.000029 
3209216 b+tree 1 403 36 0.842000 0.539000  0.000020 0.000018 0.000053 0.000112 0.000059 0.000029 
3209216 b+tree 1 403 36 0.842000 0.463000  0.000018 0.000018 0.000049 0.000098 0.000050 0.000027 
3209216 b+tree 1 403 36 0.842000 0.540000  0.000019 0.000018 0.000049 0.000111 0.000055 0.000029 
3209344 b+tree 1 403 36 0.842000 0.694000  0.000022 0.000018 0.000049 0.000099 0.000049 0.000026 
3209344 b+tree 1 403 36 0.842000 0.693000  0.000020 0.000018 0.000049 0.000096 0.000051 0.000027 
3209344 b+tree 1 403 36 0.842000 0.771000  0.000012 0.000011 0.000032 0.000062 0.000041 0.000020 
3209344 b+tree 1 403 36 0.842000 0.617000  0.000053 0.000045 0.000127 0.000265 0.000140 0.000072 
3209344 b+tree 1 403 36 0.842000 0.617000  0.000020 0.000018 0.000049 0.000093 0.000052 0.000027 
3209472 b+tree 1 403 36 0.842000 0.540000  0.000018 0.000017 0.000047 0.000088 0.000048 0.000026 
3209472 b+tree 1 403 36 0.842000 0.617000  -0.804733 0.624883 0.682897 -0.804551 1.344977 0.868200 
3209472 b+tree 1 403 36 0.842000 0.539000  0.000018 0.000017 0.000047 0.000089 0.000048 0.000026 
3209472 b+tree 1 403 36 0.842000 0.617000  0.000022 0.000019 0.000051 0.000108 0.000056 0.000029 
3209472 b+tree 1 403 36 0.842000 0.462000  0.000036 0.000019 0.000052 0.000117 0.000054 0.000028 
3209600 b+tree 1 403 36 0.842000 0.615000  0.000019 0.000018 0.000048 0.000092 0.000051 0.000027 
3209600 b+tree 1 403 36 0.842000 0.463000  0.000021 0.000017 0.000049 0.000099 0.000050 0.000027 
3209600 b+tree 1 403 36 0.842000 0.540000  0.000019 0.000017 0.000048 0.000090 0.000050 0.000027 
3209600 b+tree 1 403 36 0.842000 0.462000  0.000018 0.000016 0.000046 0.000087 0.000047 0.000025 
3209600 b+tree 1 403 36 0.842000 0.616000  0.000019 0.000017 0.000048 0.000092 0.000051 0.000027 
3209728 b+tree 1 403 36 0.842000 0.539000  0.000018 0.000017 0.000049 0.000099 0.000051 0.000027 
3209728 b+tree 1 403 36 0.842000 0.694000  0.000019 0.000017 0.000056 0.000150 0.000070 0.000038 
3209728 b+tree 1 403 36 0.842000 0.540000  0.000018 0.000016 0.000046 0.000086 0.000048 0.000025 
3209728 b+tree 1 403 36 0.842000 0.539000  0.000019 0.000017 0.000048 0.000091 0.000051 0.000027 
3209728 b+tree 1 403 36 0.842000 0.540000  0.000037 0.000019 0.000050 0.000194 0.000073 0.000033 
3209856 b+tree 1 403 36 0.842000 0.693000  0.017849 0.058196 0.025778 0.058325 0.000006 0.000947 
3209856 b+tree 1 403 36 0.842000 0.463000  0.000018 0.000016 0.000046 0.000087 0.000047 0.000025 
3209856 b+tree 1 403 36 0.842000 0.616000  0.000018 0.000017 0.000048 0.000090 0.000050 0.000027 
3209856 b+tree 1 403 36 0.842000 0.386000  0.000017 0.000016 0.000047 0.000094 0.000048 0.000026 
3209856 b+tree 1 403 36 0.842000 0.617000  0.000019 0.000017 0.000048 0.000095 0.000051 0.000027 
3209984 b+tree 1 403 36 0.842000 0.463000  0.000018 0.000016 0.000046 0.000087 0.000047 0.000025 
3209984 b+tree 1 403 36 0.842000 0.617000  0.000020 0.000025 0.000061 0.000137 0.000064 0.000032 
3209984 b+tree 1 403 36 0.842000 0.462000  0.000017 0.000016 0.000046 0.000086 0.000047 0.000025 
3209984 b+tree 1 403 36 0.842000 0.463000  0.000134 0.000101 0.000210 0.000396 0.000168 0.000082 
3210112 b+tree 1 403 36 0.842000 0.617000  0.000021 0.000017 0.000048 0.000098 0.000050 0.000026 
3210112 b+tree 1 403 36 0.842000 0.616000  0.000023 0.000018 0.000050 0.000104 0.000056 0.000028 
3210112 b+tree 1 403 36 0.842000 0.694000  0.000020 0.000017 0.000047 0.000093 0.000048 0.000025 
3210112 b+tree 1 403 36 0.842000 0.616000  0.000023 0.000018 0.000050 0.000106 0.000056 0.000029 
3210112 b+tree 1 403 36 0.842000 0.694000  0.000017 0.000016 0.000045 0.000086 0.000046 0.000026 
3210240 b+tree 1 403 36 0.842000 0.540000  0.000022 0.000018 0.000051 0.000104 0.000056 0.000028 
3210240 b+tree 1 403 36 0.842000 0.772000  0.000017 0.000016 0.000050 0.000097 0.000049 0.000026 
3210240 b+tree 1 403 36 0.842000 0.540000  0.000019 0.000025 0.000061 0.000121 0.000071 0.000034 
3210240 b+tree 1 403 36 0.842000 0.617000  0.000021 0.000017 0.000048 0.000098 0.000050 0.000026 
3210240 b+tree 1 403 36 0.842000 0.616000  0.000018 0.000025 0.000061 0.000118 0.000073 0.000035 
3210368 b+tree 1 403 36 0.842000 0.617000  0.000019 0.000017 0.000047 0.000092 0.000050 0.000026 
3210368 b+tree 1 403 36 0.842000 0.616000  0.000021 0.000018 0.000049 0.000099 0.000051 0.000026 
3210368 b+tree 1 403 36 0.842000 0.694000  0.000018 0.000017 0.000047 0.000090 0.000050 0.000026 
3210368 b+tree 1 403 36 0.842000 0.463000  0.000021 0.000017 0.000048 0.000092 0.000050 0.000026 
3210368 b+tree 1 403 36 0.842000 0.616000  0.000018 0.000017 0.000047 0.000090 0.000050 0.000026 
3210496 b+tree 1 403 36 0.842000 0.462000  0.000017 0.000016 0.000045 0.000086 0.000046 0.000025 
3210496 b+tree 1 403 36 0.842000 0.694000  0.000019 0.000017 0.000047 0.000090 0.000049 0.000026 
3210496 b+tree 1 403 36 0.842000 0.462000  0.000021 0.000018 0.000047 0.000091 0.000048 0.000026 
3210496 b+tree 1 403 36 0.842000 0.616000  0.000019 0.000018 0.000048 0.000109 0.000054 0.000028 
3210496 b+tree 1 403 36 0.842000 0.462000  0.000017 0.000016 0.000045 0.000084 0.000046 0.000025 
3210624 b+tree 1 403 36 0.842000 0.616000  0.000042 0.000027 0.000078 0.000223 0.000093 0.000042 
3210624 b+tree 1 403 36 0.842000 0.694000  0.002385 0.000960 0.002105 0.002483 0.001073 0.000462 
3210624 b+tree 1 403 36 0.842000 0.540000  0.000018 0.000017 0.000046 0.000088 0.000049 0.000026 
3210624 b+tree 1 403 36 0.842000 0.694000  -0.514653 0.574758 0.818209 -0.514528 -1.067166 0.789999 
3210752 b+tree 1 403 36 0.842000 0.617000  0.000023 0.000018 0.000049 0.000103 0.000055 0.000029 
3210752 b+tree 1 403 36 0.842000 0.849000  0.000020 0.000017 0.000046 0.000093 0.000047 0.000025 
3210752 b+tree 1 403 36 0.842000 0.849000  0.000022 0.000017 0.000048 0.000101 0.000054 0.000027 
3210752 b+tree 1 403 36 0.842000 0.694000  0.000019 0.000017 0.000046 0.000089 0.000049 0.000026 
3210752 b+tree 1 403 36 0.842000 0.771000  0.000022 0.000018 0.000049 0.000102 0.000054 0.000028 
3210880 b+tree 1 403 36 0.842000 0.540000  0.000018 0.000017 0.000047 0.000118 0.000055 0.000027 
3210880 b+tree 1 403 36 0.842000 0.617000  0.000017 0.000016 0.000044 0.000082 0.000045 0.000024 
3210880 b+tree 1 403 36 0.842000 0.617000  0.000018 0.000018 0.000052 0.000120 0.000056 0.000028 
3210880 b+tree 1 403 36 0.842000 0.463000  0.000017 0.000016 0.000044 0.000083 0.000045 0.000024 
3210880 b+tree 1 403 36 0.842000 0.616000  0.000023 0.000018 0.000047 0.000094 0.000049 0.000026 
3211008 b+tree 1 403 36 0.842000 0.385000  0.000017 0.000017 0.000047 0.000105 0.000049 0.000026 
3211008 b+tree 1 403 36 0.842000 0.616000  0.000018 0.000017 0.000059 0.000119 0.000060 0.000034 
3211008 b+tree 1 403 36 0.842000 0.462000  0.000017 0.000084 0.000087 0.000283 0.000000 0.000009 
3211008 b+tree 1 403 36 0.842000 0.462000  0.000020 0.000017 0.000046 0.000087 0.000047 0.000025 
3211136 b+tree 1 403 36 0.842000 0.617000  0.000018 0.000016 0.000046 0.000088 0.000048 0.000025 
3211136 b+tree 1 403 36 0.842000 0.539000  0.000017 0.000016 0.000044 0.000083 0.000044 0.000024 
3211136 b+tree 1 403 36 0.842000 0.694000  0.000019 0.000018 0.000056 0.000132 0.000058 0.000033 
3211136 b+tree 1 403 36 0.842000 0.616000  0.000022 0.000018 0.000049 0.000103 0.000054 0.000032 
3211136 b+tree 1 403 36 0.842000 0.694000  0.000019 0.000017 0.000048 0.000186 0.000072 0.000034 
3211264 b+tree 1 403 36 0.842000 0.617000  0.000021 0.000019 0.000050 0.000109 0.000055 0.000028 
3211264 b+tree 1 403 36 0.842000 0.616000  0.000018 0.000016 0.000045 0.000088 0.000047 0.000025 
3211264 b+tree 1 403 36 0.842000 0.616000  0.000022 0.000017 0.000049 0.000100 0.000053 0.000028 
3211264 b+tree 1 403 36 0.842000 0.617000  0.000018 0.000016 0.000045 0.000087 0.000048 0.000025 
3211264 b+tree 1 403 36 0.842000 0.617000  0.000018 0.000024 0.000058 0.017784 0.000002 0.000410 
3211392 b+tree 1 403 36 0.842000 0.694000  0.000021 0.000017 0.000047 0.000099 0.000054 0.000027 
3211392 b+tree 1 403 36 0.842000 0.462000  0.000021 0.000016 0.000045 0.000094 0.000047 0.000025 
3211392 b+tree 1 403 36 0.842000 0.539000  0.000018 0.000017 0.000047 0.000099 0.000052 0.000027 
3211392 b+tree 1 403 36 0.842000 0.539000  0.000021 0.000016 0.000045 0.000096 0.000048 0.000025 
3211392 b+tree 1 403 36 0.842000 0.617000  0.000018 0.000017 0.000046 0.000095 0.000050 0.000026 
3211520 b+tree 1 403 36 0.842000 0.540000  0.000020 0.000016 0.000047 0.000099 0.000048 0.000025 
3211520 b+tree 1 403 36 0.842000 0.540000  0.000018 0.000016 0.000046 0.000094 0.000050 0.000026 
3211520 b+tree 1 403 36 0.842000 0.693000  0.000020 0.000016 0.000046 0.000092 0.000047 0.000025 
3211520 b+tree 1 403 36 0.842000 0.616000  0.000017 0.000023 0.000058 0.000112 0.000070 0.000034 
3211648 b+tree 1 403 36 0.842000 0.462000  0.000038 0.000034 0.000095 0.000184 0.000099 0.000053 
3211648 b+tree 1 403 36 0.842000 0.617000  0.000041 0.000036 0.000127 0.000267 0.000155 0.000073 
3211648 b+tree 1 403 36 0.842000 0.462000  0.000028 0.000025 0.000071 0.000137 0.000074 0.000039 
3211648 b+tree 1 403 36 0.842000 0.617000  0.000096 0.000048 0.000120 0.000271 0.000113 0.000053 
3211648 b+tree 1 403 36 0.842000 0.386000  0.000028 0.000025 0.000071 0.000136 0.000073 0.000039 
3211776 b+tree 1 403 36 0.842000 0.616000  0.000028 0.000027 0.000080 0.000165 0.000087 0.000044 
3211776 b+tree 1 403 36 0.842000 0.463000  0.000019 0.000016 0.000045 0.000095 0.000047 0.000025 
3211776 b+tree 1 403 36 0.842000 0.770000  0.000017 0.000023 0.000057 0.000113 0.000066 0.000032 
3211776 b+tree 1 403 36 0.842000 0.462000  0.000438 0.003102 0.003001 0.011844 0.000006 0.000408 
3211776 b+tree 1 403 36 0.842000 0.540000  0.000017 0.000016 0.000044 0.000083 0.000046 0.000025 
3211904 b+tree 1 403 36 0.842000 0.616000  0.000034 0.000017 0.000045 0.000100 0.000049 0.000025 
3211904 b+tree 1 403 36 0.842000 0.539000  0.000017 0.000015 0.000042 0.000081 0.000043 0.000023 
3211904 b+tree 1 403 36 0.842000 0.616000  0.000019 0.000016 0.000067 0.000174 0.000070 0.000033 
3211904 b+tree 1 403 36 0.842000 0.617000  0.000223 0.001320 0.000872 0.002728 0.000000 0.012854 
3212032 b+tree 1 403 36 0.842000 0.539000  0.000017 0.000016 0.000056 0.000113 0.000066 0.000032 
3212032 b+tree 1 403 36 0.842000 0.616000  0.000017 0.000016 0.000044 0.000091 0.000046 0.000024 
3212032 b+tree 1 403 36 0.842000 0.616000  0.000017 0.000016 0.000044 0.000083 0.000046 0.000024 
3212032 b+tree 1 403 36 0.842000 0.539000  0.001962 0.000900 0.001982 0.002034 0.000935 0.000454 
3212032 b+tree 1 403 36 0.842000 0.616000  0.000021 0.000017 0.000046 0.000095 0.000051 0.000026 
3212160 b+tree 1 403 36 0.842000 0.694000  0.000017 0.000016 0.000043 0.000084 0.000047 0.000025 
3212160 b+tree 1 403 36 0.842000 0.540000  0.000020 0.000017 0.000047 0.000096 0.000051 0.000026 
3212160 b+tree 1 403 36 0.842000 0.617000  0.000020 0.000023 0.000056 0.000138 0.000065 0.000035 
3212160 b+tree 1 403 36 0.842000 0.385000  0.000016 0.000015 0.000042 0.000078 0.000043 0.000023 
3212160 b+tree 1 403 36 0.842000 0.540000  0.000192 0.001133 0.000754 0.002344 0.000000 0.000130 
3212288 b+tree 1 403 36 0.842000 0.385000  0.000017 0.000015 0.000042 0.000081 0.000043 0.000023 
3212288 b+tree 1 403 36 0.842000 0.463000  0.000017 0.000016 0.000043 0.000084 0.000046 0.000024 
3212288 b+tree 1 403 36 0.842000 0.385000  0.000051 0.000020 0.000050 0.000114 0.000051 0.000025 
3212288 b+tree 1 403 36 0.842000 0.540000  0.000017 0.000016 0.000043 0.000086 0.000048 0.000025 
3212288 b+tree 1 403 36 0.842000 0.308000  0.000016 0.000015 0.000041 0.000079 0.000043 0.000023 
3212416 b+tree 1 403 36 0.842000 0.463000  0.000021 0.000017 0.000046 0.000096 0.000050 0.000026 
3212416 b+tree 1 403 36 0.842000 0.385000  0.000021 0.000016 0.000044 0.000091 0.000045 0.000024 
3212416 b+tree 1 403 36 0.842000 0.462000  0.000017 0.000016 0.000043 0.000110 0.000056 0.000032 
3212416 b+tree 1 403 36 0.842000 0.539000  0.000007 0.000006 0.000018 0.000037 0.000024 0.000011 
3212416 b+tree 1 403 36 0.842000 0.540000  0.000021 0.000017 0.000047 0.000099 0.000053 0.000027 
3212544 b+tree 1 403 36 0.842000 0.385000  0.000017 0.000015 0.000043 0.000087 0.000045 0.000024 
3212544 b+tree 1 403 36 0.842000 0.539000  0.000025 0.000017 0.000046 0.000100 0.000053 0.000026 
3212544 b+tree 1 403 36 0.842000 0.617000  0.000016 0.000015 0.000043 0.000085 0.000044 0.000024 
3212544 b+tree 1 403 36 0.842000 0.462000  0.000028 0.000026 0.000071 0.000136 0.000075 0.000040 
3212672 b+tree 1 403 36 0.842000 0.617000  0.000019 0.000016 0.000045 0.000093 0.000050 0.000025 
3212672 b+tree 1 403 36 0.842000 0.540000  0.000017 0.000015 0.000044 0.000109 0.000049 0.000025 
3212672 b+tree 1 403 36 0.842000 0.539000  0.000018 0.000016 0.000044 0.000093 0.000049 0.000025 
3212672 b+tree 1 403 36 0.842000 0.463000  0.000016 0.000015 0.000041 0.000078 0.000042 0.000023 
3212672 b+tree 1 403 36 0.842000 0.539000  0.000022 0.000017 0.000047 0.000102 0.000051 0.000026 
3212800 b+tree 1 403 36 0.842000 0.308000  0.000016 0.000015 0.000041 0.000080 0.000042 0.000023 
3212800 b+tree 1 403 36 0.842000 0.539000  0.000017 0.000015 0.000055 0.000112 0.000055 0.000031 
3212800 b+tree 1 403 36 0.842000 0.385000  0.116137 0.414124 0.136880 0.415297 0.000063 0.008752 
3212800 b+tree 1 403 36 0.842000 0.463000  0.000021 0.000016 0.000045 0.000095 0.000050 0.000025 
3212800 b+tree 1 403 36 0.842000 0.539000  0.000021 0.000016 0.000042 0.000103 0.000049 0.000025 
3212928 b+tree 1 403 36 0.842000 0.462000  0.000016 0.000015 0.000042 0.000080 0.000045 0.000024 
3212928 b+tree 1 403 36 0.842000 0.385000  0.000027 0.000019 0.000050 0.000113 0.000050 0.000027 
3212928 b+tree 1 403 36 0.842000 0.616000  0.000016 0.000015 0.000042 0.000080 0.000045 0.000024 
3212928 b+tree 1 403 36 0.842000 0.462000  0.000019 0.000015 0.000043 0.000088 0.000046 0.000024 
3212928 b+tree 1 403 36 0.842000 0.463000  0.000020 0.000017 0.000046 0.000096 0.000051 0.000025 
3213056 b+tree 1 403 36 0.842000 0.617000  0.000019 0.000015 0.000041 0.000083 0.000043 0.000023 
3213056 b+tree 1 403 36 0.842000 0.540000  0.000019 0.000017 0.000047 0.000105 0.000052 0.000026 
3213056 b+tree 1 403 36 0.842000 0.540000  0.000016 0.000015 0.000043 0.000087 0.000045 0.000024 
3213056 b+tree 1 403 36 0.842000 0.616000  0.000019 0.000016 0.000044 0.000092 0.000049 0.000025 
3213056 b+tree 1 403 36 0.842000 0.463000  0.000018 0.000015 0.000043 0.000084 0.000044 0.000023 
3213184 b+tree 1 403 36 0.842000 0.463000  0.000021 0.000016 0.000044 0.000093 0.000053 0.000026 
3213184 b+tree 1 403 36 0.842000 0.540000  0.000018 0.000016 0.000044 0.000091 0.000047 0.000024 
3213184 b+tree 1 403 36 0.842000 0.616000  0.000017 0.000015 0.000042 0.000083 0.000044 0.000023 
3213184 b+tree 1 403 36 0.842000 0.617000  0.000021 0.000016 0.000046 0.000100 0.000050 0.000025 
3213312 b+tree 1 403 36 0.842000 0.539000  0.000020 0.000016 0.000045 0.000094 0.000049 0.000025 
3213312 b+tree 1 403 36 0.842000 0.462000  0.000019 0.000016 0.000044 0.000092 0.000048 0.000025 
3213312 b+tree 1 403 36 0.842000 0.386000  0.000016 0.000014 0.000040 0.000078 0.000041 0.000022 
3213312 b+tree 1 403 36 0.842000 0.540000  0.000020 0.000015 0.000043 0.000091 0.000046 0.000024 
3213312 b+tree 1 403 36 0.842000 0.308000  0.000015 0.000014 0.000040 0.000075 0.000041 0.000022 
3213440 b+tree 1 403 36 0.842000 0.540000  0.000017 0.000023 0.000055 0.000144 0.000066 0.000036 
3213440 b+tree 1 403 36 0.842000 0.462000  0.000016 0.000014 0.000040 0.000077 0.000042 0.000022 
3213440 b+tree 1 403 36 0.842000 0.540000  0.000071 0.000426 0.000277 0.000887 0.000000 0.000048 
3213440 b+tree 1 403 36 0.842000 0.385000  0.000020 0.000016 0.000044 0.000093 0.000049 0.000025 
3213440 b+tree 1 403 36 0.842000 0.540000  0.000016 0.000014 0.000040 0.000076 0.000041 0.000022 
3213568 b+tree 1 403 36 0.842000 0.462000  0.000072 0.000446 0.000277 0.000886 0.000000 0.000047 
3213568 b+tree 1 403 36 0.842000 0.772000  0.000018 0.000015 0.000042 0.000086 0.000044 0.000023 
3213568 b+tree 1 403 36 0.842000 0.463000  0.000019 0.000016 0.000044 0.000094 0.000074 0.000034 
3213568 b+tree 1 403 36 0.842000 0.540000  0.000018 0.000015 0.000042 0.000085 0.000043 0.000023 
3213568 b+tree 1 403 36 0.842000 0.462000  0.000020 0.000016 0.000047 0.000116 0.000054 0.000027 
3213696 b+tree 1 403 36 0.842000 0.385000  0.000025 0.000022 0.000063 0.000121 0.000065 0.000035 
3213696 b+tree 1 403 36 0.842000 0.462000  0.000028 0.000024 0.000171 0.000485 0.000162 0.000067 
3213696 b+tree 1 403 36 0.842000 0.540000  0.000025 0.000022 0.000062 0.000120 0.000064 0.000035 
3213696 b+tree 1 403 36 0.842000 0.540000  0.000184 0.000139 0.000380 0.001549 0.000807 0.000430 
3213696 b+tree 1 403 36 0.842000 0.540000  0.000016 0.000015 0.000041 0.000080 0.000044 0.000023 
3213824 b+tree 1 403 36 0.842000 0.385000  0.000016 0.000014 0.000039 0.000076 0.000040 0.000022 
3213824 b+tree 1 403 36 0.842000 0.616000  0.039358 0.111410 0.043118 0.111993 0.000017 0.002723 
3213824 b+tree 1 403 36 0.842000 0.385000  0.000016 0.000014 0.000041 0.000090 0.000042 0.000022 
3213824 b+tree 1 403 36 0.842000 0.539000  0.000020 0.000016 0.000043 0.000088 0.000047 0.000024 
3213952 b+tree 1 403 36 0.842000 0.308000  0.000021 0.000015 0.000043 0.000090 0.000044 0.000023 
3213952 b+tree 1 403 36 0.842000 0.693000  0.000031 0.000025 0.000068 0.000143 0.000075 0.000039 
3213952 b+tree 1 403 36 0.842000 0.386000  0.000024 0.000022 0.000061 0.000117 0.000063 0.000034 
3213952 b+tree 1 403 36 0.842000 0.539000  0.000019 0.000016 0.000043 0.000090 0.000047 0.000024 
3213952 b+tree 1 403 36 0.842000 0.616000  0.000015 0.000014 0.000040 0.000085 0.000045 0.000023 
3214080 b+tree 1 403 36 0.842000 0.462000  0.000018 0.000015 0.000043 0.000090 0.000047 0.000024 
3214080 b+tree 1 403 36 0.842000 0.540000  0.000017 0.000015 0.000041 0.000080 0.000043 0.000023 
3214080 b+tree 1 403 36 0.842000 0.463000  0.000016 0.000022 0.000052 0.023036 0.000003 0.000509 
3214080 b+tree 1 403 36 0.842000 0.616000  0.000018 0.000015 0.000042 0.000084 0.000046 0.000023 
3214080 b+tree 1 403 36 0.842000 0.385000  0.000015 0.000014 0.000039 0.000075 0.000040 0.000022 
3214208 b+tree 1 403 36 0.842000 0.539000  0.000031 0.000034 0.000082 0.000228 0.000099 0.000047 
3214208 b+tree 1 403 36 0.842000 0.308000  0.000015 0.000014 0.000039 0.000074 0.000040 0.000021 
3214208 b+tree 1 403 36 0.842000 0.540000  0.000045 0.000025 0.000069 0.000154 0.000065 0.000035 
3214208 b+tree 1 403 36 0.842000 0.385000  0.000018 0.000014 0.000041 0.000085 0.000043 0.000022 
3214208 b+tree 1 403 36 0.842000 0.462000  0.000016 0.000015 0.000044 0.000106 0.000050 0.000025 
3214336 b+tree 1 403 36 0.842000 0.539000  0.000024 0.000022 0.000060 0.000118 0.000063 0.000033 
3214336 b+tree 1 403 36 0.842000 0.694000  0.000046 0.000027 0.000087 0.000195 0.000109 0.000050 
3214336 b+tree 1 403 36 0.842000 0.617000  0.005807 0.001587 0.003252 0.005869 0.001942 0.000800 
3214336 b+tree 1 403 36 0.842000 0.308000  0.000015 0.000014 0.000038 0.000074 0.000040 0.000021 
3214464 b+tree 1 403 36 0.842000 0.540000  0.000017 0.000015 0.000041 0.000089 0.000046 0.000023 
3214464 b+tree 1 403 36 0.842000 0.308000  0.000015 0.000014 0.000038 0.000073 0.000039 0.000021 
3214464 b+tree 1 403 36 0.842000 0.539000  0.000016 0.000015 0.000040 0.000075 0.000042 0.000022 
3214464 b+tree 1 403 36 0.842000 0.617000  0.000015 0.000014 0.000038 0.000073 0.000039 0.000021 
3214464 b+tree 1 403 36 0.842000 0.539000  0.000021 0.000016 0.000043 0.000093 0.000048 0.000024 
3214592 b+tree 1 403 36 0.842000 0.386000  0.000028 0.000015 0.000040 0.000088 0.000041 0.000022 
3214592 b+tree 1 403 36 0.842000 0.540000  0.000016 0.000021 0.000051 0.000106 0.000060 0.000029 
3214592 b+tree 1 403 36 0.842000 0.308000  0.094887 0.370866 0.110365 0.371384 0.000000 0.000000 
3214592 b+tree 1 403 36 0.842000 0.539000  0.000016 0.000014 0.000040 0.000076 0.000042 0.000022 
3214592 b+tree 1 403 36 0.842000 0.462000  0.000020 0.000014 0.000041 0.000083 0.000042 0.000022 
3214720 b+tree 1 403 36 0.842000 0.463000  0.000020 0.000016 0.000042 0.000088 0.000046 0.000023 
3214720 b+tree 1 403 36 0.842000 0.616000  0.098437 0.386805 0.114701 0.386872 0.000047 0.007040 
3214720 b+tree 1 403 36 0.842000 0.462000  0.000020 0.000015 0.000042 0.000091 0.000047 0.000024 
3214720 b+tree 1 403 36 0.842000 0.385000  0.000015 0.000014 0.000038 0.000072 0.000039 0.000021 
3214720 b+tree 1 403 36 0.842000 0.462000  0.000018 0.000015 0.000048 0.000109 0.000052 0.000025 
3214848 b+tree 1 403 36 0.842000 0.385000  0.106764 0.413741 0.124389 0.414125 0.000048 0.007640 
3214848 b+tree 1 403 36 0.842000 0.539000  0.000019 0.000015 0.000042 0.000089 0.000046 0.000024 
3214848 b+tree 1 403 36 0.842000 0.539000  0.000015 0.000015 0.000042 0.000095 0.000043 0.000022 
3214848 b+tree 1 403 36 0.842000 0.462000  0.000018 0.000015 0.000042 0.000087 0.000046 0.000024 
3214976 b+tree 1 403 36 0.842000 0.540000  0.000015 0.000013 0.000038 0.000072 0.000040 0.000022 
3214976 b+tree 1 403 36 0.842000 0.616000  0.000433 0.000317 0.000741 0.000493 0.000303 0.000175 
3214976 b+tree 1 403 36 0.842000 0.463000  0.000016 0.000014 0.000039 0.000078 0.000042 0.000022 
3214976 b+tree 1 403 36 0.842000 0.385000  0.000015 0.000014 0.000038 0.000073 0.000039 0.000021 
3214976 b+tree 1 403 36 0.842000 0.539000  0.000017 0.000015 0.000041 0.000084 0.000044 0.000023 
3215104 b+tree 1 403 36 0.842000 0.308000  0.000015 0.000013 0.000040 0.000079 0.000040 0.000021 
3215104 b+tree 1 403 36 0.842000 0.616000  0.000016 0.000014 0.000051 0.000101 0.000058 0.000029 
3215104 b+tree 1 403 36 0.842000 0.308000  0.123404 0.459116 0.142571 0.459575 0.000054 0.008858 
3215104 b+tree 1 403 36 0.842000 0.462000  0.000039 0.000233 0.000153 0.000508 0.000000 0.000027 
3215104 b+tree 1 403 36 0.842000 0.540000  0.000025 0.000022 0.000060 0.000117 0.000062 0.000033 
3215232 b+tree 1 403 36 0.842000 0.462000  0.000020 0.000016 0.000042 0.000089 0.000047 0.000024 
3215232 b+tree 1 403 36 0.842000 0.539000  0.000018 0.000014 0.000038 0.000076 0.000039 0.000021 
3215232 b+tree 1 403 36 0.842000 0.462000  0.000019 0.000015 0.000042 0.000142 0.000063 0.000030 
3215232 b+tree 1 403 36 0.842000 0.617000  0.000017 0.000014 0.000040 0.000082 0.000041 0.000022 
3215232 b+tree 1 403 36 0.842000 0.540000  0.000015 0.000014 0.000055 0.000130 0.000062 0.000033 
3215360 b+tree 1 403 36 0.842000 0.616000  0.000018 0.000014 0.000040 0.000082 0.000042 0.000022 
3215360 b+tree 1 403 36 0.842000 0.462000  0.000059 0.000034 0.000073 0.000162 0.000074 0.000039 
3215360 b+tree 1 403 36 0.842000 0.539000  0.000015 0.000013 0.000038 0.000082 0.000041 0.000022 
3215360 b+tree 1 403 36 0.842000 0.462000  0.000016 0.000014 0.000039 0.000075 0.000044 0.000023 
3215360 b+tree 1 403 36 0.842000 0.540000  0.000018 0.000015 0.000040 0.000080 0.000042 0.000022 
3215488 b+tree 1 403 36 0.842000 0.463000  0.000167 0.000042 0.000087 0.000228 0.000000 0.000000 
3215488 b+tree 1 403 36 0.842000 0.616000  0.016742 0.005631 0.012514 0.016768 0.006624 0.002900 
3215488 b+tree 1 403 36 0.842000 0.694000  0.000066 0.000053 0.000175 0.000602 0.000219 0.000096 
3215616 b+tree 1 403 36 0.842000 0.771000  0.000017 0.000014 0.000039 0.000078 0.000042 0.000022 
3215616 b+tree 1 403 36 0.842000 0.694000  0.000110 0.000071 0.000183 0.000413 0.000141 0.000059 
3215616 b+tree 1 403 36 0.842000 0.926000  0.000016 0.000014 0.000039 0.000142 0.000056 0.000027 
3215616 b+tree 1 403 36 0.842000 0.693000  0.000022 0.000016 0.000045 0.000111 0.000048 0.000025 
3215744 b+tree 1 403 36 0.842000 0.616000  0.000020 0.000015 0.000041 0.000087 0.000046 0.000023 
3215744 b+tree 1 403 36 0.842000 0.849000  0.000015 0.000014 0.000038 0.000074 0.000040 0.000022 
3215744 b+tree 1 403 36 0.842000 0.694000  0.000016 0.000014 0.000038 0.000080 0.000043 0.000022 
3215744 b+tree 1 403 36 0.842000 0.693000  0.000019 0.000015 0.000041 0.000122 0.000050 0.000025 
3215744 b+tree 1 403 36 0.842000 0.616000  0.000018 0.000015 0.000041 0.000085 0.000045 0.000023 
3215872 b+tree 1 403 36 0.842000 0.540000  0.000017 0.000014 0.000039 0.000077 0.000040 0.000021 
3215872 b+tree 1 403 36 0.842000 0.463000  0.000037 0.000390 0.000203 0.000629 0.000000 0.000033 
3215872 b+tree 1 403 36 0.842000 0.694000  0.000035 0.000283 0.000180 0.000713 0.000000 0.000032 
3215872 b+tree 1 403 36 0.842000 0.462000  0.000036 0.000209 0.000141 0.000434 0.000000 0.000025 
3215872 b+tree 1 403 36 0.842000 0.385000  0.000038 0.000221 0.000136 0.000443 0.000000 0.000024 
3216000 b+tree 1 403 36 0.842000 0.693000  0.000038 0.000234 0.000151 0.000503 0.000000 0.000026 
3216000 b+tree 1 403 36 0.842000 0.694000  0.000015 0.000014 0.000038 0.000076 0.000040 0.000021 
3216000 b+tree 1 403 36 0.842000 0.463000  0.000018 0.000015 0.000040 0.000080 0.000041 0.000021 
3216000 b+tree 1 403 36 0.842000 0.462000  0.000017 0.000015 0.000039 0.000081 0.000043 0.000023 
3216000 b+tree 1 403 36 0.842000 0.308000  0.000014 0.000013 0.000037 0.000071 0.000037 0.000020 
3216128 b+tree 1 403 36 0.842000 0.540000  0.000017 0.000015 0.000040 0.000090 0.000042 0.000022 
3216128 b+tree 1 403 36 0.842000 0.463000  0.195759 0.178381 0.496876 0.928974 0.510713 0.274853 
3216128 b+tree 1 403 36 0.842000 0.616000  0.012050 0.041561 0.014479 0.041819 0.000006 0.000849 
3216128 b+tree 1 403 36 0.842000 0.386000  0.010835 0.008477 0.024077 0.049519 0.025184 0.013351 
3216128 b+tree 1 403 36 0.842000 0.540000  0.006620 0.006148 0.017065 0.032506 0.017957 0.009487 
3216256 b+tree 1 403 36 0.842000 0.308000  0.005303 0.004384 0.012219 0.024848 0.012681 0.006692 
3216256 b+tree 1 403 36 0.842000 0.539000  0.003955 0.003666 0.010147 0.019080 0.010626 0.005655 
3216256 b+tree 1 403 36 0.842000 0.462000  0.000057 0.000380 0.000196 0.000663 0.000000 0.000031 
3216256 b+tree 1 403 36 0.842000 0.540000  0.002756 0.002300 0.006424 0.013404 0.007097 0.003578 
3216256 b+tree 1 403 36 0.842000 0.308000  0.002084 0.001997 0.005633 0.011471 0.005819 0.003038 
3216384 b+tree 1 403 36 0.842000 0.616000  0.001942 0.002660 0.006472 0.015424 0.007601 0.004157 
3216384 b+tree 1 403 36 0.842000 0.539000  0.001566 0.001460 0.004110 0.007795 0.004181 0.002861 
3216384 b+tree 1 403 36 0.842000 0.462000  0.001562 0.001447 0.004007 0.007581 0.004219 0.002233 
3216384 b+tree 1 403 36 0.842000 0.539000  0.001561 0.001252 0.003438 0.008244 0.003979 0.002098 
3216512 b+tree 1 403 36 0.842000 0.385000  0.001222 0.001085 0.003051 0.006039 0.003103 0.001677 
3216512 b+tree 1 403 36 0.842000 0.462000  0.001129 0.001022 0.002898 0.006082 0.003237 0.001671 
3216512 b+tree 1 403 36 0.842000 0.385000  0.001703 0.001230 0.003415 0.007833 0.003802 0.001897 
3216512 b+tree 1 403 36 0.842000 0.540000  0.001254 0.000995 0.002677 0.005677 0.002987 0.001527 
3216512 b+tree 1 403 36 0.842000 0.385000  0.000931 0.000864 0.002455 0.005044 0.002525 0.001367 
3216640 b+tree 1 403 36 0.842000 0.539000  0.000950 0.000857 0.002364 0.006189 0.003077 0.001731 
3216640 b+tree 1 403 36 0.842000 0.463000  0.000964 0.000804 0.002253 0.004564 0.002321 0.001233 
3216640 b+tree 1 403 36 0.842000 0.539000  0.000845 0.000773 0.002127 0.004038 0.002236 0.001213 
3216640 b+tree 1 403 36 0.842000 0.540000  0.000766 0.000750 0.002061 0.004288 0.002129 0.001146 
3216640 b+tree 1 403 36 0.842000 0.540000  0.002009 0.001056 0.002542 0.006142 0.002936 0.001613 
3216768 b+tree 1 403 36 0.842000 0.308000  0.000029 0.000169 0.000127 0.000602 0.000000 0.000026 
3216768 b+tree 1 403 36 0.842000 0.462000  0.000845 0.000691 0.001867 0.003953 0.002093 0.001063 
3216768 b+tree 1 403 36 0.842000 0.386000  0.000773 0.000629 0.001768 0.003760 0.001825 0.000967 
3216768 b+tree 1 403 36 0.842000 0.540000  0.000673 0.000612 0.001692 0.003191 0.001775 0.000942 
3216768 b+tree 1 403 36 0.842000 0.617000  0.000649 0.000573 0.001600 0.003087 0.001662 0.001001 
3216896 b+tree 1 403 36 0.842000 0.617000  0.000600 0.000562 0.002008 0.003969 0.002312 0.001136 
3216896 b+tree 1 403 36 0.842000 0.386000  0.000656 0.000542 0.001517 0.003087 0.001575 0.000850 
3216896 b+tree 1 403 36 0.842000 0.463000  0.000581 0.000527 0.001455 0.002790 0.001546 0.000813 
3216896 b+tree 1 403 36 0.842000 0.385000  0.101653 0.032499 0.076398 0.101740 0.038129 0.015281 
3216896 b+tree 1 403 36 0.842000 0.462000  0.000676 0.000548 0.001507 0.003131 0.001669 0.000842 
3217024 b+tree 1 403 36 0.842000 0.617000  0.000568 0.000476 0.001315 0.002592 0.001390 0.000755 
3217024 b+tree 1 403 36 0.842000 0.540000  0.000620 0.000508 0.001383 0.002917 0.001556 0.000834 
3217024 b+tree 1 403 36 0.842000 0.540000  0.000537 0.000473 0.001299 0.002597 0.001374 0.000723 
3217024 b+tree 1 403 36 0.842000 0.462000  0.022632 0.075072 0.025766 0.075277 0.000009 0.001647 
3217024 b+tree 1 403 36 0.842000 0.693000  0.000614 0.000556 0.001449 0.003253 0.001547 0.000781 
3217152 b+tree 1 403 36 0.842000 0.539000  0.000470 0.000422 0.001186 0.002265 0.001219 0.000653 
3217152 b+tree 1 403 36 0.842000 0.540000  0.000475 0.000438 0.001212 0.002344 0.001275 0.000677 
3217152 b+tree 1 403 36 0.842000 0.617000  0.000583 0.000467 0.001307 0.002774 0.001453 0.000733 
3217152 b+tree 1 403 36 0.842000 0.617000  0.000477 0.000620 0.001509 0.003807 0.001896 0.000902 
3217280 b+tree 1 403 36 0.842000 0.462000  0.000504 0.007371 0.018788 0.018211 0.008692 0.004534 
3217280 b+tree 1 403 36 0.842000 0.540000  0.000433 0.000399 0.001104 0.002117 0.001166 0.000616 
3217280 b+tree 1 403 36 0.842000 0.462000  0.000422 0.000373 0.001043 0.002032 0.001074 0.000576 
3217280 b+tree 1 403 36 0.842000 0.539000  0.000019 0.000016 0.000098 0.000219 0.000092 0.000040 
3217280 b+tree 1 403 36 0.842000 0.386000  0.000016 0.000015 0.000041 0.000078 0.000043 0.000023 
3217408 b+tree 1 403 36 0.842000 0.540000  0.000020 0.000016 0.000043 0.000085 0.000045 0.000024 
3217408 b+tree 1 403 36 0.842000 0.616000  0.000017 0.000016 0.000043 0.000082 0.000046 0.000024 
3217408 b+tree 1 403 36 0.842000 0.540000  0.042530 0.138606 0.048417 0.138649 0.000017 0.002973 
3217408 b+tree 1 403 36 0.842000 0.616000  0.000392 0.000307 0.000832 0.001779 0.000907 0.000461 
3217408 b+tree 1 403 36 0.842000 0.694000  0.000547 0.000291 0.000776 0.001669 0.001165 0.000557 
3217536 b+tree 1 403 36 0.842000 0.616000  0.000025 0.000020 0.000056 0.000113 0.000061 0.000032 
3217536 b+tree 1 403 36 0.842000 0.694000  0.000299 0.000261 0.000873 0.001939 0.000932 0.000452 
3217536 b+tree 1 403 36 0.842000 0.539000  0.000325 0.000268 0.000750 0.001564 0.000968 0.000479 
3217536 b+tree 1 403 36 0.842000 0.616000  0.000282 0.000249 0.000688 0.001790 0.000861 0.000435 
3217536 b+tree 1 403 36 0.842000 0.617000  0.000301 0.000277 0.000742 0.001684 0.000844 0.000410 
3217664 b+tree 1 403 36 0.842000 0.693000  0.006447 0.001965 0.004145 0.006542 0.002292 0.001005 
3217664 b+tree 1 403 36 0.842000 0.539000  0.000027 0.000021 0.000057 0.000127 0.000063 0.000032 
3217664 b+tree 1 403 36 0.842000 0.616000  0.000344 0.000263 0.000697 0.001896 0.000861 0.000435 
3217664 b+tree 1 403 36 0.842000 0.539000  0.000305 0.000250 0.000666 0.001293 0.000687 0.000359 
3217664 b+tree 1 403 36 0.842000 0.617000  0.000712 0.000319 0.000767 0.001773 0.000840 0.000400 
3217792 b+tree 1 403 36 0.842000 0.540000  0.001397 0.000438 0.001040 0.002327 0.000950 0.000447 
3217792 b+tree 1 403 36 0.842000 0.540000  0.000255 0.000223 0.000611 0.001236 0.000656 0.000446 
3217792 b+tree 1 403 36 0.842000 0.540000  0.000228 0.000207 0.000641 0.001343 0.000650 0.000364 
3217792 b+tree 1 403 36 0.842000 0.617000  0.000240 0.000314 0.000756 0.001607 0.000900 0.000475 
3217920 b+tree 1 403 36 0.842000 0.462000  0.000217 0.000198 0.000556 0.001065 0.000568 0.000306 
3217920 b+tree 1 403 36 0.842000 0.616000  0.000266 0.000214 0.000592 0.001258 0.000634 0.000333 
3217920 b+tree 1 403 36 0.842000 0.540000  0.000215 0.000192 0.000541 0.001048 0.000552 0.000298 
3217920 b+tree 1 403 36 0.842000 0.694000  0.000515 0.000297 0.000826 0.001934 0.000871 0.000411 
3217920 b+tree 1 403 36 0.842000 0.540000  0.000280 0.000210 0.000593 0.001314 0.000622 0.000322 
3218048 b+tree 1 403 36 0.842000 0.694000  0.000214 0.000194 0.000692 0.001460 0.002928 0.001574 
3218048 b+tree 1 403 36 0.842000 0.616000  0.000267 0.000201 0.000539 0.001122 0.000574 0.000296 
3218048 b+tree 1 403 36 0.842000 0.694000  0.000233 0.000197 0.000523 0.001004 0.000536 0.000284 
3218048 b+tree 1 403 36 0.842000 0.694000  0.083690 0.277813 0.094752 0.277849 0.000029 0.005529 
3218048 b+tree 1 403 36 0.842000 0.693000  0.000206 0.000185 0.000511 0.000986 0.000538 0.000285 
3218176 b+tree 1 403 36 0.842000 0.694000  0.000297 0.000194 0.000538 0.001290 0.000601 0.000320 
3218176 b+tree 1 403 36 0.842000 0.616000  0.000022 0.000129 0.000085 0.000270 0.000000 0.000017 
3218176 b+tree 1 403 36 0.842000 0.617000  0.000192 0.000192 0.000510 0.001060 0.000517 0.000300 
3218176 b+tree 1 403 36 0.842000 0.770000  0.000215 0.000175 0.000489 0.001016 0.000523 0.000273 
3218176 b+tree 1 403 36 0.842000 0.462000  0.000186 0.000166 0.000464 0.000916 0.000475 0.000256 
3218304 b+tree 1 403 36 0.842000 0.539000  0.000022 0.000019 0.000051 0.000105 0.000054 0.000029 
3218304 b+tree 1 403 36 0.842000 0.540000  0.000020 0.000018 0.000049 0.000095 0.000054 0.000028 
3218304 b+tree 1 403 36 0.842000 0.616000  0.000020 0.000019 0.000051 0.000139 0.000067 0.000033 
3218304 b+tree 1 403 36 0.842000 0.694000  0.000162 0.000153 0.000431 0.000806 0.000436 0.000237 
3218304 b+tree 1 403 36 0.842000 0.694000  0.000179 0.000162 0.000445 0.000885 0.000480 0.000255 
3218432 b+tree 1 403 36 0.842000 0.540000  0.000168 0.000151 0.000421 0.000805 0.000434 0.000233 
3218432 b+tree 1 403 36 0.842000 0.694000  0.000171 0.000158 0.000444 0.000896 0.000486 0.000251 
3218432 b+tree 1 403 36 0.842000 0.539000  0.000162 0.000146 0.000407 0.000784 0.000418 0.000226 
3218432 b+tree 1 403 36 0.842000 0.694000  0.000168 0.000152 0.000417 0.000821 0.000442 0.000233 
3218560 b+tree 1 403 36 0.842000 0.540000  0.028280 0.080299 0.031321 0.080563 0.000006 0.001586 
3218560 b+tree 1 403 36 0.842000 0.694000  0.000021 0.000137 0.000081 0.000282 0.000000 0.000014 
3218560 b+tree 1 403 36 0.842000 0.695000  0.000019 0.000319 0.000242 0.000907 0.000000 0.000023 
3218560 b+tree 1 403 36 0.842000 0.771000  0.000020 0.000140 0.000083 0.000291 0.000000 0.000014 
3218560 b+tree 1 403 36 0.842000 0.848000  0.018574 0.006120 0.013256 0.018652 0.006909 0.003120 
3218688 b+tree 1 403 36 0.842000 0.540000  0.000166 0.000149 0.000411 0.000786 0.000435 0.000230 
3218688 b+tree 1 403 36 0.842000 0.771000  0.000156 0.000144 0.000398 0.000790 0.000406 0.000219 
3218688 b+tree 1 403 36 0.842000 0.386000  0.000175 0.000165 0.000457 0.000970 0.000466 0.000241 
3218688 b+tree 1 403 36 0.842000 0.540000  0.000020 0.000018 0.000050 0.000100 0.000054 0.000028 
3218688 b+tree 1 403 36 0.842000 0.539000  0.000153 0.000142 0.000392 0.000760 0.000416 0.000219 
3218816 b+tree 1 403 36 0.842000 0.617000  0.000017 0.000134 0.000184 0.000373 0.000103 0.000046 
3218816 b+tree 1 403 36 0.842000 0.462000  0.000017 0.000016 0.000043 0.000082 0.000045 0.000024 
3218816 b+tree 1 403 36 0.842000 0.694000  0.000168 0.000134 0.000373 0.000798 0.000417 0.000219 
3218816 b+tree 1 403 36 0.842000 0.539000  0.000150 0.000139 0.000385 0.000724 0.000404 0.000214 
3218944 b+tree 1 403 36 0.842000 0.694000  0.000175 0.000141 0.000381 0.000780 0.000393 0.000207 
3218944 b+tree 1 403 36 0.842000 0.617000  0.000301 0.000175 0.000445 0.000977 0.000486 0.000239 
3218944 b+tree 1 403 36 0.842000 0.694000  0.001141 0.000341 0.000752 0.003037 0.001037 0.000469 
