#Timestamp	Benchmark	Run(#)	CPU Frequency (MHz)	CPU Temperature(C)	CPU Voltage(V)	CPU Power(W)	CPU_CYCLES	L1_DATA_CACHE_ACCESS	INSTRUCTIONS_RETIRED	BUS_CYCLES	L1I_CACHE_ACCESS	PREDICTABLE_BRANCH_SPECULATIVELY_EXECUTED
3038464 nn 1 307 36 0.842000 0.539000  0.000034 0.000021 0.000056 0.000132 0.000064 0.000032 
3038464 nn 1 307 36 0.842000 0.693000  0.084273 0.314322 0.099348 0.314421 0.000177 0.008017 
3038464 nn 1 307 36 0.842000 0.617000  0.000021 0.000022 0.000059 0.000128 0.000065 0.000032 
3038464 nn 1 307 36 0.842000 0.385000  0.000020 0.000018 0.000049 0.000094 0.000050 0.000027 
3038464 nn 1 307 36 0.842000 0.540000  0.000022 0.000019 0.000054 0.000140 0.000066 0.000033 
3038592 nn 1 307 36 0.842000 0.386000  0.000019 0.000017 0.000049 0.000107 0.000053 0.000028 
3038592 nn 1 307 36 0.842000 0.462000  0.000025 0.000019 0.000053 0.000111 0.000068 0.000034 
3038592 nn 1 307 36 0.842000 0.617000  0.087024 0.321535 0.102326 0.321657 0.000177 0.008208 
3038592 nn 1 307 37 0.842000 0.694000  0.000039 0.000023 0.000070 0.000146 0.000071 0.000038 
3038720 nn 1 307 37 0.842000 0.693000  0.000020 0.242526 0.077939 0.242577 0.000131 0.006202 
3038720 nn 1 307 36 0.842000 0.540000  0.000023 0.000020 0.000055 0.000139 0.000065 0.000031 
3038720 nn 1 307 37 0.842000 0.540000  0.000019 0.000018 0.000050 0.000105 0.000051 0.000027 
3038720 nn 1 307 36 0.842000 0.462000  0.000021 0.000019 0.000066 0.000136 0.000068 0.000038 
3038720 nn 1 307 36 0.842000 0.617000  0.000016 0.000014 0.000038 0.000074 0.000040 0.000021 
3038848 nn 1 307 36 0.842000 0.539000  0.000025 0.000016 0.000043 0.000097 0.000048 0.000024 
3038848 nn 1 307 36 0.842000 0.539000  0.000015 0.000014 0.000038 0.000074 0.000040 0.000021 
3038848 nn 1 307 36 0.842000 0.385000  0.000026 0.000020 0.000054 0.000123 0.000060 0.000030 
3038848 nn 1 307 36 0.842000 0.540000  0.000027 0.000021 0.000060 0.000140 0.000064 0.000032 
3038976 nn 1 307 36 0.842000 0.539000  0.000033 0.000024 0.000062 0.000134 0.000064 0.000035 
3038976 nn 1 307 36 0.842000 0.462000  0.000002 0.000017 0.000014 0.000034 0.000000 0.000002 
3038976 nn 1 307 36 0.842000 0.617000  0.000004 0.000009 0.000021 0.000056 0.000023 0.000010 
