#Timestamp	Benchmark	Run(#)	CPU Frequency (MHz)	CPU Temperature(C)	CPU Voltage(V)	CPU Power(W)	CPU_CYCLES	L1_DATA_CACHE_ACCESS	INSTRUCTIONS_RETIRED	BUS_CYCLES	L1I_CACHE_ACCESS	PREDICTABLE_BRANCH_SPECULATIVELY_EXECUTED
5299328 leukocyte 1 1132 44 1.072000 1.542000  0.000004 0.000004 0.000010 0.000021 0.000013 0.000006 
5299328 leukocyte 1 1132 43 1.072000 0.925000  0.000032 0.000027 0.000076 0.000161 0.000079 0.000042 
5299328 leukocyte 1 1132 43 1.072000 1.233000  0.000031 0.000025 0.000072 0.000156 0.000080 0.000040 
5299328 leukocyte 1 1132 43 1.072000 1.311000  0.000036 0.000026 0.000071 0.000171 0.000080 0.000039 
5299328 leukocyte 1 1132 43 1.072000 0.925000  0.000033 0.000030 0.000077 0.000178 0.000083 0.000041 
5299328 leukocyte 1 1132 43 1.072000 1.311000  0.000046 0.000030 0.000081 0.000181 0.000089 0.000045 
5299456 leukocyte 1 1132 44 1.072000 0.538000  0.000039 0.000030 0.000081 0.000176 0.000089 0.000045 
5299456 leukocyte 1 1132 44 1.072000 1.387000  0.000041 0.000030 0.000081 0.000180 0.000089 0.000046 
5299456 leukocyte 1 1132 44 1.072000 0.771000  0.000028 0.000026 0.000073 0.000143 0.000074 0.000041 
5299456 leukocyte 1 1132 44 1.072000 1.310000  0.000038 0.000030 0.000080 0.000176 0.000086 0.000044 
5299456 leukocyte 1 1132 44 1.072000 0.539000  0.000030 0.000026 0.000073 0.000142 0.000082 0.000042 
5299584 leukocyte 1 1132 44 1.072000 0.539000  0.000028 0.000027 0.000075 0.000158 0.000076 0.000041 
5299584 leukocyte 1 1132 44 1.072000 0.539000  0.000027 0.000026 0.000073 0.000136 0.000074 0.000040 
5299584 leukocyte 1 1132 44 1.072000 0.616000  0.000029 0.000026 0.000073 0.000141 0.000075 0.000040 
5299584 leukocyte 1 1132 44 1.072000 0.769000  0.000037 0.000030 0.000084 0.000193 0.000094 0.000047 
5299584 leukocyte 1 1132 45 1.072000 1.002000  0.000029 0.000026 0.000073 0.000147 0.000075 0.000040 
5299584 leukocyte 1 1132 45 1.072000 1.079000  0.000040 0.000030 0.000080 0.000174 0.000088 0.000045 
5299712 leukocyte 1 1132 44 1.072000 0.539000  0.000029 0.000026 0.000072 0.000139 0.000075 0.000040 
5299712 leukocyte 1 1132 44 1.072000 0.539000  0.000028 0.000026 0.000072 0.000138 0.000074 0.000041 
5299712 leukocyte 1 1132 45 1.072000 0.539000  0.000037 0.000029 0.000081 0.000176 0.000088 0.000045 
5299712 leukocyte 1 1132 45 1.072000 0.924000  0.000032 0.000028 0.000078 0.000163 0.000084 0.000044 
5299712 leukocyte 1 1132 45 1.072000 0.770000  0.000029 0.000026 0.000072 0.000139 0.000074 0.000040 
5299712 leukocyte 1 1132 45 1.072000 1.233000  0.000034 0.000028 0.000078 0.000172 0.000087 0.000045 
5299840 leukocyte 1 1132 45 1.072000 0.925000  0.000032 0.000026 0.000072 0.000167 0.000074 0.000040 
5299840 leukocyte 1 1132 45 1.072000 0.539000  0.000028 0.000026 0.000076 0.000176 0.000078 0.000042 
5299840 leukocyte 1 1132 45 1.072000 0.539000  0.000038 0.000029 0.000080 0.000178 0.000090 0.000045 
5299840 leukocyte 1 1132 45 1.072000 0.539000  0.000029 0.000027 0.000073 0.000148 0.000074 0.000040 
5299840 leukocyte 1 1132 45 1.072000 0.616000  0.000027 0.000025 0.000071 0.000135 0.000073 0.000039 
5299968 leukocyte 1 1132 45 1.072000 0.693000  0.000027 0.000025 0.000071 0.000134 0.000072 0.000039 
5299968 leukocyte 1 1132 45 1.072000 1.233000  0.000030 0.000039 0.000095 0.000201 0.000111 0.000054 
5299968 leukocyte 1 1132 45 1.072000 1.156000  0.000004 0.000032 0.000023 0.000062 0.000000 0.000003 
5299968 leukocyte 1 1132 45 1.072000 0.539000  0.000027 0.000025 0.000070 0.000133 0.000072 0.000039 
5299968 leukocyte 1 1132 45 1.072000 0.616000  0.000028 0.000025 0.000070 0.000133 0.000072 0.000039 
5299968 leukocyte 1 1132 45 1.072000 0.847000  0.000026 0.000025 0.000070 0.000130 0.000071 0.000040 
5300096 leukocyte 1 1132 45 1.072000 0.847000  0.000040 0.000040 0.000096 0.000286 0.000131 0.000068 
5300096 leukocyte 1 1132 45 1.072000 1.309000  0.000033 0.000027 0.000073 0.000149 0.000078 0.000041 
5300096 leukocyte 1 1132 45 1.072000 0.925000  0.000034 0.000026 0.000074 0.000163 0.000080 0.000042 
5300096 leukocyte 1 1132 45 1.072000 0.770000  0.000027 0.000025 0.000069 0.000135 0.000072 0.000039 
5300096 leukocyte 1 1132 45 1.072000 0.538000  0.000026 0.000025 0.000069 0.000128 0.000070 0.000038 
5300224 leukocyte 1 1132 45 1.072000 0.616000  0.000028 0.000026 0.000072 0.000141 0.000075 0.000040 
5300224 leukocyte 1 1132 45 1.072000 0.539000  0.000028 0.000026 0.000072 0.000182 0.000091 0.000052 
5300224 leukocyte 1 1132 45 1.072000 0.692000  0.000027 0.000025 0.000070 0.000193 0.000080 0.000041 
5300224 leukocyte 1 1132 45 1.072000 1.079000  0.000029 0.000026 0.000071 0.000139 0.000076 0.000040 
5300224 leukocyte 1 1132 45 1.072000 1.003000  0.007053 0.031502 0.008375 0.031703 0.000003 0.000544 
