#Timestamp	Benchmark	Run(#)	CPU Frequency (MHz)	CPU Temperature(C)	CPU Voltage(V)	CPU Power(W)	CPU_CYCLES	L1_DATA_CACHE_ACCESS	INSTRUCTIONS_RETIRED	BUS_CYCLES	L1I_CACHE_ACCESS	PREDICTABLE_BRANCH_SPECULATIVELY_EXECUTED
4756480 srad_v2 1 921 42 1.015000 0.925000  0.000006 0.000005 0.000013 0.000028 0.000017 0.000008 
5006592 srad_v2 1 921 43 1.015000 0.848000  0.000064 0.000059 0.000163 0.000429 0.000208 0.000119 
5006592 srad_v2 1 921 43 1.015000 1.234000  0.000068 0.000059 0.000162 0.000319 0.000173 0.000090 
5006592 srad_v2 1 921 43 1.015000 0.771000  0.000064 0.000055 0.000155 0.000312 0.000160 0.000085 
5006592 srad_v2 1 921 43 1.015000 1.001000  0.000064 0.000058 0.000160 0.000405 0.000180 0.000092 
5006720 srad_v2 1 921 43 1.015000 1.156000  0.000018 0.000016 0.000042 0.000087 0.000046 0.000024 
5006720 srad_v2 1 921 44 1.015000 1.774000  0.000017 0.000015 0.000042 0.000081 0.000045 0.000024 
5006720 srad_v2 1 921 44 1.015000 1.388000  0.000020 0.000014 0.000041 0.000094 0.000052 0.000025 
5006720 srad_v2 1 921 44 1.015000 1.001000  0.000080 0.000061 0.000166 0.000366 0.000184 0.000094 
5006720 srad_v2 1 921 44 1.015000 1.233000  0.000069 0.000058 0.000164 0.000359 0.000182 0.000094 
5006848 srad_v2 1 921 44 1.015000 0.772000  0.000058 0.000053 0.000149 0.000288 0.000152 0.000094 
5006848 srad_v2 1 921 44 1.015000 1.388000  0.000070 0.000058 0.000161 0.000348 0.000179 0.000090 
5006848 srad_v2 1 921 44 1.015000 0.771000  0.000063 0.000054 0.000151 0.000317 0.000154 0.000082 
5006848 srad_v2 1 921 43 1.015000 1.079000  0.000068 0.000058 0.000161 0.000341 0.000175 0.000090 
5006848 srad_v2 1 921 43 1.015000 0.925000  0.000064 0.000056 0.000153 0.000311 0.000163 0.000086 
5006848 srad_v2 1 921 43 1.015000 0.849000  0.000075 0.000059 0.000160 0.000336 0.000172 0.000090 
5006976 srad_v2 1 921 44 1.015000 1.234000  0.000066 0.000057 0.000155 0.000424 0.000179 0.000091 
5006976 srad_v2 1 921 44 1.015000 0.848000  0.000076 0.000060 0.000163 0.000348 0.000179 0.000092 
5006976 srad_v2 1 921 43 1.015000 1.233000  0.000062 0.000081 0.000202 0.000488 0.000219 0.000105 
5006976 srad_v2 1 921 43 1.015000 0.847000  0.000088 0.000057 0.000157 0.000358 0.000161 0.000085 
5006976 srad_v2 1 921 43 1.015000 1.156000  0.000071 0.000057 0.000158 0.000340 0.000173 0.000090 
5006976 srad_v2 1 921 43 1.015000 0.771000  0.000060 0.000054 0.000151 0.000294 0.000159 0.000083 
5007104 srad_v2 1 921 44 1.015000 0.848000  0.000074 0.000064 0.000172 0.000439 0.000188 0.000094 
5007104 srad_v2 1 921 44 1.015000 1.310000  0.000063 0.000056 0.000155 0.000321 0.000167 0.000087 
5007104 srad_v2 1 921 44 1.015000 0.849000  0.000056 0.000051 0.000143 0.000274 0.000145 0.000079 
5007104 srad_v2 1 921 43 1.015000 1.234000  0.000061 0.000080 0.000192 0.000416 0.000226 0.000109 
5007104 srad_v2 1 921 43 1.015000 0.847000  0.000059 0.000051 0.000142 0.000282 0.000148 0.000080 
5007232 srad_v2 1 921 44 1.015000 1.002000  0.000070 0.000058 0.000159 0.000349 0.000176 0.000090 
5007232 srad_v2 1 921 44 1.015000 1.311000  0.000069 0.000054 0.000147 0.000351 0.000160 0.000084 
5007232 srad_v2 1 921 43 1.015000 0.849000  0.000069 0.000057 0.000158 0.000342 0.000173 0.000089 
5007232 srad_v2 1 921 43 1.015000 1.389000  0.000059 0.000078 0.000189 0.000392 0.000217 0.000107 
5007232 srad_v2 1 921 43 1.015000 0.848000  0.000074 0.000054 0.000149 0.000335 0.000157 0.000081 
5007232 srad_v2 1 921 44 1.015000 1.157000  0.000058 0.000053 0.000145 0.000280 0.000155 0.000081 
5007360 srad_v2 1 921 44 1.015000 0.849000  0.000064 0.000053 0.000144 0.000286 0.000157 0.000081 
5007360 srad_v2 1 921 43 1.015000 0.848000  0.000065 0.000053 0.000149 0.000311 0.000161 0.000083 
5007360 srad_v2 1 921 43 1.015000 1.389000  0.000065 0.000052 0.000149 0.000316 0.000160 0.000083 
5007360 srad_v2 1 921 43 1.015000 0.848000  0.000055 0.000049 0.000137 0.000268 0.000142 0.000076 
5007360 srad_v2 1 921 43 1.015000 1.157000  0.000059 0.000052 0.000184 0.000397 0.000186 0.000105 
5007488 srad_v2 1 921 43 1.015000 0.848000  0.000059 0.000052 0.000142 0.000279 0.000151 0.000079 
5007488 srad_v2 1 921 43 1.015000 0.847000  0.000055 0.000051 0.000142 0.000274 0.000149 0.000079 
5007488 srad_v2 1 921 43 1.015000 1.389000  0.000059 0.000051 0.000160 0.000397 0.000173 0.000087 
5007488 srad_v2 1 921 43 1.015000 1.002000  0.000053 0.000048 0.000134 0.000261 0.000137 0.000074 
5007488 srad_v2 1 921 43 1.015000 1.156000  0.000057 0.000051 0.000140 0.000273 0.000148 0.000078 
5007488 srad_v2 1 921 44 1.015000 0.848000  0.000069 0.000049 0.000142 0.000308 0.000147 0.000077 
5007616 srad_v2 1 921 43 1.015000 1.155000  0.000073 0.000054 0.000147 0.000327 0.000165 0.000084 
5007616 srad_v2 1 921 43 1.015000 0.925000  0.000060 0.000048 0.000133 0.000281 0.000136 0.000074 
5007616 srad_v2 1 921 43 1.015000 0.769000  0.000060 0.000050 0.000139 0.000291 0.000153 0.000079 
5007616 srad_v2 1 921 43 1.015000 1.310000  0.000096 0.000055 0.000146 0.000359 0.000153 0.000079 
5007616 srad_v2 1 921 44 1.015000 0.923000  0.000068 0.000052 0.000144 0.000306 0.000157 0.000080 
5007744 srad_v2 1 921 44 1.015000 1.541000  0.000060 0.000049 0.000136 0.000289 0.000143 0.000076 
5007744 srad_v2 1 921 44 1.015000 0.924000  0.000067 0.000051 0.000283 0.000627 0.000796 0.000428 
