#Timestamp	Benchmark	Run(#)	CPU Frequency (MHz)	CPU Temperature(C)	CPU Voltage(V)	CPU Power(W)	CPU_CYCLES	L1_DATA_CACHE_ACCESS	INSTRUCTIONS_RETIRED	BUS_CYCLES	L1I_CACHE_ACCESS	PREDICTABLE_BRANCH_SPECULATIVELY_EXECUTED
4555008 leukocyte 1 825 41 0.976000 0.694000  0.000593 0.000516 0.025725 0.019349 0.010667 0.006127 
4555008 leukocyte 1 825 41 0.976000 0.462000  0.000137 0.000122 0.000346 0.000689 0.000444 0.000215 
4555008 leukocyte 1 825 41 0.976000 0.694000  0.000639 0.000480 0.001340 0.002810 0.001395 0.000726 
4555008 leukocyte 1 825 41 0.976000 1.002000  0.000628 0.000475 0.001282 0.002798 0.001423 0.000725 
4555008 leukocyte 1 825 41 0.976000 0.771000  0.000555 0.000413 0.001184 0.002819 0.001286 0.000675 
4555136 leukocyte 1 825 41 0.976000 1.233000  0.000565 0.000428 0.001152 0.002540 0.001251 0.000640 
4555136 leukocyte 1 825 41 0.976000 1.079000  0.000414 0.000369 0.001026 0.001983 0.001070 0.000570 
4555136 leukocyte 1 825 42 0.976000 0.692000  0.000108 0.000095 0.000272 0.000542 0.000344 0.000168 
4555136 leukocyte 1 825 42 0.976000 1.309000  0.000429 0.000378 0.001032 0.002033 0.001104 0.000576 
4555136 leukocyte 1 825 42 0.976000 0.924000  0.000393 0.000365 0.001006 0.001945 0.001071 0.000563 
4555136 leukocyte 1 825 42 0.976000 1.080000  0.000713 0.000402 0.001054 0.002372 0.001150 0.000581 
4555264 leukocyte 1 825 42 0.976000 0.925000  0.000376 0.000323 0.000904 0.001839 0.000928 0.000500 
4555264 leukocyte 1 825 42 0.976000 0.539000  0.000091 0.000084 0.000240 0.000478 0.000304 0.000149 
4555264 leukocyte 1 825 42 0.976000 0.462000  0.000332 0.000316 0.000881 0.001656 0.000957 0.000505 
4555264 leukocyte 1 825 42 0.976000 0.462000  0.000445 0.000351 0.000960 0.002046 0.002127 0.000963 
4555264 leukocyte 1 825 42 0.976000 0.847000  0.000438 0.000348 0.000939 0.001975 0.001019 0.000520 
4555392 leukocyte 1 825 43 0.976000 0.846000  0.000330 0.000300 0.000838 0.001626 0.000875 0.000465 
4555392 leukocyte 1 825 43 0.976000 1.079000  0.002449 0.001004 0.002315 0.004271 0.002089 0.000980 
4555392 leukocyte 1 825 43 0.976000 0.694000  0.000020 0.000018 0.000048 0.000110 0.000055 0.000028 
4555392 leukocyte 1 825 42 0.976000 0.847000  0.000079 0.000071 0.000202 0.000410 0.000261 0.000126 
4555392 leukocyte 1 825 42 0.976000 0.846000  0.000281 0.000260 0.000725 0.001387 0.000751 0.000401 
4555520 leukocyte 1 825 42 0.976000 0.692000  0.000274 0.000256 0.000715 0.001342 0.000738 0.000396 
4555520 leukocyte 1 825 42 0.976000 0.462000  0.000269 0.000252 0.000705 0.001328 0.000720 0.000389 
4555520 leukocyte 1 825 43 0.976000 0.769000  0.000325 0.000277 0.000765 0.001575 0.000838 0.000428 
4555520 leukocyte 1 825 43 0.976000 0.693000  0.000332 0.000272 0.000764 0.001595 0.000814 0.000416 
4555520 leukocyte 1 825 43 0.976000 1.077000  0.000283 0.000377 0.000914 0.001875 0.001059 0.000518 
4555520 leukocyte 1 825 42 0.976000 1.311000  0.000279 0.000253 0.000689 0.001367 0.000737 0.000381 
4555648 leukocyte 1 825 42 0.976000 0.615000  0.000324 0.000255 0.000701 0.001531 0.000795 0.000401 
4555648 leukocyte 1 825 43 0.976000 1.000000  0.000245 0.000227 0.000637 0.001204 0.000658 0.000353 
4555648 leukocyte 1 825 43 0.976000 0.462000  0.000240 0.000225 0.000631 0.001187 0.000652 0.000349 
4555648 leukocyte 1 825 43 0.976000 0.924000  0.000243 0.000221 0.000616 0.001200 0.000640 0.000341 
4555648 leukocyte 1 825 43 0.976000 1.000000  0.000282 0.000233 0.000650 0.001411 0.000773 0.000385 
4555648 leukocyte 1 825 43 0.976000 0.694000  0.000261 0.000227 0.000625 0.001247 0.000670 0.000349 
4555776 leukocyte 1 825 43 0.976000 0.771000  0.000317 0.000244 0.000663 0.001394 0.000718 0.000368 
4555776 leukocyte 1 825 43 0.976000 1.000000  0.000227 0.000211 0.000590 0.001117 0.000611 0.000326 
4555776 leukocyte 1 825 43 0.976000 0.462000  0.000223 0.000209 0.000585 0.001108 0.000604 0.000324 
4555776 leukocyte 1 825 43 0.976000 0.462000  0.000282 0.000233 0.000649 0.001415 0.000725 0.000363 
4555776 leukocyte 1 825 43 0.976000 0.462000  0.000282 0.000222 0.000620 0.001301 0.000675 0.000351 
4555904 leukocyte 1 825 43 0.976000 0.770000  0.000287 0.000209 0.000593 0.001269 0.000609 0.000325 
4555904 leukocyte 1 825 43 0.976000 0.769000  0.000270 0.000226 0.000620 0.001325 0.000679 0.000345 
4555904 leukocyte 1 825 43 0.976000 0.847000  0.000239 0.000211 0.000579 0.001145 0.000611 0.000323 
4555904 leukocyte 1 825 43 0.976000 0.462000  0.000277 0.000221 0.000609 0.001289 0.000671 0.000346 
4555904 leukocyte 1 825 43 0.976000 0.616000  0.000220 0.000196 0.000547 0.001064 0.000573 0.000303 
4555904 leukocyte 1 825 43 0.976000 0.539000  0.000216 0.000195 0.000543 0.001038 0.000563 0.000301 
4556032 leukocyte 1 825 43 0.976000 0.462000  0.000203 0.000194 0.000538 0.001005 0.000559 0.000298 
4556032 leukocyte 1 825 43 0.976000 0.539000  0.003712 0.000826 0.001870 0.004747 0.001474 0.000658 
4556032 leukocyte 1 825 43 0.976000 0.694000  0.000273 0.000211 0.000577 0.001259 0.000640 0.000329 
4556032 leukocyte 1 825 43 0.976000 0.694000  0.000248 0.000234 0.000605 0.001432 0.000636 0.000321 
