#Timestamp	Benchmark	Run(#)	CPU Frequency (MHz)	CPU Temperature(C)	CPU Voltage(V)	CPU Power(W)	CPU_CYCLES	L1_DATA_CACHE_ACCESS	INSTRUCTIONS_RETIRED	BUS_CYCLES	L1I_CACHE_ACCESS	PREDICTABLE_BRANCH_SPECULATIVELY_EXECUTED
3840000 hotspot 1 518 38 0.880000 0.693000  0.000004 0.000004 0.000010 0.000020 0.000013 0.000006 
3840000 hotspot 1 518 38 0.880000 0.694000  0.000018 0.000015 0.000041 0.000085 0.000046 0.000023 
3840128 hotspot 1 518 38 0.880000 0.308000  0.000015 0.000013 0.000037 0.000071 0.000039 0.000021 
3840128 hotspot 1 518 38 0.880000 0.308000  0.000015 0.000014 0.000039 0.000074 0.000041 0.000022 
3840128 hotspot 1 518 38 0.880000 0.386000  0.013392 0.042062 0.015835 0.042293 0.000003 0.000822 
3840128 hotspot 1 518 38 0.880000 0.539000  0.000016 0.000014 0.000039 0.000075 0.000042 0.000022 
3840128 hotspot 1 518 38 0.880000 0.385000  0.000016 0.000014 0.000039 0.000078 0.000041 0.000022 
3840256 hotspot 1 518 38 0.880000 0.462000  0.000019 0.000015 0.000042 0.000089 0.000052 0.000025 
3840256 hotspot 1 518 38 0.880000 0.308000  0.526362 0.152293 0.325134 0.526660 0.179598 0.259916 
3840256 hotspot 1 518 38 0.880000 0.693000  0.000088 0.000073 0.000201 0.000411 0.000222 0.000115 
3840256 hotspot 1 518 38 0.880000 0.539000  0.000063 0.000057 0.000160 0.000327 0.000181 0.000093 
3840256 hotspot 1 518 38 0.880000 0.540000  0.000015 0.000014 0.000039 0.000074 0.000041 0.000022 
3840384 hotspot 1 518 38 0.880000 0.617000  0.000016 0.000014 0.000039 0.000081 0.000042 0.000022 
3840384 hotspot 1 518 38 0.880000 0.770000  0.000015 0.000014 0.000039 0.000074 0.000041 0.000022 
3840384 hotspot 1 518 38 0.880000 0.849000  0.000015 0.000014 0.000038 0.000074 0.000041 0.000023 
3840384 hotspot 1 518 38 0.880000 0.540000  0.000019 0.000015 0.000042 0.000089 0.000046 0.000023 
3840384 hotspot 1 518 38 0.880000 0.771000  0.000015 0.000014 0.000039 0.000078 0.000042 0.000022 
3840512 hotspot 1 518 38 0.880000 0.539000  0.000018 0.000015 0.000042 0.000085 0.000043 0.000022 
3840512 hotspot 1 518 38 0.880000 0.771000  0.000016 0.000014 0.000038 0.000074 0.000039 0.000021 
3840512 hotspot 1 518 38 0.880000 0.539000  0.000015 0.000013 0.000037 0.000070 0.000038 0.000020 
3840512 hotspot 1 518 38 0.880000 0.771000  0.000015 0.000014 0.000049 0.000100 0.000057 0.000028 
3840512 hotspot 1 518 38 0.880000 0.463000  0.065514 0.020577 0.051182 0.065933 0.025722 0.012047 
3840640 hotspot 1 518 38 0.880000 0.694000  0.000015 0.000021 0.000050 0.000100 0.000058 0.000028 
3840640 hotspot 1 518 38 0.880000 0.771000  0.000015 0.000014 0.000038 0.000073 0.000040 0.000021 
3840640 hotspot 1 518 38 0.880000 0.926000  0.000017 0.000015 0.000040 0.000082 0.000044 0.000022 
3840640 hotspot 1 518 38 0.880000 0.849000  0.000015 0.000014 0.000038 0.000072 0.000040 0.000021 
3840640 hotspot 1 518 38 0.880000 0.463000  0.000015 0.000014 0.000038 0.000075 0.000041 0.000021 
3840768 hotspot 1 518 38 0.880000 0.772000  0.000016 0.000014 0.000040 0.000085 0.000048 0.000024 
3840768 hotspot 1 518 38 0.880000 0.540000  0.000014 0.000013 0.000037 0.000070 0.000038 0.000020 
3840768 hotspot 1 518 38 0.880000 0.770000  0.000015 0.000014 0.000049 0.000102 0.000050 0.000028 
3840768 hotspot 1 518 38 0.880000 0.539000  0.000014 0.000013 0.000037 0.000070 0.000038 0.000020 
3840768 hotspot 1 518 38 0.880000 0.694000  0.000015 0.000014 0.000049 0.000102 0.000050 0.000028 
3840896 hotspot 1 518 38 0.880000 0.539000  0.000017 0.000014 0.000038 0.000075 0.000039 0.000021 
3840896 hotspot 1 518 38 0.880000 0.694000  0.000014 0.000014 0.000043 0.000091 0.000047 0.000024 
3840896 hotspot 1 518 38 0.880000 0.848000  0.000015 0.000014 0.000038 0.000073 0.000040 0.000021 
3840896 hotspot 1 518 38 0.880000 0.771000  0.000015 0.000014 0.000038 0.000073 0.000040 0.000021 
3840896 hotspot 1 518 38 0.880000 0.772000  0.000070 0.000027 0.000073 0.000152 0.000073 0.000035 
3840896 hotspot 1 518 38 0.880000 0.539000  0.104905 0.262281 0.127148 0.262460 0.000007 0.005371 
3841024 hotspot 1 518 38 0.880000 0.771000  0.000032 0.000196 0.000125 0.000415 0.000000 0.000023 
3841024 hotspot 1 518 38 0.880000 0.463000  0.000017 0.000014 0.000040 0.000083 0.000044 0.000022 
3841024 hotspot 1 518 38 0.880000 0.539000  0.000018 0.000015 0.000040 0.000085 0.000045 0.000023 
3841024 hotspot 1 518 38 0.880000 0.694000  0.000015 0.000014 0.000038 0.000075 0.000040 0.000021 
3841152 hotspot 1 518 38 0.880000 0.539000  0.000018 0.000015 0.000040 0.000109 0.000047 0.000023 
3841152 hotspot 1 518 38 0.880000 0.694000  0.000015 0.000014 0.000038 0.000073 0.000040 0.000021 
3841152 hotspot 1 518 38 0.880000 0.540000  0.000018 0.000015 0.000042 0.000084 0.000042 0.000022 
3841152 hotspot 1 518 38 0.880000 0.770000  0.991796 0.391915 0.940532 1.853760 0.863802 0.425282 
3841152 hotspot 1 518 38 0.880000 0.462000  0.011398 0.010656 0.029833 0.055956 0.030557 0.016512 
3841152 hotspot 1 518 38 0.880000 0.771000  0.167220 0.048186 0.107651 0.167435 0.057100 0.025124 
3841280 hotspot 1 518 38 0.880000 0.539000  0.005287 0.004883 0.013615 0.025398 0.013990 0.007528 
3841280 hotspot 1 518 38 0.880000 0.770000  0.003796 0.003362 0.009254 0.017961 0.009799 0.005188 
3841280 hotspot 1 518 38 0.880000 0.462000  0.002994 0.002803 0.007906 0.014824 0.008041 0.004351 
3841280 hotspot 1 518 38 0.880000 0.693000  0.004258 0.002909 0.007773 0.016744 0.008387 0.004290 
3841280 hotspot 1 518 38 0.880000 0.462000  0.002424 0.002249 0.006323 0.011896 0.006413 0.003476 
3841408 hotspot 1 518 38 0.880000 0.694000  0.002360 0.002161 0.005952 0.011379 0.006302 0.003327 
3841408 hotspot 1 518 38 0.880000 0.540000  0.002836 0.002034 0.005649 0.011775 0.005777 0.003058 
3841408 hotspot 1 518 38 0.880000 0.617000  0.002518 0.001992 0.005348 0.011179 0.005816 0.002941 
3841408 hotspot 1 518 38 0.880000 0.539000  0.001715 0.001613 0.005943 0.013393 0.005789 0.002928 
3841408 hotspot 1 518 38 0.880000 0.771000  0.001675 0.001541 0.004257 0.008120 0.005396 0.002749 
3841536 hotspot 1 518 38 0.880000 0.539000  0.208958 0.062200 0.138431 0.209333 0.072771 0.031543 
3841536 hotspot 1 518 38 0.880000 0.693000  0.001567 0.001434 0.003951 0.007565 0.004190 0.002201 
3841536 hotspot 1 518 38 0.880000 0.694000  0.001553 0.001329 0.003729 0.007840 0.004284 0.002127 
3841536 hotspot 1 518 38 0.880000 0.694000  0.001425 0.001181 0.003268 0.006745 0.003585 0.001836 
3841536 hotspot 1 518 38 0.880000 0.847000  0.001116 0.001056 0.002915 0.005524 0.003078 0.001626 
3841664 hotspot 1 518 38 0.880000 0.539000  0.000991 0.000941 0.002649 0.005018 0.002696 0.001457 
3841664 hotspot 1 518 38 0.880000 0.694000  0.001051 0.000959 0.002655 0.005170 0.002827 0.001482 
3841664 hotspot 1 518 38 0.880000 0.540000  0.000921 0.000865 0.002429 0.004582 0.002478 0.001342 
3841664 hotspot 1 518 38 0.880000 0.770000  0.000964 0.000877 0.003129 0.006256 0.003105 0.001768 
3841664 hotspot 1 518 38 0.880000 0.463000  0.000890 0.000825 0.002282 0.004616 0.002363 0.001269 
3841792 hotspot 1 518 38 0.880000 0.847000  0.001050 0.000840 0.002256 0.004581 0.002396 0.001225 
3841792 hotspot 1 518 38 0.880000 0.770000  0.000788 0.000766 0.002086 0.004596 0.002230 0.001189 
3841792 hotspot 1 518 38 0.880000 0.771000  0.000911 0.000727 0.002043 0.012015 0.004479 0.001867 
3841792 hotspot 1 518 38 0.880000 0.847000  0.000745 0.000667 0.001841 0.003651 0.001994 0.001070 
3841792 hotspot 1 518 38 0.880000 0.693000  0.000778 0.000682 0.001953 0.004338 0.002078 0.001042 
3841920 hotspot 1 518 38 0.880000 0.770000  0.000645 0.000592 0.001630 0.003109 0.002241 0.001090 
3841920 hotspot 1 518 38 0.880000 0.540000  0.000590 0.000543 0.001532 0.002902 0.001576 0.000844 
3841920 hotspot 1 518 38 0.880000 0.771000  0.000824 0.000588 0.001626 0.004830 0.002185 0.001190 
3841920 hotspot 1 518 38 0.880000 0.540000  0.000572 0.000518 0.001443 0.002729 0.001500 0.000799 
3841920 hotspot 1 518 38 0.880000 0.770000  0.000692 0.000570 0.001573 0.003372 0.001756 0.000872 
3842048 hotspot 1 518 38 0.880000 0.617000  0.000522 0.000482 0.001356 0.002555 0.001426 0.000757 
3842048 hotspot 1 518 38 0.880000 0.847000  0.000601 0.000505 0.001388 0.002889 0.001721 0.000872 
3842048 hotspot 1 518 38 0.880000 0.693000  0.000495 0.000473 0.001312 0.002669 0.001374 0.000738 
3842048 hotspot 1 518 38 0.880000 0.693000  0.000515 0.000477 0.001303 0.002486 0.001383 0.000730 
3842048 hotspot 1 518 38 0.880000 0.463000  0.000587 0.000464 0.001304 0.002709 0.001338 0.000703 
3842176 hotspot 1 518 38 0.880000 0.694000  0.000495 0.000455 0.001254 0.002366 0.001321 0.000720 
3842176 hotspot 1 518 38 0.880000 0.770000  0.000468 0.000416 0.001163 0.002201 0.001195 0.000642 
3842176 hotspot 1 518 38 0.880000 0.772000  0.000453 0.000429 0.001185 0.002225 0.001246 0.000660 
3842176 hotspot 1 518 38 0.880000 0.770000  0.000457 0.000422 0.001152 0.002227 0.001205 0.000662 
3842176 hotspot 1 518 38 0.880000 0.617000  0.000439 0.000407 0.001119 0.002124 0.001189 0.000627 
3842176 hotspot 1 518 38 0.880000 0.849000  0.000421 0.000391 0.001074 0.002022 0.001145 0.000601 
3842304 hotspot 1 518 38 0.880000 0.694000  0.000523 0.000431 0.001154 0.002430 0.001269 0.000628 
3842304 hotspot 1 518 38 0.880000 0.771000  0.000404 0.000376 0.001040 0.001981 0.001093 0.000579 
3842304 hotspot 1 518 38 0.880000 0.540000  0.000471 0.000395 0.001045 0.002027 0.001077 0.000561 
3842304 hotspot 1 518 38 0.880000 0.539000  0.000375 0.000331 0.000926 0.001780 0.000954 0.000511 
3842432 hotspot 1 518 38 0.880000 0.616000  0.000376 0.000345 0.000951 0.001821 0.001008 0.000531 
3842432 hotspot 1 518 38 0.880000 0.540000  0.000348 0.000330 0.000912 0.001875 0.000963 0.000513 
3842432 hotspot 1 518 38 0.880000 0.771000  0.000359 0.000330 0.000907 0.001714 0.000956 0.000507 
3842432 hotspot 1 518 38 0.880000 0.539000  0.310927 0.093778 0.203806 0.310974 0.107546 0.046562 
3842432 hotspot 1 518 38 0.880000 0.694000  0.000051 0.000043 0.000119 0.000243 0.000131 0.000067 
3842560 hotspot 1 518 38 0.880000 0.540000  0.000333 0.000307 0.000855 0.001628 0.000905 0.000490 
3842560 hotspot 1 518 38 0.880000 0.694000  0.000436 0.000355 0.000962 0.002041 0.001059 0.000531 
3842560 hotspot 1 518 38 0.880000 0.770000  0.000381 0.000327 0.000886 0.001785 0.000944 0.000489 
3842560 hotspot 1 518 38 0.880000 0.540000  0.000406 0.000343 0.000941 0.001978 0.001026 0.000519 
3842560 hotspot 1 518 38 0.880000 0.693000  0.000340 0.000307 0.000847 0.001630 0.000898 0.000550 
3842688 hotspot 1 518 38 0.880000 0.540000  0.022554 0.006337 0.013078 0.022600 0.007377 0.003133 
3842688 hotspot 1 518 38 0.880000 0.770000  0.000343 0.000442 0.001073 0.002618 0.001250 0.000681 
3842688 hotspot 1 518 38 0.880000 0.540000  0.000296 0.000278 0.000782 0.001483 0.000800 0.000430 
3842688 hotspot 1 518 38 0.880000 0.694000  0.000318 0.000292 0.001036 0.002056 0.001204 0.000589 
3842688 hotspot 1 518 38 0.880000 0.539000  0.000354 0.000290 0.000821 0.001650 0.000840 0.000441 
3842816 hotspot 1 518 38 0.880000 0.771000  0.000301 0.000281 0.000776 0.001464 0.000821 0.000433 
3842816 hotspot 1 518 38 0.880000 0.849000  0.000289 0.000264 0.000740 0.001418 0.000762 0.000408 
3842816 hotspot 1 518 38 0.880000 0.694000  0.000309 0.000280 0.000764 0.001573 0.000825 0.000425 
3842816 hotspot 1 518 38 0.880000 0.925000  0.000295 0.000268 0.000744 0.001424 0.000781 0.000414 
3842816 hotspot 1 518 38 0.880000 0.540000  0.000328 0.000272 0.000745 0.001434 0.000785 0.000412 
3842944 hotspot 1 518 38 0.880000 0.849000  0.000284 0.000280 0.000756 0.002413 0.001017 0.000584 
3842944 hotspot 1 518 38 0.880000 0.539000  0.000272 0.000245 0.000687 0.001310 0.000705 0.000379 
3842944 hotspot 1 518 38 0.880000 0.771000  0.000321 0.000274 0.000757 0.001578 0.000832 0.000426 
3842944 hotspot 1 518 38 0.880000 0.539000  0.000302 0.000247 0.000699 0.001421 0.000709 0.000377 
