#Timestamp	Benchmark	Run(#)	CPU Frequency (MHz)	CPU Temperature(C)	CPU Voltage(V)	CPU Power(W)	CPU_CYCLES	L1_DATA_CACHE_ACCESS	INSTRUCTIONS_RETIRED	BUS_CYCLES	L1I_CACHE_ACCESS	PREDICTABLE_BRANCH_SPECULATIVELY_EXECUTED
2652672 leukocyte 1 307 36 0.842000 0.616000  0.000018 0.000020 0.000048 0.000113 0.000054 0.000025 
2652672 leukocyte 1 307 36 0.842000 0.694000  0.000018 0.000014 0.000039 0.000077 0.000040 0.000021 
2652672 leukocyte 1 307 36 0.842000 0.540000  0.000020 0.000016 0.000042 0.000090 0.000047 0.000024 
2652672 leukocyte 1 307 36 0.842000 0.385000  0.000015 0.000013 0.000038 0.000085 0.000045 0.000025 
2652800 leukocyte 1 307 36 0.842000 0.539000  0.000016 0.000014 0.000040 0.000080 0.000042 0.000022 
2652800 leukocyte 1 307 36 0.842000 0.462000  0.000008 0.000051 0.000032 0.000106 0.000000 0.000006 
2652800 leukocyte 1 307 36 0.842000 0.463000  0.000023 0.000017 0.000048 0.000109 0.000051 0.000026 
2652800 leukocyte 1 307 36 0.842000 0.539000  0.000019 0.000022 0.000071 0.000144 0.000065 0.000036 
2652928 leukocyte 1 307 36 0.842000 0.462000  0.000022 0.000014 0.000041 0.000090 0.000041 0.000021 
2652928 leukocyte 1 307 36 0.842000 0.540000  0.000018 0.000015 0.000042 0.000094 0.000046 0.000023 
2652928 leukocyte 1 307 36 0.842000 0.461000  0.000007 0.000043 0.000028 0.000089 0.000000 0.000005 
2652928 leukocyte 1 307 36 0.842000 0.617000  0.000020 0.000015 0.000041 0.000086 0.000045 0.000023 
2653056 leukocyte 1 307 36 0.842000 0.539000  0.000015 0.000013 0.000038 0.000076 0.000040 0.000021 
2653056 leukocyte 1 307 36 0.842000 0.617000  0.000018 0.000015 0.000067 0.000132 0.000064 0.000030 
2653056 leukocyte 1 307 36 0.842000 0.693000  0.000015 0.000013 0.000037 0.000071 0.000039 0.000021 
2653056 leukocyte 1 307 36 0.842000 0.539000  0.000016 0.000014 0.000040 0.000088 0.000045 0.000024 
2653056 leukocyte 1 307 36 0.842000 0.385000  0.000015 0.000013 0.000037 0.000071 0.000038 0.000021 
2653184 leukocyte 1 307 36 0.842000 0.462000  0.000015 0.000014 0.000039 0.000075 0.000041 0.000022 
2653184 leukocyte 1 307 36 0.842000 0.463000  0.000015 0.000013 0.000037 0.000071 0.000038 0.000021 
2653184 leukocyte 1 307 36 0.842000 0.463000  0.000016 0.000020 0.000061 0.000124 0.000058 0.000032 
2653184 leukocyte 1 307 36 0.842000 0.616000  0.000014 0.000013 0.000037 0.000070 0.000038 0.000021 
2653312 leukocyte 1 307 36 0.842000 0.539000  0.000014 0.000013 0.000037 0.000069 0.000038 0.000020 
2653312 leukocyte 1 307 36 0.842000 0.308000  0.000014 0.000013 0.000037 0.000069 0.000038 0.000021 
2653312 leukocyte 1 307 36 0.842000 0.385000  0.000016 0.000014 0.000039 0.000085 0.000043 0.000022 
2653312 leukocyte 1 307 36 0.842000 0.308000  0.000014 0.000013 0.000037 0.000069 0.000038 0.000021 
2653312 leukocyte 1 307 36 0.842000 0.616000  0.000014 0.000014 0.000039 0.000076 0.000040 0.000021 
2653440 leukocyte 1 307 36 0.842000 0.462000  0.000019 0.000015 0.000041 0.000086 0.000046 0.000024 
2653440 leukocyte 1 307 36 0.842000 0.616000  0.000014 0.000013 0.000037 0.000070 0.000037 0.000021 
2653440 leukocyte 1 307 36 0.842000 0.540000  0.000016 0.000014 0.000039 0.000092 0.000045 0.000024 
2653440 leukocyte 1 307 36 0.842000 0.463000  0.000015 0.000013 0.000037 0.000071 0.000038 0.000021 
2653440 leukocyte 1 307 36 0.842000 0.540000  0.000004 0.000003 0.000010 0.000019 0.000013 0.000006 
2653568 leukocyte 1 307 36 0.842000 0.308000  0.000014 0.000013 0.000037 0.000070 0.000037 0.000021 
2653568 leukocyte 1 307 36 0.842000 0.461000  0.000014 0.000013 0.000037 0.000068 0.000038 0.000020 
2653568 leukocyte 1 307 36 0.842000 0.308000  0.000015 0.000021 0.000049 0.000109 0.000048 0.000024 
2653568 leukocyte 1 307 36 0.842000 0.461000  0.000023 0.000015 0.000040 0.000078 0.000040 0.000021 
2653568 leukocyte 1 307 36 0.842000 0.462000  0.000017 0.000015 0.000040 0.000084 0.000045 0.000023 
2653696 leukocyte 1 307 36 0.842000 0.617000  0.000016 0.000014 0.000039 0.000082 0.000040 0.000021 
2653696 leukocyte 1 307 36 0.842000 0.539000  0.000015 0.000014 0.000049 0.000097 0.000049 0.000028 
2653696 leukocyte 1 307 36 0.842000 0.539000  0.009250 0.030246 0.010688 0.030322 0.000004 0.000684 
2653696 leukocyte 1 307 36 0.842000 0.617000  0.000007 0.000077 0.000040 0.000125 0.000000 0.000007 
2653824 leukocyte 1 307 36 0.842000 0.539000  0.000004 0.000003 0.000010 0.000019 0.000013 0.000006 
2653824 leukocyte 1 307 36 0.842000 0.308000  0.000014 0.000013 0.000037 0.000068 0.000038 0.000020 
2653824 leukocyte 1 307 36 0.842000 0.308000  0.000014 0.000013 0.000037 0.000069 0.000037 0.000020 
2653824 leukocyte 1 307 36 0.842000 0.308000  0.000015 0.000014 0.000038 0.000101 0.000049 0.000028 
2653824 leukocyte 1 307 36 0.842000 0.462000  0.000014 0.000013 0.000037 0.000069 0.000037 0.000020 
2653952 leukocyte 1 307 36 0.842000 0.463000  0.000014 0.000014 0.000042 0.000089 0.000044 0.000022 
2653952 leukocyte 1 307 36 0.842000 0.539000  0.000036 0.000020 0.000049 0.000112 0.000051 0.000025 
2653952 leukocyte 1 307 36 0.842000 0.539000  0.000019 0.000015 0.000040 0.000088 0.000042 0.000022 
2653952 leukocyte 1 307 36 0.842000 0.462000  0.000015 0.000014 0.000050 0.000113 0.000062 0.000029 
2654080 leukocyte 1 307 36 0.842000 0.462000  0.000014 0.000013 0.000036 0.000069 0.000038 0.000020 
2654080 leukocyte 1 307 36 0.842000 0.308000  0.000014 0.000013 0.000036 0.000068 0.000037 0.000020 
2654080 leukocyte 1 307 36 0.842000 0.462000  0.054578 0.015967 0.035860 0.054663 0.019797 0.008578 
2654080 leukocyte 1 307 36 0.842000 0.462000  0.000022 0.000018 0.000049 0.000103 0.000054 0.000027 
2654080 leukocyte 1 307 36 0.842000 0.539000  0.000014 0.000014 0.000038 0.000077 0.000042 0.000022 
2654208 leukocyte 1 307 36 0.842000 0.462000  0.000004 0.000003 0.000010 0.000019 0.000013 0.000006 
2654208 leukocyte 1 307 36 0.842000 0.617000  0.000016 0.000014 0.000039 0.000079 0.000042 0.000022 
2654208 leukocyte 1 307 36 0.842000 0.462000  0.000019 0.000015 0.000041 0.000088 0.000046 0.000023 
2654208 leukocyte 1 307 36 0.842000 0.617000  0.000017 0.000016 0.000043 0.000098 0.000044 0.000023 
2654208 leukocyte 1 307 36 0.842000 0.308000  0.000017 0.000014 0.000038 0.000074 0.000040 0.000021 
2654336 leukocyte 1 307 36 0.842000 0.462000  0.000015 0.000014 0.000038 0.000071 0.000040 0.000021 
2654336 leukocyte 1 307 36 0.842000 0.616000  0.000014 0.000013 0.000036 0.000068 0.000037 0.000020 
2654336 leukocyte 1 307 36 0.842000 0.308000  0.000014 0.000013 0.000036 0.000067 0.000037 0.000020 
2654336 leukocyte 1 307 36 0.842000 0.694000  0.007692 0.002836 0.006172 0.008234 0.003304 0.000437 
2654464 leukocyte 1 307 37 0.842000 0.540000  0.023920 0.022855 0.061796 0.133490 0.065550 0.033611 
2654464 leukocyte 1 307 37 0.842000 0.540000  0.012298 0.011022 59.072041 78.409859 26.506151 1.286623 
2654464 leukocyte 1 307 36 0.842000 0.462000  0.000017 0.000015 0.000043 0.000083 0.000044 0.000024 
