#Timestamp	Benchmark	Run(#)	CPU Frequency (MHz)	CPU Temperature(C)	CPU Voltage(V)	CPU Power(W)	CPU_CYCLES	L1_DATA_CACHE_ACCESS	INSTRUCTIONS_RETIRED	BUS_CYCLES	L1I_CACHE_ACCESS	PREDICTABLE_BRANCH_SPECULATIVELY_EXECUTED
3852032 myocyte 1 518 38 0.880000 0.770000  0.000051 0.000043 0.000128 0.000284 0.000137 0.000069 
3852032 myocyte 1 518 38 0.880000 0.694000  0.000045 0.000039 0.000110 0.000218 0.000113 0.000061 
3852032 myocyte 1 518 38 0.880000 0.848000  0.000012 0.000010 0.000030 0.000060 0.000038 0.000018 
3852032 myocyte 1 518 38 0.880000 0.847000  0.000046 0.000039 0.000110 0.000219 0.000113 0.000061 
3852160 myocyte 1 518 38 0.880000 0.770000  0.000045 0.000040 0.000112 0.000228 0.000117 0.000062 
3852160 myocyte 1 518 38 0.880000 0.694000  0.000046 0.000041 0.000114 0.000218 0.000121 0.000063 
3852160 myocyte 1 518 38 0.880000 0.772000  0.000020 0.000013 0.000034 0.000074 0.000041 0.000020 
3852160 myocyte 1 518 38 0.880000 0.848000  0.000066 0.000047 0.000130 0.000285 0.000137 0.000070 
3852160 myocyte 1 518 38 0.880000 0.925000  0.000063 0.000046 0.000129 0.000304 0.000137 0.000071 
3852288 myocyte 1 518 38 0.880000 0.693000  0.000059 0.000046 0.000129 0.000289 0.000134 0.000070 
3852288 myocyte 1 518 38 0.880000 0.849000  0.000045 0.000044 0.000123 0.000264 0.000131 0.000067 
3852288 myocyte 1 518 38 0.880000 0.616000  0.000063 0.000047 0.000123 0.000278 0.000132 0.000068 
3852288 myocyte 1 518 38 0.880000 0.849000  0.000050 0.000040 0.000115 0.000242 0.000118 0.000062 
3852288 myocyte 1 518 38 0.880000 0.693000  0.000065 0.000044 0.000123 0.000279 0.000131 0.000068 
3852416 myocyte 1 518 38 0.880000 0.771000  0.000043 0.000043 0.000120 0.000280 0.000133 0.000067 
3852416 myocyte 1 518 38 0.880000 0.771000  0.000482 0.000150 0.000296 0.000671 0.000258 0.000115 
3852416 myocyte 1 518 38 0.880000 0.694000  0.185430 0.048973 0.100733 0.185478 0.058793 0.023993 
3852416 myocyte 1 518 38 0.880000 0.770000  0.000011 0.000010 0.000035 0.000138 0.000059 0.000026 
3852544 myocyte 1 518 38 0.880000 0.847000  0.000244 0.000088 0.000243 0.000944 0.000279 0.000118 
3852544 myocyte 1 518 39 0.880000 0.617000  0.077437 0.020546 0.042573 0.077501 0.024638 0.010078 
3852544 myocyte 1 518 38 0.880000 0.771000  0.000020 0.000016 0.000044 0.000247 0.000091 0.000040 
3852544 myocyte 1 518 38 0.880000 0.616000  0.000049 0.000024 0.000055 0.000134 0.000056 0.000029 
3852544 myocyte 1 518 39 0.880000 0.848000  0.000011 0.000010 0.000028 0.000080 0.000040 0.000019 
3852672 myocyte 1 518 39 0.880000 0.617000  0.000010 0.000010 0.000028 0.000118 0.000056 0.000027 
3852672 myocyte 1 518 38 0.880000 0.616000  0.000049 0.000015 0.000051 0.000162 0.000055 0.000024 
3852672 myocyte 1 518 38 0.880000 0.616000  0.000010 0.000009 0.000027 0.000114 0.000055 0.000026 
3852672 myocyte 1 518 38 0.880000 0.694000  0.000030 0.000014 0.000036 0.000125 0.000055 0.000026 
3852672 myocyte 1 518 38 0.880000 0.616000  0.000010 0.000013 0.000044 0.000134 0.000050 0.000023 
3852800 myocyte 1 518 38 0.880000 0.771000  0.000047 0.000016 0.000040 0.000109 0.000054 0.000028 
3852800 myocyte 1 518 38 0.880000 0.849000  0.000037 0.000222 0.021372 0.029056 0.010779 0.005056 
3852800 myocyte 1 518 38 0.880000 0.616000  0.000017 0.000022 0.000055 0.000132 0.000063 0.000035 
3852800 myocyte 1 518 39 0.880000 0.771000  0.000017 0.000015 0.000042 0.000085 0.000045 0.000024 
3852800 myocyte 1 518 39 0.880000 0.617000  0.000010 0.000009 0.000027 0.000060 0.000037 0.000018 
3852928 myocyte 1 518 39 0.880000 0.847000  0.000017 0.000011 0.000031 0.000072 0.000038 0.000018 
3852928 myocyte 1 518 39 0.880000 0.694000  0.000066 0.000091 0.000314 0.001027 0.000531 0.000264 
3852928 myocyte 1 518 39 0.880000 0.925000  0.000163 0.000080 0.000248 0.000712 0.000263 0.000115 
3852928 myocyte 1 518 39 0.880000 0.616000  0.000415 0.000137 0.000314 0.000926 0.000340 0.000157 
3853056 myocyte 1 518 38 0.880000 0.769000  0.000024 0.000019 0.000055 0.000117 0.000062 0.000031 
3853056 myocyte 1 518 38 0.880000 0.848000  0.001538 0.000427 0.000798 0.001715 0.000604 0.000248 
3853056 myocyte 1 518 38 0.880000 0.617000  0.000010 0.000009 0.000082 0.000293 0.000092 0.000042 
3853056 myocyte 1 518 38 0.880000 0.771000  0.000009 0.000009 0.000073 0.000173 0.000008 0.001205 
3853184 myocyte 1 518 38 0.880000 0.849000  0.000032 0.000207 0.000236 0.000725 0.000000 0.000029 
3853184 myocyte 1 518 38 0.880000 0.616000  0.000046 0.000015 0.000038 0.000106 0.000056 0.000026 
3853184 myocyte 1 518 38 0.880000 0.771000  0.000028 0.000021 0.000062 0.000220 0.000078 0.000035 
3853184 myocyte 1 518 38 0.880000 0.617000  0.000028 0.000015 0.000037 0.000086 0.000050 0.000026 
3853184 myocyte 1 518 38 0.880000 0.694000  0.000010 0.000009 0.000037 0.000145 0.000052 0.000023 
3853312 myocyte 1 518 38 0.880000 0.693000  0.000045 0.000024 0.000067 0.000178 0.000058 0.000026 
3853312 myocyte 1 518 38 0.880000 0.770000  0.000027 0.000021 0.000049 0.000121 0.000046 0.000023 
3853312 myocyte 1 518 38 0.880000 0.617000  0.000010 0.000009 0.000047 0.000123 0.000049 0.000022 
3853312 myocyte 1 518 38 0.880000 0.848000  0.000009 0.000009 0.000043 0.000140 0.000051 0.000023 
3853312 myocyte 1 518 38 0.880000 0.693000  0.000010 0.000021 0.000048 0.000121 0.000096 0.000064 
3853440 myocyte 1 518 38 0.880000 0.771000  0.000009 0.000008 0.000042 0.000138 0.000050 0.000022 
3853440 myocyte 1 518 38 0.880000 0.925000  0.000010 0.000009 0.000024 0.000088 0.000046 0.000022 
3853440 myocyte 1 518 38 0.880000 0.770000  0.000009 0.000008 0.000030 0.000101 0.000050 0.000022 
3853440 myocyte 1 518 38 0.880000 0.848000  0.000009 0.000008 0.000030 0.000122 0.000053 0.000028 
3853440 myocyte 1 518 38 0.880000 0.617000  0.000026 0.000011 0.000030 0.000082 0.000049 0.000023 
3853568 myocyte 1 518 38 0.880000 0.771000  0.000060 0.000020 0.000047 0.000116 0.000049 0.000022 
3853568 myocyte 1 518 38 0.880000 0.616000  0.000043 0.000014 0.000035 0.000081 0.000045 0.000025 
3853568 myocyte 1 518 38 0.880000 0.694000  0.000009 0.000008 0.000030 0.000116 0.000048 0.000022 
3853568 myocyte 1 518 38 0.880000 0.616000  0.000072 0.000019 0.000050 0.000158 0.000052 0.000023 
3853568 myocyte 1 518 38 0.880000 0.771000  0.000026 0.000020 0.000047 0.000114 0.000043 0.000024 
3853696 myocyte 1 518 38 0.880000 0.616000  0.023104 0.006565 0.014366 0.024483 0.007814 0.003449 
3853696 myocyte 1 518 38 0.880000 0.770000  0.000010 0.000008 0.000023 0.000209 0.000075 0.000031 
3853696 myocyte 1 518 38 0.880000 0.617000  0.000015 0.000013 0.000037 0.000072 0.000038 0.000020 
3853696 myocyte 1 518 38 0.880000 0.694000  0.000016 0.000014 0.000038 0.000074 0.000041 0.000021 
3853696 myocyte 1 518 38 0.880000 0.694000  0.000047 0.000036 0.000098 0.000208 0.000100 0.000052 
3853824 myocyte 1 518 38 0.880000 0.540000  0.000041 0.000034 0.000094 0.000196 0.000101 0.000052 
3853824 myocyte 1 518 38 0.880000 0.694000  0.000049 0.000038 0.000102 0.000227 0.000107 0.000053 
3853824 myocyte 1 518 38 0.880000 0.616000  0.000043 0.000036 0.000101 0.000220 0.000108 0.000055 
3853824 myocyte 1 518 38 0.880000 0.925000  0.000058 0.000036 0.000102 0.000253 0.000111 0.000057 
3853824 myocyte 1 518 38 0.880000 0.617000  0.000046 0.000035 0.000096 0.000226 0.000102 0.000053 
3853952 myocyte 1 518 38 0.880000 0.771000  0.000063 0.000040 0.000110 0.000262 0.000118 0.000057 
3853952 myocyte 1 518 38 0.880000 0.616000  0.000044 0.000033 0.000092 0.000201 0.000096 0.000050 
3853952 myocyte 1 518 38 0.880000 0.694000  0.000016 0.000014 0.000038 0.000080 0.000043 0.000022 
3853952 myocyte 1 518 38 0.880000 0.848000  0.000044 0.000032 0.000090 0.000193 0.000094 0.000049 
3853952 myocyte 1 518 38 0.880000 0.693000  0.000046 0.000036 0.000097 0.000220 0.000104 0.000053 
3854080 myocyte 1 518 39 0.880000 0.925000  0.000047 0.000035 0.000100 0.000231 0.000105 0.000054 
3854080 myocyte 1 518 38 0.880000 0.616000  0.000043 0.000034 0.000092 0.000194 0.000102 0.000051 
3854080 myocyte 1 518 38 0.880000 0.694000  0.000034 0.000031 0.000086 0.000167 0.000091 0.000048 
3854080 myocyte 1 518 38 0.880000 0.617000  0.000019 0.000017 0.000048 0.000091 0.000050 0.000027 
3854080 myocyte 1 518 38 0.880000 0.849000  0.000055 0.000038 0.000102 0.000243 0.000115 0.000057 
3854208 myocyte 1 518 38 0.880000 0.617000  0.000038 0.000031 0.000090 0.000196 0.000095 0.000049 
3854208 myocyte 1 518 38 0.880000 0.772000  0.006628 0.002229 0.004992 0.006707 0.002549 0.001072 
3854208 myocyte 1 518 38 0.880000 0.693000  0.000043 0.000033 0.000093 0.000215 0.000098 0.000051 
3854208 myocyte 1 518 38 0.880000 0.693000  0.000045 0.000051 0.000123 0.000280 0.000143 0.000068 
3854208 myocyte 1 518 38 0.880000 0.693000  0.000049 0.000034 0.000093 0.000201 0.000093 0.000050 
3854336 myocyte 1 518 38 0.880000 0.771000  0.000038 0.000034 0.000092 0.000202 0.000100 0.000051 
3854336 myocyte 1 518 38 0.880000 0.848000  0.000042 0.000034 0.000092 0.000197 0.000103 0.000052 
3854336 myocyte 1 518 38 0.880000 0.848000  0.000038 0.000031 0.000085 0.000170 0.000089 0.000046 
3854336 myocyte 1 518 38 0.880000 0.771000  0.000034 0.000030 0.000083 0.000166 0.000088 0.000046 
