#Timestamp	Benchmark	Run(#)	CPU Frequency (MHz)	CPU Temperature(C)	CPU Voltage(V)	CPU Power(W)	CPU_CYCLES	L1_DATA_CACHE_ACCESS	INSTRUCTIONS_RETIRED	BUS_CYCLES	L1I_CACHE_ACCESS	PREDICTABLE_BRANCH_SPECULATIVELY_EXECUTED
4414208 gaussian 1 710 41 0.919000 1.157000  0.000017 0.000014 0.000040 0.000086 0.000044 0.000022 
4414208 gaussian 1 710 41 0.919000 0.847000  0.000016 0.000014 0.000040 0.000085 0.000045 0.000022 
4414208 gaussian 1 710 41 0.919000 0.617000  0.000014 0.000013 0.000038 0.000078 0.000039 0.000021 
4414336 gaussian 1 710 41 0.919000 0.694000  0.000015 0.000014 0.000038 0.000073 0.000040 0.000021 
4414336 gaussian 1 710 41 0.919000 0.617000  0.000014 0.000013 0.000059 0.000166 0.000059 0.000027 
4414336 gaussian 1 710 41 0.919000 0.616000  0.000018 0.000014 0.000040 0.000086 0.000044 0.000022 
4414336 gaussian 1 710 41 0.919000 0.849000  0.686749 -0.148580 0.719800 -0.148555 0.000026 0.054898 
4414336 gaussian 1 710 41 0.919000 0.694000  0.000655 0.000588 0.001528 0.003936 0.001695 0.000815 
4414464 gaussian 1 710 41 0.919000 0.617000  0.000520 0.000460 0.001259 0.002559 0.001342 0.000704 
4414464 gaussian 1 710 41 0.919000 0.694000  0.000019 0.000015 0.000042 0.000096 0.000046 0.000023 
4414464 gaussian 1 710 41 0.919000 0.849000  0.000016 0.000014 0.000038 0.000080 0.000042 0.000022 
4414464 gaussian 1 710 41 0.919000 0.617000  0.038110 0.043495 0.116976 0.209451 0.107408 0.060652 
