#Timestamp	Benchmark	Run(#)	CPU Frequency (MHz)	CPU Temperature(C)	CPU Voltage(V)	CPU Power(W)	CPU_CYCLES	L1_DATA_CACHE_ACCESS	INSTRUCTIONS_RETIRED	BUS_CYCLES	L1I_CACHE_ACCESS	PREDICTABLE_BRANCH_SPECULATIVELY_EXECUTED
6164992 b+tree 1 1555 46 1.130000 2.083000  0.000209 0.000173 0.000474 0.001015 0.000525 0.000272 
6164992 b+tree 1 1555 47 1.130000 1.696000  0.000183 0.000158 0.000449 0.000966 0.000467 0.000248 
6164992 b+tree 1 1555 47 1.130000 0.617000  0.000226 0.000175 0.000478 0.001012 0.000525 0.000271 
6164992 b+tree 1 1555 46 1.130000 0.617000  0.000232 0.000178 0.000486 0.001032 0.000529 0.000268 
6164992 b+tree 1 1555 46 1.130000 0.616000  0.000208 0.000174 0.000482 0.000977 0.000526 0.000271 
6165120 b+tree 1 1555 46 1.130000 1.697000  0.000314 0.002281 0.001283 0.004639 0.000000 0.000207 
6165120 b+tree 1 1555 46 1.130000 2.160000  0.000052 0.000038 0.000108 0.000237 0.000139 0.000067 
6165120 b+tree 1 1555 46 1.130000 1.928000  0.000200 0.000162 0.000437 0.000931 0.000479 0.000245 
6165120 b+tree 1 1555 46 1.130000 2.389000  0.000118 0.000087 0.000225 0.000439 0.000176 0.000083 
6165120 b+tree 1 1555 46 1.130000 1.773000  0.000184 0.000143 0.000399 0.000881 0.000445 0.000228 
6165248 b+tree 1 1555 46 1.130000 1.773000  0.000190 0.000148 0.000401 0.000899 0.000445 0.000229 
6165248 b+tree 1 1555 46 1.130000 2.311000  0.000174 0.000142 0.000401 0.000879 0.000435 0.000224 
6165248 b+tree 1 1555 47 1.130000 1.773000  0.000173 0.000138 0.000380 0.000783 0.000396 0.000210 
6165248 b+tree 1 1555 47 1.130000 2.312000  0.000160 0.000141 0.000395 0.000894 0.000446 0.000227 
6165248 b+tree 1 1555 47 1.130000 1.696000  0.000164 0.000136 0.000373 0.000780 0.000419 0.000216 
6165248 b+tree 1 1555 47 1.130000 1.696000  0.000162 0.000139 0.000393 0.000880 0.000428 0.000219 
6165376 b+tree 1 1555 47 1.130000 2.467000  0.000149 0.000133 0.000367 0.000726 0.000389 0.000205 
6165376 b+tree 1 1555 47 1.130000 1.928000  0.000145 0.000126 0.000350 0.000684 0.000359 0.000194 
6165376 b+tree 1 1555 47 1.130000 2.309000  0.000178 0.000140 0.000384 0.000989 0.000432 0.000217 
6165376 b+tree 1 1555 47 1.130000 1.696000  0.000151 0.000132 0.000359 0.000717 0.000383 0.000202 
6165504 b+tree 1 1555 47 1.130000 1.928000  0.000172 0.000135 0.000367 0.000777 0.000409 0.000207 
6165504 b+tree 1 1555 47 1.130000 2.312000  0.000142 0.000124 0.000341 0.000671 0.000363 0.000191 
6165504 b+tree 1 1555 47 1.130000 1.696000  0.000175 0.000133 0.000366 0.000830 0.000415 0.000208 
6165504 b+tree 1 1555 47 1.130000 1.696000  0.000177 0.000131 0.000359 0.000820 0.000402 0.000201 
6165504 b+tree 1 1555 47 1.130000 1.696000  0.000148 0.000120 0.000338 0.000718 0.000366 0.000190 
6165632 b+tree 1 1555 47 1.130000 1.696000  0.000142 0.000120 0.000338 0.000738 0.000364 0.000190 
6165632 b+tree 1 1555 47 1.130000 2.389000  0.000133 0.000118 0.000325 0.000636 0.000344 0.000182 
6165632 b+tree 1 1555 47 1.130000 1.851000  0.000129 0.000112 0.000310 0.000621 0.000325 0.000173 
6165632 b+tree 1 1555 47 1.130000 2.311000  0.000144 0.000116 0.000322 0.000696 0.000345 0.000180 
6165632 b+tree 1 1555 47 1.130000 1.696000  0.000135 0.000114 0.000311 0.000637 0.000331 0.000175 
6165632 b+tree 1 1555 47 1.130000 1.773000  0.000151 0.000119 0.000326 0.000700 0.000356 0.000184 
6165760 b+tree 1 1555 47 1.130000 2.698000  0.000131 0.000112 0.000306 0.000612 0.000326 0.000172 
6165760 b+tree 1 1555 47 1.130000 1.850000  0.000119 0.000104 0.000291 0.000568 0.000301 0.000161 
6165760 b+tree 1 1555 47 1.130000 3.466000  0.000126 0.000150 0.000362 0.000989 0.000414 0.000195 
6165760 b+tree 1 1555 47 1.130000 1.696000  0.000127 0.000104 0.000287 0.000632 0.000297 0.000157 
6165760 b+tree 1 1555 47 1.130000 2.309000  0.000151 0.000113 0.000304 0.000668 0.000329 0.000169 
6165760 b+tree 1 1555 47 1.130000 1.696000  0.000123 0.000104 0.000285 0.000569 0.000304 0.000160 
6165888 b+tree 1 1555 47 1.130000 1.697000  0.000115 0.000103 0.000283 0.000554 0.000301 0.000159 
6165888 b+tree 1 1555 47 1.130000 2.542000  0.000130 0.000104 0.000285 0.000607 0.000489 0.000236 
6165888 b+tree 1 1555 47 1.130000 1.696000  0.000114 0.000098 0.000271 0.000607 0.000284 0.000151 
6165888 b+tree 1 1555 47 1.130000 2.390000  0.000142 0.000107 0.000287 0.000660 0.000320 0.000161 
6165888 b+tree 1 1555 47 1.130000 2.390000  0.000124 0.000098 0.000272 0.000592 0.000304 0.000156 
6165888 b+tree 1 1555 47 1.130000 1.696000  0.000126 0.000101 0.000277 0.000591 0.000296 0.000154 
6166016 b+tree 1 1555 47 1.130000 1.927000  0.000125 0.000093 0.000257 0.000547 0.000272 0.000146 
6166016 b+tree 1 1555 47 1.130000 1.697000  0.000116 0.000090 0.000257 0.000567 0.000260 0.000140 
6166016 b+tree 1 1555 47 1.130000 1.695000  0.000134 0.000103 0.000276 0.000607 0.000301 0.000153 
6166016 b+tree 1 1555 47 1.130000 2.081000  0.000117 0.000099 0.000270 0.000588 0.000296 0.000151 
6166016 b+tree 1 1555 47 1.130000 1.773000  0.000112 0.000095 0.000270 0.000582 0.000287 0.000148 
6166144 b+tree 1 1555 47 1.130000 2.618000  0.000136 0.000098 0.000269 0.000592 0.000293 0.000152 
6166144 b+tree 1 1555 47 1.130000 1.773000  0.000141 0.000093 0.000260 0.000593 0.000265 0.000141 
6166144 b+tree 1 1555 47 1.130000 1.928000  0.000186 0.000105 0.000278 0.000659 0.000305 0.000152 
6166144 b+tree 1 1555 47 1.130000 1.774000  0.000114 0.000093 0.000255 0.000523 0.000270 0.000142 
6166144 b+tree 1 1555 47 1.130000 1.697000  0.000111 0.000093 0.000264 0.000572 0.000283 0.000146 
6166144 b+tree 1 1555 47 1.130000 2.544000  0.000104 0.000135 0.000321 0.000726 0.000380 0.000184 
6166272 b+tree 1 1555 47 1.130000 1.850000  0.000100 0.000087 0.000241 0.000536 0.000256 0.000135 
6166272 b+tree 1 1555 47 1.130000 2.309000  0.000130 0.000096 0.000258 0.000572 0.000280 0.000142 
6166272 b+tree 1 1555 47 1.130000 1.696000  0.000101 0.000104 0.000275 0.000854 0.000308 0.000151 
6166272 b+tree 1 1555 47 1.130000 1.928000  0.000114 0.000092 0.000253 0.000549 0.000276 0.000141 
6166272 b+tree 1 1555 47 1.130000 2.543000  0.000156 0.000095 0.000262 0.000626 0.000285 0.000144 
6166272 b+tree 1 1555 47 1.130000 1.774000  0.000125 0.000084 0.000238 0.000550 0.000245 0.000131 
6166400 b+tree 1 1555 47 1.130000 2.160000  0.000092 0.000085 0.000236 0.000461 0.000249 0.000132 
6166400 b+tree 1 1555 47 1.130000 2.698000  0.000098 0.000085 0.000233 0.000464 0.000248 0.000131 
6166400 b+tree 1 1555 47 1.130000 1.697000  0.000092 0.000084 0.000232 0.000455 0.000247 0.000130 
6166400 b+tree 1 1555 47 1.130000 2.775000  0.000095 0.000083 0.000229 0.000462 0.000246 0.000128 
6166400 b+tree 1 1555 47 1.130000 1.773000  0.000126 0.000083 0.000228 0.000529 0.000234 0.000125 
6166528 b+tree 1 1555 47 1.130000 1.694000  0.000096 0.000082 0.000226 0.000448 0.000242 0.000127 
6166528 b+tree 1 1555 47 1.130000 1.773000  0.000094 0.000082 0.000224 0.000451 0.000241 0.000128 
6166528 b+tree 1 1555 47 1.130000 1.697000  0.000101 0.000084 0.000234 0.000508 0.000252 0.000131 
6166528 b+tree 1 1555 47 1.130000 2.004000  0.000094 0.000080 0.000222 0.000439 0.000232 0.000123 
6166528 b+tree 1 1555 47 1.130000 1.696000  0.000108 0.000077 0.000212 0.000493 0.000224 0.000120 
6166528 b+tree 1 1555 47 1.130000 1.696000  0.000085 0.000079 0.000218 0.000420 0.000230 0.000122 
6166656 b+tree 1 1555 47 1.130000 1.696000  0.000090 0.000079 0.000217 0.000422 0.000230 0.000121 
6166656 b+tree 1 1555 47 1.130000 1.696000  0.000086 0.000078 0.000214 0.000420 0.000228 0.000120 
6166656 b+tree 1 1555 47 1.130000 2.543000  0.000095 0.000077 0.000216 0.000469 0.000240 0.000123 
6166656 b+tree 1 1555 47 1.130000 1.850000  0.000081 0.000072 0.000202 0.000396 0.000206 0.000111 
6166656 b+tree 1 1555 47 1.130000 2.236000  0.000111 0.000082 0.000222 0.000490 0.000241 0.000124 
6166656 b+tree 1 1555 47 1.130000 2.082000  0.000086 0.000075 0.000208 0.000416 0.000220 0.000116 
6166784 b+tree 1 1555 47 1.130000 1.696000  0.000083 0.000075 0.000207 0.000405 0.000219 0.000116 
6166784 b+tree 1 1555 47 1.130000 2.234000  0.000088 0.000075 0.000205 0.000411 0.000220 0.000115 
6166784 b+tree 1 1555 47 1.130000 1.696000  0.000082 0.000070 0.000196 0.000383 0.000202 0.000108 
6166784 b+tree 1 1555 47 1.130000 2.387000  0.000095 0.000076 0.000208 0.000455 0.000229 0.000117 
6166784 b+tree 1 1555 47 1.130000 1.696000  0.000084 0.000073 0.000201 0.000402 0.000225 0.000115 
6166784 b+tree 1 1555 47 1.130000 1.774000  0.000080 0.000072 0.000200 0.000399 0.000210 0.000111 
6166912 b+tree 1 1555 47 1.130000 1.697000  0.000088 0.000071 0.000200 0.000435 0.000220 0.000115 
6166912 b+tree 1 1555 47 1.130000 1.697000  0.000078 0.000068 0.000191 0.000376 0.000195 0.000105 
6166912 b+tree 1 1555 47 1.130000 2.236000  0.000086 0.000074 0.000204 0.000454 0.000227 0.000117 
6166912 b+tree 1 1555 47 1.130000 1.773000  0.000082 0.000071 0.000198 0.000426 0.000218 0.000113 
6166912 b+tree 1 1555 47 1.130000 2.005000  0.000078 0.000071 0.000196 0.000384 0.000207 0.000110 
6167040 b+tree 1 1555 47 1.130000 2.620000  0.000083 0.000071 0.000194 0.000384 0.000207 0.000109 
6167040 b+tree 1 1555 47 1.130000 2.313000  0.000077 0.000070 0.000193 0.000378 0.000203 0.000108 
6167040 b+tree 1 1555 47 1.130000 2.005000  0.000080 0.000069 0.000191 0.000379 0.000202 0.000107 
6167040 b+tree 1 1555 47 1.130000 1.773000  0.000102 0.000075 0.000206 0.000459 0.000224 0.000114 
6167040 b+tree 1 1555 47 1.130000 1.696000  0.000100 0.000074 0.000201 0.000438 0.000220 0.000113 
6167040 b+tree 1 1555 47 1.130000 2.547000  0.000083 0.000069 0.000190 0.000392 0.000201 0.000105 
6167168 b+tree 1 1555 47 1.130000 1.696000  0.000088 0.000071 0.000195 0.000418 0.000214 0.000112 
6167168 b+tree 1 1555 47 1.130000 2.388000  0.000546 0.000399 0.001094 0.002510 0.001165 0.000528 
6167168 b+tree 1 1555 47 1.130000 1.850000  1.414141 0.316721 0.667038 1.414612 0.358019 0.154631 
6167168 b+tree 1 1555 47 1.130000 1.696000  0.000076 0.000067 0.000185 0.000374 0.000197 0.000104 
6167168 b+tree 1 1555 47 1.130000 2.619000  0.000076 0.000066 0.000182 0.000361 0.000195 0.000102 
6167168 b+tree 1 1555 47 1.130000 1.695000  0.065666 0.291915 0.077615 0.292143 0.000011 0.004951 
6167296 b+tree 1 1555 47 1.130000 2.313000  0.000071 0.000066 0.000182 0.000351 0.000191 0.000101 
6167296 b+tree 1 1555 47 1.130000 1.695000  0.000084 0.000068 0.000187 0.000408 0.000203 0.000105 
6167296 b+tree 1 1555 47 1.130000 2.082000  0.000086 0.000069 0.000192 0.000414 0.000203 0.000105 
6167296 b+tree 1 1555 47 1.130000 2.543000  0.000075 0.000065 0.000180 0.000360 0.000191 0.000101 
6167296 b+tree 1 1555 47 1.130000 1.696000  0.000096 0.000063 0.000179 0.000396 0.000186 0.000098 
6167424 b+tree 1 1555 47 1.130000 2.467000  0.000069 0.000064 0.000176 0.000341 0.000187 0.000099 
6167424 b+tree 1 1555 47 1.130000 1.696000  0.000073 0.000064 0.000176 0.000345 0.000187 0.000099 
6167424 b+tree 1 1555 47 1.130000 1.697000  0.000072 0.000064 0.000175 0.000345 0.000185 0.000098 
6167424 b+tree 1 1555 47 1.130000 2.852000  0.000083 0.000065 0.000189 0.000449 0.000206 0.000104 
6167424 b+tree 1 1555 47 1.130000 1.698000  0.000067 0.000059 0.000166 0.000330 0.000171 0.000092 
6167424 b+tree 1 1555 47 1.130000 1.928000  0.000083 0.000064 0.000177 0.000383 0.000193 0.000100 
6167552 b+tree 1 1555 47 1.130000 1.774000  0.000073 0.000062 0.000172 0.000594 0.000215 0.000106 
6167552 b+tree 1 1555 47 1.130000 1.697000  0.000090 0.000067 0.000182 0.000395 0.000195 0.000100 
6167552 b+tree 1 1555 47 1.130000 2.852000  0.000079 0.000063 0.000179 0.000394 0.000193 0.000100 
6167552 b+tree 1 1555 47 1.130000 1.696000  0.000073 0.000061 0.000172 0.000366 0.000187 0.000098 
6167552 b+tree 1 1555 47 1.130000 2.695000  0.000070 0.000062 0.000169 0.000335 0.000180 0.000095 
6167552 b+tree 1 1555 47 1.130000 2.003000  0.000069 0.000060 0.000165 0.000369 0.000173 0.000092 
6167680 b+tree 1 1555 47 1.130000 2.931000  0.000067 0.000060 0.000166 0.000321 0.000175 0.000093 
6167680 b+tree 1 1555 47 1.130000 2.700000  0.000074 0.000059 0.000164 0.000383 0.000183 0.000161 
6167680 b+tree 1 1555 47 1.130000 1.697000  0.000081 0.000063 0.000172 0.000373 0.000185 0.000096 
6167680 b+tree 1 1555 47 1.130000 2.467000  0.000067 0.000060 0.000164 0.000322 0.000174 0.000091 
6167680 b+tree 1 1555 47 1.130000 2.005000  0.000067 0.000058 0.000160 0.000340 0.000168 0.000088 
6167680 b+tree 1 1555 47 1.130000 1.696000  0.000066 0.000059 0.000161 0.000314 0.000170 0.000090 
6167808 b+tree 1 1555 47 1.130000 1.696000  0.000068 0.000058 0.000161 0.000326 0.000171 0.000090 
6167808 b+tree 1 1555 47 1.130000 1.696000  0.000084 0.000064 0.000171 0.000379 0.000187 0.000095 
6167808 b+tree 1 1555 47 1.130000 2.698000  0.000066 0.000058 0.000160 0.000311 0.000168 0.000089 
6167808 b+tree 1 1555 47 1.130000 1.695000  0.000064 0.000055 0.000153 0.000297 0.000158 0.000085 
6167808 b+tree 1 1555 47 1.130000 1.852000  0.000064 0.000057 0.000158 0.000311 0.000168 0.000088 
6167936 b+tree 1 1555 47 1.130000 1.696000  0.000069 0.000058 0.000157 0.000329 0.000169 0.000088 
6167936 b+tree 1 1555 47 1.130000 1.927000  0.000076 0.000062 0.000170 0.000377 0.000188 0.000096 
6167936 b+tree 1 1555 47 1.130000 2.003000  0.000448 0.000333 0.000914 0.002095 0.001026 0.000505 
6167936 b+tree 1 1555 47 1.130000 1.233000  0.000070 0.000055 0.000155 0.000343 0.000162 0.000085 
6167936 b+tree 1 1555 46 1.130000 2.002000  0.000064 0.000056 0.000155 0.000304 0.000164 0.000086 
6167936 b+tree 1 1555 46 1.130000 1.156000  0.000069 0.000056 0.000153 0.000310 0.000163 0.000086 
6168064 b+tree 1 1555 46 1.130000 1.234000  0.000068 0.000055 0.000159 0.000349 0.000171 0.000088 
6168064 b+tree 1 1555 46 1.130000 1.157000  0.000068 0.000056 0.000158 0.000341 0.000168 0.000088 
6168064 b+tree 1 1555 47 1.130000 1.310000  0.000068 0.000055 0.000154 0.000344 0.000174 0.000090 
6168064 b+tree 1 1555 47 1.130000 1.850000  0.000061 0.000055 0.000152 0.000299 0.000160 0.000085 
6168064 b+tree 1 1555 47 1.130000 1.156000  0.000083 0.000055 0.000151 0.000355 0.000154 0.000083 
6168064 b+tree 1 1555 46 1.130000 1.696000  0.000077 0.000059 0.000161 0.000352 0.000174 0.000088 
6168192 b+tree 1 1555 46 1.130000 1.310000  0.000064 0.000055 0.000152 0.000332 0.000165 0.000086 
6168192 b+tree 1 1555 46 1.130000 1.620000  0.000433 0.000322 0.000877 0.002015 0.001929 0.001014 
6168192 b+tree 1 1555 46 1.130000 1.388000  0.000070 0.000057 0.000156 0.000342 0.000168 0.000086 
6168192 b+tree 1 1555 46 1.130000 1.157000  0.000061 0.000054 0.000148 0.000297 0.000156 0.000082 
6168192 b+tree 1 1555 46 1.130000 1.157000  0.000059 0.000078 0.000190 0.000388 0.000220 0.000108 
6168320 b+tree 1 1555 46 1.130000 1.618000  0.000070 0.000055 0.000150 0.000332 0.000163 0.000085 
6168320 b+tree 1 1555 46 1.130000 1.311000  0.000059 0.000050 0.000140 0.000278 0.000144 0.000077 
6168320 b+tree 1 1555 46 1.130000 1.772000  0.000460 0.000313 0.000849 0.001981 0.000963 0.000507 
6168320 b+tree 1 1555 46 1.130000 1.157000  0.000033 0.000203 0.000128 0.000420 0.000000 0.000022 
6168320 b+tree 1 1555 46 1.130000 1.234000  0.000077 0.000055 0.000151 0.000338 0.000165 0.000084 
6168320 b+tree 1 1555 47 1.130000 2.005000  0.000412 0.000304 0.000831 0.001628 0.000697 0.000318 
6168448 b+tree 1 1555 47 1.130000 1.156000  0.000060 0.000052 0.000142 0.000280 0.000150 0.000079 
6168448 b+tree 1 1555 46 1.130000 1.154000  0.000057 0.000051 0.000140 0.000273 0.000149 0.000079 
6168448 b+tree 1 1555 46 1.130000 1.387000  0.000074 0.000054 0.000147 0.000326 0.000159 0.000082 
6168448 b+tree 1 1555 46 1.130000 1.388000  0.000064 0.000054 0.000145 0.000298 0.000149 0.000077 
6168448 b+tree 1 1555 46 1.130000 2.003000  0.000059 0.000051 0.000142 0.000320 0.000158 0.000081 
6168448 b+tree 1 1555 46 1.130000 1.387000  0.000074 0.000049 0.000138 0.000317 0.000145 0.000076 
6168576 b+tree 1 1555 46 1.130000 1.620000  0.000065 0.000051 0.000142 0.000305 0.000154 0.000080 
6168576 b+tree 1 1555 46 1.130000 1.156000  0.000078 0.000055 0.000146 0.000323 0.000156 0.000081 
6168576 b+tree 1 1555 46 1.130000 1.155000  0.000068 0.000054 0.000149 0.000313 0.000161 0.000083 
6168576 b+tree 1 1555 46 1.130000 2.161000  0.000058 0.000050 0.000136 0.000282 0.000146 0.000076 
6168576 b+tree 1 1555 46 1.130000 1.157000  0.000078 0.000048 0.000136 0.000313 0.000140 0.000075 
6168704 b+tree 1 1555 46 1.130000 1.774000  0.000072 0.000053 0.000144 0.000327 0.000161 0.000081 
6168704 b+tree 1 1555 46 1.130000 1.156000  0.000059 0.000049 0.000135 0.000287 0.000148 0.000078 
6168704 b+tree 1 1555 46 1.130000 1.157000  0.001239 0.000308 0.000611 0.001900 0.000482 0.000204 
6168704 b+tree 1 1555 46 1.130000 1.619000  0.000383 0.000285 0.000787 0.001831 0.000882 0.000467 
6168704 b+tree 1 1555 46 1.130000 1.157000  0.000030 0.000205 0.000126 0.000447 0.000000 0.000021 
6168704 b+tree 1 1555 46 1.130000 1.156000  0.000067 0.000052 0.000140 0.000300 0.000148 0.000075 
6168832 b+tree 1 1555 47 1.130000 1.618000  0.000067 0.000051 0.000137 0.000304 0.000150 0.000077 
6168832 b+tree 1 1555 46 1.130000 1.158000  0.000056 0.000047 0.000130 0.000266 0.000138 0.000073 
6168832 b+tree 1 1555 46 1.130000 1.157000  0.000054 0.000047 0.000130 0.000271 0.000142 0.000074 
6168832 b+tree 1 1555 47 1.130000 1.155000  0.000060 0.000048 0.000133 0.000288 0.000146 0.000076 
6168832 b+tree 1 1555 47 1.130000 1.311000  0.000053 0.000045 0.000124 0.000251 0.000129 0.000069 
6168960 b+tree 1 1555 46 1.130000 1.543000  0.000056 0.000047 0.000166 0.000338 0.000194 0.000095 
6168960 b+tree 1 1555 46 1.130000 1.156000  0.000028 0.000197 0.000112 0.000418 0.000000 0.000020 
6168960 b+tree 1 1555 46 1.130000 1.157000  0.000383 0.001213 0.002738 0.002524 0.001365 0.000726 
6168960 b+tree 1 1555 46 1.130000 1.388000  0.000058 0.000046 0.000130 0.000289 0.000140 0.000072 
6168960 b+tree 1 1555 46 1.130000 1.156000  0.000053 0.000045 0.000124 0.000256 0.000131 0.000069 
6168960 b+tree 1 1555 46 1.130000 1.154000  0.000054 0.000046 0.000129 0.000281 0.000139 0.000072 
6169088 b+tree 1 1555 46 1.130000 1.850000  0.000057 0.000046 0.000129 0.000286 0.000141 0.000073 
6169088 b+tree 1 1555 46 1.130000 1.311000  0.000058 0.000047 0.000125 0.000252 0.000128 0.000068 
6169088 b+tree 1 1555 46 1.130000 1.617000  0.000065 0.000048 0.000130 0.000284 0.000140 0.000072 
6169088 b+tree 1 1555 46 1.130000 1.155000  0.000056 0.000046 0.000125 0.000266 0.000135 0.000070 
6169088 b+tree 1 1555 46 1.130000 1.157000  0.000064 0.000048 0.000129 0.000285 0.000141 0.000073 
6169216 b+tree 1 1555 46 1.130000 1.618000  0.000055 0.000046 0.000129 0.000293 0.000140 0.000072 
6169216 b+tree 1 1555 46 1.130000 1.309000  0.000049 0.000059 0.000150 0.000369 0.000143 0.000074 
6169216 b+tree 1 1555 46 1.130000 1.618000  0.000055 0.000046 0.000125 0.000273 0.000137 0.000070 
6169216 b+tree 1 1555 46 1.130000 1.156000  0.000051 0.000044 0.000120 0.000242 0.000128 0.000067 
6169216 b+tree 1 1555 46 1.130000 1.311000  0.000047 0.000043 0.000119 0.000230 0.000125 0.000067 
6169216 b+tree 1 1555 46 1.130000 2.080000  0.000050 0.000043 0.000118 0.000234 0.000126 0.000066 
6169344 b+tree 1 1555 46 1.130000 1.310000  0.000047 0.000041 0.000114 0.000228 0.000118 0.000063 
6169344 b+tree 1 1555 46 1.130000 1.775000  0.000047 0.000043 0.000118 0.000229 0.000124 0.000066 
6169344 b+tree 1 1555 46 1.130000 1.157000  0.000049 0.000043 0.000117 0.000230 0.000125 0.000066 
6169344 b+tree 1 1555 46 1.130000 1.928000  1.160822 0.256402 0.539958 1.161025 0.291475 0.125139 
6169344 b+tree 1 1555 46 1.130000 2.005000  0.000053 0.000043 0.000119 0.000270 0.000132 0.000067 
6169344 b+tree 1 1555 46 1.130000 1.234000  0.000046 0.000041 0.000113 0.000247 0.000115 0.000062 
6169472 b+tree 1 1555 46 1.130000 1.850000  0.000060 0.000044 0.000122 0.000276 0.000136 0.000069 
6169472 b+tree 1 1555 46 1.130000 1.311000  0.000051 0.000042 0.000115 0.000244 0.000122 0.000065 
6169472 b+tree 1 1555 46 1.130000 2.159000  0.000076 0.000045 0.000123 0.000295 0.000135 0.000068 
6169472 b+tree 1 1555 46 1.130000 2.004000  0.000053 0.000042 0.000116 0.000258 0.000131 0.000066 
6169472 b+tree 1 1555 46 1.130000 1.619000  0.000044 0.000039 0.000107 0.000217 0.000113 0.000059 
6169600 b+tree 1 1555 46 1.130000 1.388000  0.000060 0.000042 0.000117 0.000278 0.000127 0.000064 
6169600 b+tree 1 1555 46 1.130000 2.159000  0.000047 0.000039 0.000107 0.000228 0.000110 0.000059 
6169600 b+tree 1 1555 46 1.130000 1.542000  0.000053 0.000040 0.000114 0.000254 0.000124 0.000064 
