#Timestamp	Benchmark	Run(#)	CPU Frequency (MHz)	CPU Temperature(C)	CPU Voltage(V)	CPU Power(W)	CPU_CYCLES	L1_DATA_CACHE_ACCESS	INSTRUCTIONS_RETIRED	BUS_CYCLES	L1I_CACHE_ACCESS	PREDICTABLE_BRANCH_SPECULATIVELY_EXECUTED
3489408 pathfinder 1 403 38 0.842000 0.616000  0.000305 0.000272 0.000933 0.002363 0.001043 0.000501 
3489408 pathfinder 1 403 38 0.842000 0.539000  0.000306 0.000387 0.000935 0.002154 0.001101 0.000532 
3489408 pathfinder 1 403 38 0.842000 0.693000  0.000341 0.000276 0.000731 0.001447 0.000780 0.000402 
3489536 pathfinder 1 403 38 0.842000 0.463000  0.000255 0.000238 0.000669 0.001240 0.001033 0.000535 
3489536 pathfinder 1 403 38 0.842000 0.539000  0.000270 0.000264 0.000705 0.001467 0.000763 0.000392 
3489536 pathfinder 1 403 37 0.842000 0.616000  0.000244 0.000229 0.000644 0.001197 0.000653 0.000353 
3489536 pathfinder 1 403 37 0.842000 0.617000  0.000291 0.000245 0.000667 0.001319 0.000711 0.000371 
3489536 pathfinder 1 403 37 0.842000 0.462000  0.000239 0.000224 0.000630 0.001177 0.000640 0.000347 
3489664 pathfinder 1 403 37 0.842000 0.617000  0.000255 0.000235 0.000646 0.001287 0.000701 0.000366 
3489664 pathfinder 1 403 37 0.842000 0.771000  0.000232 0.000218 0.000616 0.001145 0.000623 0.000338 
3489664 pathfinder 1 403 37 0.842000 0.540000  0.000250 0.000230 0.000818 0.001613 0.000811 0.000464 
3489664 pathfinder 1 403 37 0.842000 0.539000  0.000046 0.000043 0.000120 0.000232 0.000124 0.000066 
3489664 pathfinder 1 403 37 0.842000 0.617000  0.000238 0.000220 0.000784 0.001538 0.000906 0.000445 
3489792 pathfinder 1 403 37 0.842000 0.616000  0.000224 0.000218 0.000610 0.001231 0.000630 0.000333 
3489792 pathfinder 1 403 37 0.842000 0.540000  0.000364 0.000260 0.000686 0.001618 0.000748 0.000372 
3489792 pathfinder 1 403 37 0.842000 0.694000  0.000216 0.000207 0.000588 0.001208 0.000610 0.000327 
3489792 pathfinder 1 403 37 0.842000 0.540000  0.000228 0.000210 0.000583 0.001192 0.000645 0.000334 
3489792 pathfinder 1 403 37 0.842000 0.693000  0.000211 0.000209 0.000577 0.001190 0.000607 0.000321 
3489920 pathfinder 1 403 37 0.842000 0.539000  0.000222 0.000207 0.000572 0.001086 0.000604 0.000369 
3489920 pathfinder 1 403 37 0.842000 0.616000  0.000220 0.000192 0.000540 0.001045 0.000780 0.000366 
3489920 pathfinder 1 403 37 0.842000 0.616000  0.000008 0.000050 0.000032 0.000106 0.000000 0.000006 
3489920 pathfinder 1 403 37 0.842000 0.694000  0.000008 0.000047 0.000031 0.000095 0.000000 0.000005 
3489920 pathfinder 1 403 37 0.842000 0.539000  2.880765 1.026195 2.410144 2.883009 1.071946 0.499234 
3490048 pathfinder 1 403 37 0.842000 0.617000  0.000211 0.000189 0.000523 0.001070 0.000564 0.000294 
3490048 pathfinder 1 403 37 0.842000 0.463000  0.000192 0.000178 0.000499 0.000974 0.000512 0.000275 
3490048 pathfinder 1 403 37 0.842000 0.772000  0.000243 0.000242 0.000710 0.001822 0.000743 0.000351 
3490048 pathfinder 1 403 37 0.842000 0.463000  0.000189 0.000175 0.000491 0.000934 0.000496 0.000272 
3490048 pathfinder 1 403 37 0.842000 0.693000  0.000199 0.000184 0.000651 0.001335 0.000661 0.000372 
3490176 pathfinder 1 403 37 0.842000 0.695000  0.000190 0.000182 0.000508 0.001041 0.000542 0.000282 
3490176 pathfinder 1 403 37 0.842000 0.616000  0.000194 0.000181 0.000495 0.000946 0.000525 0.000276 
3490176 pathfinder 1 403 37 0.842000 0.462000  0.000208 0.000178 0.000499 0.001015 0.000515 0.000274 
3490176 pathfinder 1 403 37 0.842000 0.617000  0.000236 0.000191 0.000525 0.001086 0.000577 0.000291 
3490304 pathfinder 1 403 37 0.842000 0.539000  0.000204 0.000175 0.000492 0.000966 0.000496 0.000264 
3490304 pathfinder 1 403 37 0.842000 0.617000  0.000194 0.000176 0.000496 0.000996 0.000529 0.000279 
3490304 pathfinder 1 403 37 0.842000 0.539000  0.000179 0.000162 0.000457 0.000867 0.000462 0.000251 
3490304 pathfinder 1 403 37 0.842000 0.617000  0.000189 0.000176 0.000485 0.001038 0.000540 0.000281 
3490304 pathfinder 1 403 37 0.842000 0.462000  0.000173 0.000160 0.000451 0.000843 0.000454 0.000247 
3490432 pathfinder 1 403 37 0.842000 0.616000  0.000224 0.000177 0.000496 0.001079 0.000552 0.000288 
3490432 pathfinder 1 403 37 0.842000 0.463000  0.000174 0.000158 0.000444 0.000854 0.000453 0.000244 
3490432 pathfinder 1 403 37 0.842000 0.617000  0.000298 0.000267 0.000633 0.001831 0.000763 0.000401 
3490432 pathfinder 1 403 37 0.842000 0.462000  0.000201 0.000166 0.000463 0.000937 0.000479 0.000254 
3490432 pathfinder 1 403 37 0.842000 0.616000  0.000178 0.000163 0.000451 0.000864 0.000546 0.000293 
3490560 pathfinder 1 403 37 0.842000 0.463000  0.000223 0.000177 0.000492 0.001388 0.000549 0.000273 
3490560 pathfinder 1 403 37 0.842000 0.539000  0.000350 0.000188 0.000506 0.001149 0.000538 0.000273 
3490560 pathfinder 1 403 37 0.842000 0.462000  0.000190 0.000155 0.000433 0.000854 0.000450 0.000242 
3490560 pathfinder 1 403 37 0.842000 0.616000  0.000198 0.000166 0.000467 0.000971 0.000517 0.000265 
3490560 pathfinder 1 403 37 0.842000 0.617000  0.000166 0.000148 0.000447 0.000962 0.000460 0.000241 
3490688 pathfinder 1 403 37 0.842000 0.616000  0.000042 0.000039 0.000109 0.000206 0.000115 0.000060 
3490688 pathfinder 1 403 37 0.842000 0.694000  0.000040 0.000037 0.000104 0.000198 0.000108 0.000060 
3490688 pathfinder 1 403 37 0.842000 0.694000  0.000164 0.000153 0.000475 0.000972 0.000508 0.000255 
3490688 pathfinder 1 403 37 0.842000 0.694000  0.000199 0.000159 0.000445 0.000959 0.000490 0.000252 
3490688 pathfinder 1 403 37 0.842000 0.462000  0.000199 0.000168 0.000459 0.000915 0.000499 0.000247 
3490816 pathfinder 1 403 37 0.842000 0.616000  0.000171 0.000220 0.000535 0.001275 0.000615 0.000338 
3490816 pathfinder 1 403 37 0.842000 0.462000  0.000154 0.000141 0.000396 0.000750 0.000410 0.000219 
3490816 pathfinder 1 403 37 0.842000 0.694000  0.000042 0.000039 0.000107 0.000209 0.000113 0.000060 
3490816 pathfinder 1 403 37 0.842000 0.540000  0.000149 0.000137 0.000387 0.000734 0.000393 0.000213 
3490816 pathfinder 1 403 37 0.842000 0.694000  0.000189 0.000150 0.000414 0.000849 0.000440 0.000227 
3490944 pathfinder 1 403 37 0.842000 0.463000  0.000159 0.000148 0.000403 0.000858 0.000411 0.000216 
3490944 pathfinder 1 403 37 0.842000 0.694000  0.000155 0.000143 0.000395 0.000756 0.000417 0.000219 
3490944 pathfinder 1 403 37 0.842000 0.463000  0.000146 0.000133 0.000377 0.000719 0.000384 0.000207 
3490944 pathfinder 1 403 37 0.842000 0.617000  0.000155 0.000206 0.000503 0.001021 0.000581 0.000284 
3490944 pathfinder 1 403 37 0.842000 0.385000  0.000147 0.000132 0.000371 0.000713 0.000385 0.000211 
3491072 pathfinder 1 403 37 0.842000 0.616000  0.000133 0.000177 0.000428 0.000851 0.000514 0.000249 
3491072 pathfinder 1 403 37 0.842000 0.462000  0.000172 0.000139 0.000386 0.000791 0.000401 0.000212 
3491072 pathfinder 1 403 37 0.842000 0.617000  0.000147 0.000136 0.000377 0.000746 0.000408 0.000216 
3491072 pathfinder 1 403 37 0.842000 0.463000  0.000158 0.000135 0.000384 0.000775 0.000394 0.000209 
3491072 pathfinder 1 403 37 0.842000 0.616000  0.000155 0.000128 0.000345 0.000709 0.000375 0.000192 
3491200 pathfinder 1 403 37 0.842000 0.617000  0.000163 0.000130 0.000408 0.000832 0.000405 0.000209 
3491200 pathfinder 1 403 37 0.842000 0.540000  0.000593 0.000221 0.000537 0.001221 0.000548 0.000258 
3491200 pathfinder 1 403 37 0.842000 0.694000  0.000135 0.000136 0.000368 0.000722 0.000376 0.000200 
3491200 pathfinder 1 403 37 0.842000 0.616000  0.000142 0.000130 0.000358 0.000687 0.000380 0.000232 
3491200 pathfinder 1 403 37 0.842000 0.386000  0.000132 0.000122 0.000348 0.000710 0.000360 0.000193 
3491328 pathfinder 1 403 37 0.842000 0.693000  0.000120 0.000165 0.000401 0.000785 0.000463 0.000228 
3491328 pathfinder 1 403 37 0.842000 0.770000  0.000169 0.000138 0.000366 0.000723 0.000385 0.000200 
3491328 pathfinder 1 403 37 0.842000 0.617000  0.000169 0.000134 0.000370 0.000769 0.000394 0.000205 
3491328 pathfinder 1 403 37 0.842000 0.694000  0.000126 0.000117 0.000330 0.000623 0.000337 0.000194 
3491328 pathfinder 1 403 37 0.842000 0.693000  0.000164 0.000138 0.000368 0.000764 0.000404 0.000205 
3491456 pathfinder 1 403 37 0.842000 0.695000  0.000129 0.000117 0.000345 0.000693 0.000355 0.000186 
3491456 pathfinder 1 403 37 0.842000 0.539000  0.000167 0.000130 0.000363 0.000760 0.000402 0.000204 
3491456 pathfinder 1 403 37 0.842000 0.616000  0.000861 0.000249 0.000579 0.001455 0.000550 0.000260 
3491456 pathfinder 1 403 37 0.842000 0.540000  0.000144 0.000127 0.000350 0.000715 0.000385 0.000200 
3491456 pathfinder 1 403 37 0.842000 0.694000  0.000130 0.000120 0.000334 0.000641 0.000347 0.000184 
3491584 pathfinder 1 403 37 0.842000 0.616000  0.000154 0.000131 0.000363 0.000712 0.000366 0.000188 
3491584 pathfinder 1 403 37 0.842000 0.694000  0.000142 0.000247 0.000573 0.001129 0.000532 0.000254 
3491584 pathfinder 1 403 37 0.842000 0.539000  0.000118 0.000113 0.000332 0.000646 0.000339 0.000179 
3491584 pathfinder 1 403 37 0.842000 0.770000  0.000146 0.000123 0.000341 0.000725 0.000380 0.000195 
3491584 pathfinder 1 403 37 0.842000 0.539000  0.000119 0.000112 0.000313 0.000588 0.000318 0.000172 
3491712 pathfinder 1 403 37 0.842000 0.617000  0.000128 0.000117 0.000324 0.000621 0.000341 0.000180 
3491712 pathfinder 1 403 37 0.842000 0.616000  0.000119 0.000111 0.000310 0.000587 0.000318 0.000171 
3491712 pathfinder 1 403 37 0.842000 0.617000  0.000157 0.000125 0.000341 0.000731 0.000382 0.000194 
3491712 pathfinder 1 403 37 0.842000 0.462000  0.000163 0.000114 0.000313 0.000622 0.000316 0.000170 
3491712 pathfinder 1 403 37 0.842000 0.616000  0.000137 0.000120 0.000329 0.000679 0.000358 0.000186 
3491840 pathfinder 1 403 37 0.842000 0.463000  0.000117 0.000109 0.000302 0.000576 0.000311 0.000167 
3491840 pathfinder 1 403 37 0.842000 0.694000  0.000153 0.000120 0.000355 0.000844 0.000393 0.000196 
3491840 pathfinder 1 403 37 0.842000 0.463000  0.000117 0.000106 0.000299 0.000565 0.000302 0.000166 
3491840 pathfinder 1 403 37 0.842000 0.693000  0.000140 0.000119 0.000348 0.000768 0.000382 0.000190 
3491840 pathfinder 1 403 37 0.842000 0.308000  0.000115 0.000105 0.000295 0.000554 0.000300 0.000163 
3491968 pathfinder 1 403 37 0.842000 0.462000  0.000121 0.000111 0.000306 0.000805 0.000398 0.000224 
3491968 pathfinder 1 403 37 0.842000 0.462000  0.165685 0.050492 0.108044 0.166081 0.058151 0.025900 
3491968 pathfinder 1 403 37 0.842000 0.616000  0.000129 0.000101 0.000275 0.000579 0.000305 0.000155 
3491968 pathfinder 1 403 37 0.842000 0.771000  0.000100 0.000089 0.000248 0.000499 0.000255 0.000137 
3492096 pathfinder 1 403 37 0.842000 0.617000  0.000101 0.000123 0.000386 0.000891 0.000390 0.000205 
3492096 pathfinder 1 403 37 0.842000 0.617000  0.000126 0.000108 0.000292 0.000566 0.000299 0.000157 
3492096 pathfinder 1 403 37 0.842000 0.617000  0.000139 0.000113 0.000311 0.000649 0.000348 0.000175 
3492096 pathfinder 1 403 37 0.842000 0.694000  0.012644 0.005336 0.011632 0.013079 0.005834 0.002798 
3492096 pathfinder 1 403 37 0.842000 0.695000  0.000110 0.000151 0.000371 0.000000 0.000000 0.000000 
3492224 pathfinder 1 403 37 0.842000 0.617000  0.000109 0.000151 0.000366 0.000707 0.000421 0.000208 
3492224 pathfinder 1 403 37 0.842000 0.463000  0.000109 0.000100 0.000276 0.000568 0.000296 0.000155 
3492224 pathfinder 1 403 37 0.842000 0.694000  0.000110 0.000102 0.000280 0.000707 0.000358 0.000205 
3492224 pathfinder 1 403 37 0.842000 0.694000  0.000119 0.000098 0.000273 0.000523 0.000276 0.000148 
3492224 pathfinder 1 403 37 0.842000 0.617000  0.043553 0.014349 0.030803 0.043989 0.016447 0.007463 
3492352 pathfinder 1 403 37 0.842000 0.694000  0.000116 0.000100 0.000280 0.000568 0.000292 0.000153 
3492352 pathfinder 1 403 37 0.842000 0.617000  0.000120 0.000101 0.000284 0.000584 0.000311 0.000162 
3492352 pathfinder 1 403 37 0.842000 0.462000  0.000103 0.000100 0.000277 0.000559 0.000287 0.000150 
3492352 pathfinder 1 403 37 0.842000 0.616000  0.000660 0.000277 0.000665 0.001227 0.000615 0.000291 
3492480 pathfinder 1 403 37 0.842000 0.694000  0.000113 0.000100 0.000282 0.000597 0.000302 0.000153 
3492480 pathfinder 1 403 37 0.842000 0.462000  0.000151 0.000103 0.000276 0.000544 0.000280 0.000146 
3492480 pathfinder 1 403 37 0.842000 0.617000  0.000121 0.000101 0.000284 0.000594 0.000303 0.000158 
3492480 pathfinder 1 403 37 0.842000 0.463000  0.000099 0.000091 0.000255 0.000483 0.000261 0.000140 
3492480 pathfinder 1 403 37 0.842000 0.617000  0.000114 0.000097 0.000265 0.000547 0.000294 0.000153 
3492608 pathfinder 1 403 37 0.842000 0.462000  0.000100 0.000093 0.000258 0.000535 0.000281 0.000148 
3492608 pathfinder 1 403 37 0.842000 0.695000  0.000122 0.000102 0.000285 0.000627 0.000314 0.000160 
3492608 pathfinder 1 403 37 0.842000 0.463000  0.000097 0.000095 0.000260 0.000522 0.000273 0.000143 
3492608 pathfinder 1 403 37 0.842000 0.693000  0.000130 0.000101 0.000274 0.000576 0.000299 0.000152 
3492608 pathfinder 1 403 37 0.842000 0.616000  0.122847 0.038937 0.082597 0.123464 0.044127 0.019955 
3492736 pathfinder 1 403 37 0.842000 0.617000  0.000095 0.000088 0.000248 0.000473 0.000255 0.000137 
3492736 pathfinder 1 403 37 0.842000 0.695000  0.000118 0.000100 0.000436 0.001165 0.000428 0.000199 
3492736 pathfinder 1 403 37 0.842000 0.617000  0.000122 0.000108 0.000290 0.000618 0.000319 0.000159 
3492736 pathfinder 1 403 37 0.842000 0.770000  0.000126 0.000102 0.000278 0.000627 0.000311 0.000156 
3492736 pathfinder 1 403 37 0.842000 0.617000  0.000093 0.000087 0.000242 0.000453 0.000247 0.000134 
3492864 pathfinder 1 403 37 0.842000 0.694000  0.000187 0.000106 0.000284 0.000624 0.000310 0.000155 
3492864 pathfinder 1 403 37 0.842000 0.617000  0.000108 0.000090 0.000254 0.000515 0.000262 0.000139 
3492864 pathfinder 1 403 37 0.842000 0.694000  0.000008 0.000046 0.000030 0.000096 0.000000 0.000005 
3492864 pathfinder 1 403 37 0.842000 0.695000  0.000093 0.000090 0.000251 0.000508 0.000262 0.000138 
3492992 pathfinder 1 403 37 0.842000 0.616000  0.000380 0.000185 0.000421 0.000935 0.000464 0.000211 
3492992 pathfinder 1 403 37 0.842000 0.462000  0.000083 0.000075 0.000207 0.000399 0.000215 0.000115 
3492992 pathfinder 1 403 37 0.842000 0.770000  0.000104 0.000082 0.000225 0.000491 0.000248 0.000129 
3492992 pathfinder 1 403 37 0.842000 0.694000  0.003837 0.000995 0.001872 0.004225 0.001448 0.000579 
3492992 pathfinder 1 403 37 0.842000 0.616000  0.000090 0.000082 0.000228 0.000432 0.000234 0.000126 
3493120 pathfinder 1 403 37 0.842000 0.617000  0.000102 0.000087 0.000248 0.000532 0.000269 0.000137 
3493120 pathfinder 1 403 37 0.842000 0.540000  0.000158 0.000087 0.000238 0.000496 0.000241 0.000127 
3493120 pathfinder 1 403 37 0.842000 0.695000  0.000100 0.000089 0.000248 0.000530 0.000268 0.000136 
3493120 pathfinder 1 403 37 0.842000 0.463000  0.000224 0.000104 0.000262 0.000612 0.000275 0.000138 
3493120 pathfinder 1 403 37 0.842000 0.616000  0.004661 0.015620 0.005416 0.015631 0.000002 0.000331 
3493248 pathfinder 1 403 37 0.842000 0.539000  0.000086 0.000080 0.000223 0.000579 0.000259 0.000131 
3493248 pathfinder 1 403 37 0.842000 0.694000  0.000117 0.000093 0.000250 0.000555 0.000272 0.000150 
3493248 pathfinder 1 403 37 0.842000 0.463000  0.000086 0.000079 0.000221 0.000423 0.000228 0.000122 
3493248 pathfinder 1 403 37 0.842000 0.539000  0.000089 0.000083 0.000230 0.000588 0.000296 0.000168 
3493248 pathfinder 1 403 37 0.842000 0.463000  0.000097 0.000080 0.000233 0.000469 0.000239 0.000127 
3493376 pathfinder 1 403 37 0.842000 0.772000  0.000088 0.000083 0.000294 0.000585 0.000343 0.000168 
3493376 pathfinder 1 403 37 0.842000 0.617000  0.000084 0.000082 0.000226 0.000468 0.000236 0.000126 
3493376 pathfinder 1 403 37 0.842000 0.616000  0.000090 0.000082 0.000225 0.000430 0.000237 0.000125 
3493376 pathfinder 1 403 37 0.842000 0.462000  0.000083 0.000079 0.000228 0.000449 0.000237 0.000124 
3493376 pathfinder 1 403 37 0.842000 0.617000  0.000107 0.000088 0.000240 0.000493 0.000263 0.000133 
3493504 pathfinder 1 403 37 0.842000 0.463000  0.000080 0.000076 0.000213 0.000399 0.000217 0.000118 
3493504 pathfinder 1 403 37 0.842000 0.617000  0.000637 0.023205 0.049160 0.080469 0.027037 0.012022 
3493504 pathfinder 1 403 37 0.842000 0.694000  0.000087 0.000080 0.000282 0.000583 0.000288 0.000161 
3493504 pathfinder 1 403 37 0.842000 0.539000  0.000082 0.000075 0.000209 0.000402 0.000216 0.000115 
3493632 pathfinder 1 403 37 0.842000 0.617000  0.000085 0.000079 0.000279 0.000739 0.000344 0.000183 
3493632 pathfinder 1 403 37 0.842000 0.616000  0.000073 0.000068 0.000188 0.000362 0.000197 0.000105 
3493632 pathfinder 1 403 37 0.842000 0.694000  0.000085 0.000077 0.000274 0.000911 0.000447 0.000202 
3493632 pathfinder 1 403 37 0.842000 0.462000  0.000083 0.000077 0.000211 0.000443 0.000226 0.000119 
3493760 pathfinder 1 403 37 0.842000 0.617000  0.000084 0.000077 0.000210 0.000588 0.000274 0.000164 
3493760 pathfinder 1 403 37 0.842000 0.771000  0.000078 0.000071 0.000200 0.000380 0.000210 0.000112 
3493760 pathfinder 1 403 37 0.842000 0.616000  0.000097 0.000084 0.000228 0.000475 0.000252 0.000126 
3493760 pathfinder 1 403 37 0.842000 0.693000  0.000086 0.000080 0.000223 0.000441 0.000232 0.000119 
3493760 pathfinder 1 403 37 0.842000 0.617000  0.000090 0.000079 0.000219 0.000442 0.000239 0.000123 
3493888 pathfinder 1 403 37 0.842000 0.694000  0.000094 0.000085 0.000229 0.000496 0.000247 0.000125 
3493888 pathfinder 1 403 37 0.842000 0.617000  0.000101 0.000079 0.000218 0.000452 0.000239 0.000123 
3493888 pathfinder 1 403 37 0.842000 0.694000  0.000196 0.000108 0.000322 0.000623 0.000345 0.000167 
3493888 pathfinder 1 403 37 0.842000 0.463000  0.013682 0.049120 0.016064 0.049140 0.000006 0.000978 
3493888 pathfinder 1 403 37 0.842000 0.848000  0.000090 0.000077 0.000212 0.000432 0.000233 0.000120 
3494016 pathfinder 1 403 37 0.842000 0.463000  0.000073 0.000069 0.000326 0.000607 0.000301 0.000148 
3494016 pathfinder 1 403 37 0.842000 0.617000  0.000079 0.000073 0.000202 0.000385 0.000212 0.000112 
3494016 pathfinder 1 403 37 0.842000 0.462000  0.000074 0.000069 0.000201 0.000397 0.000208 0.000109 
3494016 pathfinder 1 403 37 0.842000 0.616000  0.000097 0.000079 0.000208 0.000436 0.000227 0.000117 
3494016 pathfinder 1 403 37 0.842000 0.463000  0.000075 0.000069 0.000192 0.000365 0.000197 0.000106 
3494144 pathfinder 1 403 37 0.842000 0.770000  0.000078 0.000072 0.000203 0.000411 0.000221 0.000116 
3494144 pathfinder 1 403 37 0.842000 0.462000  0.000073 0.000068 0.000191 0.000361 0.000193 0.000106 
3494144 pathfinder 1 403 37 0.842000 0.617000  0.000078 0.000071 0.000198 0.000375 0.000207 0.000158 
3494144 pathfinder 1 403 37 0.842000 0.462000  0.000073 0.000070 0.000197 0.000395 0.000205 0.000109 
3494144 pathfinder 1 403 37 0.842000 0.694000  0.000083 0.000068 0.000190 0.000397 0.000210 0.000107 
3494272 pathfinder 1 403 37 0.842000 0.695000  0.000069 0.000063 0.000176 0.000336 0.000183 0.000098 
3494272 pathfinder 1 403 37 0.842000 0.616000  0.000081 0.000075 0.000203 0.000418 0.000225 0.000114 
3494272 pathfinder 1 403 37 0.842000 0.694000  0.000084 0.000070 0.000193 0.000389 0.000199 0.000105 
3494272 pathfinder 1 403 37 0.842000 0.615000  0.000552 0.004854 0.010359 0.013506 0.005355 0.002501 
3494272 pathfinder 1 403 37 0.842000 0.694000  0.000082 0.000071 0.000198 0.000403 0.000218 0.000112 
3494400 pathfinder 1 403 37 0.842000 0.463000  0.000069 0.000065 0.000182 0.000343 0.000185 0.000100 
3494400 pathfinder 1 403 37 0.842000 0.617000  0.000077 0.000100 0.000243 0.000576 0.000280 0.000156 
3494400 pathfinder 1 403 37 0.842000 0.540000  0.000070 0.000065 0.000181 0.000342 0.000186 0.000100 
3494400 pathfinder 1 403 37 0.842000 0.616000  0.000073 0.000068 0.000188 0.000357 0.000198 0.000146 
3494400 pathfinder 1 403 37 0.842000 0.462000  0.000068 0.000067 0.000185 0.000369 0.000189 0.000100 
3494528 pathfinder 1 403 37 0.842000 0.694000  0.000090 0.000075 0.000200 0.000412 0.000215 0.000110 
3494528 pathfinder 1 403 37 0.842000 0.462000  0.000068 0.000067 0.000186 0.000379 0.000194 0.000103 
3494528 pathfinder 1 403 37 0.842000 0.616000  0.000072 0.332175 0.111255 0.332360 0.000044 0.006872 
3494528 pathfinder 1 403 37 0.842000 0.462000  0.000068 0.000063 0.000177 0.000336 0.000184 0.000099 
3494528 pathfinder 1 403 37 0.842000 0.616000  0.000071 0.000066 0.000184 0.000348 0.000193 0.000103 
3494656 pathfinder 1 403 37 0.842000 0.462000  0.000072 0.000065 0.000183 0.000380 0.000191 0.000101 
3494656 pathfinder 1 403 37 0.842000 0.617000  0.000089 0.000085 0.000225 0.000569 0.000252 0.000121 
3494656 pathfinder 1 403 37 0.842000 0.462000  0.000086 0.000066 0.000186 0.000377 0.000190 0.000101 
3494656 pathfinder 1 403 37 0.842000 0.771000  0.000084 0.000070 0.000195 0.000403 0.000214 0.000109 
3494656 pathfinder 1 403 37 0.842000 0.463000  0.000078 0.000064 0.000185 0.000371 0.000190 0.000101 
3494784 pathfinder 1 403 37 0.842000 0.616000  0.000081 0.000068 0.000186 0.371699 0.000049 0.007833 
3494784 pathfinder 1 403 37 0.842000 0.462000  0.000076 0.000075 0.000196 0.000390 0.000196 0.000103 
3494784 pathfinder 1 403 37 0.842000 0.616000  0.000085 0.000073 0.000197 0.000400 0.000213 0.000108 
3494784 pathfinder 1 403 37 0.842000 0.617000  0.000090 0.000066 0.000186 0.000371 0.000192 0.000101 
3494912 pathfinder 1 403 37 0.842000 0.693000  0.000069 0.000065 0.000230 0.000487 0.000281 0.000134 
3494912 pathfinder 1 403 37 0.842000 0.617000  0.000065 0.000060 0.000164 0.000326 0.000178 0.000093 
3494912 pathfinder 1 403 37 0.842000 0.617000  0.000081 0.000065 0.000176 0.000341 0.000182 0.000096 
3494912 pathfinder 1 403 37 0.842000 0.617000  0.000067 0.000063 0.000175 0.000340 0.000185 0.000098 
3494912 pathfinder 1 403 37 0.842000 0.617000  0.000066 0.000061 0.000169 0.000322 0.000192 0.000098 
3495040 pathfinder 1 403 37 0.842000 0.616000  0.000079 0.000066 0.000186 0.000461 0.000217 0.000111 
3495040 pathfinder 1 403 37 0.842000 0.463000  0.000065 0.000060 0.000168 0.000321 0.000171 0.000107 
3495040 pathfinder 1 403 37 0.842000 0.770000  0.000085 0.000069 0.000190 0.000405 0.000211 0.000106 
3495040 pathfinder 1 403 37 0.842000 0.462000  0.000064 0.000060 0.000166 0.000312 0.000170 0.000092 
3495040 pathfinder 1 403 37 0.842000 0.539000  0.028922 0.095734 0.032891 0.095776 0.000013 0.002034 
3495168 pathfinder 1 403 37 0.842000 0.539000  0.000064 0.000059 0.000166 0.000313 0.000175 0.000094 
3495168 pathfinder 1 403 37 0.842000 0.616000  0.000066 0.000067 0.000181 0.000382 0.000192 0.000099 
3495168 pathfinder 1 403 37 0.842000 0.694000  0.000060 0.000054 0.000152 0.000293 0.000158 0.000084 
3495168 pathfinder 1 403 37 0.842000 0.616000  0.000066 0.000062 0.000170 0.000325 0.000181 0.000095 
3495168 pathfinder 1 403 37 0.842000 0.694000  0.000075 0.000062 0.000173 0.000353 0.000180 0.000095 
3495296 pathfinder 1 403 37 0.842000 0.617000  0.000077 0.000063 0.000176 0.000359 0.000194 0.000100 
3495296 pathfinder 1 403 37 0.842000 0.540000  0.001140 0.000458 0.001055 1.837244 0.889831 0.510160 
3495296 pathfinder 1 403 37 0.842000 0.539000  0.000082 0.000074 0.000188 0.000386 0.000196 0.000099 
3495296 pathfinder 1 403 37 0.842000 0.540000  0.000062 0.000059 0.000167 0.000336 0.000172 0.000091 
3495424 pathfinder 1 403 37 0.842000 0.616000  0.000478 0.010060 0.021406 0.036120 0.011978 0.005235 
3495424 pathfinder 1 403 37 0.842000 0.617000  0.000065 0.000060 0.000165 0.000317 0.000175 0.000092 
3495424 pathfinder 1 403 37 0.842000 0.462000  0.000113 0.000074 0.000195 0.000433 0.000211 0.000103 
3495424 pathfinder 1 403 37 0.842000 0.770000  0.000069 0.000105 0.000291 0.000655 0.000313 0.000144 
3495424 pathfinder 1 403 37 0.842000 0.463000  0.041876 0.011121 0.023445 0.041938 0.013419 0.005768 
3495552 pathfinder 1 403 37 0.842000 0.617000  0.000064 0.000059 0.000212 0.000426 0.000246 0.000124 
3495552 pathfinder 1 403 37 0.842000 0.463000  0.000062 0.000056 0.000157 0.000298 0.000163 0.000087 
3495552 pathfinder 1 403 37 0.842000 0.693000  0.000065 0.000059 0.000163 0.000316 0.000172 0.000091 
3495552 pathfinder 1 403 37 0.842000 0.540000  0.000060 0.000056 0.000156 0.000294 0.000161 0.000086 
3495552 pathfinder 1 403 37 0.842000 0.617000  0.000064 0.000056 0.000155 0.000321 0.000171 0.000089 
3495680 pathfinder 1 403 37 0.842000 0.462000  0.000062 0.000056 0.000155 0.000304 0.000160 0.000086 
3495680 pathfinder 1 403 37 0.842000 0.616000  0.000065 0.000058 0.000160 0.000313 0.000170 0.000090 
3495680 pathfinder 1 403 37 0.842000 0.462000  0.000059 0.000055 0.000154 0.000293 0.000158 0.000085 
3495680 pathfinder 1 403 37 0.842000 0.617000  0.000075 0.000062 0.000165 0.000333 0.000177 0.000090 
3495680 pathfinder 1 403 37 0.842000 0.462000  0.000059 0.000054 0.000160 0.000316 0.000163 0.000086 
3495808 pathfinder 1 403 37 0.842000 0.616000  0.000070 0.000061 0.000169 0.000357 0.000187 0.000095 
3495808 pathfinder 1 403 37 0.842000 0.616000  0.000059 0.000054 0.000153 0.000289 0.000156 0.000084 
3495808 pathfinder 1 403 37 0.842000 0.616000  0.000073 0.000062 0.000170 0.000354 0.000188 0.000097 
3495808 pathfinder 1 403 37 0.842000 0.462000  0.000059 0.000056 0.000155 0.000323 0.000165 0.000089 
3495808 pathfinder 1 403 37 0.842000 0.616000  0.000072 0.000059 0.000171 0.000370 0.000185 0.000094 
3495936 pathfinder 1 403 37 0.842000 0.462000  0.000059 0.000057 0.000157 0.000325 0.000166 0.000087 
3495936 pathfinder 1 403 37 0.842000 0.694000  0.000061 0.000057 0.000160 0.000328 0.000174 0.000091 
3495936 pathfinder 1 403 37 0.842000 0.694000  0.000057 0.000053 0.000150 0.000291 0.000230 0.000112 
3495936 pathfinder 1 403 37 0.842000 0.694000  0.000065 0.000054 0.000148 0.000313 0.000167 0.000085 
3495936 pathfinder 1 403 37 0.842000 0.617000  0.038701 0.127026 0.044125 0.127089 0.000017 0.002727 
3496064 pathfinder 1 403 37 0.842000 0.617000  0.000073 0.000061 0.000164 0.000345 0.000183 0.000093 
3496064 pathfinder 1 403 37 0.842000 0.617000  0.000068 0.000057 0.000158 0.000326 0.000163 0.000087 
3496064 pathfinder 1 403 37 0.842000 0.848000  0.000058 0.000056 0.000154 0.000293 0.000163 0.000086 
3496064 pathfinder 1 403 37 0.842000 0.462000  0.000057 0.000054 0.000153 0.000308 0.000160 0.000085 
3496064 pathfinder 1 403 37 0.842000 0.771000  0.000059 0.000081 0.000197 0.000672 0.000285 0.000130 
3496192 pathfinder 1 403 37 0.842000 0.771000  0.000073 0.000060 0.000162 0.000340 0.000176 0.000090 
3496192 pathfinder 1 403 37 0.842000 0.539000  0.000103 0.000065 0.000169 0.000362 0.000186 0.000094 
3496192 pathfinder 1 403 37 0.842000 0.694000  0.000059 0.000055 0.000151 0.000295 0.000159 0.000084 
3496192 pathfinder 1 403 37 0.842000 0.539000  0.000072 0.000059 0.000160 0.000334 0.000178 0.000091 
3496320 pathfinder 1 403 37 0.842000 0.616000  0.000062 0.000081 0.000194 0.000461 0.000225 0.000123 
3496320 pathfinder 1 403 37 0.842000 0.463000  0.044116 0.011059 0.022829 0.044171 0.013781 0.005600 
3496320 pathfinder 1 403 37 0.842000 0.694000  0.000063 0.000051 0.000141 0.000309 0.000160 0.000082 
3496320 pathfinder 1 403 37 0.842000 0.540000  0.000055 0.000051 0.000144 0.000568 0.000234 0.000109 
3496320 pathfinder 1 403 37 0.842000 0.616000  0.000061 0.000080 0.000193 0.000446 0.000230 0.000125 
3496448 pathfinder 1 403 37 0.842000 0.463000  0.000056 0.000052 0.000144 0.000275 0.000151 0.000080 
3496448 pathfinder 1 403 37 0.842000 0.694000  0.000058 0.000054 0.000149 0.000281 0.000158 0.000083 
3496448 pathfinder 1 403 37 0.842000 0.463000  0.000056 0.000051 0.000143 0.000270 0.000148 0.000079 
3496448 pathfinder 1 403 37 0.842000 0.693000  0.000057 0.000053 0.000150 0.000307 0.000162 0.000085 
3496448 pathfinder 1 403 37 0.842000 0.463000  0.000054 0.000051 0.000142 0.000268 0.000146 0.000078 
3496576 pathfinder 1 403 37 0.842000 0.617000  0.000078 0.000059 0.000160 0.000342 0.000175 0.000090 
3496576 pathfinder 1 403 37 0.842000 0.463000  0.000057 0.000054 0.000148 0.000290 0.000154 0.000081 
3496576 pathfinder 1 403 37 0.842000 0.616000  0.000056 0.000077 0.000203 0.000491 0.000231 0.000124 
3496576 pathfinder 1 403 37 0.842000 0.770000  0.000062 0.000051 0.000143 0.000291 0.000150 0.000081 
3496576 pathfinder 1 403 37 0.842000 0.617000  0.000057 0.000077 0.000188 0.000372 0.000219 0.000107 
3496704 pathfinder 1 403 37 0.842000 0.694000  0.000063 0.000053 0.000148 0.000302 0.000151 0.000080 
3496704 pathfinder 1 403 37 0.842000 0.694000  0.000063 0.000054 0.000212 0.000477 0.000210 0.000101 
3496704 pathfinder 1 403 37 0.842000 0.770000  0.000053 0.000048 0.000131 0.000258 0.000142 0.000074 
3496704 pathfinder 1 403 37 0.842000 0.462000  0.000054 0.000049 0.000137 0.000260 0.000143 0.000076 
3496832 pathfinder 1 403 37 0.842000 0.770000  0.000056 0.000052 0.000142 0.000271 0.000150 0.000079 
3496832 pathfinder 1 403 37 0.842000 0.462000  0.000062 0.000050 0.000141 0.000298 0.000147 0.000078 
3496832 pathfinder 1 403 37 0.842000 0.617000  0.000051 0.000048 0.000130 0.000250 0.000139 0.000073 
3496832 pathfinder 1 403 37 0.842000 0.693000  0.000063 0.000051 0.000141 0.000287 0.000157 0.000081 
3496832 pathfinder 1 403 37 0.842000 0.462000  0.000064 0.000055 0.000153 0.000325 0.000170 0.000086 
3496960 pathfinder 1 403 37 0.842000 0.617000  0.000055 0.000074 0.000180 0.000366 0.000192 0.000095 
3496960 pathfinder 1 403 37 0.842000 0.463000  0.000060 0.000051 0.000139 0.000272 0.000146 0.000076 
3496960 pathfinder 1 403 37 0.842000 0.617000  0.000053 0.000050 0.000139 0.000264 0.000178 0.000090 
3496960 pathfinder 1 403 37 0.842000 0.616000  0.028003 0.008050 0.017309 0.028229 0.009485 0.004212 
3497088 pathfinder 1 403 37 0.842000 0.616000  0.000067 0.000055 0.000148 0.000310 0.000163 0.000083 
3497088 pathfinder 1 403 37 0.842000 0.694000  0.000068 0.000053 0.000144 0.000288 0.000152 0.000079 
3497088 pathfinder 1 403 37 0.842000 0.616000  0.000064 0.000054 0.000147 0.000301 0.000162 0.000083 
3497088 pathfinder 1 403 37 0.842000 0.771000  0.000061 0.000051 0.000138 0.000270 0.000149 0.000077 
3497088 pathfinder 1 403 37 0.842000 0.771000  0.000051 0.000047 0.000132 0.000252 0.000135 0.000073 
3497216 pathfinder 1 403 37 0.842000 0.616000  0.000053 0.000050 0.000137 0.000264 0.000145 0.000076 
3497216 pathfinder 1 403 37 0.842000 0.462000  0.000051 0.000047 0.000131 0.000246 0.000135 0.000075 
3497216 pathfinder 1 403 37 0.842000 0.616000  0.049212 0.014701 0.031441 0.049541 0.017114 0.007661 
3497216 pathfinder 1 403 37 0.842000 0.462000  0.000051 0.000047 0.000131 0.000246 0.000134 0.000072 
3497216 pathfinder 1 403 37 0.842000 0.694000  0.000048 0.000045 0.000124 0.000251 0.000140 0.000072 
3497344 pathfinder 1 403 37 0.842000 0.617000  0.000059 0.000049 0.000138 0.000279 0.000144 0.000076 
3497344 pathfinder 1 403 37 0.842000 0.616000  0.000063 0.000052 0.000141 0.000332 0.000157 0.000078 
3497344 pathfinder 1 403 37 0.842000 0.539000  0.000058 0.000049 0.000137 0.000276 0.000142 0.000078 
3497344 pathfinder 1 403 37 0.842000 0.616000  0.000381 0.000291 0.004591 0.003771 0.002073 0.000948 
3497472 pathfinder 1 403 37 0.842000 0.694000  0.000058 0.000051 0.000139 0.000285 0.000153 0.000079 
3497472 pathfinder 1 403 37 0.842000 0.539000  0.000070 0.000048 0.000131 0.000264 0.000134 0.000071 
3497472 pathfinder 1 403 37 0.842000 0.617000  0.000052 0.000048 0.000132 0.000257 0.000140 0.000074 
3497472 pathfinder 1 403 37 0.842000 0.462000  0.000048 0.000045 0.000127 0.000240 0.000130 0.000070 
3497472 pathfinder 1 403 37 0.842000 0.616000  0.000052 0.000048 0.000132 0.000255 0.000140 0.000074 
3497600 pathfinder 1 403 37 0.842000 0.462000  0.000049 0.000046 0.000127 0.000238 0.000131 0.000070 
3497600 pathfinder 1 403 37 0.842000 0.617000  1.693207 5.467752 1.919124 5.469551 0.000802 0.119240 
3497600 pathfinder 1 403 37 0.842000 0.463000  0.000049 0.000045 0.000126 0.000236 0.000129 0.000070 
3497600 pathfinder 1 403 37 0.842000 0.616000  0.000216 0.000081 0.000198 0.000447 0.000197 0.000093 
3497600 pathfinder 1 403 37 0.842000 0.462000  0.000048 0.000046 0.000130 0.000260 0.000134 0.000072 
3497728 pathfinder 1 403 37 0.842000 0.617000  0.000064 0.000052 0.000143 0.000299 0.000158 0.000080 
3497728 pathfinder 1 403 37 0.842000 0.462000  0.000050 0.000047 0.000130 0.000271 0.000136 0.000073 
3497728 pathfinder 1 403 37 0.842000 0.539000  0.000058 0.000048 0.000134 0.000282 0.000151 0.000077 
3497728 pathfinder 1 403 37 0.842000 0.463000  0.000057 0.000047 0.000135 0.000277 0.000142 0.000075 
3497728 pathfinder 1 403 37 0.842000 0.771000  0.000051 0.000047 0.000129 0.000245 0.000136 0.000072 
3497856 pathfinder 1 403 37 0.842000 0.694000  0.005275 0.002507 0.005539 0.005463 0.002585 0.001274 
3497856 pathfinder 1 403 37 0.842000 0.617000  0.000060 0.000052 0.000141 0.000294 0.000155 0.000078 
3497856 pathfinder 1 403 37 0.842000 0.694000  0.000052 0.000047 0.000128 0.000262 0.000138 0.000074 
3497856 pathfinder 1 403 37 0.842000 0.617000  0.000062 0.000052 0.000137 0.000289 0.000151 0.000078 
3497856 pathfinder 1 403 37 0.842000 0.617000  0.000049 0.000047 0.000129 0.000247 0.000135 0.000071 
3497984 pathfinder 1 403 37 0.842000 0.616000  0.000059 0.000048 0.000129 0.000253 0.000133 0.000069 
3497984 pathfinder 1 403 37 0.842000 0.849000  0.000050 0.000046 0.000127 0.000243 0.000133 0.000071 
3497984 pathfinder 1 403 37 0.842000 0.540000  0.000047 0.000044 0.000122 0.000232 0.000126 0.000067 
3497984 pathfinder 1 403 37 0.842000 0.771000  0.071958 0.023399 0.050091 0.072529 0.026568 0.011984 
3498112 pathfinder 1 403 37 0.842000 0.463000  0.000047 0.000044 0.000122 0.000229 0.000127 0.000068 
3498112 pathfinder 1 403 37 0.842000 0.616000  0.000146 0.000882 0.000604 0.001900 0.000000 0.000103 
3498112 pathfinder 1 403 37 0.842000 0.463000  0.000047 0.000044 0.000121 0.000229 0.000125 0.000067 
3498112 pathfinder 1 403 37 0.842000 0.616000  0.000060 0.000049 0.000132 0.000271 0.000149 0.000075 
3498112 pathfinder 1 403 37 0.842000 0.462000  0.000048 0.000045 0.000123 0.000251 0.000131 0.000069 
3498240 pathfinder 1 403 37 0.842000 0.617000  0.000058 0.000047 0.000131 0.000274 0.000145 0.000075 
3498240 pathfinder 1 403 37 0.842000 0.540000  0.000047 0.000043 0.000120 0.000328 0.000149 0.000076 
3498240 pathfinder 1 403 37 0.842000 0.694000  0.000048 0.000066 0.000161 0.000326 0.000187 0.000091 
3498240 pathfinder 1 403 37 0.842000 0.463000  0.000144 0.000056 0.000144 0.000326 0.000146 0.000073 
3498240 pathfinder 1 403 37 0.842000 0.771000  0.000048 0.000045 0.000124 0.000237 0.000131 0.000069 
3498368 pathfinder 1 403 37 0.842000 0.463000  0.000045 0.000042 0.000119 0.000223 0.000122 0.000066 
3498368 pathfinder 1 403 37 0.842000 0.693000  0.000046 0.000087 0.000196 0.000531 0.000205 0.000093 
3498368 pathfinder 1 403 37 0.842000 0.617000  0.000058 0.000049 0.000134 0.000275 0.000146 0.000074 
3498368 pathfinder 1 403 37 0.842000 0.617000  0.000052 0.000044 0.000122 0.000244 0.000125 0.000066 
3498368 pathfinder 1 403 37 0.842000 0.694000  0.000761 0.000440 0.000958 0.000943 0.000477 0.000252 
3498496 pathfinder 1 403 37 0.842000 0.616000  0.000048 0.000044 0.000126 0.000256 0.000134 0.000069 
3498496 pathfinder 1 403 37 0.842000 0.540000  0.000057 0.000047 0.000125 0.000243 0.000128 0.000067 
3498496 pathfinder 1 403 37 0.842000 0.694000  0.000142 0.000053 0.000138 0.000333 0.000143 0.000072 
3498496 pathfinder 1 403 37 0.842000 0.540000  0.000056 0.000047 0.000128 0.000261 0.000140 0.000072 
3498496 pathfinder 1 403 37 0.842000 0.617000  0.000050 0.000064 0.000156 0.000375 0.000180 0.000098 
3498624 pathfinder 1 403 37 0.842000 0.616000  0.091213 0.286262 0.102049 0.286884 0.000046 0.006343 
3498624 pathfinder 1 403 37 0.842000 0.617000  0.000048 0.000044 0.000156 0.000330 0.000188 0.000090 
3498624 pathfinder 1 403 37 0.842000 0.463000  0.000171 0.000062 0.000156 0.000347 0.000151 0.000076 
3498624 pathfinder 1 403 37 0.842000 0.694000  0.000048 0.000043 0.000120 0.000271 0.000143 0.000072 
3498624 pathfinder 1 403 37 0.842000 0.463000  0.000044 0.000041 0.000115 0.000217 0.000117 0.000063 
3498752 pathfinder 1 403 37 0.842000 0.616000  0.000059 0.000048 0.000128 0.000270 0.000139 0.000070 
3498752 pathfinder 1 403 37 0.842000 0.462000  0.000054 0.000043 0.000121 0.000244 0.000123 0.000066 
3498752 pathfinder 1 403 37 0.842000 0.617000  0.000055 0.000046 0.000127 0.000264 0.000142 0.000072 
3498752 pathfinder 1 403 37 0.842000 0.539000  0.000053 0.000044 0.000121 0.000255 0.000130 0.000067 
3498880 pathfinder 1 403 37 0.842000 0.617000  0.000058 0.000048 0.000126 0.000261 0.000139 0.000070 
3498880 pathfinder 1 403 37 0.842000 0.617000  0.119279 0.364724 0.132388 0.365738 0.000065 0.008472 
3498880 pathfinder 1 403 37 0.842000 0.616000  0.000054 0.000046 0.000127 0.000264 0.000141 0.000071 
3498880 pathfinder 1 403 37 0.842000 0.695000  0.000044 0.000042 0.000119 0.000248 0.000130 0.000067 
3498880 pathfinder 1 403 37 0.842000 0.693000  0.001313 0.000948 0.002215 0.001489 0.000910 0.000524 
3499008 pathfinder 1 403 37 0.842000 0.693000  0.000051 0.000044 0.000122 0.000252 0.000136 0.000070 
3499008 pathfinder 1 403 37 0.842000 0.462000  0.000044 0.000040 0.000112 0.000214 0.000116 0.000062 
3499008 pathfinder 1 403 37 0.842000 0.694000  0.000047 0.000042 0.000117 0.000229 0.000125 0.000066 
3499008 pathfinder 1 403 37 0.842000 0.462000  0.000043 0.000040 0.000112 0.000212 0.000115 0.000062 
3499008 pathfinder 1 403 37 0.842000 0.770000  0.000045 0.000042 0.000118 0.000236 0.000124 0.000066 
3499136 pathfinder 1 403 37 0.842000 0.463000  0.000080 0.000043 0.000118 0.000249 0.000119 0.000063 
3499136 pathfinder 1 403 37 0.842000 0.616000  0.000060 0.000045 0.000123 0.000268 0.000152 0.000074 
3499136 pathfinder 1 403 37 0.842000 0.463000  0.000051 0.000042 0.000118 0.000242 0.000125 0.000065 
3499136 pathfinder 1 403 37 0.842000 0.617000  0.000083 0.000627 0.000363 0.001194 0.000000 0.000058 
3499136 pathfinder 1 403 37 0.842000 0.462000  0.001862 0.006776 0.000000 0.000000 0.000000 0.000000 
3499264 pathfinder 1 403 37 0.842000 0.616000  0.000057 0.000045 0.000121 0.000252 0.000133 0.000070 
3499264 pathfinder 1 403 37 0.842000 0.694000  0.000045 0.000042 0.000115 0.000219 0.000121 0.000064 
3499264 pathfinder 1 403 37 0.842000 0.539000  0.000044 0.000041 0.000114 0.000217 0.000121 0.000064 
3499264 pathfinder 1 403 37 0.842000 0.772000  0.000073 0.000429 0.000284 0.000883 0.000000 0.000049 
3499264 pathfinder 1 403 37 0.842000 0.539000  0.000042 0.000039 0.000109 0.000204 0.000112 0.000060 
3499392 pathfinder 1 403 37 0.842000 0.694000  0.000045 0.000041 0.000113 0.000216 0.000122 0.000063 
3499392 pathfinder 1 403 37 0.842000 0.463000  0.000042 0.000039 0.000109 0.000205 0.000112 0.000060 
3499392 pathfinder 1 403 37 0.842000 0.770000  0.000045 0.000041 0.000112 0.000221 0.000120 0.000063 
3499392 pathfinder 1 403 37 0.842000 0.463000  0.000043 0.000041 0.000112 0.000214 0.000120 0.000064 
3499392 pathfinder 1 403 37 0.842000 0.616000  0.000046 0.000041 0.000112 0.000224 0.000119 0.000063 
3499520 pathfinder 1 403 37 0.842000 0.617000  0.000051 0.000042 0.000117 0.000242 0.000130 0.000066 
3499520 pathfinder 1 403 37 0.842000 0.617000  0.000044 0.000041 0.000112 0.000212 0.000119 0.000062 
3499520 pathfinder 1 403 37 0.842000 0.617000  0.000044 0.000639 0.001425 0.001128 0.000630 0.000348 
3499520 pathfinder 1 403 37 0.842000 0.694000  0.000050 0.000042 0.000113 0.000230 0.000122 0.000063 
3499648 pathfinder 1 403 37 0.842000 0.462000  0.000040 0.000038 0.000106 0.000200 0.000108 0.000058 
3499648 pathfinder 1 403 37 0.842000 0.616000  0.000043 0.000040 0.000112 0.000225 0.000118 0.000062 
3499648 pathfinder 1 403 37 0.842000 0.462000  0.000041 0.000038 0.000106 0.000201 0.000108 0.000058 
3499648 pathfinder 1 403 37 0.842000 0.616000  0.000043 0.000040 0.000110 0.000211 0.000116 0.000061 
3499648 pathfinder 1 403 37 0.842000 0.540000  0.000040 0.000037 0.000106 0.000250 0.000119 0.000061 
3499776 pathfinder 1 403 37 0.842000 0.617000  0.000044 0.000039 0.000109 0.000213 0.000115 0.000065 
3499776 pathfinder 1 403 37 0.842000 0.617000  0.000039 0.000037 0.000105 0.000198 0.000107 0.000058 
3499776 pathfinder 1 403 37 0.842000 0.771000  0.000044 0.000039 0.000109 0.000289 0.000142 0.000080 
3499776 pathfinder 1 403 37 0.842000 0.462000  0.000037 0.000033 0.000093 0.000179 0.000097 0.000052 
3499776 pathfinder 1 403 37 0.842000 0.540000  0.000039 0.000051 0.000124 0.000290 0.000143 0.000079 
3499904 pathfinder 1 403 37 0.842000 0.694000  0.000056 0.000039 0.000112 0.000267 0.000123 0.000063 
3499904 pathfinder 1 403 37 0.842000 0.616000  0.000052 0.000042 0.000118 0.000251 0.000128 0.000065 
3499904 pathfinder 1 403 37 0.842000 0.693000  0.000046 0.000039 0.000107 0.000211 0.000108 0.000058 
3499904 pathfinder 1 403 37 0.842000 0.617000  0.000043 0.000039 0.000107 0.000203 0.000112 0.000060 
3499904 pathfinder 1 403 37 0.842000 0.695000  0.000040 0.000038 0.000110 0.000229 0.000120 0.000062 
3500032 pathfinder 1 403 37 0.842000 0.616000  0.000041 0.000039 0.000138 0.000269 0.000160 0.000078 
3500032 pathfinder 1 403 37 0.842000 0.695000  0.013230 0.004673 0.009991 0.013373 0.005182 0.002386 
3500032 pathfinder 1 403 37 0.842000 0.616000  0.000050 0.000042 0.000114 0.000236 0.000125 0.000063 
3500032 pathfinder 1 403 37 0.842000 0.694000  0.000042 0.000038 0.000106 0.000207 0.000111 0.000059 
3500032 pathfinder 1 403 37 0.842000 0.617000  0.000052 0.000043 0.000116 0.000241 0.000129 0.000065 
3500160 pathfinder 1 403 37 0.842000 0.771000  0.000049 0.000041 0.000109 0.000216 0.000116 0.000060 
3500160 pathfinder 1 403 37 0.842000 0.462000  0.021654 0.007581 0.016106 0.021794 0.008407 0.003814 
3500160 pathfinder 1 403 37 0.842000 0.695000  0.000043 0.000056 0.000136 0.000329 0.000157 0.000086 
3500160 pathfinder 1 403 37 0.842000 0.463000  0.000040 0.000036 0.000101 0.000192 0.000105 0.000056 
3500160 pathfinder 1 403 37 0.842000 0.694000  0.000053 0.000041 0.000111 0.000232 0.000120 0.000062 
3500288 pathfinder 1 403 37 0.842000 0.463000  0.000039 0.000036 0.000101 0.000189 0.000103 0.000055 
3500288 pathfinder 1 403 37 0.842000 0.617000  0.000041 0.000038 0.000104 0.000200 0.000111 0.000058 
3500288 pathfinder 1 403 37 0.842000 0.462000  0.000045 0.000038 0.000106 0.000215 0.000109 0.000058 
3500288 pathfinder 1 403 37 0.842000 0.617000  0.000050 0.000041 0.000110 0.000237 0.000124 0.000063 
3500288 pathfinder 1 403 37 0.842000 0.462000  0.000037 0.000036 0.000103 0.000230 0.000111 0.000059 
3500416 pathfinder 1 403 37 0.842000 0.617000  0.000040 0.000038 0.000104 0.000197 0.000136 0.000080 
3500416 pathfinder 1 403 37 0.842000 0.694000  0.000045 0.000038 0.000105 0.000218 0.000111 0.000058 
3500416 pathfinder 1 403 37 0.842000 0.616000  0.000040 0.000037 0.000103 0.000211 0.000115 0.000059 
3500416 pathfinder 1 403 37 0.842000 0.462000  0.000044 0.000038 0.000105 0.000212 0.000109 0.000057 
3500544 pathfinder 1 403 37 0.842000 0.617000  0.000050 0.000040 0.000109 0.000229 0.000122 0.000062 
3500544 pathfinder 1 403 37 0.842000 0.616000  0.000047 0.000039 0.000108 0.000218 0.000114 0.000059 
3500544 pathfinder 1 403 37 0.842000 0.539000  0.000039 0.000037 0.000102 0.000257 0.000132 0.000075 
3500544 pathfinder 1 403 37 0.842000 0.849000  0.000045 0.000036 0.000096 0.000194 0.000107 0.000055 
3500544 pathfinder 1 403 37 0.842000 0.540000  0.000037 0.000035 0.000103 0.000218 0.000105 0.000055 
3500672 pathfinder 1 403 37 0.842000 0.694000  0.000041 0.000037 0.000102 0.000310 0.000136 0.000065 
3500672 pathfinder 1 403 37 0.842000 0.616000  0.000037 0.000034 0.000097 0.000185 0.000099 0.000053 
3500672 pathfinder 1 403 37 0.842000 0.694000  0.000038 0.000035 0.000097 0.000196 0.000109 0.000058 
3500672 pathfinder 1 403 37 0.842000 0.616000  0.000039 0.000037 0.000130 0.000278 0.000158 0.000075 
3500672 pathfinder 1 403 37 0.842000 0.617000  0.000039 0.000037 0.000101 0.000195 0.000107 0.000056 
3500800 pathfinder 1 403 37 0.842000 0.462000  0.000041 0.000039 0.000115 0.000254 0.000124 0.000062 
3500800 pathfinder 1 403 37 0.842000 0.617000  0.000037 0.000037 0.000105 0.000214 0.000113 0.000058 
3500800 pathfinder 1 403 37 0.842000 0.616000  0.000048 0.000039 0.000109 0.000224 0.000119 0.000061 
3500800 pathfinder 1 403 37 0.842000 0.617000  0.000040 0.005926 0.012866 0.016268 0.006633 0.003005 
3500800 pathfinder 1 403 37 0.842000 0.539000  0.015480 0.005659 0.012183 0.015614 0.006351 0.002862 
3500928 pathfinder 1 403 37 0.842000 0.617000  0.000048 0.000039 0.000125 0.000329 0.000141 0.000066 
3500928 pathfinder 1 403 37 0.842000 0.463000  0.000037 0.000034 0.000095 0.000180 0.000098 0.000053 
3500928 pathfinder 1 403 37 0.842000 0.694000  0.000045 0.000037 0.000103 0.000216 0.000114 0.000060 
3500928 pathfinder 1 403 37 0.842000 0.463000  0.000037 0.000034 0.000095 0.000181 0.000097 0.000052 
3500928 pathfinder 1 403 37 0.842000 0.617000  0.000035 0.000048 0.000116 0.000274 0.000133 0.000073 
3501056 pathfinder 1 403 37 0.842000 0.694000  0.000044 0.000035 0.000097 0.000192 0.000105 0.000056 
3501056 pathfinder 1 403 37 0.842000 0.616000  0.000047 0.000038 0.000105 0.000224 0.000118 0.000060 
3501056 pathfinder 1 403 37 0.842000 0.616000  0.000038 0.000035 0.000101 0.000213 0.000114 0.000057 
3501056 pathfinder 1 403 37 0.842000 0.616000  0.000047 0.000039 0.000107 0.000214 0.000113 0.000058 
3501056 pathfinder 1 403 37 0.842000 0.695000  0.000096 0.000052 0.000154 0.000307 0.000166 0.000080 
3501184 pathfinder 1 403 37 0.842000 0.616000  0.000037 0.000034 0.000094 0.000180 0.000097 0.000052 
3501184 pathfinder 1 403 37 0.842000 0.694000  0.000043 0.000037 0.000099 0.000199 0.000105 0.000055 
3501184 pathfinder 1 403 37 0.842000 0.462000  0.000037 0.000033 0.000094 0.000177 0.000097 0.000052 
3501184 pathfinder 1 403 37 0.842000 0.694000  0.000038 0.000035 0.000097 0.000255 0.000127 0.000071 
3501312 pathfinder 1 403 37 0.842000 0.463000  0.000043 0.000034 0.000099 0.000195 0.000099 0.000053 
3501312 pathfinder 1 403 37 0.842000 0.617000  0.000044 0.000037 0.000104 0.000216 0.000113 0.000058 
3501312 pathfinder 1 403 37 0.842000 0.616000  0.000036 0.000035 0.000097 0.000201 0.000103 0.000054 
3501312 pathfinder 1 403 37 0.842000 0.617000  0.000037 0.000035 0.000125 0.000242 0.000123 0.000070 
3501312 pathfinder 1 403 37 0.842000 0.694000  0.000048 0.000035 0.000100 0.000197 0.000102 0.000057 
3501440 pathfinder 1 403 37 0.842000 0.617000  0.000040 0.000034 0.000094 0.000194 0.000104 0.000053 
3501440 pathfinder 1 403 37 0.842000 0.693000  0.000041 0.000035 0.000098 0.000196 0.000100 0.000053 
3501440 pathfinder 1 403 37 0.842000 0.617000  0.000046 0.000038 0.000102 0.000208 0.000111 0.000057 
3501440 pathfinder 1 403 37 0.842000 0.616000  0.000046 0.000037 0.000102 0.000214 0.000108 0.000056 
3501440 pathfinder 1 403 37 0.842000 0.616000  0.000045 0.000037 0.000110 0.000225 0.000113 0.000056 
3501568 pathfinder 1 403 37 0.842000 0.694000  0.000039 0.000050 0.000122 0.000295 0.000142 0.000077 
3501568 pathfinder 1 403 37 0.842000 0.617000  0.012410 0.003630 0.007648 0.012445 0.004208 0.001852 
3501568 pathfinder 1 403 37 0.842000 0.694000  0.000039 0.000053 0.000126 0.000289 0.000136 0.000074 
3501568 pathfinder 1 403 37 0.842000 0.617000  0.000035 0.000033 0.000091 0.000170 0.000094 0.000050 
3501568 pathfinder 1 403 37 0.842000 0.617000  0.000045 0.000036 0.000095 0.000204 0.000104 0.000053 
3501696 pathfinder 1 403 37 0.842000 0.617000  0.000035 0.000033 0.000090 0.000174 0.000094 0.000050 
3501696 pathfinder 1 403 37 0.842000 0.616000  0.144848 0.495485 0.166900 0.495749 0.000075 0.010336 
3501696 pathfinder 1 403 37 0.842000 0.462000  0.025328 0.007189 0.015243 0.025455 0.008456 0.003702 
3501696 pathfinder 1 403 37 0.842000 0.693000  0.000037 0.000032 0.000088 0.000182 0.000098 0.000050 
3501696 pathfinder 1 403 37 0.842000 0.617000  0.000036 0.000063 0.000145 0.000315 0.000141 0.000075 
3501824 pathfinder 1 403 37 0.842000 0.617000  0.000044 0.000038 0.000103 0.000204 0.000105 0.000054 
3501824 pathfinder 1 403 37 0.842000 0.694000  0.000035 0.000033 0.000092 0.000177 0.000093 0.000050 
3501824 pathfinder 1 403 37 0.842000 0.694000  0.000035 0.000217 0.000140 0.000434 0.000000 0.000024 
3501824 pathfinder 1 403 37 0.842000 0.770000  0.000095 0.000065 0.000175 0.000358 0.000177 0.000084 
3501952 pathfinder 1 403 37 0.842000 0.540000  0.000045 0.000037 0.000100 0.000205 0.000110 0.000056 
3501952 pathfinder 1 403 37 0.842000 0.771000  0.000034 0.000034 0.000093 0.000180 0.000101 0.000052 
3501952 pathfinder 1 403 37 0.842000 0.617000  0.000043 0.000034 0.000096 0.000197 0.000105 0.000054 
3501952 pathfinder 1 403 37 0.842000 0.694000  0.000034 0.000034 0.000093 0.000181 0.000096 0.000051 
3502080 pathfinder 1 403 37 0.842000 0.617000  0.000044 0.000037 0.000101 0.000209 0.000111 0.000056 
3502080 pathfinder 1 403 37 0.842000 0.693000  0.000044 0.000038 0.000103 0.000213 0.000111 0.000056 
3502080 pathfinder 1 403 37 0.842000 0.617000  0.000036 0.000041 0.000106 0.000239 0.000126 0.000062 
3502080 pathfinder 1 403 37 0.842000 0.617000  0.000036 0.000033 0.000092 0.000178 0.000097 0.000051 
3502208 pathfinder 1 403 37 0.842000 0.770000  0.000040 0.000034 0.000093 0.000931 0.000530 0.000292 
3502208 pathfinder 1 403 37 0.842000 0.616000  0.000036 0.000033 0.000091 0.000177 0.000096 0.000051 
3502208 pathfinder 1 403 37 0.842000 0.462000  0.000035 0.000031 0.000087 0.000171 0.000090 0.000048 
3502208 pathfinder 1 403 37 0.842000 0.616000  0.000051 0.000040 0.000106 0.000247 0.000117 0.000057 
3502208 pathfinder 1 403 37 0.842000 0.463000  0.000035 0.000031 0.000087 0.000168 0.000090 0.000048 
3502336 pathfinder 1 403 37 0.842000 0.694000  0.000037 0.000033 0.000090 0.000190 0.000099 0.000051 
3502336 pathfinder 1 403 37 0.842000 0.540000  0.000037 0.000031 0.000087 0.000175 0.000089 0.000048 
3502336 pathfinder 1 403 37 0.842000 0.616000  0.000051 0.000036 0.000095 0.000234 0.000103 0.000053 
3502336 pathfinder 1 403 37 0.842000 0.617000  0.000033 0.000031 0.000086 0.000200 0.000099 0.000053 
3502336 pathfinder 1 403 37 0.842000 0.694000  0.000044 0.000035 0.000094 0.000187 0.000100 0.000051 
3502464 pathfinder 1 403 37 0.842000 0.693000  0.000033 0.000031 0.000086 0.000162 0.000088 0.000047 
3502464 pathfinder 1 403 37 0.842000 0.616000  0.000037 0.000033 0.000089 0.000222 0.000106 0.000054 
3502464 pathfinder 1 403 37 0.842000 0.462000  0.000033 0.000031 0.000097 0.000187 0.000096 0.000050 
3502464 pathfinder 1 403 37 0.842000 0.771000  0.000041 0.000033 0.000091 0.000195 0.000101 0.000051 
3502464 pathfinder 1 403 37 0.842000 0.462000  0.000033 0.000030 0.000086 0.000162 0.000088 0.000047 
3502592 pathfinder 1 403 37 0.842000 0.539000  0.000043 0.000035 0.000096 0.000202 0.000107 0.000057 
3502592 pathfinder 1 403 37 0.842000 0.463000  0.000045 0.000032 0.000091 0.000193 0.000094 0.000049 
3502592 pathfinder 1 403 37 0.842000 0.770000  0.000035 0.000047 0.000114 0.000283 0.000133 0.000073 
3502592 pathfinder 1 403 37 0.842000 0.771000  0.000051 0.000034 0.000091 0.000216 0.000100 0.000050 
3502592 pathfinder 1 403 37 0.842000 0.771000  0.000009 0.000008 0.000023 0.000046 0.000029 0.000014 
3502720 pathfinder 1 403 37 0.842000 0.617000  0.000035 0.000031 0.000086 0.000186 0.000091 0.000048 
3502720 pathfinder 1 403 37 0.842000 0.540000  0.000035 0.000029 0.000080 0.000169 0.000090 0.000046 
3502720 pathfinder 1 403 37 0.842000 0.462000  0.000029 0.000027 0.000074 0.000142 0.000077 0.000041 
3502720 pathfinder 1 403 37 0.842000 0.385000  0.000041 0.000034 0.000092 0.000190 0.000103 0.000052 
3502720 pathfinder 1 403 37 0.842000 0.308000  0.000040 0.000032 0.000089 0.000175 0.000093 0.000049 
3502848 pathfinder 1 403 37 0.842000 0.463000  0.000039 0.000033 0.000091 0.000188 0.000102 0.000052 
3502848 pathfinder 1 403 37 0.842000 0.462000  0.000034 0.000031 0.000088 0.000171 0.000094 0.000049 
3502848 pathfinder 1 403 37 0.842000 0.540000  0.000238 0.000092 0.000219 0.000381 0.000184 0.000084 
3502848 pathfinder 1 403 37 0.842000 0.462000  0.000041 0.000034 0.000096 0.000195 0.000099 0.000050 
3502848 pathfinder 1 403 37 0.842000 0.462000  0.000040 0.000033 0.000088 0.000169 0.000090 0.000047 
3502976 pathfinder 1 403 37 0.842000 0.462000  0.000096 0.000046 0.000111 0.000279 0.000132 0.000071 
3502976 pathfinder 1 403 37 0.842000 0.308000  0.000032 0.000030 0.000083 0.000158 0.000095 0.000048 
3502976 pathfinder 1 403 37 0.842000 0.616000  0.000041 0.000034 0.000093 0.000198 0.000105 0.000052 
3502976 pathfinder 1 403 37 0.842000 0.308000  0.000032 0.000034 0.000090 0.000182 0.000091 0.000047 
3502976 pathfinder 1 403 37 0.842000 0.463000  0.000034 0.000031 0.000086 0.000166 0.000090 0.000048 
3503104 pathfinder 1 403 37 0.842000 0.463000  0.000042 0.000033 0.000087 0.000172 0.000106 0.000052 
3503104 pathfinder 1 403 37 0.842000 0.539000  0.000034 0.000031 0.000213 0.000369 0.000180 0.000081 
3503104 pathfinder 1 403 37 0.842000 0.463000  0.000032 0.000029 0.000082 0.000154 0.000085 0.000045 
3503104 pathfinder 1 403 37 0.842000 0.616000  0.000034 0.000031 0.000085 0.000164 0.000090 0.000047 
3503232 pathfinder 1 403 37 0.842000 0.231000  0.000032 0.000029 0.000082 0.000153 0.000084 0.000045 
