#Timestamp	Benchmark	Run(#)	CPU Frequency (MHz)	CPU Temperature(C)	CPU Voltage(V)	CPU Power(W)	CPU_CYCLES	L1_DATA_CACHE_ACCESS	INSTRUCTIONS_RETIRED	BUS_CYCLES	L1I_CACHE_ACCESS	PREDICTABLE_BRANCH_SPECULATIVELY_EXECUTED
6154752 lud 1 1555 46 1.130000 0.616000  0.000037 0.000033 0.000092 0.000178 0.000096 0.000051 
6154752 lud 1 1555 46 1.130000 0.847000  0.000036 0.000033 0.000092 0.000179 0.000095 0.000051 
6154752 lud 1 1555 46 1.130000 0.848000  0.000037 0.000033 0.000092 0.000178 0.000094 0.000051 
6154880 lud 1 1555 46 1.130000 1.003000  0.000035 0.000031 0.000087 0.000165 0.000088 0.000048 
6154880 lud 1 1555 46 1.130000 0.925000  0.000122 0.000038 0.000131 0.000255 0.000116 0.000059 
6154880 lud 1 1555 46 1.130000 1.773000  0.000276 0.000142 0.000311 0.000575 0.000268 0.000125 
6154880 lud 1 1555 46 1.130000 1.311000  0.000037 0.000032 0.000090 0.000176 0.000094 0.000050 
6154880 lud 1 1555 46 1.130000 1.773000  0.000035 0.000032 0.000090 0.000172 0.000093 0.000049 
6154880 lud 1 1555 46 1.130000 0.617000  0.000037 0.000032 0.000089 0.000173 0.000092 0.000049 
6155008 lud 1 1555 46 1.130000 1.851000  0.000037 0.000032 0.000089 0.000173 0.000093 0.000049 
6155008 lud 1 1555 46 1.130000 0.694000  0.000036 0.000032 0.000088 0.000172 0.000091 0.000050 
6155008 lud 1 1555 46 1.130000 1.465000  0.000038 0.000033 0.000091 0.000180 0.000098 0.000051 
6155008 lud 1 1555 46 1.130000 1.697000  0.000037 0.000031 0.000087 0.000174 0.000091 0.000048 
6155008 lud 1 1555 47 1.130000 1.464000  0.000010 0.000008 0.000025 0.000055 0.000033 0.000015 
6155008 lud 1 1555 47 1.130000 2.312000  0.000035 0.000031 0.000087 0.000168 0.000090 0.000048 
6155136 lud 1 1555 47 1.130000 0.616000  0.000036 0.000033 0.000092 0.000191 0.000096 0.000050 
6155136 lud 1 1555 47 1.130000 3.005000  0.000049 0.000033 0.000091 0.000228 0.000098 0.000051 
6155136 lud 1 1555 47 1.130000 3.006000  0.000039 0.000033 0.000089 0.000187 0.000096 0.000050 
