#Timestamp	Benchmark	Run(#)	CPU Frequency (MHz)	CPU Temperature(C)	CPU Voltage(V)	CPU Power(W)	CPU_CYCLES	L1_DATA_CACHE_ACCESS	INSTRUCTIONS_RETIRED	BUS_CYCLES	L1I_CACHE_ACCESS	PREDICTABLE_BRANCH_SPECULATIVELY_EXECUTED
6673664 hybridsort 1 1734 51 1.226000 2.929000  0.000012 0.000009 0.000026 0.000057 0.000033 0.000016 
6673664 hybridsort 1 1734 51 1.226000 0.848000  0.195062 0.184600 -0.154280 0.195125 0.058536 0.524796 
6673664 hybridsort 1 1734 50 1.226000 1.770000  0.000040 0.000036 0.000100 0.000195 0.000106 0.000056 
6673792 hybridsort 1 1734 50 1.226000 1.002000  0.000042 0.000036 0.000100 0.000198 0.000106 0.000056 
6673792 hybridsort 1 1734 49 1.226000 0.847000  0.000041 0.000036 0.000099 0.000194 0.000105 0.000055 
6673792 hybridsort 1 1734 49 1.226000 2.006000  0.000041 0.000036 0.000098 0.000198 0.000105 0.000055 
6673792 hybridsort 1 1734 49 1.226000 0.847000  0.000039 0.000034 0.000094 0.000187 0.000097 0.000052 
6673792 hybridsort 1 1734 49 1.226000 2.237000  0.000040 0.000035 0.000097 0.000191 0.000103 0.000054 
6673792 hybridsort 1 1734 51 1.226000 2.160000  0.000043 0.000036 0.000097 0.000198 0.000104 0.000054 
6673920 hybridsort 1 1734 51 1.226000 2.236000  0.000046 0.000036 0.000098 0.000216 0.000109 0.000056 
6673920 hybridsort 1 1734 51 1.226000 3.080000  0.000046 0.000035 0.000097 0.000215 0.000107 0.000055 
6673920 hybridsort 1 1734 51 1.226000 2.236000  0.000040 0.000033 0.000095 0.000211 0.000105 0.000055 
6673920 hybridsort 1 1734 51 1.226000 2.232000  0.000051 0.000037 0.000101 0.000230 0.000110 0.000056 
6673920 hybridsort 1 1734 52 1.226000 2.390000  0.000045 0.000035 0.000098 0.000217 0.000108 0.000055 
6673920 hybridsort 1 1734 52 1.226000 2.236000  0.000036 0.000032 0.000091 0.000178 0.000093 0.000050 
6674048 hybridsort 1 1734 51 1.226000 2.236000  0.000041 0.000035 0.000097 0.000208 0.000103 0.000054 
6674048 hybridsort 1 1734 52 1.226000 2.236000  0.000045 0.000038 0.000103 0.000264 0.000107 0.000055 
6674048 hybridsort 1 1734 52 1.226000 2.235000  0.000042 0.000035 0.000097 0.000210 0.000106 0.000054 
6674048 hybridsort 1 1734 52 1.226000 3.310000  0.000042 0.000034 0.000096 0.000209 0.000103 0.000054 
6674048 hybridsort 1 1734 52 1.226000 2.236000  0.028589 0.006044 0.012735 0.028650 0.007047 0.003100 
6674176 hybridsort 1 1734 51 1.226000 2.618000  0.000011 0.000008 0.000024 0.000051 0.000031 0.000015 
6674176 hybridsort 1 1734 51 1.226000 2.388000  0.000025 0.000009 0.000026 0.000117 0.000038 0.000017 
6674176 hybridsort 1 1734 51 1.226000 2.468000  0.000012 0.000008 0.000024 0.000053 0.000030 0.000015 
6674176 hybridsort 1 1734 51 1.226000 1.464000  0.000012 0.000008 0.000024 0.000058 0.000031 0.000015 
6674176 hybridsort 1 1734 50 1.226000 1.078000  0.000047 0.000036 0.000099 0.000220 0.000108 0.000055 
6674176 hybridsort 1 1734 50 1.226000 1.540000  0.000042 0.000032 0.000093 0.000221 0.000105 0.000054 
6674304 hybridsort 1 1734 51 1.226000 1.155000  0.000040 0.000031 0.000088 0.000181 0.000090 0.000049 
6674304 hybridsort 1 1734 51 1.226000 1.078000  0.000038 0.000031 0.000087 0.000175 0.000090 0.000048 
6674304 hybridsort 1 1734 51 1.226000 1.232000  0.000033 0.000031 0.000087 0.000164 0.000089 0.000048 
6674304 hybridsort 1 1734 51 1.226000 1.155000  0.000035 0.000031 0.000087 0.000163 0.000089 0.000048 
6674304 hybridsort 1 1734 51 1.226000 1.156000  0.000035 0.000031 0.000087 0.000165 0.000088 0.000048 
6674432 hybridsort 1 1734 51 1.226000 1.155000  0.000040 0.000031 0.000088 0.000203 0.000095 0.000050 
6674432 hybridsort 1 1734 51 1.226000 2.236000  0.000038 0.000031 0.000086 0.000175 0.000088 0.000047 
6674432 hybridsort 1 1734 51 1.226000 3.312000  0.000011 0.000008 0.000023 0.000054 0.000030 0.000014 
6674432 hybridsort 1 1734 51 1.226000 1.618000  0.000012 0.000008 0.000023 0.000057 0.000029 0.000014 
6674432 hybridsort 1 1734 51 1.226000 1.387000  0.000171 0.000043 0.000131 0.000423 0.000129 0.000062 
6674560 hybridsort 1 1734 51 1.226000 1.309000  0.000038 0.000031 0.000085 0.000176 0.000088 0.000047 
6674560 hybridsort 1 1734 51 1.226000 1.849000  0.000043 0.000032 0.000088 0.000188 0.000094 0.000049 
6674560 hybridsort 1 1734 51 1.226000 1.155000  0.000039 0.000030 0.000084 0.000175 0.000087 0.000046 
6674560 hybridsort 1 1734 51 1.226000 1.078000  0.000037 0.000032 0.000087 0.000173 0.000093 0.000049 
6674560 hybridsort 1 1734 51 1.226000 1.309000  0.000035 0.000031 0.000087 0.000169 0.000092 0.000048 
6674560 hybridsort 1 1734 51 1.226000 2.464000  0.000032 0.000030 0.000083 0.000160 0.000085 0.000046 
6674688 hybridsort 1 1734 51 1.226000 1.156000  0.000033 0.000030 0.000082 0.000159 0.000085 0.000046 
6674688 hybridsort 1 1734 51 1.226000 1.155000  0.000032 0.000029 0.000082 0.000156 0.000085 0.000046 
6674688 hybridsort 1 1734 51 1.226000 2.234000  0.000059 0.000030 0.000091 0.000359 0.000096 0.000050 
6674688 hybridsort 1 1734 51 1.226000 2.543000  0.000041 0.000029 0.000082 0.000172 0.000084 0.000045 
6674688 hybridsort 1 1734 51 1.226000 1.155000  0.000037 0.000031 0.000085 0.000170 0.000090 0.000047 
6674688 hybridsort 1 1734 51 1.226000 1.079000  0.000035 0.000029 0.000081 0.000160 0.000084 0.000045 
6674816 hybridsort 1 1734 51 1.226000 1.617000  0.000044 0.000031 0.000084 0.000190 0.000089 0.000047 
6674816 hybridsort 1 1734 51 1.226000 1.078000  0.000039 0.000029 0.000081 0.000171 0.000083 0.000045 
6674816 hybridsort 1 1734 51 1.226000 1.155000  0.000039 0.000030 0.000083 0.000173 0.000088 0.000046 
6674816 hybridsort 1 1734 51 1.226000 1.078000  0.000036 0.000029 0.000080 0.000164 0.000083 0.000044 
6674816 hybridsort 1 1734 51 1.226000 1.155000  0.000032 0.000034 0.000089 0.000188 0.000088 0.000046 
6674944 hybridsort 1 1734 51 1.226000 1.156000  0.000029 0.000028 0.000080 0.000146 0.000081 0.000044 
6674944 hybridsort 1 1734 51 1.226000 1.078000  0.000035 0.000030 0.000083 0.000164 0.000088 0.000046 
6674944 hybridsort 1 1734 51 1.226000 1.155000  0.000036 0.000029 0.000079 0.000158 0.000083 0.000044 
6674944 hybridsort 1 1734 51 1.226000 1.155000  0.000043 0.000030 0.000083 0.000188 0.000088 0.000046 
6674944 hybridsort 1 1734 51 1.226000 3.005000  0.000039 0.000032 0.000086 0.000209 0.000095 0.000049 
6674944 hybridsort 1 1734 51 1.226000 1.077000  0.000040 0.000030 0.000082 0.000181 0.000088 0.000046 
6675072 hybridsort 1 1734 51 1.226000 1.078000  0.000042 0.000032 0.000088 0.000193 0.000095 0.000049 
6675072 hybridsort 1 1734 51 1.226000 1.540000  0.000034 0.000029 0.000081 0.000170 0.000085 0.000045 
6675072 hybridsort 1 1734 51 1.226000 1.155000  0.000032 0.000030 0.000081 0.000163 0.000085 0.000045 
6675072 hybridsort 1 1734 51 1.226000 1.232000  0.000036 0.000029 0.000081 0.000171 0.000086 0.000045 
6675072 hybridsort 1 1734 51 1.226000 1.232000  0.000033 0.000029 0.000081 0.000160 0.000085 0.000045 
6675072 hybridsort 1 1734 51 1.226000 1.155000  0.000030 0.000027 0.000077 0.000152 0.000079 0.000043 
6675200 hybridsort 1 1734 51 1.226000 1.078000  0.000029 0.000027 0.000077 0.000144 0.000078 0.000042 
6675200 hybridsort 1 1734 51 1.226000 1.155000  0.000030 0.000027 0.000077 0.000146 0.000079 0.000042 
6675200 hybridsort 1 1734 51 1.226000 1.155000  0.000030 0.000027 0.000077 0.000146 0.000078 0.000042 
6675200 hybridsort 1 1734 51 1.226000 1.925000  0.000047 0.000030 0.000081 0.000204 0.000087 0.000045 
6675200 hybridsort 1 1734 51 1.226000 2.313000  0.000059 0.000036 0.000089 0.000274 0.000096 0.000047 
