#Timestamp	Benchmark	Run(#)	CPU Frequency (MHz)	CPU Temperature(C)	CPU Voltage(V)	CPU Power(W)	CPU_CYCLES	L1_DATA_CACHE_ACCESS	INSTRUCTIONS_RETIRED	BUS_CYCLES	L1I_CACHE_ACCESS	PREDICTABLE_BRANCH_SPECULATIVELY_EXECUTED
6543232 lud 1 1734 48 1.226000 0.848000  0.000110 0.000108 0.000289 0.000598 0.000301 0.000156 
6543232 lud 1 1734 48 1.226000 1.080000  0.000104 0.000097 0.000271 0.000520 0.000280 0.000150 
6543360 lud 1 1734 48 1.226000 1.002000  0.000112 0.000096 0.000267 0.000518 0.000276 0.000148 
6543360 lud 1 1734 48 1.226000 2.083000  0.000110 0.000095 0.000264 0.000527 0.000276 0.000146 
6543360 lud 1 1734 48 1.226000 1.156000  0.000106 0.000095 0.000261 0.000513 0.000275 0.000144 
6543360 lud 1 1734 48 1.226000 2.235000  0.000101 0.000086 0.000243 0.000476 0.000248 0.000134 
6543360 lud 1 1734 48 1.226000 1.850000  0.000102 0.000085 0.000240 0.000474 0.000244 0.000132 
6543488 lud 1 1734 48 1.226000 2.082000  0.000101 0.000084 0.000274 0.000679 0.000300 0.000150 
6543488 lud 1 1734 48 1.226000 1.310000  0.000121 0.000094 0.000265 0.000556 0.000294 0.000153 
6543488 lud 1 1734 48 1.226000 2.390000  0.000095 0.000087 0.000241 0.000465 0.000251 0.000134 
6543488 lud 1 1734 48 1.226000 1.079000  0.000099 0.000086 0.000239 0.000465 0.000249 0.000133 
6543488 lud 1 1734 48 1.226000 1.388000  0.000099 0.000331 0.000783 0.001600 0.000519 0.000252 
6543488 lud 1 1734 48 1.226000 1.079000  0.000116 0.000093 0.000255 0.000538 0.000283 0.000143 
6543616 lud 1 1734 49 1.226000 0.771000  0.000124 0.000095 0.000256 0.000559 0.000290 0.000145 
6543616 lud 1 1734 49 1.226000 2.082000  0.000115 0.000090 0.000251 0.000532 0.000280 0.000141 
6543616 lud 1 1734 48 1.226000 1.926000  0.000113 0.000091 0.000247 0.000518 0.000276 0.000138 
6543616 lud 1 1734 48 1.226000 2.775000  0.000778 0.459693 1.045556 1.371723 0.544469 0.267396 
6543616 lud 1 1734 49 1.226000 2.543000  0.000024 0.000020 0.000056 0.000112 0.000059 0.000031 
6543744 lud 1 1734 49 1.226000 3.543000  0.000094 0.000079 0.000218 0.000448 0.000229 0.000122 
