#Timestamp	Benchmark	Run(#)	CPU Frequency (MHz)	CPU Temperature(C)	CPU Voltage(V)	CPU Power(W)	CPU_CYCLES	L1_DATA_CACHE_ACCESS	INSTRUCTIONS_RETIRED	BUS_CYCLES	L1I_CACHE_ACCESS	PREDICTABLE_BRANCH_SPECULATIVELY_EXECUTED
5923584 particle_filter 1 1428 46 1.130000 2.082000  0.000021 0.000016 0.000047 0.000101 0.000061 0.000029 
5923584 particle_filter 1 1428 46 1.130000 2.465000  0.000073 0.000065 0.000178 0.000351 0.000189 0.000100 
5923584 particle_filter 1 1428 46 1.130000 1.542000  0.000119 0.000065 0.000181 0.000428 0.000185 0.000098 
5923712 particle_filter 1 1428 46 1.130000 1.848000  0.000020 0.000016 0.000045 0.000097 0.000058 0.000028 
5923712 particle_filter 1 1428 46 1.130000 1.309000  0.000025 0.000021 0.000057 0.000128 0.000065 0.000033 
5923712 particle_filter 1 1428 46 1.130000 2.004000  0.000150 0.000072 0.000194 0.000569 0.000202 0.000103 
5923712 particle_filter 1 1428 47 1.130000 2.157000  0.000078 0.000066 0.000181 0.000399 0.000200 0.000101 
5923712 particle_filter 1 1428 47 1.130000 1.541000  0.000083 0.000063 0.000174 0.000402 0.000194 0.000100 
5923712 particle_filter 1 1428 47 1.130000 1.618000  0.000085 0.000083 0.000206 0.000555 0.000232 0.000110 
5923840 particle_filter 1 1428 47 1.130000 1.852000  0.000073 0.000059 0.000168 0.000374 0.000189 0.000098 
5923840 particle_filter 1 1428 47 1.130000 1.619000  0.000078 0.000063 0.000167 0.000329 0.000171 0.000090 
5923840 particle_filter 1 1428 47 1.130000 1.927000  0.000019 0.000015 0.000043 0.000090 0.000054 0.000027 
5923840 particle_filter 1 1428 47 1.130000 1.387000  0.000080 0.000058 0.000169 0.000370 0.000185 0.000096 
5923840 particle_filter 1 1428 47 1.130000 1.388000  0.000087 0.000058 0.000162 0.000366 0.000167 0.000088 
5923968 particle_filter 1 1428 47 1.130000 1.233000  0.000071 0.000060 0.000168 0.000373 0.000187 0.000097 
5923968 particle_filter 1 1428 46 1.130000 1.851000  0.000068 0.000059 0.000160 0.000314 0.000172 0.000090 
5923968 particle_filter 1 1428 46 1.130000 1.388000  0.000062 0.000058 0.000160 0.000306 0.000168 0.000089 
5923968 particle_filter 1 1428 46 1.130000 2.082000  0.000076 0.000058 0.000161 0.000377 0.000186 0.000093 
5923968 particle_filter 1 1428 46 1.130000 1.234000  0.000086 0.000060 0.000167 0.000387 0.000186 0.000094 
5923968 particle_filter 1 1428 46 1.130000 1.388000  0.000075 0.000061 0.000163 0.000388 0.000185 0.000093 
5924096 particle_filter 1 1428 46 1.130000 1.388000  0.000065 0.000057 0.000155 0.000303 0.000166 0.000087 
5924096 particle_filter 1 1428 46 1.130000 1.387000  0.000061 0.000055 0.000153 0.000292 0.000162 0.000085 
5924096 particle_filter 1 1428 46 1.130000 1.467000  0.000064 0.000055 0.000157 0.000341 0.000170 0.000088 
5924096 particle_filter 1 1428 46 1.130000 1.389000  0.000079 0.000051 0.000143 0.000347 0.000148 0.000079 
5924096 particle_filter 1 1428 46 1.130000 1.927000  0.000074 0.000064 0.000169 0.000418 0.000186 0.000093 
5924096 particle_filter 1 1428 46 1.130000 1.388000  0.000061 0.000054 0.000147 0.000294 0.000156 0.000082 
5924224 particle_filter 1 1428 46 1.130000 1.388000  0.000017 0.000013 0.000038 0.000080 0.000048 0.000024 
5924224 particle_filter 1 1428 46 1.130000 2.079000  0.000014 0.000015 0.000040 0.000096 0.000050 0.000024 
5924224 particle_filter 1 1428 46 1.130000 1.311000  0.000076 0.000053 0.000149 0.000354 0.000155 0.000082 
5924224 particle_filter 1 1428 46 1.130000 1.695000  0.000093 0.000058 0.000159 0.000392 0.000178 0.000090 
5924224 particle_filter 1 1428 46 1.130000 1.620000  0.000056 0.000050 0.000140 0.000274 0.000143 0.000077 
5924224 particle_filter 1 1428 46 1.130000 2.390000  0.000072 0.000056 0.000151 0.000335 0.000167 0.000085 
5924352 particle_filter 1 1428 46 1.130000 2.390000  0.000122 0.000061 0.000160 0.000368 0.000173 0.000087 
5924352 particle_filter 1 1428 47 1.130000 1.465000  0.000015 0.000013 0.000037 0.000075 0.000047 0.000023 
5924352 particle_filter 1 1428 47 1.130000 1.775000  0.000059 0.000053 0.000147 0.000355 0.000158 0.000082 
5924352 particle_filter 1 1428 47 1.130000 2.158000  0.000079 0.000056 0.000153 0.000352 0.000171 0.000087 
5924352 particle_filter 1 1428 47 1.130000 1.695000  0.000057 0.000051 0.000140 0.000269 0.000149 0.000078 
5924480 particle_filter 1 1428 47 1.130000 2.081000  0.000059 0.000050 0.000139 0.000276 0.000148 0.000078 
5924480 particle_filter 1 1428 46 1.130000 0.771000  0.000057 0.000048 0.000133 0.000266 0.000138 0.000074 
5924480 particle_filter 1 1428 46 1.130000 1.852000  0.000067 0.000052 0.000146 0.000326 0.000164 0.000084 
5924480 particle_filter 1 1428 46 1.130000 1.388000  0.000056 0.000050 0.000137 0.000270 0.000144 0.000076 
5924480 particle_filter 1 1428 46 1.130000 1.388000  0.000038 0.000032 0.000113 0.000230 0.000132 0.000064 
5924480 particle_filter 1 1428 46 1.130000 2.004000  0.000092 0.000056 0.000156 0.000417 0.000173 0.000087 
5924608 particle_filter 1 1428 46 1.130000 1.542000  0.000093 0.000051 0.000162 0.000423 0.000159 0.000080 
5924608 particle_filter 1 1428 46 1.130000 1.928000  0.000066 0.000050 0.000141 0.000314 0.000156 0.000080 
5924608 particle_filter 1 1428 46 1.130000 2.618000  0.000057 0.000050 0.000137 0.000318 0.000153 0.000079 
5924608 particle_filter 1 1428 46 1.130000 1.388000  0.000065 0.000052 0.000140 0.000307 0.000157 0.000080 
5924608 particle_filter 1 1428 46 1.130000 1.928000  0.000061 0.000049 0.000136 0.000310 0.000155 0.000081 
5924608 particle_filter 1 1428 46 1.130000 1.464000  0.000060 0.000046 0.000128 0.000293 0.000135 0.000071 
5924736 particle_filter 1 1428 46 1.130000 1.388000  0.000080 0.000050 0.000142 0.000373 0.000153 0.000079 
5924736 particle_filter 1 1428 46 1.130000 2.237000  0.000061 0.000049 0.000136 0.000315 0.000153 0.000078 
5924736 particle_filter 1 1428 46 1.130000 1.388000  0.001743 0.001212 0.002775 0.001957 0.001129 0.000650 
5924736 particle_filter 1 1428 46 1.130000 1.312000  0.000061 0.000050 0.000139 0.000292 0.000149 0.000084 
5924736 particle_filter 1 1428 46 1.130000 1.311000  0.000016 0.000012 0.000034 0.000072 0.000043 0.000021 
5924864 particle_filter 1 1428 46 1.130000 1.387000  0.000063 0.000048 0.000136 0.000307 0.000152 0.000077 
5924864 particle_filter 1 1428 46 1.130000 2.157000  0.000057 0.000048 0.000134 0.000305 0.000151 0.000077 
5924864 particle_filter 1 1428 46 1.130000 1.543000  0.000037 0.000013 0.000035 0.000105 0.000044 0.000021 
5924864 particle_filter 1 1428 46 1.130000 1.851000  0.000069 0.000049 0.000131 0.000303 0.000148 0.000075 
5924864 particle_filter 1 1428 46 1.130000 1.772000  0.000053 0.000045 0.000123 0.000252 0.000132 0.000069 
5924864 particle_filter 1 1428 46 1.130000 1.695000  0.000063 0.000046 0.000127 0.000280 0.000140 0.000072 
5924992 particle_filter 1 1428 47 1.130000 2.081000  0.000064 0.000046 0.000126 0.000289 0.000142 0.000072 
5924992 particle_filter 1 1428 46 1.130000 1.619000  0.000054 0.000046 0.000126 0.000299 0.000144 0.000072 
5924992 particle_filter 1 1428 46 1.130000 2.005000  0.000055 0.000045 0.000125 0.000281 0.000140 0.000072 
5924992 particle_filter 1 1428 46 1.130000 1.388000  0.000049 0.000042 0.000116 0.000257 0.000122 0.000064 
5924992 particle_filter 1 1428 46 1.130000 1.928000  0.000057 0.000044 0.000123 0.000277 0.000140 0.000070 
5925120 particle_filter 1 1428 46 1.130000 1.850000  0.000048 0.000042 0.000115 0.000233 0.000124 0.000064 
5925120 particle_filter 1 1428 46 1.130000 1.620000  0.000056 0.000046 0.000125 0.000274 0.000137 0.000070 
5925120 particle_filter 1 1428 46 1.130000 1.773000  0.000063 0.000045 0.000122 0.000274 0.000134 0.000068 
5925120 particle_filter 1 1428 46 1.130000 1.080000  0.000013 0.000010 0.000030 0.000064 0.000038 0.000018 
5925120 particle_filter 1 1428 46 1.130000 1.927000  0.000325 0.000243 0.000505 0.000900 0.000407 0.000188 
5925120 particle_filter 1 1428 46 1.130000 1.388000  0.000047 0.000041 0.000113 0.000223 0.000121 0.000064 
5925248 particle_filter 1 1428 46 1.130000 1.620000  0.000013 0.000010 0.000030 0.000063 0.000038 0.000018 
5925248 particle_filter 1 1428 46 1.130000 1.233000  0.000077 0.000045 0.000124 0.000345 0.000136 0.000069 
5925248 particle_filter 1 1428 46 1.130000 1.850000  0.000009 0.000007 0.000020 0.000040 0.000025 0.000012 
