#Timestamp	Benchmark	Run(#)	CPU Frequency (MHz)	CPU Temperature(C)	CPU Voltage(V)	CPU Power(W)	CPU_CYCLES	L1_DATA_CACHE_ACCESS	INSTRUCTIONS_RETIRED	BUS_CYCLES	L1I_CACHE_ACCESS	PREDICTABLE_BRANCH_SPECULATIVELY_EXECUTED
4478464 pathfinder 1 710 40 0.919000 0.694000  0.000011 0.000008 0.000022 0.000046 0.000027 0.000013 
4478464 pathfinder 1 710 40 0.919000 0.694000  0.000042 0.000030 0.000083 0.000186 0.000086 0.000046 
4478464 pathfinder 1 710 40 0.919000 0.848000  0.000009 0.000007 0.000022 0.000047 0.000027 0.000013 
4478464 pathfinder 1 710 40 0.919000 0.616000  0.000008 0.000007 0.000022 0.000042 0.000027 0.000013 
4478592 pathfinder 1 710 40 0.919000 0.617000  0.000032 0.000030 0.000083 0.000160 0.000088 0.000046 
4478592 pathfinder 1 710 40 0.919000 0.847000  0.000034 0.000030 0.000082 0.000159 0.000088 0.000047 
4478592 pathfinder 1 710 40 0.919000 0.694000  0.000030 0.000028 0.000079 0.000148 0.000081 0.000044 
4478592 pathfinder 1 710 40 0.919000 0.849000  0.000033 0.000030 0.000082 0.000159 0.000087 0.000046 
4478592 pathfinder 1 710 40 0.919000 0.616000  0.000032 0.000028 0.000079 0.000175 0.000090 0.000046 
4478720 pathfinder 1 710 40 0.919000 0.848000  0.000033 0.000030 0.000082 0.000160 0.000087 0.000046 
4478720 pathfinder 1 710 40 0.919000 0.925000  0.000038 0.000030 0.000082 0.000173 0.000085 0.000045 
4478720 pathfinder 1 710 40 0.919000 0.848000  0.000035 0.000030 0.000084 0.000179 0.000093 0.000048 
4478720 pathfinder 1 710 40 0.919000 1.002000  0.000032 0.000030 0.000081 0.000160 0.000086 0.000045 
4478720 pathfinder 1 710 40 0.919000 0.616000  0.000032 0.000030 0.000081 0.000157 0.000087 0.000046 
4478720 pathfinder 1 710 40 0.919000 1.002000  0.000008 0.000048 0.000031 0.000101 0.000000 0.000005 
4478848 pathfinder 1 710 40 0.919000 0.616000  0.000030 0.000028 0.000078 0.000147 0.000080 0.000043 
4478848 pathfinder 1 710 40 0.919000 1.080000  0.000034 0.000031 0.000085 0.000184 0.000094 0.000047 
4478848 pathfinder 1 710 40 0.919000 0.539000  0.000031 0.000028 0.000080 0.000161 0.000082 0.000044 
4478848 pathfinder 1 710 40 0.919000 0.925000  0.000040 0.000032 0.000085 0.000183 0.000094 0.000048 
4478848 pathfinder 1 710 40 0.919000 0.617000  0.000032 0.000029 0.000080 0.000157 0.000085 0.000045 
4478976 pathfinder 1 710 40 0.919000 0.771000  0.000031 0.000029 0.000091 0.000207 0.000096 0.000050 
4478976 pathfinder 1 710 40 0.919000 0.926000  0.000032 0.000029 0.000080 0.000156 0.000085 0.000044 
4478976 pathfinder 1 710 40 0.919000 0.694000  0.000031 0.000029 0.000080 0.000153 0.000084 0.000044 
4478976 pathfinder 1 710 40 0.919000 0.926000  0.003487 0.012043 0.003934 0.012102 0.000001 0.000253 
4478976 pathfinder 1 710 40 0.919000 0.616000  0.000031 0.000027 0.000081 0.000166 0.000084 0.000043 
4479104 pathfinder 1 710 40 0.919000 0.848000  0.000032 0.000029 0.000079 0.000153 0.000084 0.000044 
4479104 pathfinder 1 710 40 0.919000 0.616000  0.000038 0.000028 0.000079 0.000160 0.000082 0.000043 
4479104 pathfinder 1 710 40 0.919000 0.848000  0.000038 0.000030 0.000083 0.000178 0.000093 0.000048 
4479104 pathfinder 1 710 40 0.919000 0.616000  0.000041 0.000030 0.000083 0.000214 0.000103 0.000050 
4479104 pathfinder 1 710 40 0.919000 0.617000  0.000038 0.000031 0.000086 0.000180 0.000093 0.000048 
4479104 pathfinder 1 710 40 0.919000 0.847000  0.000031 0.000028 0.000086 0.000193 0.000090 0.000046 
4479232 pathfinder 1 710 40 0.919000 0.617000  0.000030 0.000027 0.000075 0.000144 0.000076 0.000041 
4479232 pathfinder 1 710 40 0.919000 1.003000  0.000030 0.000032 0.000084 0.000178 0.000087 0.000045 
4479232 pathfinder 1 710 40 0.919000 0.616000  0.000036 0.000028 0.000079 0.000171 0.000081 0.000043 
4479232 pathfinder 1 710 40 0.919000 0.924000  0.000256 0.000175 0.000477 0.001158 0.000533 0.000276 
4479232 pathfinder 1 710 40 0.919000 0.849000  0.000033 0.000029 0.000082 0.000173 0.000090 0.000046 
4479360 pathfinder 1 710 40 0.919000 0.771000  0.000029 0.000026 0.000074 0.000141 0.000075 0.000041 
4479360 pathfinder 1 710 40 0.919000 1.003000  0.000036 0.000031 0.000083 0.000185 0.000091 0.000046 
4479360 pathfinder 1 710 40 0.919000 0.617000  0.000029 0.000027 0.000076 0.000167 0.000080 0.000043 
4479360 pathfinder 1 710 40 0.919000 0.771000  0.000035 0.000029 0.000079 0.000167 0.000088 0.000045 
4479360 pathfinder 1 710 40 0.919000 0.925000  0.000030 0.000027 0.000076 0.000149 0.000081 0.000042 
4479488 pathfinder 1 710 40 0.919000 0.617000  0.000030 0.000028 0.000076 0.000147 0.000081 0.000042 
4479488 pathfinder 1 710 40 0.919000 0.849000  0.000036 0.000029 0.000084 0.000207 0.000094 0.000047 
4479488 pathfinder 1 710 40 0.919000 1.002000  0.000029 0.000026 0.000073 0.000140 0.000075 0.000040 
4479488 pathfinder 1 710 40 0.919000 0.770000  0.000032 0.000028 0.000078 0.000163 0.000086 0.000045 
4479488 pathfinder 1 710 40 0.919000 0.617000  0.000035 0.000029 0.000081 0.000168 0.000085 0.000044 
4479488 pathfinder 1 710 40 0.919000 0.617000  0.000030 0.000028 0.000097 0.000196 0.000097 0.000055 
4479616 pathfinder 1 710 40 0.919000 0.848000  0.000031 0.000027 0.000075 0.000153 0.000080 0.000042 
4479616 pathfinder 1 710 40 0.919000 0.617000  0.000030 0.000028 0.000077 0.000153 0.000080 0.000041 
4479616 pathfinder 1 710 40 0.919000 0.925000  0.000029 0.000027 0.000075 0.000144 0.000083 0.000043 
4479616 pathfinder 1 710 40 0.919000 0.617000  0.000028 0.000026 0.000075 0.000158 0.000078 0.000042 
4479616 pathfinder 1 710 40 0.919000 0.848000  0.000038 0.000030 0.000080 0.000168 0.000087 0.000044 
4479744 pathfinder 1 710 40 0.919000 0.617000  0.000030 0.000036 0.000089 0.000271 0.000123 0.000062 
4479744 pathfinder 1 710 40 0.919000 0.616000  0.000030 0.000027 0.000096 0.000194 0.000110 0.000055 
4479744 pathfinder 1 710 40 0.919000 0.924000  0.000030 0.000027 0.000095 0.000205 0.000098 0.000054 
4479744 pathfinder 1 710 40 0.919000 0.617000  0.000043 0.000027 0.000077 0.000165 0.000080 0.000041 
4479744 pathfinder 1 710 40 0.919000 1.080000  0.000055 0.000030 0.000079 0.000169 0.000083 0.000043 
4479872 pathfinder 1 710 40 0.919000 0.617000  0.000029 0.000027 0.000074 0.000145 0.000079 0.000041 
4479872 pathfinder 1 710 40 0.919000 0.924000  0.000029 0.000027 0.000074 0.000141 0.000078 0.000041 
4479872 pathfinder 1 710 40 0.919000 1.003000  0.000031 0.000027 0.000073 0.000148 0.000079 0.000042 
4479872 pathfinder 1 710 40 0.919000 0.694000  0.000028 0.000025 0.000070 0.000134 0.000087 0.000043 
4479872 pathfinder 1 710 40 0.919000 0.925000  0.000030 0.000027 0.000073 0.000144 0.000079 0.000041 
4480000 pathfinder 1 710 40 0.919000 0.617000  0.000028 0.000026 0.000073 0.000154 0.000078 0.000040 
4480000 pathfinder 1 710 40 0.919000 0.848000  0.000028 0.000026 0.000073 0.000140 0.000077 0.000041 
4480000 pathfinder 1 710 40 0.919000 0.772000  0.000029 0.000025 0.000070 0.000134 0.000073 0.000039 
4480000 pathfinder 1 710 40 0.919000 1.002000  0.000028 0.000026 0.000073 0.000140 0.000077 0.000043 
4480000 pathfinder 1 710 40 0.919000 0.616000  0.000031 0.000026 0.000072 0.000142 0.000077 0.000041 
4480000 pathfinder 1 710 40 0.919000 0.616000  0.000035 0.000028 0.000077 0.000161 0.000084 0.000043 
4480128 pathfinder 1 710 40 0.919000 1.155000  0.000029 0.000026 0.000072 0.000140 0.000077 0.000040 
4480128 pathfinder 1 710 40 0.919000 0.694000  0.000027 0.000025 0.000069 0.000132 0.000072 0.000039 
4480128 pathfinder 1 710 40 0.919000 0.925000  0.000055 0.000030 0.000082 0.000184 0.000088 0.000044 
4480128 pathfinder 1 710 40 0.919000 0.926000  0.000026 0.000025 0.000069 0.000144 0.000074 0.000039 
4480128 pathfinder 1 710 40 0.919000 0.925000  0.000031 0.000027 0.000076 0.000162 0.000084 0.000043 
4480256 pathfinder 1 710 40 0.919000 0.616000  0.000027 0.000026 0.000075 0.000161 0.000076 0.000040 
4480256 pathfinder 1 710 40 0.919000 1.003000  0.000008 0.000048 0.000031 0.000100 0.000000 0.000005 
4480256 pathfinder 1 710 40 0.919000 0.617000  0.000033 0.000027 0.000073 0.000142 0.000078 0.000041 
4480256 pathfinder 1 710 40 0.919000 0.616000  0.000035 0.000028 0.000078 0.000166 0.000086 0.000043 
4480256 pathfinder 1 710 40 0.919000 1.079000  0.000033 0.000030 0.000079 0.000182 0.000087 0.000044 
4480256 pathfinder 1 710 40 0.919000 0.616000  0.000026 0.000024 0.000068 0.000129 0.000070 0.000043 
4480384 pathfinder 1 710 40 0.919000 0.925000  0.000028 0.000038 0.000091 0.000194 0.000108 0.000054 
4480384 pathfinder 1 710 40 0.919000 0.694000  0.000028 0.000026 0.000071 0.000138 0.000075 0.000040 
4480384 pathfinder 1 710 40 0.919000 0.694000  0.000028 0.000026 0.000071 0.000137 0.000075 0.000040 
4480384 pathfinder 1 710 40 0.919000 1.080000  0.000030 0.000026 0.000070 0.000141 0.000075 0.000039 
4480384 pathfinder 1 710 40 0.919000 0.925000  0.000027 0.000024 0.000068 0.000129 0.000071 0.000037 
4480512 pathfinder 1 710 40 0.919000 1.080000  0.000028 0.000026 0.000070 0.000136 0.000075 0.000039 
4480512 pathfinder 1 710 40 0.919000 0.694000  0.000050 0.000029 0.000075 0.000153 0.000078 0.000039 
4480512 pathfinder 1 710 40 0.919000 1.002000  0.000028 0.000026 0.000070 0.000135 0.000075 0.000039 
4480512 pathfinder 1 710 40 0.919000 0.694000  0.000033 0.000025 0.000070 0.000145 0.000072 0.000038 
4480512 pathfinder 1 710 40 0.919000 0.847000  0.000034 0.000027 0.000074 0.000154 0.000080 0.000041 
4480640 pathfinder 1 710 40 0.919000 1.080000  0.000029 0.000025 0.000069 0.000137 0.000074 0.000039 
4480640 pathfinder 1 710 40 0.919000 0.616000  0.000035 0.000028 0.000074 0.000156 0.000079 0.000041 
4480640 pathfinder 1 710 40 0.919000 1.080000  0.000027 0.000025 0.000069 0.000133 0.000072 0.000039 
4480640 pathfinder 1 710 40 0.919000 0.694000  0.000033 0.000027 0.000075 0.000159 0.000083 0.000042 
4480640 pathfinder 1 710 40 0.919000 1.002000  0.000030 0.000026 0.000072 0.000149 0.000079 0.000041 
4480640 pathfinder 1 710 40 0.919000 0.694000  0.000026 0.000024 0.000067 0.000135 0.000069 0.000037 
4480768 pathfinder 1 710 40 0.919000 0.849000  0.000034 0.000027 0.000074 0.000157 0.000082 0.000042 
4480768 pathfinder 1 710 40 0.919000 0.694000  0.000028 0.000027 0.000072 0.000146 0.000076 0.000040 
4480768 pathfinder 1 710 40 0.919000 0.771000  0.000034 0.000027 0.000073 0.000156 0.000081 0.000042 
4480768 pathfinder 1 710 40 0.919000 1.001000  0.000028 0.000025 0.000069 0.000133 0.000074 0.000038 
4480768 pathfinder 1 710 40 0.919000 0.694000  0.000032 0.000027 0.000072 0.000143 0.000075 0.000038 
4480896 pathfinder 1 710 40 0.919000 0.925000  0.000029 0.000026 0.000072 0.000152 0.000080 0.000041 
4480896 pathfinder 1 710 40 0.919000 0.617000  0.000026 0.000024 0.000066 0.000125 0.000067 0.000036 
4480896 pathfinder 1 710 40 0.919000 0.925000  0.000034 0.000027 0.000076 0.000185 0.000085 0.000042 
4480896 pathfinder 1 710 40 0.919000 0.694000  0.000031 0.000025 0.000071 0.000148 0.000072 0.000038 
4480896 pathfinder 1 710 40 0.919000 0.849000  0.000031 0.000026 0.000071 0.000149 0.000078 0.000041 
4481024 pathfinder 1 710 40 0.919000 0.848000  0.000033 0.000050 0.000119 0.000240 0.000109 0.000052 
4481024 pathfinder 1 710 40 0.919000 0.694000  0.000063 0.000028 0.000077 0.000186 0.000084 0.000043 
4481024 pathfinder 1 710 40 0.919000 0.926000  0.000027 0.000025 0.000069 0.000139 0.000074 0.000038 
4481024 pathfinder 1 710 40 0.919000 0.617000  0.000026 0.000023 0.000065 0.000124 0.000067 0.000036 
4481024 pathfinder 1 710 40 0.919000 1.002000  0.000026 0.000036 0.000087 0.000177 0.000101 0.000049 
4481024 pathfinder 1 710 40 0.919000 0.616000  0.000026 0.000026 0.000071 0.000169 0.000075 0.000039 
4481152 pathfinder 1 710 40 0.919000 0.926000  0.000078 0.000067 0.000183 0.000376 0.000199 0.000103 
4481152 pathfinder 1 710 40 0.919000 1.079000  0.000067 0.000062 0.000171 0.000329 0.000180 0.000096 
4481152 pathfinder 1 710 40 0.919000 0.926000  0.000033 0.000026 0.000071 0.000150 0.000078 0.000040 
4481152 pathfinder 1 710 40 0.919000 1.081000  0.000036 0.000026 0.000077 0.000189 0.000089 0.000043 
4481152 pathfinder 1 710 40 0.919000 0.617000  0.000025 0.000023 0.000064 0.000123 0.000066 0.000036 
4481280 pathfinder 1 710 40 0.919000 0.925000  0.000026 0.000024 0.000067 0.000128 0.000071 0.000037 
4481280 pathfinder 1 710 40 0.919000 0.849000  0.000025 0.000023 0.000064 0.000120 0.000066 0.000036 
4481280 pathfinder 1 710 40 0.919000 0.925000  0.000026 0.000024 0.000067 0.000128 0.000071 0.000037 
4481280 pathfinder 1 710 40 0.919000 0.617000  0.000030 0.000024 0.000068 0.000138 0.000069 0.000037 
4481280 pathfinder 1 710 40 0.919000 0.847000  0.000032 0.000026 0.000071 0.000152 0.000079 0.000040 
4481280 pathfinder 1 710 40 0.919000 0.693000  0.000025 0.000023 0.000065 0.000131 0.000066 0.000035 
4481408 pathfinder 1 710 40 0.919000 0.925000  0.000034 0.000026 0.000070 0.000150 0.000078 0.000040 
4481408 pathfinder 1 710 40 0.919000 1.003000  0.000026 0.000024 0.000066 0.000129 0.000070 0.000037 
4481408 pathfinder 1 710 40 0.919000 0.847000  0.000026 0.000024 0.000066 0.000126 0.000070 0.000043 
4481408 pathfinder 1 710 40 0.919000 1.003000  0.029201 0.007130 0.015109 0.029463 0.008808 0.003767 
4481408 pathfinder 1 710 40 0.919000 0.770000  0.000024 0.000083 0.000177 0.000472 0.000152 0.000068 
4481536 pathfinder 1 710 40 0.919000 0.694000  0.000033 0.000026 0.000070 0.000150 0.000078 0.000040 
4481536 pathfinder 1 710 40 0.919000 0.772000  0.000025 0.000023 0.000064 0.000131 0.000066 0.000035 
4481536 pathfinder 1 710 40 0.919000 0.771000  0.000033 0.000026 0.000070 0.000147 0.000075 0.000038 
4481536 pathfinder 1 710 40 0.919000 0.616000  0.000027 0.000024 0.000066 0.000134 0.000070 0.000038 
4481536 pathfinder 1 710 40 0.919000 0.617000  0.000032 0.000026 0.000071 0.000144 0.000073 0.000037 
4481664 pathfinder 1 710 40 0.919000 0.925000  0.000028 0.000025 0.000069 0.000147 0.000075 0.000039 
4481664 pathfinder 1 710 40 0.919000 0.617000  0.000025 0.000022 0.000063 0.000119 0.000064 0.000035 
4481664 pathfinder 1 710 40 0.919000 0.770000  0.000032 0.000025 0.000069 0.000144 0.000076 0.000039 
4481664 pathfinder 1 710 40 0.919000 0.616000  0.000026 0.000024 0.000065 0.000126 0.000075 0.000039 
4481664 pathfinder 1 710 40 0.919000 1.155000  0.000031 0.000024 0.000065 0.000131 0.000067 0.000035 
4481664 pathfinder 1 710 40 0.919000 1.002000  0.000027 0.000024 0.000069 0.000145 0.000076 0.000039 
4481792 pathfinder 1 710 40 0.919000 0.617000  0.000024 0.000022 0.000062 0.000117 0.000064 0.000034 
4481792 pathfinder 1 710 40 0.919000 0.926000  0.000026 0.000040 0.000094 0.000227 0.000113 0.000052 
4481792 pathfinder 1 710 40 0.919000 0.694000  0.000024 0.000022 0.000063 0.000124 0.000066 0.000035 
4481792 pathfinder 1 710 40 0.919000 0.926000  0.000025 0.000024 0.000064 0.000123 0.000069 0.000036 
4481792 pathfinder 1 710 40 0.919000 0.770000  0.000026 0.000024 0.000064 0.000126 0.000069 0.000036 
4481920 pathfinder 1 710 40 0.919000 0.769000  0.000025 0.000023 0.000064 0.000122 0.000068 0.000036 
4481920 pathfinder 1 710 40 0.919000 1.080000  0.000029 0.000024 0.000067 0.000142 0.000073 0.000038 
4481920 pathfinder 1 710 40 0.919000 0.617000  0.000024 0.000022 0.000062 0.000118 0.000063 0.000035 
4481920 pathfinder 1 710 40 0.919000 0.925000  0.000030 0.000025 0.000068 0.000147 0.000077 0.000039 
4481920 pathfinder 1 710 40 0.919000 0.617000  0.000023 0.000022 0.000063 0.000124 0.000065 0.000035 
4482048 pathfinder 1 710 40 0.919000 0.925000  0.000027 0.000024 0.000068 0.000143 0.000075 0.000038 
4482048 pathfinder 1 710 40 0.919000 0.694000  0.000029 0.000023 0.000065 0.000133 0.000067 0.000035 
4482048 pathfinder 1 710 40 0.919000 1.001000  0.000030 0.000026 0.000068 0.000144 0.000074 0.000038 
4482048 pathfinder 1 710 40 0.919000 1.003000  0.000025 0.000023 0.000064 0.000124 0.000067 0.000035 
4482048 pathfinder 1 710 40 0.919000 0.847000  0.000025 0.000023 0.000082 0.000161 0.000095 0.000046 
4482048 pathfinder 1 710 40 0.919000 1.003000  0.000026 0.000023 0.000063 0.000127 0.000069 0.000036 
4482176 pathfinder 1 710 40 0.919000 0.617000  0.000024 0.000022 0.000061 0.000115 0.000063 0.000034 
4482176 pathfinder 1 710 40 0.919000 1.002000  0.000024 0.000023 0.000063 0.000120 0.000067 0.000035 
4482176 pathfinder 1 710 40 0.919000 0.616000  0.000024 0.000022 0.000061 0.000117 0.000064 0.000034 
4482176 pathfinder 1 710 40 0.919000 0.925000  0.000025 0.000023 0.000063 0.000121 0.000067 0.000035 
4482176 pathfinder 1 710 40 0.919000 0.616000  0.000024 0.000022 0.000061 0.000115 0.000063 0.000034 
4482304 pathfinder 1 710 40 0.919000 0.849000  0.000027 0.000023 0.000065 0.000139 0.000073 0.000037 
4482304 pathfinder 1 710 40 0.919000 0.616000  0.000023 0.000022 0.000060 0.000117 0.000063 0.000034 
4482304 pathfinder 1 710 40 0.919000 0.849000  0.003008 0.017824 0.011888 0.036638 0.000000 0.002057 
4482304 pathfinder 1 710 40 0.919000 0.617000  0.129312 0.035609 0.076240 0.129546 0.041217 0.018244 
4482304 pathfinder 1 710 40 0.919000 0.617000  0.000031 0.000024 0.000066 0.000140 0.000074 0.000037 
4482432 pathfinder 1 710 40 0.919000 0.925000  0.000028 0.000023 0.000065 0.000140 0.000072 0.000037 
4482432 pathfinder 1 710 40 0.919000 0.694000  0.000024 0.000021 0.000060 0.000115 0.000062 0.000033 
4482432 pathfinder 1 710 40 0.919000 1.002000  0.000030 0.000024 0.000066 0.000140 0.000072 0.000037 
4482432 pathfinder 1 710 40 0.919000 0.616000  0.000030 0.000022 0.000061 0.000132 0.000065 0.000034 
4482432 pathfinder 1 710 40 0.919000 0.924000  0.000175 0.000133 0.000362 0.000857 0.000418 0.000199 
4482432 pathfinder 1 710 40 0.919000 1.003000  0.002711 0.016687 0.010500 0.034599 0.000003 0.001768 
4482560 pathfinder 1 710 40 0.919000 0.616000  0.000052 0.000026 0.000067 0.000143 0.000069 0.000035 
4482560 pathfinder 1 710 40 0.919000 1.081000  0.000024 0.000022 0.000062 0.000118 0.000065 0.000034 
4482560 pathfinder 1 710 40 0.919000 0.771000  0.000028 0.000022 0.000061 0.000129 0.000064 0.000034 
4482560 pathfinder 1 710 40 0.919000 0.925000  0.000024 0.000022 0.000061 0.000118 0.000066 0.000034 
4482560 pathfinder 1 710 40 0.919000 0.848000  0.000024 0.000021 0.000059 0.000114 0.000061 0.000033 
4482688 pathfinder 1 710 40 0.919000 1.002000  0.000029 0.000024 0.000065 0.000137 0.000072 0.000037 
4482688 pathfinder 1 710 40 0.919000 0.925000  0.000024 0.000022 0.000062 0.000121 0.000066 0.000034 
4482688 pathfinder 1 710 40 0.919000 0.849000  0.000024 0.000022 0.000061 0.000120 0.000066 0.000035 
4482688 pathfinder 1 710 40 0.919000 1.001000  0.000025 0.000022 0.000061 0.000118 0.000071 0.000036 
4482688 pathfinder 1 710 40 0.919000 0.694000  0.000023 0.000021 0.000059 0.000112 0.000060 0.000032 
4482816 pathfinder 1 710 40 0.919000 0.926000  0.000024 0.000022 0.000061 0.000116 0.000064 0.000034 
4482816 pathfinder 1 710 40 0.919000 0.617000  0.000028 0.000022 0.000061 0.000128 0.000064 0.000034 
4482816 pathfinder 1 710 40 0.919000 0.925000  0.000030 0.000039 0.000122 0.000233 0.000122 0.000056 
4482816 pathfinder 1 710 40 0.919000 1.002000  0.000023 0.000022 0.000061 0.000115 0.000064 0.000034 
4482816 pathfinder 1 710 40 0.919000 0.617000  0.000035 0.000024 0.000066 0.000146 0.000074 0.000037 
4482816 pathfinder 1 710 40 0.919000 1.003000  0.000028 0.000023 0.000065 0.000138 0.000072 0.000037 
4482944 pathfinder 1 710 40 0.919000 0.617000  0.000023 0.000021 0.000058 0.000110 0.000059 0.000032 
4482944 pathfinder 1 710 40 0.919000 0.771000  0.000055 0.000051 0.000179 0.000364 0.000208 0.000102 
4482944 pathfinder 1 710 40 0.919000 0.695000  0.000028 0.000023 0.000064 0.000138 0.000072 0.000036 
4482944 pathfinder 1 710 40 0.919000 0.926000  0.000028 0.000022 0.000062 0.000131 0.000070 0.000036 
4482944 pathfinder 1 710 40 0.919000 1.003000  0.000024 0.000022 0.000060 0.000117 0.000064 0.000034 
4483072 pathfinder 1 710 40 0.919000 0.925000  0.000023 0.000022 0.000060 0.000115 0.000078 0.000039 
4483072 pathfinder 1 710 40 0.919000 1.003000  0.233860 0.920735 0.275790 0.922095 0.000095 0.016882 
4483072 pathfinder 1 710 40 0.919000 0.617000  0.000023 0.000021 0.000058 0.000161 0.000072 0.000036 
4483072 pathfinder 1 710 40 0.919000 0.849000  0.000024 0.000022 0.000060 0.000114 0.000064 0.000034 
4483072 pathfinder 1 710 40 0.919000 0.616000  0.000028 0.000022 0.000061 0.000129 0.000063 0.000033 
4483200 pathfinder 1 710 40 0.919000 0.925000  0.000024 0.000022 0.000060 0.000115 0.000063 0.000033 
4483200 pathfinder 1 710 40 0.919000 0.617000  0.000024 0.000022 0.000060 0.000115 0.000064 0.000033 
4483200 pathfinder 1 710 40 0.919000 0.617000  0.000029 0.000024 0.000064 0.000131 0.000069 0.000035 
4483200 pathfinder 1 710 40 0.919000 0.847000  0.000024 0.000022 0.000060 0.000126 0.000064 0.000034 
4483200 pathfinder 1 710 40 0.919000 0.308000  0.000023 0.000020 0.000057 0.000110 0.000059 0.000031 
4483200 pathfinder 1 710 40 0.919000 0.540000  0.000024 0.000021 0.000059 0.000115 0.000063 0.000033 
4483328 pathfinder 1 710 40 0.919000 0.617000  0.299689 0.950286 0.332091 0.951801 0.000087 0.019339 
4483328 pathfinder 1 710 40 0.919000 0.693000  0.000023 0.000022 0.000059 0.000113 0.000063 0.000033 
4483328 pathfinder 1 710 40 0.919000 0.616000  0.000024 0.000021 0.000059 0.000115 0.000062 0.000033 
4483328 pathfinder 1 710 40 0.919000 0.694000  0.000026 0.000023 0.000062 0.000129 0.000068 0.000035 
4483328 pathfinder 1 710 40 0.919000 0.849000  0.000024 0.000021 0.000067 0.000176 0.000075 0.000037 
4483456 pathfinder 1 710 40 0.919000 0.694000  0.000022 0.000020 0.000056 0.000107 0.000058 0.000031 
4483456 pathfinder 1 710 40 0.919000 1.002000  0.000028 0.000023 0.000062 0.000134 0.000070 0.000035 
4483456 pathfinder 1 710 40 0.919000 1.002000  0.000023 0.000021 0.000058 0.000125 0.000061 0.000032 
4483456 pathfinder 1 710 40 0.919000 0.925000  0.000027 0.000023 0.000063 0.000134 0.000070 0.000035 
4483456 pathfinder 1 710 40 0.919000 0.617000  0.000027 0.000021 0.000057 0.000115 0.000059 0.000031 
4483456 pathfinder 1 710 40 0.919000 0.925000  0.000055 0.000025 0.000066 0.000161 0.000073 0.000037 
4483584 pathfinder 1 710 40 0.919000 1.081000  0.000023 0.000021 0.000058 0.000113 0.000061 0.000032 
4483584 pathfinder 1 710 40 0.919000 0.616000  0.000023 0.000021 0.000075 0.000152 0.000076 0.000043 
4483584 pathfinder 1 710 40 0.919000 0.925000  0.000027 0.000022 0.000061 0.000129 0.000068 0.000035 
4483584 pathfinder 1 710 40 0.919000 0.616000  0.000021 0.000020 0.000056 0.000107 0.000057 0.000031 
4483584 pathfinder 1 710 40 0.919000 1.002000  0.000023 0.000021 0.000058 0.000111 0.000061 0.000032 
4483712 pathfinder 1 710 40 0.919000 0.771000  0.000022 0.000020 0.000056 0.000107 0.000058 0.000031 
4483712 pathfinder 1 710 40 0.919000 1.002000  0.000023 0.000021 0.000058 0.000112 0.000062 0.000032 
4483712 pathfinder 1 710 40 0.919000 0.926000  0.000022 0.000021 0.000058 0.000115 0.000060 0.000032 
4483712 pathfinder 1 710 40 0.919000 0.849000  0.000028 0.000024 0.000065 0.000140 0.000070 0.000036 
4483712 pathfinder 1 710 40 0.919000 1.002000  0.000024 0.000021 0.000058 0.000116 0.000062 0.000032 
4483840 pathfinder 1 710 40 0.919000 0.926000  0.000022 0.000031 0.000074 0.000148 0.000087 0.000042 
4483840 pathfinder 1 710 40 0.919000 0.925000  0.000023 0.000021 0.000058 0.000112 0.000062 0.000032 
4483840 pathfinder 1 710 40 0.919000 0.770000  0.000022 0.000020 0.000055 0.000106 0.000058 0.000031 
4483840 pathfinder 1 710 40 0.919000 0.926000  0.000029 0.000023 0.000062 0.000135 0.000069 0.000035 
4483840 pathfinder 1 710 40 0.919000 0.616000  0.000022 0.000020 0.000056 0.000112 0.000058 0.000031 
4483840 pathfinder 1 710 40 0.919000 0.849000  0.000027 0.000022 0.000061 0.000131 0.000067 0.000035 
4483968 pathfinder 1 710 40 0.919000 0.693000  0.000022 0.000020 0.000055 0.000107 0.000058 0.000031 
4483968 pathfinder 1 710 40 0.919000 0.693000  0.000028 0.000022 0.000062 0.000132 0.000067 0.000034 
4483968 pathfinder 1 710 40 0.919000 1.079000  0.000025 0.000021 0.000058 0.000122 0.000064 0.000033 
4483968 pathfinder 1 710 40 0.919000 0.771000  0.000021 0.000020 0.000055 0.000105 0.000056 0.000030 
4483968 pathfinder 1 710 40 0.919000 0.925000  0.000026 0.000021 0.000059 0.000126 0.000066 0.000034 
4484096 pathfinder 1 710 40 0.919000 0.693000  0.000026 0.000021 0.000057 0.000118 0.000058 0.000031 
4484096 pathfinder 1 710 40 0.919000 1.002000  0.000022 0.000021 0.000073 0.000147 0.000074 0.000042 
4484096 pathfinder 1 710 40 0.919000 0.616000  0.000047 0.000044 0.000121 0.000239 0.000128 0.000068 
4484096 pathfinder 1 710 40 0.919000 0.693000  0.000028 0.000022 0.000060 0.000130 0.000068 0.000034 
4484096 pathfinder 1 710 40 0.919000 1.002000  0.285024 0.976584 0.321879 0.977022 0.000087 0.019423 
4484224 pathfinder 1 710 40 0.919000 0.616000  0.000021 0.000020 0.000054 0.000104 0.000056 0.000030 
4484224 pathfinder 1 710 40 0.919000 0.925000  0.000026 0.000023 0.000063 0.000151 0.000069 0.000034 
4484224 pathfinder 1 710 40 0.919000 0.617000  0.000026 0.000021 0.000058 0.000117 0.000059 0.000031 
4484224 pathfinder 1 710 40 0.919000 0.925000  0.000160 0.000125 0.000338 0.000781 0.000380 0.000190 
4484224 pathfinder 1 710 40 0.919000 0.926000  0.000023 0.000021 0.000059 0.000125 0.000066 0.000034 
4484352 pathfinder 1 710 40 0.919000 0.616000  0.000021 0.000019 0.000054 0.000103 0.000055 0.000030 
4484352 pathfinder 1 710 40 0.919000 0.925000  0.000022 0.000020 0.000056 0.000108 0.000060 0.000031 
4484352 pathfinder 1 710 40 0.919000 0.694000  0.000021 0.000023 0.000060 0.000122 0.000062 0.000031 
4484352 pathfinder 1 710 40 0.919000 1.080000  0.000022 0.000020 0.000056 0.000108 0.000060 0.000031 
4484352 pathfinder 1 710 40 0.919000 0.617000  0.000021 0.000020 0.000056 0.000115 0.000058 0.000031 
4484352 pathfinder 1 710 40 0.919000 0.848000  0.002998 0.000575 0.001145 0.003021 0.000755 0.000305 
4484480 pathfinder 1 710 40 0.919000 0.693000  0.000028 0.000023 0.000060 0.000133 0.000068 0.000034 
4484480 pathfinder 1 710 40 0.919000 1.466000  0.000022 0.000020 0.000055 0.000108 0.000060 0.000031 
4484480 pathfinder 1 710 40 0.919000 1.080000  0.000028 0.000021 0.000058 0.000128 0.000065 0.000033 
4484480 pathfinder 1 710 40 0.919000 0.770000  0.000026 0.000021 0.000057 0.000113 0.000058 0.000030 
4484480 pathfinder 1 710 40 0.919000 1.003000  0.000022 0.000020 0.000055 0.000107 0.000059 0.000031 
4484608 pathfinder 1 710 40 0.919000 0.771000  2.118591 -1.911440 -1.515038 2.118893 -1.422136 2.092426 
4484608 pathfinder 1 710 40 0.919000 0.926000  0.000038 0.000023 0.000065 0.000163 0.000071 0.000035 
4484608 pathfinder 1 710 40 0.919000 0.926000  0.000021 0.000020 0.000054 0.000108 0.000056 0.000030 
4484608 pathfinder 1 710 40 0.919000 0.925000  0.000026 0.000021 0.000058 0.000124 0.000065 0.000033 
4484608 pathfinder 1 710 40 0.919000 0.616000  0.000022 0.000020 0.000055 0.000109 0.000058 0.000031 
4484608 pathfinder 1 710 40 0.919000 0.694000  0.000022 0.000022 0.000059 0.000127 0.000064 0.000033 
4484736 pathfinder 1 710 40 0.919000 1.080000  0.000024 0.000020 0.000055 0.000118 0.000066 0.000033 
4484736 pathfinder 1 710 40 0.919000 0.693000  0.000020 0.000019 0.000053 0.000100 0.000054 0.000029 
4484736 pathfinder 1 710 40 0.919000 0.925000  0.000028 0.000021 0.000058 0.000125 0.000066 0.000033 
4484736 pathfinder 1 710 40 0.919000 0.617000  0.000025 0.000020 0.000055 0.000109 0.000056 0.000030 
4484736 pathfinder 1 710 40 0.919000 0.924000  0.000048 0.000024 0.000062 0.000142 0.000066 0.000033 
4484864 pathfinder 1 710 40 0.919000 0.849000  0.000025 0.000021 0.000057 0.000121 0.000063 0.000033 
4484864 pathfinder 1 710 40 0.919000 0.770000  0.000026 0.000023 0.000063 0.000135 0.000067 0.000033 
4484864 pathfinder 1 710 40 0.919000 1.001000  0.000021 0.000029 0.000070 0.000143 0.000082 0.000040 
4484864 pathfinder 1 710 40 0.919000 0.694000  0.000020 0.000019 0.000053 0.000108 0.000055 0.000030 
4484864 pathfinder 1 710 40 0.919000 0.848000  0.000026 0.000021 0.000057 0.000119 0.000062 0.000032 
4484992 pathfinder 1 710 40 0.919000 0.616000  0.000025 0.000021 0.000058 0.000118 0.000062 0.000032 
4484992 pathfinder 1 710 40 0.919000 0.694000  0.000031 0.000024 0.000063 0.000146 0.000068 0.000034 
4484992 pathfinder 1 710 40 0.919000 0.772000  0.000022 0.000020 0.000054 0.000105 0.000058 0.000030 
4484992 pathfinder 1 710 40 0.919000 0.617000  0.000021 0.000019 0.000052 0.000100 0.000054 0.000029 
4484992 pathfinder 1 710 40 0.919000 0.694000  0.000023 0.000020 0.000056 0.000115 0.000060 0.000032 
4485120 pathfinder 1 710 40 0.919000 0.616000  0.000037 0.000033 0.000092 0.000176 0.000098 0.000053 
4485120 pathfinder 1 710 40 0.919000 0.925000  0.000024 0.000021 0.000058 0.000122 0.000063 0.000032 
4485120 pathfinder 1 710 40 0.919000 1.002000  0.000022 0.000020 0.000054 0.000113 0.000058 0.000030 
4485120 pathfinder 1 710 40 0.919000 0.617000  0.000025 0.000021 0.000057 0.000114 0.000061 0.000031 
4485120 pathfinder 1 710 40 0.919000 0.925000  0.000021 0.000029 0.000069 0.000140 0.000081 0.000039 
4485120 pathfinder 1 710 40 0.919000 0.616000  0.000025 0.000020 0.000054 0.000113 0.000056 0.000029 
4485248 pathfinder 1 710 40 0.919000 0.925000  0.000021 0.000020 0.000054 0.000104 0.000057 0.000030 
4485248 pathfinder 1 710 39 0.919000 1.002000  0.000022 0.000020 0.000054 0.000104 0.000057 0.000030 
4485248 pathfinder 1 710 40 0.919000 0.693000  0.000021 0.000020 0.000056 0.000119 0.000062 0.000032 
4485248 pathfinder 1 710 40 0.919000 1.003000  0.000024 0.000021 0.000057 0.000120 0.000063 0.000032 
4485248 pathfinder 1 710 40 0.919000 0.617000  0.000020 0.000018 0.000051 0.000098 0.000053 0.000028 
4485376 pathfinder 1 710 40 0.919000 0.849000  0.000021 0.000019 0.000053 0.000102 0.000057 0.000030 
4485376 pathfinder 1 710 40 0.919000 0.771000  0.000073 0.000664 0.000303 0.001214 0.000001 0.000049 
4485376 pathfinder 1 710 40 0.919000 0.926000  0.000026 0.000021 0.000058 0.000124 0.000064 0.000032 
4485376 pathfinder 1 710 40 0.919000 0.617000  0.000021 0.000019 0.000053 0.000103 0.000057 0.000030 
4485376 pathfinder 1 710 40 0.919000 0.694000  0.000021 0.000019 0.000053 0.000101 0.000057 0.000030 
4485376 pathfinder 1 710 40 0.919000 0.926000  0.000022 0.000019 0.000054 0.000175 0.000072 0.000035 
4485504 pathfinder 1 710 40 0.919000 0.694000  0.000020 0.000018 0.000051 0.000098 0.000053 0.000028 
4485504 pathfinder 1 710 40 0.919000 0.924000  0.000021 0.000019 0.000053 0.000103 0.000057 0.000030 
4485504 pathfinder 1 710 40 0.919000 0.693000  0.000025 0.000019 0.000053 0.000112 0.000056 0.000030 
4485504 pathfinder 1 710 40 0.919000 0.847000  0.000024 0.000020 0.000055 0.000114 0.000061 0.000031 
4485504 pathfinder 1 710 40 0.919000 1.079000  0.000021 0.000019 0.000053 0.000102 0.000056 0.000029 
4485632 pathfinder 1 710 40 0.919000 0.924000  0.000028 0.000021 0.000057 0.000123 0.000063 0.000032 
4485632 pathfinder 1 710 40 0.919000 1.002000  0.000027 0.000021 0.000057 0.000122 0.000064 0.000032 
4485632 pathfinder 1 710 40 0.919000 0.617000  0.000024 0.000020 0.000056 0.000118 0.000058 0.000030 
4485632 pathfinder 1 710 40 0.919000 0.926000  0.000026 0.000021 0.000056 0.000116 0.000061 0.000031 
4485632 pathfinder 1 710 40 0.919000 0.693000  0.000020 0.000018 0.000051 0.000096 0.000053 0.000028 
4485760 pathfinder 1 710 40 0.919000 0.924000  0.000022 0.000020 0.000056 0.000120 0.000063 0.000032 
4485760 pathfinder 1 710 40 0.919000 0.617000  0.000023 0.000018 0.000052 0.000104 0.000054 0.000029 
4485760 pathfinder 1 710 40 0.919000 0.849000  0.000020 0.000019 0.000052 0.000100 0.000056 0.000029 
4485760 pathfinder 1 710 40 0.919000 0.694000  0.000021 0.000019 0.000052 0.000103 0.000056 0.000029 
4485760 pathfinder 1 710 40 0.919000 0.771000  0.000020 0.000019 0.000052 0.000100 0.000055 0.000029 
4485760 pathfinder 1 710 40 0.919000 1.002000  0.000021 0.000019 0.000052 0.000103 0.000056 0.000029 
4485888 pathfinder 1 710 40 0.919000 0.847000  0.000025 0.000020 0.000056 0.000115 0.000061 0.000031 
4485888 pathfinder 1 710 40 0.919000 1.081000  0.000049 0.000023 0.000058 0.000130 0.000060 0.000031 
4485888 pathfinder 1 710 40 0.919000 0.694000  0.000021 0.000018 0.000051 0.000106 0.000056 0.000029 
4485888 pathfinder 1 710 40 0.919000 0.925000  0.000021 0.000019 0.000052 0.000102 0.000055 0.000029 
4485888 pathfinder 1 710 40 0.919000 0.848000  0.000020 0.000018 0.000051 0.000111 0.000053 0.000028 
4486016 pathfinder 1 710 40 0.919000 0.925000  0.000024 0.000019 0.000054 0.000133 0.000061 0.000031 
4486016 pathfinder 1 710 40 0.919000 0.771000  0.000020 0.000018 0.000051 0.000102 0.000052 0.000028 
4486016 pathfinder 1 710 40 0.919000 0.924000  0.000028 0.000021 0.000057 0.000144 0.000065 0.000033 
4486016 pathfinder 1 710 40 0.919000 0.694000  0.000019 0.000018 0.000052 0.000107 0.000054 0.000028 
4486016 pathfinder 1 710 40 0.919000 0.925000  0.000020 0.000019 0.000052 0.000098 0.000055 0.000029 
4486016 pathfinder 1 710 40 0.919000 0.693000  0.000021 0.000022 0.000056 0.000113 0.000060 0.000030 
4486144 pathfinder 1 710 40 0.919000 0.694000  0.000025 0.000020 0.000054 0.000111 0.000059 0.000030 
4486144 pathfinder 1 710 40 0.919000 1.080000  0.000027 0.000019 0.000053 0.000112 0.000055 0.000028 
4486144 pathfinder 1 710 40 0.919000 0.617000  0.000006 0.000005 0.000013 0.000027 0.000017 0.000008 
4486144 pathfinder 1 710 40 0.919000 1.001000  0.000007 0.000005 0.000013 0.000030 0.000017 0.000008 
