#Timestamp	Benchmark	Run(#)	CPU Frequency (MHz)	CPU Temperature(C)	CPU Voltage(V)	CPU Power(W)	CPU_CYCLES	L1_DATA_CACHE_ACCESS	INSTRUCTIONS_RETIRED	BUS_CYCLES	L1I_CACHE_ACCESS	PREDICTABLE_BRANCH_SPECULATIVELY_EXECUTED
4264576 lavaMD 1 710 40 0.919000 0.847000  0.000026 0.000024 0.000066 0.000127 0.000069 0.000036 
4264576 lavaMD 1 710 40 0.919000 0.847000  0.000033 0.000026 0.000071 0.000149 0.000078 0.000041 
4264576 lavaMD 1 710 40 0.919000 0.616000  0.000034 0.000024 0.000067 0.000135 0.000070 0.000037 
4264576 lavaMD 1 710 40 0.919000 0.616000  0.000031 0.000026 0.000074 0.000159 0.000080 0.000041 
4264576 lavaMD 1 710 40 0.919000 0.693000  0.000025 0.000022 0.000061 0.000130 0.000068 0.000036 
4264704 lavaMD 1 710 40 0.919000 0.617000  0.000007 0.000006 0.000018 0.000035 0.000028 0.000013 
4264704 lavaMD 1 710 40 0.919000 1.002000  0.000032 0.000026 0.000072 0.000156 0.000081 0.000041 
4264704 lavaMD 1 710 40 0.919000 0.616000  0.000032 0.000025 0.000071 0.000163 0.000075 0.000039 
4264704 lavaMD 1 710 40 0.919000 0.926000  0.000008 0.000046 0.000030 0.000095 0.000000 0.000005 
4264704 lavaMD 1 710 40 0.919000 0.385000  0.000026 0.000023 0.000064 0.000123 0.000067 0.000036 
4264704 lavaMD 1 710 40 0.919000 0.462000  0.000047 0.000027 0.000071 0.000145 0.000072 0.000037 
4264832 lavaMD 1 710 40 0.919000 0.462000  0.000034 0.000027 0.000074 0.000164 0.000079 0.000040 
4264832 lavaMD 1 710 40 0.919000 0.385000  0.000025 0.000024 0.000065 0.000129 0.000067 0.000036 
4264832 lavaMD 1 710 40 0.919000 0.462000  0.000025 0.000023 0.000064 0.000119 0.000065 0.000035 
4264832 lavaMD 1 710 40 0.919000 0.462000  0.000024 0.000023 0.000064 0.000118 0.000065 0.000035 
4264832 lavaMD 1 710 40 0.919000 0.462000  0.000024 0.000023 0.000064 0.000120 0.000065 0.000035 
4264960 lavaMD 1 710 40 0.919000 0.385000  0.000024 0.000023 0.000064 0.000137 0.000070 0.000036 
4264960 lavaMD 1 710 40 0.919000 0.693000  0.000027 0.000036 0.000087 0.000250 0.000106 0.000050 
4264960 lavaMD 1 710 40 0.919000 1.001000  0.000026 0.000024 0.000065 0.000142 0.000068 0.000035 
4264960 lavaMD 1 710 40 0.919000 0.616000  0.000025 0.000023 0.000063 0.000121 0.000065 0.000035 
4264960 lavaMD 1 710 40 0.919000 0.385000  0.000024 0.000023 0.000063 0.000119 0.000065 0.000035 
4264960 lavaMD 1 710 40 0.919000 0.462000  0.000024 0.000024 0.000067 0.000144 0.000068 0.000036 
4265088 lavaMD 1 710 40 0.919000 0.693000  0.000026 0.000035 0.000086 0.000185 0.000100 0.000049 
4265088 lavaMD 1 710 40 0.919000 0.385000  0.000032 0.000023 0.000064 0.000127 0.000067 0.000035 
4265088 lavaMD 1 710 40 0.919000 0.462000  0.000025 0.000023 0.000063 0.000143 0.000071 0.000037 
4265088 lavaMD 1 710 40 0.919000 0.385000  0.000073 0.000028 0.000073 0.000167 0.000073 0.000037 
4265088 lavaMD 1 710 40 0.919000 0.462000  0.000024 0.000022 0.000063 0.000118 0.000065 0.000035 
4265216 lavaMD 1 710 40 0.919000 0.462000  0.000026 0.000024 0.000065 0.000126 0.000070 0.000037 
4265216 lavaMD 1 710 40 0.919000 0.462000  0.053838 0.014865 0.034537 0.053858 0.017898 0.007794 
4265216 lavaMD 1 710 40 0.919000 0.616000  0.000024 0.000022 0.000063 0.000119 0.000064 0.000035 
4265216 lavaMD 1 710 40 0.919000 0.385000  0.000024 0.000022 0.000063 0.000118 0.000065 0.000035 
4265216 lavaMD 1 710 40 0.919000 0.385000  0.000025 0.000026 0.000069 0.000140 0.000070 0.000036 
4265344 lavaMD 1 710 40 0.919000 0.385000  0.000024 0.000022 0.000062 0.000118 0.000065 0.000035 
4265344 lavaMD 1 710 40 0.919000 0.616000  0.000074 0.000038 0.000108 0.000214 0.000114 0.000054 
4265344 lavaMD 1 710 40 0.919000 1.001000  0.000025 0.000022 0.000062 0.000120 0.000065 0.000034 
4265344 lavaMD 1 710 40 0.919000 0.462000  0.000025 0.000022 0.000062 0.000121 0.000064 0.000034 
4265344 lavaMD 1 710 40 0.919000 0.693000  0.000025 0.000022 0.000063 0.000120 0.000065 0.000035 
4265344 lavaMD 1 710 40 0.919000 0.693000  0.000027 0.000037 0.000086 0.000212 0.000089 0.000048 
4265472 lavaMD 1 710 40 0.919000 0.385000  0.000024 0.000022 0.000061 0.000116 0.000064 0.000034 
4265472 lavaMD 1 710 40 0.919000 0.462000  0.000024 0.000022 0.000061 0.000115 0.000064 0.000034 
4265472 lavaMD 1 710 40 0.919000 0.462000  0.000023 0.000022 0.000061 0.000114 0.000063 0.000034 
4265472 lavaMD 1 710 40 0.919000 0.385000  0.000023 0.000022 0.000061 0.000115 0.000063 0.000034 
4265472 lavaMD 1 710 40 0.919000 0.693000  0.000035 0.000026 0.000070 0.000164 0.000076 0.000038 
4265600 lavaMD 1 710 40 0.919000 0.462000  0.000031 0.000024 0.000067 0.000144 0.000068 0.000035 
4265600 lavaMD 1 710 40 0.919000 0.462000  0.000023 0.000022 0.000061 0.000114 0.000062 0.000034 
4265600 lavaMD 1 710 40 0.919000 0.462000  0.000023 0.000022 0.000061 0.000114 0.000063 0.000034 
4265600 lavaMD 1 710 40 0.919000 0.462000  0.000023 0.000022 0.000061 0.000116 0.000063 0.000034 
4265600 lavaMD 1 710 40 0.919000 0.462000  0.000025 0.000023 0.000082 0.000164 0.000095 0.000046 
4265728 lavaMD 1 710 40 0.919000 0.462000  0.000025 0.000022 0.000061 0.000118 0.000064 0.000034 
4265728 lavaMD 1 710 40 0.919000 0.847000  0.000024 0.000022 0.000061 0.000117 0.000064 0.000034 
4265728 lavaMD 1 710 40 0.919000 0.539000  0.000024 0.000022 0.000061 0.000118 0.000064 0.000043 
4265728 lavaMD 1 710 41 0.919000 0.462000  0.000024 0.000022 0.000060 0.000116 0.000063 0.000033 
4265728 lavaMD 1 710 41 0.919000 0.462000  0.000026 0.000023 0.000063 0.000120 0.000067 0.000035 
4265856 lavaMD 1 710 40 0.919000 0.385000  0.000030 0.000024 0.000064 0.000125 0.000066 0.000035 
4265856 lavaMD 1 710 40 0.919000 0.847000  0.000023 0.000022 0.000060 0.000112 0.000062 0.000033 
4265856 lavaMD 1 710 41 0.919000 0.462000  0.000023 0.000022 0.000060 0.000114 0.000062 0.000033 
4265856 lavaMD 1 710 40 0.919000 0.539000  0.000023 0.000021 0.000060 0.000114 0.000062 0.000033 
4265856 lavaMD 1 710 40 0.919000 0.462000  0.000026 0.000023 0.000063 0.000123 0.000067 0.000035 
4265856 lavaMD 1 710 40 0.919000 0.539000  0.000024 0.000022 0.000060 0.000114 0.000062 0.000033 
4265984 lavaMD 1 710 40 0.919000 0.462000  0.000023 0.000022 0.000060 0.000114 0.000062 0.000033 
