#Timestamp	Benchmark	Run(#)	CPU Frequency (MHz)	CPU Temperature(C)	CPU Voltage(V)	CPU Power(W)	CPU_CYCLES	L1_DATA_CACHE_ACCESS	INSTRUCTIONS_RETIRED	BUS_CYCLES	L1I_CACHE_ACCESS	PREDICTABLE_BRANCH_SPECULATIVELY_EXECUTED
2483328 pathfinder 1 204 35 0.842000 0.385000  0.000036 0.000034 0.000093 0.000194 0.000096 0.000059 
2483328 pathfinder 1 204 35 0.842000 0.462000  0.000036 0.000031 0.000087 0.000171 0.000089 0.000048 
2483328 pathfinder 1 204 35 0.842000 0.539000  0.000014 0.000088 0.000042 0.000147 0.000000 0.000007 
2483456 pathfinder 1 204 35 0.842000 0.462000  0.000012 0.000009 0.000025 0.000048 0.000032 0.000015 
2483456 pathfinder 1 204 35 0.842000 0.540000  0.000035 0.000033 0.000089 0.000172 0.000095 0.000050 
2483456 pathfinder 1 204 35 0.842000 0.540000  0.002582 0.007427 0.002934 0.007441 0.000001 0.000182 
2483456 pathfinder 1 204 35 0.842000 0.462000  0.000010 0.000061 0.000039 0.000125 0.000000 0.000006 
2483584 pathfinder 1 204 35 0.842000 0.462000  0.000016 0.000014 0.000038 0.000074 0.000040 0.000021 
2483584 pathfinder 1 204 35 0.842000 0.385000  0.000016 0.000014 0.000039 0.000076 0.000042 0.000022 
2483584 pathfinder 1 204 35 0.842000 0.539000  0.000033 0.000030 0.000086 0.000164 0.000088 0.000048 
2483584 pathfinder 1 204 35 0.842000 0.385000  0.000037 0.000032 0.000089 0.000173 0.000090 0.000048 
2483712 pathfinder 1 204 35 0.842000 0.385000  0.000039 0.000033 0.000093 0.000192 0.000102 0.000052 
2483712 pathfinder 1 204 35 0.842000 0.462000  0.000042 0.000034 0.000096 0.000198 0.000101 0.000052 
2483712 pathfinder 1 204 35 0.842000 0.386000  0.000010 0.000056 0.000037 0.000119 0.000000 0.000006 
2483712 pathfinder 1 204 35 0.842000 0.462000  0.000018 0.000083 0.000054 0.000196 0.000000 0.000011 
2483840 pathfinder 1 204 35 0.842000 0.385000  0.000008 0.000048 0.000032 0.000101 0.000000 0.000006 
2483840 pathfinder 1 204 35 0.842000 0.462000  0.000043 0.000065 0.000149 0.001788 0.000001 0.000050 
2483840 pathfinder 1 204 35 0.842000 0.385000  0.000033 0.000030 0.000085 0.000164 0.000089 0.000047 
2483840 pathfinder 1 204 35 0.842000 0.462000  0.000032 0.000032 0.000088 0.000175 0.000092 0.000049 
2483968 pathfinder 1 204 35 0.842000 0.462000  0.000040 0.000035 0.000095 0.000197 0.000099 0.000051 
2483968 pathfinder 1 204 35 0.842000 0.462000  0.000032 0.000030 0.000084 0.000158 0.000085 0.000046 
2483968 pathfinder 1 204 35 0.842000 0.463000  0.000063 0.000036 0.000097 0.000222 0.000107 0.000053 
2483968 pathfinder 1 204 35 0.842000 0.463000  0.000031 0.000030 0.000084 0.000156 0.000090 0.000048 
2484096 pathfinder 1 204 36 0.842000 0.462000  0.013787 0.005235 0.011417 0.013908 0.005815 0.002608 
2484096 pathfinder 1 204 35 0.842000 0.463000  0.000035 0.000031 0.000113 0.000237 0.000141 0.000066 
2484096 pathfinder 1 204 35 0.842000 0.463000  0.000032 0.000054 0.000172 0.000280 0.000136 0.000070 
2484096 pathfinder 1 204 35 0.842000 0.462000  0.000085 0.000066 0.000147 0.000375 0.000161 0.000082 
2484224 pathfinder 1 204 35 0.842000 0.385000  0.000032 0.000030 0.000084 0.000158 0.000087 0.000046 
2484224 pathfinder 1 204 35 0.842000 0.462000  0.000054 0.000032 0.000090 0.000190 0.000094 0.000050 
2484224 pathfinder 1 204 35 0.842000 0.386000  0.000041 0.000034 0.000094 0.000183 0.000096 0.000050 
2484224 pathfinder 1 204 35 0.842000 0.463000  0.000014 0.000013 0.000037 0.000070 0.000038 0.000020 
2484352 pathfinder 1 204 35 0.842000 0.385000  0.000009 0.000084 0.000047 0.000170 0.000000 0.000008 
2484352 pathfinder 1 204 35 0.842000 0.462000  0.000033 0.000030 0.000090 0.000190 0.000094 0.000049 
2484352 pathfinder 1 204 35 0.842000 0.463000  0.000042 0.000035 0.000097 0.000207 0.000104 0.000052 
2484352 pathfinder 1 204 35 0.842000 0.385000  0.000031 0.000030 0.000083 0.000153 0.000084 0.000046 
2484480 pathfinder 1 204 35 0.842000 0.463000  0.000037 0.000039 0.000102 0.000223 0.000101 0.000051 
2484480 pathfinder 1 204 35 0.842000 0.462000  0.000039 0.000034 0.000092 0.000195 0.000104 0.000052 
2484480 pathfinder 1 204 35 0.842000 0.463000  0.000053 0.000033 0.000090 0.000190 0.000095 0.000049 
2484480 pathfinder 1 204 35 0.842000 0.385000  0.000016 0.000020 0.000051 0.000133 0.000060 0.000028 
2484608 pathfinder 1 204 35 0.842000 0.462000  0.000032 0.000029 0.000084 0.000165 0.000088 0.000047 
2484608 pathfinder 1 204 35 0.842000 0.539000  0.000017 0.000014 0.000040 0.000105 0.000049 0.000024 
2484608 pathfinder 1 204 35 0.842000 0.463000  0.000032 0.000029 0.000082 0.000153 0.000085 0.000045 
2484608 pathfinder 1 204 35 0.842000 0.386000  0.000019 0.000015 0.000041 0.000085 0.000045 0.000023 
2484736 pathfinder 1 204 35 0.842000 0.462000  0.000030 0.000029 0.000081 0.000153 0.000083 0.000045 
2484736 pathfinder 1 204 35 0.842000 0.385000  0.000036 0.000031 0.000086 0.000194 0.000093 0.000048 
2484736 pathfinder 1 204 35 0.842000 0.385000  0.000046 0.000035 0.000092 0.000195 0.000102 0.000051 
2484736 pathfinder 1 204 35 0.842000 0.463000  0.000228 0.000067 0.000145 0.000360 0.000139 0.000064 
2484864 pathfinder 1 204 35 0.842000 0.385000  0.000039 0.000033 0.000095 0.000219 0.000105 0.000052 
2484864 pathfinder 1 204 35 0.842000 0.385000  0.000030 0.000029 0.000081 0.000157 0.000005 0.001041 
2484864 pathfinder 1 204 35 0.842000 0.462000  0.000034 0.000031 0.000086 0.000182 0.000096 0.000051 
2484864 pathfinder 1 204 35 0.842000 0.386000  0.006167 0.001860 0.003933 0.006231 0.002198 0.000972 
2484992 pathfinder 1 204 35 0.842000 0.463000  0.000034 0.000030 0.000086 0.000165 0.000087 0.000047 
2484992 pathfinder 1 204 35 0.842000 0.386000  0.000037 0.000031 0.000086 0.000175 0.000094 0.000049 
2484992 pathfinder 1 204 35 0.842000 0.463000  0.000031 0.000029 0.000081 0.000152 0.000082 0.000044 
2484992 pathfinder 1 204 36 0.842000 0.462000  0.000040 0.000033 0.000091 0.000195 0.000102 0.000051 
2485120 pathfinder 1 204 35 0.842000 0.463000  0.000031 0.000029 0.000080 0.000155 0.000082 0.000044 
2485120 pathfinder 1 204 35 0.842000 0.462000  0.000008 0.000008 0.000022 0.000046 0.000029 0.000014 
2485120 pathfinder 1 204 35 0.842000 0.385000  0.000034 0.000030 0.000084 0.000169 0.000092 0.000048 
2485120 pathfinder 1 204 35 0.842000 0.462000  0.000031 0.000029 0.000080 0.000151 0.000082 0.000045 
2485248 pathfinder 1 204 35 0.842000 0.385000  0.000038 0.000044 0.000108 0.000262 0.000125 0.000068 
2485248 pathfinder 1 204 35 0.842000 0.539000  0.000031 0.000028 0.000080 0.000151 0.000081 0.000044 
2485248 pathfinder 1 204 35 0.842000 0.539000  0.000048 0.000034 0.000092 0.000198 0.000102 0.000051 
2485248 pathfinder 1 204 35 0.842000 0.385000  0.000031 0.000029 0.000080 0.000150 0.000081 0.000044 
2485248 pathfinder 1 204 35 0.842000 0.462000  0.000032 0.000030 0.000083 0.000159 0.000086 0.000046 
2485376 pathfinder 1 204 35 0.842000 0.385000  0.000032 0.000048 0.000116 0.000284 0.000116 0.000054 
2485376 pathfinder 1 204 35 0.842000 0.385000  0.000031 0.000033 0.000089 0.000177 0.000089 0.000046 
2485376 pathfinder 1 204 35 0.842000 0.385000  0.000030 0.000029 0.000081 0.000154 0.000081 0.000044 
2485376 pathfinder 1 204 35 0.842000 0.386000  0.000034 0.000029 0.000087 0.000189 0.000091 0.000047 
2485504 pathfinder 1 204 35 0.842000 0.386000  0.000039 0.000032 0.000093 0.000194 0.000094 0.000047 
2485504 pathfinder 1 204 35 0.842000 0.463000  0.000031 0.000032 0.000085 0.000174 0.000088 0.000046 
2485504 pathfinder 1 204 35 0.842000 0.540000  0.000038 0.000030 0.000095 0.000205 0.000099 0.000050 
2485504 pathfinder 1 204 35 0.842000 0.540000  0.000041 0.000030 0.000082 0.000159 0.000083 0.000044 
2485632 pathfinder 1 204 35 0.842000 0.462000  0.000069 0.000037 0.000096 0.000228 0.000105 0.000052 
2485632 pathfinder 1 204 35 0.842000 0.386000  0.000031 0.000028 0.000079 0.000150 0.000084 0.000045 
2485632 pathfinder 1 204 35 0.842000 0.540000  0.000040 0.000033 0.000089 0.000188 0.000097 0.000050 
2485632 pathfinder 1 204 35 0.842000 0.385000  0.000030 0.000028 0.000078 0.000145 0.000080 0.000043 
2485760 pathfinder 1 204 35 0.842000 0.463000  0.000033 0.000029 0.000086 0.000167 0.000085 0.000046 
2485760 pathfinder 1 204 35 0.842000 0.385000  0.000035 0.000031 0.000085 0.000171 0.000093 0.000048 
2485760 pathfinder 1 204 35 0.842000 0.539000  0.000030 0.000028 0.000078 0.000146 0.000079 0.000043 
2485760 pathfinder 1 204 35 0.842000 0.462000  0.000039 0.000032 0.000087 0.000182 0.000093 0.000048 
2485888 pathfinder 1 204 35 0.842000 0.385000  0.000035 0.000029 0.000080 0.000150 0.000080 0.000043 
2485888 pathfinder 1 204 35 0.842000 0.462000  0.000030 0.000028 0.000079 0.000151 0.000081 0.000044 
2485888 pathfinder 1 204 35 0.842000 0.462000  0.000033 0.000061 0.000149 0.000310 0.000128 0.000062 
2485888 pathfinder 1 204 35 0.842000 0.462000  0.000030 0.000028 0.000078 0.000151 0.000081 0.000044 
2486016 pathfinder 1 204 35 0.842000 0.463000  0.000008 0.000050 0.000034 0.000111 0.000000 0.000006 
2486016 pathfinder 1 204 35 0.842000 0.539000  0.000029 0.000028 0.000077 0.000153 0.000081 0.000043 
2486016 pathfinder 1 204 35 0.842000 0.462000  0.000041 0.000032 0.000088 0.000189 0.000096 0.000049 
2486016 pathfinder 1 204 35 0.842000 0.463000  0.000030 0.000029 0.000083 0.000170 0.000087 0.000046 
2486144 pathfinder 1 204 35 0.842000 0.385000  0.000038 0.000031 0.000084 0.000179 0.000093 0.000049 
2486144 pathfinder 1 204 35 0.842000 0.462000  0.000034 0.000029 0.000082 0.000161 0.000086 0.000045 
2486144 pathfinder 1 204 35 0.842000 0.463000  0.000460 0.000499 0.001264 0.002704 0.001685 0.000791 
2486144 pathfinder 1 204 35 0.842000 0.463000  0.000029 0.000029 0.000080 0.000159 0.000088 0.000046 
2486272 pathfinder 1 204 35 0.842000 0.385000  0.000035 0.000030 0.000083 0.000277 0.000116 0.000056 
2486272 pathfinder 1 204 35 0.842000 0.462000  0.000029 0.000027 0.000076 0.000145 0.000078 0.000044 
2486272 pathfinder 1 204 35 0.842000 0.462000  0.003432 0.011947 0.004040 0.011960 0.000002 0.000258 
2486272 pathfinder 1 204 35 0.842000 0.385000  0.000008 0.000087 0.000046 0.000138 0.083437 0.042359 
2486400 pathfinder 1 204 35 0.842000 0.463000  0.000029 0.000029 0.000079 0.000159 0.000082 0.000044 
2486400 pathfinder 1 204 35 0.842000 0.463000  0.000032 0.000042 0.000102 0.000243 0.000117 0.000065 
2486400 pathfinder 1 204 35 0.842000 0.462000  0.000030 0.000027 0.000076 0.000142 0.000082 0.000043 
2486400 pathfinder 1 204 35 0.842000 0.462000  0.000007 0.000007 0.000021 0.000039 0.000026 0.000013 
2486528 pathfinder 1 204 35 0.842000 0.462000  0.000029 0.000027 0.000076 0.000163 0.000084 0.000044 
2486528 pathfinder 1 204 35 0.842000 0.385000  0.000034 0.000029 0.000080 0.000164 0.000084 0.000044 
2486528 pathfinder 1 204 35 0.842000 0.463000  0.000041 0.000030 0.000084 0.000181 0.000091 0.000048 
2486528 pathfinder 1 204 35 0.842000 0.462000  0.000029 0.000027 0.000076 0.000143 0.000078 0.000042 
2486528 pathfinder 1 204 35 0.842000 0.385000  0.000038 0.000031 0.000085 0.000178 0.000092 0.000047 
2486656 pathfinder 1 204 35 0.842000 0.385000  0.000029 0.000027 0.000075 0.000142 0.000077 0.000042 
2486656 pathfinder 1 204 35 0.842000 0.385000  0.000036 0.000029 0.000082 0.000177 0.000087 0.000045 
2486656 pathfinder 1 204 35 0.842000 0.462000  0.000031 0.000029 0.000080 0.000204 0.000101 0.000058 
2486656 pathfinder 1 204 35 0.842000 0.462000  0.000030 0.000027 0.000079 0.000164 0.000081 0.000043 
2486784 pathfinder 1 204 35 0.842000 0.462000  0.000038 0.000030 0.000082 0.000177 0.000090 0.000045 
2486784 pathfinder 1 204 35 0.842000 0.462000  0.000031 0.000033 0.000085 0.000176 0.000087 0.000044 
2486784 pathfinder 1 204 35 0.842000 0.539000  0.000029 0.000027 0.000075 0.000142 0.000077 0.000041 
2486784 pathfinder 1 204 35 0.842000 0.385000  1.025068 0.375084 0.972545 1.025839 0.362270 0.182787 
2486912 pathfinder 1 204 35 0.842000 0.462000  0.000045 0.000030 0.000080 0.000158 0.000088 0.000044 
2486912 pathfinder 1 204 35 0.842000 0.462000  0.000029 0.000029 0.000086 0.000179 0.000088 0.000045 
2486912 pathfinder 1 204 35 0.842000 0.462000  0.000374 0.000249 0.000664 0.001428 0.000750 0.000379 
2486912 pathfinder 1 204 35 0.842000 0.462000  0.000029 0.000030 0.000081 0.000165 0.000084 0.000044 
2487040 pathfinder 1 204 35 0.842000 0.385000  0.000031 0.000041 0.000100 0.000241 0.000114 0.000063 
2487040 pathfinder 1 204 35 0.842000 0.463000  0.009511 0.031116 0.010502 0.031200 0.000004 0.000743 
2487040 pathfinder 1 204 35 0.842000 0.462000  0.000265 0.000207 0.000582 0.001184 0.000607 0.000322 
2487168 pathfinder 1 204 35 0.842000 0.463000  0.000231 0.000651 0.001523 0.002858 0.001240 0.000585 
2487168 pathfinder 1 204 35 0.842000 0.385000  0.000238 0.000214 0.000588 0.001119 0.000627 0.000329 
2487168 pathfinder 1 204 35 0.842000 0.462000  0.000215 0.000199 0.000560 0.001057 0.000577 0.000310 
2487168 pathfinder 1 204 35 0.842000 0.462000  0.000282 0.000234 0.000622 0.001472 0.000730 0.000365 
2487296 pathfinder 1 204 35 0.842000 0.462000  0.000219 0.000199 0.000553 0.001058 0.000574 0.000307 
2487296 pathfinder 1 204 35 0.842000 0.463000  0.000037 0.000031 0.000082 0.000170 0.000091 0.000046 
2487296 pathfinder 1 204 35 0.842000 0.308000  0.000028 0.000026 0.000074 0.000143 0.000075 0.000041 
2487296 pathfinder 1 204 35 0.842000 0.463000  0.000029 0.000026 0.000075 0.000214 0.000100 0.000050 
2487424 pathfinder 1 204 35 0.842000 0.385000  0.000041 0.000029 0.000077 0.000151 0.000079 0.000042 
2487424 pathfinder 1 204 35 0.842000 0.463000  0.000033 0.000027 0.000075 0.000164 0.000133 0.000066 
2487424 pathfinder 1 204 35 0.842000 0.463000  0.000040 0.000029 0.000078 0.000153 0.000079 0.000042 
2487424 pathfinder 1 204 35 0.842000 0.463000  0.000032 0.000027 0.000075 0.000145 0.000077 0.000042 
2487424 pathfinder 1 204 35 0.842000 0.385000  0.000036 0.000031 0.000084 0.000173 0.000092 0.000047 
2487552 pathfinder 1 204 35 0.842000 0.463000  0.000028 0.000026 0.000074 0.000138 0.000075 0.000052 
2487552 pathfinder 1 204 35 0.842000 0.463000  0.000036 0.000031 0.000082 0.000168 0.000089 0.000046 
2487552 pathfinder 1 204 35 0.842000 0.463000  0.000028 0.000026 0.000073 0.000137 0.000075 0.000040 
2487552 pathfinder 1 204 35 0.842000 0.463000  0.000029 0.000028 0.000077 0.000162 0.000079 0.000042 
2487680 pathfinder 1 204 35 0.842000 0.385000  0.000047 0.000032 0.000083 0.000173 0.000085 0.000043 
2487680 pathfinder 1 204 35 0.842000 0.462000  0.000028 0.000028 0.000077 0.000153 0.000083 0.000043 
2487680 pathfinder 1 204 35 0.842000 0.462000  0.000035 0.000031 0.000084 0.000174 0.000091 0.000045 
2487680 pathfinder 1 204 35 0.842000 0.385000  0.000014 0.000103 0.000052 0.000182 0.000000 0.000008 
2487808 pathfinder 1 204 35 0.842000 0.462000  0.000036 0.000031 0.000082 0.000168 0.000090 0.000046 
2487808 pathfinder 1 204 35 0.842000 0.463000  0.000035 0.000029 0.000082 0.000165 0.000085 0.000045 
2487808 pathfinder 1 204 35 0.842000 0.386000  0.000048 0.000031 0.000081 0.000162 0.000086 0.000044 
2487808 pathfinder 1 204 35 0.842000 0.386000  0.000029 0.000026 0.000072 0.000137 0.000074 0.000041 
2487936 pathfinder 1 204 35 0.842000 0.386000  0.000036 0.000029 0.000080 0.000170 0.000088 0.000045 
2487936 pathfinder 1 204 35 0.842000 0.385000  0.000028 0.000026 0.000072 0.000135 0.000076 0.000041 
2487936 pathfinder 1 204 35 0.842000 0.463000  0.000030 0.000027 0.000077 0.000149 0.000078 0.000042 
2487936 pathfinder 1 204 35 0.842000 0.386000  0.000035 0.000028 0.000076 0.000148 0.000080 0.000042 
2488064 pathfinder 1 204 35 0.842000 0.462000  0.000028 0.000026 0.000072 0.000136 0.000074 0.000040 
2488064 pathfinder 1 204 35 0.842000 0.385000  0.000035 0.000029 0.000081 0.000163 0.000080 0.000042 
2488064 pathfinder 1 204 35 0.842000 0.385000  0.000034 0.000029 0.000084 0.000178 0.000090 0.000046 
2488064 pathfinder 1 204 35 0.842000 0.462000  0.000028 0.000026 0.000076 0.000147 0.000076 0.000041 
2488192 pathfinder 1 204 35 0.842000 0.385000  0.000030 0.000027 0.000096 0.000201 0.000100 0.000049 
2488192 pathfinder 1 204 35 0.842000 0.385000  0.000028 0.000026 0.000072 0.000135 0.000073 0.000041 
2488192 pathfinder 1 204 35 0.842000 0.462000  0.000028 0.000026 0.000074 0.000157 0.000083 0.000044 
2488192 pathfinder 1 204 35 0.842000 0.463000  0.000059 0.000055 0.000154 0.000290 0.000158 0.000085 
2488320 pathfinder 1 204 35 0.842000 0.385000  0.006150 0.019836 0.007152 0.019892 0.000003 0.000446 
2488320 pathfinder 1 204 35 0.842000 0.462000  0.000007 0.000048 0.000029 0.000093 0.000000 0.000005 
2488320 pathfinder 1 204 35 0.842000 0.463000  0.000007 0.000041 0.000027 0.000086 0.000000 0.000005 
2488320 pathfinder 1 204 35 0.842000 0.385000  0.352616 0.123120 0.303295 0.353155 0.123850 0.061771 
2488448 pathfinder 1 204 35 0.842000 0.463000  0.000028 0.000025 0.000071 0.000137 0.000073 0.000043 
2488448 pathfinder 1 204 35 0.842000 0.386000  0.355836 0.123925 0.304415 0.356367 0.125025 0.062163 
2488448 pathfinder 1 204 35 0.842000 0.462000  0.000030 0.000027 0.000073 0.000142 0.000078 0.000041 
2488448 pathfinder 1 204 35 0.842000 0.385000  0.000028 0.000025 0.000071 0.000157 0.000077 0.000040 
2488576 pathfinder 1 204 35 0.842000 0.462000  0.000061 0.000055 0.000154 0.000297 0.000163 0.000087 
2488576 pathfinder 1 204 35 0.842000 0.386000  0.000034 0.000029 0.000078 0.000162 0.000087 0.000044 
2488576 pathfinder 1 204 35 0.842000 0.385000  0.000027 0.000029 0.000082 0.000234 0.000115 0.000057 
2488576 pathfinder 1 204 35 0.842000 0.463000  0.382017 0.131929 0.319828 0.382161 0.134596 0.066201 
2488704 pathfinder 1 204 35 0.842000 0.540000  0.000027 0.000026 0.000077 0.000169 0.000115 0.000056 
2488704 pathfinder 1 204 35 0.842000 0.385000  0.000028 0.000026 0.000073 0.000138 0.000079 0.000044 
2488704 pathfinder 1 204 35 0.842000 0.386000  0.000060 0.000055 0.000152 0.000412 0.000188 0.000093 
2488704 pathfinder 1 204 35 0.842000 0.385000  0.000030 0.000027 0.000076 0.000158 0.000084 0.000043 
2488832 pathfinder 1 204 35 0.842000 0.462000  0.000007 0.000122 0.000058 0.000167 0.000823 0.000394 
2488832 pathfinder 1 204 35 0.842000 0.462000  0.000064 0.000057 0.000159 0.000326 0.000178 0.000095 
2488832 pathfinder 1 204 35 0.842000 0.539000  0.000007 0.000050 0.000035 0.000137 0.000000 0.000008 
2488832 pathfinder 1 204 35 0.842000 0.385000  0.000009 0.000055 0.000033 0.000110 0.000000 0.000006 
2488960 pathfinder 1 204 35 0.842000 0.462000  0.000007 0.000040 0.000027 0.000084 0.000000 0.000005 
2488960 pathfinder 1 204 35 0.842000 0.463000  0.000007 0.000046 0.000031 0.000102 0.000000 0.000006 
2488960 pathfinder 1 204 35 0.842000 0.462000  0.000011 0.000072 0.000036 0.062840 0.022832 0.011063 
2488960 pathfinder 1 204 35 0.842000 0.463000  0.000375 0.000182 0.000428 0.001084 0.000500 0.000242 
2489088 pathfinder 1 204 35 0.842000 0.463000  0.000118 0.000109 0.000306 0.000577 0.000314 0.000169 
2489088 pathfinder 1 204 35 0.842000 0.463000  0.000124 0.000131 0.000343 0.000731 0.000381 0.000192 
2489088 pathfinder 1 204 35 0.842000 0.308000  0.000118 0.000121 0.000323 0.000640 0.000331 0.000287 
2489088 pathfinder 1 204 35 0.842000 0.385000  0.000711 0.000231 0.000541 0.001294 0.000513 0.000243 
2489216 pathfinder 1 204 35 0.842000 0.386000  0.032201 0.009425 0.019476 0.032755 0.011265 0.004815 
2489216 pathfinder 1 204 35 0.842000 0.463000  0.000055 0.000052 0.000146 0.000276 0.000149 0.000080 
2489216 pathfinder 1 204 35 0.842000 0.385000  0.000057 0.000052 0.000145 0.000274 0.000149 0.000080 
2489216 pathfinder 1 204 35 0.842000 0.463000  0.000055 0.000052 0.000145 0.000286 0.000156 0.000084 
2489344 pathfinder 1 204 35 0.842000 0.385000  0.000069 0.000059 0.000162 0.000316 0.000166 0.000085 
2489344 pathfinder 1 204 35 0.842000 0.462000  0.000029 0.000025 0.000071 0.000140 0.000073 0.000038 
2489344 pathfinder 1 204 35 0.842000 0.462000  0.000027 0.000025 0.000069 0.000131 0.000073 0.000039 
2489344 pathfinder 1 204 35 0.842000 0.385000  0.000025 0.000024 0.000066 0.000124 0.000068 0.000037 
2489472 pathfinder 1 204 35 0.842000 0.308000  0.000034 0.000027 0.000076 0.000161 0.000086 0.000043 
2489472 pathfinder 1 204 35 0.842000 0.386000  0.000026 0.000024 0.000066 0.000126 0.000068 0.000037 
2489472 pathfinder 1 204 35 0.842000 0.463000  0.000026 0.000024 0.000066 0.000127 0.000070 0.000037 
2489472 pathfinder 1 204 35 0.842000 0.463000  0.000033 0.000028 0.000077 0.000165 0.000085 0.000042 
2489600 pathfinder 1 204 35 0.842000 0.463000  0.000025 0.000024 0.000066 0.000125 0.000068 0.000036 
2489600 pathfinder 1 204 35 0.842000 0.462000  0.000030 0.000025 0.000069 0.000167 0.000080 0.000040 
2489600 pathfinder 1 204 35 0.842000 0.385000  0.000114 0.000108 0.000301 0.000566 0.000314 0.000167 
2489600 pathfinder 1 204 35 0.842000 0.462000  0.000114 0.000107 0.000299 0.000569 0.000310 0.000166 
2489728 pathfinder 1 204 35 0.842000 0.385000  0.000027 0.000025 0.000069 0.000137 0.000073 0.000039 
2489728 pathfinder 1 204 35 0.842000 0.540000  0.000025 0.000023 0.000066 0.000123 0.000067 0.000036 
2489728 pathfinder 1 204 35 0.842000 0.462000  0.000310 0.000164 0.000480 0.000957 0.000521 0.000252 
2489728 pathfinder 1 204 35 0.842000 0.386000  0.000025 0.000023 0.000066 0.000124 0.000071 0.000037 
2489728 pathfinder 1 204 35 0.842000 0.540000  0.000034 0.000027 0.000072 0.000154 0.000079 0.000042 
2489856 pathfinder 1 204 35 0.842000 0.385000  0.000025 0.000023 0.000066 0.000123 0.000068 0.000036 
2489856 pathfinder 1 204 35 0.842000 0.463000  0.000029 0.000037 0.000095 0.000230 0.000099 0.000046 
2489856 pathfinder 1 204 35 0.842000 0.463000  0.000026 0.000023 0.000065 0.000122 0.000067 0.000036 
2489856 pathfinder 1 204 35 0.842000 0.463000  0.000025 0.000048 0.000113 0.000649 0.000192 0.000084 
2489984 pathfinder 1 204 35 0.842000 0.462000  0.000025 0.000027 0.000072 0.000138 0.000071 0.000037 
2489984 pathfinder 1 204 35 0.842000 0.463000  0.012092 0.034740 0.013453 0.034785 0.000005 0.000850 
2489984 pathfinder 1 204 35 0.842000 0.463000  0.000007 0.000039 0.000026 0.000080 0.000000 0.000005 
2489984 pathfinder 1 204 35 0.842000 0.463000  0.000032 0.000026 0.000073 0.000149 0.000077 0.000039 
2490112 pathfinder 1 204 35 0.842000 0.463000  0.000113 0.000103 0.000283 0.000550 0.000320 0.000165 
2490112 pathfinder 1 204 35 0.842000 0.462000  0.000025 0.000023 0.000065 0.000200 0.000090 0.000044 
2490112 pathfinder 1 204 35 0.842000 0.463000  0.001403 0.003561 0.001514 0.003610 0.000001 0.000106 
2490112 pathfinder 1 204 35 0.842000 0.386000  0.000025 0.000023 0.000065 0.000122 0.000066 0.000036 
2490240 pathfinder 1 204 35 0.842000 0.463000  0.000031 0.000025 0.000070 0.000151 0.000079 0.000041 
2490240 pathfinder 1 204 35 0.842000 0.463000  0.000025 0.000023 0.000068 0.000139 0.000070 0.000037 
2490240 pathfinder 1 204 35 0.842000 0.463000  0.000037 0.000026 0.000071 0.000143 0.000073 0.000038 
2490240 pathfinder 1 204 35 0.842000 0.385000  0.000032 0.000024 0.000067 0.000131 0.000069 0.000037 
2490368 pathfinder 1 204 35 0.842000 0.462000  0.000024 0.000023 0.000065 0.000119 0.000065 0.000036 
2490368 pathfinder 1 204 35 0.842000 0.462000  0.000026 0.000024 0.000067 0.000128 0.000071 0.000037 
2490368 pathfinder 1 204 35 0.842000 0.308000  0.000025 0.000024 0.000066 0.000130 0.000069 0.000036 
2490368 pathfinder 1 204 35 0.842000 0.539000  0.000024 0.000023 0.000064 0.000137 0.000069 0.000037 
2490496 pathfinder 1 204 35 0.842000 0.540000  0.000105 0.000096 0.000270 0.000519 0.000285 0.000150 
2490496 pathfinder 1 204 35 0.842000 0.463000  0.000025 0.000023 0.000064 0.000121 0.000067 0.000036 
2490496 pathfinder 1 204 35 0.842000 0.463000  0.000025 0.000023 0.000073 0.000154 0.000092 0.000045 
2490496 pathfinder 1 204 35 0.842000 0.463000  0.000029 0.000025 0.000067 0.000127 0.000068 0.000036 
2490624 pathfinder 1 204 35 0.842000 0.386000  0.000024 0.000023 0.000065 0.000125 0.000068 0.000036 
2490624 pathfinder 1 204 35 0.842000 0.463000  0.000029 0.000025 0.000138 0.000292 0.000127 0.000059 
2490624 pathfinder 1 204 35 0.842000 0.462000  0.000098 0.000175 0.000420 0.000774 0.000435 0.000205 
2490624 pathfinder 1 204 35 0.842000 0.540000  0.000051 0.000030 0.000085 0.000205 0.000090 0.000043 
2490752 pathfinder 1 204 35 0.842000 0.462000  0.000024 0.000025 0.000069 0.000131 0.000071 0.000037 
2490752 pathfinder 1 204 35 0.842000 0.463000  0.000031 0.000026 0.000072 0.000152 0.000081 0.000040 
2490752 pathfinder 1 204 35 0.842000 0.385000  0.000025 0.000023 0.000067 0.000137 0.000069 0.000036 
2490880 pathfinder 1 204 35 0.842000 0.462000  0.000026 0.000035 0.000085 0.000195 0.000098 0.000054 
2490880 pathfinder 1 204 35 0.842000 0.385000  0.033401 0.010098 0.021474 0.034089 0.011989 0.005241 
2490880 pathfinder 1 204 35 0.842000 0.540000  0.000028 0.000024 0.000066 0.000129 0.000070 0.000037 
2490880 pathfinder 1 204 35 0.842000 0.462000  0.000024 0.000023 0.000063 0.000177 0.000083 0.000041 
2491008 pathfinder 1 204 35 0.842000 0.463000  0.000026 0.000024 0.000107 0.000245 0.000114 0.000056 
2491008 pathfinder 1 204 35 0.842000 0.385000  0.000024 0.000023 0.000063 0.000118 0.000065 0.000035 
2491008 pathfinder 1 204 35 0.842000 0.540000  0.000027 0.000024 0.000067 0.000131 0.000069 0.000036 
2491008 pathfinder 1 204 35 0.842000 0.462000  0.000032 0.000026 0.000071 0.000150 0.000077 0.000039 
2491136 pathfinder 1 204 35 0.842000 0.308000  0.000024 0.000022 0.000063 0.000118 0.000064 0.000035 
2491136 pathfinder 1 204 35 0.842000 0.462000  0.000026 0.000023 0.000065 0.000127 0.000069 0.000036 
2491136 pathfinder 1 204 35 0.842000 0.385000  0.002490 0.001163 0.002447 0.002586 0.001206 0.000601 
2491136 pathfinder 1 204 35 0.842000 0.462000  0.000031 0.000025 0.000069 0.000143 0.000076 0.000039 
2491264 pathfinder 1 204 35 0.842000 0.385000  0.000007 0.000038 0.000025 0.000079 0.000000 0.000004 
2491264 pathfinder 1 204 35 0.842000 0.463000  0.000031 0.000025 0.000104 0.000225 0.000115 0.000053 
2491264 pathfinder 1 204 35 0.842000 0.385000  0.000024 0.000022 0.000062 0.000117 0.000063 0.000034 
2491264 pathfinder 1 204 35 0.842000 0.462000  0.000027 0.000023 0.000066 0.000128 0.000069 0.000036 
2491392 pathfinder 1 204 35 0.842000 0.463000  0.000095 0.000085 0.000925 0.001000 0.000539 0.000299 
2491392 pathfinder 1 204 35 0.842000 0.540000  0.000024 0.000022 0.000064 0.000127 0.000072 0.000037 
2491392 pathfinder 1 204 35 0.842000 0.385000  0.000025 0.000023 0.000064 0.000125 0.000073 0.000038 
2491520 pathfinder 1 204 35 0.842000 0.463000  0.000007 0.000081 0.000064 0.000273 0.000000 0.000010 
2491520 pathfinder 1 204 35 0.842000 0.385000  0.000008 0.000045 0.000029 0.000094 0.000000 0.000005 
2491520 pathfinder 1 204 35 0.842000 0.463000  0.000027 0.000037 0.000089 0.000201 0.000097 0.000046 
2491520 pathfinder 1 204 35 0.842000 0.540000  0.000031 0.000026 0.000071 0.000153 0.000077 0.000039 
2491648 pathfinder 1 204 35 0.842000 0.462000  0.000030 0.000025 0.000070 0.000144 0.000073 0.000038 
2491648 pathfinder 1 204 35 0.842000 0.462000  0.000095 0.000081 0.000287 0.000587 0.000337 0.000164 
2491648 pathfinder 1 204 35 0.842000 0.462000  0.000030 0.000025 0.000070 0.000144 0.000072 0.000038 
2491648 pathfinder 1 204 35 0.842000 0.463000  0.000025 0.000023 0.000065 0.000131 0.000071 0.000037 
2491776 pathfinder 1 204 35 0.842000 0.539000  0.000028 0.000023 0.000063 0.000127 0.000067 0.000035 
2491776 pathfinder 1 204 35 0.842000 0.462000  0.000026 0.000034 0.000100 0.000194 0.000095 0.000052 
2491776 pathfinder 1 204 35 0.842000 0.385000  0.000009 0.000091 0.000048 0.000167 0.000000 0.000007 
2491776 pathfinder 1 204 35 0.842000 0.463000  0.000025 0.000023 0.000063 0.000122 0.000066 0.000035 
2491904 pathfinder 1 204 35 0.842000 0.463000  0.000023 0.000022 0.000062 0.000218 0.000094 0.000044 
2491904 pathfinder 1 204 35 0.842000 0.463000  0.000025 0.000023 0.000063 0.000177 0.000084 0.000047 
2491904 pathfinder 1 204 35 0.842000 0.462000  0.000024 0.000022 0.000061 0.000114 0.000062 0.000033 
2491904 pathfinder 1 204 35 0.842000 0.462000  0.000024 0.000023 0.000063 0.000119 0.000066 0.000035 
2492032 pathfinder 1 204 35 0.842000 0.540000  0.000023 0.000022 0.000060 0.000114 0.000061 0.000033 
2492032 pathfinder 1 204 35 0.842000 0.462000  0.000027 0.000023 0.000064 0.000130 0.000071 0.000036 
2492032 pathfinder 1 204 35 0.842000 0.463000  0.000024 0.000023 0.000063 0.000125 0.000069 0.000037 
2492032 pathfinder 1 204 35 0.842000 0.540000  0.000023 0.000022 0.000064 0.000130 0.000066 0.000035 
2492160 pathfinder 1 204 35 0.842000 0.462000  0.000024 0.000023 0.000072 0.000176 0.000085 0.000047 
2492160 pathfinder 1 204 35 0.842000 0.462000  0.000006 0.000037 0.000025 0.000077 0.000000 0.000004 
2492160 pathfinder 1 204 35 0.842000 0.539000  0.000007 0.000066 0.000036 0.000111 0.000000 0.000005 
2492160 pathfinder 1 204 35 0.842000 0.462000  0.000023 0.000021 0.000060 0.000113 0.000061 0.000033 
2492288 pathfinder 1 204 35 0.842000 0.539000  0.000031 0.000025 0.000068 0.000145 0.000077 0.000038 
2492288 pathfinder 1 204 35 0.842000 0.463000  0.000023 0.000021 0.000060 0.000117 0.000062 0.000033 
2492288 pathfinder 1 204 35 0.842000 0.462000  0.000026 0.000023 0.000066 0.000140 0.000070 0.000036 
2492288 pathfinder 1 204 35 0.842000 0.385000  0.000036 0.000024 0.000066 0.000130 0.000066 0.000035 
2492416 pathfinder 1 204 35 0.842000 0.463000  0.000024 0.000033 0.000080 0.000162 0.000093 0.000046 
2492416 pathfinder 1 204 35 0.842000 0.385000  0.000023 0.000021 0.000060 0.000111 0.000062 0.000033 
2492416 pathfinder 1 204 35 0.842000 0.540000  0.000023 0.000021 0.000059 0.000112 0.000061 0.000033 
2492544 pathfinder 1 204 35 0.842000 0.462000  0.000006 0.000036 0.000024 0.000075 0.000000 0.000004 
2492544 pathfinder 1 204 35 0.842000 0.463000  0.000023 0.000021 0.000059 0.000113 0.000061 0.000033 
2492544 pathfinder 1 204 35 0.842000 0.462000  0.000031 0.000024 0.000065 0.000141 0.000074 0.000037 
2492544 pathfinder 1 204 35 0.842000 0.462000  0.000023 0.000021 0.000059 0.000110 0.000061 0.000033 
2492544 pathfinder 1 204 35 0.842000 0.463000  0.000022 0.000022 0.000062 0.000119 0.000063 0.000034 
2492672 pathfinder 1 204 35 0.842000 0.462000  0.000025 0.000038 0.000088 0.000203 0.000092 0.000044 
2492672 pathfinder 1 204 35 0.842000 0.539000  0.000023 0.000022 0.000061 0.000124 0.000064 0.000034 
2492672 pathfinder 1 204 35 0.842000 0.463000  0.000034 0.000024 0.000064 0.000130 0.000067 0.000035 
2492800 pathfinder 1 204 35 0.842000 0.308000  0.393864 0.239222 0.587113 0.393997 0.231734 0.121263 
2492800 pathfinder 1 204 35 0.842000 0.385000  0.000033 0.000031 0.000088 0.000166 0.000089 0.000048 
2492800 pathfinder 1 204 35 0.842000 0.539000  0.000028 0.000023 0.000062 0.000120 0.000069 0.000036 
2492800 pathfinder 1 204 35 0.842000 0.462000  0.000026 0.000024 0.000066 0.000135 0.000067 0.000035 
2492800 pathfinder 1 204 35 0.842000 0.385000  0.000026 0.000023 0.000068 0.000145 0.000073 0.000036 
2492928 pathfinder 1 204 35 0.842000 0.462000  0.000022 0.000021 0.000059 0.000111 0.000062 0.000033 
2492928 pathfinder 1 204 35 0.842000 0.385000  0.000025 0.000022 0.000061 0.000120 0.000064 0.000035 
2492928 pathfinder 1 204 35 0.842000 0.462000  0.000023 0.000021 0.000059 0.000111 0.000060 0.000032 
2492928 pathfinder 1 204 35 0.842000 0.462000  0.000022 0.000022 0.000061 0.000115 0.000063 0.000034 
2493056 pathfinder 1 204 35 0.842000 0.463000  0.000026 0.000023 0.000082 0.000181 0.000085 0.000041 
2493056 pathfinder 1 204 35 0.842000 0.463000  0.000023 0.000021 0.000059 0.000109 0.000061 0.000032 
2493056 pathfinder 1 204 35 0.842000 0.462000  0.010274 0.029700 0.011483 0.029716 0.000004 0.000674 
2493056 pathfinder 1 204 35 0.842000 0.463000  0.000022 0.000021 0.000058 0.000110 0.000060 0.000032 
2493184 pathfinder 1 204 35 0.842000 0.463000  0.000023 0.000022 0.000062 0.000121 0.000064 0.000034 
2493184 pathfinder 1 204 35 0.842000 0.386000  0.000029 0.000025 0.000066 0.000137 0.000073 0.000036 
2493184 pathfinder 1 204 35 0.842000 0.540000  0.000024 0.000021 0.000059 0.000165 0.000075 0.000037 
2493184 pathfinder 1 204 35 0.842000 0.462000  0.000024 0.000034 0.000081 0.000168 0.000093 0.000045 
2493312 pathfinder 1 204 35 0.842000 0.462000  0.000022 0.000021 0.000058 0.000108 0.000059 0.000032 
2493312 pathfinder 1 204 35 0.842000 0.539000  0.000058 0.000032 0.000096 0.000185 0.000101 0.000049 
2493312 pathfinder 1 204 35 0.842000 0.385000  0.000006 0.000035 0.000024 0.000074 0.000000 0.000004 
2493312 pathfinder 1 204 35 0.842000 0.462000  0.000429 0.001379 0.000502 0.001389 0.000000 0.000033 
2493440 pathfinder 1 204 35 0.842000 0.463000  0.000026 0.000021 0.000061 0.000122 0.000064 0.000034 
2493440 pathfinder 1 204 35 0.842000 0.385000  0.000023 0.000022 0.000060 0.000114 0.000063 0.000033 
2493440 pathfinder 1 204 35 0.842000 0.463000  0.000023 0.000021 0.000058 0.000113 0.000059 0.000032 
2493440 pathfinder 1 204 35 0.842000 0.463000  0.000022 0.000021 0.000059 0.000115 0.000062 0.000033 
2493568 pathfinder 1 204 35 0.842000 0.540000  0.000028 0.000024 0.000066 0.000147 0.000071 0.000049 
2493568 pathfinder 1 204 35 0.842000 0.462000  0.000027 0.000022 0.000062 0.000119 0.000064 0.000034 
2493568 pathfinder 1 204 35 0.842000 0.385000  0.000024 0.000022 0.000064 0.000145 0.000076 0.000038 
2493568 pathfinder 1 204 35 0.842000 0.462000  0.000022 0.000020 0.000092 0.000213 0.000086 0.000041 
2493696 pathfinder 1 204 35 0.842000 0.462000  0.000087 0.000069 0.000188 0.000408 0.000210 0.000105 
2493696 pathfinder 1 204 35 0.842000 0.386000  0.000006 0.000035 0.000023 0.000072 0.000000 0.000004 
2493696 pathfinder 1 204 35 0.842000 0.462000  0.000007 0.000041 0.000027 0.000088 0.000000 0.000005 
2493696 pathfinder 1 204 35 0.842000 0.385000  0.000066 0.000060 0.000167 0.000321 0.000173 0.000092 
2493824 pathfinder 1 204 35 0.842000 0.462000  0.000023 0.000022 0.000077 0.000155 0.000091 0.000044 
2493824 pathfinder 1 204 35 0.842000 0.462000  0.000036 0.000022 0.000060 0.000123 0.000061 0.000032 
2493824 pathfinder 1 204 35 0.842000 0.462000  0.000024 0.000022 0.000060 0.000114 0.000063 0.000033 
2493824 pathfinder 1 204 35 0.842000 0.462000  0.000025 0.000027 0.000071 0.000149 0.000072 0.000036 
2493952 pathfinder 1 204 35 0.842000 0.462000  0.000030 0.000028 0.000078 0.000147 0.000080 0.000043 
2493952 pathfinder 1 204 35 0.842000 0.463000  0.000067 0.000065 0.000234 0.000532 0.000269 0.000128 
2493952 pathfinder 1 204 35 0.842000 0.463000  0.000013 0.000084 0.000043 0.000133 0.000000 0.000007 
2494080 pathfinder 1 204 35 0.842000 0.463000  0.000006 0.000036 0.000025 0.000104 0.000000 0.000166 
2494080 pathfinder 1 204 35 0.842000 0.462000  0.000061 0.000057 0.000162 0.000303 0.000166 0.000089 
2494080 pathfinder 1 204 35 0.842000 0.539000  0.010301 0.003201 0.006930 0.010417 0.003730 0.001660 
2494080 pathfinder 1 204 35 0.842000 0.462000  0.000042 0.000030 0.000082 0.000160 0.000084 0.000044 
2494208 pathfinder 1 204 35 0.842000 0.539000  0.000035 0.000029 0.000082 0.000172 0.000093 0.000048 
2494208 pathfinder 1 204 35 0.842000 0.462000  0.000029 0.000027 0.000077 0.000145 0.000078 0.000042 
2494208 pathfinder 1 204 35 0.842000 0.462000  0.000037 0.000031 0.000086 0.000182 0.000096 0.000049 
2494208 pathfinder 1 204 35 0.842000 0.462000  0.000030 0.000028 0.000077 0.000144 0.000079 0.000043 
2494336 pathfinder 1 204 35 0.842000 0.462000  0.000039 0.000025 0.000065 0.000142 0.000071 0.000035 
2494336 pathfinder 1 204 35 0.842000 0.463000  0.000021 0.000020 0.000055 0.000105 0.000057 0.000031 
2494336 pathfinder 1 204 35 0.842000 0.462000  0.000035 0.000024 0.000062 0.000125 0.000065 0.000033 
2494336 pathfinder 1 204 35 0.842000 0.463000  0.000024 0.000020 0.000055 0.000106 0.000057 0.000031 
2494336 pathfinder 1 204 35 0.842000 0.539000  0.000025 0.000021 0.000061 0.000126 0.000062 0.000032 
2494464 pathfinder 1 204 35 0.842000 0.385000  0.000006 0.000036 0.000024 0.000075 0.000000 0.000004 
2494464 pathfinder 1 204 35 0.842000 0.462000  0.000035 0.000021 0.000058 0.000118 0.000060 0.000031 
2494464 pathfinder 1 204 35 0.842000 0.462000  0.000024 0.000021 0.000059 0.000117 0.000063 0.000033 
2494464 pathfinder 1 204 35 0.842000 0.386000  0.000022 0.000021 0.000086 0.000227 0.000097 0.000000 
2494592 pathfinder 1 204 35 0.842000 0.462000  0.000062 0.000057 0.000161 0.000314 0.000166 0.000089 
2494592 pathfinder 1 204 35 0.842000 0.386000  0.000066 0.000061 0.000227 0.000554 0.000244 0.000131 
2494592 pathfinder 1 204 35 0.842000 0.463000  0.000035 0.000022 0.000060 0.000130 0.000064 0.000033 
2494592 pathfinder 1 204 35 0.842000 0.385000  0.000022 0.000021 0.000076 0.000161 0.000078 0.000038 
2494720 pathfinder 1 204 35 0.842000 0.463000  0.000027 0.000022 0.000062 0.000126 0.000062 0.000032 
2494720 pathfinder 1 204 35 0.842000 0.463000  0.000021 0.000020 0.000059 0.000120 0.000061 0.000032 
2494720 pathfinder 1 204 35 0.842000 0.463000  0.000022 0.000020 0.000056 0.000127 0.000066 0.000034 
2494848 pathfinder 1 204 35 0.842000 0.463000  0.000021 0.000019 0.000054 0.000101 0.000055 0.000030 
2494848 pathfinder 1 204 35 0.842000 0.463000  0.000026 0.000022 0.000061 0.000123 0.000063 0.000033 
2494848 pathfinder 1 204 35 0.842000 0.385000  0.000077 0.000062 0.000172 0.000356 0.000217 0.000105 
2494848 pathfinder 1 204 35 0.842000 0.463000  0.000026 0.000022 0.000061 0.000123 0.000063 0.000033 
2494976 pathfinder 1 204 35 0.842000 0.540000  0.000022 0.000020 0.000056 0.000109 0.000059 0.000032 
2494976 pathfinder 1 204 35 0.842000 0.463000  0.000021 0.000019 0.000055 0.000110 0.000058 0.000031 
2494976 pathfinder 1 204 35 0.842000 0.463000  0.000027 0.000022 0.000059 0.000118 0.000065 0.000033 
2494976 pathfinder 1 204 35 0.842000 0.385000  0.000021 0.000019 0.000054 0.000103 0.000055 0.000030 
2495104 pathfinder 1 204 35 0.842000 0.540000  0.000006 0.000036 0.000024 0.000092 0.000000 0.000005 
2495104 pathfinder 1 204 35 0.842000 0.308000  0.004385 0.002170 0.005120 0.004468 0.002279 0.001114 
2495104 pathfinder 1 204 35 0.842000 0.462000  0.000055 0.000030 0.000000 0.000000 0.000000 0.000000 
2495104 pathfinder 1 204 35 0.842000 0.462000  0.000029 0.000026 0.000073 0.000139 0.000076 0.000040 
2495104 pathfinder 1 204 35 0.842000 0.386000  0.000029 0.000021 0.000059 0.000117 0.000059 0.000031 
2495232 pathfinder 1 204 35 0.842000 0.462000  0.001941 0.005948 0.002227 0.006173 0.000001 0.000154 
2495232 pathfinder 1 204 35 0.842000 0.540000  0.000026 0.000021 0.000060 0.000127 0.000291 0.000108 
2495232 pathfinder 1 204 35 0.842000 0.539000  0.000024 0.000025 0.000064 0.000139 0.000066 0.000033 
2495360 pathfinder 1 204 35 0.842000 0.463000  0.010998 0.003225 0.007223 0.011113 0.003971 0.001642 
2495360 pathfinder 1 204 35 0.842000 0.462000  0.000028 0.000026 0.000073 0.000138 0.000075 0.000040 
2495360 pathfinder 1 204 35 0.842000 0.539000  0.000029 0.000026 0.000072 0.000138 0.000074 0.000040 
2495488 pathfinder 1 204 35 0.842000 0.539000  0.000024 0.000020 0.000057 0.000117 0.000061 0.000031 
2495488 pathfinder 1 204 35 0.842000 0.463000  0.000026 0.000022 0.000083 0.000188 0.000082 0.000039 
2495488 pathfinder 1 204 35 0.842000 0.540000  0.000021 0.000019 0.000056 0.000117 0.000057 0.000034 
2495488 pathfinder 1 204 35 0.842000 0.616000  0.000022 0.000020 0.000055 0.000108 0.000077 0.000037 
2495616 pathfinder 1 204 35 0.842000 0.539000  0.000021 0.000019 0.000053 0.000102 0.000054 0.000030 
2495616 pathfinder 1 204 35 0.842000 0.616000  0.000022 0.000020 0.000073 0.000159 0.000084 0.000041 
2495616 pathfinder 1 204 35 0.842000 0.540000  0.000021 0.000019 0.000055 0.000107 0.000057 0.000030 
2495616 pathfinder 1 204 35 0.842000 0.539000  0.000022 0.000020 0.000055 0.000105 0.000058 0.000031 
2495744 pathfinder 1 204 35 0.842000 0.386000  0.000319 0.001828 0.001239 0.003876 0.000000 0.000216 
2495744 pathfinder 1 204 35 0.842000 0.463000  0.000029 0.000027 0.000095 0.000191 0.000112 0.000057 
2495744 pathfinder 1 204 35 0.842000 0.463000  0.000020 0.000021 0.000057 0.000113 0.000058 0.000031 
2495744 pathfinder 1 204 35 0.842000 0.463000  0.000022 0.000020 0.000055 0.000105 0.000071 0.000035 
2495872 pathfinder 1 204 35 0.842000 0.463000  0.000020 0.000020 0.000055 0.000109 0.000056 0.000030 
2495872 pathfinder 1 204 35 0.842000 0.463000  0.000026 0.000021 0.000059 0.000123 0.000065 0.000033 
2495872 pathfinder 1 204 35 0.842000 0.462000  0.000021 0.000019 0.000052 0.000100 0.000054 0.000029 
2495872 pathfinder 1 204 35 0.842000 0.462000  0.000414 0.000112 0.000241 0.000563 0.000204 0.000091 
2496000 pathfinder 1 204 35 0.842000 0.539000  0.000021 0.000019 0.000052 0.000153 0.000073 0.000035 
2496000 pathfinder 1 204 35 0.842000 0.462000  0.000024 0.000021 0.000055 0.000117 0.000060 0.000032 
2496000 pathfinder 1 204 35 0.842000 0.385000  0.000020 0.000019 0.000052 0.000109 0.000056 0.000029 
2496000 pathfinder 1 204 35 0.842000 0.463000  0.000022 0.000020 0.000054 0.000105 0.000058 0.000035 
2496128 pathfinder 1 204 35 0.842000 0.385000  0.000020 0.000019 0.000052 0.000110 0.000057 0.000030 
2496128 pathfinder 1 204 35 0.842000 0.462000  0.000022 0.000019 0.000053 0.000103 0.000054 0.000029 
2496128 pathfinder 1 204 35 0.842000 0.462000  0.000025 0.000021 0.000059 0.000123 0.000086 0.000040 
2496128 pathfinder 1 204 35 0.842000 0.462000  0.000020 0.000020 0.000055 0.000109 0.000057 0.000030 
2496256 pathfinder 1 204 35 0.842000 0.462000  0.000022 0.000020 0.000058 0.000127 0.000063 0.000032 
2496256 pathfinder 1 204 35 0.842000 0.463000  0.000025 0.000021 0.000058 0.000136 0.000064 0.000033 
2496256 pathfinder 1 204 35 0.842000 0.539000  0.000021 0.000018 0.000052 0.000099 0.000053 0.000029 
2496256 pathfinder 1 204 35 0.842000 0.462000  0.000023 0.000020 0.000054 0.000106 0.000058 0.000030 
2496384 pathfinder 1 204 35 0.842000 0.462000  0.000020 0.000020 0.000055 0.000111 0.000056 0.000029 
2496384 pathfinder 1 204 35 0.842000 0.462000  0.000021 0.000019 0.000052 0.000106 0.000055 0.000029 
2496384 pathfinder 1 204 35 0.842000 0.386000  0.000021 0.000020 0.000054 0.000103 0.000061 0.000031 
2496384 pathfinder 1 204 35 0.842000 0.462000  0.000020 0.000019 0.000055 0.000108 0.000056 0.000029 
2496512 pathfinder 1 204 35 0.842000 0.462000  0.000022 0.000019 0.000054 0.000105 0.000057 0.000030 
2496512 pathfinder 1 204 35 0.842000 0.463000  0.000024 0.000019 0.000053 0.000102 0.000054 0.000029 
2496512 pathfinder 1 204 35 0.842000 0.463000  0.039264 0.014281 0.031676 0.039368 0.015881 0.007260 
2496512 pathfinder 1 204 35 0.842000 0.539000  0.000157 0.000053 0.000115 0.000250 0.000109 0.000049 
2496640 pathfinder 1 204 35 0.842000 0.462000  0.000026 0.000024 0.000068 0.000129 0.000070 0.000038 
2496640 pathfinder 1 204 35 0.842000 0.463000  0.000872 0.000302 0.000571 0.001064 0.000427 0.000188 
2496640 pathfinder 1 204 35 0.842000 0.308000  0.000020 0.000018 0.000056 0.000117 0.000057 0.000030 
2496640 pathfinder 1 204 35 0.842000 0.462000  0.000019 0.000019 0.000052 0.000100 0.000053 0.000029 
2496768 pathfinder 1 204 35 0.842000 0.463000  0.000022 0.000019 0.000053 0.045201 0.000006 0.001035 
2496768 pathfinder 1 204 35 0.842000 0.462000  0.000114 0.001140 0.000655 0.003913 0.000002 0.000146 
2496768 pathfinder 1 204 35 0.842000 0.463000  0.000133 0.000807 0.000506 0.001642 0.000000 0.000085 
2496768 pathfinder 1 204 35 0.842000 0.540000  0.000149 0.001025 0.000667 0.002297 0.000001 0.000118 
2496896 pathfinder 1 204 35 0.842000 0.385000  0.000025 0.000022 0.000058 0.000123 0.000061 0.000031 
2496896 pathfinder 1 204 35 0.842000 0.462000  0.000082 0.000031 0.000075 0.000159 0.000071 0.000035 
2496896 pathfinder 1 204 35 0.842000 0.462000  0.000020 0.000019 0.000068 0.000134 0.000078 0.000039 
2496896 pathfinder 1 204 35 0.842000 0.385000  0.000020 0.000018 0.000051 0.000105 0.000055 0.000029 
2497024 pathfinder 1 204 35 0.842000 0.462000  0.000051 0.000030 0.000088 0.000176 0.000093 0.000044 
2497024 pathfinder 1 204 35 0.842000 0.462000  0.000019 0.000018 0.000051 0.000095 0.000052 0.000029 
2497024 pathfinder 1 204 35 0.842000 0.463000  0.014109 0.004078 0.008491 0.014208 0.004973 0.002106 
2497024 pathfinder 1 204 35 0.842000 0.385000  0.000028 0.000025 0.000072 0.000155 0.000080 0.000041 
2497152 pathfinder 1 204 35 0.842000 0.463000  0.001062 0.000308 0.000584 0.001093 0.000396 0.000166 
2497152 pathfinder 1 204 35 0.842000 0.463000  0.000027 0.000025 0.000090 0.000188 0.000128 0.000060 
2497152 pathfinder 1 204 35 0.842000 0.539000  0.000019 0.000020 0.000054 0.000106 0.000055 0.000029 
2497152 pathfinder 1 204 35 0.842000 0.463000  0.000024 0.000021 0.000060 0.000133 0.000067 0.000033 
2497280 pathfinder 1 204 35 0.842000 0.463000  0.000019 0.000018 0.000050 0.000095 0.000051 0.000028 
2497280 pathfinder 1 204 35 0.842000 0.462000  0.000022 0.000019 0.000054 0.000117 0.000062 0.000031 
2497280 pathfinder 1 204 35 0.842000 0.463000  0.000019 0.000018 0.000050 0.000094 0.000052 0.000028 
2497280 pathfinder 1 204 35 0.842000 0.386000  0.000021 0.000019 0.000052 0.000100 0.000054 0.000029 
2497408 pathfinder 1 204 35 0.842000 0.386000  0.000021 0.000028 0.000068 0.000177 0.000085 0.000040 
2497408 pathfinder 1 204 35 0.842000 0.463000  0.000410 0.000098 0.000197 0.000494 0.000171 0.000068 
2497408 pathfinder 1 204 35 0.842000 0.462000  0.000025 0.000020 0.000055 0.000114 0.000062 0.000032 
2497408 pathfinder 1 204 35 0.842000 0.462000  0.082239 0.241962 0.091697 0.242939 0.000038 0.006062 
2497536 pathfinder 1 204 35 0.842000 0.385000  0.000022 0.000019 0.000053 0.000107 0.000058 0.000030 
2497536 pathfinder 1 204 35 0.842000 0.462000  0.085926 0.260197 0.096762 0.260902 0.000041 0.006422 
2497536 pathfinder 1 204 35 0.842000 0.462000  0.000020 0.000019 0.000052 0.000106 0.000059 0.000031 
2497664 pathfinder 1 204 35 0.842000 0.462000  0.000022 0.000020 0.000056 0.000122 0.000059 0.000030 
2497664 pathfinder 1 204 35 0.842000 0.462000  0.000021 0.000028 0.000067 0.000141 0.000080 0.000038 
2497664 pathfinder 1 204 35 0.842000 0.462000  0.000019 0.000018 0.000050 0.000095 0.000052 0.000028 
2497664 pathfinder 1 204 35 0.842000 0.462000  0.000041 0.000047 0.000104 0.000233 0.000093 0.000042 
2497792 pathfinder 1 204 35 0.842000 0.386000  0.000019 0.000018 0.000050 0.000093 0.000051 0.000027 
2497792 pathfinder 1 204 35 0.842000 0.463000  0.000022 0.000020 0.000056 0.000111 0.000057 0.000030 
2497792 pathfinder 1 204 35 0.842000 0.462000  0.000021 0.000019 0.000053 0.000114 0.000059 0.000031 
2497792 pathfinder 1 204 35 0.842000 0.539000  0.000019 0.000018 0.000050 0.000093 0.000051 0.000027 
2497792 pathfinder 1 204 35 0.842000 0.462000  0.000020 0.000019 0.000052 0.000099 0.000054 0.000029 
2497920 pathfinder 1 204 35 0.842000 0.462000  0.000040 0.000037 0.000102 0.000199 0.000106 0.000056 
2497920 pathfinder 1 204 35 0.842000 0.539000  0.000020 0.000019 0.000052 0.000098 0.000054 0.000029 
2497920 pathfinder 1 204 35 0.842000 0.462000  0.000070 0.000413 0.000273 0.000860 0.000000 0.000048 
2498048 pathfinder 1 204 35 0.842000 0.539000  0.000018 0.000018 0.000049 0.000091 0.000050 0.000027 
2498048 pathfinder 1 204 35 0.842000 0.463000  0.000021 0.000019 0.000052 0.000105 0.000055 0.000029 
2498048 pathfinder 1 204 35 0.842000 0.540000  0.000041 0.000026 0.000068 0.000139 0.000070 0.000036 
2498048 pathfinder 1 204 35 0.842000 0.539000  0.002145 0.000597 0.001242 0.002256 0.000841 0.000351 
2498176 pathfinder 1 204 35 0.842000 0.539000  0.000066 0.000378 0.000256 0.000791 0.000000 0.000045 
2498176 pathfinder 1 204 35 0.842000 0.463000  0.005570 0.002024 0.004621 0.005666 0.002399 0.001031 
2498176 pathfinder 1 204 35 0.842000 0.385000  0.000026 0.000024 0.000074 0.000159 0.000080 0.000043 
2498176 pathfinder 1 204 35 0.842000 0.463000  0.000018 0.000017 0.000049 0.000091 0.000050 0.000027 
2498176 pathfinder 1 204 35 0.842000 0.462000  0.000019 0.000017 0.000049 0.000093 0.000050 0.000027 
2498304 pathfinder 1 204 35 0.842000 0.385000  0.002857 0.000670 0.001317 0.002883 0.000881 0.000351 
2498304 pathfinder 1 204 35 0.842000 0.540000  0.000152 0.000109 0.000242 0.000457 0.000209 0.000093 
2498304 pathfinder 1 204 35 0.842000 0.463000  0.000024 0.000022 0.000062 0.000118 0.000064 0.000034 
2498432 pathfinder 1 204 35 0.842000 0.386000  0.000024 0.000019 0.000054 0.000112 0.000060 0.000032 
2498432 pathfinder 1 204 35 0.842000 0.540000  0.000019 0.000017 0.000049 0.000092 0.000050 0.000027 
2498560 pathfinder 1 204 35 0.842000 0.385000  0.000146 0.000084 0.000168 0.000330 0.000143 0.000071 
2498560 pathfinder 1 204 35 0.842000 0.462000  0.000021 0.000018 0.000049 0.000094 0.000054 0.000029 
2498560 pathfinder 1 204 35 0.842000 0.462000  0.061623 0.030468 0.072980 0.061663 0.030772 0.015517 
2498560 pathfinder 1 204 35 0.842000 0.540000  0.000037 0.000034 0.000000 0.000000 0.000000 0.000000 
2498688 pathfinder 1 204 35 0.842000 0.462000  0.000028 0.000019 0.000051 0.000103 0.000053 0.000028 
2498688 pathfinder 1 204 35 0.842000 0.463000  0.000021 0.000018 0.000053 0.000107 0.000055 0.000029 
2498688 pathfinder 1 204 35 0.842000 0.385000  0.000024 0.000020 0.000057 0.000122 0.000062 0.000031 
2498688 pathfinder 1 204 35 0.842000 0.463000  0.000023 0.000019 0.000052 0.000109 0.000056 0.000029 
2498816 pathfinder 1 204 35 0.842000 0.386000  0.000019 0.000027 0.000065 0.000151 0.000074 0.000041 
2498816 pathfinder 1 204 35 0.842000 0.463000  0.000019 0.000017 0.000048 0.000090 0.000050 0.000027 
2498816 pathfinder 1 204 35 0.842000 0.462000  0.000023 0.000020 0.000055 0.000118 0.000060 0.000030 
2498816 pathfinder 1 204 35 0.842000 0.462000  0.008624 0.002721 0.006002 0.008734 0.003238 0.001415 
2498944 pathfinder 1 204 35 0.842000 0.462000  0.000036 0.000033 0.000094 0.000178 0.000097 0.000052 
2498944 pathfinder 1 204 35 0.842000 0.385000  0.000021 0.000255 0.000585 0.000416 0.000242 0.000130 
2498944 pathfinder 1 204 35 0.842000 0.462000  0.000022 0.000029 0.000070 0.000159 0.000071 0.000034 
2498944 pathfinder 1 204 35 0.842000 0.385000  0.000029 0.000024 0.000068 0.000144 0.000235 0.000098 
2499072 pathfinder 1 204 35 0.842000 0.462000  0.000021 0.000019 0.000052 0.000103 0.000052 0.000027 
2499072 pathfinder 1 204 35 0.842000 0.386000  0.000019 0.000027 0.000064 0.000127 0.000075 0.000037 
2499072 pathfinder 1 204 35 0.842000 0.462000  0.000019 0.000017 0.000048 0.000089 0.000049 0.000026 
2499072 pathfinder 1 204 35 0.842000 0.385000  0.000022 0.000019 0.000053 0.000110 0.000062 0.000031 
2499200 pathfinder 1 204 35 0.842000 0.462000  0.000018 0.000017 0.000048 0.000089 0.000051 0.000027 
2499200 pathfinder 1 204 35 0.842000 0.463000  0.000031 0.000021 0.000055 0.000113 0.000059 0.000030 
2499200 pathfinder 1 204 35 0.842000 0.539000  0.000019 0.000017 0.000048 0.000089 0.000049 0.000027 
2499200 pathfinder 1 204 35 0.842000 0.462000  0.000023 0.000019 0.000055 0.000124 0.000060 0.000030 
2499328 pathfinder 1 204 35 0.842000 0.462000  0.000018 0.000017 0.000050 0.000103 0.000052 0.000027 
2499328 pathfinder 1 204 35 0.842000 0.540000  0.000021 0.000018 0.000049 0.000106 0.000055 0.000030 
2499328 pathfinder 1 204 35 0.842000 0.385000  0.000065 0.000385 0.000254 0.000809 0.000000 0.000044 
2499328 pathfinder 1 204 35 0.842000 0.463000  0.000023 0.000024 0.000072 0.000165 0.000084 0.000039 
2499456 pathfinder 1 204 35 0.842000 0.386000  0.017001 0.005463 0.012111 0.017091 0.006562 0.002910 
2499456 pathfinder 1 204 35 0.842000 0.463000  0.000025 0.000023 0.000062 0.000116 0.000066 0.000040 
2499456 pathfinder 1 204 35 0.842000 0.385000  0.000018 0.000017 0.000047 0.000090 0.000048 0.000026 
2499456 pathfinder 1 204 35 0.842000 0.385000  0.000019 0.000018 0.000049 0.000095 0.000052 0.000029 
2499584 pathfinder 1 204 35 0.842000 0.462000  0.000018 0.000017 0.000047 0.000089 0.000048 0.000026 
2499584 pathfinder 1 204 35 0.842000 0.462000  0.000017 0.000017 0.000047 0.000087 0.000048 0.000026 
2499584 pathfinder 1 204 35 0.842000 0.463000  0.000019 0.002369 0.005120 0.006145 0.002562 0.001209 
2499712 pathfinder 1 204 35 0.842000 0.463000  0.000022 0.000021 0.000059 0.000110 0.000063 0.000034 
2499712 pathfinder 1 204 35 0.842000 0.385000  0.000024 0.000019 0.000056 0.000120 0.000060 0.000030 
2499712 pathfinder 1 204 35 0.842000 0.463000  0.000018 0.000017 0.000047 0.000105 0.000053 0.000027 
2499712 pathfinder 1 204 35 0.842000 0.463000  0.000069 0.000399 0.000270 0.001104 0.000000 0.000060 
2499712 pathfinder 1 204 35 0.842000 0.385000  0.000018 0.000017 0.000047 0.000088 0.000048 0.000026 
2499840 pathfinder 1 204 35 0.842000 0.540000  0.000019 0.000026 0.000063 0.000128 0.000074 0.000036 
2499840 pathfinder 1 204 35 0.842000 0.385000  0.000023 0.000021 0.000059 0.000112 0.000060 0.000032 
2499840 pathfinder 1 204 35 0.842000 0.462000  0.000019 0.000017 0.000064 0.000133 0.000077 0.000036 
2499840 pathfinder 1 204 35 0.842000 0.462000  0.000019 0.000017 0.000046 0.000087 0.000048 0.000026 
2499968 pathfinder 1 204 35 0.842000 0.463000  0.000019 0.000018 0.000050 0.000101 0.000053 0.000028 
2499968 pathfinder 1 204 35 0.842000 0.462000  0.000018 0.000017 0.000046 0.000087 0.000048 0.000026 
2499968 pathfinder 1 204 35 0.842000 0.462000  0.000033 0.000019 0.000053 0.000109 0.000053 0.000028 
2499968 pathfinder 1 204 35 0.842000 0.462000  0.027663 0.086568 0.031651 0.086941 0.000011 0.002117 
2500096 pathfinder 1 204 35 0.842000 0.463000  0.000088 0.000528 0.000413 0.001394 0.000000 0.000055 
2500096 pathfinder 1 204 35 0.842000 0.463000  0.000058 0.000330 0.000225 0.000694 0.000000 0.000040 
2500096 pathfinder 1 204 35 0.842000 0.462000  0.000061 0.000355 0.000241 0.000742 0.000000 0.000042 
2500096 pathfinder 1 204 35 0.842000 0.385000  0.000058 0.000344 0.000246 0.000771 0.000000 0.000041 
2500224 pathfinder 1 204 35 0.842000 0.463000  0.000024 0.000020 0.000052 0.000111 0.000058 0.000029 
2500224 pathfinder 1 204 35 0.842000 0.462000  0.000018 0.000019 0.000052 0.000111 0.000053 0.000027 
2500224 pathfinder 1 204 35 0.842000 0.463000  0.004706 0.017461 0.006109 0.017884 0.000005 0.000489 
2500224 pathfinder 1 204 35 0.842000 0.385000  0.000018 0.000017 0.000046 0.000088 0.000048 0.000026 
2500352 pathfinder 1 204 35 0.842000 0.462000  0.000022 0.000019 0.000051 0.000101 0.000051 0.000027 
2500352 pathfinder 1 204 35 0.842000 0.386000  0.000059 0.000345 0.000237 0.000764 0.000000 0.000061 
2500352 pathfinder 1 204 35 0.842000 0.539000  0.003148 0.001151 0.002505 0.003226 0.001267 0.000608 
2500352 pathfinder 1 204 35 0.842000 0.462000  0.000019 0.000017 0.000048 0.000121 0.000062 0.000031 
2500480 pathfinder 1 204 35 0.842000 0.540000  0.000031 0.000024 0.000069 0.000000 0.000000 0.000000 
2500480 pathfinder 1 204 35 0.842000 0.385000  0.000019 0.000018 0.000048 0.000094 0.000051 0.000027 
2500480 pathfinder 1 204 35 0.842000 0.617000  0.000021 0.000017 0.000049 0.000103 0.000053 0.000027 
2500608 pathfinder 1 204 35 0.842000 0.462000  0.000021 0.000018 0.000048 0.000097 0.000050 0.000026 
2500608 pathfinder 1 204 35 0.842000 0.540000  0.000018 0.000016 0.000046 0.000776 0.000286 0.000111 
2500608 pathfinder 1 204 35 0.842000 0.462000  0.000023 0.000019 0.000052 0.000148 0.000068 0.000032 
2500608 pathfinder 1 204 35 0.842000 0.463000  0.000017 0.000017 0.000047 0.000093 0.000049 0.000026 
2500736 pathfinder 1 204 35 0.842000 0.463000  0.000023 0.000019 0.000052 0.000110 0.000058 0.000029 
2500736 pathfinder 1 204 35 0.842000 0.385000  0.000018 0.000016 0.000046 0.000088 0.000047 0.000025 
2500736 pathfinder 1 204 35 0.842000 0.462000  0.000024 0.000021 0.000075 0.000155 0.000076 0.000044 
2500736 pathfinder 1 204 35 0.842000 0.462000  0.000034 0.000020 0.000052 0.000109 0.000053 0.000027 
2500864 pathfinder 1 204 35 0.842000 0.462000  0.000019 0.000017 0.000047 0.000090 0.000049 0.000026 
2500864 pathfinder 1 204 35 0.842000 0.385000  0.000018 0.000016 0.000049 0.000097 0.000050 0.000026 
2500864 pathfinder 1 204 35 0.842000 0.462000  0.000019 0.000017 0.000047 0.000090 0.000062 0.000031 
2500864 pathfinder 1 204 35 0.842000 0.462000  0.000133 0.000947 0.000402 0.001313 0.000000 0.000046 
2500992 pathfinder 1 204 35 0.842000 0.463000  0.000018 0.000017 0.000046 0.000091 0.000048 0.000025 
2500992 pathfinder 1 204 35 0.842000 0.462000  0.000018 0.000016 0.000045 0.000087 0.000047 0.000027 
2500992 pathfinder 1 204 35 0.842000 0.385000  0.000087 0.000664 0.000351 0.001220 0.000001 0.000054 
2500992 pathfinder 1 204 35 0.842000 0.540000  0.000021 0.000018 0.000053 0.000124 0.000086 0.000039 
2501120 pathfinder 1 204 35 0.842000 0.386000  0.000018 0.000016 0.000045 0.000090 0.000048 0.000025 
2501120 pathfinder 1 204 35 0.842000 0.385000  0.000023 0.000021 0.000058 0.000113 0.000062 0.000033 
2501120 pathfinder 1 204 35 0.842000 0.539000  0.000017 0.000016 0.000045 0.000107 0.000067 0.000031 
2501120 pathfinder 1 204 35 0.842000 0.540000  0.000018 0.000016 0.000045 0.000086 0.000047 0.000025 
2501248 pathfinder 1 204 35 0.842000 0.540000  0.000018 0.000016 0.000045 0.000101 0.000049 0.000026 
2501248 pathfinder 1 204 35 0.842000 0.540000  0.000019 0.000017 0.000047 0.000091 0.000050 0.000026 
2501248 pathfinder 1 204 35 0.842000 0.539000  0.027203 0.084708 0.033008 0.085013 0.000008 0.002085 
2501248 pathfinder 1 204 35 0.842000 0.539000  0.000049 0.000571 0.000266 0.000897 0.000000 0.000038 
2501376 pathfinder 1 204 35 0.842000 0.540000  0.000056 0.000339 0.000226 0.000716 0.000000 0.000037 
2501376 pathfinder 1 204 35 0.842000 0.540000  0.000024 0.000017 0.000047 0.000092 0.000048 0.000025 
2501376 pathfinder 1 204 35 0.842000 0.540000  0.000018 0.000016 0.000049 0.000111 0.000053 0.000027 
2501504 pathfinder 1 204 35 0.842000 0.462000  0.000018 0.000017 0.000061 0.000128 0.071295 0.036399 
2501504 pathfinder 1 204 35 0.842000 0.540000  0.000028 0.000026 0.000074 0.000139 0.000076 0.000041 
2501504 pathfinder 1 204 35 0.842000 0.463000  0.000031 0.000036 0.000091 0.000187 0.000101 0.000049 
2501504 pathfinder 1 204 35 0.842000 0.540000  0.000028 0.000026 0.000079 0.000155 0.000080 0.000042 
2501504 pathfinder 1 204 35 0.842000 0.617000  0.000029 0.000027 0.000074 0.000144 0.000076 0.000043 
2501632 pathfinder 1 204 35 0.842000 0.540000  0.000031 0.000028 0.000077 0.000152 0.000101 0.000049 
2501632 pathfinder 1 204 35 0.842000 0.616000  0.000018 0.000016 0.000045 0.000093 0.000056 0.000028 
2501632 pathfinder 1 204 35 0.842000 0.462000  0.000089 0.000032 0.000093 0.000229 0.000090 0.000039 
2501632 pathfinder 1 204 35 0.842000 0.385000  0.000022 0.000019 0.000054 0.000176 0.000080 0.000040 
2501760 pathfinder 1 204 35 0.842000 0.462000  0.009259 0.002382 0.005330 0.009435 0.003267 0.001187 
2501760 pathfinder 1 204 35 0.842000 0.539000  0.000030 0.000028 0.000076 0.000144 0.000080 0.000042 
2501760 pathfinder 1 204 35 0.842000 0.616000  0.000017 0.000018 0.000056 0.000128 0.000056 0.000028 
2501760 pathfinder 1 204 35 0.842000 0.540000  0.000018 0.000016 0.000044 0.000089 0.000044 0.000024 
2501888 pathfinder 1 204 35 0.842000 0.539000  0.000017 0.000016 0.000044 0.000086 0.000047 0.000025 
2501888 pathfinder 1 204 35 0.842000 0.617000  0.000019 0.000017 0.000047 0.000091 0.000046 0.000025 
2501888 pathfinder 1 204 35 0.842000 0.616000  0.000019 0.000017 0.000046 0.000094 0.000052 0.000027 
2501888 pathfinder 1 204 35 0.842000 0.617000  0.000017 0.000016 0.000044 0.000084 0.000045 0.000025 
2502016 pathfinder 1 204 35 0.842000 0.616000  0.000018 0.000016 0.000046 0.000091 0.000048 0.000026 
2502016 pathfinder 1 204 35 0.842000 0.539000  0.000017 0.000028 0.000069 0.000167 0.000067 0.000032 
2502016 pathfinder 1 204 35 0.842000 0.617000  0.000018 0.000016 0.000045 0.000088 0.000049 0.000026 
2502016 pathfinder 1 204 35 0.842000 0.540000  0.000021 0.000016 0.000044 0.000098 0.000045 0.000025 
2502144 pathfinder 1 204 35 0.842000 0.616000  0.000018 0.000017 0.000047 0.000098 0.000048 0.000025 
2502144 pathfinder 1 204 35 0.842000 0.539000  0.000018 0.000021 0.000053 0.000120 0.000070 0.000032 
2502144 pathfinder 1 204 35 0.842000 0.539000  0.000017 0.000015 0.000043 0.000081 0.000044 0.000024 
2502144 pathfinder 1 204 35 0.842000 0.462000  0.000036 0.000020 0.000054 0.000117 0.000054 0.000027 
2502272 pathfinder 1 204 35 0.842000 0.386000  0.000020 0.000017 0.000047 0.000099 0.000052 0.000027 
2502272 pathfinder 1 204 35 0.842000 0.462000  0.000017 0.000016 0.000043 0.000082 0.000044 0.000024 
2502272 pathfinder 1 204 35 0.842000 0.385000  0.000037 0.000023 0.000055 0.000115 0.000055 0.000027 
2502272 pathfinder 1 204 35 0.842000 0.462000  0.000017 0.000015 0.000049 0.000098 0.000049 0.000025 
2502400 pathfinder 1 204 35 0.842000 0.462000  0.000030 0.000019 0.000049 0.000103 0.000050 0.000026 
2502400 pathfinder 1 204 35 0.842000 0.462000  0.000024 0.000017 0.000046 0.000094 0.000049 0.000026 
2502400 pathfinder 1 204 35 0.842000 0.385000  0.000018 0.000016 0.000058 0.000174 0.000087 0.000039 
2502400 pathfinder 1 204 35 0.842000 0.539000  0.000021 0.000019 0.000054 0.000103 0.000056 0.000030 
2502528 pathfinder 1 204 35 0.842000 0.463000  0.000018 0.000016 0.000045 0.000086 0.000048 0.000025 
2502528 pathfinder 1 204 35 0.842000 0.385000  0.000017 0.000015 0.000043 0.000081 0.000044 0.000024 
2502528 pathfinder 1 204 35 0.842000 0.463000  0.000018 0.000016 0.000064 0.000161 0.000071 0.000032 
2502528 pathfinder 1 204 35 0.842000 0.539000  0.004762 0.001620 0.003462 0.004829 0.001863 0.000829 
2502656 pathfinder 1 204 35 0.842000 0.462000  0.164637 0.328765 0.156474 0.328820 0.000024 0.007013 
2502656 pathfinder 1 204 35 0.842000 0.385000  0.000017 0.000016 0.000045 0.000084 0.000047 0.000025 
2502656 pathfinder 1 204 35 0.842000 0.463000  0.000021 0.000017 0.000049 0.000111 0.013542 0.005772 
2502656 pathfinder 1 204 35 0.842000 0.463000  0.000016 0.000015 0.000043 0.000082 0.000044 0.000024 
2502784 pathfinder 1 204 35 0.842000 0.463000  0.064705 0.020439 0.044569 0.064734 0.024084 0.010241 
2502784 pathfinder 1 204 35 0.842000 0.385000  0.000021 0.000017 0.000048 0.000095 0.000049 0.000025 
2502784 pathfinder 1 204 35 0.842000 0.463000  0.000018 0.000017 0.000047 0.000095 0.000049 0.000026 
2502784 pathfinder 1 204 35 0.842000 0.463000  0.000016 0.000015 0.000043 0.000080 0.000044 0.000024 
2502912 pathfinder 1 204 35 0.842000 0.463000  0.000016 0.000016 0.000044 0.000087 0.000046 0.000025 
2502912 pathfinder 1 204 35 0.842000 0.463000  0.000020 0.000017 0.035026 0.076927 0.000006 0.001630 
2502912 pathfinder 1 204 35 0.842000 0.462000  0.000017 0.000015 0.000043 0.000081 0.000044 0.000023 
2503040 pathfinder 1 204 35 0.842000 0.385000  0.001561 0.000389 0.000825 0.002507 0.000980 0.000426 
2503040 pathfinder 1 204 35 0.842000 0.540000  0.000021 0.000019 0.000053 0.000100 0.000054 0.000029 
2503040 pathfinder 1 204 35 0.842000 0.539000  0.000022 0.000020 0.000054 0.000104 0.000058 0.000031 
2503040 pathfinder 1 204 35 0.842000 0.540000  0.000020 0.000019 0.000052 0.000100 0.000054 0.000029 
2503168 pathfinder 1 204 35 0.842000 0.616000  0.000020 0.000019 0.000052 0.000097 0.000054 0.000029 
2503168 pathfinder 1 204 35 0.842000 0.616000  0.000023 0.000020 0.000054 0.000106 0.000058 0.000030 
2503168 pathfinder 1 204 35 0.842000 0.539000  0.000021 0.000019 0.000052 0.000100 0.000054 0.000029 
2503168 pathfinder 1 204 35 0.842000 0.540000  0.000017 0.000016 0.000044 0.000085 0.000064 0.000030 
2503296 pathfinder 1 204 35 0.842000 0.539000  0.000016 0.000015 0.000058 0.000144 0.000061 0.000031 
2503296 pathfinder 1 204 35 0.842000 0.617000  0.000004 0.000004 0.000011 0.000021 0.000014 0.000007 
2503296 pathfinder 1 204 35 0.842000 0.462000  0.000016 0.000015 0.000042 0.000092 0.000046 0.000024 
2503296 pathfinder 1 204 35 0.842000 0.616000  0.000017 0.000015 0.000042 0.000079 0.000043 0.000023 
2503424 pathfinder 1 204 35 0.842000 0.616000  0.000017 0.000016 0.000044 0.000083 0.000047 0.000025 
2503424 pathfinder 1 204 35 0.842000 0.616000  0.000017 0.000015 0.000046 0.000102 0.000047 0.000024 
2503424 pathfinder 1 204 35 0.842000 0.617000  0.000017 0.000016 0.000043 0.000083 0.000046 0.000024 
2503424 pathfinder 1 204 35 0.842000 0.616000  0.000016 0.000015 0.000042 0.000079 0.000042 0.000023 
2503552 pathfinder 1 204 35 0.842000 0.540000  0.000016 0.000017 0.000046 0.000107 0.000049 0.000025 
2503552 pathfinder 1 204 35 0.842000 0.617000  0.000016 0.000015 0.000042 0.000089 0.000047 0.000024 
2503552 pathfinder 1 204 35 0.842000 0.617000  0.000019 0.000016 0.000047 0.000098 0.000049 0.000025 
2503552 pathfinder 1 204 35 0.842000 0.617000  0.000016 0.000015 0.000041 0.000078 0.000043 0.000023 
2503680 pathfinder 1 204 35 0.842000 0.617000  0.000017 0.000017 0.000050 0.000116 0.000053 0.000026 
2503680 pathfinder 1 204 35 0.842000 0.463000  0.000016 0.000017 0.000045 0.000089 0.000048 0.000024 
2503680 pathfinder 1 204 35 0.842000 0.540000  0.000004 0.000004 0.000011 0.000022 0.000014 0.000007 
2503808 pathfinder 1 204 35 0.842000 0.617000  0.000004 0.000004 0.000011 0.000021 0.000014 0.000007 
2503808 pathfinder 1 204 35 0.842000 0.539000  0.000004 0.000004 0.000011 0.000021 0.000014 0.000007 
2503936 pathfinder 1 204 35 0.842000 0.616000  0.000004 0.000004 0.000013 0.000028 0.000016 0.000007 
2503936 pathfinder 1 204 35 0.842000 0.539000  0.000017 0.000015 0.000041 0.000083 0.000042 0.000023 
2503936 pathfinder 1 204 35 0.842000 0.462000  0.000018 0.000015 0.000043 0.000086 0.000045 0.000024 
2503936 pathfinder 1 204 35 0.842000 0.540000  0.000017 0.000015 0.000044 0.000148 0.000065 0.000030 
2504064 pathfinder 1 204 35 0.842000 0.616000  0.000029 0.000016 0.000047 0.000092 0.000047 0.000024 
2504064 pathfinder 1 204 35 0.842000 0.617000  0.000004 0.000004 0.000011 0.000021 0.000014 0.000007 
2504192 pathfinder 1 204 35 0.842000 0.540000  0.000004 0.000004 0.000011 0.000021 0.000014 0.000007 
2504192 pathfinder 1 204 35 0.842000 0.616000  0.000004 0.000004 0.000011 0.000021 0.000014 0.000007 
2504192 pathfinder 1 204 35 0.842000 0.616000  0.000023 0.000137 0.000106 0.000339 0.000000 0.000017 
2504192 pathfinder 1 204 35 0.842000 0.617000  0.000024 0.000135 0.000091 0.000281 0.000000 0.000016 
2504320 pathfinder 1 204 35 0.842000 0.616000  0.000004 0.000004 0.000011 0.000021 0.000014 0.000007 
2504320 pathfinder 1 204 35 0.842000 0.616000  0.000004 0.000004 0.000011 0.000021 0.000014 0.000007 
2504320 pathfinder 1 204 35 0.842000 0.539000  0.006922 0.022962 0.008056 0.023001 0.000002 0.000511 
2504448 pathfinder 1 204 35 0.842000 0.616000  0.000005 0.000037 0.000040 0.000116 0.000000 0.000005 
2504448 pathfinder 1 204 36 0.842000 0.540000  0.000023 0.000133 0.000089 0.000277 0.000000 0.000016 
2504448 pathfinder 1 204 35 0.842000 0.539000  0.000023 0.000131 0.000972 0.001821 0.000000 0.000076 
2504576 pathfinder 1 204 35 0.842000 0.616000  0.000016 0.000015 0.000042 0.000079 0.000043 0.000023 
2504576 pathfinder 1 204 35 0.842000 0.616000  0.000017 0.000015 0.000042 0.000097 0.000050 0.000025 
2504576 pathfinder 1 204 35 0.842000 0.540000  0.000016 0.000014 0.000040 0.000077 0.000041 0.000022 
2504576 pathfinder 1 204 35 0.842000 0.539000  0.000015 0.000014 0.000040 0.000076 0.000041 0.000022 
2504704 pathfinder 1 204 35 0.842000 0.463000  0.000017 0.000015 0.000042 0.000081 0.000049 0.000025 
2504704 pathfinder 1 204 35 0.842000 0.539000  0.000016 0.000014 0.000040 0.000075 0.000042 0.000022 
2504704 pathfinder 1 204 35 0.842000 0.539000  0.000016 0.000015 0.000042 0.000078 0.000044 0.000023 
2504832 pathfinder 1 204 35 0.842000 0.539000  0.000022 0.000125 0.000085 0.000261 0.000000 0.000015 
2504832 pathfinder 1 204 36 0.842000 0.539000  0.000024 0.000143 0.000092 0.000286 0.000000 0.000016 
2504832 pathfinder 1 204 36 0.842000 0.539000  0.000015 0.000014 0.000040 0.000075 0.000041 0.000022 
2504832 pathfinder 1 204 35 0.842000 0.462000  0.000015 0.000015 0.000041 0.000078 0.000041 0.000023 
2504960 pathfinder 1 204 35 0.842000 0.385000  0.000017 0.000015 0.000041 0.000100 0.000051 0.000025 
2504960 pathfinder 1 204 35 0.842000 0.540000  0.000023 0.000021 0.000058 0.000115 0.000062 0.000033 
2504960 pathfinder 1 204 35 0.842000 0.463000  0.000016 0.000022 0.000053 0.000200 0.000110 0.000059 
2505088 pathfinder 1 204 35 0.842000 0.539000  0.000015 0.000014 0.000040 0.000074 0.000041 0.000022 
2505088 pathfinder 1 204 35 0.842000 0.539000  0.000016 0.000015 0.000041 0.000077 0.000044 0.000023 
2505088 pathfinder 1 204 35 0.842000 0.539000  0.000016 0.000014 0.000040 0.000075 0.000041 0.000022 
2505088 pathfinder 1 204 36 0.842000 0.539000  0.000016 0.000015 0.000041 0.000105 0.000052 0.000027 
2505088 pathfinder 1 204 36 0.842000 0.616000  0.000015 0.000014 0.000040 0.000076 0.000041 0.000022 
2505216 pathfinder 1 204 35 0.842000 0.540000  0.000016 0.000015 0.000041 0.000078 0.000044 0.000023 
2505216 pathfinder 1 204 35 0.842000 0.540000  0.000026 0.000015 0.000042 0.000085 0.000043 0.000023 
2505216 pathfinder 1 204 35 0.842000 0.617000  0.000019 0.000016 0.000044 0.000084 0.000043 0.000023 
2505216 pathfinder 1 204 35 0.842000 0.540000  0.000016 0.000015 0.000041 0.000076 0.000043 0.000023 
2505344 pathfinder 1 204 35 0.842000 0.540000  0.000016 0.000014 0.000039 0.000075 0.000041 0.000022 
2505344 pathfinder 1 204 35 0.842000 0.540000  0.000020 0.000016 0.000044 0.000092 0.000049 0.000025 
2505344 pathfinder 1 204 35 0.842000 0.539000  0.000015 0.000014 0.000039 0.000074 0.000040 0.000022 
2505344 pathfinder 1 204 35 0.842000 0.539000  0.000016 0.000015 0.000041 0.000121 0.000057 0.000032 
2505472 pathfinder 1 204 35 0.842000 0.540000  0.000015 0.000014 0.000039 0.000075 0.000041 0.000022 
2505472 pathfinder 1 204 35 0.842000 0.539000  0.000019 0.000017 0.000045 0.000097 0.000049 0.000025 
2505472 pathfinder 1 204 35 0.842000 0.540000  0.000015 0.000014 0.000039 0.000073 0.000040 0.000022 
2505600 pathfinder 1 204 35 0.842000 0.540000  0.000016 0.000015 0.000041 0.000077 0.000043 0.000023 
2505600 pathfinder 1 204 35 0.842000 0.539000  0.000016 0.000014 0.000039 0.000074 0.000041 0.000022 
2505600 pathfinder 1 204 35 0.842000 0.540000  0.000016 0.000015 0.000041 0.000078 0.000043 0.000023 
2505600 pathfinder 1 204 35 0.842000 0.385000  0.000074 0.000029 0.000069 0.000132 0.000062 0.000030 
2505728 pathfinder 1 204 35 0.842000 0.462000  0.000017 0.000015 0.000041 0.000079 0.000041 0.000022 
2505728 pathfinder 1 204 35 0.842000 0.386000  0.000027 0.000023 0.000062 0.000128 0.000072 0.000035 
2505728 pathfinder 1 204 35 0.842000 0.462000  0.000028 0.000016 0.000045 0.000092 0.000046 0.000024 
2505728 pathfinder 1 204 35 0.842000 0.463000  0.000016 0.000015 0.000044 0.000094 0.000048 0.000024 
2505856 pathfinder 1 204 36 0.842000 0.539000  0.000015 0.000014 0.000039 0.000072 0.000040 0.000022 
2505856 pathfinder 1 204 35 0.842000 0.617000  0.000015 0.000014 0.000039 0.000073 0.000040 0.000022 
2505856 pathfinder 1 204 35 0.842000 0.616000  0.000016 0.000015 0.000040 0.000076 0.000043 0.000023 
2505984 pathfinder 1 204 35 0.842000 0.616000  0.000066 0.000027 0.000065 0.000124 0.000059 0.000029 
2505984 pathfinder 1 204 35 0.842000 0.616000  0.000015 0.000014 0.000039 0.000074 0.000040 0.000021 
2505984 pathfinder 1 204 35 0.842000 0.462000  0.000027 0.000023 0.000062 0.000133 0.000072 0.000035 
2505984 pathfinder 1 204 35 0.842000 0.540000  0.000015 0.000030 0.000072 0.000177 0.000124 0.000039 
2506112 pathfinder 1 204 35 0.842000 0.540000  0.000004 0.000004 0.000010 0.000020 0.000013 0.000006 
2506112 pathfinder 1 204 35 0.842000 0.617000  0.000004 0.000004 0.000010 0.000020 0.000013 0.000006 
2506240 pathfinder 1 204 35 0.842000 0.616000  0.000004 0.000004 0.000010 0.000020 0.000013 0.000006 
2506240 pathfinder 1 204 35 0.842000 0.617000  0.000004 0.000004 0.000012 0.000025 0.000015 0.000007 
2506368 pathfinder 1 204 35 0.842000 0.616000  0.000004 0.000004 0.000010 0.000019 0.000013 0.000006 
2506368 pathfinder 1 204 35 0.842000 0.539000  0.000004 0.000004 0.000010 0.000020 0.000013 0.000006 
2506496 pathfinder 1 204 35 0.842000 0.540000  0.092942 0.205981 0.088976 0.206097 0.000017 0.003927 
2506496 pathfinder 1 204 35 0.842000 0.539000  0.000014 0.000014 0.000040 0.000084 0.000061 0.000029 
2506496 pathfinder 1 204 35 0.842000 0.617000  0.000015 0.000014 0.000042 0.000083 0.000043 0.000022 
2506496 pathfinder 1 204 35 0.842000 0.616000  0.000015 0.000013 0.000038 0.000071 0.000042 0.000022 
2506624 pathfinder 1 204 35 0.842000 0.617000  0.000015 0.000013 0.000038 0.000072 0.000039 0.000021 
2506624 pathfinder 1 204 35 0.842000 0.616000  0.000014 0.000013 0.000038 0.000070 0.000038 0.000021 
2506624 pathfinder 1 204 35 0.842000 0.616000  0.000015 0.000014 0.000039 0.000077 0.000041 0.000022 
2506624 pathfinder 1 204 35 0.842000 0.540000  0.000016 0.000014 0.000051 0.000105 0.000053 0.000026 
2506752 pathfinder 1 204 35 0.842000 0.540000  0.001595 0.000592 0.001329 0.001923 0.000757 0.000342 
2506752 pathfinder 1 204 35 0.842000 0.463000  0.000022 0.000016 0.000043 0.000095 0.000049 0.000024 
2506752 pathfinder 1 204 35 0.842000 0.539000  0.000015 0.000014 0.000040 0.000083 0.000042 0.000022 
2506752 pathfinder 1 204 35 0.842000 0.462000  0.000019 0.000015 0.000042 0.000094 0.000047 0.000023 
2506880 pathfinder 1 204 35 0.842000 0.462000  0.000015 0.000013 0.000040 0.000081 0.000045 0.000023 
2506880 pathfinder 1 204 35 0.842000 0.540000  0.000019 0.000015 0.000042 0.000087 0.000046 0.000024 
2506880 pathfinder 1 204 35 0.842000 0.386000  0.000015 0.000013 0.000038 0.000070 0.000038 0.000021 
2506880 pathfinder 1 204 35 0.842000 0.463000  0.000014 0.000013 0.000038 0.000074 0.000042 0.000022 
2507008 pathfinder 1 204 35 0.842000 0.386000  0.000017 0.000015 0.226550 0.173251 0.083779 0.031501 
2507008 pathfinder 1 204 35 0.842000 0.539000  0.000015 0.000013 0.000039 0.000075 0.000041 0.000022 
2507008 pathfinder 1 204 35 0.842000 0.385000  0.000020 0.000121 0.000077 0.000247 0.000000 0.000013 
2507008 pathfinder 1 204 35 0.842000 0.462000  0.000017 0.000014 0.000039 0.000076 0.000041 0.000022 
2507136 pathfinder 1 204 35 0.842000 0.462000  0.195886 0.100061 0.254797 0.195973 0.094571 0.035669 
2507136 pathfinder 1 204 35 0.842000 0.463000  0.000014 0.000013 0.000037 0.000079 0.000041 0.000021 
2507136 pathfinder 1 204 35 0.842000 0.462000  0.000018 0.000016 0.000056 0.000126 0.000067 0.000033 
2507264 pathfinder 1 204 35 0.842000 0.540000  0.002957 0.000750 0.001543 0.003014 0.000986 0.000354 
2507264 pathfinder 1 204 35 0.842000 0.462000  0.000023 0.000016 0.000042 0.000091 0.000046 0.000024 
2507264 pathfinder 1 204 35 0.842000 0.539000  0.000014 0.000014 0.000038 0.000072 0.000038 0.000021 
2507264 pathfinder 1 204 35 0.842000 0.462000  0.000014 0.000013 0.000040 0.000078 0.000040 0.000021 
2507392 pathfinder 1 204 35 0.842000 0.539000  0.000017 0.000099 0.000066 0.000215 0.000000 0.000012 
2507392 pathfinder 1 204 35 0.842000 0.386000  0.000021 0.000471 0.000184 0.000578 0.000000 0.000018 
2507392 pathfinder 1 204 35 0.842000 0.463000  0.000017 0.000099 0.000068 0.000209 0.000000 0.000012 
2507392 pathfinder 1 204 35 0.842000 0.386000  0.000015 0.000013 0.000037 0.000071 0.000038 0.000020 
2507392 pathfinder 1 204 35 0.842000 0.462000  0.000014 0.000014 0.000039 0.000074 0.000040 0.000021 
2507520 pathfinder 1 204 35 0.842000 0.386000  0.000015 0.000014 0.000039 0.000073 0.000041 0.000022 
2507520 pathfinder 1 204 35 0.842000 0.462000  0.000014 0.000013 0.000037 0.000071 0.000039 0.000021 
2507520 pathfinder 1 204 35 0.842000 0.462000  0.000017 0.000016 0.000044 0.000084 0.000046 0.000024 
2507520 pathfinder 1 204 35 0.842000 0.462000  0.000014 0.000013 0.000037 0.000070 0.000038 0.000020 
2507648 pathfinder 1 204 35 0.842000 0.462000  0.000018 0.000015 0.000042 0.000086 0.000044 0.000023 
2507648 pathfinder 1 204 35 0.842000 0.462000  0.000015 0.000014 0.000038 0.000073 0.000040 0.000021 
2507648 pathfinder 1 204 35 0.842000 0.462000  0.000014 0.000013 0.000037 0.000069 0.000038 0.000020 
2507648 pathfinder 1 204 35 0.842000 0.462000  0.000015 0.000014 0.000038 0.000073 0.000041 0.000021 
2507776 pathfinder 1 204 35 0.842000 0.462000  0.000014 0.000013 0.000037 0.000071 0.000038 0.000020 
2507776 pathfinder 1 204 35 0.842000 0.462000  0.000016 0.000014 0.000038 0.000075 0.000039 0.000021 
2507776 pathfinder 1 204 35 0.842000 0.386000  0.000017 0.000014 0.000040 0.000083 0.000045 0.000023 
2507776 pathfinder 1 204 35 0.842000 0.462000  0.000014 0.000013 0.000037 0.000070 0.000038 0.000020 
2507904 pathfinder 1 204 35 0.842000 0.462000  0.000018 0.000014 0.000039 0.000076 0.000041 0.000022 
2507904 pathfinder 1 204 35 0.842000 0.386000  0.000014 0.000013 0.000037 0.000069 0.000038 0.000020 
2507904 pathfinder 1 204 35 0.842000 0.385000  0.000014 0.000013 0.000038 0.000075 0.000040 0.000021 
2507904 pathfinder 1 204 35 0.842000 0.385000  0.000016 0.000014 0.000040 0.000085 0.000045 0.000023 
2507904 pathfinder 1 204 35 0.842000 0.539000  0.000016 0.000090 0.000061 0.000188 0.000000 0.000011 
2508032 pathfinder 1 204 35 0.842000 0.385000  0.010451 0.003130 0.006532 0.010523 0.003769 0.001581 
2508032 pathfinder 1 204 35 0.842000 0.539000  0.000015 0.000015 0.000041 0.000077 0.000042 0.000023 
2508032 pathfinder 1 204 35 0.842000 0.386000  0.000023 0.000019 0.000052 0.000107 0.000058 0.000029 
2508160 pathfinder 1 204 35 0.842000 0.462000  0.000018 0.000022 0.000057 0.000128 0.000060 0.000030 
2508160 pathfinder 1 204 35 0.842000 0.463000  0.000023 0.000019 0.000231 0.000240 0.000134 0.000069 
2508160 pathfinder 1 204 35 0.842000 0.617000  0.000019 0.000017 0.000048 0.000091 0.000049 0.000027 
2508160 pathfinder 1 204 35 0.842000 0.462000  0.000020 0.000018 0.000050 0.000095 0.000053 0.000028 
2508288 pathfinder 1 204 35 0.842000 0.462000  0.004961 0.004715 0.013195 0.024643 0.013532 0.007496 
2508288 pathfinder 1 204 35 0.842000 0.463000  0.005544 0.004590 0.012933 0.026842 0.013444 0.007057 
2508288 pathfinder 1 204 35 0.842000 0.385000  0.004705 0.003739 0.010448 0.022027 0.012798 0.006299 
2508288 pathfinder 1 204 35 0.842000 0.463000  0.003748 0.003206 0.010741 0.024064 0.010863 0.005430 
2508416 pathfinder 1 204 35 0.842000 0.385000  0.003641 0.002938 0.008236 0.017153 0.009011 0.004630 
2508416 pathfinder 1 204 35 0.842000 0.385000  0.002870 0.002611 0.007434 0.014726 0.007722 0.004098 
2508416 pathfinder 1 204 35 0.842000 0.385000  0.002380 0.002187 0.006022 0.012144 0.006286 0.003317 
2508416 pathfinder 1 204 35 0.842000 0.463000  0.002144 0.001923 0.005589 0.011338 0.005752 0.003019 
2508416 pathfinder 1 204 35 0.842000 0.308000  0.001846 0.001748 0.004849 0.009138 0.005065 0.002697 
2508544 pathfinder 1 204 35 0.842000 0.462000  0.001679 0.001542 0.004316 0.008192 0.004404 0.002381 
2508544 pathfinder 1 204 35 0.842000 0.385000  0.001536 0.001495 0.004269 0.008297 0.004348 0.002313 
2508544 pathfinder 1 204 35 0.842000 0.462000  0.002240 0.001485 0.003981 0.007930 0.004078 0.002113 
2508672 pathfinder 1 204 35 0.842000 0.462000  0.001314 0.001232 0.004413 0.008471 0.012086 0.006858 
2508672 pathfinder 1 204 35 0.842000 0.462000  0.001544 0.001241 0.003574 0.007419 0.003628 0.002694 
2508672 pathfinder 1 204 35 0.842000 0.462000  0.001412 0.001159 0.003531 0.007287 0.003640 0.001824 
2508672 pathfinder 1 204 35 0.842000 0.463000  0.001394 0.001152 0.003234 0.007271 0.003525 0.001784 
2508800 pathfinder 1 204 35 0.842000 0.386000  0.001162 0.001049 0.002968 0.006671 0.003609 0.001784 
2508800 pathfinder 1 204 35 0.842000 0.463000  0.001346 0.001112 0.003079 0.006271 0.003155 0.001679 
2508800 pathfinder 1 204 35 0.842000 0.463000  0.001026 0.000963 0.002661 0.006477 0.003191 0.001588 
2508800 pathfinder 1 204 35 0.842000 0.463000  0.000917 0.000875 0.002468 0.004856 0.002590 0.001378 
2508928 pathfinder 1 204 35 0.842000 0.463000  0.001095 0.001224 0.003648 0.007494 0.004025 0.001943 
2508928 pathfinder 1 204 35 0.842000 0.308000  0.000015 0.000086 0.000057 0.000181 0.000000 0.000010 
2508928 pathfinder 1 204 35 0.842000 0.462000  0.000944 0.001108 0.002734 0.006913 0.003465 0.001663 
2508928 pathfinder 1 204 35 0.842000 0.462000  0.000774 0.000735 0.002061 0.003836 0.002201 0.001162 
2509056 pathfinder 1 204 35 0.842000 0.385000  0.000780 0.001456 0.005867 0.011836 0.004986 0.002294 
2509056 pathfinder 1 204 35 0.842000 0.462000  0.000745 0.000689 0.001931 0.003609 0.001995 0.001067 
2509056 pathfinder 1 204 35 0.842000 0.462000  0.000759 0.000668 0.001884 0.003762 0.001990 0.001052 
2509056 pathfinder 1 204 35 0.842000 0.463000  0.000729 0.000705 0.002002 0.004225 0.002067 0.001055 
2509184 pathfinder 1 204 35 0.842000 0.462000  0.000753 0.000657 0.001924 0.003799 0.001946 0.001029 
2509184 pathfinder 1 204 35 0.842000 0.539000  0.000837 0.000709 0.002013 0.004264 0.002125 0.001084 
2509184 pathfinder 1 204 35 0.842000 0.308000  0.000631 0.000588 0.001653 0.003560 0.001808 0.000956 
2509184 pathfinder 1 204 35 0.842000 0.540000  0.000667 0.000613 0.001684 0.003211 0.001782 0.001118 
2509312 pathfinder 1 204 35 0.842000 0.463000  0.000017 0.000015 0.000042 0.000081 0.000043 0.000023 
2509312 pathfinder 1 204 35 0.842000 0.539000  0.000678 0.000809 0.002387 0.004762 0.002546 0.001240 
2509312 pathfinder 1 204 35 0.842000 0.385000  0.000548 0.000506 0.001421 0.002687 0.001461 0.000784 
2509312 pathfinder 1 204 35 0.842000 0.385000  0.000019 0.000016 0.000043 0.000084 0.000046 0.000024 
2509440 pathfinder 1 204 35 0.842000 0.386000  0.000016 0.000015 0.000041 0.000077 0.000042 0.000023 
2509440 pathfinder 1 204 35 0.842000 0.462000  0.000525 0.019428 0.040693 0.059269 0.022997 0.009469 
2509440 pathfinder 1 204 35 0.842000 0.386000  0.000510 0.000491 0.001359 0.002540 0.001509 0.000780 
2509440 pathfinder 1 204 35 0.842000 0.462000  0.000483 0.000452 0.001267 0.002360 0.001310 0.000701 
2509568 pathfinder 1 204 35 0.842000 0.462000  0.000018 0.000016 0.000044 0.000090 0.000049 0.000025 
2509568 pathfinder 1 204 35 0.842000 0.463000  0.000016 0.000015 0.000041 0.000077 0.000042 0.000023 
2509568 pathfinder 1 204 35 0.842000 0.539000  0.000016 0.000015 0.000041 0.000079 0.000042 0.000023 
2509568 pathfinder 1 204 35 0.842000 0.385000  0.000499 0.000427 0.006479 0.011539 0.004705 0.002053 
2509696 pathfinder 1 204 35 0.842000 0.462000  0.000435 0.000405 0.001112 0.002151 0.001185 0.000719 
2509696 pathfinder 1 204 35 0.842000 0.462000  0.000400 0.000374 0.001046 0.002131 0.001132 0.000591 
2509696 pathfinder 1 204 35 0.842000 0.462000  0.000402 0.000370 0.001074 0.002118 0.001126 0.000608 
2509696 pathfinder 1 204 35 0.842000 0.385000  0.000418 0.000384 0.001058 0.002192 0.001188 0.000637 
2509824 pathfinder 1 204 35 0.842000 0.539000  0.000379 0.000357 0.001003 0.001903 0.001045 0.000572 
2509824 pathfinder 1 204 35 0.842000 0.462000  0.000405 0.000557 0.001458 0.003529 0.001594 0.000739 
2509824 pathfinder 1 204 35 0.842000 0.308000  0.000377 0.000376 0.001023 0.002030 0.001049 0.000551 
2509824 pathfinder 1 204 35 0.842000 0.462000  0.000401 0.000371 0.001006 0.002078 0.001120 0.000577 
2509952 pathfinder 1 204 35 0.842000 0.463000  0.000358 0.000369 0.000995 0.002219 0.001061 0.000550 
2509952 pathfinder 1 204 35 0.842000 0.462000  0.000354 0.000353 0.001035 0.002035 0.001044 0.000550 
2509952 pathfinder 1 204 35 0.842000 0.463000  0.000416 0.000365 0.001028 0.002158 0.001050 0.000536 
2509952 pathfinder 1 204 35 0.842000 0.463000  0.000346 0.000321 0.000907 0.001713 0.000924 0.000498 
2510080 pathfinder 1 204 35 0.842000 0.462000  0.000359 0.000337 0.000931 0.001793 0.001182 0.000601 
2510080 pathfinder 1 204 35 0.842000 0.462000  0.000328 0.000314 0.000883 0.001646 0.000902 0.000487 
2510080 pathfinder 1 204 35 0.842000 0.463000  0.000376 0.000330 0.000929 0.001817 0.000953 0.000507 
2510080 pathfinder 1 204 35 0.842000 0.386000  0.000346 0.000323 0.000894 0.002439 0.001189 0.000598 
2510208 pathfinder 1 204 35 0.842000 0.462000  0.000326 0.000306 0.000850 0.001579 0.000881 0.000472 
2510208 pathfinder 1 204 35 0.842000 0.462000  0.000021 0.000017 0.000046 0.000090 0.000049 0.000026 
2510208 pathfinder 1 204 35 0.842000 0.463000  0.000017 0.000016 0.000043 0.000083 0.000045 0.000024 
2510208 pathfinder 1 204 35 0.842000 0.462000  0.000017 0.000016 0.000043 0.000083 0.000045 0.000024 
2510336 pathfinder 1 204 35 0.842000 0.385000  0.000022 0.000017 0.000048 0.000100 0.000052 0.000027 
2510336 pathfinder 1 204 35 0.842000 0.462000  0.000290 0.000285 0.000784 0.001621 0.000827 0.000437 
2510336 pathfinder 1 204 35 0.842000 0.463000  0.000313 0.000298 0.000815 0.001737 0.000918 0.000465 
2510336 pathfinder 1 204 35 0.842000 0.540000  0.000279 0.000261 0.000734 0.001381 0.000750 0.000403 
2510464 pathfinder 1 204 35 0.842000 0.385000  0.000019 0.000016 0.000049 0.000109 0.000055 0.000028 
2510464 pathfinder 1 204 35 0.842000 0.386000  0.000031 0.000021 0.000056 0.000111 0.000054 0.000028 
2510464 pathfinder 1 204 35 0.842000 0.540000  0.000013 0.000077 0.000052 0.000161 0.000000 0.000009 
2510464 pathfinder 1 204 35 0.842000 0.462000  0.000302 0.000284 0.000831 0.001821 0.000908 0.000466 
2510592 pathfinder 1 204 35 0.842000 0.463000  0.000387 0.000291 0.000823 0.001739 0.000870 0.000453 
2510592 pathfinder 1 204 35 0.842000 0.462000  0.000317 0.000264 0.000740 0.001565 0.000778 0.000404 
2510592 pathfinder 1 204 35 0.842000 0.540000  0.000304 0.000258 0.000713 0.001563 0.000779 0.000399 
2510592 pathfinder 1 204 35 0.842000 0.463000  0.000265 0.000227 0.000641 0.001360 0.000667 0.000358 
2510720 pathfinder 1 204 35 0.842000 0.462000  0.000336 0.000274 0.000723 0.001695 0.000776 0.000402 
2510720 pathfinder 1 204 35 0.842000 0.385000  0.000261 0.000223 0.000648 0.001418 0.000723 0.000373 
2510720 pathfinder 1 204 35 0.842000 0.462000  0.000272 0.000234 0.000644 0.002834 0.001138 0.000525 
2510720 pathfinder 1 204 35 0.842000 0.539000  0.000310 0.000287 0.000728 0.001525 0.000752 0.000377 
2510848 pathfinder 1 204 35 0.842000 0.462000  0.000289 0.000230 0.000634 0.001379 0.000698 0.000364 
2510848 pathfinder 1 204 35 0.842000 0.385000  0.000236 0.000227 0.000621 0.001257 0.000635 0.000335 
2510848 pathfinder 1 204 35 0.842000 0.540000  0.000264 0.000218 0.000603 0.001302 0.000653 0.000342 
2510848 pathfinder 1 204 35 0.842000 0.385000  0.000235 0.000220 0.000606 0.001186 0.000712 0.000363 
2510976 pathfinder 1 204 35 0.842000 0.462000  0.000218 0.000247 0.000657 0.001440 0.000688 0.000349 
2510976 pathfinder 1 204 35 0.842000 0.462000  0.000235 0.000217 0.001055 0.002345 0.001086 0.000556 
2510976 pathfinder 1 204 35 0.842000 0.462000  0.000219 0.000202 0.000564 0.001111 0.000593 0.000315 
2510976 pathfinder 1 204 35 0.842000 0.463000  0.000232 0.000245 0.000666 0.001557 0.000745 0.000365 
2511104 pathfinder 1 204 35 0.842000 0.385000  0.000285 0.000210 0.000580 0.001119 0.000588 0.000312 
2511104 pathfinder 1 204 35 0.842000 0.463000  0.000213 0.000243 0.000653 0.001332 0.000653 0.000332 
2511104 pathfinder 1 204 35 0.842000 0.463000  0.000233 0.000221 0.000614 0.001292 0.000674 0.000335 
2511104 pathfinder 1 204 35 0.842000 0.463000  0.000263 0.000215 0.000607 0.001265 0.000624 0.000326 
2511232 pathfinder 1 204 35 0.842000 0.462000  0.000268 0.000225 0.000601 0.001314 0.000669 0.000335 
2511232 pathfinder 1 204 35 0.842000 0.463000  0.000239 0.000202 0.000565 0.001119 0.000583 0.000310 
2511232 pathfinder 1 204 35 0.842000 0.462000  0.000217 0.000290 0.000707 0.001427 0.000809 0.000400 
2511232 pathfinder 1 204 35 0.842000 0.385000  0.000015 0.000014 0.000038 0.000073 0.000039 0.000021 
2511360 pathfinder 1 204 35 0.842000 0.462000  0.000527 0.000283 0.000846 0.001691 0.000899 0.000435 
