#Timestamp	Benchmark	Run(#)	CPU Frequency (MHz)	CPU Temperature(C)	CPU Voltage(V)	CPU Power(W)	CPU_CYCLES	L1_DATA_CACHE_ACCESS	INSTRUCTIONS_RETIRED	BUS_CYCLES	L1I_CACHE_ACCESS	PREDICTABLE_BRANCH_SPECULATIVELY_EXECUTED
4557568 backprop 1 825 43 0.976000 1.079000  0.000120 0.000108 0.000301 0.000578 0.000311 0.000166 
4557568 backprop 1 825 43 0.976000 1.002000  0.000130 0.000112 0.000308 0.000611 0.000326 0.000171 
4557568 backprop 1 825 43 0.976000 1.619000  0.000126 0.000105 0.000291 0.001341 0.000509 0.000246 
4557568 backprop 1 825 43 0.976000 1.696000  0.000016 0.000096 0.000063 0.000197 0.000000 0.000011 
4557568 backprop 1 825 43 0.976000 1.079000  0.000116 0.000101 0.000284 0.000567 0.000295 0.000157 
4557696 backprop 1 825 42 0.976000 1.387000  0.000134 0.000109 0.000379 0.000768 0.000449 0.000216 
4557696 backprop 1 825 42 0.976000 1.311000  0.000142 0.000105 0.000293 0.000666 0.000307 0.000161 
4557696 backprop 1 825 42 0.976000 1.773000  0.000133 0.000104 0.000290 0.000644 0.000316 0.000165 
4557696 backprop 1 825 42 0.976000 1.618000  0.000133 0.000107 0.000289 0.000632 0.000321 0.000166 
4557696 backprop 1 825 42 0.976000 1.233000  0.000146 0.000108 0.000288 0.000634 0.000319 0.000161 
4557824 backprop 1 825 42 0.976000 1.541000  0.000117 0.000098 0.000268 0.000531 0.000429 0.000207 
4557824 backprop 1 825 43 0.976000 1.079000  0.000109 0.000091 0.000255 0.001137 0.000416 0.000203 
4557824 backprop 1 825 42 0.976000 1.388000  0.000118 0.000097 0.000274 0.000602 0.000306 0.000157 
4557824 backprop 1 825 42 0.976000 1.233000  0.000102 0.000092 0.000255 0.000545 0.000259 0.000140 
4557824 backprop 1 825 43 0.976000 1.156000  0.000130 0.000099 0.000272 0.000596 0.000301 0.000162 
4557824 backprop 1 825 43 0.976000 1.079000  0.000108 0.000093 0.000256 0.000526 0.000272 0.000143 
4557952 backprop 1 825 43 0.976000 1.387000  0.000014 0.000087 0.000054 0.000181 0.000000 0.000009 
4557952 backprop 1 825 42 0.976000 1.541000  0.000015 0.000095 0.000058 0.000198 0.000000 0.000010 
4557952 backprop 1 825 42 0.976000 1.388000  0.000014 0.000083 0.000054 0.000171 0.000000 0.000009 
4557952 backprop 1 825 42 0.976000 1.618000  0.000014 0.000087 0.000057 0.000177 0.000000 0.000010 
4558080 backprop 1 825 42 0.976000 1.387000  0.000020 0.000163 0.000067 0.000255 0.000000 0.000011 
4558080 backprop 1 825 42 0.976000 1.311000  0.000014 0.000093 0.000060 0.000199 0.000000 0.000011 
4558080 backprop 1 825 42 0.976000 1.155000  0.000015 0.000099 0.000061 0.000205 0.000000 0.000010 
4558080 backprop 1 825 42 0.976000 1.233000  0.000015 0.000096 0.000061 0.000203 0.000000 0.000010 
4558080 backprop 1 825 42 0.976000 1.387000  0.000014 0.000093 0.000057 0.000189 0.000000 0.000010 
4558080 backprop 1 825 42 0.976000 0.694000  0.000080 0.000078 0.000217 0.000542 0.000227 0.000115 
4558208 backprop 1 825 42 0.976000 1.002000  0.000083 0.000073 0.000201 0.000387 0.000214 0.000112 
4558208 backprop 1 825 42 0.976000 1.080000  0.000082 0.000073 0.000200 0.000409 0.000214 0.000112 
4558208 backprop 1 825 42 0.976000 1.155000  0.000097 0.000087 0.000231 0.000515 0.000252 0.000126 
4558208 backprop 1 825 42 0.976000 1.079000  0.000085 0.000073 0.000206 0.000428 0.000220 0.000115 
4558208 backprop 1 825 42 0.976000 0.849000  0.000074 0.000068 0.000190 0.000361 0.000193 0.000105 
4558336 backprop 1 825 42 0.976000 1.079000  0.111942 0.028580 0.065214 0.112015 0.035176 0.014583 
4558336 backprop 1 825 42 0.976000 0.693000  0.000096 0.000072 0.000197 0.000421 0.000203 0.000107 
4558336 backprop 1 825 42 0.976000 1.079000  0.000094 0.000078 0.000210 0.000447 0.000233 0.000119 
4558336 backprop 1 825 42 0.976000 1.311000  0.000081 0.000071 0.000195 0.000380 0.000211 0.000127 
4558336 backprop 1 825 42 0.976000 0.694000  0.000077 0.001672 0.003879 0.002938 0.001621 0.000923 
4558464 backprop 1 825 42 0.976000 0.771000  0.000095 0.000074 0.000204 0.000441 0.000229 0.000116 
4558464 backprop 1 825 41 0.976000 0.694000  0.000108 0.000069 0.000194 0.000423 0.000200 0.000106 
4558464 backprop 1 825 41 0.976000 1.002000  0.000081 0.000070 0.000195 0.000405 0.000211 0.000110 
4558464 backprop 1 825 42 0.976000 0.695000  0.000075 0.000069 0.000189 0.000390 0.000195 0.000104 
4558464 backprop 1 825 42 0.976000 0.694000  0.000087 0.000073 0.000200 0.000415 0.000217 0.000112 
4558464 backprop 1 825 41 0.976000 0.694000  0.000098 0.000073 0.000199 0.000434 0.000224 0.000114 
4558592 backprop 1 825 41 0.976000 0.694000  0.000087 0.000071 0.000196 0.000422 0.000219 0.000112 
4558592 backprop 1 825 41 0.976000 1.078000  0.000082 0.000067 0.000193 0.000415 0.000216 0.000111 
4558592 backprop 1 825 41 0.976000 0.694000  0.000070 0.000064 0.000178 0.000339 0.000182 0.000099 
4558592 backprop 1 825 41 0.976000 1.002000  0.000074 0.000067 0.000184 0.000359 0.000197 0.000103 
4558592 backprop 1 825 42 0.976000 0.694000  0.000075 0.000066 0.000184 0.000363 0.000196 0.000102 
4558720 backprop 1 825 41 0.976000 0.694000  0.000092 0.000070 0.000408 0.000905 0.000446 0.000225 
4558720 backprop 1 825 41 0.976000 1.080000  0.000094 0.000070 0.000191 0.000406 0.000212 0.000108 
4558720 backprop 1 825 41 0.976000 0.770000  0.000067 0.000062 0.000174 0.000329 0.000177 0.000096 
4558720 backprop 1 825 41 0.976000 0.772000  0.000079 0.000068 0.000190 0.000413 0.000213 0.000109 
4558720 backprop 1 825 41 0.976000 0.849000  0.000068 0.000061 0.000171 0.000330 0.000176 0.000097 
4558720 backprop 1 825 41 0.976000 0.849000  0.000093 0.000070 0.000189 0.000453 0.000225 0.000111 
4558848 backprop 1 825 42 0.976000 0.694000  0.000070 0.000064 0.000177 0.000349 0.000186 0.000098 
4558848 backprop 1 825 41 0.976000 0.693000  0.000070 0.000064 0.000177 0.000338 0.000187 0.000098 
4558848 backprop 1 825 41 0.976000 1.157000  0.000073 0.000064 0.000176 0.000343 0.000188 0.000098 
4558848 backprop 1 825 42 0.976000 0.694000  0.000066 0.000060 0.000168 0.000322 0.000172 0.000093 
4558848 backprop 1 825 42 0.976000 1.156000  0.000069 0.000063 0.000174 0.000335 0.000186 0.000098 
4558976 backprop 1 825 41 0.976000 0.694000  0.000067 0.000060 0.000169 0.000343 0.000185 0.000100 
4558976 backprop 1 825 41 0.976000 1.001000  0.000069 0.000063 0.000173 0.000333 0.000183 0.000097 
4558976 backprop 1 825 41 0.976000 0.926000  0.000070 0.000063 0.000172 0.000335 0.000184 0.000096 
4558976 backprop 1 825 41 0.976000 0.770000  0.000068 0.000062 0.000172 0.000328 0.000182 0.000096 
4558976 backprop 1 825 41 0.976000 1.233000  0.000070 0.000125 0.000297 0.000669 0.000284 0.000136 
4558976 backprop 1 825 41 0.976000 0.694000  0.000066 0.000059 0.000163 0.000321 0.000168 0.000090 
4559104 backprop 1 825 41 0.976000 1.002000  0.000082 0.000066 0.000181 0.000392 0.000201 0.000102 
4559104 backprop 1 825 41 0.976000 0.849000  0.000074 0.000060 0.000168 0.000389 0.000173 0.000092 
4559104 backprop 1 825 41 0.976000 1.080000  0.000082 0.000065 0.000178 0.000372 0.000194 0.000099 
4559104 backprop 1 825 41 0.976000 0.771000  0.000117 0.000071 0.000184 0.000377 0.000190 0.000098 
4559232 backprop 1 825 41 0.976000 1.003000  0.000070 0.000060 0.000165 0.000338 0.000175 0.000092 
4559232 backprop 1 825 42 0.976000 0.925000  0.000072 0.000059 0.000164 0.000344 0.000174 0.000091 
4559232 backprop 1 825 41 0.976000 1.080000  0.000092 0.000063 0.000176 0.000413 0.000194 0.000099 
4559232 backprop 1 825 41 0.976000 1.311000  0.000075 0.000059 0.000173 0.000407 0.000183 0.000094 
4559232 backprop 1 825 41 0.976000 0.848000  0.000078 0.000060 0.000170 0.000390 0.000189 0.000097 
4559360 backprop 1 825 41 0.976000 1.156000  0.000077 0.000060 0.000169 0.000391 0.000190 0.000097 
4559360 backprop 1 825 41 0.976000 0.848000  0.000065 0.000055 0.000154 0.000313 0.000158 0.000085 
4559360 backprop 1 825 41 0.976000 1.079000  0.000067 0.000058 0.000160 0.000325 0.000170 0.000089 
4559360 backprop 1 825 41 0.976000 0.925000  0.000069 0.000057 0.000160 0.000346 0.000166 0.000087 
4559360 backprop 1 825 41 0.976000 0.925000  0.000063 0.000082 0.000200 0.000529 0.000236 0.000128 
4559360 backprop 1 825 41 0.976000 1.156000  0.000090 0.000062 0.000174 0.000424 0.000185 0.000096 
4559488 backprop 1 825 41 0.976000 1.080000  0.000063 0.000445 0.000989 0.001106 0.000521 0.000271 
4559488 backprop 1 825 41 0.976000 1.233000  0.000072 0.000057 0.000155 0.000397 0.000178 0.000090 
4559488 backprop 1 825 42 0.976000 1.002000  0.000063 0.000053 0.000149 0.000296 0.000153 0.000082 
4559488 backprop 1 825 42 0.976000 1.002000  0.000095 0.000060 0.000160 0.000388 0.000177 0.000091 
4559488 backprop 1 825 42 0.976000 0.848000  0.000084 0.000056 0.000156 0.000380 0.000161 0.000085 
4559616 backprop 1 825 42 0.976000 1.310000  0.000121 0.000066 0.000170 0.000441 0.000177 0.000090 
4559616 backprop 1 825 42 0.976000 0.539000  0.000065 0.000053 0.000146 0.000290 0.000152 0.000082 
4559616 backprop 1 825 42 0.976000 1.233000  0.000077 0.000057 0.000157 0.000357 0.000176 0.000093 
4559616 backprop 1 825 42 0.976000 0.925000  0.000062 0.000055 0.000150 0.000320 0.000169 0.000117 
4559616 backprop 1 825 42 0.976000 0.772000  0.000067 0.000055 0.000157 0.000335 0.000236 0.000116 
4559744 backprop 1 825 41 0.976000 1.081000  0.000064 0.000054 0.000151 0.000319 0.000167 0.000087 
4559744 backprop 1 825 41 0.976000 0.693000  0.000057 0.000051 0.000143 0.000280 0.000146 0.000079 
4559744 backprop 1 825 42 0.976000 1.080000  0.000076 0.000057 0.000157 0.000339 0.000171 0.000087 
4559744 backprop 1 825 42 0.976000 0.694000  0.000074 0.000052 0.000148 0.000324 0.000155 0.000082 
4559744 backprop 1 825 42 0.976000 0.924000  0.000066 0.000054 0.000154 0.000334 0.000171 0.000088 
4559744 backprop 1 825 41 0.976000 0.694000  0.000060 0.000053 0.000154 0.000372 0.000163 0.000084 
4559872 backprop 1 825 41 0.976000 0.693000  0.000060 0.000053 0.000146 0.000288 0.000155 0.000082 
4559872 backprop 1 825 41 0.976000 1.081000  0.000058 0.000052 0.000150 0.000320 0.000162 0.000084 
4559872 backprop 1 825 41 0.976000 0.849000  0.000066 0.000054 0.000151 0.000331 0.000167 0.000086 
4559872 backprop 1 825 41 0.976000 1.002000  0.000061 0.000084 0.000212 0.000550 0.000218 0.000120 
4559872 backprop 1 825 41 0.976000 1.157000  0.059016 0.221063 0.066246 0.221200 0.000022 0.004098 
4560000 backprop 1 825 41 0.976000 0.693000  0.000070 0.000056 0.000155 0.000342 0.000172 0.000087 
4560000 backprop 1 825 41 0.976000 1.003000  0.000078 0.000057 0.000150 0.000316 0.000160 0.000083 
4560000 backprop 1 825 41 0.976000 0.693000  0.000059 0.000052 0.000144 0.000278 0.000152 0.000080 
4560000 backprop 1 825 41 0.976000 1.002000  0.000059 0.000052 0.000142 0.000278 0.000151 0.000079 
4560000 backprop 1 825 41 0.976000 0.770000  0.000055 0.000049 0.000137 0.000269 0.000141 0.000076 
4560128 backprop 1 825 41 0.976000 1.079000  0.000058 0.000051 0.000141 0.000274 0.000150 0.000079 
4560128 backprop 1 825 41 0.976000 0.924000  0.000068 0.000050 0.000141 0.000335 0.000152 0.000078 
