#Timestamp	Benchmark	Run(#)	CPU Frequency (MHz)	CPU Temperature(C)	CPU Voltage(V)	CPU Power(W)	CPU_CYCLES	L1_DATA_CACHE_ACCESS	INSTRUCTIONS_RETIRED	BUS_CYCLES	L1I_CACHE_ACCESS	PREDICTABLE_BRANCH_SPECULATIVELY_EXECUTED
3947520 lud 1 614 38 0.919000 0.539000  0.002001 0.006915 0.002389 0.006925 0.000000 0.000144 
3947520 lud 1 614 38 0.919000 0.771000  0.000622 0.000799 0.002693 0.005543 0.002257 0.001097 
3947520 lud 1 614 38 0.919000 0.694000  0.000559 0.001159 0.003498 0.008626 0.002824 0.001292 
3947520 lud 1 614 38 0.919000 0.694000  0.000004 0.000003 0.000010 0.000022 0.000013 0.000006 
3947648 lud 1 614 38 0.919000 0.847000  0.000005 0.000003 0.000010 0.000021 0.000012 0.000006 
3947648 lud 1 614 38 0.919000 0.925000  0.000576 0.000409 0.001095 0.002757 0.001142 0.001034 
3947648 lud 1 614 38 0.919000 0.848000  0.000107 0.000093 0.000265 0.000527 0.000339 0.000165 
3947648 lud 1 614 38 0.919000 0.539000  0.000106 0.000090 0.000256 0.000506 0.000622 0.000284 
3947648 lud 1 614 38 0.919000 0.847000  0.000121 0.000086 0.000245 0.000536 0.000314 0.000153 
3947776 lud 1 614 38 0.919000 0.539000  0.000098 0.000083 0.000236 0.000472 0.000388 0.000168 
3947776 lud 1 614 38 0.919000 1.079000  0.000008 0.000007 0.000020 0.000041 0.000026 0.000013 
3947776 lud 1 614 38 0.919000 0.771000  0.000082 0.000074 0.000211 0.000419 0.000270 0.000131 
3947776 lud 1 614 38 0.919000 0.539000  0.000362 0.000304 0.000839 0.001884 0.001062 0.000527 
3947776 lud 1 614 39 0.919000 0.539000  0.000298 0.000268 0.000749 0.001423 0.000776 0.000413 
3947904 lud 1 614 39 0.919000 0.925000  0.000446 0.000316 0.000820 0.001821 0.000912 0.000456 
3947904 lud 1 614 38 0.919000 0.771000  0.000292 0.000253 0.000706 0.001477 0.000746 0.000397 
3947904 lud 1 614 38 0.919000 0.771000  0.000320 0.000268 0.000754 0.001616 0.000809 0.000426 
3947904 lud 1 614 38 0.919000 0.694000  0.000297 0.000255 0.000705 0.001514 0.000746 0.000393 
3947904 lud 1 614 38 0.919000 0.848000  0.000342 0.000263 0.000735 0.001624 0.000814 0.000420 
3948032 lud 1 614 38 0.919000 1.001000  0.000332 0.000250 0.000702 0.001463 0.000975 0.000465 
