#Timestamp	Benchmark	Run(#)	CPU Frequency (MHz)	CPU Temperature(C)	CPU Voltage(V)	CPU Power(W)	CPU_CYCLES	L1_DATA_CACHE_ACCESS	INSTRUCTIONS_RETIRED	BUS_CYCLES	L1I_CACHE_ACCESS	PREDICTABLE_BRANCH_SPECULATIVELY_EXECUTED
5951616 lud 1 1428 45 1.130000 1.388000  0.000006 0.000005 0.000014 0.000030 0.000018 0.000009 
5951744 lud 1 1428 45 1.130000 1.386000  0.000006 0.000005 0.000014 0.000029 0.000018 0.000009 
5951744 lud 1 1428 45 1.130000 0.693000  0.000021 0.000019 0.000097 0.000213 0.000081 0.000040 
5951744 lud 1 1428 45 1.130000 1.311000  0.000022 0.000019 0.000052 0.000102 0.000054 0.000029 
5951744 lud 1 1428 45 1.130000 0.693000  0.000021 0.000019 0.000052 0.000102 0.000055 0.000029 
5951744 lud 1 1428 45 1.130000 0.540000  0.000082 0.000027 0.000078 0.000164 0.000069 0.000035 
5951872 lud 1 1428 45 1.130000 0.848000  0.917874 -0.678810 -0.193397 0.918046 -0.000515 1.228845 
5951872 lud 1 1428 45 1.130000 1.233000  0.000020 0.000018 0.000050 0.000095 0.000051 0.000027 
5951872 lud 1 1428 45 1.130000 1.388000  0.000165 0.000117 0.000320 0.000880 0.000400 0.000207 
5951872 lud 1 1428 45 1.130000 2.003000  0.000011 0.000064 0.000041 0.000130 0.000000 0.000007 
5951872 lud 1 1428 45 1.130000 0.772000  0.000021 0.000018 0.000052 0.000101 0.000053 0.000028 
5951872 lud 1 1428 45 1.130000 0.847000  0.000021 0.000019 0.000051 0.000100 0.000053 0.000028 
5952000 lud 1 1428 45 1.130000 0.848000  0.000021 0.000018 0.000051 0.000102 0.000053 0.000029 
5952000 lud 1 1428 45 1.130000 0.848000  0.000058 0.000045 0.000122 0.000261 0.000135 0.000068 
5952000 lud 1 1428 45 1.130000 0.848000  0.000026 0.000020 0.000056 0.000119 0.000061 0.000031 
5952000 lud 1 1428 45 1.130000 0.771000  0.000027 0.000020 0.000056 0.000118 0.000062 0.000032 
5952000 lud 1 1428 45 1.130000 0.694000  0.000026 0.000021 0.000056 0.000117 0.000061 0.000031 
5952128 lud 1 1428 45 1.130000 0.848000  0.000023 0.000028 0.000085 0.000193 0.000078 0.000038 
5952128 lud 1 1428 45 1.130000 1.234000  0.000025 0.000027 0.000084 0.000195 0.000086 0.000044 
5952128 lud 1 1428 45 1.130000 1.543000  0.000027 0.000026 0.000082 0.000282 0.000096 0.000087 
5952128 lud 1 1428 45 1.130000 2.005000  0.000013 0.000010 0.000030 0.000065 0.000039 0.000019 
5952128 lud 1 1428 45 1.130000 1.618000  0.000026 0.000021 0.000055 0.000118 0.000063 0.000031 
5952128 lud 1 1428 45 1.130000 2.774000  0.000062 0.000045 0.000121 0.000368 0.000147 0.000075 
5952256 lud 1 1428 46 1.130000 2.620000  0.000025 0.000028 0.000067 0.000171 0.000078 0.000042 
