#Timestamp	Benchmark	Run(#)	CPU Frequency (MHz)	CPU Temperature(C)	CPU Voltage(V)	CPU Power(W)	CPU_CYCLES	L1_DATA_CACHE_ACCESS	INSTRUCTIONS_RETIRED	BUS_CYCLES	L1I_CACHE_ACCESS	PREDICTABLE_BRANCH_SPECULATIVELY_EXECUTED
3040128 pathfinder 1 307 36 0.842000 0.539000  0.000020 0.000018 0.000049 0.000100 0.000052 0.000027 
3040256 pathfinder 1 307 36 0.842000 0.616000  0.000019 0.000028 0.000068 0.000159 0.000065 0.000032 
3040256 pathfinder 1 307 36 0.842000 0.617000  0.000005 0.000004 0.000013 0.000025 0.000016 0.000008 
3040256 pathfinder 1 307 36 0.842000 0.463000  0.000019 0.000018 0.000049 0.000093 0.000057 0.000030 
3040256 pathfinder 1 307 36 0.842000 0.617000  0.000021 0.000018 0.000050 0.000101 0.000051 0.000027 
3040256 pathfinder 1 307 36 0.842000 0.539000  0.000024 0.000019 0.000050 0.000101 0.000053 0.000028 
3040384 pathfinder 1 307 36 0.842000 0.539000  0.000021 0.000024 0.000062 0.000136 0.000061 0.000030 
3040384 pathfinder 1 307 36 0.842000 0.462000  0.000019 0.000018 0.000049 0.000092 0.000051 0.000027 
3040384 pathfinder 1 307 36 0.842000 0.540000  0.000018 0.000017 0.000047 0.000089 0.000049 0.000030 
3040384 pathfinder 1 307 36 0.842000 0.540000  0.000019 0.000018 0.000049 0.000093 0.000052 0.000027 
3040512 pathfinder 1 307 36 0.842000 0.463000  0.000018 0.000017 0.000047 0.000088 0.000047 0.000026 
3040512 pathfinder 1 307 36 0.842000 0.540000  0.016653 0.005373 0.012788 0.016670 0.006084 0.002642 
3040512 pathfinder 1 307 36 0.842000 0.539000  0.000016 0.000015 0.000042 0.000079 0.000044 0.000023 
3040512 pathfinder 1 307 36 0.842000 0.540000  0.000016 0.000014 0.000043 0.000086 0.000044 0.000023 
3040512 pathfinder 1 307 36 0.842000 0.463000  0.000017 0.000015 0.000054 0.000109 0.000053 0.000027 
3040640 pathfinder 1 307 36 0.842000 0.385000  0.000015 0.000014 0.000040 0.000076 0.000041 0.000022 
3040640 pathfinder 1 307 36 0.842000 0.540000  0.000016 0.000015 0.000054 0.000106 0.000054 0.000031 
3040640 pathfinder 1 307 36 0.842000 0.539000  0.000015 0.000014 0.000040 0.000076 0.000041 0.000022 
3040640 pathfinder 1 307 36 0.842000 0.617000  0.000016 0.000015 0.000054 0.000106 0.000063 0.000031 
3040768 pathfinder 1 307 36 0.842000 0.462000  0.015600 0.042642 0.015326 0.042784 0.000004 0.001238 
3040768 pathfinder 1 307 36 0.842000 0.616000  0.000022 0.000019 0.000052 0.000106 0.000057 0.000029 
3040768 pathfinder 1 307 36 0.842000 0.539000  0.000020 0.000018 0.000049 0.000096 0.000051 0.000026 
3040768 pathfinder 1 307 36 0.842000 0.462000  0.000019 0.000018 0.000048 0.000092 0.000063 0.000032 
3040768 pathfinder 1 307 36 0.842000 0.540000  0.000018 0.000017 0.000047 0.000096 0.000050 0.000026 
3040896 pathfinder 1 307 36 0.842000 0.462000  0.000022 0.000019 0.000053 0.000109 0.000058 0.000029 
3040896 pathfinder 1 307 36 0.842000 0.540000  0.000018 0.000018 0.000048 0.000096 0.000050 0.000026 
3040896 pathfinder 1 307 36 0.842000 0.462000  0.000019 0.000018 0.000048 0.000124 0.000062 0.000035 
3040896 pathfinder 1 307 36 0.842000 0.617000  0.000022 0.000018 0.000049 0.000096 0.000052 0.000027 
3041024 pathfinder 1 307 36 0.842000 0.462000  0.000019 0.000017 0.000069 0.000145 0.000066 0.000033 
3041024 pathfinder 1 307 36 0.842000 0.463000  0.000019 0.000019 0.000052 0.000109 0.000055 0.000028 
3041024 pathfinder 1 307 36 0.842000 0.463000  0.000023 0.000019 0.000053 0.000103 0.000054 0.000028 
3041024 pathfinder 1 307 36 0.842000 0.540000  0.000568 0.000124 0.000280 0.000669 0.000196 0.000089 
3041024 pathfinder 1 307 36 0.842000 0.386000  0.000018 0.000017 0.000046 0.000087 0.000047 0.000026 
3041152 pathfinder 1 307 36 0.842000 0.540000  0.000023 0.000020 0.000052 0.000114 0.000058 0.000030 
3041152 pathfinder 1 307 36 0.842000 0.385000  0.000016 0.000014 0.000040 0.000077 0.000042 0.000022 
3041152 pathfinder 1 307 36 0.842000 0.540000  0.000051 0.000022 0.000057 0.000138 0.000063 0.000031 
3041152 pathfinder 1 307 36 0.842000 0.462000  0.000018 0.000016 0.000046 0.000088 0.000048 0.000025 
3041280 pathfinder 1 307 36 0.842000 0.539000  0.000021 0.000018 0.000050 0.000102 0.000054 0.000028 
3041280 pathfinder 1 307 36 0.842000 0.540000  0.000009 0.000051 0.000034 0.000107 0.000000 0.000006 
3041280 pathfinder 1 307 36 0.842000 0.617000  0.003953 0.000896 0.001751 0.004017 0.001181 0.000481 
3041280 pathfinder 1 307 36 0.842000 0.540000  0.000018 0.000016 0.000046 0.000086 0.000047 0.000025 
3041280 pathfinder 1 307 36 0.842000 0.540000  0.000021 0.000017 0.000047 0.000091 0.000048 0.000025 
3041408 pathfinder 1 307 36 0.842000 0.462000  0.000018 0.000025 0.000061 0.000119 0.000083 0.000043 
3041408 pathfinder 1 307 36 0.842000 0.616000  0.000021 0.000017 0.000047 0.000093 0.000049 0.000026 
3041408 pathfinder 1 307 36 0.842000 0.463000  0.000023 0.000019 0.000052 0.000110 0.000057 0.000029 
3041408 pathfinder 1 307 36 0.842000 0.693000  0.000017 0.000017 0.000048 0.000097 0.000049 0.000026 
3041536 pathfinder 1 307 36 0.842000 0.462000  0.000023 0.000019 0.000051 0.000104 0.000056 0.000028 
3041536 pathfinder 1 307 36 0.842000 0.617000  0.000023 0.000017 0.000049 0.000097 0.000049 0.000026 
3041536 pathfinder 1 307 36 0.842000 0.540000  0.000030 0.000019 0.000053 0.000112 0.000062 0.000031 
3041536 pathfinder 1 307 36 0.842000 0.386000  0.000018 0.000113 0.000064 0.000213 0.000000 0.000000 
3041536 pathfinder 1 307 36 0.842000 0.539000  0.000019 0.000017 0.000047 0.000091 0.000050 0.000026 
3041664 pathfinder 1 307 36 0.842000 0.385000  0.000009 0.000054 0.000036 0.000113 0.000000 0.000006 
3041664 pathfinder 1 307 37 0.842000 0.463000  0.000022 0.000018 0.000051 0.000114 0.000058 0.000029 
3041664 pathfinder 1 307 37 0.842000 0.617000  0.000017 0.000016 0.000045 0.000084 0.000046 0.000025 
3041664 pathfinder 1 307 36 0.842000 0.462000  0.000023 0.000018 0.000051 0.000105 0.000056 0.000028 
3041792 pathfinder 1 307 36 0.842000 0.539000  0.000020 0.000017 0.000048 0.000096 0.000049 0.000026 
3041792 pathfinder 1 307 36 0.842000 0.540000  0.000023 0.000018 0.000050 0.000103 0.000055 0.000028 
3041792 pathfinder 1 307 36 0.842000 0.539000  0.000022 0.000017 0.000049 0.000099 0.000050 0.000026 
3041792 pathfinder 1 307 36 0.842000 0.463000  0.000020 0.000017 0.000048 0.000100 0.000054 0.000029 
3041792 pathfinder 1 307 36 0.842000 0.616000  0.000040 0.000020 0.000051 0.000111 0.000052 0.000027 
3041920 pathfinder 1 307 36 0.842000 0.463000  0.000022 0.000019 0.000051 0.000106 0.000056 0.000029 
3041920 pathfinder 1 307 36 0.842000 0.540000  0.000020 0.000017 0.000049 0.000098 0.000050 0.000026 
3041920 pathfinder 1 307 36 0.842000 0.462000  0.000021 0.000017 0.000049 0.000100 0.000054 0.000028 
3041920 pathfinder 1 307 36 0.842000 0.616000  0.000017 0.000017 0.000047 0.000092 0.000048 0.000026 
3041920 pathfinder 1 307 36 0.842000 0.463000  0.000023 0.000018 0.000049 0.000103 0.000054 0.000028 
3042048 pathfinder 1 307 36 0.842000 0.462000  0.000018 0.000018 0.000049 0.000103 0.000050 0.000026 
3042048 pathfinder 1 307 36 0.842000 0.540000  0.000022 0.000019 0.000051 0.000105 0.000056 0.000028 
3042048 pathfinder 1 307 36 0.842000 0.540000  0.000022 0.000019 0.000049 0.000102 0.000052 0.000027 
3042048 pathfinder 1 307 36 0.842000 0.462000  0.000018 0.000024 0.000060 0.000116 0.000071 0.000035 
3042176 pathfinder 1 307 36 0.842000 0.539000  0.000035 0.000018 0.000050 0.000112 0.000053 0.000027 
3042176 pathfinder 1 307 36 0.842000 0.386000  0.000017 0.000016 0.000045 0.000083 0.000046 0.000629 
3042176 pathfinder 1 307 36 0.842000 0.540000  0.000019 0.000017 0.000063 0.000138 0.000070 0.000036 
3042176 pathfinder 1 307 36 0.842000 0.462000  0.000017 0.000016 0.000044 0.000085 0.000046 0.000025 
3042304 pathfinder 1 307 36 0.842000 0.540000  0.000018 0.000025 0.000059 0.000143 0.000069 0.000038 
3042304 pathfinder 1 307 36 0.842000 0.617000  0.000025 0.000018 0.000051 0.000107 0.000052 0.000027 
3042304 pathfinder 1 307 36 0.842000 0.540000  0.000022 0.000018 0.000049 0.000104 0.000056 0.000028 
3042304 pathfinder 1 307 36 0.842000 0.540000  0.000017 0.000016 0.000044 0.000084 0.000045 0.000024 
3042304 pathfinder 1 307 36 0.842000 0.540000  0.000019 0.000025 0.000061 0.000173 0.000076 0.000040 
3042432 pathfinder 1 307 36 0.842000 0.386000  0.000020 0.000017 0.000047 0.000092 0.000048 0.000025 
3042432 pathfinder 1 307 36 0.842000 0.540000  0.000018 0.000024 0.000059 0.000143 0.000068 0.000036 
3042432 pathfinder 1 307 36 0.842000 0.540000  0.033070 0.009752 0.020709 0.033131 0.011401 0.004997 
3042432 pathfinder 1 307 36 0.842000 0.539000  0.000020 0.000016 0.000044 0.000091 0.000048 0.000025 
3042560 pathfinder 1 307 36 0.842000 0.539000  0.000015 0.000014 0.000039 0.000073 0.000040 0.000021 
3042560 pathfinder 1 307 36 0.842000 0.540000  0.000018 0.000015 0.000042 0.000087 0.000047 0.000024 
3042560 pathfinder 1 307 36 0.842000 0.540000  0.000019 0.000017 0.000047 0.000100 0.000050 0.000026 
3042560 pathfinder 1 307 36 0.842000 0.463000  0.000010 0.000063 0.000041 0.000129 0.000000 0.000007 
3042560 pathfinder 1 307 36 0.842000 0.540000  0.000017 0.000017 0.000046 0.000092 0.000048 0.000026 
3042688 pathfinder 1 307 36 0.842000 0.539000  0.000022 0.000017 0.000048 0.000097 0.000052 0.000027 
3042688 pathfinder 1 307 36 0.842000 0.540000  0.000017 0.000016 0.000047 0.000092 0.000048 0.000025 
3042688 pathfinder 1 307 36 0.842000 0.462000  0.000021 0.000018 0.000048 0.000100 0.000053 0.000027 
3042688 pathfinder 1 307 36 0.842000 0.540000  0.000018 0.000017 0.000046 0.000094 0.000049 0.000025 
3042816 pathfinder 1 307 36 0.842000 0.540000  0.000018 0.000016 0.000046 0.000115 0.000058 0.000033 
3042816 pathfinder 1 307 36 0.842000 0.694000  0.000022 0.000018 0.000048 0.000099 0.000051 0.000027 
3042816 pathfinder 1 307 36 0.842000 0.617000  0.003716 0.012736 0.004360 0.012788 0.000002 0.000275 
3042816 pathfinder 1 307 36 0.842000 0.617000  0.000021 0.000017 0.000048 0.000103 0.000053 0.000027 
3042816 pathfinder 1 307 36 0.842000 0.385000  0.000017 0.000016 0.000044 0.000083 0.000045 0.000024 
3042944 pathfinder 1 307 36 0.842000 0.539000  0.005709 0.018257 0.006615 0.018323 0.000003 0.000412 
3042944 pathfinder 1 307 36 0.842000 0.539000  0.000030 0.000017 0.000080 0.000169 0.000074 0.000035 
3042944 pathfinder 1 307 36 0.842000 0.540000  0.000017 0.000016 0.000047 0.000094 0.000050 0.000026 
3042944 pathfinder 1 307 36 0.842000 0.540000  0.000018 0.000016 0.000059 0.000114 0.000068 0.000047 
3043072 pathfinder 1 307 36 0.842000 0.540000  0.000019 0.000015 0.000043 0.000093 0.000048 0.000024 
3043072 pathfinder 1 307 36 0.842000 0.617000  0.000017 0.000015 0.000044 0.000082 0.000045 0.000024 
3043072 pathfinder 1 307 36 0.842000 0.540000  0.000009 0.000055 0.000037 0.000121 0.000000 0.000006 
3043072 pathfinder 1 307 36 0.842000 0.386000  0.000017 0.000016 0.000043 0.000081 0.000044 0.000024 
3043072 pathfinder 1 307 37 0.842000 0.539000  0.000066 0.000032 0.000084 0.000159 0.000085 0.000045 
3043200 pathfinder 1 307 36 0.842000 0.540000  0.000017 0.000015 0.000043 0.000082 0.000044 0.000024 
3043200 pathfinder 1 307 36 0.842000 0.540000  0.000019 0.000017 0.000049 0.000109 0.000054 0.000027 
3043200 pathfinder 1 307 36 0.842000 0.386000  0.000017 0.000015 0.000043 0.000082 0.000044 0.000024 
3043200 pathfinder 1 307 36 0.842000 0.617000  0.000021 0.000017 0.000048 0.000101 0.000052 0.000027 
3043328 pathfinder 1 307 36 0.842000 0.463000  0.000044 0.000024 0.000078 0.000173 0.000076 0.000174 
3043328 pathfinder 1 307 36 0.842000 0.616000  0.000017 0.000015 0.000041 0.000083 0.000044 0.000023 
3043328 pathfinder 1 307 36 0.842000 0.463000  0.000016 0.000015 0.000043 0.000081 0.000044 0.000024 
3043328 pathfinder 1 307 36 0.842000 0.539000  0.000018 0.000016 0.000045 0.000085 0.000048 0.000025 
3043328 pathfinder 1 307 36 0.842000 0.540000  0.000031 0.000016 0.000042 0.000089 0.000043 0.000022 
3043456 pathfinder 1 307 36 0.842000 0.616000  0.000020 0.000018 0.000048 0.000103 0.000051 0.000026 
3043456 pathfinder 1 307 36 0.842000 0.463000  0.000017 0.000016 0.000045 0.000085 0.000047 0.000025 
3043456 pathfinder 1 307 36 0.842000 0.616000  0.000022 0.000016 0.000046 0.000093 0.000048 0.000025 
3043456 pathfinder 1 307 36 0.842000 0.540000  0.000018 0.000016 0.000045 0.000086 0.000047 0.000025 
3043456 pathfinder 1 307 36 0.842000 0.617000  0.000021 0.000017 0.000049 0.000104 0.000050 0.000026 
3043584 pathfinder 1 307 36 0.842000 0.539000  0.000021 0.000017 0.000053 0.000124 0.000061 0.000029 
3043584 pathfinder 1 307 36 0.842000 0.693000  0.000019 0.000016 0.000045 0.000090 0.000046 0.000025 
3043584 pathfinder 1 307 36 0.842000 0.540000  0.006163 0.001906 0.004194 0.006266 0.002255 0.001022 
3043584 pathfinder 1 307 36 0.842000 0.616000  0.000018 0.000016 0.000045 0.000093 0.000047 0.000025 
3043712 pathfinder 1 307 36 0.842000 0.540000  0.000009 0.000060 0.000038 0.000118 0.000000 0.000006 
3043712 pathfinder 1 307 36 0.842000 0.771000  0.000018 0.000016 0.000045 0.000086 0.000045 0.000024 
3043712 pathfinder 1 307 36 0.842000 0.463000  0.000021 0.000017 0.000046 0.000095 0.000055 0.000029 
3043712 pathfinder 1 307 36 0.842000 0.540000  0.010674 0.003671 0.008264 0.010730 0.004257 0.001991 
3043712 pathfinder 1 307 36 0.842000 0.539000  0.000017 0.000016 0.000044 0.000093 0.000050 0.000026 
3043840 pathfinder 1 307 36 0.842000 0.616000  0.012624 0.004540 0.010131 0.012693 0.005148 0.002411 
3043840 pathfinder 1 307 36 0.842000 0.540000  0.000021 0.000018 0.000049 0.000104 0.000050 0.000025 
3043840 pathfinder 1 307 36 0.842000 0.540000  0.000018 0.000016 0.000044 0.000085 0.000047 0.000025 
3043840 pathfinder 1 307 36 0.842000 0.463000  0.000016 0.000015 0.000042 0.000080 0.000043 0.000023 
3043968 pathfinder 1 307 36 0.842000 0.617000  0.000004 0.000004 0.000011 0.000022 0.000015 0.000007 
3043968 pathfinder 1 307 36 0.842000 0.539000  0.000036 0.000020 0.000050 0.000108 0.000055 0.000027 
3043968 pathfinder 1 307 36 0.842000 0.539000  0.000016 0.000017 0.000045 0.000090 0.000045 0.000024 
3043968 pathfinder 1 307 36 0.842000 0.540000  0.000017 0.000016 0.000044 0.000085 0.000047 0.000025 
3043968 pathfinder 1 307 36 0.842000 0.617000  0.000019 0.000016 0.000045 0.000087 0.000045 0.000024 
3044096 pathfinder 1 307 36 0.842000 0.540000  0.000017 0.000023 0.000057 0.000110 0.000066 0.000032 
3044096 pathfinder 1 307 36 0.842000 0.539000  0.000017 0.000016 0.000045 0.000088 0.000046 0.000024 
3044096 pathfinder 1 307 36 0.842000 0.617000  0.000015 0.000028 0.000072 0.000153 0.000068 0.000032 
3044096 pathfinder 1 307 36 0.842000 0.385000  0.000016 0.000015 0.000042 0.000079 0.000043 0.000023 
3044096 pathfinder 1 307 36 0.842000 0.462000  0.000008 0.000048 0.000033 0.000100 0.000000 0.000006 
3044224 pathfinder 1 307 36 0.842000 0.617000  0.000018 0.000016 0.000044 0.000088 0.000046 0.000024 
3044224 pathfinder 1 307 36 0.842000 0.463000  0.000008 0.000047 0.000032 0.000098 0.000000 0.000006 
3044224 pathfinder 1 307 36 0.842000 0.540000  0.002626 0.000848 0.002568 0.003409 0.001305 0.000603 
3044224 pathfinder 1 307 36 0.842000 0.539000  0.000018 0.000023 0.000056 0.000129 0.000065 0.000035 
3044352 pathfinder 1 307 36 0.842000 0.540000  0.000018 0.000016 0.000046 0.000093 0.000049 0.000025 
3044352 pathfinder 1 307 36 0.842000 0.617000  0.000017 0.000016 0.000043 0.000082 0.000046 0.000024 
3044352 pathfinder 1 307 36 0.842000 0.539000  0.000016 0.000015 0.000044 0.000088 0.000045 0.000024 
3044352 pathfinder 1 307 36 0.842000 0.540000  0.000017 0.000016 0.000043 0.000082 0.000045 0.000024 
3044352 pathfinder 1 307 36 0.842000 0.539000  0.000020 0.000016 0.000045 0.000090 0.000046 0.000024 
3044480 pathfinder 1 307 36 0.842000 0.539000  0.000020 0.000016 0.000045 0.000108 0.000055 0.000029 
3044480 pathfinder 1 307 36 0.842000 0.462000  0.000011 0.000079 0.000046 0.000227 0.000000 0.000009 
3044480 pathfinder 1 307 36 0.842000 0.540000  0.000009 0.000053 0.000035 0.000116 0.000000 0.000007 
3044480 pathfinder 1 307 36 0.842000 0.616000  0.000008 0.000044 0.000033 0.000115 0.000000 0.000006 
3044480 pathfinder 1 307 36 0.842000 0.540000  0.000020 0.000016 0.000045 0.000095 0.000051 0.000026 
3044608 pathfinder 1 307 36 0.842000 0.616000  0.000016 0.000015 0.000044 0.000090 0.000049 0.000025 
3044608 pathfinder 1 307 36 0.842000 0.539000  0.000020 0.000016 0.000045 0.000094 0.000050 0.000026 
3044608 pathfinder 1 307 36 0.842000 0.616000  0.000016 0.000015 0.000042 0.000097 0.000047 0.000024 
3044608 pathfinder 1 307 36 0.842000 0.463000  0.000017 0.000023 0.000055 0.000130 0.000064 0.000035 
3044736 pathfinder 1 307 36 0.842000 0.540000  0.000016 0.000015 0.000041 0.000079 0.000042 0.000023 
3044736 pathfinder 1 307 36 0.842000 0.540000  0.000021 0.000017 0.000046 0.000094 0.000050 0.000026 
3044736 pathfinder 1 307 36 0.842000 0.540000  0.000020 0.000015 0.000043 0.000088 0.000045 0.000024 
3044736 pathfinder 1 307 36 0.842000 0.540000  0.000021 0.000017 0.000047 0.000098 0.000052 0.000026 
3044736 pathfinder 1 307 36 0.842000 0.540000  0.000016 0.000016 0.000043 0.000087 0.000045 0.000025 
3044864 pathfinder 1 307 36 0.842000 0.540000  0.003768 0.011892 0.004271 0.011941 0.000002 0.000287 
3044864 pathfinder 1 307 36 0.842000 0.616000  0.000009 0.000055 0.000035 0.000111 0.000000 0.000006 
3044864 pathfinder 1 307 36 0.842000 0.386000  0.000016 0.000015 0.000041 0.000077 0.000042 0.000023 
3044864 pathfinder 1 307 36 0.842000 0.539000  0.000017 0.000015 0.000042 0.000083 0.000045 0.000024 
3044992 pathfinder 1 307 36 0.842000 0.540000  0.000019 0.000016 0.000043 0.000082 0.000044 0.000023 
3044992 pathfinder 1 307 36 0.842000 0.617000  5.152184 1.493302 3.135510 5.166226 1.788114 0.767237 
3044992 pathfinder 1 307 36 0.842000 0.539000  0.003985 0.003375 0.009124 0.018910 0.010194 0.005189 
3044992 pathfinder 1 307 36 0.842000 0.539000  0.000008 0.000061 0.000042 0.000155 0.000000 0.000007 
3044992 pathfinder 1 307 36 0.842000 0.462000  0.000021 0.000017 0.000045 0.000095 0.000050 0.000026 
3045120 pathfinder 1 307 36 0.842000 0.540000  0.000008 0.000052 0.000034 0.000106 0.000000 0.000005 
3045120 pathfinder 1 307 36 0.842000 0.539000  0.516601 0.143785 0.299356 0.518324 0.172040 0.074615 
3045120 pathfinder 1 307 36 0.842000 0.308000  0.000016 0.000015 0.000041 0.000077 0.000042 0.000022 
3045120 pathfinder 1 307 36 0.842000 0.617000  0.000009 0.000053 0.000034 0.000225 0.000000 0.000009 
3045248 pathfinder 1 307 36 0.842000 0.463000  0.000015 0.000014 0.000040 0.000075 0.000061 0.000030 
3045248 pathfinder 1 307 36 0.842000 0.693000  0.000017 0.000015 0.000042 0.000082 0.000044 0.000024 
3045248 pathfinder 1 307 36 0.842000 0.539000  0.000017 0.000015 0.000042 0.000081 0.000052 0.000026 
3045248 pathfinder 1 307 36 0.842000 0.540000  0.000016 0.000014 0.000040 0.000077 0.000043 0.000023 
3045376 pathfinder 1 307 36 0.842000 0.540000  0.000020 0.000016 0.000045 0.000093 0.000050 0.000025 
3045376 pathfinder 1 307 36 0.842000 0.540000  0.000016 0.000015 0.000048 0.000096 0.000047 0.000025 
3045376 pathfinder 1 307 36 0.842000 0.540000  0.000016 0.000015 0.000054 0.000106 0.000063 0.000031 
3045376 pathfinder 1 307 36 0.842000 0.540000  0.003228 0.008795 0.003538 0.008896 0.000001 0.000243 
3045376 pathfinder 1 307 36 0.842000 0.463000  0.000016 0.000015 0.000042 0.000080 0.000045 0.000024 
3045504 pathfinder 1 307 36 0.842000 0.540000  0.000015 0.000014 0.000040 0.000076 0.000041 0.000022 
3045504 pathfinder 1 307 36 0.842000 0.539000  0.000020 0.000017 0.000045 0.000093 0.000049 0.000025 
3045504 pathfinder 1 307 36 0.842000 0.463000  0.000015 0.000014 0.000040 0.000075 0.000041 0.000022 
3045504 pathfinder 1 307 36 0.842000 0.539000  0.000018 0.000015 0.000043 0.000085 0.000044 0.000023 
3045504 pathfinder 1 307 36 0.842000 0.463000  0.000017 0.000015 0.000042 0.000100 0.000050 0.000028 
3045632 pathfinder 1 307 36 0.842000 0.540000  0.007161 0.019570 0.007941 0.019664 0.000003 0.000487 
3045632 pathfinder 1 307 36 0.842000 0.463000  0.000019 0.000016 0.000044 0.000090 0.000049 0.000025 
3045632 pathfinder 1 307 36 0.842000 0.539000  0.000018 0.000015 0.000042 0.000085 0.000044 0.000023 
3045632 pathfinder 1 307 36 0.842000 0.539000  0.000022 0.000016 0.000044 0.000092 0.000049 0.000025 
3045760 pathfinder 1 307 36 0.842000 0.540000  0.000019 0.000016 0.000045 0.000091 0.000050 0.000025 
3045760 pathfinder 1 307 36 0.842000 0.540000  0.000021 0.000016 0.000045 0.000094 0.000050 0.000025 
3045760 pathfinder 1 307 36 0.842000 0.540000  0.000018 0.000015 0.000042 0.000083 0.000043 0.000023 
3045760 pathfinder 1 307 36 0.842000 0.540000  0.000021 0.000016 0.000044 0.000092 0.000048 0.000026 
3045760 pathfinder 1 307 36 0.842000 0.539000  0.000018 0.000015 0.000043 0.000084 0.000044 0.000023 
3045888 pathfinder 1 307 36 0.842000 0.540000  0.000016 0.000015 0.000042 0.000086 0.000046 0.000024 
3045888 pathfinder 1 307 36 0.842000 0.540000  0.000020 0.000016 0.000045 0.000105 0.000049 0.000025 
3045888 pathfinder 1 307 36 0.842000 0.462000  0.000017 0.000022 0.000053 0.000130 0.000062 0.000034 
3045888 pathfinder 1 307 36 0.842000 0.694000  0.000016 0.000014 0.000042 0.000082 0.000043 0.000041 
3046016 pathfinder 1 307 36 0.842000 0.463000  0.000019 0.000016 0.000045 0.000094 0.000051 0.000025 
3046016 pathfinder 1 307 36 0.842000 0.616000  0.000016 0.000017 0.000044 0.000090 0.000046 0.000024 
3046016 pathfinder 1 307 36 0.842000 0.617000  0.000020 0.000016 0.000045 0.000093 0.000049 0.000025 
3046016 pathfinder 1 307 36 0.842000 0.540000  0.000019 0.000015 0.000042 0.000083 0.000043 0.000023 
3046016 pathfinder 1 307 36 0.842000 0.540000  0.000019 0.000015 0.000043 0.000091 0.000048 0.000025 
3046144 pathfinder 1 307 36 0.842000 0.463000  0.000024 0.000019 0.000048 0.000109 0.000049 0.000025 
3046144 pathfinder 1 307 36 0.842000 0.616000  0.000017 0.000015 0.000041 0.000080 0.000046 0.000024 
3046144 pathfinder 1 307 36 0.842000 0.463000  0.000015 0.000015 0.000043 0.000087 0.000044 0.000034 
3046144 pathfinder 1 307 36 0.842000 0.540000  0.000016 0.000022 0.000053 0.000103 0.000306 0.000172 
3046272 pathfinder 1 307 36 0.842000 0.539000  0.000018 0.000016 0.000043 0.000088 0.000047 0.000024 
3046272 pathfinder 1 307 36 0.842000 0.539000  0.000015 0.000014 0.000039 0.000075 0.000040 0.000023 
3046272 pathfinder 1 307 36 0.842000 0.539000  0.000018 0.000016 0.000043 0.000088 0.000047 0.000024 
3046272 pathfinder 1 307 36 0.842000 0.539000  0.000018 0.000015 0.000043 0.000085 0.000044 0.000023 
3046272 pathfinder 1 307 36 0.842000 0.616000  0.000016 0.000015 0.000041 0.000079 0.000044 0.000023 
3046400 pathfinder 1 307 36 0.842000 0.385000  0.000015 0.000014 0.000039 0.000075 0.000041 0.000022 
3046400 pathfinder 1 307 36 0.842000 0.539000  0.000016 0.000015 0.000042 0.000087 0.000049 0.000025 
3046400 pathfinder 1 307 36 0.842000 0.385000  0.000015 0.000014 0.000039 0.000075 0.000040 0.000022 
3046400 pathfinder 1 307 36 0.842000 0.617000  0.000016 0.000015 0.000041 0.000078 0.000042 0.000023 
3046400 pathfinder 1 307 36 0.842000 0.463000  0.000015 0.000014 0.000039 0.000073 0.000040 0.000022 
3046528 pathfinder 1 307 36 0.842000 0.694000  0.897657 0.236569 0.495995 0.899075 0.290286 0.122823 
3046528 pathfinder 1 307 36 0.842000 0.540000  0.000015 0.000014 0.000039 0.000074 0.000040 0.000022 
3046528 pathfinder 1 307 36 0.842000 0.540000  0.000017 0.000015 0.000041 0.000078 0.000044 0.000024 
3046528 pathfinder 1 307 36 0.842000 0.463000  0.000028 0.000015 0.000041 0.000087 0.000042 0.000022 
3046656 pathfinder 1 307 36 0.842000 0.616000  0.906091 0.246502 0.518640 0.907555 0.299423 0.126679 
3046656 pathfinder 1 307 36 0.842000 0.540000  0.000015 0.000014 0.000039 0.000077 0.000041 0.000022 
3046656 pathfinder 1 307 36 0.842000 0.540000  0.000020 0.000016 0.000042 0.000086 0.000045 0.000023 
3046656 pathfinder 1 307 36 0.842000 0.462000  0.000015 0.000014 0.000039 0.000073 0.000040 0.000021 
3046656 pathfinder 1 307 36 0.842000 0.540000  0.000313 0.000287 0.000782 0.002038 0.001048 0.000511 
3046784 pathfinder 1 307 36 0.842000 0.540000  0.000020 0.000016 0.000044 0.000093 0.000046 0.000024 
3046784 pathfinder 1 307 36 0.842000 0.540000  0.000016 0.000015 0.000041 0.000077 0.000043 0.000023 
3046784 pathfinder 1 307 36 0.842000 0.540000  0.000015 0.000014 0.000040 0.000080 0.000042 0.000022 
3046784 pathfinder 1 307 36 0.842000 0.540000  0.000016 0.000021 0.000052 0.000102 0.000061 0.000030 
3046912 pathfinder 1 307 36 0.842000 0.539000  0.000015 0.000014 0.000039 0.000074 0.000040 0.000021 
3046912 pathfinder 1 307 36 0.842000 0.540000  0.000016 0.000015 0.000040 0.000080 0.000044 0.000023 
3046912 pathfinder 1 307 36 0.842000 0.386000  0.000015 0.000014 0.000039 0.000073 0.000040 0.000021 
3046912 pathfinder 1 307 36 0.842000 0.462000  0.000029 0.000018 0.000045 0.000099 0.000050 0.000025 
3046912 pathfinder 1 307 36 0.842000 0.462000  0.000015 0.000014 0.000039 0.000072 0.000043 0.000022 
3047040 pathfinder 1 307 36 0.842000 0.540000  0.000018 0.000016 0.000042 0.000090 0.000047 0.000024 
3047040 pathfinder 1 307 36 0.842000 0.617000  0.000019 0.000016 0.000044 0.000089 0.000046 0.000023 
3047040 pathfinder 1 307 36 0.842000 0.540000  0.000015 0.000014 0.000040 0.000080 0.000043 0.000023 
3047040 pathfinder 1 307 36 0.842000 0.617000  0.000018 0.000015 0.000042 0.000093 0.000048 0.000024 
3047168 pathfinder 1 307 36 0.842000 0.617000  0.000015 0.000014 0.000039 0.000072 0.000039 0.000021 
3047168 pathfinder 1 307 36 0.842000 0.616000  0.000018 0.000015 0.000041 0.000089 0.000048 0.000024 
3047168 pathfinder 1 307 36 0.842000 0.540000  0.000017 0.000014 0.000041 0.000079 0.000042 0.000022 
3047168 pathfinder 1 307 36 0.842000 0.616000  0.000052 0.000052 0.000150 0.000288 0.000193 0.000093 
3047168 pathfinder 1 307 36 0.842000 0.540000  0.000210 0.000198 0.000552 0.001036 0.000567 0.000305 
3047296 pathfinder 1 307 36 0.842000 0.539000  0.000019 0.000015 0.000042 0.000089 0.000048 0.000024 
3047296 pathfinder 1 307 36 0.842000 0.540000  0.000015 0.000014 0.000039 0.000075 0.000040 0.000021 
3047296 pathfinder 1 307 36 0.842000 0.462000  0.000020 0.000016 0.000044 0.000091 0.000048 0.000024 
3047296 pathfinder 1 307 36 0.842000 0.540000  0.000017 0.000014 0.000039 0.000078 0.000041 0.000022 
3047424 pathfinder 1 307 36 0.842000 0.462000  0.000016 0.000021 0.000052 0.000120 0.000059 0.000033 
3047424 pathfinder 1 307 36 0.842000 0.539000  0.031770 0.093812 0.035140 0.093858 0.000013 0.002257 
3047424 pathfinder 1 307 36 0.842000 0.616000  0.000019 0.000016 0.000043 0.000102 0.000052 0.000025 
3047424 pathfinder 1 307 36 0.842000 0.540000  0.066702 0.020634 0.043496 0.067588 0.024653 0.010723 
3047424 pathfinder 1 307 36 0.842000 0.540000  0.000019 0.000016 0.000043 0.000087 0.000047 0.000024 
3047552 pathfinder 1 307 36 0.842000 0.539000  0.000016 0.000014 0.000041 0.000081 0.000045 0.000023 
3047552 pathfinder 1 307 36 0.842000 0.462000  0.000020 0.000018 0.000052 0.000117 0.000054 0.000026 
3047552 pathfinder 1 307 36 0.842000 0.540000  0.000026 0.000040 0.000093 0.000237 0.000084 0.000036 
3047552 pathfinder 1 307 36 0.842000 0.463000  0.000018 0.000015 0.000043 0.000088 0.000048 0.000024 
3047680 pathfinder 1 307 36 0.842000 0.539000  0.000017 0.000015 0.000043 0.000091 0.000044 0.000023 
3047680 pathfinder 1 307 36 0.842000 0.617000  0.000019 0.000016 0.000042 0.000087 0.000047 0.000024 
3047680 pathfinder 1 307 36 0.842000 0.540000  0.000019 0.000015 0.000041 0.000090 0.000044 0.000023 
3047680 pathfinder 1 307 36 0.842000 0.540000  0.000040 0.000022 0.000060 0.000119 0.000065 0.000031 
3047680 pathfinder 1 307 36 0.842000 0.462000  0.000018 0.000015 0.000043 0.000106 0.000051 0.000025 
3047808 pathfinder 1 307 36 0.842000 0.463000  0.000016 0.000014 0.000040 0.000075 0.000042 0.000022 
3047808 pathfinder 1 307 36 0.842000 0.540000  0.000019 0.000015 0.000043 0.000214 0.000082 0.000038 
3047808 pathfinder 1 307 36 0.842000 0.462000  0.000091 0.000030 0.000086 0.000152 0.000068 0.000035 
3047808 pathfinder 1 307 36 0.842000 0.617000  0.000014 0.000014 0.000039 0.000079 0.000041 0.000022 
3047808 pathfinder 1 307 36 0.842000 0.540000  0.000017 0.000015 0.000042 0.000088 0.000047 0.000024 
3047936 pathfinder 1 307 36 0.842000 0.540000  0.000014 0.000013 0.000038 0.000072 0.000039 0.000021 
3047936 pathfinder 1 307 36 0.842000 0.539000  0.037927 0.111302 0.042022 0.111347 0.000016 0.002670 
3047936 pathfinder 1 307 36 0.842000 0.385000  0.000080 0.000028 0.000067 0.000139 0.000060 0.000029 
3047936 pathfinder 1 307 36 0.842000 0.539000  0.000015 0.000014 0.000039 0.000074 0.000042 0.000022 
3048064 pathfinder 1 307 36 0.842000 0.540000  0.039046 0.114068 0.043197 0.114111 0.000016 0.002749 
3048064 pathfinder 1 307 36 0.842000 0.539000  0.000016 0.000014 0.000039 0.000077 0.000042 0.000022 
3048064 pathfinder 1 307 36 0.842000 0.462000  0.000078 0.000028 0.000067 0.000135 0.000060 0.000029 
3048064 pathfinder 1 307 36 0.842000 0.616000  0.000168 0.000155 0.000423 0.000804 0.000456 0.000239 
3048064 pathfinder 1 307 36 0.842000 0.539000  0.000024 0.000015 0.000040 0.000081 0.000042 0.000022 
3048192 pathfinder 1 307 36 0.842000 0.540000  0.000015 0.000014 0.000039 0.000074 0.000041 0.000022 
3048192 pathfinder 1 307 36 0.842000 0.463000  0.000014 0.000013 0.000038 0.000070 0.000038 0.000021 
3048192 pathfinder 1 307 36 0.842000 0.616000  0.000016 0.000021 0.000050 0.000109 0.000061 0.000031 
3048192 pathfinder 1 307 36 0.842000 0.385000  0.000014 0.000013 0.000038 0.000070 0.000038 0.000021 
3048320 pathfinder 1 307 36 0.842000 0.617000  0.000016 0.000014 0.000039 0.000115 0.000050 0.000028 
3048320 pathfinder 1 307 36 0.842000 0.540000  0.000016 0.000015 0.000041 0.000089 0.000043 0.000022 
3048320 pathfinder 1 307 36 0.842000 0.463000  0.000015 0.000014 0.000050 0.000102 0.000059 0.000029 
3048320 pathfinder 1 307 36 0.842000 0.617000  0.041973 0.123148 0.046470 0.123226 0.000018 0.002962 
3048320 pathfinder 1 307 36 0.842000 0.540000  0.000015 0.000014 0.000039 0.000074 0.000041 0.000022 
3048448 pathfinder 1 307 36 0.842000 0.539000  0.000015 0.000014 0.000040 0.000080 0.000041 0.000022 
3048448 pathfinder 1 307 36 0.842000 0.540000  0.000015 0.000014 0.000039 0.000073 0.000041 0.000022 
3048448 pathfinder 1 307 36 0.842000 0.385000  0.000015 0.000035 0.000076 0.000181 0.000070 0.000032 
3048448 pathfinder 1 307 36 0.842000 0.540000  0.000017 0.000014 0.000040 0.000085 0.000045 0.000023 
3048448 pathfinder 1 307 36 0.842000 0.385000  0.000014 0.000015 0.000041 0.000085 0.000042 0.000022 
3048576 pathfinder 1 307 36 0.842000 0.540000  0.000015 0.000014 0.000039 0.000078 0.000043 0.000023 
3048576 pathfinder 1 307 36 0.842000 0.385000  0.000015 0.000013 0.000037 0.000070 0.000038 0.000021 
3048576 pathfinder 1 307 36 0.842000 0.539000  0.000015 0.000014 0.000039 0.000080 0.000044 0.000023 
3048576 pathfinder 1 307 36 0.842000 0.385000  0.000017 0.000014 0.000042 0.000094 0.000044 0.000023 
3048704 pathfinder 1 307 36 0.842000 0.540000  0.000016 0.000014 0.000050 0.000105 0.000050 0.000028 
3048704 pathfinder 1 307 36 0.842000 0.617000  0.000014 0.000013 0.000037 0.000071 0.000039 0.000021 
3048704 pathfinder 1 307 36 0.842000 0.617000  0.000015 0.000013 0.000037 0.000073 0.000039 0.000021 
3048704 pathfinder 1 307 36 0.842000 0.385000  0.000014 0.000013 0.000037 0.000070 0.000038 0.000021 
3048704 pathfinder 1 307 36 0.842000 0.617000  0.000020 0.000015 0.000041 0.000104 0.000049 0.000024 
3048832 pathfinder 1 307 36 0.842000 0.539000  0.000014 0.000013 0.000037 0.000102 0.000048 0.000025 
3048832 pathfinder 1 307 36 0.842000 0.616000  0.000019 0.000015 0.000044 0.000100 0.000048 0.000024 
3048832 pathfinder 1 307 36 0.842000 0.385000  0.000015 0.000013 0.000037 0.000070 0.000038 0.000021 
3048832 pathfinder 1 307 36 0.842000 0.539000  0.000029 0.000016 0.000043 0.000096 0.000048 0.000024 
3048960 pathfinder 1 307 36 0.842000 0.385000  0.000014 0.000013 0.000037 0.000083 0.000042 0.000022 
3048960 pathfinder 1 307 36 0.842000 0.540000  0.000037 0.000020 0.000061 0.000117 0.000065 0.000031 
3048960 pathfinder 1 307 36 0.842000 0.386000  0.000015 0.000013 0.000037 0.000069 0.000038 0.000020 
3048960 pathfinder 1 307 36 0.842000 0.540000  0.231311 0.065603 0.139907 0.232018 0.078005 0.033676 
3048960 pathfinder 1 307 36 0.842000 0.540000  0.000030 0.000017 0.000045 0.000098 0.000048 0.000024 
3049088 pathfinder 1 307 36 0.842000 0.617000  0.000015 0.000013 0.000037 0.000194 0.000077 0.000036 
3049088 pathfinder 1 307 36 0.842000 0.463000  0.000018 0.000014 0.000041 0.000086 0.000045 0.000023 
3049088 pathfinder 1 307 36 0.842000 0.540000  0.000015 0.000013 0.000037 0.000072 0.000039 0.000021 
3049088 pathfinder 1 307 36 0.842000 0.617000  0.000018 0.000015 0.000040 0.000083 0.000045 0.000023 
3049216 pathfinder 1 307 36 0.842000 0.539000  0.000014 0.000014 0.000038 0.000074 0.000039 0.000021 
3049216 pathfinder 1 307 36 0.842000 0.539000  0.000015 0.000014 0.000041 0.000084 0.000045 0.000023 
3049216 pathfinder 1 307 36 0.842000 0.539000  0.000014 0.000013 0.000039 0.000076 0.000040 0.000021 
3049216 pathfinder 1 307 36 0.842000 0.463000  0.000015 0.000020 0.000049 0.000096 0.000056 0.000028 
3049216 pathfinder 1 307 36 0.842000 0.540000  0.290086 0.085213 0.181536 0.290643 0.099696 0.043709 
3049344 pathfinder 1 307 36 0.842000 0.539000  0.000018 0.000015 0.000040 0.000086 0.000046 0.000023 
3049344 pathfinder 1 307 36 0.842000 0.616000  0.000016 0.000014 0.000038 0.000074 0.000039 0.000021 
3049344 pathfinder 1 307 36 0.842000 0.540000  0.000018 0.000015 0.000041 0.000104 0.000050 0.000024 
3049344 pathfinder 1 307 36 0.842000 0.616000  0.000016 0.000014 0.000039 0.000078 0.000041 0.000021 
3049472 pathfinder 1 307 36 0.842000 0.540000  0.000016 0.000014 0.000041 0.000096 0.000049 0.000024 
3049472 pathfinder 1 307 36 0.842000 0.539000  0.000015 0.000014 0.000038 0.000075 0.000040 0.000021 
3049472 pathfinder 1 307 36 0.842000 0.540000  0.000018 0.000014 0.000039 0.000081 0.000043 0.000022 
3049472 pathfinder 1 307 36 0.842000 0.617000  0.000016 0.000014 0.000039 0.000076 0.000040 0.000021 
3049472 pathfinder 1 307 36 0.842000 0.540000  0.000015 0.000014 0.000049 0.000099 0.000050 0.000028 
3049600 pathfinder 1 307 36 0.842000 0.695000  0.000016 0.000014 0.000039 0.000077 0.000040 0.000021 
3049600 pathfinder 1 307 36 0.842000 0.462000  0.000031 0.000017 0.000044 0.000097 0.000048 0.000024 
3049600 pathfinder 1 307 36 0.842000 0.540000  0.000016 0.000015 0.000040 0.000098 0.000045 0.000022 
3049600 pathfinder 1 307 36 0.842000 0.540000  0.000018 0.000015 0.000041 0.000084 0.000045 0.000023 
3049600 pathfinder 1 307 36 0.842000 0.617000  0.000016 0.000013 0.000037 0.000071 0.000037 0.000020 
3049728 pathfinder 1 307 36 0.842000 0.616000  0.000018 0.000014 0.000044 0.000096 0.000049 0.000024 
3049728 pathfinder 1 307 36 0.842000 0.539000  0.000016 0.000013 0.000037 0.000073 0.000039 0.000021 
3049728 pathfinder 1 307 36 0.842000 0.540000  0.000109 0.000145 0.000348 0.000721 0.000413 0.000238 
3049728 pathfinder 1 307 36 0.842000 0.617000  0.000097 0.000092 0.000258 0.000488 0.000267 0.000143 
3049856 pathfinder 1 307 36 0.842000 0.540000  0.056588 0.168477 0.062927 0.168539 0.000025 0.004019 
3049856 pathfinder 1 307 36 0.842000 0.616000  0.006907 0.006017 0.017193 0.033515 0.017664 0.009232 
3049856 pathfinder 1 307 36 0.842000 0.539000  0.005144 0.004810 0.013279 0.025078 0.013936 0.008544 
3049856 pathfinder 1 307 36 0.842000 0.693000  0.003697 0.003438 0.009654 0.018350 0.009844 0.005330 
3049856 pathfinder 1 307 36 0.842000 0.539000  0.003408 0.003188 0.011299 0.023080 0.013309 0.008062 
3049984 pathfinder 1 307 36 0.842000 0.462000  0.002881 0.002654 0.007389 0.015681 0.007984 0.004197 
3049984 pathfinder 1 307 36 0.842000 0.462000  0.058926 0.175571 0.065822 0.175624 0.000026 0.004206 
3049984 pathfinder 1 307 36 0.842000 0.231000  0.000006 0.000037 0.000024 0.000077 0.000000 0.000004 
3049984 pathfinder 1 307 36 0.842000 0.462000  0.002713 0.002442 0.006710 0.017818 0.009194 0.005072 
3050112 pathfinder 1 307 36 0.842000 0.231000  0.000098 0.000088 0.000245 0.000474 0.000255 0.000136 
3050112 pathfinder 1 307 36 0.842000 0.385000  0.001867 0.001174 0.003103 0.006774 0.003369 0.001684 
3050112 pathfinder 1 307 36 0.842000 0.308000  0.002882 0.001776 0.004768 0.009730 0.004898 0.002501 
3050240 pathfinder 1 307 36 0.842000 0.385000  0.001451 0.001327 0.003649 0.007099 0.004039 0.002098 
3050240 pathfinder 1 307 35 0.842000 0.540000  0.001247 0.001144 0.003176 0.006039 0.003299 0.001761 
3050240 pathfinder 1 307 35 0.842000 0.540000  0.001433 0.001169 0.003143 0.006066 0.003236 0.001704 
3050240 pathfinder 1 307 36 0.842000 0.540000  0.001084 0.001029 0.002891 0.005456 0.002952 0.001596 
3050240 pathfinder 1 307 36 0.842000 0.539000  0.001287 0.001087 0.003057 0.006421 0.003441 0.001756 
3050368 pathfinder 1 307 36 0.842000 0.385000  0.001009 0.000942 0.004392 0.008824 0.003986 0.001969 
3050368 pathfinder 1 307 36 0.842000 0.539000  0.435274 0.226910 0.552636 0.437949 0.229780 0.116253 
3050368 pathfinder 1 307 36 0.842000 0.540000  0.000962 0.000902 0.002524 0.004691 0.002579 0.001398 
3050368 pathfinder 1 307 36 0.842000 0.540000  0.000945 0.000902 0.002548 0.004875 0.002578 0.001404 
3050496 pathfinder 1 307 36 0.842000 0.539000  0.000580 0.000545 0.001920 0.006483 0.003241 0.001561 
3050496 pathfinder 1 307 36 0.842000 0.540000  0.000944 0.001186 0.002890 0.006679 0.003320 0.001822 
3050496 pathfinder 1 307 36 0.842000 0.463000  0.000516 0.000476 0.001325 0.002527 0.001374 0.000737 
3050496 pathfinder 1 307 36 0.842000 0.539000  0.000822 0.000764 0.002116 0.004104 0.002236 0.001186 
3050496 pathfinder 1 307 36 0.842000 0.540000  0.000748 0.000700 0.003472 0.007300 0.003194 0.001531 
3050624 pathfinder 1 307 36 0.842000 0.540000  0.000767 0.000716 0.001973 0.003750 0.002078 0.001104 
3050624 pathfinder 1 307 36 0.842000 0.617000  0.000871 0.000762 0.002103 0.004339 0.002344 0.001197 
3050624 pathfinder 1 307 36 0.842000 0.540000  0.000678 0.000678 0.002071 0.004447 0.002106 0.001081 
3050624 pathfinder 1 307 36 0.842000 0.539000  0.000711 0.000972 0.002338 0.004713 0.002743 0.001336 
3050752 pathfinder 1 307 36 0.842000 0.540000  0.009212 0.027051 0.010376 0.027128 0.000004 0.000626 
3050752 pathfinder 1 307 36 0.842000 0.539000  0.000007 0.000038 0.000025 0.000082 0.000000 0.000005 
3050752 pathfinder 1 307 36 0.842000 0.540000  0.000840 0.000647 0.001792 0.003622 0.001839 0.000957 
3050752 pathfinder 1 307 36 0.842000 0.540000  0.000747 0.000663 0.001825 0.003814 0.002020 0.001023 
3050752 pathfinder 1 307 36 0.842000 0.540000  0.000774 0.000612 0.001655 0.003231 0.001690 0.000899 
3050880 pathfinder 1 307 36 0.842000 0.540000  0.000007 0.000041 0.000027 0.000086 0.000000 0.000005 
3050880 pathfinder 1 307 36 0.842000 0.616000  0.000575 0.000567 0.001561 0.003166 0.001771 0.000906 
3050880 pathfinder 1 307 36 0.842000 0.540000  0.000608 0.000823 0.001973 0.003993 0.002331 0.001126 
3050880 pathfinder 1 307 36 0.842000 0.539000  0.000539 0.000504 0.001421 0.002670 0.001450 0.000784 
3051008 pathfinder 1 307 36 0.842000 0.539000  0.001971 0.005990 0.002255 0.006037 0.000001 0.000124 
3051008 pathfinder 1 307 36 0.842000 0.386000  0.000541 0.000498 0.001394 0.002669 0.001432 0.000771 
3051008 pathfinder 1 307 36 0.842000 0.617000  0.000699 0.000572 0.001626 0.003502 0.001747 0.000883 
3051008 pathfinder 1 307 36 0.842000 0.540000  0.000512 0.000635 0.001582 0.003506 0.001638 0.000823 
3051008 pathfinder 1 307 36 0.842000 0.539000  0.000527 0.000490 0.001746 0.003437 0.002031 0.000993 
3051136 pathfinder 1 307 36 0.842000 0.616000  0.000577 0.000474 0.001313 0.002755 0.001377 0.000740 
3051136 pathfinder 1 307 36 0.842000 0.539000  0.000629 0.000503 0.001371 0.002885 0.001541 0.000783 
3051136 pathfinder 1 307 36 0.842000 0.463000  0.000543 0.000461 0.001382 0.002892 0.001403 0.000731 
3051136 pathfinder 1 307 36 0.842000 0.540000  0.000316 0.000295 0.001045 0.002043 0.001213 0.000594 
3051264 pathfinder 1 307 36 0.842000 0.617000  0.000476 0.000435 0.001194 0.002302 0.001267 0.000669 
3051264 pathfinder 1 307 36 0.842000 0.540000  0.000540 0.000434 0.001168 0.002672 0.001348 0.000714 
3051264 pathfinder 1 307 36 0.842000 0.539000  0.000424 0.000404 0.001114 0.002168 0.001147 0.001105 
3051264 pathfinder 1 307 36 0.842000 0.617000  0.000429 0.000404 0.001119 0.002108 0.001176 0.000625 
3051264 pathfinder 1 307 36 0.842000 0.616000  0.000400 0.000377 0.001075 0.002180 0.001169 0.000608 
3051392 pathfinder 1 307 36 0.842000 0.539000  0.005212 0.019515 0.006278 0.019525 0.000002 0.000377 
3051392 pathfinder 1 307 36 0.842000 0.540000  0.000421 0.000382 0.001048 0.002025 0.001110 0.000584 
3051392 pathfinder 1 307 36 0.842000 0.539000  0.000382 0.000355 0.000993 0.001866 0.001024 0.000547 
3051392 pathfinder 1 307 36 0.842000 0.539000  0.000007 0.000043 0.000027 0.000089 0.000000 0.000005 
3051392 pathfinder 1 307 36 0.842000 0.540000  0.000383 0.000356 0.000982 0.001866 0.001040 0.000549 
3051520 pathfinder 1 307 36 0.842000 0.540000  0.000406 0.000352 0.000988 0.001968 0.001027 0.000541 
3051520 pathfinder 1 307 36 0.842000 0.539000  0.000438 0.000369 0.001009 0.002099 0.001132 0.000576 
3051520 pathfinder 1 307 36 0.842000 0.617000  0.000402 0.000352 0.000999 0.002313 0.001066 0.000558 
3051520 pathfinder 1 307 36 0.842000 0.540000  0.000440 0.000366 0.000990 0.002037 0.001078 0.000553 
3051648 pathfinder 1 307 36 0.842000 0.617000  0.000401 0.000327 0.000937 0.001866 0.000969 0.000513 
3051648 pathfinder 1 307 36 0.842000 0.539000  0.000402 0.000334 0.000941 0.001887 0.001034 0.000536 
3051648 pathfinder 1 307 36 0.842000 0.540000  0.000386 0.000347 0.000969 0.001925 0.000952 0.000510 
3051648 pathfinder 1 307 36 0.842000 0.463000  0.000397 0.000339 0.000946 0.001897 0.000986 0.000504 
3051648 pathfinder 1 307 36 0.842000 0.540000  0.000328 0.000309 0.000868 0.001702 0.000881 0.000470 
3051776 pathfinder 1 307 36 0.842000 0.539000  0.000334 0.000309 0.000929 0.002005 0.001044 0.000549 
3051776 pathfinder 1 307 36 0.842000 0.617000  0.000357 0.000307 0.000864 0.001701 0.000899 0.000472 
3051776 pathfinder 1 307 36 0.842000 0.539000  0.000329 0.000305 0.001075 0.002168 0.001266 0.000615 
3051776 pathfinder 1 307 36 0.842000 0.539000  0.288368 0.089447 0.190774 0.289420 0.102231 0.045570 
3051904 pathfinder 1 307 36 0.842000 0.540000  0.000390 0.000318 0.000861 0.001805 0.000961 0.000487 
3051904 pathfinder 1 307 36 0.842000 0.540000  0.000339 0.000284 0.000789 0.001494 0.000797 0.000429 
3051904 pathfinder 1 307 36 0.842000 0.539000  0.000349 0.000296 0.000852 0.001822 0.000951 0.000477 
3051904 pathfinder 1 307 36 0.842000 0.540000  0.000324 0.000283 0.000791 0.001584 0.000829 0.000434 
3051904 pathfinder 1 307 36 0.842000 0.462000  0.000258 0.000210 0.000582 0.001207 0.000639 0.000328 
3052032 pathfinder 1 307 36 0.842000 0.385000  0.000281 0.000257 0.000730 0.001469 0.000765 0.000410 
3052032 pathfinder 1 307 36 0.842000 0.539000  0.000426 0.000290 0.000781 0.001646 0.000836 0.000427 
3052032 pathfinder 1 307 36 0.842000 0.386000  0.000276 0.000358 0.000907 0.001873 0.000869 0.000448 
3052032 pathfinder 1 307 36 0.842000 0.540000  0.000369 0.000291 0.000761 0.001589 0.000838 0.000422 
3052032 pathfinder 1 307 36 0.842000 0.386000  0.000271 0.000244 0.000688 0.003244 0.001286 0.000649 
3052160 pathfinder 1 307 36 0.842000 0.617000  0.000285 0.000255 0.000707 0.002129 0.000984 0.000483 
3052160 pathfinder 1 307 36 0.842000 0.616000  0.000295 0.000258 0.000706 0.001398 0.000726 0.000383 
3052160 pathfinder 1 307 36 0.842000 0.540000  0.000315 0.000256 0.000715 0.001510 0.000803 0.000407 
3052160 pathfinder 1 307 36 0.842000 0.463000  0.000324 0.000261 0.000733 0.001545 0.000764 0.000399 
3052288 pathfinder 1 307 36 0.842000 0.462000  0.000203 0.000270 0.000646 0.001345 0.000794 0.000373 
3052288 pathfinder 1 307 36 0.842000 0.540000  0.000195 0.000181 0.000496 0.001005 0.000538 0.000281 
3052288 pathfinder 1 307 36 0.842000 0.540000  0.000244 0.005895 0.013657 0.008828 0.005511 0.003198 
3052288 pathfinder 1 307 36 0.842000 0.540000  0.000237 0.000226 0.000622 0.001184 0.000692 0.000357 
3052416 pathfinder 1 307 36 0.842000 0.386000  0.000229 0.000212 0.000591 0.001122 0.000606 0.000327 
3052416 pathfinder 1 307 36 0.842000 0.539000  0.507272 0.271190 0.664836 0.507463 0.275560 0.137905 
3052416 pathfinder 1 307 35 0.842000 0.463000  0.000237 0.000222 0.000611 0.001176 0.000654 0.000346 
3052416 pathfinder 1 307 35 0.842000 0.540000  0.000284 0.000226 0.000629 0.001256 0.000647 0.000340 
3052416 pathfinder 1 307 36 0.842000 0.539000  0.000328 0.000236 0.000641 0.001338 0.000702 0.000356 
3052544 pathfinder 1 307 36 0.842000 0.617000  0.000252 0.000213 0.000611 0.001201 0.000622 0.000331 
3052544 pathfinder 1 307 36 0.842000 0.539000  0.000279 0.000230 0.000618 0.001270 0.000678 0.000345 
3052544 pathfinder 1 307 36 0.842000 0.540000  0.000250 0.000211 0.000592 0.001188 0.000618 0.000323 
3052544 pathfinder 1 307 36 0.842000 0.540000  0.000049 0.000066 0.000159 0.000323 0.000190 0.000091 
3052672 pathfinder 1 307 36 0.842000 0.617000  0.000238 0.000206 0.000588 0.001140 0.000602 0.000316 
3052672 pathfinder 1 307 36 0.842000 0.462000  0.000219 0.000204 0.000562 0.001066 0.000596 0.000315 
3052672 pathfinder 1 307 36 0.842000 0.617000  0.000237 0.000205 0.000573 0.001147 0.000592 0.000313 
3052672 pathfinder 1 307 36 0.842000 0.540000  0.000217 0.000202 0.000553 0.001412 0.000717 0.000358 
3052672 pathfinder 1 307 36 0.842000 0.539000  0.027227 0.011434 0.024419 0.027999 0.012290 0.005915 
3052800 pathfinder 1 307 36 0.842000 0.539000  0.000247 0.000214 0.000571 0.001164 0.000619 0.000321 
3052800 pathfinder 1 307 36 0.842000 0.616000  0.000206 0.000370 0.000864 0.001974 0.000781 0.000437 
3052800 pathfinder 1 307 36 0.842000 0.539000  0.021949 0.007158 0.015147 0.021997 0.008144 0.003604 
3052800 pathfinder 1 307 36 0.842000 0.540000  0.000006 0.000040 0.000026 0.000084 0.000000 0.000004 
3052928 pathfinder 1 307 36 0.842000 0.463000  0.000160 0.000590 0.000216 0.000626 0.000000 0.000018 
3052928 pathfinder 1 307 35 0.842000 0.539000  0.000006 0.000033 0.000022 0.000069 0.000000 0.000004 
3052928 pathfinder 1 307 35 0.842000 0.540000  0.000213 0.000191 0.000524 0.001060 0.000555 0.000289 
3052928 pathfinder 1 307 36 0.842000 0.385000  0.000192 0.000179 0.000499 0.000944 0.000514 0.000276 
3052928 pathfinder 1 307 36 0.842000 0.539000  0.002541 0.014983 0.009877 0.030879 0.000000 0.001715 
3053056 pathfinder 1 307 36 0.842000 0.616000  0.000188 0.000206 0.000544 0.001090 0.000546 0.000284 
3053056 pathfinder 1 307 36 0.842000 0.539000  0.000203 0.000184 0.000503 0.000967 0.000535 0.000281 
3053056 pathfinder 1 307 36 0.842000 0.539000  0.000194 0.000181 0.000500 0.704002 0.379159 0.196370 
3053056 pathfinder 1 307 36 0.842000 0.463000  0.000109 0.000101 0.000279 0.000534 0.000291 0.000156 
3053184 pathfinder 1 307 36 0.842000 0.540000  0.000195 0.000177 0.000497 0.001052 0.000569 0.000289 
3053184 pathfinder 1 307 36 0.842000 0.616000  0.000232 0.000187 0.000509 0.001803 0.000736 0.000340 
3053184 pathfinder 1 307 36 0.842000 0.540000  0.000220 0.000192 0.000510 0.000995 0.000521 0.000269 
3053184 pathfinder 1 307 36 0.842000 0.463000  0.000201 0.000167 0.000459 0.000873 0.000486 0.000259 
3053184 pathfinder 1 307 36 0.842000 0.540000  0.000169 0.000160 0.000451 0.000842 0.000465 0.000251 
3053312 pathfinder 1 307 36 0.842000 0.540000  0.000251 0.000187 0.000502 0.001071 0.000547 0.000280 
3053312 pathfinder 1 307 36 0.842000 0.616000  0.000165 0.000157 0.000440 0.000820 0.000449 0.000242 
3053312 pathfinder 1 307 36 0.842000 0.540000  0.000178 0.000164 0.000454 0.000873 0.000480 0.000253 
3053312 pathfinder 1 307 36 0.842000 0.463000  0.000166 0.000156 0.000462 0.000905 0.000471 0.000248 
3053312 pathfinder 1 307 36 0.842000 0.540000  0.000223 0.000176 0.000468 0.000949 0.000530 0.000261 
3053440 pathfinder 1 307 36 0.842000 0.539000  0.000045 0.000041 0.000116 0.000222 0.000121 0.000064 
3053440 pathfinder 1 307 36 0.842000 0.540000  0.000189 0.000164 0.000452 0.000959 0.000512 0.000259 
3053440 pathfinder 1 307 36 0.842000 0.463000  0.000156 0.000153 0.000435 0.000832 0.000448 0.000243 
3053440 pathfinder 1 307 36 0.842000 0.539000  0.000170 0.000157 0.000433 0.001125 0.000564 0.000324 
3053568 pathfinder 1 307 36 0.842000 0.540000  0.443367 0.929887 0.472742 0.932041 0.000064 0.024537 
3053568 pathfinder 1 307 36 0.842000 0.540000  0.000189 0.000165 0.000461 0.000942 0.000495 0.000255 
3053568 pathfinder 1 307 36 0.842000 0.693000  0.000157 0.000146 0.000417 0.000819 0.000444 0.000234 
3053568 pathfinder 1 307 36 0.842000 0.539000  0.000056 0.000046 0.000127 0.000271 0.000147 0.000073 
3053568 pathfinder 1 307 36 0.842000 0.539000  0.000161 0.000145 0.000402 0.000792 0.000423 0.000225 
3053696 pathfinder 1 307 36 0.842000 0.539000  0.000165 0.000151 0.000417 0.000792 0.000533 0.000269 
3053696 pathfinder 1 307 36 0.842000 0.540000  0.000202 0.000165 0.000451 0.000939 0.000477 0.000238 
3053696 pathfinder 1 307 36 0.842000 0.463000  0.000182 0.000155 0.000426 0.000871 0.000473 0.000247 
3053696 pathfinder 1 307 36 0.842000 0.540000  0.000149 0.000138 0.000390 0.000736 0.000398 0.000214 
3053824 pathfinder 1 307 36 0.842000 0.538000  0.404388 0.945744 0.438780 0.947107 0.000081 0.023667 
3053824 pathfinder 1 307 36 0.842000 0.617000  0.000167 0.000151 0.000409 0.000834 0.000424 0.000226 
3053824 pathfinder 1 307 36 0.842000 0.463000  0.000186 0.000148 0.000399 0.000780 0.000416 0.000217 
3053824 pathfinder 1 307 36 0.842000 0.540000  0.402030 0.951181 0.435044 0.952591 0.000083 0.023963 
3053824 pathfinder 1 307 36 0.842000 0.540000  0.000125 0.000781 0.000503 0.001598 0.000000 0.000085 
3053952 pathfinder 1 307 36 0.842000 0.539000  0.000116 0.000929 0.000589 0.002318 0.000001 0.000106 
3053952 pathfinder 1 307 36 0.842000 0.463000  0.000172 0.000154 0.000427 0.000880 0.000477 0.000240 
3053952 pathfinder 1 307 36 0.842000 0.617000  0.000166 0.000144 0.000402 0.000802 0.000418 0.000231 
3053952 pathfinder 1 307 36 0.842000 0.540000  0.000180 0.000148 0.000407 0.000818 0.000445 0.000230 
3053952 pathfinder 1 307 36 0.842000 0.540000  0.000147 0.000134 0.000376 0.000713 0.000386 0.000208 
3054080 pathfinder 1 307 36 0.842000 0.693000  0.000180 0.000148 0.000409 0.000844 0.000449 0.000239 
3054080 pathfinder 1 307 36 0.842000 0.385000  0.000145 0.000132 0.000371 0.000707 0.000387 0.000208 
3054080 pathfinder 1 307 36 0.842000 0.540000  0.000154 0.000147 0.000399 0.000814 0.000431 0.000226 
3054080 pathfinder 1 307 36 0.842000 0.386000  0.000214 0.000147 0.000393 0.000774 0.000400 0.000210 
3054208 pathfinder 1 307 36 0.842000 0.540000  0.000145 0.000138 0.000379 0.000716 0.000400 0.000212 
3054208 pathfinder 1 307 36 0.842000 0.463000  0.000141 0.000130 0.000363 0.000687 0.000376 0.000201 
3054208 pathfinder 1 307 36 0.842000 0.539000  0.000086 0.000078 0.000213 0.000413 0.000230 0.000120 
3054208 pathfinder 1 307 36 0.842000 0.462000  0.000193 0.000138 0.000374 0.000731 0.000382 0.000202 
3054208 pathfinder 1 307 36 0.842000 0.540000  0.000147 0.000135 0.000368 0.000716 0.000391 0.000208 
3054336 pathfinder 1 307 36 0.842000 0.385000  0.000134 0.000126 0.000352 0.000655 0.000363 0.000195 
3054336 pathfinder 1 307 36 0.842000 0.539000  0.000144 0.000133 0.000387 0.000817 0.000434 0.000218 
3054336 pathfinder 1 307 36 0.842000 0.540000  0.000134 0.000125 0.000347 0.000642 0.000354 0.000192 
3054336 pathfinder 1 307 36 0.842000 0.539000  0.043994 0.143754 0.050417 0.144191 0.000023 0.003296 
3054336 pathfinder 1 307 36 0.842000 0.385000  0.000132 0.000123 0.000342 0.000642 0.000355 0.000190 
3054464 pathfinder 1 307 36 0.842000 0.616000  0.000137 0.000128 0.000354 0.000673 0.000373 0.000197 
3054464 pathfinder 1 307 36 0.842000 0.386000  0.000132 0.000121 0.000339 0.000662 0.000351 0.000187 
3054464 pathfinder 1 307 36 0.842000 0.539000  0.000156 0.000132 0.000357 0.000700 0.000378 0.000198 
3054464 pathfinder 1 307 36 0.842000 0.539000  0.000125 0.000119 0.000335 0.000619 0.000341 0.000184 
3054592 pathfinder 1 307 36 0.842000 0.694000  0.000163 0.000135 0.000373 0.000776 0.000401 0.000205 
3054592 pathfinder 1 307 36 0.842000 0.463000  0.000125 0.000118 0.000331 0.000622 0.000338 0.000183 
3054592 pathfinder 1 307 36 0.842000 0.539000  0.000138 0.000185 0.000443 0.001036 0.000521 0.000282 
3054592 pathfinder 1 307 36 0.842000 0.462000  0.000125 0.000117 0.000328 0.000614 0.000362 0.000189 
3054592 pathfinder 1 307 36 0.842000 0.540000  0.000405 0.000162 0.000406 0.000922 0.000485 0.000227 
3054720 pathfinder 1 307 36 0.842000 0.463000  0.000126 0.000116 0.000325 0.000611 0.000336 0.000180 
3054720 pathfinder 1 307 36 0.842000 0.539000  0.000132 0.000122 0.000334 0.000642 0.000354 0.000186 
3054720 pathfinder 1 307 36 0.842000 0.617000  0.000122 0.000114 0.000319 0.000597 0.000328 0.000176 
3054720 pathfinder 1 307 36 0.842000 0.539000  0.000130 0.000120 0.000330 0.000638 0.000348 0.000184 
3054720 pathfinder 1 307 36 0.842000 0.385000  0.000123 0.000113 0.000316 0.000599 0.000325 0.000175 
3054848 pathfinder 1 307 36 0.842000 0.540000  0.000149 0.000116 0.000322 0.000634 0.000333 0.000180 
3054848 pathfinder 1 307 36 0.842000 0.540000  0.002001 0.246361 0.087447 0.246680 0.000042 0.005639 
3054848 pathfinder 1 307 36 0.842000 0.616000  0.000125 0.000117 0.000323 0.000614 0.000342 0.000181 
3054848 pathfinder 1 307 36 0.842000 0.385000  0.000119 0.000111 0.000310 0.000576 0.000315 0.000171 
3054976 pathfinder 1 307 36 0.842000 0.540000  0.121698 0.396238 0.139466 0.396708 0.000066 0.008968 
3054976 pathfinder 1 307 36 0.842000 0.539000  0.000118 0.000113 0.000314 0.000597 0.000319 0.000172 
3054976 pathfinder 1 307 36 0.842000 0.616000  0.000127 0.000172 0.000442 0.001104 0.000516 0.000271 
3054976 pathfinder 1 307 36 0.842000 0.463000  0.000114 0.000108 0.000305 0.000568 0.000313 0.000169 
3054976 pathfinder 1 307 36 0.842000 0.539000  0.000126 0.000115 0.000316 0.000610 0.000334 0.000176 
3055104 pathfinder 1 307 36 0.842000 0.539000  0.115061 0.034181 0.072657 0.115139 0.039917 0.017041 
3055104 pathfinder 1 307 36 0.842000 0.539000  0.000077 0.000068 0.000188 0.000373 0.000201 0.000106 
3055104 pathfinder 1 307 36 0.842000 0.539000  0.000146 0.000118 0.000333 0.000676 0.000362 0.000188 
3055104 pathfinder 1 307 36 0.842000 0.617000  0.000129 0.000113 0.000318 0.000627 0.000326 0.000200 
3055232 pathfinder 1 307 36 0.842000 0.385000  0.000119 0.000112 0.000307 0.000591 0.000334 0.000173 
3055232 pathfinder 1 307 36 0.842000 0.540000  0.000114 0.000105 0.000293 0.000549 0.000303 0.000162 
3055232 pathfinder 1 307 36 0.842000 0.385000  0.000126 0.000112 0.000306 0.000586 0.000322 0.000170 
3055232 pathfinder 1 307 36 0.842000 0.462000  0.000122 0.000109 0.000300 0.000585 0.000377 0.000183 
3055360 pathfinder 1 307 36 0.842000 0.540000  0.000114 0.000107 0.000300 0.000586 0.000315 0.000168 
3055360 pathfinder 1 307 36 0.842000 0.539000  0.000143 0.000139 0.000359 0.000763 0.000379 0.000183 
3055360 pathfinder 1 307 36 0.842000 0.385000  0.000108 0.000102 0.000286 0.000539 0.000291 0.000158 
3055360 pathfinder 1 307 36 0.842000 0.540000  0.000109 0.000108 0.000308 0.000651 0.000343 0.000177 
3055488 pathfinder 1 307 36 0.842000 0.463000  0.000114 0.000107 0.000000 0.000000 0.000000 0.000000 
3055488 pathfinder 1 307 36 0.842000 0.616000  0.000047 0.000043 0.000117 0.000226 0.000151 0.000076 
3055488 pathfinder 1 307 36 0.842000 0.462000  0.160033 0.517388 0.183864 0.517750 0.000079 0.011833 
3055488 pathfinder 1 307 36 0.842000 0.693000  0.000059 0.000354 0.000232 0.000732 0.000000 0.000040 
3055488 pathfinder 1 307 36 0.842000 0.617000  0.000131 0.000106 0.000294 0.000623 0.000337 0.000168 
3055616 pathfinder 1 307 36 0.842000 0.540000  0.000134 0.000110 0.000299 0.000634 0.000329 0.000170 
3055616 pathfinder 1 307 36 0.842000 0.540000  0.000101 0.000095 0.000268 0.000523 0.000279 0.000149 
3055616 pathfinder 1 307 36 0.842000 0.539000  0.000112 0.000101 0.000277 0.000540 0.000296 0.000179 
3055616 pathfinder 1 307 36 0.842000 0.463000  0.000103 0.000095 0.000266 0.000506 0.000299 0.000153 
3055616 pathfinder 1 307 36 0.842000 0.540000  0.000113 0.000100 0.000275 0.000537 0.000293 0.000153 
3055744 pathfinder 1 307 36 0.842000 0.462000  0.000011 0.000011 0.000031 0.000060 0.000040 0.000019 
3055744 pathfinder 1 307 36 0.842000 0.540000  0.000113 0.000062 0.000190 0.000391 0.000292 0.000130 
3055744 pathfinder 1 307 36 0.842000 0.463000  0.000100 0.000094 0.000263 0.000493 0.000269 0.000155 
3055744 pathfinder 1 307 36 0.842000 0.539000  0.000110 0.000099 0.000273 0.000533 0.000291 0.000176 
3055872 pathfinder 1 307 36 0.842000 0.540000  0.000102 0.000094 0.000261 0.000495 0.000272 0.000145 
3055872 pathfinder 1 307 36 0.842000 0.540000  0.000106 0.000098 0.000270 0.000510 0.000287 0.000151 
3055872 pathfinder 1 307 36 0.842000 0.462000  0.000100 0.000093 0.000257 0.000484 0.000267 0.000144 
3055872 pathfinder 1 307 36 0.842000 0.540000  0.000104 0.000096 0.000266 0.000521 0.000284 0.000149 
3055872 pathfinder 1 307 36 0.842000 0.540000  0.000098 0.000205 0.000572 0.001065 0.000453 0.000222 
3056000 pathfinder 1 307 36 0.842000 0.616000  0.000103 0.000098 0.000272 0.000549 0.000317 0.000159 
3056000 pathfinder 1 307 36 0.842000 0.540000  0.000096 0.000090 0.000253 0.000475 0.000259 0.000140 
3056000 pathfinder 1 307 36 0.842000 0.539000  0.019666 0.006595 0.014207 0.019848 0.007410 0.003370 
3056000 pathfinder 1 307 36 0.842000 0.463000  0.000098 0.000090 0.000252 0.000476 0.000258 0.000139 
3056000 pathfinder 1 307 36 0.842000 0.539000  0.026135 0.009193 0.019790 0.026338 0.010196 0.004667 
3056128 pathfinder 1 307 36 0.842000 0.385000  0.000095 0.000090 0.000251 0.000471 0.000258 0.000139 
3056128 pathfinder 1 307 36 0.842000 0.539000  0.000108 0.000095 0.000260 0.000519 0.000440 0.000204 
3056128 pathfinder 1 307 36 0.842000 0.540000  0.000169 0.000096 0.000263 0.000550 0.000268 0.000142 
3056128 pathfinder 1 307 36 0.842000 0.539000  0.000118 0.000099 0.000275 0.000575 0.000298 0.000153 
3056256 pathfinder 1 307 36 0.842000 0.462000  0.000124 0.000118 0.000318 0.000710 0.000316 0.000156 
3056256 pathfinder 1 307 36 0.842000 0.540000  0.000094 0.000088 0.000246 0.000478 0.000262 0.000142 
3056256 pathfinder 1 307 36 0.842000 0.539000  0.000124 0.000101 0.000271 0.000565 0.000303 0.000153 
3056256 pathfinder 1 307 36 0.842000 0.540000  0.000102 0.000093 0.000283 0.000594 0.000299 0.000150 
3056256 pathfinder 1 307 36 0.842000 0.462000  0.000096 0.000090 0.000248 0.000491 0.000273 0.000142 
3056384 pathfinder 1 307 36 0.842000 0.540000  0.000107 0.000177 0.000413 0.000957 0.000397 0.000187 
3056384 pathfinder 1 307 36 0.842000 0.539000  0.000117 0.000097 0.000284 0.000713 0.000334 0.000163 
3056384 pathfinder 1 307 36 0.842000 0.539000  0.000091 0.000091 0.000251 0.000506 0.000258 0.000139 
3056384 pathfinder 1 307 36 0.842000 0.540000  0.000121 0.000096 0.000270 0.000553 0.000295 0.000150 
3056384 pathfinder 1 307 36 0.842000 0.540000  0.000103 0.000090 0.000258 0.000503 0.000261 0.000140 
3056512 pathfinder 1 307 36 0.842000 0.540000  0.000044 0.000059 0.000142 0.000286 0.000167 0.000081 
3056512 pathfinder 1 307 36 0.842000 0.540000  0.000092 0.000089 0.000246 0.000496 0.000257 0.000137 
3056512 pathfinder 1 307 36 0.842000 0.539000  0.000098 0.000089 0.000259 0.000555 0.000287 0.000153 
3056512 pathfinder 1 307 36 0.842000 0.386000  0.000088 0.000084 0.000235 0.000438 0.000238 0.000129 
3056640 pathfinder 1 307 36 0.842000 0.462000  0.000046 0.000291 0.000193 0.000614 0.000000 0.000033 
3056640 pathfinder 1 307 36 0.842000 0.540000  0.000086 0.000087 0.000257 0.000511 0.000260 0.000137 
3056640 pathfinder 1 307 36 0.842000 0.540000  0.000092 0.000087 0.000240 0.000455 0.000311 0.000156 
3056640 pathfinder 1 307 36 0.842000 0.617000  0.000088 0.000082 0.000230 0.000430 0.000232 0.000126 
3056640 pathfinder 1 307 36 0.842000 0.616000  0.012577 0.036027 0.014100 0.036342 0.000004 0.000784 
3056768 pathfinder 1 307 36 0.842000 0.385000  0.000086 0.000082 0.000229 0.000430 0.000233 0.000126 
3056768 pathfinder 1 307 36 0.842000 0.617000  0.000108 0.000095 0.000255 0.000577 0.000279 0.000150 
3056768 pathfinder 1 307 36 0.842000 0.386000  0.000085 0.000081 0.000227 0.000502 0.000245 0.000130 
3056768 pathfinder 1 307 36 0.842000 0.539000  0.000176 0.000141 0.000330 0.000691 0.000374 0.000180 
3056896 pathfinder 1 307 36 0.842000 0.385000  0.325472 0.172800 0.422401 0.325660 0.176563 0.087997 
3056896 pathfinder 1 307 36 0.842000 0.540000  0.000108 0.000087 0.000316 0.000685 0.000337 0.000183 
3056896 pathfinder 1 307 36 0.842000 0.462000  0.000047 0.000044 0.000121 0.000234 0.000127 0.000068 
3056896 pathfinder 1 307 36 0.842000 0.539000  0.000089 0.000084 0.000231 0.000439 0.000245 0.000129 
3056896 pathfinder 1 307 36 0.842000 0.617000  0.000111 0.000089 0.000248 0.000519 0.000257 0.000135 
3057024 pathfinder 1 307 36 0.842000 0.539000  0.000111 0.000091 0.000250 0.000519 0.000277 0.000138 
3057024 pathfinder 1 307 36 0.842000 0.540000  0.000097 0.000083 0.000228 0.000465 0.000241 0.000130 
3057024 pathfinder 1 307 36 0.842000 0.539000  0.000088 0.000083 0.000293 0.000579 0.000343 0.000198 
3057024 pathfinder 1 307 36 0.842000 0.616000  0.000084 0.000083 0.000231 0.000459 0.000239 0.000126 
3057152 pathfinder 1 307 36 0.842000 0.540000  0.000088 0.000082 0.000226 0.000425 0.000237 0.000126 
3057152 pathfinder 1 307 36 0.842000 0.386000  0.000157 0.000094 0.000241 0.000482 0.000252 0.000127 
3057152 pathfinder 1 307 36 0.842000 0.616000  0.000088 0.000082 0.000224 0.000424 0.000240 0.000125 
3057152 pathfinder 1 307 36 0.842000 0.462000  0.000081 0.000079 0.000218 0.000424 0.000224 0.000119 
3057152 pathfinder 1 307 36 0.842000 0.463000  0.000100 0.000079 0.000218 0.000429 0.000235 0.000125 
3057280 pathfinder 1 307 36 0.842000 0.540000  0.000106 0.000090 0.000244 0.000501 0.000275 0.000137 
3057280 pathfinder 1 307 36 0.842000 0.617000  0.000084 0.000076 0.000212 0.000411 0.000223 0.000120 
3057280 pathfinder 1 307 36 0.842000 0.539000  0.000084 0.000080 0.000282 0.000551 0.000281 0.010171 
3057280 pathfinder 1 307 36 0.842000 0.539000  0.000048 0.000044 0.000122 0.000233 0.000130 0.000079 
3057408 pathfinder 1 307 36 0.842000 0.385000  0.000082 0.000075 0.000208 0.000397 0.000216 0.000115 
3057408 pathfinder 1 307 36 0.842000 0.539000  0.000159 0.000092 0.000238 0.000488 0.000249 0.000130 
3057408 pathfinder 1 307 36 0.842000 0.385000  0.000080 0.000074 0.000207 0.000392 0.000215 0.000115 
3057408 pathfinder 1 307 36 0.842000 0.539000  0.000085 0.000078 0.000214 0.000413 0.000275 0.000138 
3057408 pathfinder 1 307 36 0.842000 0.385000  0.000081 0.000074 0.000206 0.000386 0.000214 0.000114 
3057536 pathfinder 1 307 36 0.842000 0.539000  0.000078 0.000077 0.000211 0.000440 0.000236 0.000122 
3057536 pathfinder 1 307 36 0.842000 0.462000  0.000098 0.000082 0.000224 0.000973 0.000420 0.000212 
3057536 pathfinder 1 307 36 0.842000 0.694000  0.000079 0.000072 0.000205 0.000418 0.000223 0.000119 
3057536 pathfinder 1 307 36 0.842000 0.617000  0.000099 0.000081 0.000220 0.000451 0.000242 0.000124 
3057664 pathfinder 1 307 36 0.842000 0.694000  0.000083 0.000076 0.000207 0.000397 0.000218 0.000116 
3057664 pathfinder 1 307 36 0.842000 0.617000  0.000079 0.000075 0.000206 0.000389 0.000220 0.000118 
3057664 pathfinder 1 307 36 0.842000 0.694000  0.000083 0.000075 0.000205 0.000400 0.000217 0.000115 
3057664 pathfinder 1 307 36 0.842000 0.617000  0.000148 0.000084 0.000220 0.000872 0.000347 0.000161 
3057664 pathfinder 1 307 36 0.842000 0.693000  0.000078 0.000079 0.000210 0.000427 0.000215 0.000112 
3057792 pathfinder 1 307 36 0.842000 0.617000  0.000078 0.000108 0.000259 0.000619 0.000303 0.000155 
3057792 pathfinder 1 307 36 0.842000 0.617000  0.000076 0.000073 0.000204 0.000418 0.000211 0.000112 
3057792 pathfinder 1 307 36 0.842000 0.616000  0.000081 0.000085 0.000221 0.000462 0.000231 0.000118 
3057792 pathfinder 1 307 36 0.842000 0.539000  0.000072 0.000068 0.000191 0.000411 0.000228 0.000117 
3057920 pathfinder 1 307 36 0.842000 0.694000  0.000078 0.000070 0.000192 0.000401 0.000200 0.000106 
3057920 pathfinder 1 307 36 0.842000 0.694000  0.000089 0.000075 0.000204 0.000420 0.000220 0.000114 
3057920 pathfinder 1 307 36 0.842000 0.693000  0.000172 0.000083 0.000214 0.000483 0.000225 0.000114 
3057920 pathfinder 1 307 36 0.842000 0.771000  0.000085 0.000074 0.000202 0.000477 0.000240 0.000124 
3057920 pathfinder 1 307 36 0.842000 0.694000  0.000074 0.000067 0.000185 0.000355 0.000190 0.000102 
3058048 pathfinder 1 307 36 0.842000 0.694000  0.000075 0.000083 0.000213 0.000438 0.000225 0.000115 
3058048 pathfinder 1 307 36 0.842000 0.694000  0.000081 0.000069 0.000194 0.000390 0.000200 0.000108 
3058048 pathfinder 1 307 36 0.842000 0.617000  0.000086 0.000071 0.000191 0.000380 0.000195 0.000103 
3058048 pathfinder 1 307 36 0.842000 0.694000  0.000072 0.000064 0.000180 0.000353 0.000186 0.000100 
3058176 pathfinder 1 307 36 0.842000 0.617000  0.000138 0.000085 0.000220 0.000556 0.000281 0.000130 
3058176 pathfinder 1 307 36 0.842000 0.695000  0.000084 0.000068 0.000190 0.000389 0.000199 0.000105 
3058176 pathfinder 1 307 36 0.842000 0.694000  0.000080 0.000070 0.000189 0.000433 0.000215 0.000110 
3058176 pathfinder 1 307 36 0.842000 0.848000  0.000071 0.000063 0.000298 0.000632 0.000270 0.000137 
3058304 pathfinder 1 307 36 0.842000 0.693000  0.000077 0.000100 0.000258 0.000602 0.000285 0.000147 
3058304 pathfinder 1 307 36 0.842000 0.694000  0.000074 0.000063 0.000175 0.000502 0.000211 0.000108 
3058304 pathfinder 1 307 36 0.842000 0.772000  0.000073 0.000065 0.000180 0.000352 0.000189 0.000100 
3058304 pathfinder 1 307 36 0.842000 0.617000  0.000078 0.000061 0.000173 0.000376 0.000176 0.000095 
3058432 pathfinder 1 307 36 0.842000 0.694000  0.000070 0.000061 0.000171 0.000337 0.000176 0.000095 
3058432 pathfinder 1 307 36 0.842000 0.540000  0.000072 0.000064 0.000177 0.000347 0.000188 0.000099 
3058432 pathfinder 1 307 36 0.842000 0.617000  0.000069 0.000061 0.000285 0.000616 0.000256 0.000127 
3058432 pathfinder 1 307 36 0.842000 0.694000  0.000087 0.000073 0.000203 0.000456 0.000233 0.000117 
3058560 pathfinder 1 307 36 0.842000 0.694000  0.000084 0.000068 0.000183 0.000383 0.000200 0.000103 
3058560 pathfinder 1 307 36 0.842000 0.694000  0.000067 0.000060 0.000167 0.000324 0.000172 0.000092 
3058560 pathfinder 1 307 36 0.842000 0.693000  0.000087 0.000072 0.000205 0.000497 0.000234 0.000115 
3058560 pathfinder 1 307 36 0.842000 0.617000  0.000068 0.000059 0.000165 0.000332 0.000170 0.000091 
3058560 pathfinder 1 307 36 0.842000 0.616000  0.298622 0.129726 0.304220 0.298765 0.138993 0.063681 
3058688 pathfinder 1 307 36 0.842000 0.539000  0.000034 0.000027 0.000078 0.000171 0.000080 0.000042 
3058688 pathfinder 1 307 36 0.842000 0.617000  0.000040 0.000029 0.000078 0.000154 0.000081 0.000042 
3058688 pathfinder 1 307 36 0.842000 0.540000  0.000030 0.000028 0.000077 0.000146 0.000082 0.000043 
3058688 pathfinder 1 307 36 0.842000 0.462000  0.000028 0.000026 0.000074 0.000139 0.000076 0.000041 
3058816 pathfinder 1 307 36 0.842000 0.463000  0.000068 0.000091 0.000220 0.000445 0.000260 0.000128 
3058816 pathfinder 1 307 36 0.842000 0.385000  0.000064 0.000062 0.000170 0.000350 0.000181 0.000095 
3058816 pathfinder 1 307 36 0.842000 0.617000  0.000074 0.000064 0.000182 0.000378 0.000206 0.000103 
3058816 pathfinder 1 307 36 0.842000 0.462000  0.000061 0.000062 0.000173 0.000345 0.000178 0.000094 
3058816 pathfinder 1 307 36 0.842000 0.539000  0.000071 0.000064 0.000179 0.000384 0.000200 0.000100 
3058944 pathfinder 1 307 36 0.842000 0.616000  0.000071 0.000061 0.000171 0.000335 0.000172 0.000093 
3058944 pathfinder 1 307 36 0.842000 0.539000  0.000085 0.000069 0.000189 0.000417 0.000205 0.000102 
3058944 pathfinder 1 307 36 0.842000 0.540000  0.000061 0.000061 0.000171 0.000338 0.000176 0.000093 
3058944 pathfinder 1 307 36 0.842000 0.540000  0.000077 0.000066 0.000181 0.000383 0.000203 0.000103 
3059072 pathfinder 1 307 36 0.842000 0.617000  0.000072 0.000063 0.000177 0.000372 0.000184 0.000095 
3059072 pathfinder 1 307 36 0.842000 0.462000  0.000024 0.000145 0.000095 0.000302 0.000000 0.000016 
