#Timestamp	Benchmark	Run(#)	CPU Frequency (MHz)	CPU Temperature(C)	CPU Voltage(V)	CPU Power(W)	CPU_CYCLES	L1_DATA_CACHE_ACCESS	INSTRUCTIONS_RETIRED	BUS_CYCLES	L1I_CACHE_ACCESS	PREDICTABLE_BRANCH_SPECULATIVELY_EXECUTED
4997248 myocyte 1 921 44 1.015000 0.849000  0.000025 0.000022 0.000062 0.000124 0.000067 0.000035 
4997376 myocyte 1 921 44 1.015000 0.849000  0.000026 0.000023 0.000062 0.000124 0.000063 0.000033 
4997376 myocyte 1 921 43 1.015000 0.771000  0.000049 0.000061 0.000148 0.000310 0.000172 0.000084 
4997376 myocyte 1 921 43 1.015000 1.001000  0.000035 0.000023 0.000066 0.000161 0.000069 0.000036 
4997376 myocyte 1 921 43 1.015000 0.617000  0.000030 0.000024 0.000066 0.000268 0.000105 0.000047 
4997376 myocyte 1 921 43 1.015000 1.002000  0.000029 0.000022 0.000064 0.000147 0.000065 0.000035 
4997504 myocyte 1 921 43 1.015000 1.155000  0.000032 0.000026 0.000070 0.000155 0.000077 0.000038 
4997504 myocyte 1 921 43 1.015000 1.002000  0.000096 0.000037 0.000130 0.000489 0.000142 0.000068 
4997504 myocyte 1 921 43 1.015000 0.926000  0.000114 0.000049 0.000134 0.000497 0.000143 0.000069 
4997504 myocyte 1 921 43 1.015000 1.156000  0.000006 0.000010 0.000023 0.000133 0.000039 0.000017 
4997504 myocyte 1 921 43 1.015000 1.002000  0.000006 0.000019 0.000041 0.000215 0.000054 0.000022 
4997632 myocyte 1 921 43 1.015000 1.079000  0.000007 0.000040 0.000026 0.000081 0.000000 0.000004 
4997632 myocyte 1 921 43 1.015000 1.078000  0.000007 0.000043 0.000027 0.000090 0.000000 0.000005 
4997632 myocyte 1 921 43 1.015000 1.002000  0.000006 0.000011 0.000029 0.000091 0.000028 0.000013 
4997632 myocyte 1 921 43 1.015000 1.233000  0.000022 0.000012 0.000033 0.000107 0.000031 0.000017 
4997632 myocyte 1 921 43 1.015000 1.002000  0.000037 0.000009 0.000026 0.000077 0.000026 0.000012 
4997760 myocyte 1 921 43 1.015000 1.311000  0.000006 0.000005 0.000019 0.000089 0.000031 0.000014 
4997760 myocyte 1 921 43 1.015000 0.925000  0.000006 0.000007 0.000019 0.000090 0.000031 0.000014 
4997760 myocyte 1 921 44 1.015000 1.002000  0.000021 0.000007 0.000019 0.000102 0.000030 0.000014 
4997760 myocyte 1 921 44 1.015000 0.925000  0.000007 0.000012 0.000029 0.000110 0.000030 0.000014 
4997760 myocyte 1 921 44 1.015000 1.002000  0.000047 0.000012 0.000028 0.000086 0.000039 0.000018 
4997760 myocyte 1 921 44 1.015000 1.003000  0.000006 0.000005 0.000015 0.000089 0.000030 0.000013 
4997888 myocyte 1 921 44 1.015000 0.925000  0.000006 0.000005 0.000025 0.000107 0.000029 0.000013 
4997888 myocyte 1 921 44 1.015000 1.234000  0.000006 0.000012 0.000032 0.000103 0.000030 0.000014 
4997888 myocyte 1 921 44 1.015000 0.925000  0.000006 0.000005 0.000015 0.000046 0.000021 0.000010 
4997888 myocyte 1 921 44 1.015000 1.155000  0.000027 0.000007 0.000032 0.000122 0.000032 0.000014 
4997888 myocyte 1 921 44 1.015000 0.925000  0.000021 0.000007 0.000018 0.000101 0.000031 0.000014 
4998016 myocyte 1 921 43 1.015000 1.079000  0.000005 0.000005 0.000018 0.000085 0.000029 0.000013 
4998016 myocyte 1 921 43 1.015000 1.311000  0.000006 0.000012 0.000031 0.000101 0.000029 0.000015 
4998016 myocyte 1 921 43 1.015000 0.925000  0.000020 0.000007 0.000018 0.000043 0.000026 0.000013 
4998016 myocyte 1 921 43 1.015000 1.002000  0.000006 0.000005 0.000014 0.000029 0.000018 0.000010 
4998016 myocyte 1 921 44 1.015000 0.925000  0.000006 0.000007 0.000027 0.000100 0.000029 0.000013 
4998144 myocyte 1 921 43 1.015000 1.155000  0.000006 0.000005 0.000024 0.000085 0.000027 0.000012 
4998144 myocyte 1 921 43 1.015000 0.925000  0.000006 0.000005 0.000014 0.000086 0.000028 0.000013 
4998144 myocyte 1 921 43 1.015000 1.233000  0.000020 0.000007 0.000018 0.000058 0.000023 0.000013 
4998144 myocyte 1 921 43 1.015000 1.388000  0.000006 0.000007 0.000019 0.000048 0.000021 0.000012 
4998144 myocyte 1 921 43 1.015000 0.925000  0.000020 0.000008 0.000021 0.000058 0.000024 0.000013 
4998144 myocyte 1 921 43 1.015000 1.079000  0.000006 0.000005 0.000017 0.000082 0.000038 0.000017 
4998272 myocyte 1 921 43 1.015000 0.925000  0.000020 0.000007 0.000017 0.000043 0.000026 0.000013 
4998272 myocyte 1 921 43 1.015000 1.079000  0.000044 0.000011 0.000030 0.000095 0.000028 0.000016 
4998272 myocyte 1 921 43 1.015000 1.464000  0.000006 0.000005 0.000014 0.000029 0.000020 0.000009 
4998272 myocyte 1 921 43 1.015000 0.925000  0.000017 0.000016 0.000044 0.000086 0.000046 0.000025 
4998272 myocyte 1 921 44 1.015000 1.156000  0.000006 0.000005 0.000017 0.000081 0.000028 0.000012 
4998400 myocyte 1 921 44 1.015000 1.001000  0.000006 0.000010 0.000026 0.000085 0.000026 0.000012 
4998400 myocyte 1 921 43 1.015000 0.925000  0.000005 0.000009 0.000026 0.000094 0.000027 0.000012 
4998400 myocyte 1 921 43 1.015000 0.925000  0.000019 0.000008 0.000020 0.000055 0.000021 0.000013 
4998400 myocyte 1 921 43 1.015000 0.925000  0.000046 0.000013 0.000030 0.000097 0.000027 0.000013 
4998400 myocyte 1 921 43 1.015000 1.156000  0.000006 0.000011 0.000029 0.000094 0.000027 0.000015 
4998400 myocyte 1 921 44 1.015000 1.079000  0.000043 0.000009 0.000024 0.000156 0.000036 0.000017 
4998528 myocyte 1 921 43 1.015000 1.155000  0.000005 0.000006 0.000017 0.000040 0.000027 0.000013 
4998528 myocyte 1 921 43 1.015000 0.925000  0.000005 0.000005 0.000017 0.000080 0.000027 0.000012 
4998528 myocyte 1 921 44 1.015000 1.001000  0.000056 0.000013 0.000029 0.000091 0.000029 0.000015 
4998528 myocyte 1 921 44 1.015000 1.387000  0.000005 0.000006 0.000017 0.000040 0.000027 0.000013 
4998528 myocyte 1 921 43 1.015000 0.925000  0.000005 0.000005 0.000013 0.000026 0.000016 0.000008 
4998656 myocyte 1 921 43 1.015000 1.234000  0.000005 0.000005 0.000022 0.000077 0.000026 0.000012 
4998656 myocyte 1 921 43 1.015000 1.002000  0.000006 0.000006 0.000017 0.000055 0.000027 0.000013 
4998656 myocyte 1 921 43 1.015000 1.233000  0.000018 0.000006 0.000016 0.000089 0.000026 0.000013 
4998656 myocyte 1 921 44 1.015000 0.925000  0.000043 0.000012 0.000028 0.000091 0.000026 0.000015 
4998656 myocyte 1 921 44 1.015000 0.925000  0.000103 0.000016 0.000033 0.000277 0.000077 0.000029 
4998656 myocyte 1 921 44 1.015000 1.619000  0.000005 0.000005 0.000013 0.000077 0.000027 0.000012 
4998784 myocyte 1 921 44 1.015000 0.925000  0.000005 0.000004 0.000016 0.000077 0.000026 0.000012 
4998784 myocyte 1 921 44 1.015000 1.002000  0.000005 0.000011 0.000028 0.000090 0.000026 0.000012 
4998784 myocyte 1 921 43 1.015000 0.925000  0.000019 0.000008 0.000028 0.000104 0.000028 0.000012 
4998784 myocyte 1 921 43 1.015000 1.155000  0.000006 0.000004 0.000024 0.000089 0.000026 0.000012 
4998784 myocyte 1 921 43 1.015000 0.925000  0.000005 0.000006 0.000016 0.000053 0.000026 0.000012 
4998912 myocyte 1 921 43 1.015000 1.231000  0.000004 0.000004 0.000013 0.000024 0.000016 0.000008 
