#Timestamp	Benchmark	Run(#)	CPU Frequency (MHz)	CPU Temperature(C)	CPU Voltage(V)	CPU Power(W)	CPU_CYCLES	L1_DATA_CACHE_ACCESS	INSTRUCTIONS_RETIRED	BUS_CYCLES	L1I_CACHE_ACCESS	PREDICTABLE_BRANCH_SPECULATIVELY_EXECUTED
6677248 myocyte 1 1734 50 1.226000 2.082000  0.000025 0.000021 0.000060 0.000118 0.000061 0.000033 
6677248 myocyte 1 1734 50 1.226000 2.619000  0.000007 0.000006 0.000016 0.000035 0.000021 0.000010 
6677248 myocyte 1 1734 50 1.226000 1.773000  0.000007 0.000006 0.000016 0.000034 0.000021 0.000010 
6677248 myocyte 1 1734 50 1.226000 2.465000  0.000007 0.000008 0.000020 0.000047 0.000023 0.000012 
6677248 myocyte 1 1734 50 1.226000 3.082000  0.000007 0.000006 0.000016 0.000034 0.000025 0.000012 
6677248 myocyte 1 1734 50 1.226000 1.927000  0.000007 0.000008 0.000020 0.000113 0.000031 0.000014 
6677376 myocyte 1 1734 50 1.226000 3.005000  0.000006 0.000005 0.000016 0.000032 0.000020 0.000012 
6677376 myocyte 1 1734 50 1.226000 2.235000  0.000007 0.000005 0.000016 0.000059 0.000022 0.000011 
6677376 myocyte 1 1734 50 1.226000 2.005000  0.000007 0.000012 0.000027 0.000106 0.000030 0.000013 
6677376 myocyte 1 1734 50 1.226000 2.311000  0.000007 0.000007 0.000023 0.000088 0.000027 0.000012 
6677376 myocyte 1 1734 50 1.226000 2.158000  0.000077 0.000011 0.000027 0.000133 0.000029 0.000027 
6677376 myocyte 1 1734 50 1.226000 2.081000  0.000007 0.000005 0.000019 0.000058 0.000022 0.000013 
6677504 myocyte 1 1734 50 1.226000 2.235000  0.000007 0.000011 0.000027 0.000127 0.000030 0.000013 
6677504 myocyte 1 1734 50 1.226000 2.235000  0.000006 0.000007 0.000019 0.000055 0.000029 0.000013 
6677504 myocyte 1 1734 51 1.226000 2.464000  0.000030 0.000007 0.000019 0.000056 0.000021 0.000010 
6677504 myocyte 1 1734 51 1.226000 2.389000  0.000006 0.000005 0.000015 0.000103 0.000026 0.000012 
6677504 myocyte 1 1734 50 1.226000 2.005000  0.000006 0.000007 0.000019 0.000054 0.000028 0.000013 
6677632 myocyte 1 1734 50 1.226000 3.467000  0.000031 0.000007 0.000018 0.000056 0.000022 0.000010 
6677632 myocyte 1 1734 50 1.226000 2.620000  0.000075 0.000011 0.000026 0.000101 0.000028 0.000013 
6677632 myocyte 1 1734 50 1.226000 3.003000  0.000006 0.000005 0.000015 0.000075 0.000025 0.000012 
6677632 myocyte 1 1734 50 1.226000 2.235000  0.000006 0.000007 0.000018 0.000055 0.000027 0.000012 
6677632 myocyte 1 1734 50 1.226000 2.312000  0.000006 0.000007 0.000018 0.000052 0.000027 0.000012 
6677632 myocyte 1 1734 50 1.226000 2.389000  0.000006 0.000007 0.000018 0.000077 0.000023 0.000011 
6677760 myocyte 1 1734 50 1.226000 1.927000  0.000006 0.000005 0.000014 0.000055 0.000020 0.000010 
6677760 myocyte 1 1734 50 1.226000 2.236000  0.000028 0.000007 0.000018 0.000117 0.000027 0.000012 
6677760 myocyte 1 1734 50 1.226000 2.235000  0.000007 0.000005 0.000014 0.000076 0.000023 0.000010 
6677760 myocyte 1 1734 50 1.226000 2.081000  0.000005 0.000005 0.000018 0.000052 0.000027 0.000012 
6677760 myocyte 1 1734 50 1.226000 3.313000  0.000007 0.000005 0.000014 0.000053 0.000020 0.000012 
6677760 myocyte 1 1734 50 1.226000 2.235000  0.000008 0.000005 0.000018 0.000064 0.000021 0.000010 
6677888 myocyte 1 1734 50 1.226000 2.155000  0.000005 0.000007 0.000017 0.000049 0.000026 0.000012 
6677888 myocyte 1 1734 50 1.226000 2.157000  0.000007 0.000005 0.000014 0.000030 0.000018 0.000009 
6677888 myocyte 1 1734 50 1.226000 1.927000  0.000006 0.000005 0.000015 0.000035 0.000018 0.000009 
6677888 myocyte 1 1734 50 1.226000 1.928000  0.000006 0.000005 0.000017 0.000073 0.000022 0.000010 
6677888 myocyte 1 1734 50 1.226000 2.696000  0.000009 0.000005 0.000014 0.000037 0.000018 0.000008 
6677888 myocyte 1 1734 51 1.226000 2.005000  0.000005 0.000006 0.000017 0.000110 0.000026 0.000012 
6678016 myocyte 1 1734 51 1.226000 2.235000  0.000006 0.000005 0.000014 0.000029 0.000019 0.000010 
6678016 myocyte 1 1734 51 1.226000 2.235000  0.000005 0.000006 0.000017 0.000089 0.000025 0.000011 
6678016 myocyte 1 1734 51 1.226000 2.849000  0.000006 0.000010 0.000023 0.000109 0.000025 0.000011 
6678016 myocyte 1 1734 51 1.226000 2.235000  0.000006 0.000010 0.000023 0.000089 0.000025 0.000011 
6678016 myocyte 1 1734 51 1.226000 1.927000  0.000005 0.000006 0.000016 0.000048 0.000023 0.000011 
6678144 myocyte 1 1734 51 1.226000 2.234000  0.000027 0.000006 0.000016 0.000070 0.000021 0.000010 
6678144 myocyte 1 1734 51 1.226000 2.235000  0.000005 0.000006 0.000016 0.000047 0.000025 0.000011 
6678144 myocyte 1 1734 51 1.226000 3.082000  0.000006 0.000010 0.000023 0.000088 0.000025 0.000011 
6678144 myocyte 1 1734 51 1.226000 2.235000  0.000006 0.000008 0.000022 0.000092 0.000025 0.000011 
6678144 myocyte 1 1734 51 1.226000 2.236000  0.000005 0.000006 0.000016 0.000047 0.000020 0.000009 
6678144 myocyte 1 1734 51 1.226000 3.777000  0.000026 0.000006 0.000016 0.000048 0.000018 0.000009 
6678272 myocyte 1 1734 51 1.226000 1.928000  0.000005 0.000004 0.000016 0.000047 0.000018 0.000011 
6678272 myocyte 1 1734 51 1.226000 2.852000  0.000005 0.000004 0.000013 0.000026 0.000016 0.000008 
6678272 myocyte 1 1734 51 1.226000 2.389000  0.000006 0.000009 0.000022 0.000085 0.000022 0.000011 
6678272 myocyte 1 1734 51 1.226000 1.927000  0.000042 0.000009 0.000022 0.000102 0.000024 0.000011 
6678272 myocyte 1 1734 51 1.226000 2.852000  0.000005 0.000004 0.000013 0.000027 0.000016 0.000008 
6678272 myocyte 1 1734 51 1.226000 2.236000  1.261705 0.645960 0.759305 0.648035 0.000358 0.133748 
6678400 myocyte 1 1734 52 1.226000 2.236000  0.000007 0.000004 0.000012 0.000032 0.000016 0.000008 
