#Timestamp	Benchmark	Run(#)	CPU Frequency (MHz)	CPU Temperature(C)	CPU Voltage(V)	CPU Power(W)	CPU_CYCLES	L1_DATA_CACHE_ACCESS	INSTRUCTIONS_RETIRED	BUS_CYCLES	L1I_CACHE_ACCESS	PREDICTABLE_BRANCH_SPECULATIVELY_EXECUTED
6552576 b+tree 1 1734 49 1.226000 2.852000  0.000007 0.000005 0.000015 0.000038 0.000021 0.000010 
6552576 b+tree 1 1734 49 1.226000 1.697000  0.000026 0.000021 0.000061 0.000130 0.000069 0.000035 
6552576 b+tree 1 1734 48 1.226000 0.848000  0.000025 0.000021 0.000058 0.000116 0.000062 0.000032 
6552576 b+tree 1 1734 48 1.226000 0.848000  0.000029 0.000022 0.000061 0.000132 0.000069 0.000035 
6552576 b+tree 1 1734 48 1.226000 1.927000  0.000024 0.000021 0.000057 0.000114 0.000061 0.000032 
6552704 b+tree 1 1734 48 1.226000 2.005000  0.000022 0.000020 0.000055 0.000107 0.000057 0.000030 
6552704 b+tree 1 1734 48 1.226000 2.312000  0.000039 0.000024 0.000063 0.000148 0.000068 0.000034 
6552704 b+tree 1 1734 48 1.226000 2.159000  0.000028 0.000025 0.000068 0.000176 0.000074 0.000036 
6552704 b+tree 1 1734 48 1.226000 2.082000  0.000027 0.000022 0.000060 0.000131 0.000065 0.000033 
6552704 b+tree 1 1734 48 1.226000 3.235000  0.000024 0.000020 0.000056 0.000111 0.000060 0.000032 
6552832 b+tree 1 1734 48 1.226000 2.159000  0.000023 0.000020 0.000054 0.000108 0.000057 0.000030 
6552832 b+tree 1 1734 49 1.226000 2.925000  0.000022 0.000020 0.000056 0.000111 0.000059 0.000031 
6552832 b+tree 1 1734 49 1.226000 2.082000  0.000046 0.000024 0.000062 0.000134 0.000065 0.000033 
6552832 b+tree 1 1734 49 1.226000 2.082000  0.000022 0.000020 0.000056 0.000109 0.000059 0.000031 
6552832 b+tree 1 1734 49 1.226000 2.853000  0.000024 0.000020 0.000056 0.000113 0.000060 0.000031 
6552832 b+tree 1 1734 49 1.226000 2.082000  0.000022 0.000019 0.000053 0.000105 0.000055 0.000030 
6552960 b+tree 1 1734 49 1.226000 2.082000  0.000022 0.000020 0.000055 0.000108 0.000058 0.000031 
6552960 b+tree 1 1734 49 1.226000 2.159000  0.000024 0.000020 0.000055 0.000110 0.000059 0.000031 
6552960 b+tree 1 1734 49 1.226000 2.082000  0.000022 0.000020 0.000055 0.000107 0.000058 0.000031 
6552960 b+tree 1 1734 49 1.226000 3.466000  0.000024 0.000022 0.000065 0.000174 0.000069 0.000034 
6552960 b+tree 1 1734 49 1.226000 2.159000  0.000023 0.000020 0.000055 0.000109 0.000058 0.000031 
6552960 b+tree 1 1734 49 1.226000 2.079000  0.000023 0.000020 0.000055 0.000107 0.000058 0.000031 
6553088 b+tree 1 1734 49 1.226000 2.081000  0.000024 0.000020 0.000054 0.000110 0.000058 0.000030 
6553088 b+tree 1 1734 49 1.226000 2.005000  0.000022 0.000019 0.000052 0.000104 0.000054 0.000029 
6553088 b+tree 1 1734 49 1.226000 2.698000  0.000021 0.000020 0.000054 0.000106 0.000057 0.000030 
6553088 b+tree 1 1734 48 1.226000 2.082000  0.786254 -0.270287 0.536920 0.786408 -0.064690 -1.256340 
6553088 b+tree 1 1734 48 1.226000 2.082000  0.000022 0.000020 0.000054 0.000106 0.000057 0.000030 
6553216 b+tree 1 1734 49 1.226000 2.852000  0.000023 0.000020 0.000054 0.000107 0.000058 0.000030 
6553216 b+tree 1 1734 49 1.226000 2.159000  0.000023 0.000020 0.000054 0.000107 0.000057 0.000030 
6553216 b+tree 1 1734 48 1.226000 2.159000  0.000029 0.000021 0.000057 0.000125 0.000061 0.000031 
6553216 b+tree 1 1734 48 1.226000 2.082000  0.000025 0.000020 0.000056 0.000122 0.000061 0.000031 
6553216 b+tree 1 1734 49 1.226000 2.159000  0.000027 0.000020 0.000056 0.000124 0.000060 0.000031 
6553216 b+tree 1 1734 49 1.226000 3.083000  0.000022 0.000019 0.000053 0.000108 0.000057 0.000030 
6553344 b+tree 1 1734 49 1.226000 2.082000  0.789409 -0.263960 0.533483 0.789570 -0.060704 -1.236615 
6553344 b+tree 1 1734 49 1.226000 2.849000  0.000028 0.000021 0.000057 0.000126 0.000071 0.000034 
6553344 b+tree 1 1734 49 1.226000 2.082000  0.000025 0.000019 0.000054 0.000119 0.000059 0.000031 
6553344 b+tree 1 1734 49 1.226000 2.390000  0.000023 0.000020 0.000055 0.000120 0.000060 0.000031 
6553344 b+tree 1 1734 49 1.226000 2.466000  0.000029 0.000020 0.000055 0.000121 0.000058 0.000030 
6553344 b+tree 1 1734 49 1.226000 2.236000  0.000026 0.000020 0.000056 0.000128 0.000061 0.000031 
6553472 b+tree 1 1734 49 1.226000 2.082000  0.000024 0.000020 0.000054 0.000118 0.000059 0.000031 
6553472 b+tree 1 1734 49 1.226000 3.007000  0.000030 0.000020 0.000055 0.000133 0.000059 0.000030 
6553472 b+tree 1 1734 49 1.226000 2.082000  0.000020 0.000018 0.000051 0.000097 0.000052 0.000028 
6553472 b+tree 1 1734 49 1.226000 2.772000  0.000152 0.000113 0.000218 0.000422 0.000177 0.000087 
6553472 b+tree 1 1734 49 1.226000 2.159000  0.000022 0.000019 0.000053 0.000103 0.000056 0.000029 
6553472 b+tree 1 1734 49 1.226000 2.082000  0.000021 0.000019 0.000053 0.000103 0.000056 0.000029 
6553600 b+tree 1 1734 49 1.226000 2.696000  0.000022 0.000019 0.000052 0.000103 0.000055 0.000029 
6553600 b+tree 1 1734 49 1.226000 2.159000  0.000021 0.000018 0.000050 0.000098 0.000052 0.000028 
6553600 b+tree 1 1734 49 1.226000 2.158000  0.000022 0.000019 0.000052 0.000101 0.000055 0.000029 
6553600 b+tree 1 1734 49 1.226000 2.236000  0.797584 -0.246372 0.528159 0.797738 -0.049771 -1.184824 
6553600 b+tree 1 1734 49 1.226000 2.236000  0.000021 0.000019 0.000052 0.000103 0.000055 0.000029 
6553728 b+tree 1 1734 49 1.226000 3.080000  0.000022 0.000019 0.000052 0.000103 0.000056 0.000029 
6553728 b+tree 1 1734 49 1.226000 2.236000  0.000021 0.000018 0.000051 0.000106 0.000054 0.000028 
6553728 b+tree 1 1734 49 1.226000 2.853000  0.000027 0.000020 0.000055 0.000121 0.000059 0.000030 
6553728 b+tree 1 1734 48 1.226000 2.157000  0.000022 0.000019 0.000051 0.000101 0.000055 0.000029 
6553728 b+tree 1 1734 48 1.226000 2.313000  0.000020 0.000019 0.000051 0.000099 0.000054 0.000029 
6553728 b+tree 1 1734 48 1.226000 2.235000  0.000022 0.000019 0.000051 0.000101 0.000054 0.000029 
6553856 b+tree 1 1734 49 1.226000 2.082000  0.000022 0.000019 0.000051 0.000102 0.000055 0.000029 
6553856 b+tree 1 1734 49 1.226000 2.391000  0.000020 0.000019 0.000051 0.000100 0.000054 0.000028 
6553856 b+tree 1 1734 48 1.226000 2.157000  0.000022 0.000018 0.000051 0.000101 0.000054 0.000028 
6553856 b+tree 1 1734 48 1.226000 2.159000  0.000020 0.000018 0.000049 0.000098 0.000051 0.000027 
6553856 b+tree 1 1734 49 1.226000 2.853000  0.000021 0.000018 0.000050 0.000099 0.000053 0.000028 
6553856 b+tree 1 1734 49 1.226000 2.236000  0.000025 0.000018 0.000050 0.000117 0.000054 0.000028 
6553984 b+tree 1 1734 49 1.226000 2.159000  0.000020 0.000018 0.000050 0.000099 0.000054 0.000028 
6553984 b+tree 1 1734 49 1.226000 3.466000  0.000021 0.000018 0.000050 0.000099 0.000053 0.000028 
6553984 b+tree 1 1734 49 1.226000 2.313000  0.000029 0.000018 0.000049 0.000106 0.000050 0.000027 
6553984 b+tree 1 1734 48 1.226000 2.930000  0.000022 0.000019 0.000053 0.000115 0.000057 0.000030 
6553984 b+tree 1 1734 48 1.226000 3.006000  0.000023 0.000018 0.000050 0.000114 0.000056 0.000029 
6553984 b+tree 1 1734 48 1.226000 2.159000  0.000022 0.000019 0.000052 0.000109 0.000053 0.000028 
6554112 b+tree 1 1734 48 1.226000 2.926000  0.000023 0.000019 0.000052 0.000119 0.000060 0.000030 
6554112 b+tree 1 1734 49 1.226000 2.159000  0.000021 0.000018 0.000050 0.000100 0.000053 0.000028 
6554112 b+tree 1 1734 49 1.226000 2.236000  0.000019 0.000018 0.000052 0.000140 0.000055 0.000028 
6554112 b+tree 1 1734 48 1.226000 2.542000  0.000021 0.000018 0.000050 0.000099 0.000053 0.000028 
6554112 b+tree 1 1734 48 1.226000 2.159000  0.000021 0.000018 0.000049 0.000099 0.000052 0.000028 
6554240 b+tree 1 1734 49 1.226000 2.159000  0.000021 0.000018 0.000049 0.000107 0.000056 0.000034 
6554240 b+tree 1 1734 49 1.226000 2.618000  0.000020 0.000017 0.000049 0.000110 0.000054 0.000028 
6554240 b+tree 1 1734 49 1.226000 2.159000  0.000019 0.000017 0.000050 0.000110 0.000051 0.000027 
6554240 b+tree 1 1734 48 1.226000 2.389000  0.000022 0.000018 0.000052 0.000113 0.000056 0.000029 
6554240 b+tree 1 1734 48 1.226000 2.082000  0.000023 0.000018 0.000052 0.000121 0.000058 0.000030 
6554240 b+tree 1 1734 49 1.226000 2.158000  0.000024 0.000018 0.000051 0.000112 0.000055 0.000029 
6554368 b+tree 1 1734 49 1.226000 2.157000  0.000021 0.000018 0.000049 0.000097 0.000052 0.000027 
6554368 b+tree 1 1734 48 1.226000 2.159000  0.000020 0.000017 0.000047 0.000097 0.000049 0.000026 
6554368 b+tree 1 1734 48 1.226000 2.930000  0.000020 0.000018 0.000049 0.000097 0.000052 0.000027 
6554368 b+tree 1 1734 49 1.226000 2.082000  0.000024 0.000018 0.000051 0.000113 0.000055 0.000028 
6554368 b+tree 1 1734 49 1.226000 2.313000  0.000022 0.000018 0.000050 0.000109 0.000055 0.000028 
6554368 b+tree 1 1734 49 1.226000 2.929000  0.000023 0.000018 0.000051 0.000117 0.000056 0.000029 
6554496 b+tree 1 1734 48 1.226000 2.159000  0.000023 0.000018 0.000050 0.000111 0.000054 0.000028 
6554496 b+tree 1 1734 48 1.226000 2.159000  0.000023 0.000018 0.000049 0.000103 0.000051 0.000027 
6554496 b+tree 1 1734 49 1.226000 2.082000  0.000022 0.000018 0.000050 0.000111 0.000054 0.000028 
6554496 b+tree 1 1734 49 1.226000 2.313000  0.000020 0.000017 0.000047 0.000093 0.000048 0.000026 
6554496 b+tree 1 1734 49 1.226000 2.313000  0.000022 0.000018 0.000049 0.000106 0.000053 0.000028 
6554624 b+tree 1 1734 49 1.226000 2.159000  0.000022 0.000018 0.000048 0.000109 0.000051 0.000027 
6554624 b+tree 1 1734 49 1.226000 2.082000  0.000019 0.000017 0.000048 0.000097 0.000052 0.000027 
6554624 b+tree 1 1734 49 1.226000 3.466000  0.000022 0.000019 0.000050 0.000112 0.000055 0.000028 
6554624 b+tree 1 1734 49 1.226000 2.236000  0.000026 0.000018 0.000049 0.000122 0.000051 0.000027 
6554624 b+tree 1 1734 49 1.226000 3.084000  0.000022 0.000018 0.000050 0.000108 0.000053 0.000028 
6554624 b+tree 1 1734 49 1.226000 2.699000  0.000022 0.000017 0.000050 0.000112 0.000054 0.000028 
6554752 b+tree 1 1734 49 1.226000 2.159000  0.000021 0.000018 0.000050 0.000111 0.000055 0.000028 
6554752 b+tree 1 1734 49 1.226000 2.775000  0.000020 0.000026 0.000062 0.000141 0.000063 0.000035 
6554752 b+tree 1 1734 48 1.226000 2.159000  0.000028 0.000022 0.000055 0.000154 0.000057 0.000028 
6554752 b+tree 1 1734 48 1.226000 2.083000  0.000019 0.000017 0.000048 0.000093 0.000050 0.000027 
6554752 b+tree 1 1734 49 1.226000 3.239000  0.000021 0.000017 0.000048 0.000104 0.000053 0.000027 
6554752 b+tree 1 1734 49 1.226000 2.005000  0.000020 0.000016 0.000046 0.000092 0.000048 0.000025 
6554880 b+tree 1 1734 49 1.226000 2.849000  0.000136 0.000102 0.000213 0.000421 0.000171 0.000083 
6554880 b+tree 1 1734 49 1.226000 2.159000  0.000020 0.000017 0.000047 0.000101 0.000052 0.000027 
6554880 b+tree 1 1734 49 1.226000 2.082000  0.000023 0.000018 0.000049 0.000110 0.000054 0.000028 
6554880 b+tree 1 1734 49 1.226000 2.158000  0.000020 0.000025 0.000061 0.000135 0.000070 0.000035 
6554880 b+tree 1 1734 49 1.226000 2.236000  0.415244 0.082047 0.180362 0.415419 0.100374 0.042642 
6555008 b+tree 1 1734 49 1.226000 2.005000  0.000019 0.000017 0.000047 0.000093 0.000050 0.000026 
6555008 b+tree 1 1734 49 1.226000 2.082000  0.000020 0.000019 0.000049 0.000113 0.000054 0.000027 
6555008 b+tree 1 1734 49 1.226000 2.159000  0.000021 0.000017 0.000050 0.000109 0.000054 0.000027 
6555008 b+tree 1 1734 49 1.226000 2.541000  0.000021 0.000017 0.000048 0.000103 0.000053 0.000027 
6555008 b+tree 1 1734 49 1.226000 2.236000  0.000023 0.000018 0.000050 0.000119 0.000056 0.000028 
6555008 b+tree 1 1734 49 1.226000 2.543000  0.000022 0.000018 0.000049 0.000108 0.000053 0.000028 
6555136 b+tree 1 1734 48 1.226000 3.314000  0.000023 0.000017 0.000048 0.000106 0.000052 0.000027 
6555136 b+tree 1 1734 48 1.226000 2.005000  0.000018 0.000016 0.000045 0.000089 0.000046 0.000025 
6555136 b+tree 1 1734 48 1.226000 3.008000  0.000022 0.000018 0.000049 0.000106 0.000054 0.000028 
6555136 b+tree 1 1734 48 1.226000 2.005000  0.000023 0.000017 0.000048 0.000106 0.000052 0.000027 
6555136 b+tree 1 1734 48 1.226000 2.159000  0.000025 0.000018 0.000055 0.000163 0.000059 0.000029 
6555136 b+tree 1 1734 49 1.226000 3.391000  0.000022 0.000017 0.000049 0.000113 0.000054 0.000028 
6555264 b+tree 1 1734 49 1.226000 2.159000  0.000024 0.000018 0.000050 0.000110 0.000053 0.000027 
6555264 b+tree 1 1734 48 1.226000 2.852000  0.000021 0.000018 0.000048 0.000107 0.000052 0.000027 
6555264 b+tree 1 1734 48 1.226000 1.618000  0.000021 0.000017 0.000048 0.000104 0.000052 0.000027 
6555264 b+tree 1 1734 48 1.226000 1.465000  0.000019 0.000016 0.000045 0.000091 0.000046 0.000025 
6555264 b+tree 1 1734 48 1.226000 2.231000  0.000021 0.000017 0.000047 0.000102 0.000051 0.000026 
6555264 b+tree 1 1734 48 1.226000 1.465000  0.000021 0.000017 0.000047 0.000104 0.000051 0.000027 
6555392 b+tree 1 1734 48 1.226000 1.464000  0.000021 0.000017 0.000047 0.000101 0.000051 0.000026 
6555392 b+tree 1 1734 48 1.226000 2.778000  0.000022 0.000018 0.000048 0.000107 0.000052 0.000027 
6555392 b+tree 1 1734 48 1.226000 1.697000  0.000023 0.000016 0.000044 0.000111 0.000048 0.000025 
6555392 b+tree 1 1734 48 1.226000 1.464000  0.000021 0.000018 0.000049 0.000106 0.000053 0.000027 
6555392 b+tree 1 1734 48 1.226000 1.465000  0.000021 0.000017 0.000047 0.000104 0.000051 0.000026 
6555520 b+tree 1 1734 48 1.226000 1.465000  0.000021 0.000018 0.000049 0.000106 0.000052 0.000027 
6555520 b+tree 1 1734 49 1.226000 1.924000  0.000021 0.000017 0.000047 0.000101 0.000050 0.000026 
6555520 b+tree 1 1734 49 1.226000 1.543000  0.000022 0.000018 0.000048 0.000112 0.000052 0.000027 
6555520 b+tree 1 1734 48 1.226000 2.160000  0.000022 0.000017 0.000047 0.000103 0.000052 0.000027 
6555520 b+tree 1 1734 48 1.226000 1.925000  0.000021 0.000018 0.000049 0.000108 0.000052 0.000027 
6555520 b+tree 1 1734 48 1.226000 1.465000  0.000018 0.000016 0.000044 0.000124 0.000050 0.000026 
6555648 b+tree 1 1734 48 1.226000 1.465000  0.000020 0.000017 0.000048 0.000107 0.000053 0.000027 
6555648 b+tree 1 1734 48 1.226000 1.465000  0.000022 0.000018 0.000048 0.000108 0.000053 0.000027 
6555648 b+tree 1 1734 48 1.226000 1.465000  0.000020 0.000017 0.000048 0.000104 0.000051 0.000027 
6555648 b+tree 1 1734 48 1.226000 2.464000  0.000020 0.000018 0.000049 0.000155 0.000057 0.000028 
6555648 b+tree 1 1734 48 1.226000 1.465000  0.000022 0.000017 0.000047 0.000106 0.000051 0.000026 
6555648 b+tree 1 1734 48 1.226000 1.542000  0.000021 0.000017 0.000048 0.000105 0.000052 0.000027 
6555776 b+tree 1 1734 48 1.226000 2.622000  0.000065 0.000019 0.000053 0.000160 0.000057 0.000028 
6555776 b+tree 1 1734 48 1.226000 1.697000  0.000022 0.000016 0.000044 0.000099 0.000046 0.000024 
6555776 b+tree 1 1734 48 1.226000 2.312000  0.000022 0.000017 0.000048 0.000104 0.000052 0.000027 
6555776 b+tree 1 1734 48 1.226000 1.466000  0.000022 0.000017 0.000047 0.000109 0.000051 0.000026 
6555776 b+tree 1 1734 48 1.226000 1.619000  0.000022 0.000017 0.000047 0.000104 0.000052 0.000027 
6555776 b+tree 1 1734 48 1.226000 2.157000  0.000022 0.000017 0.000047 0.000104 0.000051 0.000027 
6555904 b+tree 1 1734 48 1.226000 1.465000  0.000020 0.000017 0.000046 0.000102 0.000049 0.000026 
6555904 b+tree 1 1734 48 1.226000 1.463000  0.000019 0.000016 0.000047 0.000100 0.000051 0.000026 
6555904 b+tree 1 1734 48 1.226000 1.465000  0.000021 0.000016 0.000046 0.000100 0.000051 0.000026 
6555904 b+tree 1 1734 48 1.226000 1.465000  0.000018 0.000015 0.000043 0.000088 0.000045 0.000024 
6555904 b+tree 1 1734 48 1.226000 2.159000  0.000021 0.000017 0.000048 0.000110 0.000052 0.000027 
6556032 b+tree 1 1734 48 1.226000 1.465000  0.000023 0.000017 0.000048 0.000116 0.000053 0.000027 
6556032 b+tree 1 1734 48 1.226000 2.081000  0.000021 0.000017 0.000047 0.000103 0.000050 0.000026 
6556032 b+tree 1 1734 48 1.226000 2.698000  0.000021 0.000016 0.000046 0.000100 0.000050 0.000026 
6556032 b+tree 1 1734 48 1.226000 1.465000  0.000032 0.000017 0.000047 0.000124 0.000048 0.000025 
6556032 b+tree 1 1734 48 1.226000 1.465000  0.000021 0.000017 0.000047 0.000102 0.000051 0.000026 
6556032 b+tree 1 1734 48 1.226000 1.466000  0.000021 0.000017 0.000047 0.000106 0.000052 0.000027 
6556160 b+tree 1 1734 48 1.226000 1.465000  0.000022 0.000017 0.000046 0.000103 0.000050 0.000026 
6556160 b+tree 1 1734 48 1.226000 2.623000  0.000028 0.000020 0.000052 0.000163 0.000057 0.000028 
6556160 b+tree 1 1734 48 1.226000 1.465000  0.000022 0.000017 0.000046 0.000108 0.000051 0.000027 
6556160 b+tree 1 1734 48 1.226000 1.620000  0.000021 0.000017 0.000047 0.000103 0.000052 0.000026 
6556160 b+tree 1 1734 48 1.226000 2.620000  0.000030 0.000017 0.000048 0.000111 0.000053 0.000026 
6556160 b+tree 1 1734 48 1.226000 1.465000  0.000018 0.000015 0.000043 0.000085 0.000044 0.000024 
6556288 b+tree 1 1734 48 1.226000 2.159000  0.000022 0.000017 0.000046 0.000103 0.000050 0.000026 
6556288 b+tree 1 1734 48 1.226000 1.465000  0.000020 0.000016 0.000044 0.000093 0.000047 0.000025 
6556288 b+tree 1 1734 48 1.226000 1.465000  0.000020 0.000016 0.000045 0.000097 0.000048 0.000025 
6556288 b+tree 1 1734 48 1.226000 2.390000  0.000019 0.000016 0.000044 0.000130 0.000057 0.000029 
6556288 b+tree 1 1734 48 1.226000 1.465000  0.548542 0.092833 0.200391 0.548677 0.116098 0.048683 
6556288 b+tree 1 1734 48 1.226000 1.388000  0.000021 0.000017 0.000047 0.000108 0.000057 0.000028 
6556416 b+tree 1 1734 48 1.226000 1.466000  0.000019 0.000016 0.000044 0.000089 0.000047 0.000025 
6556416 b+tree 1 1734 48 1.226000 1.774000  0.000018 0.000016 0.000044 0.000087 0.000047 0.000025 
6556416 b+tree 1 1734 48 1.226000 2.466000  0.000019 0.000016 0.000044 0.000087 0.000047 0.000025 
6556416 b+tree 1 1734 48 1.226000 1.619000  0.000060 0.000018 0.000047 0.001411 0.000316 0.000125 
6556416 b+tree 1 1734 48 1.226000 1.697000  0.000021 0.000016 0.000046 0.000101 0.000050 0.000026 
6556544 b+tree 1 1734 48 1.226000 1.388000  0.000019 0.000016 0.000044 0.000087 0.000047 0.000025 
6556544 b+tree 1 1734 48 1.226000 1.465000  0.000017 0.000016 0.000044 0.000084 0.000046 0.000025 
6556544 b+tree 1 1734 48 1.226000 2.003000  0.000019 0.000016 0.000044 0.000134 0.000056 0.000028 
6556544 b+tree 1 1734 48 1.226000 1.465000  0.000017 0.000015 0.000042 0.000088 0.000046 0.000024 
6556544 b+tree 1 1734 48 1.226000 2.001000  0.000019 0.000016 0.000044 0.000094 0.000048 0.000025 
6556544 b+tree 1 1734 48 1.226000 1.464000  0.000019 0.000016 0.000043 0.000087 0.000047 0.000024 
6556672 b+tree 1 1734 47 1.226000 1.465000  0.000017 0.000016 0.000043 0.000085 0.000046 0.000024 
6556672 b+tree 1 1734 47 1.226000 1.924000  0.000018 0.000016 0.000043 0.000085 0.000046 0.000024 
6556672 b+tree 1 1734 48 1.226000 2.081000  0.000019 0.000015 0.000042 0.000087 0.000043 0.000023 
6556672 b+tree 1 1734 48 1.226000 2.540000  0.000018 0.000016 0.000044 0.000091 0.000047 0.000024 
6556672 b+tree 1 1734 48 1.226000 3.083000  -0.801796 -0.083236 0.545024 -0.801666 0.057858 -0.769106 
6556672 b+tree 1 1734 48 1.226000 3.314000  0.000018 0.000016 0.000043 0.000085 0.000046 0.000024 
6556800 b+tree 1 1734 48 1.226000 3.082000  0.000023 0.000016 0.000043 0.000098 0.000046 0.000024 
6556800 b+tree 1 1734 48 1.226000 2.001000  0.000018 0.000015 0.000043 0.000085 0.000045 0.000024 
