#Timestamp	Benchmark	Run(#)	CPU Frequency (MHz)	CPU Temperature(C)	CPU Voltage(V)	CPU Power(W)	CPU_CYCLES	L1_DATA_CACHE_ACCESS	INSTRUCTIONS_RETIRED	BUS_CYCLES	L1I_CACHE_ACCESS	PREDICTABLE_BRANCH_SPECULATIVELY_EXECUTED
4993792 kmeans 1 921 44 1.015000 1.079000  0.000010 0.000008 0.000023 0.000048 0.000030 0.000014 
4993920 kmeans 1 921 44 1.015000 1.002000  0.000029 0.000011 0.000027 0.000087 0.000037 0.000017 
4993920 kmeans 1 921 44 1.015000 1.002000  0.000041 0.000034 0.000094 0.000198 0.000103 0.000052 
4993920 kmeans 1 921 44 1.015000 0.925000  0.000038 0.000032 0.000088 0.000176 0.000094 0.000049 
4993920 kmeans 1 921 44 1.015000 0.925000  0.000035 0.000030 0.000085 0.000165 0.000088 0.000047 
4993920 kmeans 1 921 44 1.015000 1.232000  0.000042 0.000033 0.000091 0.000196 0.000156 0.000075 
4994048 kmeans 1 921 44 1.015000 0.848000  0.000078 0.000034 0.000144 0.000367 0.000142 0.000068 
4994048 kmeans 1 921 44 1.015000 1.002000  0.000043 0.000034 0.000092 0.000197 0.000102 0.000052 
4994048 kmeans 1 921 44 1.015000 0.848000  0.000037 0.000031 0.000086 0.000287 0.000117 0.000058 
4994048 kmeans 1 921 44 1.015000 0.848000  0.000038 0.000032 0.000091 0.000194 0.000098 0.000050 
4994048 kmeans 1 921 44 1.015000 1.233000  0.000037 0.000031 0.000086 0.000169 0.000091 0.000048 
4994176 kmeans 1 921 44 1.015000 0.771000  0.000033 0.000030 0.000083 0.000157 0.000085 0.000046 
4994176 kmeans 1 921 44 1.015000 1.157000  0.000034 0.000031 0.000086 0.000166 0.000091 0.000048 
4994176 kmeans 1 921 44 1.015000 0.772000  0.022787 0.094389 0.025680 0.094435 0.000002 0.001501 
4994176 kmeans 1 921 44 1.015000 1.157000  0.000043 0.000034 0.000091 0.000198 0.000101 0.000051 
4994176 kmeans 1 921 44 1.015000 0.772000  0.000035 0.000031 0.000085 0.000165 0.000089 0.000047 
4994176 kmeans 1 921 44 1.015000 0.770000  0.000040 0.000032 0.000090 0.000189 0.000097 0.000050 
4994304 kmeans 1 921 44 1.015000 1.234000  0.000037 0.000032 0.000088 0.000186 0.000095 0.000050 
4994304 kmeans 1 921 44 1.015000 0.849000  0.000032 0.000029 0.000082 0.000157 0.000084 0.000045 
4994304 kmeans 1 921 44 1.015000 1.157000  0.000051 0.000038 0.000101 0.000274 0.000112 0.000055 
4994304 kmeans 1 921 44 1.015000 0.847000  0.000035 0.000031 0.000085 0.000165 0.000092 0.000048 
4994304 kmeans 1 921 44 1.015000 0.847000  0.000034 0.000045 0.000109 0.000218 0.000126 0.000062 
4994432 kmeans 1 921 44 1.015000 1.156000  0.000039 0.000032 0.000088 0.000183 0.000095 0.000049 
4994432 kmeans 1 921 44 1.015000 0.771000  0.000033 0.000029 0.000084 0.000182 0.000094 0.000049 
4994432 kmeans 1 921 44 1.015000 1.157000  0.000038 0.000032 0.000087 0.000182 0.000095 0.000049 
4994432 kmeans 1 921 44 1.015000 1.309000  0.000034 0.000030 0.000085 0.000178 0.000093 0.000048 
4994432 kmeans 1 921 44 1.015000 0.771000  0.000035 0.000031 0.000087 0.000179 0.000091 0.000047 
4994560 kmeans 1 921 44 1.015000 1.156000  0.000007 0.000044 0.000029 0.000091 0.000000 0.000005 
4994560 kmeans 1 921 44 1.015000 0.771000  0.000031 0.000028 0.000079 0.000151 0.000081 0.000044 
4994560 kmeans 1 921 44 1.015000 0.770000  0.000041 0.000032 0.000087 0.000189 0.000096 0.000049 
4994560 kmeans 1 921 44 1.015000 0.771000  0.000085 0.000036 0.000093 0.000215 0.000097 0.000049 
4994560 kmeans 1 921 44 1.015000 0.847000  0.000042 0.000033 0.000087 0.000177 0.000090 0.000046 
4994688 kmeans 1 921 44 1.015000 1.389000  0.000033 0.000044 0.000105 0.000222 0.000123 0.000061 
4994688 kmeans 1 921 44 1.015000 0.770000  0.000036 0.000031 0.000084 0.000185 0.000094 0.000048 
4994688 kmeans 1 921 44 1.015000 0.848000  0.000031 0.000028 0.000078 0.000153 0.000079 0.000043 
4994688 kmeans 1 921 44 1.015000 1.078000  0.000037 0.000030 0.000084 0.000178 0.000091 0.000050 
4994688 kmeans 1 921 44 1.015000 0.848000  0.000033 0.000029 0.000081 0.000158 0.000087 0.000052 
4994816 kmeans 1 921 44 1.015000 0.772000  0.000032 0.000042 0.000103 0.000210 0.000119 0.000058 
4994816 kmeans 1 921 44 1.015000 1.002000  0.000032 0.000042 0.000102 0.000217 0.000120 0.000058 
4994816 kmeans 1 921 44 1.015000 0.771000  0.001264 0.004281 0.001461 0.004325 0.000000 0.000099 
4994816 kmeans 1 921 44 1.015000 1.080000  0.000037 0.000031 0.000085 0.000185 0.000095 0.000048 
4994816 kmeans 1 921 44 1.015000 0.772000  0.000042 0.000031 0.000084 0.000184 0.000094 0.000048 
4994816 kmeans 1 921 44 1.015000 0.772000  0.000037 0.000029 0.000083 0.000174 0.000089 0.000047 
4994944 kmeans 1 921 44 1.015000 1.157000  0.000032 0.000043 0.000102 0.000220 0.000120 0.000058 
4994944 kmeans 1 921 44 1.015000 0.771000  0.000031 0.000027 0.000076 0.000146 0.000079 0.000042 
4994944 kmeans 1 921 44 1.015000 0.847000  0.000031 0.000028 0.000078 0.000152 0.000083 0.000044 
4994944 kmeans 1 921 43 1.015000 0.771000  0.000031 0.000029 0.000078 0.000148 0.000083 0.000044 
4994944 kmeans 1 921 43 1.015000 0.849000  0.000040 0.000030 0.000083 0.000178 0.000091 0.000047 
4995072 kmeans 1 921 44 1.015000 1.465000  0.000034 0.000029 0.000080 0.000167 0.000086 0.000045 
4995072 kmeans 1 921 44 1.015000 0.848000  0.000029 0.000027 0.000075 0.000144 0.000076 0.000041 
4995072 kmeans 1 921 43 1.015000 1.156000  0.000032 0.000028 0.000077 0.000151 0.000088 0.000045 
4995072 kmeans 1 921 43 1.015000 0.772000  0.000040 0.000030 0.000083 0.000184 0.000094 0.000046 
4995072 kmeans 1 921 44 1.015000 0.848000  0.000035 0.000029 0.000081 0.000174 0.000089 0.000046 
4995200 kmeans 1 921 44 1.015000 1.464000  0.000055 0.000048 0.000131 0.000257 0.000141 0.000074 
4995200 kmeans 1 921 44 1.015000 0.849000  0.000030 0.000026 0.000074 0.000144 0.000076 0.000041 
4995200 kmeans 1 921 43 1.015000 1.233000  0.000032 0.000028 0.000076 0.000149 0.000081 0.000043 
4995200 kmeans 1 921 43 1.015000 0.770000  0.005667 0.017557 0.006230 0.017600 0.000001 0.000409 
4995200 kmeans 1 921 43 1.015000 1.157000  0.000030 0.000028 0.000092 0.000240 0.000099 0.000048 
4995200 kmeans 1 921 43 1.015000 0.772000  0.000031 0.000028 0.000076 0.000146 0.000081 0.000043 
4995328 kmeans 1 921 44 1.015000 0.848000  0.000036 0.000028 0.000079 0.000168 0.000088 0.000045 
4995328 kmeans 1 921 44 1.015000 1.234000  0.000031 0.000028 0.000076 0.000150 0.000081 0.000042 
4995328 kmeans 1 921 44 1.015000 0.771000  0.000030 0.000026 0.000073 0.000141 0.000075 0.000040 
4995328 kmeans 1 921 44 1.015000 1.155000  0.000030 0.000027 0.000075 0.000144 0.000079 0.000042 
4995328 kmeans 1 921 44 1.015000 0.771000  0.000038 0.000029 0.000079 0.000174 0.000090 0.000045 
4995456 kmeans 1 921 43 1.015000 1.233000  0.000034 0.000028 0.000079 0.000167 0.000086 0.000044 
4995456 kmeans 1 921 43 1.015000 1.618000  0.000034 0.000027 0.000076 0.000190 0.000092 0.000046 
4995456 kmeans 1 921 44 1.015000 0.770000  0.000035 0.000029 0.000079 0.000165 0.000084 0.000043 
4995456 kmeans 1 921 44 1.015000 1.079000  0.000030 0.000027 0.000074 0.000142 0.000078 0.000042 
4995456 kmeans 1 921 44 1.015000 1.157000  0.008802 0.029313 0.009824 0.029355 0.000001 0.000634 
4995456 kmeans 1 921 44 1.015000 1.079000  0.000037 0.000029 0.000079 0.000172 0.000088 0.000045 
4995584 kmeans 1 921 44 1.015000 1.002000  0.000030 0.000027 0.000074 0.000145 0.000078 0.000041 
4995584 kmeans 1 921 43 1.015000 0.925000  0.000030 0.000027 0.000095 0.000197 0.000110 0.000054 
4995584 kmeans 1 921 43 1.015000 1.233000  0.000030 0.000028 0.000080 0.000177 0.000088 0.000044 
4995584 kmeans 1 921 44 1.015000 0.771000  0.000028 0.000025 0.000071 0.000136 0.000074 0.000039 
4995584 kmeans 1 921 44 1.015000 1.233000  0.000046 0.000030 0.000078 0.000177 0.000088 0.000044 
4995712 kmeans 1 921 44 1.015000 0.925000  0.000029 0.000025 0.000071 0.000137 0.000073 0.000039 
4995712 kmeans 1 921 43 1.015000 1.080000  0.000029 0.000027 0.000073 0.000141 0.000078 0.000041 
4995712 kmeans 1 921 43 1.015000 0.770000  0.000029 0.000027 0.000073 0.000140 0.000077 0.000041 
4995712 kmeans 1 921 44 1.015000 0.847000  0.000038 0.000029 0.000077 0.000170 0.000086 0.000044 
4995712 kmeans 1 921 44 1.015000 1.079000  0.000030 0.000026 0.000073 0.000144 0.000077 0.000041 
4995712 kmeans 1 921 43 1.015000 0.847000  0.000027 0.000030 0.000077 0.000168 0.000080 0.000041 
4995840 kmeans 1 921 43 1.015000 0.924000  0.000029 0.000026 0.000072 0.000139 0.000077 0.000040 
4995840 kmeans 1 921 43 1.015000 0.847000  0.000030 0.000026 0.000072 0.000146 0.000077 0.000054 
4995840 kmeans 1 921 43 1.015000 0.849000  0.000028 0.000026 0.000072 0.000138 0.000075 0.000040 
4995840 kmeans 1 921 43 1.015000 0.771000  0.000029 0.000026 0.000072 0.000138 0.000076 0.000040 
4995840 kmeans 1 921 43 1.015000 0.849000  0.000028 0.000026 0.000071 0.000137 0.000075 0.000040 
4995968 kmeans 1 921 43 1.015000 1.233000  0.000029 0.000026 0.000071 0.000139 0.000076 0.000040 
4995968 kmeans 1 921 44 1.015000 0.771000  0.000027 0.000024 0.000068 0.000131 0.000070 0.000038 
4995968 kmeans 1 921 44 1.015000 1.157000  0.000029 0.000026 0.000071 0.000136 0.000075 0.000039 
4995968 kmeans 1 921 44 1.015000 0.848000  0.000028 0.000024 0.000068 0.000131 0.000070 0.000038 
4995968 kmeans 1 921 43 1.015000 1.155000  0.000072 0.000030 0.000079 0.000217 0.000087 0.000045 
4995968 kmeans 1 921 43 1.015000 0.925000  0.000028 0.000026 0.000070 0.000136 0.000075 0.000039 
4996096 kmeans 1 921 43 1.015000 0.925000  0.000028 0.000025 0.000070 0.000133 0.000074 0.000039 
4996096 kmeans 1 921 43 1.015000 1.310000  0.000030 0.000025 0.000072 0.000151 0.000079 0.000041 
4996096 kmeans 1 921 43 1.015000 0.847000  0.000027 0.000024 0.000067 0.000129 0.000068 0.000037 
4996096 kmeans 1 921 43 1.015000 1.155000  0.000028 0.000025 0.000069 0.000134 0.000073 0.000039 
4996096 kmeans 1 921 43 1.015000 0.848000  0.000037 0.000027 0.000072 0.000147 0.000077 0.000039 
4996224 kmeans 1 921 43 1.015000 1.542000  0.000033 0.000027 0.000073 0.000155 0.000079 0.000041 
4996224 kmeans 1 921 43 1.015000 1.002000  0.000028 0.000025 0.000069 0.000133 0.000073 0.000052 
4996224 kmeans 1 921 43 1.015000 0.771000  0.000035 0.000027 0.000073 0.000159 0.000081 0.000041 
4996224 kmeans 1 921 43 1.015000 1.234000  0.000028 0.000025 0.000069 0.000133 0.000073 0.000038 
4996224 kmeans 1 921 44 1.015000 0.849000  0.000027 0.000024 0.000066 0.000128 0.000068 0.000036 
4996224 kmeans 1 921 43 1.015000 1.078000  0.000074 0.000030 0.000078 0.000213 0.000086 0.000044 
4996352 kmeans 1 921 43 1.015000 0.771000  0.000026 0.000023 0.000065 0.000125 0.000068 0.000036 
4996352 kmeans 1 921 43 1.015000 0.925000  0.000027 0.000025 0.000068 0.000129 0.000072 0.000038 
4996352 kmeans 1 921 43 1.015000 0.770000  0.000028 0.000024 0.000068 0.000133 0.000072 0.000038 
4996352 kmeans 1 921 43 1.015000 0.772000  0.000034 0.000026 0.000071 0.000155 0.000080 0.000041 
4996352 kmeans 1 921 43 1.015000 1.387000  0.000049 0.000043 0.000118 0.000261 0.000137 0.000069 
4996480 kmeans 1 921 43 1.015000 0.848000  0.000025 0.000045 0.000135 0.000282 0.000106 0.000053 
4996480 kmeans 1 921 43 1.015000 1.157000  0.000035 0.000026 0.000071 0.000155 0.000079 0.000040 
4996480 kmeans 1 921 43 1.015000 0.848000  0.000025 0.000023 0.000064 0.000122 0.000065 0.000035 
4996480 kmeans 1 921 44 1.015000 0.772000  0.000028 0.000024 0.000067 0.000132 0.000071 0.000037 
4996480 kmeans 1 921 44 1.015000 0.849000  0.000026 0.000024 0.000067 0.000128 0.000070 0.000037 
4996480 kmeans 1 921 44 1.015000 1.311000  0.000027 0.000024 0.000066 0.000129 0.000071 0.000037 
4996608 kmeans 1 921 44 1.015000 0.848000  0.000026 0.000024 0.000066 0.000130 0.000070 0.000037 
4996608 kmeans 1 921 43 1.015000 1.156000  0.000027 0.000024 0.000072 0.000157 0.000078 0.000040 
4996608 kmeans 1 921 43 1.015000 1.003000  0.000025 0.000023 0.000063 0.000120 0.000065 0.000035 
4996608 kmeans 1 921 43 1.015000 1.233000  0.000048 0.000042 0.000116 0.000226 0.000123 0.000065 
4996608 kmeans 1 921 43 1.015000 0.770000  0.000027 0.000024 0.000065 0.000128 0.000069 0.000036 
4996736 kmeans 1 921 43 1.015000 1.003000  0.000026 0.000024 0.000065 0.000126 0.000069 0.000037 
4996736 kmeans 1 921 43 1.015000 1.543000  0.004537 0.001584 0.003413 0.004653 0.001695 0.000791 
4996736 kmeans 1 921 43 1.015000 0.849000  0.000025 0.000022 0.000062 0.000121 0.000064 0.000034 
4996736 kmeans 1 921 43 1.015000 1.233000  0.000027 0.000024 0.000065 0.000127 0.000069 0.000036 
4996736 kmeans 1 921 44 1.015000 0.770000  0.000025 0.000022 0.000062 0.000119 0.000064 0.000034 
4996736 kmeans 1 921 44 1.015000 1.157000  0.000025 0.000023 0.000065 0.000124 0.000068 0.000036 
4996864 kmeans 1 921 43 1.015000 1.542000  0.000027 0.000023 0.000064 0.000126 0.000068 0.000036 
4996864 kmeans 1 921 43 1.015000 0.849000  0.000028 0.000025 0.000068 0.000145 0.000074 0.000038 
4996864 kmeans 1 921 43 1.015000 1.464000  0.000026 0.000024 0.000070 0.000153 0.000074 0.000038 
4996864 kmeans 1 921 43 1.015000 0.847000  0.000025 0.000022 0.000062 0.000118 0.000063 0.000034 
4996864 kmeans 1 921 44 1.015000 1.156000  0.000027 0.000023 0.000064 0.000125 0.000068 0.000036 
4996992 kmeans 1 921 43 1.015000 0.772000  0.000025 0.000022 0.000061 0.000119 0.000064 0.000034 
4996992 kmeans 1 921 43 1.015000 1.156000  0.000025 0.000023 0.000064 0.000148 0.000073 0.000038 
4996992 kmeans 1 921 43 1.015000 0.848000  0.000025 0.000023 0.000063 0.000122 0.000067 0.000036 
4996992 kmeans 1 921 43 1.015000 0.769000  0.000025 0.000023 0.000063 0.000121 0.000067 0.000035 
4996992 kmeans 1 921 43 1.015000 1.312000  0.000027 0.000023 0.000064 0.000133 0.000069 0.000036 
4996992 kmeans 1 921 43 1.015000 0.848000  0.000024 0.000022 0.000060 0.000117 0.000062 0.000033 
4997120 kmeans 1 921 43 1.015000 1.157000  0.000024 0.000023 0.000063 0.000120 0.000066 0.000036 
4997120 kmeans 1 921 43 1.015000 0.772000  0.000031 0.000023 0.000063 0.000126 0.000066 0.000034 
4997120 kmeans 1 921 43 1.015000 0.771000  0.000025 0.000023 0.000063 0.000121 0.000066 0.000035 
4997120 kmeans 1 921 43 1.015000 1.388000  0.000028 0.000023 0.000063 0.000126 0.000067 0.000035 
4997120 kmeans 1 921 43 1.015000 0.847000  0.000032 0.000025 0.000067 0.000145 0.000073 0.000038 
4997248 kmeans 1 921 43 1.015000 1.312000  0.000029 0.000024 0.000065 0.000138 0.000072 0.000037 
4997248 kmeans 1 921 43 1.015000 0.849000  0.000024 0.000021 0.000060 0.000116 0.000061 0.000033 
4997248 kmeans 1 921 43 1.015000 1.156000  0.000025 0.000023 0.000062 0.000122 0.000066 0.000035 
4997248 kmeans 1 921 43 1.015000 1.235000  0.000031 0.000024 0.000067 0.000145 0.000074 0.000038 
4997248 kmeans 1 921 43 1.015000 0.772000  0.000028 0.000023 0.000064 0.000141 0.000072 0.000037 
