#Timestamp	Benchmark	Run(#)	CPU Frequency (MHz)	CPU Temperature(C)	CPU Voltage(V)	CPU Power(W)	CPU_CYCLES	L1_DATA_CACHE_ACCESS	INSTRUCTIONS_RETIRED	BUS_CYCLES	L1I_CACHE_ACCESS	PREDICTABLE_BRANCH_SPECULATIVELY_EXECUTED
6103808 srad_v1 1 1428 47 1.130000 0.539000  0.000010 0.000069 0.000038 0.000132 0.000000 0.000006 
6103808 srad_v1 1 1428 46 1.130000 1.232000  0.000020 0.000018 0.000049 0.000096 0.000052 0.000027 
6103808 srad_v1 1 1428 46 1.130000 0.694000  0.000020 0.000018 0.000048 0.000095 0.000052 0.000027 
6103936 srad_v1 1 1428 46 1.130000 0.540000  0.000019 0.000017 0.000047 0.000089 0.000048 0.000026 
6103936 srad_v1 1 1428 46 1.130000 1.311000  0.000004 0.000003 0.000010 0.000021 0.000013 0.000006 
6103936 srad_v1 1 1428 46 1.130000 0.540000  0.000020 0.000018 0.000048 0.000094 0.000051 0.000027 
6103936 srad_v1 1 1428 46 1.130000 0.617000  0.000019 0.000018 0.000048 0.000092 0.000051 0.000027 
6103936 srad_v1 1 1428 46 1.130000 0.770000  0.000021 0.000017 0.000049 0.000104 0.000055 0.000028 
6103936 srad_v1 1 1428 46 1.130000 0.539000  0.000019 0.000017 0.000046 0.000091 0.000048 0.000026 
6104064 srad_v1 1 1428 46 1.130000 0.540000  0.000019 0.000017 0.000048 0.000092 0.000051 0.000027 
6104064 srad_v1 1 1428 46 1.130000 0.694000  0.000020 0.000017 0.000048 0.000094 0.000050 0.000027 
6104064 srad_v1 1 1428 46 1.130000 0.540000  0.000023 0.000018 0.000050 0.000128 0.000061 0.000030 
6104064 srad_v1 1 1428 46 1.130000 1.464000  0.000021 0.000018 0.000050 0.000104 0.000056 0.000029 
6104064 srad_v1 1 1428 46 1.130000 0.539000  0.000018 0.000016 0.000046 0.000090 0.000047 0.000025 
6104064 srad_v1 1 1428 46 1.130000 1.233000  0.000019 0.000017 0.000047 0.000092 0.000050 0.000026 
6104192 srad_v1 1 1428 46 1.130000 0.772000  0.000021 0.000018 0.000049 0.000102 0.000054 0.000028 
6104192 srad_v1 1 1428 46 1.130000 0.540000  0.000022 0.000018 0.000049 0.000106 0.000056 0.000028 
6104192 srad_v1 1 1428 46 1.130000 1.697000  0.000021 0.000017 0.000048 0.000100 0.000053 0.000027 
6104192 srad_v1 1 1428 46 1.130000 0.771000  0.000018 0.000016 0.000045 0.000089 0.000047 0.000025 
6104192 srad_v1 1 1428 46 1.130000 1.003000  0.000021 0.000018 0.000049 0.000184 0.000077 0.000038 
6104320 srad_v1 1 1428 46 1.130000 0.540000  0.002841 0.013412 0.003492 0.013475 0.000001 0.000221 
6104320 srad_v1 1 1428 46 1.130000 0.771000  0.000022 0.000018 0.000051 0.000105 0.000056 0.000028 
6104320 srad_v1 1 1428 46 1.130000 1.080000  0.000020 0.000017 0.000047 0.000095 0.000050 0.000026 
6104320 srad_v1 1 1428 46 1.130000 0.539000  0.000019 0.000016 0.000045 0.000089 0.000047 0.000025 
6104320 srad_v1 1 1428 46 1.130000 0.847000  0.000028 0.000022 0.000057 0.000125 0.000060 0.000030 
6104320 srad_v1 1 1428 46 1.130000 0.539000  0.000019 0.000017 0.000047 0.000091 0.000050 0.000026 
6104448 srad_v1 1 1428 46 1.130000 0.616000  0.000021 0.000017 0.000048 0.000101 0.000054 0.000028 
6104448 srad_v1 1 1428 46 1.130000 1.621000  0.000019 0.000017 0.000046 0.000091 0.000049 0.000026 
6104448 srad_v1 1 1428 46 1.130000 0.540000  0.000018 0.000016 0.000045 0.000088 0.000047 0.000025 
6104448 srad_v1 1 1428 46 1.130000 0.770000  0.000019 0.000017 0.000046 0.000090 0.000049 0.000026 
6104448 srad_v1 1 1428 46 1.130000 0.540000  0.000020 0.000017 0.000046 0.000093 0.000049 0.000026 
6104448 srad_v1 1 1428 46 1.130000 1.542000  0.000019 0.000017 0.000046 0.000091 0.000049 0.000026 
6104576 srad_v1 1 1428 46 1.130000 1.544000  0.000010 0.000068 0.000042 0.000136 0.000000 0.000007 
6104576 srad_v1 1 1428 46 1.130000 0.539000  0.000018 0.000016 0.000044 0.000088 0.000046 0.000024 
6104576 srad_v1 1 1428 46 1.130000 1.311000  0.000019 0.000017 0.000046 0.000089 0.000049 0.000026 
6104576 srad_v1 1 1428 46 1.130000 0.770000  0.000020 0.000017 0.000046 0.000091 0.000049 0.000026 
6104576 srad_v1 1 1428 46 1.130000 0.539000  0.000018 0.000017 0.000046 0.000089 0.000048 0.000025 
6104704 srad_v1 1 1428 46 1.130000 1.389000  0.000020 0.000017 0.000046 0.000098 0.000053 0.000027 
6104704 srad_v1 1 1428 46 1.130000 0.616000  0.000018 0.000016 0.000044 0.000095 0.000046 0.000024 
6104704 srad_v1 1 1428 46 1.130000 0.694000  0.000019 0.000016 0.000045 0.000090 0.000048 0.000025 
6104704 srad_v1 1 1428 46 1.130000 0.539000  0.000018 0.000017 0.000045 0.000088 0.000048 0.000025 
6104704 srad_v1 1 1428 46 1.130000 0.540000  0.000018 0.000016 0.000045 0.000087 0.000048 0.000025 
6104704 srad_v1 1 1428 46 1.130000 1.466000  0.000019 0.000016 0.000045 0.000090 0.000048 0.000025 
6104832 srad_v1 1 1428 46 1.130000 0.539000  0.000018 0.000016 0.000043 0.000086 0.000045 0.000024 
6104832 srad_v1 1 1428 46 1.130000 1.157000  0.000021 0.000017 0.000048 0.000098 0.000052 0.000027 
6104832 srad_v1 1 1428 46 1.130000 0.694000  0.000019 0.000016 0.000045 0.000089 0.000048 0.000025 
6104832 srad_v1 1 1428 46 1.130000 0.540000  0.000018 0.000016 0.000045 0.000087 0.000048 0.000025 
6104832 srad_v1 1 1428 46 1.130000 1.465000  0.000033 0.000019 0.000050 0.000113 0.000055 0.000028 
6104832 srad_v1 1 1428 46 1.130000 0.539000  0.000017 0.000015 0.000043 0.000084 0.000044 0.000024 
6104960 srad_v1 1 1428 46 1.130000 2.083000  0.000023 0.000018 0.000048 0.000106 0.000052 0.000026 
6104960 srad_v1 1 1428 47 1.130000 1.542000  0.000018 0.000016 0.000044 0.000087 0.000047 0.000025 
6104960 srad_v1 1 1428 47 1.130000 1.928000  0.000018 0.000016 0.000044 0.000085 0.000047 0.000025 
6104960 srad_v1 1 1428 47 1.130000 2.236000  0.000461 0.000359 0.001012 0.002305 0.001165 0.000590 
6104960 srad_v1 1 1428 47 1.130000 1.310000  0.000017 0.000015 0.000042 0.000085 0.000044 0.000023 
6105088 srad_v1 1 1428 47 1.130000 1.541000  0.000019 0.000016 0.000057 0.000155 0.000057 0.000028 
6105088 srad_v1 1 1428 47 1.130000 0.923000  0.000019 0.000016 0.000044 0.000108 0.000049 0.000025 
6105088 srad_v1 1 1428 47 1.130000 1.308000  0.000019 0.000016 0.000045 0.000117 0.000052 0.000026 
6105088 srad_v1 1 1428 48 1.130000 1.231000  0.000078 0.000022 0.000056 0.000160 0.000058 0.000029 
6105088 srad_v1 1 1428 48 1.130000 1.077000  0.000022 0.000017 0.000051 0.000119 0.000053 0.000027 
6105088 srad_v1 1 1428 49 1.130000 1.231000  0.000017 0.000015 0.000048 0.000119 0.000051 0.000026 
6105216 srad_v1 1 1428 49 1.130000 1.077000  0.000020 0.000015 0.000046 0.000111 0.000045 0.000027 
6105216 srad_v1 1 1428 49 1.130000 1.385000  0.000019 0.000018 0.000052 0.000145 0.000055 0.000027 
6105216 srad_v1 1 1428 49 1.130000 1.543000  0.000023 0.000017 0.000046 0.000104 0.000051 0.000026 
6105216 srad_v1 1 1428 49 1.130000 1.695000  0.000021 0.000016 0.000045 0.000096 0.000051 0.000026 
6105344 srad_v1 1 1428 47 1.130000 2.159000  0.000017 0.000016 0.000043 0.000084 0.000046 0.000024 
6105344 srad_v1 1 1428 48 1.130000 1.542000  0.000022 0.000016 0.000045 0.000096 0.000050 0.000026 
