#Timestamp	Benchmark	Run(#)	CPU Frequency (MHz)	CPU Temperature(C)	CPU Voltage(V)	CPU Power(W)	CPU_CYCLES	L1_DATA_CACHE_ACCESS	INSTRUCTIONS_RETIRED	BUS_CYCLES	L1I_CACHE_ACCESS	PREDICTABLE_BRANCH_SPECULATIVELY_EXECUTED
5228032 hybridsort 1 1036 43 1.053000 1.310000  0.000025 0.000022 0.000078 0.000180 0.000078 0.000044 
5228032 hybridsort 1 1036 43 1.053000 0.385000  0.000028 0.000025 0.000066 0.000158 0.000072 0.000036 
5228032 hybridsort 1 1036 43 1.053000 0.925000  0.000051 0.000027 0.000075 0.000158 0.000077 0.000039 
5228032 hybridsort 1 1036 43 1.053000 1.233000  0.000028 0.000023 0.000064 0.000141 0.000071 0.000036 
5228160 hybridsort 1 1036 43 1.053000 0.385000  0.000026 0.000022 0.000059 0.000113 0.000061 0.000032 
5228160 hybridsort 1 1036 43 1.053000 1.079000  0.000024 0.000032 0.000077 0.000166 0.000091 0.000044 
5228160 hybridsort 1 1036 43 1.053000 0.385000  0.000027 0.000022 0.000060 0.000118 0.000061 0.000033 
5228160 hybridsort 1 1036 43 1.053000 0.848000  0.000030 0.000023 0.000064 0.000134 0.000071 0.000036 
5228160 hybridsort 1 1036 43 1.053000 0.849000  0.000024 0.000022 0.000060 0.000120 0.000064 0.000033 
5228288 hybridsort 1 1036 43 1.053000 1.078000  0.000027 0.000022 0.000062 0.000130 0.000068 0.000035 
5228288 hybridsort 1 1036 43 1.053000 1.465000  0.000025 0.000022 0.000061 0.000132 0.000067 0.000035 
5228288 hybridsort 1 1036 43 1.053000 0.925000  0.000022 0.000020 0.000056 0.000108 0.000058 0.000031 
5228288 hybridsort 1 1036 43 1.053000 1.156000  0.000023 0.000021 0.000058 0.000113 0.000062 0.000033 
5228288 hybridsort 1 1036 43 1.053000 0.925000  0.000024 0.000021 0.000058 0.000113 0.000062 0.000033 
5228288 hybridsort 1 1036 43 1.053000 1.001000  0.000023 0.000021 0.000058 0.000112 0.000062 0.000033 
5228416 hybridsort 1 1036 43 1.053000 1.543000  0.000024 0.000021 0.000058 0.000113 0.000061 0.000032 
5228416 hybridsort 1 1036 43 1.053000 0.924000  0.000022 0.000020 0.000056 0.000106 0.000057 0.000031 
5228416 hybridsort 1 1036 43 1.053000 1.387000  0.000023 0.000021 0.000058 0.000112 0.000061 0.000032 
5228416 hybridsort 1 1036 43 1.053000 0.926000  0.000022 0.000020 0.000057 0.000125 0.000059 0.000032 
5228416 hybridsort 1 1036 43 1.053000 1.387000  0.000023 0.000021 0.000062 0.000134 0.000067 0.000034 
5228544 hybridsort 1 1036 43 1.053000 0.925000  0.000023 0.000021 0.000058 0.000118 0.000062 0.000032 
5228544 hybridsort 1 1036 43 1.053000 0.925000  0.000029 0.000022 0.000061 0.000134 0.000068 0.000035 
5228544 hybridsort 1 1036 43 1.053000 1.464000  0.000023 0.000021 0.000058 0.000111 0.000060 0.000032 
5228544 hybridsort 1 1036 43 1.053000 0.926000  0.000035 0.000022 0.000059 0.000132 0.000061 0.000032 
5228544 hybridsort 1 1036 43 1.053000 1.233000  0.000023 0.000021 0.000057 0.000110 0.000061 0.000032 
5228544 hybridsort 1 1036 43 1.053000 1.079000  0.000024 0.000021 0.000058 0.000115 0.000061 0.000032 
5228672 hybridsort 1 1036 43 1.053000 0.926000  0.000030 0.000022 0.000061 0.000145 0.000068 0.000035 
5228672 hybridsort 1 1036 43 1.053000 1.312000  0.000025 0.000020 0.000059 0.000128 0.000065 0.000034 
5228672 hybridsort 1 1036 43 1.053000 1.004000  0.000022 0.000020 0.000055 0.000106 0.000056 0.000030 
5228672 hybridsort 1 1036 43 1.053000 1.310000  0.000023 0.000021 0.000057 0.000110 0.000060 0.000032 
5228672 hybridsort 1 1036 43 1.053000 0.925000  0.683848 0.206642 0.491714 0.683884 0.238043 0.111736 
5228672 hybridsort 1 1036 43 1.053000 1.309000  0.000006 0.000005 0.000015 0.000031 0.000019 0.000009 
5228800 hybridsort 1 1036 43 1.053000 0.848000  0.000023 0.000022 0.000062 0.000177 0.000066 0.000034 
5228800 hybridsort 1 1036 43 1.053000 1.155000  0.000025 0.000021 0.000058 0.000137 0.000062 0.000033 
5228800 hybridsort 1 1036 43 1.053000 1.233000  0.000023 0.000021 0.000057 0.000119 0.000062 0.000033 
5228800 hybridsort 1 1036 43 1.053000 0.924000  0.000030 0.000022 0.000060 0.000132 0.000065 0.000034 
5228800 hybridsort 1 1036 44 1.053000 0.924000  0.000024 0.000020 0.000057 0.000116 0.000060 0.000032 
5228928 hybridsort 1 1036 44 1.053000 0.847000  0.000023 0.000021 0.000057 0.000115 0.000060 0.000032 
5228928 hybridsort 1 1036 44 1.053000 1.155000  0.000022 0.000019 0.000054 0.000106 0.000056 0.000030 
5228928 hybridsort 1 1036 44 1.053000 0.847000  0.000023 0.000020 0.000056 0.000111 0.000060 0.000032 
5228928 hybridsort 1 1036 44 1.053000 0.539000  0.000023 0.000019 0.000054 0.000107 0.000058 0.000031 
5228928 hybridsort 1 1036 44 1.053000 0.539000  0.000020 0.000019 0.000054 0.000099 0.000055 0.000030 
5228928 hybridsort 1 1036 44 1.053000 0.925000  0.000020 0.000019 0.000054 0.000099 0.000055 0.000030 
5229056 hybridsort 1 1036 44 1.053000 0.462000  0.000021 0.000019 0.000054 0.000101 0.000055 0.000030 
5229056 hybridsort 1 1036 44 1.053000 0.616000  0.000029 0.000021 0.000059 0.000135 0.000070 0.000034 
5229056 hybridsort 1 1036 44 1.053000 0.924000  0.000024 0.000020 0.000056 0.000116 0.139299 0.073030 
5229056 hybridsort 1 1036 44 1.053000 1.311000  0.000006 0.000005 0.000015 0.000030 0.000019 0.000009 
5229056 hybridsort 1 1036 44 1.053000 0.616000  0.000027 0.000020 0.000057 0.000125 0.000062 0.000032 
5229184 hybridsort 1 1036 44 1.053000 0.616000  0.000022 0.000019 0.000054 0.000106 0.000055 0.000030 
5229184 hybridsort 1 1036 44 1.053000 0.770000  0.000027 0.000020 0.000057 0.000127 0.000063 0.000032 
5229184 hybridsort 1 1036 44 1.053000 0.693000  0.000023 0.000019 0.000053 0.000107 0.000055 0.000029 
5229184 hybridsort 1 1036 44 1.053000 0.924000  0.000030 0.000022 0.000060 0.000133 0.000066 0.000034 
5229184 hybridsort 1 1036 44 1.053000 1.156000  0.000024 0.000021 0.000058 0.000128 0.000064 0.000033 
5229184 hybridsort 1 1036 45 1.053000 0.847000  0.000020 0.000019 0.000053 0.000100 0.000054 0.000029 
5229312 hybridsort 1 1036 45 1.053000 0.539000  0.000020 0.000019 0.000053 0.000100 0.000054 0.000029 
5229312 hybridsort 1 1036 44 1.053000 0.539000  0.000020 0.000019 0.000053 0.000100 0.000054 0.000029 
5229312 hybridsort 1 1036 44 1.053000 0.539000  0.000025 0.000021 0.000056 0.000128 0.000059 0.000031 
5229312 hybridsort 1 1036 44 1.053000 1.387000  0.000007 0.000005 0.000014 0.000031 0.000018 0.000009 
5229312 hybridsort 1 1036 44 1.053000 1.155000  0.000028 0.000022 0.000057 0.000116 0.000061 0.000031 
5229440 hybridsort 1 1036 44 1.053000 0.616000  0.000021 0.000020 0.000055 0.000106 0.000058 0.000031 
5229440 hybridsort 1 1036 44 1.053000 1.156000  0.000022 0.000019 0.000053 0.000104 0.000054 0.000029 
5229440 hybridsort 1 1036 44 1.053000 1.078000  0.000025 0.000020 0.000056 0.000122 0.000062 0.000032 
5229440 hybridsort 1 1036 45 1.053000 0.616000  0.000021 0.000019 0.000052 0.000103 0.000057 0.000030 
5229440 hybridsort 1 1036 45 1.053000 0.847000  0.000029 0.000020 0.000057 0.000125 0.000061 0.000032 
5229440 hybridsort 1 1036 44 1.053000 0.924000  0.000021 0.000019 0.000052 0.000102 0.000053 0.000029 
5229568 hybridsort 1 1036 44 1.053000 0.770000  0.000019 0.000019 0.000052 0.000096 0.000053 0.000029 
5229568 hybridsort 1 1036 44 1.053000 0.539000  0.000020 0.000018 0.000052 0.000097 0.000053 0.000029 
5229568 hybridsort 1 1036 44 1.053000 0.539000  0.000021 0.000018 0.000052 0.000098 0.000053 0.000029 
5229568 hybridsort 1 1036 44 1.053000 0.924000  0.000028 0.000020 0.000056 0.000136 0.000064 0.000032 
5229568 hybridsort 1 1036 44 1.053000 1.078000  0.000006 0.000005 0.000014 0.000029 0.000018 0.000009 
5229568 hybridsort 1 1036 44 1.053000 1.001000  0.239011 0.092247 0.235049 0.239080 0.099327 0.051711 
5229696 hybridsort 1 1036 45 1.053000 0.539000  0.000006 0.000005 0.000014 0.000029 0.000018 0.000009 
5229696 hybridsort 1 1036 45 1.053000 0.539000  0.000025 0.000020 0.000056 0.000124 0.000062 0.000032 
5229696 hybridsort 1 1036 45 1.053000 1.078000  0.000021 0.000018 0.000052 0.000105 0.000053 0.000029 
5229696 hybridsort 1 1036 45 1.053000 0.770000  0.000023 0.000019 0.000054 0.000106 0.000057 0.000030 
5229696 hybridsort 1 1036 45 1.053000 0.770000  0.000023 0.000018 0.000051 0.000103 0.000053 0.000028 
5229824 hybridsort 1 1036 45 1.053000 0.539000  0.000020 0.000018 0.000051 0.000100 0.000052 0.000028 
5229824 hybridsort 1 1036 45 1.053000 0.847000  0.000025 0.000021 0.000056 0.000118 0.000061 0.000031 
5229824 hybridsort 1 1036 45 1.053000 0.539000  0.000021 0.000018 0.000051 0.000097 0.000052 0.000028 
5229824 hybridsort 1 1036 45 1.053000 0.539000  0.000019 0.000018 0.000051 0.000097 0.000053 0.000028 
5229824 hybridsort 1 1036 44 1.053000 0.539000  0.000024 0.000019 0.000052 0.000118 0.000053 0.000028 
5229824 hybridsort 1 1036 44 1.053000 1.001000  0.000026 0.000020 0.000055 0.000118 0.000059 0.000031 
