#Timestamp	Benchmark	Run(#)	CPU Frequency (MHz)	CPU Temperature(C)	CPU Voltage(V)	CPU Power(W)	CPU_CYCLES	L1_DATA_CACHE_ACCESS	INSTRUCTIONS_RETIRED	BUS_CYCLES	L1I_CACHE_ACCESS	PREDICTABLE_BRANCH_SPECULATIVELY_EXECUTED
5234688 nw 1 1036 44 1.053000 1.311000  0.000017 0.000014 0.000051 0.000168 0.000059 0.000026 
5234688 nw 1 1036 43 1.053000 1.234000  0.000004 0.000003 0.000010 0.000020 0.000013 0.000006 
5234688 nw 1 1036 43 1.053000 1.387000  0.000018 0.000014 0.000040 0.000090 0.000044 0.000023 
5234688 nw 1 1036 43 1.053000 0.847000  0.000015 0.000013 0.000037 0.000078 0.000038 0.000020 
5234688 nw 1 1036 43 1.053000 1.158000  0.000017 0.000014 0.000040 0.000084 0.000043 0.000022 
5234816 nw 1 1036 43 1.053000 1.002000  0.000016 0.000014 0.000038 0.000076 0.000041 0.000021 
5234816 nw 1 1036 43 1.053000 1.003000  0.000018 0.000014 0.000040 0.000087 0.000044 0.000022 
5234816 nw 1 1036 43 1.053000 1.543000  0.000017 0.000014 0.000039 0.000084 0.000043 0.000022 
5234816 nw 1 1036 43 1.053000 1.002000  0.000015 0.000013 0.000037 0.000071 0.000038 0.000020 
5234816 nw 1 1036 43 1.053000 1.389000  0.000016 0.000014 0.000038 0.000220 0.000124 0.000061 
5234816 nw 1 1036 43 1.053000 1.311000  0.000017 0.000014 0.000040 0.000088 0.000044 0.000023 
5234944 nw 1 1036 43 1.053000 1.079000  0.000017 0.000014 0.000040 0.000102 0.000045 0.000023 
5234944 nw 1 1036 43 1.053000 1.387000  0.000147 0.000083 0.000227 0.000674 0.000241 0.000108 
5234944 nw 1 1036 44 1.053000 1.233000  0.000017 0.000013 0.000048 0.000178 0.000052 0.000024 
5234944 nw 1 1036 44 1.053000 1.232000  0.000016 0.000014 0.000038 0.000076 0.000040 0.000021 
5234944 nw 1 1036 43 1.053000 1.464000  0.000016 0.000014 0.000038 0.000075 0.000040 0.000021 
