#Timestamp	Benchmark	Run(#)	CPU Frequency (MHz)	CPU Temperature(C)	CPU Voltage(V)	CPU Power(W)	CPU_CYCLES	L1_DATA_CACHE_ACCESS	INSTRUCTIONS_RETIRED	BUS_CYCLES	L1I_CACHE_ACCESS	PREDICTABLE_BRANCH_SPECULATIVELY_EXECUTED
3038976 nw 1 307 36 0.842000 0.385000  0.000005 0.000005 0.000013 0.000026 0.000017 0.000008 
3038976 nw 1 307 36 0.842000 0.694000  0.003379 0.001381 0.003213 0.003398 0.001469 0.000700 
3039104 nw 1 307 36 0.842000 0.540000  0.000018 0.000017 0.000048 0.000090 0.000049 0.000027 
3039104 nw 1 307 37 0.842000 0.462000  0.000022 0.000019 0.000051 0.000097 0.000053 0.000028 
3039104 nw 1 307 37 0.842000 0.462000  0.002286 0.008030 0.002747 0.008108 0.000001 0.000123 
3039104 nw 1 307 36 0.842000 0.539000  0.000022 0.000020 0.000052 0.000105 0.000055 0.000028 
3039104 nw 1 307 36 0.842000 0.462000  0.000025 0.000019 0.000054 0.000110 0.000059 0.000030 
3039232 nw 1 307 36 0.842000 0.539000  0.000025 0.000019 0.000058 0.000130 0.000058 0.000030 
3039232 nw 1 307 36 0.842000 0.462000  0.000023 0.000019 0.000051 0.000098 0.000052 0.000027 
3039232 nw 1 307 36 0.842000 0.540000  0.000019 0.000017 0.000048 0.000092 0.000049 0.000026 
3039232 nw 1 307 36 0.842000 0.616000  0.000018 0.000017 0.000048 0.000091 0.000049 0.000026 
3039360 nw 1 307 36 0.842000 0.616000  0.003969 0.015086 0.004871 0.015154 0.000003 0.000267 
3039360 nw 1 307 36 0.842000 0.463000  0.000010 0.000058 0.000038 0.000122 0.000000 0.000007 
3039360 nw 1 307 36 0.842000 0.616000  0.000022 0.000027 0.000065 0.000150 0.000074 0.000041 
3039360 nw 1 307 36 0.842000 0.617000  0.000016 0.000015 0.000042 0.000080 0.000043 0.000023 
3039488 nw 1 307 36 0.842000 0.539000  0.000024 0.000018 0.000056 0.000124 0.000059 0.000030 
3039488 nw 1 307 36 0.842000 0.462000  0.000019 0.000017 0.000048 0.000090 0.000049 0.000026 
3039488 nw 1 307 36 0.842000 0.462000  0.003511 0.001305 0.002758 0.003529 0.001413 0.000645 
3039488 nw 1 307 37 0.842000 0.694000  0.000019 0.000017 0.000048 0.000093 0.000049 0.000026 
3039488 nw 1 307 36 0.842000 0.693000  0.000023 0.000019 0.000068 0.000232 0.000087 0.000039 
3039616 nw 1 307 36 0.842000 0.385000  0.000018 0.000017 0.000048 0.000090 0.000048 0.000026 
3039616 nw 1 307 36 0.842000 0.539000  0.000020 0.000018 0.000064 0.000129 0.000075 0.000037 
3039616 nw 1 307 36 0.842000 0.616000  0.003897 0.014751 0.004730 0.014870 0.000002 0.000316 
3039616 nw 1 307 36 0.842000 0.463000  0.000018 0.000016 0.000043 0.000084 0.000046 0.000024 
3039616 nw 1 307 36 0.842000 0.540000  0.000022 0.000018 0.000050 0.000109 0.000054 0.000028 
3039744 nw 1 307 36 0.842000 0.539000  0.000026 0.000018 0.000051 0.000111 0.000057 0.000029 
3039744 nw 1 307 37 0.842000 0.616000  0.000019 0.000018 0.000049 0.000096 0.000052 0.000027 
3039744 nw 1 307 37 0.842000 0.462000  4.715487 2.702795 6.061447 4.716636 2.087063 0.670035 
3039744 nw 1 307 36 0.842000 0.540000  0.001180 0.001057 0.002892 0.005712 0.003767 0.001879 
3039872 nw 1 307 36 0.842000 0.462000  0.000005 0.000005 0.000013 0.000025 0.000016 0.000008 
3039872 nw 1 307 36 0.842000 0.616000  0.000023 0.000019 0.000052 0.000107 0.000056 0.000029 
3039872 nw 1 307 36 0.842000 0.540000  0.000019 0.000017 0.000047 0.000095 0.000049 0.000026 
3039872 nw 1 307 36 0.842000 0.540000  0.011559 0.043476 0.014690 0.043558 0.000011 0.000876 
3040000 nw 1 307 37 0.842000 0.385000  0.011855 0.044664 0.015042 0.044730 0.000011 0.000904 
3040000 nw 1 307 37 0.842000 0.616000  0.000018 0.000016 0.000043 0.000116 0.000057 0.000028 
3040000 nw 1 307 37 0.842000 0.617000  0.000016 0.000015 0.000041 0.000080 0.000042 0.000023 
3040000 nw 1 307 36 0.842000 0.539000  0.013798 0.052803 0.017427 0.052991 0.000014 0.001081 
3040000 nw 1 307 36 0.842000 0.463000  0.000017 0.000015 0.000041 0.000081 0.000042 0.000023 
3040128 nw 1 307 36 0.842000 0.539000  0.000010 0.000058 0.000054 0.000169 0.000000 0.000009 
3040128 nw 1 307 36 0.842000 0.540000  0.000010 0.000056 0.000037 0.000121 0.000000 0.000007 
3040128 nw 1 307 37 0.842000 0.540000  0.000011 0.000771 0.000474 0.000843 0.000000 0.000019 
