#Timestamp	Benchmark	Run(#)	CPU Frequency (MHz)	CPU Temperature(C)	CPU Voltage(V)	CPU Power(W)	CPU_CYCLES	L1_DATA_CACHE_ACCESS	INSTRUCTIONS_RETIRED	BUS_CYCLES	L1I_CACHE_ACCESS	PREDICTABLE_BRANCH_SPECULATIVELY_EXECUTED
6302976 srad_v2 1 1632 49 1.188000 2.543000  0.000022 0.000018 0.000048 0.000107 0.000054 0.000028 
6494208 srad_v2 1 1632 49 1.188000 2.466000  0.000006 0.000005 0.000016 0.000032 0.000020 0.000010 
6494208 srad_v2 1 1632 49 1.188000 1.771000  0.000026 0.000022 0.000061 0.000133 0.000070 0.000036 
6494208 srad_v2 1 1632 49 1.188000 0.694000  0.000023 0.000020 0.000057 0.000111 0.000059 0.000032 
6494208 srad_v2 1 1632 49 1.188000 2.232000  0.000028 0.000022 0.000061 0.000138 0.000069 0.000035 
6494208 srad_v2 1 1632 49 1.188000 1.619000  0.000033 0.000025 0.000066 0.000187 0.000071 0.000035 
6494208 srad_v2 1 1632 49 1.188000 2.236000  0.000027 0.000022 0.000062 0.000135 0.000069 0.000035 
6494336 srad_v2 1 1632 49 1.188000 1.928000  0.000026 0.000021 0.000059 0.000118 0.000062 0.000033 
6494336 srad_v2 1 1632 49 1.188000 1.850000  0.000023 0.000020 0.000056 0.000110 0.000059 0.000031 
6494336 srad_v2 1 1632 49 1.188000 2.776000  0.000024 0.000021 0.000058 0.000117 0.000062 0.000033 
6494336 srad_v2 1 1632 49 1.188000 1.928000  0.000035 0.000023 0.000062 0.000143 0.000068 0.000034 
6494336 srad_v2 1 1632 48 1.188000 2.313000  0.000028 0.000022 0.000062 0.000137 0.000067 0.000034 
6494336 srad_v2 1 1632 49 1.188000 3.083000  0.000024 0.000027 0.000070 0.000174 0.000073 0.000037 
6494464 srad_v2 1 1632 49 1.188000 2.005000  0.000022 0.000020 0.000056 0.000110 0.000057 0.000031 
6494464 srad_v2 1 1632 48 1.188000 2.543000  0.000033 0.000021 0.000060 0.000141 0.000068 0.000034 
6494464 srad_v2 1 1632 48 1.188000 1.850000  0.000024 0.000021 0.000058 0.000114 0.000065 0.000033 
6494464 srad_v2 1 1632 48 1.188000 1.850000  0.000024 0.000021 0.000057 0.000113 0.000061 0.000032 
6494464 srad_v2 1 1632 48 1.188000 2.542000  0.000030 0.000021 0.000059 0.000132 0.000064 0.000033 
6494592 srad_v2 1 1632 49 1.188000 2.005000  0.000024 0.000020 0.000055 0.000112 0.000057 0.000030 
6494592 srad_v2 1 1632 49 1.188000 2.699000  0.000023 0.000021 0.000057 0.000112 0.000061 0.000032 
6494592 srad_v2 1 1632 49 1.188000 2.005000  0.000025 0.000021 0.000057 0.000115 0.000061 0.000032 
6494592 srad_v2 1 1632 48 1.188000 1.928000  0.000024 0.000021 0.000057 0.000112 0.000060 0.000032 
6494592 srad_v2 1 1632 48 1.188000 2.543000  0.000024 0.000021 0.000057 0.000111 0.000060 0.000032 
6494592 srad_v2 1 1632 48 1.188000 1.928000  0.000039 0.000020 0.000055 0.000130 0.000058 0.000031 
6494720 srad_v2 1 1632 48 1.188000 2.236000  0.000034 0.000022 0.000059 0.000135 0.000066 0.000033 
6494720 srad_v2 1 1632 49 1.188000 1.928000  0.000025 0.000020 0.000059 0.000174 0.000064 0.000032 
6494720 srad_v2 1 1632 49 1.188000 2.005000  0.000029 0.000021 0.000057 0.000127 0.000063 0.000032 
6494720 srad_v2 1 1632 49 1.188000 3.237000  0.000025 0.000020 0.000057 0.000129 0.000064 0.000032 
6494720 srad_v2 1 1632 49 1.188000 2.082000  0.000022 0.000019 0.000052 0.000107 0.000055 0.000029 
6494720 srad_v2 1 1632 49 1.188000 2.235000  0.000029 0.000020 0.000056 0.000127 0.000063 0.000032 
6494848 srad_v2 1 1632 49 1.188000 2.005000  0.000023 0.000019 0.000052 0.000105 0.000054 0.000029 
6494848 srad_v2 1 1632 49 1.188000 1.308000  0.000024 0.000019 0.000054 0.000123 0.000058 0.000031 
6494848 srad_v2 1 1632 50 1.188000 2.003000  0.000022 0.000018 0.000052 0.000105 0.000053 0.000029 
6494848 srad_v2 1 1632 50 1.188000 1.692000  0.000027 0.000020 0.000055 0.000136 0.000058 0.000031 
6494848 srad_v2 1 1632 50 1.188000 1.773000  0.000007 0.000005 0.000014 0.000031 0.000018 0.000009 
6494976 srad_v2 1 1632 50 1.188000 2.929000  0.000030 0.000021 0.000057 0.000128 0.000064 0.000032 
