#Timestamp	Benchmark	Run(#)	CPU Frequency (MHz)	CPU Temperature(C)	CPU Voltage(V)	CPU Power(W)	CPU_CYCLES	L1_DATA_CACHE_ACCESS	INSTRUCTIONS_RETIRED	BUS_CYCLES	L1I_CACHE_ACCESS	PREDICTABLE_BRANCH_SPECULATIVELY_EXECUTED
5191040 heartwall 1 1036 44 1.053000 1.927000  0.000609 0.000432 0.001173 0.002609 0.001286 0.000665 
5191040 heartwall 1 1036 44 1.053000 1.312000  0.000464 0.000391 0.001069 0.002173 0.001152 0.000601 
5191040 heartwall 1 1036 44 1.053000 0.847000  0.000424 0.000378 0.001341 0.002668 0.001548 0.000761 
5191040 heartwall 1 1036 44 1.053000 1.773000  0.035126 0.104295 0.038444 0.104425 0.000005 0.001757 
5191168 heartwall 1 1036 44 1.053000 0.925000  0.000392 0.000354 0.000975 0.001902 0.001036 0.000544 
5191168 heartwall 1 1036 44 1.053000 1.156000  0.000408 0.000344 0.000949 0.002002 0.001056 0.000546 
5191168 heartwall 1 1036 44 1.053000 1.002000  0.000479 0.000330 0.000946 0.002262 0.000973 0.000511 
5191168 heartwall 1 1036 44 1.053000 1.233000  0.000461 0.000350 0.000956 0.002037 0.001031 0.000531 
5191168 heartwall 1 1036 44 1.053000 0.926000  0.000350 0.000302 0.000845 0.001632 0.000861 0.000466 
5191296 heartwall 1 1036 45 1.053000 1.001000  0.000332 0.000294 0.000828 0.001603 0.000843 0.000455 
5191296 heartwall 1 1036 45 1.053000 0.924000  0.000306 0.000291 0.000818 0.001548 0.000837 0.000450 
5191296 heartwall 1 1036 46 1.053000 0.461000  0.001298 0.000453 0.001085 0.002655 0.001267 0.000618 
5191296 heartwall 1 1036 46 1.053000 0.693000  0.000363 0.000284 0.000793 0.001621 0.000823 0.000438 
5191296 heartwall 1 1036 46 1.053000 0.462000  0.000306 0.000276 0.000771 0.001471 0.000860 0.000448 
5191296 heartwall 1 1036 46 1.053000 0.924000  0.000336 0.000291 0.000794 0.001586 0.000847 0.000445 
5191424 heartwall 1 1036 47 1.053000 0.539000  0.000316 0.000269 0.000752 0.001479 0.000776 0.000417 
5191424 heartwall 1 1036 47 1.053000 1.308000  0.000285 0.000261 0.000734 0.001439 0.000747 0.000405 
5191424 heartwall 1 1036 46 1.053000 0.539000  0.000272 0.000259 0.000726 0.001389 0.000744 0.000400 
5191424 heartwall 1 1036 47 1.053000 0.539000  0.000388 0.000291 0.000790 0.001710 0.000875 0.000442 
5191424 heartwall 1 1036 47 1.053000 0.924000  0.000277 0.000251 0.000770 0.004121 0.001120 0.000545 
5191552 heartwall 1 1036 47 1.053000 0.847000  0.000279 0.000249 0.000695 0.001327 0.000711 0.000384 
5191552 heartwall 1 1036 47 1.053000 0.538000  0.000259 0.000246 0.000688 0.001296 0.000702 0.000380 
5191552 heartwall 1 1036 47 1.053000 0.538000  0.000255 0.000243 0.000682 0.001262 0.000690 0.000376 
5191552 heartwall 1 1036 47 1.053000 0.539000  0.000290 0.000250 0.000696 0.001551 0.000765 0.000405 
5191552 heartwall 1 1036 47 1.053000 1.154000  0.000269 0.000234 0.000656 0.001340 0.000672 0.000362 
5191552 heartwall 1 1036 47 1.053000 0.461000  0.000253 0.000232 0.000649 0.001244 0.000669 0.000359 
5191680 heartwall 1 1036 47 1.053000 0.461000  0.000245 0.000230 0.000644 0.001211 0.000657 0.000356 
5191680 heartwall 1 1036 47 1.053000 0.615000  0.000248 0.000228 0.000638 0.001201 0.000655 0.000353 
5191680 heartwall 1 1036 47 1.053000 1.001000  0.000314 0.000237 0.000653 0.001412 0.000695 0.000365 
5191680 heartwall 1 1036 47 1.053000 0.923000  0.000252 0.000221 0.000616 0.001201 0.000640 0.000342 
5191680 heartwall 1 1036 47 1.053000 0.538000  0.000359 0.000239 0.000649 0.001356 0.000655 0.000347 
5191808 heartwall 1 1036 47 1.053000 1.000000  0.000230 0.000216 0.000605 0.001130 0.000618 0.000334 
5191808 heartwall 1 1036 47 1.053000 0.538000  0.000228 0.000215 0.000600 0.001119 0.000613 0.000332 
5191808 heartwall 1 1036 47 1.053000 1.230000  0.000311 0.000228 0.000636 0.001446 0.000692 0.000356 
5191808 heartwall 1 1036 47 1.053000 1.308000  0.000237 0.000203 0.000570 0.001094 0.000582 0.000314 
5191808 heartwall 1 1036 47 1.053000 0.538000  0.000215 0.000202 0.000566 0.001059 0.000577 0.000312 
5191808 heartwall 1 1036 47 1.053000 0.538000  0.000210 0.000200 0.000561 0.001045 0.000574 0.000310 
5191936 heartwall 1 1036 47 1.053000 0.539000  0.000225 0.000209 0.000579 0.001125 0.000606 0.000322 
5191936 heartwall 1 1036 47 1.053000 1.077000  0.000256 0.000213 0.000588 0.001269 0.000637 0.000341 
5191936 heartwall 1 1036 47 1.053000 1.462000  0.000209 0.000195 0.000546 0.001030 0.000557 0.000301 
5191936 heartwall 1 1036 47 1.053000 0.538000  0.000206 0.000193 0.000541 0.001019 0.000554 0.000298 
5191936 heartwall 1 1036 47 1.053000 0.538000  0.000202 0.000192 0.000537 0.001002 0.000550 0.000296 
5191936 heartwall 1 1036 48 1.053000 0.616000  0.000269 0.000196 0.000565 0.001466 0.000609 0.000503 
5192064 heartwall 1 1036 47 1.053000 1.077000  0.000220 0.000187 0.000527 0.001049 0.000536 0.000290 
5192064 heartwall 1 1036 47 1.053000 0.923000  0.000199 0.000186 0.000523 0.000974 0.000531 0.000287 
5192064 heartwall 1 1036 47 1.053000 0.538000  0.000194 0.000184 0.000519 0.000955 0.000528 0.000285 
5192064 heartwall 1 1036 47 1.053000 0.539000  0.000197 0.000183 0.000515 0.000965 0.000526 0.000284 
5192064 heartwall 1 1036 48 1.053000 0.538000  0.000315 0.000210 0.000569 0.001300 0.000613 0.000313 
5192192 heartwall 1 1036 48 1.053000 1.000000  0.000207 0.000180 0.000504 0.000999 0.000544 0.000285 
5192192 heartwall 1 1036 48 1.053000 0.770000  0.000191 0.000178 0.000499 0.000946 0.000513 0.000275 
5192192 heartwall 1 1036 48 1.053000 0.538000  0.000191 0.000177 0.000495 0.000922 0.000503 0.000273 
5192192 heartwall 1 1036 47 1.053000 0.539000  0.000186 0.000175 0.000492 0.000919 0.000502 0.000271 
5192192 heartwall 1 1036 47 1.053000 0.539000  0.000218 0.000189 0.000521 0.001158 0.000581 0.000296 
5192192 heartwall 1 1036 47 1.053000 1.000000  0.000196 0.000172 0.000483 0.000950 0.000494 0.000266 
5192320 heartwall 1 1036 48 1.053000 0.616000  0.000185 0.000171 0.000479 0.000909 0.000491 0.000264 
5192320 heartwall 1 1036 48 1.053000 0.539000  0.000182 0.000169 0.000475 0.000892 0.000483 0.000261 
5192320 heartwall 1 1036 48 1.053000 0.539000  0.000181 0.000200 0.000526 0.001059 0.000525 0.000276 
5192320 heartwall 1 1036 48 1.053000 0.616000  0.000250 0.000192 0.000518 0.001137 0.000572 0.000292 
5192320 heartwall 1 1036 48 1.053000 0.924000  0.000187 0.000165 0.000464 0.000906 0.000472 0.000256 
5192320 heartwall 1 1036 48 1.053000 0.539000  0.000175 0.000164 0.000460 0.000856 0.000470 0.000254 
5192448 heartwall 1 1036 48 1.053000 0.539000  0.000174 0.000163 0.000458 0.000870 0.000467 0.000252 
5192448 heartwall 1 1036 48 1.053000 0.539000  0.000193 0.000172 0.000473 0.000917 0.000504 0.000306 
5192448 heartwall 1 1036 48 1.053000 0.616000  0.000185 0.000161 0.000450 0.000881 0.000466 0.000251 
5192448 heartwall 1 1036 48 1.053000 1.541000  0.000175 0.000156 0.000435 0.000850 0.000449 0.000253 
5192448 heartwall 1 1036 48 1.053000 0.616000  0.000164 0.000154 0.000431 0.000806 0.000438 0.000238 
5192576 heartwall 1 1036 48 1.053000 0.539000  0.000160 0.000153 0.000429 0.000819 0.000440 0.000238 
5192576 heartwall 1 1036 48 1.053000 0.846000  0.000159 0.000152 0.000426 0.000791 0.000435 0.000236 
5192576 heartwall 1 1036 48 1.053000 1.079000  0.000184 0.000159 0.000440 0.000871 0.000465 0.000247 
5192576 heartwall 1 1036 48 1.053000 1.001000  0.000169 0.000149 0.000418 0.000820 0.000427 0.000230 
5192576 heartwall 1 1036 48 1.053000 0.539000  0.000156 0.000147 0.000416 0.000781 0.000425 0.000228 
5192576 heartwall 1 1036 48 1.053000 0.770000  0.000163 0.000147 0.000412 0.000808 0.000425 0.000227 
5192704 heartwall 1 1036 48 1.053000 0.538000  0.000153 0.000146 0.000409 0.000774 0.000416 0.000226 
5192704 heartwall 1 1036 48 1.053000 0.925000  0.001240 0.000905 0.002480 0.005721 0.002771 0.001473 
5192704 heartwall 1 1036 48 1.053000 1.615000  0.000165 0.000141 0.000393 0.000793 0.000405 0.000217 
5192704 heartwall 1 1036 48 1.053000 0.846000  0.000145 0.000139 0.000391 0.000727 0.000398 0.000215 
5192704 heartwall 1 1036 48 1.053000 0.538000  0.000145 0.000138 0.000389 0.000741 0.000396 0.000215 
5192832 heartwall 1 1036 48 1.053000 0.538000  0.000192 0.000161 0.000436 0.000949 0.000475 0.000243 
5192832 heartwall 1 1036 48 1.053000 1.000000  0.000212 0.000148 0.000410 0.000978 0.000453 0.000233 
5192832 heartwall 1 1036 48 1.053000 1.539000  0.000156 0.000136 0.000380 0.000731 0.000388 0.000210 
5192832 heartwall 1 1036 48 1.053000 0.538000  0.000188 0.000144 0.000394 0.000819 0.000398 0.000212 
5192832 heartwall 1 1036 48 1.053000 0.538000  0.000206 0.000158 0.000428 0.000943 0.000464 0.000234 
5192832 heartwall 1 1036 48 1.053000 0.538000  0.000192 0.000167 0.000439 0.001120 0.000471 0.000240 
5192960 heartwall 1 1036 48 1.053000 1.384000  0.000158 0.000132 0.000371 0.000728 0.000379 0.000205 
5192960 heartwall 1 1036 48 1.053000 1.000000  0.000223 0.000148 0.000399 0.000869 0.000400 0.000211 
5192960 heartwall 1 1036 48 1.053000 0.538000  0.000139 0.000131 0.000367 0.000687 0.000374 0.000202 
5192960 heartwall 1 1036 48 1.053000 0.615000  0.000150 0.000138 0.000383 0.000751 0.000406 0.000213 
5192960 heartwall 1 1036 48 1.053000 0.538000  0.000173 0.000149 0.000398 0.000840 0.000426 0.000219 
5192960 heartwall 1 1036 48 1.053000 1.616000  0.000146 0.000129 0.000361 0.000703 0.000368 0.000216 
5193088 heartwall 1 1036 48 1.053000 0.923000  0.000140 0.000128 0.000359 0.000683 0.000364 0.000197 
5193088 heartwall 1 1036 48 1.053000 0.538000  0.000138 0.000127 0.000356 0.000670 0.000363 0.000196 
5193088 heartwall 1 1036 48 1.053000 0.539000  0.000153 0.000130 0.000364 0.000741 0.000390 0.000204 
5193088 heartwall 1 1036 48 1.053000 0.616000  0.000164 0.000136 0.000381 0.000984 0.000427 0.000218 
5193088 heartwall 1 1036 48 1.053000 1.461000  0.000141 0.000124 0.000349 0.000680 0.000354 0.000192 
5193216 heartwall 1 1036 48 1.053000 0.770000  0.000134 0.000123 0.000346 0.000657 0.000352 0.000191 
5193216 heartwall 1 1036 48 1.053000 0.538000  0.000130 0.000123 0.000344 0.000647 0.000353 0.000190 
5193216 heartwall 1 1036 48 1.053000 0.539000  0.000129 0.000123 0.000343 0.000640 0.000351 0.000190 
5193216 heartwall 1 1036 48 1.053000 0.539000  0.000165 0.000133 0.000374 0.000820 0.000405 0.000207 
5193216 heartwall 1 1036 48 1.053000 0.538000  0.000131 0.000121 0.000339 0.000651 0.000348 0.000188 
5193216 heartwall 1 1036 48 1.053000 1.153000  0.000127 0.000121 0.000338 0.000635 0.000345 0.000186 
5193344 heartwall 1 1036 48 1.053000 0.539000  0.000129 0.000120 0.000336 0.000629 0.000344 0.000186 
5193344 heartwall 1 1036 48 1.053000 0.538000  0.000126 0.000120 0.000334 0.000624 0.000340 0.000185 
5193344 heartwall 1 1036 48 1.053000 0.616000  0.000077 0.000063 0.000172 0.000370 0.000190 0.000096 
5193344 heartwall 1 1036 47 1.053000 0.925000  0.000209 0.000124 0.000348 0.000856 0.000384 0.000197 
