#Timestamp	Benchmark	Run(#)	CPU Frequency (MHz)	CPU Temperature(C)	CPU Voltage(V)	CPU Power(W)	CPU_CYCLES	L1_DATA_CACHE_ACCESS	INSTRUCTIONS_RETIRED	BUS_CYCLES	L1I_CACHE_ACCESS	PREDICTABLE_BRANCH_SPECULATIVELY_EXECUTED
6483200 hotspot 1 1632 48 1.188000 1.926000  0.000029 0.000017 0.000048 0.000116 0.000051 0.000027 
6483328 hotspot 1 1632 48 1.188000 0.692000  0.000020 0.000018 0.000049 0.000101 0.000054 0.000028 
6483328 hotspot 1 1632 48 1.188000 1.312000  0.000020 0.000017 0.000047 0.000093 0.000049 0.000026 
6483328 hotspot 1 1632 48 1.188000 0.771000  0.000829 0.005216 0.001063 0.005257 0.000000 0.000065 
6483328 hotspot 1 1632 48 1.188000 1.543000  0.000018 0.000017 0.000060 0.000142 0.000073 0.000035 
6483328 hotspot 1 1632 48 1.188000 0.771000  0.000029 0.000025 0.000069 0.000137 0.000074 0.000039 
6483456 hotspot 1 1632 48 1.188000 0.694000  0.000023 0.000018 0.000049 0.000103 0.000054 0.000027 
6483456 hotspot 1 1632 48 1.188000 0.848000  0.000023 0.000018 0.000049 0.000106 0.000054 0.000028 
6483456 hotspot 1 1632 48 1.188000 0.694000  0.000019 0.000016 0.000044 0.000088 0.000046 0.000025 
6483456 hotspot 1 1632 48 1.188000 0.694000  0.000022 0.000018 0.000049 0.000104 0.000055 0.000028 
6483456 hotspot 1 1632 48 1.188000 0.694000  0.000020 0.000017 0.000046 0.000092 0.000049 0.000026 
6483456 hotspot 1 1632 48 1.188000 0.694000  0.000020 0.000017 0.000047 0.000099 0.000052 0.000027 
6483584 hotspot 1 1632 48 1.188000 1.928000  0.000022 0.000018 0.000053 0.000118 0.000056 0.000028 
6483584 hotspot 1 1632 48 1.188000 1.775000  0.000023 0.000018 0.000050 0.000105 0.000054 0.000028 
6483584 hotspot 1 1632 48 1.188000 1.774000  0.000021 0.000017 0.000048 0.000109 0.000053 0.000027 
6483584 hotspot 1 1632 49 1.188000 3.083000  0.000020 0.000017 0.000046 0.000092 0.000049 0.000026 
6483584 hotspot 1 1632 49 1.188000 1.928000  0.000018 0.000016 0.000044 0.000086 0.000046 0.000025 
6483584 hotspot 1 1632 49 1.188000 2.620000  0.000020 0.000017 0.000046 0.000093 0.000049 0.000026 
6483712 hotspot 1 1632 49 1.188000 1.850000  0.000025 0.000018 0.000049 0.000113 0.000054 0.000027 
6483712 hotspot 1 1632 49 1.188000 1.851000  0.000024 0.000018 0.000048 0.000103 0.000051 0.000026 
6483712 hotspot 1 1632 49 1.188000 1.773000  0.000021 0.000017 0.000046 0.000096 0.000049 0.000026 
6483712 hotspot 1 1632 49 1.188000 1.774000  0.000018 0.000016 0.000044 0.000085 0.000045 0.000024 
6483712 hotspot 1 1632 49 1.188000 2.854000  0.000022 0.000018 0.000048 0.000104 0.000053 0.000027 
6483712 hotspot 1 1632 49 1.188000 1.930000  0.000020 0.000016 0.000045 0.000091 0.000048 0.000025 
6483840 hotspot 1 1632 49 1.188000 2.547000  0.000019 0.000024 0.000058 0.000148 0.000067 0.000037 
6483840 hotspot 1 1632 49 1.188000 3.083000  0.000029 0.000024 0.000067 0.000145 0.000073 0.000038 
6483840 hotspot 1 1632 49 1.188000 1.926000  0.000018 0.000017 0.000046 0.000123 0.000048 0.000025 
6483840 hotspot 1 1632 49 1.188000 2.622000  0.000024 0.000018 0.000047 0.000105 0.000052 0.000027 
6483840 hotspot 1 1632 49 1.188000 1.774000  0.000018 0.000015 0.000043 0.000086 0.000045 0.000024 
6483968 hotspot 1 1632 49 1.188000 2.079000  0.000018 0.000016 0.000045 0.000094 0.000048 0.000025 
6483968 hotspot 1 1632 49 1.188000 1.775000  0.000021 0.000016 0.000046 0.000100 0.000050 0.000026 
6483968 hotspot 1 1632 49 1.188000 1.774000  0.000022 0.000016 0.000046 0.000097 0.000048 0.000025 
6483968 hotspot 1 1632 49 1.188000 3.236000  -0.116464 2.644812 2.660514 -0.116374 -0.093917 0.664934 
6483968 hotspot 1 1632 49 1.188000 1.618000  0.000030 0.000021 0.000054 0.000117 0.000052 0.000027 
6484096 hotspot 1 1632 49 1.188000 2.468000  0.000020 0.000016 0.000046 0.000101 0.000051 0.000026 
6484096 hotspot 1 1632 49 1.188000 1.928000  0.000017 0.000015 0.000042 0.000081 0.000043 0.000023 
6484096 hotspot 1 1632 49 1.188000 2.544000  0.000019 0.000017 0.000046 0.000100 0.000050 0.000026 
6484096 hotspot 1 1632 49 1.188000 1.928000  0.000018 0.000016 0.000044 0.000085 0.000047 0.000025 
6484096 hotspot 1 1632 49 1.188000 2.235000  0.000017 0.000016 0.000044 0.000085 0.000047 0.000025 
6484096 hotspot 1 1632 49 1.188000 2.700000  0.000019 0.000016 0.000045 0.000097 0.000049 0.000025 
6484224 hotspot 1 1632 49 1.188000 2.005000  0.000017 0.000015 0.000042 0.000081 0.000043 0.000023 
6484224 hotspot 1 1632 49 1.188000 2.622000  0.000020 0.000016 0.000045 0.000094 0.000049 0.000025 
6484224 hotspot 1 1632 49 1.188000 2.082000  0.006257 0.026249 0.007108 0.026292 0.000001 0.000451 
6484224 hotspot 1 1632 49 1.188000 2.005000  0.000022 0.000017 0.000046 0.000100 0.000050 0.000026 
6484224 hotspot 1 1632 49 1.188000 3.006000  0.000019 0.000016 0.000046 0.000099 0.000049 0.000026 
6484352 hotspot 1 1632 49 1.188000 1.928000  0.000078 0.000023 0.000078 0.000355 0.000085 0.000038 
6484352 hotspot 1 1632 49 1.188000 1.925000  0.000019 0.000016 0.000045 0.000099 0.000050 0.000025 
6484352 hotspot 1 1632 49 1.188000 1.928000  0.000020 0.000017 0.000045 0.000101 0.000051 0.000026 
6484352 hotspot 1 1632 49 1.188000 1.927000  0.000020 0.000016 0.000044 0.000095 0.000048 0.000025 
6484352 hotspot 1 1632 49 1.188000 2.698000  0.000026 0.000022 0.000061 0.000122 0.000065 0.000034 
6484352 hotspot 1 1632 49 1.188000 0.770000  0.000018 0.000016 0.000043 0.000180 0.000327 0.000137 
6484480 hotspot 1 1632 48 1.188000 0.694000  0.000017 0.000016 0.000056 0.000117 0.000057 0.000032 
6484480 hotspot 1 1632 48 1.188000 1.926000  0.000018 0.000016 0.000043 0.000085 0.000046 0.000024 
6484480 hotspot 1 1632 48 1.188000 0.771000  0.000018 0.000016 0.000043 0.000086 0.000045 0.000024 
