#Timestamp	Benchmark	Run(#)	CPU Frequency (MHz)	CPU Temperature(C)	CPU Voltage(V)	CPU Power(W)	CPU_CYCLES	L1_DATA_CACHE_ACCESS	INSTRUCTIONS_RETIRED	BUS_CYCLES	L1I_CACHE_ACCESS	PREDICTABLE_BRANCH_SPECULATIVELY_EXECUTED
3545088 particle_filter 1 518 38 0.880000 0.770000  0.000004 0.000003 0.000010 0.000022 0.000013 0.000006 
3545088 particle_filter 1 518 38 0.880000 0.925000  0.000016 0.000014 0.000038 0.000077 0.000041 0.000022 
3545088 particle_filter 1 518 38 0.880000 0.770000  0.000014 0.000014 0.000038 0.000078 0.000039 0.000021 
3545088 particle_filter 1 518 38 0.880000 0.694000  0.000015 0.000014 0.000038 0.000072 0.000040 0.000021 
3545216 particle_filter 1 518 38 0.880000 0.462000  0.000014 0.000013 0.000037 0.000069 0.000038 0.000020 
3545216 particle_filter 1 518 38 0.880000 0.616000  0.000019 0.000015 0.000040 0.000085 0.000044 0.000022 
3545216 particle_filter 1 518 38 0.880000 0.462000  0.000014 0.000014 0.000039 0.000081 0.000040 0.000021 
3545216 particle_filter 1 518 38 0.880000 0.693000  0.000042 0.000037 0.000103 0.000201 0.000110 0.000057 
3545216 particle_filter 1 518 38 0.880000 0.694000  0.000004 0.000004 0.000011 0.000022 0.000013 0.000006 
3545344 particle_filter 1 518 38 0.880000 0.616000  0.000015 0.000014 0.000038 0.000073 0.000042 0.000022 
3545344 particle_filter 1 518 38 0.880000 0.693000  0.000018 0.000015 0.000041 0.000091 0.000044 0.000023 
3545344 particle_filter 1 518 38 0.880000 0.847000  0.000015 0.000014 0.000038 0.000075 0.000040 0.000021 
3545344 particle_filter 1 518 38 0.880000 0.770000  0.000017 0.000020 0.000049 0.000124 0.000057 0.000028 
3545344 particle_filter 1 518 38 0.880000 0.771000  0.000016 0.000016 0.000043 0.000098 0.000048 0.000023 
3545472 particle_filter 1 518 38 0.880000 0.924000  0.040251 0.009992 0.022303 0.040426 0.012884 0.004667 
3545472 particle_filter 1 518 38 0.880000 0.693000  0.000015 0.000013 0.000036 0.000069 0.000037 0.000021 
3545472 particle_filter 1 518 38 0.880000 0.540000  0.000015 0.000014 0.000038 0.000072 0.000040 0.000021 
3545472 particle_filter 1 518 38 0.880000 0.539000  0.043865 0.010958 0.024272 0.044012 0.014106 0.005174 
3545472 particle_filter 1 518 38 0.880000 0.693000  0.000010 0.000009 0.000026 0.000050 0.000032 0.000016 
3545600 particle_filter 1 518 38 0.880000 0.617000  0.000038 0.000034 0.000094 0.000180 0.000097 0.000052 
3545600 particle_filter 1 518 38 0.880000 0.693000  0.000038 0.000035 0.000098 0.000184 0.000103 0.000055 
3545600 particle_filter 1 518 38 0.880000 0.539000  0.000015 0.000013 0.000038 0.000081 0.000040 0.000021 
3545600 particle_filter 1 518 38 0.880000 0.694000  0.000015 0.000016 0.000042 0.000108 0.000046 0.000023 
3545600 particle_filter 1 518 38 0.880000 0.463000  0.000014 0.000013 0.000036 0.000070 0.000039 0.000021 
3545600 particle_filter 1 518 38 0.880000 0.616000  0.068858 0.092368 0.224483 0.569442 0.267902 0.129431 
3545728 particle_filter 1 518 38 0.880000 0.772000  0.008229 0.007526 0.020790 0.042012 0.021217 0.011349 
3545728 particle_filter 1 518 38 0.880000 0.616000  0.273156 0.074371 0.177837 0.273410 0.100266 0.036287 
3545728 particle_filter 1 518 38 0.880000 0.770000  0.004545 0.004400 0.012138 0.025994 0.012753 0.006815 
3545728 particle_filter 1 518 38 0.880000 0.770000  0.003754 0.003310 0.009180 0.018392 0.009655 0.005106 
3545728 particle_filter 1 518 38 0.880000 0.771000  0.003312 0.002724 0.007564 0.014650 0.007714 0.004124 
3545856 particle_filter 1 518 38 0.880000 0.694000  0.000648 0.000622 0.001780 0.003432 0.002257 0.001109 
3545856 particle_filter 1 518 38 0.880000 0.617000  0.002488 0.002461 0.006463 0.015209 0.007270 0.003605 
3545856 particle_filter 1 518 38 0.880000 0.770000  0.002064 0.001910 0.005277 0.010018 0.005546 0.002944 
3545856 particle_filter 1 518 38 0.880000 0.462000  0.056796 0.016509 0.040750 0.056933 0.022231 0.009466 
3545856 particle_filter 1 518 38 0.880000 0.771000  0.001925 0.001781 0.004880 0.009361 0.005198 0.002727 
3545984 particle_filter 1 518 38 0.880000 0.616000  0.001556 0.001504 0.004260 0.007867 0.004293 0.002340 
3545984 particle_filter 1 518 38 0.880000 0.771000  0.014481 0.006563 0.013064 0.027771 0.011435 0.005646 
3545984 particle_filter 1 518 38 0.880000 0.462000  0.001487 0.001309 0.003638 0.007090 0.003794 0.403511 
3545984 particle_filter 1 518 38 0.880000 0.849000  0.001455 0.001331 0.003554 0.008151 0.003872 0.001954 
3545984 particle_filter 1 518 38 0.880000 0.539000  0.001156 0.001055 0.002970 0.005973 0.003091 0.001663 
3546112 particle_filter 1 518 38 0.880000 0.693000  0.000052 0.000045 0.000124 0.000269 0.000137 0.000071 
3546112 particle_filter 1 518 38 0.880000 0.694000  0.001126 0.000879 0.002472 0.005090 0.002606 0.001371 
3546112 particle_filter 1 518 38 0.880000 0.694000  0.001047 0.000867 0.002395 0.005045 0.002668 0.001406 
3546112 particle_filter 1 518 38 0.880000 0.694000  0.000802 0.000732 0.002050 0.004148 0.002178 0.001172 
3546112 particle_filter 1 518 38 0.880000 0.617000  0.000934 0.000790 0.002226 0.004649 0.002484 0.001478 
3546240 particle_filter 1 518 38 0.880000 0.771000  0.000724 0.000729 0.002013 0.003950 0.002351 0.001307 
3546240 particle_filter 1 518 37 0.880000 0.617000  0.000766 0.000686 0.001890 0.003608 0.002012 0.001056 
3546240 particle_filter 1 518 37 0.880000 0.772000  0.000698 0.000639 0.001764 0.003952 0.002030 0.001028 
3546240 particle_filter 1 518 38 0.880000 0.771000  0.000844 0.000656 0.001767 0.003881 0.001981 0.000997 
3546240 particle_filter 1 518 38 0.880000 0.462000  0.000651 0.000592 0.001626 0.003108 0.001808 0.000934 
3546240 particle_filter 1 518 38 0.880000 0.462000  0.000749 0.000611 0.001693 0.003565 0.001874 0.000957 
3546368 particle_filter 1 518 38 0.880000 0.694000  0.000605 0.000552 0.001597 0.003310 0.001651 0.000929 
3546368 particle_filter 1 518 38 0.880000 0.463000  0.000549 0.000515 0.001442 0.002729 0.001473 0.000797 
3546368 particle_filter 1 518 37 0.880000 0.693000  0.000582 0.000530 0.001466 0.002821 0.001550 0.000819 
3546368 particle_filter 1 518 37 0.880000 0.463000  0.000524 0.000487 0.001368 0.002616 0.001395 0.000756 
3546368 particle_filter 1 518 37 0.880000 0.616000  0.000657 0.000568 0.001545 0.003398 0.001712 0.000853 
3546496 particle_filter 1 518 38 0.880000 0.616000  0.000532 0.000474 0.001312 0.002525 0.001352 0.000732 
3546496 particle_filter 1 518 38 0.880000 0.847000  0.000587 0.000470 0.001477 0.003583 0.001598 0.000812 
3546496 particle_filter 1 518 38 0.880000 0.770000  0.000555 0.000442 0.001247 0.002558 0.001267 0.000676 
3546496 particle_filter 1 518 38 0.880000 0.847000  0.000057 0.000044 0.000122 0.000267 0.000139 0.000071 
3546624 particle_filter 1 518 38 0.880000 0.693000  0.000047 0.000041 0.000114 0.000228 0.000120 0.000063 
3546624 particle_filter 1 518 38 0.880000 0.693000  0.000048 0.000044 0.000128 0.000267 0.000139 0.000070 
3546624 particle_filter 1 518 38 0.880000 0.771000  0.000047 0.000043 0.000118 0.000231 0.000126 0.000066 
3546624 particle_filter 1 518 38 0.880000 0.694000  0.000055 0.000046 0.000126 0.000262 0.000138 0.000071 
3546624 particle_filter 1 518 37 0.880000 0.693000  0.000048 0.000043 0.000118 0.000227 0.000127 0.000066 
3546752 particle_filter 1 518 37 0.880000 0.694000  0.000047 0.067341 0.177114 0.267440 0.098238 0.036261 
3546752 particle_filter 1 518 38 0.880000 0.771000  0.000036 0.000031 0.000084 0.000173 0.000092 0.000047 
3546752 particle_filter 1 518 38 0.880000 0.540000  0.000374 0.000262 0.000729 0.001611 0.000772 0.000401 
3546752 particle_filter 1 518 38 0.880000 0.693000  0.000333 0.000263 0.000718 0.001719 0.000828 0.000412 
3546752 particle_filter 1 518 38 0.880000 0.617000  0.000314 0.000245 0.000671 0.001408 0.000698 0.000371 
3546752 particle_filter 1 518 38 0.880000 0.848000  0.000269 0.000240 0.000661 0.001300 0.000695 0.000369 
3546880 particle_filter 1 518 38 0.880000 0.925000  0.000251 0.000233 0.000652 0.001276 0.000678 0.000357 
3546880 particle_filter 1 518 38 0.880000 0.616000  0.001408 0.000554 0.001306 0.002679 0.001174 0.000577 
3546880 particle_filter 1 518 38 0.880000 0.771000  0.000241 0.000226 0.000639 0.001289 0.000661 0.000351 
3546880 particle_filter 1 518 38 0.880000 0.617000  0.000250 0.000229 0.000630 0.001209 0.000674 0.000352 
3546880 particle_filter 1 518 38 0.880000 0.617000  0.000244 0.000220 0.000618 0.001301 0.000676 0.000352 
3547008 particle_filter 1 518 38 0.880000 0.617000  0.000063 0.000055 0.000159 0.000314 0.000201 0.000098 
3547008 particle_filter 1 518 38 0.880000 0.771000  0.000232 0.000218 0.000597 0.001185 0.000613 0.000329 
3547008 particle_filter 1 518 38 0.880000 0.694000  0.000234 0.000214 0.000603 0.001218 0.000633 0.000336 
3547008 particle_filter 1 518 38 0.880000 0.772000  0.000230 0.000211 0.000584 0.001175 0.000637 0.000337 
3547008 particle_filter 1 518 38 0.880000 0.540000  0.000289 0.000228 0.000617 0.001311 0.000680 0.000348 
3547136 particle_filter 1 518 38 0.880000 0.770000  0.000251 0.000219 0.000598 0.001236 0.000661 0.000342 
3547136 particle_filter 1 518 38 0.880000 0.770000  0.000208 0.000193 0.000546 0.001042 0.000556 0.000407 
3547136 particle_filter 1 518 38 0.880000 0.693000  0.000065 0.000051 0.000157 0.000358 0.000197 0.000093 
3547136 particle_filter 1 518 38 0.880000 0.770000  0.000219 0.000192 0.000536 0.001038 0.000553 0.000296 
3547136 particle_filter 1 518 38 0.880000 0.925000  0.000364 0.000245 0.000672 0.001628 0.000716 0.000364 
3547264 particle_filter 1 518 38 0.880000 0.617000  0.000205 0.000186 0.000524 0.001003 0.000532 0.000288 
3547264 particle_filter 1 518 38 0.880000 0.770000  0.000514 0.000253 0.000661 0.001538 0.000699 0.000346 
3547264 particle_filter 1 518 38 0.880000 0.539000  0.000210 0.000763 0.001670 0.004220 0.001368 0.000591 
3547264 particle_filter 1 518 38 0.880000 0.847000  0.000211 0.000190 0.000670 0.001404 0.000685 0.000382 
3547264 particle_filter 1 518 38 0.880000 0.540000  0.000040 0.000038 0.000104 0.000201 0.000108 0.000058 
3547392 particle_filter 1 518 38 0.880000 0.617000  0.000050 0.000041 0.000111 0.000225 0.000114 0.000060 
3547392 particle_filter 1 518 38 0.880000 0.463000  0.000043 0.000039 0.000108 0.000206 0.000115 0.000061 
3547392 particle_filter 1 518 38 0.880000 0.540000  0.000050 0.000042 0.000116 0.000240 0.000126 0.000065 
3547392 particle_filter 1 518 38 0.880000 0.694000  0.000041 0.000039 0.000107 0.000206 0.000112 0.000060 
3547392 particle_filter 1 518 38 0.880000 0.540000  0.000040 0.000037 0.000103 0.000194 0.000106 0.000057 
3547520 particle_filter 1 518 38 0.880000 0.693000  0.000049 0.000041 0.000112 0.000239 0.000124 0.000064 
3547520 particle_filter 1 518 38 0.880000 0.540000  0.000042 0.000037 0.000103 0.000201 0.000106 0.000057 
3547520 particle_filter 1 518 38 0.880000 0.694000  0.000044 0.000039 0.000107 0.000293 0.000142 0.000070 
3547520 particle_filter 1 518 38 0.880000 0.616000  0.000042 0.000037 0.000106 0.000215 0.000109 0.000058 
3547520 particle_filter 1 518 38 0.880000 0.771000  0.000023 0.000169 0.000103 0.000319 0.000000 0.000016 
3547648 particle_filter 1 518 38 0.880000 0.694000  0.000135 0.000131 0.000359 0.000708 0.000367 0.000198 
3547648 particle_filter 1 518 38 0.880000 0.616000  0.000140 0.000159 0.000421 0.000810 0.000412 0.000223 
3547648 particle_filter 1 518 38 0.880000 0.771000  0.000137 0.000122 0.000340 0.000653 0.000354 0.000188 
3547648 particle_filter 1 518 38 0.880000 0.694000  0.000173 0.000137 0.000379 0.000803 0.000416 0.000212 
3547648 particle_filter 1 518 38 0.880000 0.539000  0.000148 0.000119 0.000353 0.000887 0.000384 0.000215 
3547776 particle_filter 1 518 38 0.880000 0.849000  0.000165 0.000138 0.000377 0.000773 0.000403 0.000206 
3547776 particle_filter 1 518 38 0.880000 0.463000  0.000127 0.000115 0.000323 0.000637 0.000331 0.000178 
3547776 particle_filter 1 518 38 0.880000 0.694000  0.000135 0.000122 0.000334 0.000645 0.000357 0.000187 
3547776 particle_filter 1 518 38 0.880000 0.463000  0.016139 0.058497 0.019334 0.058770 0.000006 0.001079 
3547776 particle_filter 1 518 38 0.880000 0.693000  0.000129 0.000121 0.000332 0.000625 0.000349 0.000185 
3547776 particle_filter 1 518 38 0.880000 0.463000  0.000157 0.000136 0.000355 0.000744 0.000377 0.000191 
3547904 particle_filter 1 518 38 0.880000 0.617000  0.000031 0.000030 0.000085 0.000167 0.000108 0.000053 
3547904 particle_filter 1 518 38 0.880000 0.617000  0.000161 0.000128 0.000358 0.000801 0.000389 0.000193 
3547904 particle_filter 1 518 38 0.880000 0.462000  0.000144 0.000123 0.000339 0.000708 0.000374 0.000193 
3547904 particle_filter 1 518 38 0.880000 0.771000  0.000122 0.000111 0.000311 0.000607 0.000321 0.000172 
3547904 particle_filter 1 518 37 0.880000 0.616000  0.000173 0.000134 0.000368 0.000855 0.000400 0.000203 
3548032 particle_filter 1 518 37 0.880000 0.771000  0.000127 0.000115 0.000319 0.000625 0.000337 0.000177 
3548032 particle_filter 1 518 38 0.880000 0.694000  0.000132 0.000119 0.000335 0.000720 0.000356 0.000182 
3548032 particle_filter 1 518 38 0.880000 0.616000  0.037689 0.009906 0.023415 0.037731 0.012367 0.005237 
3548032 particle_filter 1 518 38 0.880000 0.694000  0.000120 0.000108 0.000303 0.000574 0.000313 0.000168 
3548032 particle_filter 1 518 37 0.880000 0.694000  0.000127 0.000114 0.000311 0.000613 0.000333 0.000174 
3548160 particle_filter 1 518 37 0.880000 0.463000  0.000116 0.000106 0.000297 0.000559 0.000303 0.000164 
3548160 particle_filter 1 518 37 0.880000 0.693000  0.000153 0.000122 0.000327 0.000688 0.000361 0.000184 
3548160 particle_filter 1 518 37 0.880000 0.540000  0.000116 0.000108 0.000300 0.000618 0.000313 0.000166 
3548160 particle_filter 1 518 38 0.880000 0.694000  0.000119 0.000110 0.000304 0.000576 0.000318 0.000169 
3548160 particle_filter 1 518 37 0.880000 0.540000  0.000040 0.000035 0.000098 0.000191 0.000102 0.000054 
3548288 particle_filter 1 518 37 0.880000 0.694000  0.000149 0.000117 0.000314 0.000668 0.000347 0.000179 
3548288 particle_filter 1 518 38 0.880000 0.770000  0.000128 0.000108 0.000296 0.000609 0.000315 0.000165 
3548288 particle_filter 1 518 38 0.880000 0.695000  0.000118 0.000107 0.000294 0.000568 0.000313 0.000165 
3548288 particle_filter 1 518 38 0.880000 0.848000  0.000160 0.000165 0.000431 0.001252 0.000445 0.000211 
3548288 particle_filter 1 518 38 0.880000 0.616000  0.000129 0.000111 0.000310 0.000636 0.000335 0.000172 
3548416 particle_filter 1 518 38 0.880000 0.770000  0.000156 0.000114 0.000311 0.000676 0.000346 0.000174 
3548416 particle_filter 1 518 38 0.880000 0.539000  0.000105 0.000098 0.000275 0.000523 0.000282 0.000152 
3548416 particle_filter 1 518 38 0.880000 0.617000  0.000128 0.000108 0.000298 0.000620 0.000331 0.000171 
3548416 particle_filter 1 518 38 0.880000 0.462000  0.000129 0.000106 0.000300 0.000676 0.000311 0.000162 
3548416 particle_filter 1 518 37 0.880000 0.693000  0.000126 0.000102 0.000282 0.000582 0.000296 0.000157 
3548544 particle_filter 1 518 37 0.880000 0.694000  0.049403 0.179216 0.058180 0.179328 0.000031 0.003385 
3548544 particle_filter 1 518 37 0.880000 0.617000  0.000120 0.000105 0.000294 0.000626 0.000330 0.000168 
3548544 particle_filter 1 518 38 0.880000 0.463000  0.000104 0.000095 0.000275 0.000554 0.000288 0.000152 
3548544 particle_filter 1 518 38 0.880000 0.693000  0.000840 0.000375 0.000845 0.001577 0.000739 0.000344 
3548544 particle_filter 1 518 38 0.880000 0.771000  0.000109 0.000099 0.000274 0.000532 0.000292 0.000153 
3548672 particle_filter 1 518 37 0.880000 0.463000  0.000141 0.000109 0.000301 0.000668 0.000317 0.000160 
3548672 particle_filter 1 518 37 0.880000 0.772000  0.000031 0.000025 0.000070 0.000148 0.000091 0.000076 
3548672 particle_filter 1 518 38 0.880000 0.617000  0.000102 0.000092 0.000258 0.000499 0.000266 0.000142 
3548672 particle_filter 1 518 38 0.880000 0.694000  0.000127 0.000108 0.000292 0.000756 0.000342 0.000170 
3548672 particle_filter 1 518 37 0.880000 0.770000  0.000140 0.000102 0.000291 0.000680 0.000304 0.000158 
3548800 particle_filter 1 518 37 0.880000 0.694000  0.000279 0.000130 0.000322 0.000859 0.000357 0.000172 
