#Timestamp	Benchmark	Run(#)	CPU Frequency (MHz)	CPU Temperature(C)	CPU Voltage(V)	CPU Power(W)	CPU_CYCLES	L1_DATA_CACHE_ACCESS	INSTRUCTIONS_RETIRED	BUS_CYCLES	L1I_CACHE_ACCESS	PREDICTABLE_BRANCH_SPECULATIVELY_EXECUTED
4471168 kmeans 1 710 41 0.919000 0.693000  0.000160 0.000120 0.000335 0.000743 0.000345 0.000185 
4471168 kmeans 1 710 41 0.919000 1.080000  0.000018 0.000116 0.000052 0.000164 0.000000 0.000006 
4471168 kmeans 1 710 41 0.919000 0.694000  0.000147 0.000122 0.000341 0.000699 0.000355 0.000185 
4471168 kmeans 1 710 41 0.919000 0.848000  0.000147 0.000124 0.000348 0.000743 0.000396 0.000199 
4471168 kmeans 1 710 41 0.919000 0.693000  0.000134 0.000120 0.000328 0.000659 0.000351 0.000183 
4471296 kmeans 1 710 41 0.919000 0.617000  0.000156 0.000123 0.000346 0.000733 0.000390 0.000198 
4471296 kmeans 1 710 41 0.919000 0.925000  0.000136 0.000118 0.000329 0.000678 0.000362 0.000187 
4471296 kmeans 1 710 41 0.919000 0.694000  0.000122 0.000109 0.000306 0.000600 0.000313 0.000228 
4471296 kmeans 1 710 41 0.919000 0.848000  0.000147 0.000121 0.000331 0.000703 0.000367 0.000188 
4471296 kmeans 1 710 41 0.919000 0.694000  0.000136 0.000110 0.000312 0.001572 0.000597 0.000282 
4471424 kmeans 1 710 41 0.919000 0.847000  0.000026 0.000163 0.000106 0.000366 0.000000 0.000019 
4471424 kmeans 1 710 41 0.919000 0.694000  0.000125 0.000111 0.000303 0.000599 0.000325 0.000169 
4471424 kmeans 1 710 40 0.919000 0.693000  0.000121 0.000109 0.000302 0.000580 0.000319 0.000168 
4471424 kmeans 1 710 40 0.919000 1.002000  0.000149 0.000114 0.000315 0.000675 0.000348 0.000179 
4471424 kmeans 1 710 40 0.919000 0.616000  0.000123 0.000109 0.000298 0.000589 0.000319 0.000167 
4471424 kmeans 1 710 41 0.919000 1.235000  0.028246 0.009073 0.020676 0.028375 0.010345 0.004618 
4471552 kmeans 1 710 41 0.919000 0.617000  0.000110 0.000100 0.000280 0.000532 0.000290 0.000155 
4471552 kmeans 1 710 41 0.919000 0.925000  0.000114 0.000104 0.000287 0.000554 0.000304 0.000160 
4471552 kmeans 1 710 40 0.919000 0.616000  0.000135 0.000101 0.000286 0.000609 0.000301 0.000159 
4471552 kmeans 1 710 40 0.919000 0.849000  0.000124 0.000117 0.000320 0.000740 0.000350 0.000176 
4471552 kmeans 1 710 40 0.919000 0.617000  0.000135 0.000103 0.000284 0.000656 0.000309 0.000160 
4471680 kmeans 1 710 40 0.919000 0.848000  0.000128 0.000111 0.000300 0.000610 0.000317 0.000166 
4471680 kmeans 1 710 41 0.919000 0.925000  0.000106 0.000097 0.000271 0.000520 0.000276 0.000149 
4471680 kmeans 1 710 41 0.919000 0.847000  0.000797 0.000601 0.001636 0.003677 0.003469 0.001753 
4471680 kmeans 1 710 41 0.919000 0.770000  0.000109 0.000100 0.000356 0.000721 0.000411 0.000202 
4471680 kmeans 1 710 40 0.919000 0.694000  0.000035 0.000302 0.000142 0.000569 0.000000 0.000024 
4471808 kmeans 1 710 40 0.919000 0.847000  0.000131 0.000106 0.000294 0.000629 0.000325 0.000166 
4471808 kmeans 1 710 40 0.919000 0.617000  0.000108 0.000099 0.000273 0.000525 0.000289 0.000153 
4471808 kmeans 1 710 40 0.919000 0.616000  0.000105 0.000144 0.000351 0.000695 0.000406 0.000199 
4471808 kmeans 1 710 40 0.919000 0.926000  0.000108 0.000145 0.000347 0.000731 0.000411 0.000198 
4471808 kmeans 1 710 40 0.919000 0.617000  0.000106 0.000095 0.000268 0.000559 0.000276 0.000147 
4471936 kmeans 1 710 40 0.919000 0.925000  0.000150 0.000109 0.000313 0.000740 0.000332 0.000165 
4471936 kmeans 1 710 40 0.919000 0.847000  0.000125 0.000103 0.000272 0.000534 0.000300 0.000153 
4471936 kmeans 1 710 40 0.919000 0.847000  0.000101 0.000095 0.000262 0.000500 0.000275 0.000146 
4471936 kmeans 1 710 40 0.919000 0.925000  0.000103 0.000095 0.000260 0.000497 0.000277 0.000146 
4471936 kmeans 1 710 40 0.919000 0.616000  0.000099 0.000101 0.000269 0.000578 0.000300 0.000153 
4471936 kmeans 1 710 40 0.919000 1.003000  0.000103 0.000092 0.000256 0.000494 0.000270 0.000142 
4472064 kmeans 1 710 40 0.919000 0.616000  0.000098 0.000088 0.000246 0.000468 0.000254 0.000136 
4472064 kmeans 1 710 40 0.919000 1.002000  0.000100 0.000095 0.000441 0.001273 0.000454 0.000202 
4472064 kmeans 1 710 40 0.919000 0.693000  0.000118 0.000092 0.000252 0.000543 0.000262 0.000140 
4472064 kmeans 1 710 40 0.919000 0.848000  0.000119 0.000100 0.000275 0.000573 0.000298 0.000154 
4472064 kmeans 1 710 40 0.919000 0.924000  0.000113 0.000096 0.000254 0.000509 0.000261 0.000137 
4472192 kmeans 1 710 40 0.919000 0.849000  0.000095 0.000090 0.000249 0.000473 0.000263 0.000139 
4472192 kmeans 1 710 40 0.919000 1.002000  0.000099 0.000090 0.000246 0.000482 0.000263 0.000137 
4472192 kmeans 1 710 40 0.919000 0.770000  0.000118 0.000095 0.000259 0.000548 0.000289 0.000148 
4472192 kmeans 1 710 40 0.919000 0.925000  0.000115 0.000093 0.000258 0.000562 0.000286 0.000147 
4472192 kmeans 1 710 40 0.919000 0.616000  0.000093 0.000083 0.000245 0.000503 0.000251 0.000132 
4472192 kmeans 1 710 40 0.919000 0.849000  0.000096 0.000088 0.000312 0.000631 0.000312 0.000178 
4472320 kmeans 1 710 40 0.919000 0.616000  0.000095 0.000087 0.000239 0.000464 0.000255 0.000133 
4472320 kmeans 1 710 40 0.919000 0.693000  0.000095 0.000086 0.000238 0.000456 0.000251 0.000133 
4472320 kmeans 1 710 40 0.919000 1.001000  0.000096 0.000085 0.000235 0.000457 0.000253 0.000132 
4472320 kmeans 1 710 40 0.919000 0.617000  0.000090 0.000188 0.000406 0.001537 0.000527 0.000228 
4472320 kmeans 1 710 40 0.919000 0.694000  0.000092 0.000085 0.000233 0.000450 0.000247 0.000130 
4472448 kmeans 1 710 40 0.919000 0.617000  0.000088 0.000079 0.000227 0.000479 0.000242 0.000126 
4472448 kmeans 1 710 40 0.919000 0.925000  0.000111 0.000101 0.000269 0.000624 0.000293 0.000146 
4472448 kmeans 1 710 40 0.919000 0.617000  0.000088 0.000081 0.000226 0.000526 0.000246 0.000128 
4472448 kmeans 1 710 40 0.919000 0.694000  0.000110 0.000090 0.000249 0.000522 0.000271 0.000140 
4472448 kmeans 1 710 40 0.919000 0.617000  0.000094 0.000083 0.000228 0.000449 0.000244 0.000128 
4472576 kmeans 1 710 40 0.919000 0.770000  0.000090 0.000121 0.000294 0.000711 0.000339 0.000186 
4472576 kmeans 1 710 40 0.919000 1.002000  0.000092 0.000082 0.000225 0.000445 0.000241 0.000127 
4472576 kmeans 1 710 40 0.919000 0.616000  0.000086 0.000078 0.000216 0.000415 0.000222 0.000119 
4472576 kmeans 1 710 40 0.919000 1.003000  0.000090 0.000095 0.000246 0.000613 0.000272 0.000141 
4472576 kmeans 1 710 40 0.919000 0.616000  0.000106 0.000079 0.000223 0.000472 0.000235 0.000123 
4472576 kmeans 1 710 40 0.919000 0.849000  0.000090 0.000081 0.000222 0.000500 0.000258 0.000132 
4472704 kmeans 1 710 40 0.919000 0.617000  0.000091 0.000081 0.000221 0.000436 0.000237 0.000124 
4472704 kmeans 1 710 40 0.919000 0.846000  0.000097 0.000083 0.000230 0.000475 0.000252 0.000129 
4472704 kmeans 1 710 40 0.919000 1.003000  0.000087 0.000079 0.000282 0.000597 0.000288 0.000161 
4472704 kmeans 1 710 40 0.919000 0.694000  0.000085 0.000076 0.000209 0.000406 0.000220 0.000117 
4472704 kmeans 1 710 40 0.919000 0.925000  0.000085 0.000079 0.000217 0.000418 0.000230 0.000121 
4472832 kmeans 1 710 40 0.919000 1.003000  0.000099 0.000078 0.000220 0.000446 0.000227 0.000118 
4472832 kmeans 1 710 40 0.919000 0.847000  0.000158 0.000087 0.000230 0.000527 0.000264 0.000133 
4472832 kmeans 1 710 40 0.919000 1.157000  0.000086 0.000077 0.000213 0.000418 0.000224 0.000119 
4472832 kmeans 1 710 40 0.919000 1.003000  0.000083 0.000077 0.000212 0.000405 0.000225 0.000119 
4472832 kmeans 1 710 40 0.919000 1.002000  0.000197 0.000103 0.000262 0.000651 0.000278 0.000135 
4472960 kmeans 1 710 40 0.919000 0.693000  0.000079 0.000072 0.000202 0.000384 0.000206 0.000111 
4472960 kmeans 1 710 40 0.919000 0.925000  0.000083 0.000076 0.000208 0.000403 0.000221 0.000116 
4472960 kmeans 1 710 40 0.919000 0.617000  0.051721 0.202697 0.060355 0.202959 0.000022 0.003719 
4472960 kmeans 1 710 40 0.919000 0.848000  0.086067 0.024952 0.055002 0.086138 0.028736 0.012781 
4472960 kmeans 1 710 40 0.919000 1.002000  0.000018 0.000017 0.000047 0.000091 0.000049 0.000026 
4472960 kmeans 1 710 40 0.919000 0.694000  0.000101 0.000080 0.000219 0.000456 0.000238 0.000123 
4473088 kmeans 1 710 40 0.919000 1.078000  0.000085 0.000073 0.000205 0.000413 0.000223 0.000117 
4473088 kmeans 1 710 40 0.919000 0.616000  0.000997 0.000238 0.000458 0.001016 0.000313 0.000130 
4473088 kmeans 1 710 40 0.919000 0.771000  0.000082 0.000075 0.000206 0.000398 0.000219 0.000115 
4473088 kmeans 1 710 40 0.919000 0.616000  0.000081 0.000071 0.000198 0.000381 0.000208 0.000110 
4473088 kmeans 1 710 40 0.919000 0.925000  0.000082 0.000074 0.000204 0.000392 0.000218 0.000114 
4473216 kmeans 1 710 40 0.919000 0.616000  0.000146 0.000080 0.000219 0.000498 0.000223 0.000116 
4473216 kmeans 1 710 40 0.919000 0.847000  0.000095 0.000078 0.000212 0.000447 0.000235 0.000121 
4473216 kmeans 1 710 40 0.919000 1.003000  0.000076 0.000072 0.000198 0.000392 0.000206 0.000110 
4473216 kmeans 1 710 40 0.919000 0.616000  0.000078 0.000069 0.000194 0.000397 0.000202 0.000109 
4473216 kmeans 1 710 40 0.919000 0.926000  0.000081 0.000086 0.000230 0.000563 0.000261 0.000128 
4473344 kmeans 1 710 40 0.919000 0.617000  0.000079 0.000072 0.000201 0.000393 0.000211 0.000112 
4473344 kmeans 1 710 40 0.919000 1.002000  0.000102 0.000079 0.000212 0.000450 0.000234 0.000120 
4473344 kmeans 1 710 40 0.919000 1.002000  0.000078 0.000072 0.000199 0.000433 0.000214 0.000112 
4473344 kmeans 1 710 40 0.919000 0.617000  0.000077 0.000110 0.000266 0.002808 0.001694 0.000973 
4473344 kmeans 1 710 40 0.919000 0.848000  0.000081 0.000071 0.000196 0.000386 0.000212 0.000110 
4473472 kmeans 1 710 40 0.919000 0.925000  0.000080 0.000072 0.000197 0.000390 0.000210 0.000110 
4473472 kmeans 1 710 40 0.919000 0.694000  0.000098 0.000075 0.000205 0.000443 0.000228 0.000117 
4473472 kmeans 1 710 40 0.919000 0.925000  0.000077 0.000071 0.000193 0.000367 0.000205 0.000108 
4473472 kmeans 1 710 40 0.919000 0.617000  0.000072 0.000067 0.000185 0.000349 0.000192 0.000103 
4473472 kmeans 1 710 40 0.919000 0.849000  0.000019 0.000017 0.000048 0.000092 0.000051 0.000027 
4473600 kmeans 1 710 40 0.919000 0.616000  0.000075 0.000066 0.000183 0.000355 0.000190 0.000101 
4473600 kmeans 1 710 40 0.919000 0.849000  0.000092 0.000074 0.000204 0.000462 0.000229 0.000114 
4473600 kmeans 1 710 40 0.919000 0.770000  0.000097 0.000074 0.000199 0.000440 0.000256 0.000123 
4473600 kmeans 1 710 40 0.919000 0.616000  0.000091 0.000072 0.000197 0.000419 0.000218 0.000112 
4473600 kmeans 1 710 40 0.919000 0.694000  0.000086 0.000070 0.000194 0.000414 0.000216 0.000111 
4473728 kmeans 1 710 40 0.919000 0.617000  0.000071 0.000065 0.000181 0.000362 0.000190 0.000100 
4473728 kmeans 1 710 40 0.919000 0.848000  0.000113 0.000074 0.000204 0.000436 0.000222 0.000114 
4473728 kmeans 1 710 40 0.919000 0.617000  0.000067 0.000062 0.000175 0.000332 0.000179 0.000097 
4473728 kmeans 1 710 40 0.919000 0.848000  0.000091 0.000074 0.000201 0.000422 0.000215 0.000109 
4473728 kmeans 1 710 40 0.919000 0.694000  0.000067 0.000062 0.000174 0.000332 0.000179 0.000096 
4473728 kmeans 1 710 40 0.919000 0.770000  0.000071 0.000066 0.000181 0.000347 0.000191 0.000101 
4473856 kmeans 1 710 40 0.919000 0.694000  0.000086 0.000064 0.000181 0.000364 0.000189 0.000099 
4473856 kmeans 1 710 40 0.919000 0.925000  0.000018 0.000016 0.000045 0.000087 0.000048 0.000025 
4473856 kmeans 1 710 40 0.919000 0.617000  0.000074 0.000065 0.000179 0.000353 0.000191 0.000100 
4473856 kmeans 1 710 40 0.919000 0.617000  0.000072 0.000064 0.000177 0.000350 0.000287 0.000208 
4473856 kmeans 1 710 40 0.919000 0.849000  0.000084 0.000067 0.000187 0.000401 0.000209 0.000107 
4473984 kmeans 1 710 40 0.919000 0.616000  0.000067 0.000061 0.000169 0.000322 0.000173 0.000094 
4473984 kmeans 1 710 40 0.919000 0.847000  0.000071 0.000064 0.000176 0.000342 0.000186 0.000098 
4473984 kmeans 1 710 40 0.919000 0.617000  0.000067 0.000062 0.000175 0.000352 0.000182 0.000096 
4473984 kmeans 1 710 40 0.919000 0.847000  0.000070 0.000064 0.000175 0.000338 0.000186 0.000098 
4473984 kmeans 1 710 40 0.919000 0.617000  0.000082 0.000066 0.000180 0.000389 0.000207 0.000103 
4473984 kmeans 1 710 40 0.919000 0.847000  0.000082 0.000066 0.000182 0.000378 0.000197 0.000101 
4474112 kmeans 1 710 40 0.919000 1.002000  0.009318 0.002857 0.006170 0.009386 0.003353 0.001488 
4474112 kmeans 1 710 40 0.919000 0.617000  0.000065 0.000059 0.000165 0.000316 0.000170 0.000092 
4474112 kmeans 1 710 40 0.919000 0.925000  0.000069 0.000063 0.000172 0.000332 0.000183 0.000096 
4474112 kmeans 1 710 40 0.919000 0.616000  0.000067 0.000059 0.000165 0.000321 0.000173 0.000092 
4474112 kmeans 1 710 40 0.919000 0.847000  0.000069 0.000062 0.000171 0.000332 0.000184 0.000096 
4474240 kmeans 1 710 40 0.919000 0.617000  0.000079 0.000060 0.000167 0.000349 0.000174 0.000092 
4474240 kmeans 1 710 40 0.919000 0.616000  0.000074 0.000064 0.000179 0.000414 0.000209 0.000105 
4474240 kmeans 1 710 40 0.919000 0.616000  0.000065 0.000062 0.000170 0.000329 0.000180 0.000094 
4474240 kmeans 1 710 40 0.919000 0.616000  0.000081 0.000064 0.000178 0.000371 0.000192 0.000100 
4474240 kmeans 1 710 40 0.919000 0.924000  0.000073 0.000064 0.000179 0.000379 0.000198 0.000101 
4474240 kmeans 1 710 40 0.919000 0.694000  0.000063 0.000058 0.000161 0.000309 0.000166 0.000089 
4474368 kmeans 1 710 40 0.919000 0.925000  0.000066 0.000060 0.000215 0.000439 0.000250 0.000122 
4474368 kmeans 1 710 40 0.919000 0.693000  0.000078 0.000061 0.000167 0.000361 0.000174 0.000092 
4474368 kmeans 1 710 40 0.919000 0.849000  0.000079 0.000065 0.000180 0.000382 0.000197 0.000101 
4474368 kmeans 1 710 40 0.919000 0.617000  0.000077 0.000065 0.000173 0.000354 0.000184 0.000095 
4474368 kmeans 1 710 40 0.919000 0.617000  0.000079 0.000064 0.000176 0.000369 0.000193 0.000104 
4474496 kmeans 1 710 40 0.919000 0.616000  0.000066 0.000060 0.000165 0.000317 0.000175 0.000092 
4474496 kmeans 1 710 40 0.919000 0.616000  0.000065 0.000060 0.038062 0.065446 0.021471 0.009356 
4474496 kmeans 1 710 40 0.919000 0.847000  0.000066 0.000087 0.000211 0.000518 0.000249 0.000134 
4474496 kmeans 1 710 40 0.919000 0.617000  0.000067 0.000058 0.000160 0.000346 0.000167 0.000089 
4474496 kmeans 1 710 40 0.919000 0.848000  0.000081 0.000064 0.000172 0.000374 0.000192 0.000098 
4474624 kmeans 1 710 40 0.919000 0.616000  0.000066 0.000059 0.000161 0.000318 0.000171 0.000090 
4474624 kmeans 1 710 40 0.919000 0.617000  0.000065 0.000059 0.000162 0.000423 0.000210 0.000119 
4474624 kmeans 1 710 40 0.919000 1.002000  0.000071 0.000060 0.000163 0.000463 0.000202 0.000099 
4474624 kmeans 1 710 40 0.919000 0.616000  0.000060 0.000055 0.000154 0.000295 0.000157 0.000085 
4474624 kmeans 1 710 40 0.919000 0.925000  0.000064 0.000058 0.000159 0.000306 0.000169 0.000089 
4474752 kmeans 1 710 40 0.919000 0.617000  0.000013 0.000079 0.000052 0.000162 0.000000 0.000009 
4474752 kmeans 1 710 40 0.919000 0.924000  0.000082 0.000063 0.000169 0.000369 0.000192 0.000097 
4474752 kmeans 1 710 40 0.919000 0.617000  0.000061 0.000056 0.000158 0.000332 0.000166 0.000087 
4474752 kmeans 1 710 40 0.919000 0.847000  0.000063 0.000057 0.000157 0.000307 0.000168 0.000088 
4474752 kmeans 1 710 40 0.919000 1.002000  0.000073 0.000057 0.000159 0.000338 0.000166 0.000087 
4474752 kmeans 1 710 40 0.919000 0.926000  0.000060 0.000057 0.000156 0.000298 0.000165 0.000087 
4474880 kmeans 1 710 40 0.919000 0.617000  0.000062 0.000056 0.000155 0.000301 0.000166 0.000087 
4474880 kmeans 1 710 40 0.919000 0.693000  0.000060 0.000056 0.000154 0.000292 0.000162 0.000086 
4474880 kmeans 1 710 40 0.919000 1.003000  0.000015 0.000097 0.000060 0.000196 0.000000 0.000010 
4474880 kmeans 1 710 40 0.919000 0.771000  0.000058 0.000052 0.000146 0.000290 0.000151 0.000081 
4474880 kmeans 1 710 40 0.919000 1.003000  0.000061 0.000055 0.000151 0.000293 0.000161 0.000085 
4475008 kmeans 1 710 40 0.919000 0.617000  0.000070 0.000055 0.000154 0.000318 0.000157 0.000082 
4475008 kmeans 1 710 40 0.919000 0.925000  0.000074 0.000060 0.000162 0.000345 0.000176 0.000089 
4475008 kmeans 1 710 40 0.919000 0.694000  0.000062 0.000055 0.000150 0.000295 0.000160 0.000084 
4475008 kmeans 1 710 40 0.919000 0.616000  0.000058 0.000054 0.000150 0.000285 0.000158 0.000083 
4475008 kmeans 1 710 40 0.919000 0.925000  0.000060 0.000054 0.000148 0.000292 0.000160 0.000083 
4475008 kmeans 1 710 40 0.919000 0.616000  0.000055 0.000051 0.000142 0.000267 0.000147 0.000079 
4475136 kmeans 1 710 40 0.919000 0.926000  0.000060 0.000053 0.000147 0.000296 0.000184 0.000090 
4475136 kmeans 1 710 40 0.919000 0.695000  0.000057 0.000050 0.000141 0.000276 0.000144 0.000078 
4475136 kmeans 1 710 40 0.919000 0.694000  0.000059 0.000053 0.000146 0.000282 0.000156 0.000082 
4475136 kmeans 1 710 40 0.919000 0.617000  0.000069 0.000053 0.000149 0.000306 0.000150 0.000080 
4475136 kmeans 1 710 40 0.919000 0.925000  0.000071 0.000057 0.000154 0.000319 0.000167 0.000087 
4475264 kmeans 1 710 40 0.919000 0.617000  0.000064 0.000056 0.000151 0.000317 0.000167 0.000087 
4475264 kmeans 1 710 40 0.919000 0.694000  0.000068 0.000056 0.000155 0.000330 0.000171 0.000088 
4475264 kmeans 1 710 40 0.919000 0.926000  0.000060 0.000052 0.000158 0.000380 0.000176 0.000092 
4475264 kmeans 1 710 40 0.919000 0.770000  0.000056 0.000050 0.000138 0.000267 0.000143 0.000076 
4475264 kmeans 1 710 40 0.919000 0.694000  0.000056 0.000052 0.000144 0.000272 0.000151 0.000080 
4475392 kmeans 1 710 40 0.919000 0.616000  0.000056 0.000051 0.000143 0.000289 0.000148 0.000079 
4475392 kmeans 1 710 40 0.919000 0.849000  0.000069 0.000056 0.000154 0.000328 0.000169 0.000087 
4475392 kmeans 1 710 40 0.919000 0.617000  0.000055 0.000051 0.000142 0.000267 0.000149 0.000079 
4475392 kmeans 1 710 40 0.919000 0.617000  0.000056 0.000052 0.000142 0.000270 0.000150 0.000079 
4475392 kmeans 1 710 40 0.919000 1.003000  0.000057 0.000051 0.000140 0.000470 0.000216 0.000109 
4475392 kmeans 1 710 40 0.919000 0.617000  0.000054 0.000048 0.000135 0.000262 0.000139 0.000074 
4475520 kmeans 1 710 40 0.919000 0.926000  0.000055 0.000051 0.000140 0.000270 0.000148 0.000078 
4475520 kmeans 1 710 40 0.919000 0.771000  0.000067 0.000050 0.000140 0.000298 0.000164 0.000090 
4475520 kmeans 1 710 40 0.919000 0.849000  0.000054 0.000050 0.000138 0.000268 0.000149 0.000078 
4475520 kmeans 1 710 40 0.919000 0.617000  0.000057 0.000050 0.000138 0.000274 0.000148 0.000077 
4475520 kmeans 1 710 40 0.919000 0.924000  0.000055 0.000050 0.000138 0.000266 0.000147 0.000077 
4475648 kmeans 1 710 40 0.919000 0.925000  0.000055 0.000050 0.000137 0.000272 0.000162 0.000081 
4475648 kmeans 1 710 40 0.919000 0.617000  0.000065 0.000052 0.000139 0.000274 0.000142 0.000075 
4475648 kmeans 1 710 40 0.919000 0.847000  0.000054 0.000050 0.000136 0.000264 0.000145 0.000076 
4475648 kmeans 1 710 40 0.919000 0.616000  0.017142 0.071039 0.020412 0.105371 0.033976 0.014886 
4475648 kmeans 1 710 40 0.919000 0.847000  0.000068 0.000053 0.000144 0.000311 0.000162 0.000081 
4475776 kmeans 1 710 40 0.919000 0.463000  0.000013 0.000074 0.000050 0.000152 0.000000 0.000009 
