#Timestamp	Benchmark	Run(#)	CPU Frequency (MHz)	CPU Temperature(C)	CPU Voltage(V)	CPU Power(W)	CPU_CYCLES	L1_DATA_CACHE_ACCESS	INSTRUCTIONS_RETIRED	BUS_CYCLES	L1I_CACHE_ACCESS	PREDICTABLE_BRANCH_SPECULATIVELY_EXECUTED
6353920 backprop 1 1632 50 1.188000 1.619000  0.000016 0.000012 0.000035 0.000077 0.000045 0.000022 
6353920 backprop 1 1632 50 1.188000 2.852000  0.000019 0.000012 0.000035 0.000079 0.000044 0.000022 
6353920 backprop 1 1632 50 1.188000 2.005000  0.000055 0.000046 0.000128 0.000697 0.000310 0.000165 
6354048 backprop 1 1632 49 1.188000 2.159000  0.000064 0.000049 0.000136 0.000305 0.000147 0.000076 
6354048 backprop 1 1632 49 1.188000 2.005000  0.000068 0.000049 0.000133 0.000282 0.000141 0.000074 
6354048 backprop 1 1632 49 1.188000 1.928000  0.000066 0.000049 0.000135 0.000309 0.000147 0.000076 
6354048 backprop 1 1632 49 1.188000 2.775000  0.000060 0.000048 0.000133 0.000303 0.000145 0.000075 
6354048 backprop 1 1632 49 1.188000 1.928000  0.000067 0.000048 0.000137 0.000312 0.000143 0.000073 
6354048 backprop 1 1632 49 1.188000 2.081000  0.000393 0.000278 0.000761 0.001809 0.000834 0.000378 
6354176 backprop 1 1632 49 1.188000 2.005000  0.000056 0.000047 0.000129 0.000269 0.000137 0.000072 
6354176 backprop 1 1632 49 1.188000 1.928000  0.000064 0.000047 0.000139 0.000413 0.000153 0.000078 
6354176 backprop 1 1632 49 1.188000 2.776000  0.000060 0.000050 0.000137 0.000296 0.000145 0.000075 
6354176 backprop 1 1632 49 1.188000 1.928000  0.003440 0.000681 0.001491 0.003702 0.001089 0.000445 
6354176 backprop 1 1632 49 1.188000 1.773000  0.000064 0.000048 0.000132 0.000294 0.000144 0.000074 
6354176 backprop 1 1632 49 1.188000 1.773000  0.000058 0.000047 0.000129 0.000291 0.000143 0.000073 
6354304 backprop 1 1632 49 1.188000 1.773000  0.000071 0.000049 0.000136 0.000313 0.000149 0.000076 
6354304 backprop 1 1632 49 1.188000 2.465000  0.000052 0.000067 0.000162 0.000368 0.000189 0.000092 
6354304 backprop 1 1632 49 1.188000 1.851000  0.000081 0.000045 0.000123 0.000271 0.000127 0.000067 
6354304 backprop 1 1632 49 1.188000 1.771000  0.000067 0.000049 0.000133 0.000290 0.000144 0.000074 
6354304 backprop 1 1632 49 1.188000 1.850000  0.000056 0.000045 0.000125 0.000277 0.000139 0.000072 
6354432 backprop 1 1632 49 1.188000 1.928000  0.000058 0.000046 0.000129 0.000292 0.000143 0.000073 
6354432 backprop 1 1632 49 1.188000 2.695000  0.000056 0.000046 0.000129 0.000291 0.000142 0.000073 
6354432 backprop 1 1632 49 1.188000 1.773000  0.000065 0.000044 0.000124 0.000281 0.000127 0.000067 
6354432 backprop 1 1632 49 1.188000 2.699000  0.000064 0.000050 0.000131 0.000287 0.000142 0.000073 
6354432 backprop 1 1632 49 1.188000 2.004000  0.000058 0.000044 0.000123 0.000276 0.000133 0.000070 
6354432 backprop 1 1632 49 1.188000 1.851000  0.000057 0.000044 0.000124 0.000266 0.000133 0.000071 
6354560 backprop 1 1632 49 1.188000 2.695000  0.000058 0.000046 0.000128 0.000289 0.000140 0.000072 
6354560 backprop 1 1632 49 1.188000 1.773000  0.000015 0.000011 0.000032 0.000069 0.000053 0.000024 
6354560 backprop 1 1632 49 1.188000 2.313000  0.000056 0.000045 0.000128 0.000283 0.000138 0.000071 
6354560 backprop 1 1632 48 1.188000 1.773000  0.000052 0.000044 0.000121 0.000241 0.000130 0.000068 
6354560 backprop 1 1632 48 1.188000 1.773000  0.000050 0.000064 0.000155 0.000349 0.000182 0.000088 
6354560 backprop 1 1632 48 1.188000 2.389000  0.000041 0.000033 0.000091 0.000200 0.000098 0.000051 
6354688 backprop 1 1632 49 1.188000 1.773000  0.000055 0.000041 0.000116 0.000265 0.000120 0.000064 
6354688 backprop 1 1632 49 1.188000 1.773000  0.000061 0.000046 0.000124 0.000277 0.000137 0.000070 
6354688 backprop 1 1632 49 1.188000 1.773000  0.000069 0.000047 0.000126 0.000291 0.000137 0.000070 
6354688 backprop 1 1632 49 1.188000 1.773000  0.000049 0.000063 0.000151 0.000344 0.000156 0.000087 
6354688 backprop 1 1632 49 1.188000 2.852000  0.000055 0.000042 0.000116 0.000257 0.000123 0.000065 
6354816 backprop 1 1632 49 1.188000 2.235000  0.000055 0.000040 0.000116 0.000382 0.000129 0.000066 
6354816 backprop 1 1632 48 1.188000 1.850000  0.000051 0.000043 0.000121 0.000275 0.000136 0.000069 
6354816 backprop 1 1632 49 1.188000 1.773000  0.000051 0.000042 0.000115 0.000254 0.000122 0.000064 
6354816 backprop 1 1632 49 1.188000 2.081000  0.000063 0.000043 0.000118 0.000299 0.000133 0.000068 
6354816 backprop 1 1632 49 1.188000 2.929000  0.000112 0.000047 0.000125 0.000355 0.000136 0.000069 
6354816 backprop 1 1632 49 1.188000 2.082000  0.000049 0.000039 0.000110 0.000241 0.000112 0.000061 
6354944 backprop 1 1632 49 1.188000 2.696000  0.000051 0.000041 0.000113 0.000278 0.000123 0.000064 
6354944 backprop 1 1632 49 1.188000 2.235000  0.000062 0.000041 0.000114 0.000266 0.000118 0.000062 
6354944 backprop 1 1632 49 1.188000 2.309000  0.000057 0.000043 0.000118 0.000263 0.000130 0.000066 
6354944 backprop 1 1632 49 1.188000 2.158000  0.000048 0.000078 0.000187 0.000468 0.000173 0.000085 
6354944 backprop 1 1632 49 1.188000 2.311000  0.000059 0.000041 0.000113 0.000272 0.000126 0.000068 
6354944 backprop 1 1632 49 1.188000 1.769000  0.000057 0.000041 0.000113 0.000274 0.000122 0.000065 
6355072 backprop 1 1632 49 1.188000 1.773000  0.000049 0.000038 0.000107 0.000232 0.000110 0.000059 
6355072 backprop 1 1632 49 1.188000 2.618000  0.000048 0.000040 0.000111 0.000226 0.000117 0.000062 
6355072 backprop 1 1632 49 1.188000 1.001000  0.000054 0.000040 0.000111 0.000299 0.000114 0.000060 
6355072 backprop 1 1632 49 1.188000 2.542000  0.000317 0.000235 0.000665 0.001676 0.000740 0.000389 
6355072 backprop 1 1632 49 1.188000 2.465000  0.000049 0.000040 0.000109 0.000223 0.000119 0.000061 
6355200 backprop 1 1632 49 1.188000 1.620000  0.000043 0.000037 0.000104 0.000214 0.000106 0.000058 
6355200 backprop 1 1632 49 1.188000 2.158000  0.000046 0.000057 0.000139 0.000322 0.000139 0.000079 
6355200 backprop 1 1632 48 1.188000 1.774000  0.000497 0.000158 0.000313 0.000827 0.000295 0.000142 
6355200 backprop 1 1632 48 1.188000 1.696000  0.000046 0.000057 0.000138 0.000327 0.000140 0.000079 
6355200 backprop 1 1632 48 1.188000 2.313000  0.000045 0.000038 0.000106 0.000212 0.000113 0.000059 
6355200 backprop 1 1632 48 1.188000 1.697000  0.000047 0.000038 0.000106 0.000221 0.000113 0.000059 
6355328 backprop 1 1632 48 1.188000 1.851000  0.000054 0.000040 0.000111 0.000251 0.000120 0.000061 
6355328 backprop 1 1632 48 1.188000 2.236000  0.000048 0.000039 0.000108 0.000236 0.000121 0.000063 
6355328 backprop 1 1632 48 1.188000 1.774000  0.000050 0.000039 0.000108 0.000245 0.000118 0.000061 
6355328 backprop 1 1632 49 1.188000 1.695000  0.000046 0.000056 0.000135 0.000322 0.000157 0.000077 
6355328 backprop 1 1632 48 1.188000 1.619000  0.000045 0.000038 0.000104 0.000213 0.000111 0.000058 
6355456 backprop 1 1632 48 1.188000 1.928000  0.000045 0.000038 0.000104 0.000213 0.000110 0.000058 
6355456 backprop 1 1632 48 1.188000 2.698000  0.000045 0.000038 0.000104 0.000208 0.000111 0.000058 
6355456 backprop 1 1632 48 1.188000 1.696000  0.000042 0.000035 0.000099 0.000198 0.000102 0.000055 
