#Timestamp	Benchmark	Run(#)	CPU Frequency (MHz)	CPU Temperature(C)	CPU Voltage(V)	CPU Power(W)	CPU_CYCLES	L1_DATA_CACHE_ACCESS	INSTRUCTIONS_RETIRED	BUS_CYCLES	L1I_CACHE_ACCESS	PREDICTABLE_BRANCH_SPECULATIVELY_EXECUTED
4178816 nw 1 614 40 0.919000 0.693000  0.000028 0.000021 0.000059 0.000148 0.000063 0.000032 
4178816 nw 1 614 39 0.919000 0.770000  0.000026 0.000020 0.000054 0.000117 0.000058 0.000030 
4178944 nw 1 614 39 0.919000 0.539000  0.000020 0.000018 0.000050 0.000098 0.000052 0.000028 
4178944 nw 1 614 39 0.919000 0.694000  0.000021 0.000019 0.000052 0.000103 0.000056 0.000029 
4178944 nw 1 614 39 0.919000 0.540000  0.000020 0.000019 0.000052 0.000115 0.000056 0.000030 
4178944 nw 1 614 39 0.919000 0.694000  0.000007 0.000041 0.000028 0.000086 0.000000 0.000005 
4178944 nw 1 614 40 0.919000 0.539000  0.000021 0.000019 0.000052 0.000119 0.000060 0.000030 
4179072 nw 1 614 40 0.919000 0.693000  0.000026 0.000021 0.000056 0.000118 0.000060 0.000031 
4179072 nw 1 614 39 0.919000 0.925000  0.000021 0.000019 0.000052 0.000101 0.000055 0.000029 
4179072 nw 1 614 39 0.919000 0.694000  0.000021 0.000028 0.000067 0.000137 0.000078 0.000038 
4179072 nw 1 614 39 0.919000 0.924000  0.000023 0.000020 0.000060 0.000131 0.000063 0.000032 
4179072 nw 1 614 40 0.919000 0.617000  0.000020 0.000018 0.000050 0.000097 0.000052 0.000028 
4179200 nw 1 614 40 0.919000 0.848000  0.000021 0.000028 0.000067 0.000172 0.000079 0.000038 
4179200 nw 1 614 40 0.919000 0.617000  0.000022 0.000019 0.000052 0.000101 0.000055 0.000029 
4179200 nw 1 614 40 0.919000 0.770000  0.000023 0.000022 0.000058 0.000130 0.000063 0.000032 
4179200 nw 1 614 39 0.919000 0.694000  0.000025 0.000019 0.000053 0.000109 0.000056 0.000029 
4179200 nw 1 614 40 0.919000 0.848000  0.000020 0.000018 0.000051 0.000109 0.000052 0.000028 
4179200 nw 1 614 40 0.919000 0.771000  0.000022 0.000019 0.000051 0.000106 0.000054 0.000029 
4179328 nw 1 614 39 0.919000 0.770000  0.000021 0.000018 0.000049 0.000106 0.000052 0.000028 
4179328 nw 1 614 39 0.919000 0.847000  0.000019 0.000018 0.000049 0.000095 0.000050 0.000027 
4179328 nw 1 614 39 0.919000 0.925000  0.000159 0.000077 0.000169 0.000339 0.000145 0.000068 
4179328 nw 1 614 40 0.919000 0.925000  0.000025 0.000020 0.000054 0.000117 0.000058 0.000030 
4179328 nw 1 614 40 0.919000 0.616000  0.000024 0.000020 0.000055 0.000118 0.000061 0.000031 
