#Timestamp	Benchmark	Run(#)	CPU Frequency (MHz)	CPU Temperature(C)	CPU Voltage(V)	CPU Power(W)	CPU_CYCLES	L1_DATA_CACHE_ACCESS	INSTRUCTIONS_RETIRED	BUS_CYCLES	L1I_CACHE_ACCESS	PREDICTABLE_BRANCH_SPECULATIVELY_EXECUTED
6678784 pathfinder 1 1734 52 1.226000 1.850000  0.000024 0.000017 0.000048 0.000114 0.000052 0.000027 
6678784 pathfinder 1 1734 51 1.226000 2.080000  0.000005 0.000004 0.000012 0.000025 0.000015 0.000007 
6678784 pathfinder 1 1734 51 1.226000 1.928000  0.000020 0.000016 0.000044 0.000088 0.000045 0.000024 
6678784 pathfinder 1 1734 50 1.226000 2.851000  0.000019 0.000016 0.000045 0.000090 0.000048 0.000025 
6678912 pathfinder 1 1734 50 1.226000 2.081000  0.000021 0.000017 0.000048 0.000104 0.000062 0.000030 
6678912 pathfinder 1 1734 50 1.226000 2.082000  0.000023 0.000017 0.000047 0.000105 0.000051 0.000026 
6678912 pathfinder 1 1734 50 1.226000 2.930000  0.000019 0.000016 0.000045 0.000090 0.000048 0.000025 
6678912 pathfinder 1 1734 50 1.226000 2.159000  0.000018 0.000016 0.000043 0.000085 0.000045 0.000024 
6678912 pathfinder 1 1734 50 1.226000 2.081000  0.000018 0.000016 0.000045 0.000098 0.000048 0.000025 
6679040 pathfinder 1 1734 50 1.226000 2.081000  0.000019 0.000016 0.000045 0.000090 0.000048 0.000025 
6679040 pathfinder 1 1734 50 1.226000 2.081000  0.000018 0.000016 0.000045 0.000087 0.000047 0.000025 
6679040 pathfinder 1 1734 50 1.226000 3.157000  0.000018 0.000016 0.000045 0.000088 0.000047 0.000025 
6679040 pathfinder 1 1734 50 1.226000 2.082000  0.000018 0.000015 0.000043 0.000084 0.000044 0.000024 
6679040 pathfinder 1 1734 50 1.226000 2.771000  0.000019 0.000016 0.000044 0.000088 0.000055 0.000027 
6679040 pathfinder 1 1734 51 1.226000 2.081000  0.000021 0.000016 0.000045 0.000102 0.000049 0.000025 
6679168 pathfinder 1 1734 51 1.226000 2.159000  0.000019 0.000016 0.000044 0.000089 0.000045 0.000024 
6679168 pathfinder 1 1734 51 1.226000 2.929000  0.000059 0.000018 0.000048 0.000139 0.000052 0.000026 
6679168 pathfinder 1 1734 51 1.226000 2.390000  0.000019 0.000016 0.000044 0.000091 0.000047 0.000025 
6679168 pathfinder 1 1734 51 1.226000 2.082000  0.000020 0.000016 0.000046 0.000102 0.000050 0.000025 
6679168 pathfinder 1 1734 50 1.226000 3.005000  -0.148367 0.589312 0.499898 -0.148149 0.419717 -0.648177 
6679168 pathfinder 1 1734 50 1.226000 2.313000  0.000019 0.000015 0.000042 0.000088 0.000044 0.000023 
6679296 pathfinder 1 1734 50 1.226000 2.390000  0.000018 0.000016 0.000044 0.000086 0.000046 0.000025 
6679296 pathfinder 1 1734 50 1.226000 2.851000  0.000020 0.000016 0.000044 0.000091 0.000046 0.000024 
6679296 pathfinder 1 1734 50 1.226000 2.159000  0.000018 0.000016 0.000044 0.000087 0.000046 0.000024 
6679296 pathfinder 1 1734 50 1.226000 2.082000  0.000020 0.000016 0.000045 0.000100 0.000049 0.000025 
6679424 pathfinder 1 1734 50 1.226000 2.236000  0.000019 0.000016 0.000045 0.000098 0.000048 0.000025 
6679424 pathfinder 1 1734 50 1.226000 3.082000  0.000017 0.000016 0.000043 0.000085 0.000046 0.000024 
6679424 pathfinder 1 1734 50 1.226000 2.313000  0.000017 0.000015 0.000042 0.000082 0.000043 0.000023 
6679424 pathfinder 1 1734 50 1.226000 2.387000  0.000017 0.000016 0.000043 0.000085 0.000046 0.000024 
6679424 pathfinder 1 1734 51 1.226000 2.235000  0.000018 0.000016 0.000044 0.000101 0.000049 0.000025 
6679424 pathfinder 1 1734 51 1.226000 2.313000  0.000021 0.000016 0.000045 0.000098 0.000049 0.000025 
6679552 pathfinder 1 1734 51 1.226000 3.852000  0.000017 0.000016 0.000043 0.000084 0.000045 0.000024 
6679552 pathfinder 1 1734 51 1.226000 2.235000  0.000018 0.000015 0.000041 0.000082 0.000043 0.000023 
6679552 pathfinder 1 1734 50 1.226000 2.928000  0.000017 0.000016 0.000043 0.000119 0.000052 0.000026 
6679552 pathfinder 1 1734 51 1.226000 3.237000  0.123615 0.022638 0.047917 0.123879 0.026587 0.011541 
6679552 pathfinder 1 1734 51 1.226000 2.467000  0.000017 0.000016 0.000043 0.000083 0.000045 0.000024 
6679552 pathfinder 1 1734 51 1.226000 3.235000  0.000018 0.000015 0.000042 0.000083 0.000045 0.000024 
6679680 pathfinder 1 1734 51 1.226000 2.236000  0.000018 0.000015 0.000041 0.000090 0.000046 0.000024 
6679680 pathfinder 1 1734 51 1.226000 2.853000  0.000020 0.000016 0.000044 0.000099 0.000049 0.000025 
6679680 pathfinder 1 1734 51 1.226000 3.621000  0.000018 0.000015 0.000042 0.000083 0.000045 0.000024 
6679680 pathfinder 1 1734 51 1.226000 2.389000  0.000016 0.000015 0.000041 0.000079 0.000042 0.000023 
6679680 pathfinder 1 1734 51 1.226000 2.929000  0.000023 0.000021 0.000057 0.000114 0.000062 0.000032 
6679808 pathfinder 1 1734 51 1.226000 2.236000  0.000019 0.000018 0.000046 0.000115 0.000048 0.000025 
6679808 pathfinder 1 1734 51 1.226000 2.390000  0.000016 0.000015 0.000042 0.000081 0.000044 0.000023 
6679808 pathfinder 1 1734 51 1.226000 3.235000  0.000018 0.000015 0.000043 0.000094 0.000047 0.000024 
6679808 pathfinder 1 1734 51 1.226000 2.466000  0.000017 0.000014 0.000040 0.000079 0.000042 0.000022 
6679808 pathfinder 1 1734 51 1.226000 2.467000  0.000017 0.000015 0.000042 0.000083 0.000045 0.000023 
6679808 pathfinder 1 1734 51 1.226000 2.235000  0.000018 0.000015 0.000042 0.000085 0.000045 0.000023 
6679936 pathfinder 1 1734 51 1.226000 2.313000  0.000019 0.000015 0.000042 0.000091 0.000047 0.000024 
6679936 pathfinder 1 1734 51 1.226000 3.546000  0.000017 0.000015 0.000041 0.000083 0.000044 0.000023 
6679936 pathfinder 1 1734 51 1.226000 2.236000  0.000016 0.000014 0.000040 0.000078 0.000042 0.000022 
6679936 pathfinder 1 1734 50 1.226000 3.006000  0.000016 0.000015 0.000041 0.000080 0.000044 0.000023 
6679936 pathfinder 1 1734 50 1.226000 2.236000  0.000018 0.000015 0.000041 0.000083 0.000044 0.000023 
6679936 pathfinder 1 1734 51 1.226000 2.236000  0.000017 0.000015 0.000041 0.000081 0.000044 0.000023 
6680064 pathfinder 1 1734 51 1.226000 3.082000  0.000017 0.000015 0.000041 0.000080 0.000044 0.000023 
6680064 pathfinder 1 1734 51 1.226000 2.235000  0.000016 0.000014 0.000039 0.000078 0.000041 0.000022 
6680064 pathfinder 1 1734 50 1.226000 3.313000  0.000016 0.000015 0.000041 0.000080 0.000043 0.000023 
6680064 pathfinder 1 1734 50 1.226000 2.312000  0.000017 0.000015 0.000041 0.000079 0.000043 0.000023 
6680064 pathfinder 1 1734 50 1.226000 2.313000  0.000016 0.000015 0.000041 0.000080 0.000043 0.000023 
6680192 pathfinder 1 1734 50 1.226000 2.236000  0.000023 0.000020 0.000056 0.000110 0.000060 0.000031 
6680192 pathfinder 1 1734 51 1.226000 2.235000  0.000015 0.000014 0.000039 0.000076 0.000040 0.000021 
6680192 pathfinder 1 1734 51 1.226000 2.312000  0.000017 0.000015 0.000041 0.000087 0.000044 0.000023 
6680192 pathfinder 1 1734 51 1.226000 2.236000  0.000021 0.000015 0.000040 0.000090 0.000043 0.000024 
6680192 pathfinder 1 1734 51 1.226000 2.236000  0.000021 0.000016 0.000043 0.000093 0.000046 0.000024 
6680192 pathfinder 1 1734 50 1.226000 3.928000  0.000016 0.000015 0.000040 0.000080 0.000043 0.000023 
6680320 pathfinder 1 1734 51 1.226000 2.235000  0.000016 0.000014 0.000039 0.000076 0.000040 0.000022 
6680320 pathfinder 1 1734 51 1.226000 3.157000  0.000016 0.000015 0.000040 0.000078 0.000042 0.000022 
6680320 pathfinder 1 1734 51 1.226000 2.389000  0.000017 0.000015 0.000040 0.000080 0.000043 0.000022 
6680320 pathfinder 1 1734 51 1.226000 2.237000  0.000020 0.000015 0.000042 0.000094 0.000046 0.000024 
6680320 pathfinder 1 1734 51 1.226000 2.237000  0.000016 0.000014 0.000040 0.000078 0.000042 0.000022 
6680320 pathfinder 1 1734 51 1.226000 2.314000  0.000016 0.000014 0.000038 0.000076 0.000040 0.000021 
6680448 pathfinder 1 1734 50 1.226000 3.082000  0.000019 0.000015 0.000041 0.000088 0.000044 0.000023 
6680448 pathfinder 1 1734 50 1.226000 2.236000  0.000101 0.000027 0.000066 0.000178 0.000062 0.000030 
6680448 pathfinder 1 1734 51 1.226000 2.313000  0.000021 0.000016 0.000042 0.000096 0.000046 0.000024 
6680448 pathfinder 1 1734 51 1.226000 3.623000  0.000016 0.000014 0.000040 0.000078 0.000042 0.000022 
6680448 pathfinder 1 1734 51 1.226000 2.391000  0.000015 0.000014 0.000038 0.000074 0.000040 0.000021 
6680448 pathfinder 1 1734 50 1.226000 2.467000  0.000016 0.000014 0.000039 0.000078 0.000042 0.000022 
6680576 pathfinder 1 1734 50 1.226000 2.236000  0.000018 0.000014 0.000040 0.000087 0.000045 0.000023 
6680576 pathfinder 1 1734 50 1.226000 2.237000  0.000020 0.000015 0.000042 0.000095 0.000046 0.000023 
6680576 pathfinder 1 1734 50 1.226000 3.546000  0.000016 0.000014 0.000039 0.000077 0.000042 0.000022 
6680576 pathfinder 1 1734 51 1.226000 2.236000  0.000015 0.000013 0.000038 0.000074 0.000039 0.000021 
6680576 pathfinder 1 1734 51 1.226000 3.006000  0.000060 0.000056 0.000155 0.000302 0.000164 0.000086 
6680704 pathfinder 1 1734 50 1.226000 2.236000  0.000017 0.000014 0.000039 0.000078 0.000042 0.000022 
6680704 pathfinder 1 1734 50 1.226000 2.236000  0.000016 0.000014 0.000039 0.000075 0.000041 0.000022 
6680704 pathfinder 1 1734 51 1.226000 2.236000  0.000017 0.000014 0.000039 0.000076 0.000041 0.000022 
6680704 pathfinder 1 1734 51 1.226000 2.236000  0.000016 0.000014 0.000039 0.000077 0.000041 0.000023 
6680704 pathfinder 1 1734 51 1.226000 3.546000  0.000017 0.000014 0.000039 0.000089 0.000044 0.000022 
6680704 pathfinder 1 1734 51 1.226000 2.544000  0.000021 0.000015 0.000041 0.000089 0.000044 0.000022 
6680832 pathfinder 1 1734 51 1.226000 3.086000  0.000015 0.000014 0.000039 0.000082 0.000042 0.000022 
6680832 pathfinder 1 1734 50 1.226000 2.620000  0.000017 0.000014 0.000039 0.000091 0.000045 0.000023 
6680832 pathfinder 1 1734 50 1.226000 2.236000  0.000015 0.000013 0.000037 0.000073 0.000038 0.000020 
6680832 pathfinder 1 1734 50 1.226000 2.620000  0.000016 0.000014 0.000038 0.000076 0.000041 0.000022 
6680832 pathfinder 1 1734 50 1.226000 2.236000  0.000016 0.000014 0.000038 0.000076 0.000041 0.000021 
6680832 pathfinder 1 1734 50 1.226000 2.236000  0.000016 0.000014 0.000038 0.000074 0.000041 0.000021 
6680960 pathfinder 1 1734 50 1.226000 2.928000  0.000017 0.000014 0.000040 0.000088 0.000043 0.000022 
6680960 pathfinder 1 1734 51 1.226000 2.237000  0.000116 0.000031 0.000075 0.000286 0.000063 0.000031 
6680960 pathfinder 1 1734 50 1.226000 2.314000  0.000016 0.000014 0.000039 0.000093 0.000043 0.000022 
6680960 pathfinder 1 1734 50 1.226000 3.471000  0.000016 0.000014 0.000038 0.000076 0.000041 0.000021 
6680960 pathfinder 1 1734 50 1.226000 2.236000  0.000015 0.000014 0.000038 0.000073 0.000040 0.000021 
6680960 pathfinder 1 1734 50 1.226000 2.929000  0.000015 0.000014 0.000038 0.000074 0.000040 0.000021 
6681088 pathfinder 1 1734 51 1.226000 2.313000  0.071407 0.017226 0.037455 0.071624 0.019206 0.008891 
6681088 pathfinder 1 1734 51 1.226000 2.236000  0.000018 0.000014 0.000040 0.000091 0.000044 0.000022 
6681088 pathfinder 1 1734 50 1.226000 2.236000  0.000015 0.000014 0.000038 0.000075 0.000040 0.000021 
6681088 pathfinder 1 1734 50 1.226000 2.236000  0.000018 0.000015 0.000039 0.000082 0.000041 0.000021 
6681088 pathfinder 1 1734 50 1.226000 3.236000  0.029550 0.026477 0.072981 0.142199 0.076955 0.040699 
6681216 pathfinder 1 1734 50 1.226000 2.237000  0.012045 0.010299 0.028747 0.059132 0.030918 0.016443 
6681216 pathfinder 1 1734 50 1.226000 3.086000  0.008229 0.008284 0.021267 0.053425 0.023087 0.011495 
6681216 pathfinder 1 1734 50 1.226000 2.235000  0.005978 0.004675 0.013390 0.030063 0.014582 0.007494 
6681216 pathfinder 1 1734 50 1.226000 2.390000  0.004940 0.003876 0.010919 0.024124 0.011741 0.006043 
6681216 pathfinder 1 1734 50 1.226000 3.083000  0.003166 0.002624 0.007541 0.016056 0.008120 0.004192 
6681216 pathfinder 1 1734 50 1.226000 2.236000  0.002625 0.002268 0.006367 0.012828 0.006767 0.003549 
6681344 pathfinder 1 1734 50 1.226000 2.237000  0.002171 0.001991 0.005503 0.010811 0.005845 0.003072 
6681344 pathfinder 1 1734 50 1.226000 3.239000  0.001656 0.001395 0.003859 0.008474 0.004207 0.002166 
6681344 pathfinder 1 1734 50 1.226000 2.236000  0.001407 0.001213 0.003385 0.007187 0.003785 0.001952 
6681344 pathfinder 1 1734 50 1.226000 2.236000  0.001219 0.001115 0.003075 0.006010 0.003261 0.001721 
6681344 pathfinder 1 1734 51 1.226000 2.236000  0.001322 0.001070 0.003051 0.006752 0.003304 0.001691 
6681344 pathfinder 1 1734 51 1.226000 2.390000  0.001290 0.001015 0.002785 0.006164 0.003083 0.001597 
6681472 pathfinder 1 1734 50 1.226000 3.313000  0.010147 0.005505 0.014611 0.034614 0.018767 0.009288 
6681472 pathfinder 1 1734 50 1.226000 2.389000  0.000916 0.000741 0.002049 0.004421 0.002273 0.001167 
6681472 pathfinder 1 1734 50 1.226000 2.314000  0.000913 0.000727 0.001986 0.004464 0.002198 0.001119 
6681472 pathfinder 1 1734 50 1.226000 2.312000  0.000770 0.000665 0.001780 0.004063 0.001977 0.001015 
6681472 pathfinder 1 1734 50 1.226000 2.313000  0.000660 0.000571 0.001588 0.003359 0.001774 0.000921 
6681600 pathfinder 1 1734 50 1.226000 2.236000  0.000719 0.000608 0.001670 0.003618 0.001794 0.000929 
6681600 pathfinder 1 1734 50 1.226000 2.236000  0.000613 0.000547 0.001530 0.003428 0.001714 0.000892 
6681600 pathfinder 1 1734 51 1.226000 2.313000  0.000704 0.000569 0.001561 0.003302 0.001632 0.000845 
6681600 pathfinder 1 1734 50 1.226000 4.316000  0.000640 0.000511 0.001603 0.006210 0.001743 0.000843 
6681600 pathfinder 1 1734 50 1.226000 2.237000  0.000603 0.000467 0.001394 0.004080 0.001523 0.000760 
6681600 pathfinder 1 1734 50 1.226000 2.237000  0.000600 0.000478 0.001308 0.002807 0.001419 0.000731 
6681728 pathfinder 1 1734 50 1.226000 3.391000  0.000487 0.000431 0.001180 0.002346 0.001261 0.000664 
6681728 pathfinder 1 1734 50 1.226000 2.236000  0.129686 0.030340 0.065444 0.129764 0.033832 0.015051 
6681728 pathfinder 1 1734 50 1.226000 3.160000  0.000437 0.000436 0.001182 0.002672 0.001254 0.000651 
6681728 pathfinder 1 1734 50 1.226000 2.082000  0.000542 0.000468 0.001216 0.003343 0.001282 0.000652 
6681728 pathfinder 1 1734 50 1.226000 2.776000  0.000005 0.000004 0.000013 0.000026 0.000016 0.000008 
6681728 pathfinder 1 1734 50 1.226000 3.389000  0.000506 0.000391 0.001040 0.003331 0.001138 0.000576 
6681856 pathfinder 1 1734 50 1.226000 2.237000  0.000479 0.000349 0.000974 0.002128 0.001047 0.000539 
6681856 pathfinder 1 1734 50 1.226000 2.622000  0.000386 0.000321 0.000900 0.001908 0.000973 0.000506 
6681856 pathfinder 1 1734 50 1.226000 3.391000  0.000379 0.000312 0.000862 0.001724 0.000909 0.000481 
6681856 pathfinder 1 1734 50 1.226000 2.699000  0.015124 0.001984 0.004952 0.015206 0.002662 0.001283 
6681856 pathfinder 1 1734 50 1.226000 1.696000  0.000369 0.000317 0.000880 0.001801 0.000963 0.000495 
6681984 pathfinder 1 1734 50 1.226000 0.848000  0.000340 0.000301 0.000827 0.001630 0.000876 0.000463 
6681984 pathfinder 1 1734 50 1.226000 1.853000  0.000322 0.000288 0.001020 0.002120 0.001189 0.000580 
6681984 pathfinder 1 1734 50 1.226000 1.928000  0.000317 0.000269 0.000736 0.001469 0.000795 0.000413 
6681984 pathfinder 1 1734 50 1.226000 1.234000  -0.570455 0.495454 -0.614011 0.495524 0.000012 0.068998 
6681984 pathfinder 1 1734 50 1.226000 0.848000  0.000287 0.000262 0.000724 0.001417 0.000769 0.000403 
6681984 pathfinder 1 1734 49 1.226000 0.849000  0.000290 0.000253 0.000696 0.001370 0.000735 0.000389 
6682112 pathfinder 1 1734 49 1.226000 1.155000  0.000331 0.000260 0.000725 0.001513 0.000802 0.000408 
6682112 pathfinder 1 1734 49 1.226000 2.160000  0.000321 0.000256 0.000698 0.001478 0.000759 0.000391 
6682112 pathfinder 1 1734 49 1.226000 0.849000  0.000267 0.000227 0.000633 0.001256 0.000656 0.000350 
6682112 pathfinder 1 1734 49 1.226000 0.848000  0.000252 0.000228 0.000630 0.001239 0.000666 0.000352 
6682112 pathfinder 1 1734 49 1.226000 0.848000  0.000279 0.000233 0.000654 0.001405 0.000734 0.000369 
6682112 pathfinder 1 1734 49 1.226000 0.849000  0.000291 0.000239 0.000648 0.001326 0.000712 0.000364 
6682240 pathfinder 1 1734 49 1.226000 1.157000  0.000258 0.000215 0.000591 0.001255 0.000662 0.000338 
6682240 pathfinder 1 1734 49 1.226000 0.848000  0.000262 0.000208 0.000572 0.001183 0.000609 0.000320 
6682240 pathfinder 1 1734 50 1.226000 1.081000  0.000217 0.000205 0.000562 0.001085 0.000597 0.000330 
6682240 pathfinder 1 1734 49 1.226000 1.465000  0.000233 0.000199 0.000547 0.001103 0.000588 0.000306 
6682240 pathfinder 1 1734 49 1.226000 0.847000  0.000214 0.000188 0.000522 0.001013 0.000544 0.000290 
