#Timestamp	Benchmark	Run(#)	CPU Frequency (MHz)	CPU Temperature(C)	CPU Voltage(V)	CPU Power(W)	CPU_CYCLES	L1_DATA_CACHE_ACCESS	INSTRUCTIONS_RETIRED	BUS_CYCLES	L1I_CACHE_ACCESS	PREDICTABLE_BRANCH_SPECULATIVELY_EXECUTED
5894528 nw 1 1326 46 1.111000 1.618000  0.000069 0.000054 0.000148 0.000324 0.000156 0.000083 
5894528 nw 1 1326 46 1.111000 1.079000  0.000060 0.000053 0.000147 0.000295 0.000155 0.000082 
5894528 nw 1 1326 46 1.111000 1.233000  0.000062 0.000054 0.000147 0.000291 0.000156 0.000082 
5894528 nw 1 1326 46 1.111000 1.618000  0.000065 0.000054 0.000149 0.000334 0.000167 0.000086 
5894528 nw 1 1326 45 1.111000 1.233000  0.000056 0.000049 0.000138 0.000279 0.000140 0.000076 
5894528 nw 1 1326 45 1.111000 1.927000  0.000059 0.000051 0.000142 0.000282 0.000149 0.000079 
5894656 nw 1 1326 45 1.111000 1.465000  0.000060 0.000052 0.000142 0.000285 0.000152 0.000080 
5894656 nw 1 1326 45 1.111000 1.465000  0.000059 0.000051 0.000142 0.000284 0.000150 0.000079 
5894656 nw 1 1326 46 1.111000 1.927000  0.000062 0.000051 0.000180 0.000364 0.000209 0.000103 
5894656 nw 1 1326 46 1.111000 1.156000  0.000078 0.000054 0.000151 0.000409 0.000158 0.000082 
5894656 nw 1 1326 46 1.111000 1.773000  0.000065 0.000050 0.000139 0.000301 0.000146 0.000078 
5894656 nw 1 1326 46 1.111000 1.387000  0.000073 0.000050 0.000138 0.000323 0.000142 0.000076 
5894784 nw 1 1326 46 1.111000 1.387000  0.000073 0.000052 0.000141 0.000337 0.000156 0.000081 
5894784 nw 1 1326 45 1.111000 1.311000  0.000059 0.000047 0.000135 0.000304 0.000151 0.000079 
