#Timestamp	Benchmark	Run(#)	CPU Frequency (MHz)	CPU Temperature(C)	CPU Voltage(V)	CPU Power(W)	CPU_CYCLES	L1_DATA_CACHE_ACCESS	INSTRUCTIONS_RETIRED	BUS_CYCLES	L1I_CACHE_ACCESS	PREDICTABLE_BRANCH_SPECULATIVELY_EXECUTED
5458048 kmeans 1 1132 45 1.072000 1.388000  0.000006 0.000005 0.000014 0.000028 0.000017 0.000008 
5458048 kmeans 1 1132 45 1.072000 1.233000  0.000006 0.000005 0.000014 0.000028 0.000017 0.000008 
5458048 kmeans 1 1132 45 1.072000 0.694000  0.000022 0.000019 0.000053 0.000110 0.000059 0.000030 
5458048 kmeans 1 1132 45 1.072000 1.002000  0.000026 0.000020 0.000080 0.000170 0.000075 0.000040 
5458176 kmeans 1 1132 45 1.072000 1.618000  0.509125 2.455853 0.583478 2.456125 0.000135 0.034264 
5458176 kmeans 1 1132 45 1.072000 0.848000  0.000020 0.000018 0.000050 0.000096 0.000051 0.000028 
5458176 kmeans 1 1132 45 1.072000 1.156000  0.000123 0.000029 0.000100 0.000214 0.000084 0.000041 
5458176 kmeans 1 1132 45 1.072000 1.079000  0.000020 0.000028 0.000096 0.000207 0.000079 0.000039 
5458176 kmeans 1 1132 45 1.072000 1.156000  0.000024 0.000020 0.000055 0.000117 0.000060 0.000031 
5458304 kmeans 1 1132 45 1.072000 1.464000  0.000021 0.000019 0.000051 0.000100 0.000054 0.000029 
5458304 kmeans 1 1132 45 1.072000 0.925000  0.000020 0.000018 0.000049 0.000097 0.000051 0.000027 
5458304 kmeans 1 1132 45 1.072000 1.234000  0.000027 0.000019 0.000052 0.000105 0.000055 0.000029 
5458304 kmeans 1 1132 45 1.072000 0.925000  0.000022 0.000019 0.000051 0.000102 0.000054 0.000029 
5458304 kmeans 1 1132 45 1.072000 1.542000  0.000026 0.000020 0.000055 0.000116 0.000058 0.000030 
5458304 kmeans 1 1132 45 1.072000 1.619000  0.000021 0.000019 0.000051 0.000100 0.000054 0.000029 
5458432 kmeans 1 1132 45 1.072000 0.925000  0.000020 0.000018 0.000049 0.000093 0.000050 0.000027 
5458432 kmeans 1 1132 44 1.072000 1.466000  0.000023 0.000019 0.000053 0.000112 0.000058 0.000030 
5458432 kmeans 1 1132 44 1.072000 1.003000  0.000026 0.000020 0.000055 0.000121 0.000061 0.000031 
5458432 kmeans 1 1132 45 1.072000 0.925000  0.000024 0.000019 0.000053 0.000115 0.000058 0.000030 
5458432 kmeans 1 1132 45 1.072000 1.001000  0.000023 0.000019 0.000052 0.000109 0.000057 0.000030 
5458560 kmeans 1 1132 45 1.072000 1.002000  0.000026 0.000021 0.000055 0.000115 0.000055 0.000029 
5458560 kmeans 1 1132 45 1.072000 1.387000  0.000020 0.000018 0.000051 0.000098 0.000054 0.000028 
5458560 kmeans 1 1132 45 1.072000 1.003000  0.000020 0.000018 0.000050 0.000102 0.000051 0.000027 
5458560 kmeans 1 1132 44 1.072000 0.924000  0.000025 0.000019 0.000053 0.000117 0.000059 0.000030 
5458560 kmeans 1 1132 44 1.072000 0.925000  0.000027 0.000020 0.000054 0.000115 0.000058 0.000030 
5458560 kmeans 1 1132 45 1.072000 0.925000  0.000024 0.000019 0.000053 0.000116 0.000058 0.000030 
5458688 kmeans 1 1132 45 1.072000 1.696000  0.000023 0.000019 0.000052 0.000109 0.000057 0.000030 
5458688 kmeans 1 1132 44 1.072000 1.002000  0.000019 0.000017 0.000048 0.000091 0.000049 0.000027 
5458688 kmeans 1 1132 44 1.072000 1.003000  0.000021 0.000018 0.000050 0.000100 0.000054 0.000028 
5458688 kmeans 1 1132 44 1.072000 1.002000  0.000025 0.000020 0.000053 0.000143 0.000055 0.000028 
5458688 kmeans 1 1132 44 1.072000 1.389000  0.000020 0.000018 0.000050 0.000103 0.000054 0.000028 
5458688 kmeans 1 1132 45 1.072000 0.926000  0.611405 0.226173 0.578550 0.611563 0.257404 0.120367 
5458816 kmeans 1 1132 45 1.072000 0.926000  0.000022 0.000018 0.000052 0.000109 0.000057 0.000029 
5458816 kmeans 1 1132 45 1.072000 1.465000  0.000027 0.000020 0.000053 0.000115 0.000058 0.000030 
5458816 kmeans 1 1132 45 1.072000 0.926000  0.000025 0.000018 0.000052 0.000115 0.000052 0.000028 
5458816 kmeans 1 1132 45 1.072000 1.309000  0.000023 0.000019 0.000053 0.000115 0.000056 0.000029 
5458816 kmeans 1 1132 45 1.072000 1.465000  0.000020 0.000018 0.000050 0.000098 0.000056 0.000029 
5458944 kmeans 1 1132 45 1.072000 0.925000  0.000025 0.000019 0.000053 0.000113 0.000057 0.000029 
5458944 kmeans 1 1132 45 1.072000 1.466000  0.000020 0.000018 0.000051 0.000156 0.000063 0.000031 
5458944 kmeans 1 1132 45 1.072000 0.926000  0.000019 0.000017 0.000048 0.000092 0.000048 0.000026 
5458944 kmeans 1 1132 45 1.072000 1.388000  0.000020 0.000018 0.000050 0.000096 0.000053 0.000028 
5458944 kmeans 1 1132 44 1.072000 0.925000  0.000020 0.000018 0.000050 0.000097 0.000053 0.000028 
5458944 kmeans 1 1132 44 1.072000 1.234000  0.000020 0.000018 0.000050 0.000096 0.000053 0.000028 
5459072 kmeans 1 1132 45 1.072000 1.541000  0.000020 0.000018 0.000049 0.000096 0.000052 0.000028 
5459072 kmeans 1 1132 45 1.072000 0.926000  0.000019 0.000017 0.000047 0.000105 0.000049 0.000026 
5459072 kmeans 1 1132 44 1.072000 1.157000  0.000025 0.000019 0.000052 0.000114 0.000058 0.000030 
5459072 kmeans 1 1132 44 1.072000 1.156000  0.000021 0.000018 0.000049 0.000099 0.000052 0.000027 
5459072 kmeans 1 1132 45 1.072000 0.925000  0.000019 0.000018 0.000049 0.000095 0.000052 0.000027 
5459200 kmeans 1 1132 45 1.072000 1.696000  0.000021 0.000018 0.000051 0.000112 0.000056 0.000029 
5459200 kmeans 1 1132 45 1.072000 1.002000  0.000018 0.000017 0.000047 0.000089 0.000048 0.000026 
5459200 kmeans 1 1132 45 1.072000 1.466000  0.000020 0.000018 0.000049 0.000095 0.000052 0.000027 
5459200 kmeans 1 1132 45 1.072000 0.925000  0.000020 0.000018 0.000049 0.000096 0.000054 0.000028 
5459200 kmeans 1 1132 45 1.072000 0.925000  0.000019 0.000018 0.000049 0.000094 0.000052 0.000027 
5459200 kmeans 1 1132 45 1.072000 1.079000  0.000022 0.000018 0.000051 0.000108 0.000055 0.000028 
5459328 kmeans 1 1132 44 1.072000 1.080000  0.000023 0.000018 0.000049 0.000098 0.000050 0.000027 
5459328 kmeans 1 1132 44 1.072000 1.465000  0.000020 0.000018 0.000049 0.000095 0.000051 0.000027 
5459328 kmeans 1 1132 45 1.072000 0.925000  0.000020 0.000017 0.000048 0.000104 0.000050 0.000027 
5459328 kmeans 1 1132 45 1.072000 0.924000  0.000025 0.000018 0.000050 0.000100 0.000052 0.000027 
5459328 kmeans 1 1132 45 1.072000 0.925000  0.000021 0.000018 0.000049 0.000098 0.000051 0.000027 
5459328 kmeans 1 1132 45 1.072000 1.155000  0.000023 0.000018 0.000051 0.000121 0.000058 0.000029 
5459456 kmeans 1 1132 45 1.072000 1.694000  0.000025 0.000019 0.000051 0.000110 0.000056 0.000029 
5459456 kmeans 1 1132 45 1.072000 1.002000  0.000020 0.000017 0.000048 0.000107 0.000050 0.000026 
5459456 kmeans 1 1132 45 1.072000 1.388000  0.000023 0.000018 0.000051 0.000108 0.000056 0.000028 
5459456 kmeans 1 1132 45 1.072000 0.925000  0.000020 0.000018 0.000048 0.000095 0.000050 0.000027 
5459456 kmeans 1 1132 45 1.072000 1.002000  0.000024 0.000019 0.000051 0.000108 0.000056 0.000029 
5459584 kmeans 1 1132 45 1.072000 1.619000  0.000021 0.000017 0.000049 0.000105 0.000054 0.000028 
5459584 kmeans 1 1132 44 1.072000 0.925000  0.000018 0.000016 0.000046 0.000092 0.000047 0.000025 
5459584 kmeans 1 1132 44 1.072000 1.464000  0.000247 0.000114 0.000235 0.000470 0.000191 0.000086 
5459584 kmeans 1 1132 44 1.072000 1.002000  0.000037 0.000030 0.000083 0.000184 0.000095 0.000048 
5459584 kmeans 1 1132 44 1.072000 1.079000  0.000019 0.000017 0.000048 0.000092 0.000051 0.000027 
5459712 kmeans 1 1132 44 1.072000 1.388000  0.000040 0.000236 0.000157 0.000483 0.000000 0.000027 
5459712 kmeans 1 1132 44 1.072000 1.002000  0.000019 0.000017 0.000047 0.000093 0.000050 0.000026 
5459712 kmeans 1 1132 44 1.072000 1.002000  0.000023 0.000018 0.000053 0.000140 0.000059 0.000029 
5459712 kmeans 1 1132 44 1.072000 1.465000  0.000047 0.000033 0.000075 0.000171 0.000081 0.000043 
5459712 kmeans 1 1132 44 1.072000 1.002000  0.009154 0.001449 0.002954 0.009275 0.002053 0.000811 
5459712 kmeans 1 1132 44 1.072000 1.079000  0.000134 0.000120 0.000314 0.000747 0.000347 0.000179 
5459840 kmeans 1 1132 44 1.072000 1.541000  0.000037 0.000030 0.000085 0.000188 0.000094 0.000048 
5459840 kmeans 1 1132 44 1.072000 0.925000  0.000018 0.000016 0.000045 0.000087 0.000047 0.000025 
5459840 kmeans 1 1132 45 1.072000 1.541000  0.000019 0.000025 0.000061 0.000126 0.000070 0.000034 
5459840 kmeans 1 1132 45 1.072000 1.002000  0.000020 0.000017 0.000047 0.000093 0.000050 0.000026 
5459840 kmeans 1 1132 45 1.072000 0.924000  0.000023 0.000018 0.000049 0.000106 0.000054 0.000028 
5459968 kmeans 1 1132 45 1.072000 1.388000  0.000024 0.000018 0.000050 0.000110 0.000056 0.000028 
5459968 kmeans 1 1132 45 1.072000 0.925000  0.000018 0.000016 0.000045 0.000087 0.000046 0.000025 
5459968 kmeans 1 1132 45 1.072000 1.541000  0.000021 0.000018 0.000049 0.000106 0.000053 0.000028 
5459968 kmeans 1 1132 45 1.072000 0.925000  0.000023 0.000017 0.000047 0.000100 0.000048 0.000026 
5459968 kmeans 1 1132 45 1.072000 1.233000  0.000020 0.000017 0.000049 0.000101 0.000053 0.000027 
5459968 kmeans 1 1132 45 1.072000 0.925000  0.000020 0.000017 0.000047 0.000104 0.000051 0.000027 
5460096 kmeans 1 1132 44 1.072000 1.002000  0.000023 0.000018 0.000049 0.000107 0.000054 0.000028 
5460096 kmeans 1 1132 44 1.072000 1.695000  0.000019 0.000017 0.000047 0.000090 0.000049 0.000026 
5460096 kmeans 1 1132 44 1.072000 1.079000  0.000028 0.000017 0.000048 0.000105 0.000048 0.000026 
5460096 kmeans 1 1132 44 1.072000 1.234000  0.000023 0.000018 0.000050 0.000108 0.000055 0.000028 
5460096 kmeans 1 1132 44 1.072000 0.925000  0.000025 0.000018 0.000049 0.000110 0.000055 0.000028 
5460096 kmeans 1 1132 44 1.072000 0.925000  0.000023 0.000018 0.000050 0.000110 0.000055 0.000028 
5460224 kmeans 1 1132 44 1.072000 1.621000  0.000019 0.000017 0.000047 0.000126 0.000060 0.000030 
5460224 kmeans 1 1132 44 1.072000 1.004000  0.042165 0.009756 0.020883 0.042285 0.011671 0.005170 
5460224 kmeans 1 1132 44 1.072000 1.309000  0.000018 0.000017 0.000046 0.000090 0.000049 0.000026 
5460224 kmeans 1 1132 44 1.072000 1.003000  0.000019 0.000017 0.000049 0.000107 0.000054 0.000028 
5460224 kmeans 1 1132 44 1.072000 1.155000  0.000038 0.000019 0.000049 0.000117 0.000054 0.000027 
5460352 kmeans 1 1132 44 1.072000 1.543000  0.000020 0.000017 0.000048 0.000102 0.000052 0.000027 
5460352 kmeans 1 1132 44 1.072000 1.002000  0.000022 0.000018 0.000049 0.000103 0.000052 0.000027 
5460352 kmeans 1 1132 44 1.072000 1.466000  0.000022 0.000018 0.000051 0.000111 0.000054 0.000028 
5460352 kmeans 1 1132 44 1.072000 0.925000  0.000025 0.000017 0.000048 0.000120 0.000050 0.000026 
5460352 kmeans 1 1132 44 1.072000 1.541000  0.000023 0.000018 0.000049 0.000107 0.000054 0.000028 
5460352 kmeans 1 1132 44 1.072000 1.312000  0.000034 0.000028 0.000076 0.000164 0.000081 0.000042 
5460480 kmeans 1 1132 44 1.072000 1.157000  0.000023 0.000018 0.000050 0.000109 0.000055 0.000028 
5460480 kmeans 1 1132 44 1.072000 1.388000  0.000019 0.000024 0.000059 0.000152 0.000073 0.000035 
5460480 kmeans 1 1132 44 1.072000 0.926000  0.000028 0.000017 0.000047 0.000105 0.000048 0.000025 
5460480 kmeans 1 1132 44 1.072000 1.081000  0.000018 0.000017 0.000046 0.000088 0.000048 0.000026 
5460480 kmeans 1 1132 44 1.072000 0.926000  0.000019 0.000017 0.000046 0.000090 0.000049 0.000025 
5460608 kmeans 1 1132 44 1.072000 0.925000  0.000018 0.000017 0.000046 0.000088 0.000048 0.000025 
5460608 kmeans 1 1132 44 1.072000 1.465000  0.000018 0.000017 0.000046 0.000088 0.000048 0.000025 
5460608 kmeans 1 1132 44 1.072000 0.926000  0.000018 0.000016 0.000044 0.000085 0.000045 0.000024 
5460608 kmeans 1 1132 44 1.072000 1.467000  0.000018 0.000016 0.000045 0.000095 0.000049 0.000026 
5460608 kmeans 1 1132 44 1.072000 1.004000  0.000017 0.000016 0.000044 0.000096 0.000045 0.000024 
5460608 kmeans 1 1132 44 1.072000 1.232000  0.000022 0.000017 0.000047 0.000104 0.000052 0.000027 
5460736 kmeans 1 1132 44 1.072000 0.926000  0.000020 0.000016 0.000047 0.000101 0.000051 0.000027 
5460736 kmeans 1 1132 44 1.072000 0.925000  0.000018 0.000016 0.000043 0.000085 0.000044 0.000024 
5460736 kmeans 1 1132 44 1.072000 1.466000  0.000018 0.000016 0.000045 0.000086 0.000048 0.000025 
5460736 kmeans 1 1132 44 1.072000 0.926000  0.000024 0.000017 0.000048 0.000103 0.000052 0.000027 
5460736 kmeans 1 1132 44 1.072000 0.924000  0.000022 0.000017 0.000048 0.000103 0.000052 0.000026 
5460864 kmeans 1 1132 44 1.072000 0.925000  0.000022 0.000016 0.000060 0.000181 0.000062 0.000030 
5460864 kmeans 1 1132 44 1.072000 1.157000  0.000017 0.000015 0.000043 0.000084 0.000045 0.000024 
5460864 kmeans 1 1132 44 1.072000 1.234000  0.000017 0.000017 0.000045 0.000093 0.000049 0.000025 
5460864 kmeans 1 1132 44 1.072000 0.926000  0.000019 0.000016 0.000045 0.000096 0.000046 0.000024 
