#Timestamp	Benchmark	Run(#)	CPU Frequency (MHz)	CPU Temperature(C)	CPU Voltage(V)	CPU Power(W)	CPU_CYCLES	L1_DATA_CACHE_ACCESS	INSTRUCTIONS_RETIRED	BUS_CYCLES	L1I_CACHE_ACCESS	PREDICTABLE_BRANCH_SPECULATIVELY_EXECUTED
4693888 heartwall 1 825 42 0.976000 0.849000  0.000142 0.000127 0.000350 0.000688 0.000374 0.000196 
4693888 heartwall 1 825 42 0.976000 1.312000  0.000037 0.000032 0.000090 0.000181 0.000115 0.000056 
4693888 heartwall 1 825 42 0.976000 0.693000  0.000136 0.000119 0.000332 0.000666 0.000342 0.000183 
4694016 heartwall 1 825 42 0.976000 1.003000  0.000168 0.000133 0.000357 0.000921 0.000430 0.000215 
4694016 heartwall 1 825 43 0.976000 0.847000  0.000155 0.000124 0.000337 0.000721 0.000353 0.000186 
4694016 heartwall 1 825 43 0.976000 1.002000  0.000138 0.000121 0.000331 0.000641 0.000355 0.000186 
4694016 heartwall 1 825 42 0.976000 1.080000  0.000141 0.000119 0.000327 0.000667 0.000350 0.000183 
4694016 heartwall 1 825 43 0.976000 1.079000  0.000132 0.000118 0.000326 0.000637 0.000346 0.000181 
4694144 heartwall 1 825 43 0.976000 1.312000  0.000143 0.000117 0.000321 0.000668 0.000345 0.000179 
4694144 heartwall 1 825 42 0.976000 0.847000  0.000129 0.000116 0.000318 0.000620 0.000339 0.000178 
4694144 heartwall 1 825 42 0.976000 0.846000  0.000129 0.000108 0.000300 0.000615 0.000309 0.000166 
4694144 heartwall 1 825 44 0.976000 0.769000  0.000120 0.000107 0.000298 0.000589 0.000307 0.000173 
4694144 heartwall 1 825 44 0.976000 0.461000  0.000112 0.000106 0.000296 0.000557 0.000303 0.000163 
4694144 heartwall 1 825 44 0.976000 0.769000  0.000120 0.000110 0.000303 0.000580 0.000321 0.000169 
4694272 heartwall 1 825 45 0.976000 0.462000  0.000132 0.000104 0.000289 0.000608 0.000303 0.000160 
4694272 heartwall 1 825 45 0.976000 0.846000  0.000287 0.000120 0.000317 0.000760 0.000323 0.000167 
4694272 heartwall 1 825 45 0.976000 0.461000  0.000115 0.000102 0.000286 0.000561 0.000295 0.000158 
4694272 heartwall 1 825 45 0.976000 0.461000  0.000113 0.000105 0.000308 0.002959 0.001015 0.000431 
4694272 heartwall 1 825 45 0.976000 0.769000  0.000137 0.000113 0.000308 0.000636 0.000344 0.000175 
4694400 heartwall 1 825 45 0.976000 1.230000  0.000133 0.000100 0.000279 0.000590 0.000290 0.000154 
4694400 heartwall 1 825 45 0.976000 0.923000  0.000109 0.000099 0.000275 0.000522 0.000283 0.000152 
4694400 heartwall 1 825 45 0.976000 0.538000  0.000103 0.000098 0.000274 0.000515 0.000282 0.000152 
4694400 heartwall 1 825 45 0.976000 0.461000  0.000106 0.000098 0.000273 0.000513 0.000281 0.000151 
4694400 heartwall 1 825 46 0.976000 0.461000  0.000123 0.000124 0.000317 0.000762 0.000347 0.000171 
4694400 heartwall 1 825 46 0.976000 0.846000  0.000107 0.000105 0.000286 0.000695 0.000293 0.000153 
4694528 heartwall 1 825 46 0.976000 1.154000  0.000111 0.000096 0.000269 0.000521 0.000282 0.000149 
4694528 heartwall 1 825 46 0.976000 0.616000  0.000103 0.000096 0.000267 0.000510 0.000274 0.000147 
4694528 heartwall 1 825 46 0.976000 0.462000  0.000105 0.000095 0.000267 0.000506 0.000274 0.000147 
4694528 heartwall 1 825 46 0.976000 0.539000  0.000139 0.000108 0.000290 0.000623 0.000325 0.000163 
4694528 heartwall 1 825 46 0.976000 0.846000  0.000106 0.000094 0.000261 0.000508 0.000270 0.000144 
4694656 heartwall 1 825 46 0.976000 0.847000  0.000099 0.000093 0.000260 0.000507 0.000266 0.000144 
4694656 heartwall 1 825 46 0.976000 0.692000  0.000106 0.000093 0.000259 0.000506 0.000269 0.000144 
4694656 heartwall 1 825 46 0.976000 0.461000  0.000105 0.000093 0.000258 0.000688 0.000302 0.000153 
4694656 heartwall 1 825 46 0.976000 0.770000  0.000107 0.000097 0.000265 0.000515 0.000281 0.000171 
4694656 heartwall 1 825 46 0.976000 0.846000  0.000006 0.000004 0.000011 0.000025 0.000014 0.000007 
4694656 heartwall 1 825 46 0.976000 0.461000  0.000098 0.000089 0.000249 0.000496 0.000260 0.000138 
4694784 heartwall 1 825 46 0.976000 0.461000  0.000094 0.000089 0.000248 0.000464 0.000254 0.000137 
4694784 heartwall 1 825 46 0.976000 0.615000  0.000780 0.000611 0.001607 0.004019 0.001871 0.000845 
4694784 heartwall 1 825 46 0.976000 0.923000  0.000104 0.000093 0.000333 0.000728 0.000331 0.000187 
4694784 heartwall 1 825 46 0.976000 0.847000  0.000096 0.000086 0.000241 0.000466 0.000251 0.000133 
4694784 heartwall 1 825 46 0.976000 0.539000  0.000096 0.000087 0.000240 0.000462 0.000251 0.000133 
4694912 heartwall 1 825 46 0.976000 0.539000  0.000091 0.000085 0.000239 0.000450 0.000244 0.000132 
4694912 heartwall 1 825 46 0.976000 0.925000  0.000116 0.000095 0.000261 0.000552 0.000285 0.000145 
4694912 heartwall 1 825 46 0.976000 0.847000  0.000097 0.000085 0.000237 0.000473 0.000246 0.000130 
4694912 heartwall 1 825 46 0.976000 0.847000  0.000093 0.000084 0.000236 0.000454 0.000244 0.000130 
4694912 heartwall 1 825 46 0.976000 0.538000  0.000091 0.000084 0.000235 0.000448 0.000242 0.000130 
4695040 heartwall 1 825 46 0.976000 0.769000  0.000118 0.000088 0.000243 0.000516 0.000258 0.000136 
4695040 heartwall 1 825 46 0.976000 0.616000  0.000458 0.000130 0.000421 0.000822 0.000347 0.000173 
4695040 heartwall 1 825 46 0.976000 0.847000  0.000098 0.000083 0.000232 0.000476 0.000239 0.000128 
4695040 heartwall 1 825 46 0.976000 0.769000  0.000088 0.000083 0.000231 0.000443 0.000240 0.000128 
4695040 heartwall 1 825 46 0.976000 0.538000  0.000088 0.000083 0.000230 0.000437 0.000239 0.000128 
4695040 heartwall 1 825 46 0.976000 0.461000  0.000114 0.000089 0.000248 0.000541 0.000251 0.000132 
4695168 heartwall 1 825 47 0.976000 0.923000  0.000120 0.000087 0.000243 0.000572 0.000272 0.000138 
4695168 heartwall 1 825 47 0.976000 1.308000  0.000103 0.000081 0.000228 0.000481 0.000235 0.000125 
4695168 heartwall 1 825 46 0.976000 0.538000  0.000089 0.000081 0.000227 0.000439 0.000235 0.000126 
4695168 heartwall 1 825 46 0.976000 0.615000  0.000086 0.000081 0.000226 0.000429 0.000234 0.000125 
4695168 heartwall 1 825 47 0.976000 0.538000  0.000093 0.000086 0.000237 0.000465 0.000251 0.000132 
4695296 heartwall 1 825 46 0.976000 0.923000  0.000099 0.000084 0.000252 0.000809 0.000275 0.000139 
4695296 heartwall 1 825 46 0.976000 1.307000  0.000087 0.000080 0.000224 0.000428 0.000229 0.000123 
4695296 heartwall 1 825 47 0.976000 0.538000  0.071534 0.177417 0.060296 0.177426 0.000018 0.002648 
4695296 heartwall 1 825 47 0.976000 1.230000  0.000001 0.000011 0.000008 0.000021 0.000000 0.000001 
4695296 heartwall 1 825 47 0.976000 0.923000  0.000092 0.000084 0.000232 0.000460 0.000252 0.000132 
4695296 heartwall 1 825 47 0.976000 0.923000  0.000114 0.000089 0.000242 0.000699 0.000283 0.000142 
4695424 heartwall 1 825 47 0.976000 1.231000  0.000091 0.000079 0.000221 0.000427 0.000229 0.000122 
4695424 heartwall 1 825 47 0.976000 0.538000  0.000086 0.000079 0.000221 0.000468 0.000233 0.000124 
4695424 heartwall 1 825 47 0.976000 0.538000  0.000107 0.000088 0.000242 0.000510 0.000262 0.000136 
4695424 heartwall 1 825 47 0.976000 0.539000  0.000103 0.000083 0.000237 0.000559 0.000258 0.000132 
4695424 heartwall 1 825 47 0.976000 1.230000  0.000280 0.000106 0.000262 0.000633 0.000278 0.000135 
4695552 heartwall 1 825 47 0.976000 0.846000  0.003096 0.000959 0.001902 0.003442 0.001485 0.000571 
4695552 heartwall 1 825 47 0.976000 0.770000  0.000084 0.000077 0.000216 0.000416 0.000224 0.000120 
4695552 heartwall 1 825 47 0.976000 0.462000  0.000083 0.000077 0.000215 0.000414 0.000222 0.000118 
4695552 heartwall 1 825 47 0.976000 0.616000  0.000111 0.000084 0.000236 0.000524 0.000262 0.000134 
4695552 heartwall 1 825 47 0.976000 0.847000  0.000086 0.000076 0.000213 0.000425 0.000220 0.000118 
4695552 heartwall 1 825 47 0.976000 0.769000  0.000082 0.000076 0.000213 0.000404 0.000219 0.000118 
4695680 heartwall 1 825 47 0.976000 0.923000  0.000083 0.000076 0.000212 0.000412 0.000220 0.000117 
4695680 heartwall 1 825 47 0.976000 0.538000  0.000090 0.000076 0.000211 0.000427 0.000219 0.000117 
4695680 heartwall 1 825 47 0.976000 0.770000  0.000704 0.000473 0.001289 0.003038 0.001456 0.000766 
4695680 heartwall 1 825 47 0.976000 1.231000  0.000151 0.000087 0.000228 0.000558 0.000235 0.000121 
4695680 heartwall 1 825 47 0.976000 0.461000  0.000078 0.000074 0.000206 0.000390 0.000214 0.000114 
4695808 heartwall 1 825 47 0.976000 0.538000  0.000080 0.000074 0.000205 0.000392 0.000214 0.000114 
4695808 heartwall 1 825 47 0.976000 0.461000  0.000086 0.000078 0.000214 0.000407 0.000228 0.000120 
4695808 heartwall 1 825 47 0.976000 1.076000  0.000101 0.000082 0.000221 0.000481 0.000247 0.000125 
4695808 heartwall 1 825 47 0.976000 1.076000  0.000087 0.000072 0.000206 0.000431 0.000214 0.000115 
4695808 heartwall 1 825 47 0.976000 0.538000  0.000078 0.000072 0.000202 0.000382 0.000209 0.000111 
4695808 heartwall 1 825 47 0.976000 1.000000  0.000079 0.000072 0.000201 0.000386 0.000208 0.000112 
4695936 heartwall 1 825 47 0.976000 0.539000  0.000089 0.000079 0.000219 0.000488 0.000245 0.000127 
4695936 heartwall 1 825 47 0.976000 0.846000  0.000107 0.000081 0.000218 0.000452 0.000223 0.000115 
4695936 heartwall 1 825 47 0.976000 1.230000  0.000077 0.000071 0.000199 0.000380 0.000205 0.000110 
4695936 heartwall 1 825 47 0.976000 0.539000  0.000076 0.000071 0.000198 0.000376 0.000204 0.000109 
4695936 heartwall 1 825 47 0.976000 0.538000  0.000074 0.000071 0.000198 0.000370 0.000203 0.000109 
4696064 heartwall 1 825 47 0.976000 0.539000  0.000083 0.000075 0.000205 0.000408 0.000218 0.000114 
4696064 heartwall 1 825 47 0.976000 0.847000  0.000083 0.000109 0.000263 0.000560 0.000311 0.000150 
4696064 heartwall 1 825 47 0.976000 1.309000  0.000077 0.000075 0.000204 0.000476 0.000215 0.000110 
4696064 heartwall 1 825 47 0.976000 0.538000  0.000073 0.000069 0.000193 0.000363 0.000200 0.000107 
4696064 heartwall 1 825 47 0.976000 0.461000  0.000073 0.000069 0.000192 0.000359 0.000197 0.000106 
4696064 heartwall 1 825 47 0.976000 0.770000  0.000078 0.000073 0.000199 0.000383 0.000211 0.000111 
4696192 heartwall 1 825 47 0.976000 0.539000  0.000074 0.000068 0.000191 0.000365 0.000196 0.000105 
4696192 heartwall 1 825 47 0.976000 0.539000  0.000072 0.000068 0.000190 0.000361 0.000196 0.000105 
4696192 heartwall 1 825 47 0.976000 0.461000  0.000072 0.000068 0.000190 0.000360 0.000196 0.000105 
4696192 heartwall 1 825 47 0.976000 0.769000  0.000071 0.000068 0.000189 0.000356 0.000195 0.000105 
4696192 heartwall 1 825 47 0.976000 0.770000  0.000019 0.000018 0.000051 0.000100 0.000064 0.000032 
4696320 heartwall 1 825 46 0.976000 0.771000  0.000081 0.000084 0.000218 0.000477 0.000224 0.000115 
