#Timestamp	Benchmark	Run(#)	CPU Frequency (MHz)	CPU Temperature(C)	CPU Voltage(V)	CPU Power(W)	CPU_CYCLES	L1_DATA_CACHE_ACCESS	INSTRUCTIONS_RETIRED	BUS_CYCLES	L1I_CACHE_ACCESS	PREDICTABLE_BRANCH_SPECULATIVELY_EXECUTED
4475776 myocyte 1 710 40 0.919000 0.694000  0.000065 0.000052 0.000173 0.000352 0.000223 0.000104 
4475776 myocyte 1 710 40 0.919000 0.694000  0.000072 0.000053 0.000142 0.000326 0.000162 0.000081 
4475776 myocyte 1 710 40 0.919000 0.694000  0.000063 0.000047 0.000134 0.000286 0.000138 0.000073 
4475776 myocyte 1 710 40 0.919000 0.847000  0.000076 0.000053 0.000147 0.000356 0.000158 0.000081 
4475776 myocyte 1 710 40 0.919000 0.926000  0.000064 0.000050 0.000138 0.000314 0.000147 0.000081 
4475904 myocyte 1 710 40 0.919000 0.924000  0.000065 0.000052 0.000145 0.000298 0.000154 0.000080 
4475904 myocyte 1 710 40 0.919000 0.770000  0.000071 0.000048 0.000140 0.000320 0.000143 0.000075 
4475904 myocyte 1 710 40 0.919000 0.925000  0.000488 0.000218 0.000444 0.001042 0.000390 0.000190 
4475904 myocyte 1 710 40 0.919000 1.080000  0.000061 0.000048 0.000130 0.000294 0.000140 0.000073 
4475904 myocyte 1 710 40 0.919000 1.003000  0.000094 0.000055 0.000163 0.000445 0.000180 0.000087 
4476032 myocyte 1 710 40 0.919000 0.771000  0.000074 0.000054 0.000145 0.000353 0.000156 0.000081 
4476032 myocyte 1 710 40 0.919000 0.847000  0.000052 0.000051 0.000141 0.000313 0.000152 0.000078 
4476032 myocyte 1 710 40 0.919000 1.002000  0.000071 0.000050 0.000144 0.000323 0.000152 0.000078 
4476032 myocyte 1 710 40 0.919000 0.771000  0.000067 0.000052 0.000144 0.000315 0.000152 0.000078 
4476032 myocyte 1 710 40 0.919000 1.002000  0.000061 0.000051 0.000139 0.000318 0.000152 0.000077 
4476160 myocyte 1 710 40 0.919000 0.848000  0.000069 0.000047 0.000133 0.000305 0.000138 0.000072 
4476160 myocyte 1 710 40 0.919000 0.848000  0.000050 0.000049 0.000138 0.000304 0.000148 0.000076 
4476160 myocyte 1 710 40 0.919000 0.770000  0.000069 0.000047 0.000132 0.000293 0.000135 0.000071 
4476160 myocyte 1 710 40 0.919000 0.924000  0.081047 0.021283 0.045423 0.081150 0.025344 0.010907 
4476160 myocyte 1 710 40 0.919000 1.078000  0.000016 0.000014 0.000040 0.000078 0.000040 0.000022 
4476288 myocyte 1 710 40 0.919000 0.926000  0.000060 0.000055 0.000151 0.000375 0.000168 0.000082 
4476288 myocyte 1 710 40 0.919000 1.002000  0.000382 0.000131 0.000299 0.000642 0.000258 0.000120 
4476288 myocyte 1 710 40 0.919000 0.769000  0.000071 0.000051 0.000135 0.000315 0.000143 0.000073 
4476288 myocyte 1 710 40 0.919000 0.926000  0.000079 0.000050 0.000135 0.000316 0.000144 0.000075 
4476288 myocyte 1 710 40 0.919000 0.770000  0.000057 0.000046 0.000129 0.000284 0.000134 0.000071 
4476288 myocyte 1 710 40 0.919000 0.848000  0.000060 0.000048 0.000133 0.000295 0.000143 0.000074 
4476416 myocyte 1 710 40 0.919000 0.770000  0.000066 0.000044 0.000128 0.000289 0.000130 0.000070 
4476416 myocyte 1 710 40 0.919000 0.847000  0.000299 0.000118 0.000270 0.000998 0.000315 0.000150 
4476416 myocyte 1 710 40 0.919000 1.233000  0.000061 0.000046 0.000129 0.000294 0.000138 0.000072 
4476416 myocyte 1 710 40 0.919000 0.771000  0.010526 0.003287 0.007143 0.010590 0.003736 0.001632 
4476544 myocyte 1 710 40 0.919000 0.849000  0.000017 0.000015 0.000041 0.000083 0.000043 0.000023 
4476544 myocyte 1 710 40 0.919000 1.002000  0.000011 0.000011 0.000083 0.000228 0.000111 0.000046 
4476544 myocyte 1 710 40 0.919000 1.002000  0.000012 0.000011 0.000038 0.000166 0.000064 0.000028 
4476544 myocyte 1 710 40 0.919000 0.771000  0.003614 0.001353 0.002923 0.003674 0.001452 0.000703 
4476544 myocyte 1 710 40 0.919000 0.925000  0.000017 0.000015 0.000041 0.000080 0.000044 0.000023 
4476544 myocyte 1 710 40 0.919000 0.771000  0.000016 0.000014 0.000039 0.000077 0.000040 0.000022 
4476672 myocyte 1 710 40 0.919000 0.925000  0.000016 0.000015 0.000052 0.000106 0.000060 0.000030 
4476672 myocyte 1 710 40 0.919000 0.694000  0.000012 0.000019 0.000053 0.000143 0.000054 0.000028 
4476672 myocyte 1 710 40 0.919000 1.002000  0.000011 0.000011 0.000038 0.000164 0.000062 0.000028 
4476672 myocyte 1 710 40 0.919000 0.770000  0.000016 0.000015 0.000052 0.000108 0.000052 0.000029 
4476672 myocyte 1 710 40 0.919000 0.694000  0.000014 0.000021 0.000064 0.000206 0.000079 0.000041 
4476800 myocyte 1 710 40 0.919000 0.925000  0.000010 0.000022 0.000058 0.000184 0.000060 0.000029 
4476800 myocyte 1 710 40 0.919000 0.694000  0.000038 0.000014 0.000036 0.000086 0.000056 0.000029 
4476800 myocyte 1 710 40 0.919000 0.771000  0.000039 0.000014 0.000051 0.000184 0.000060 0.000027 
4476800 myocyte 1 710 40 0.919000 1.002000  0.000011 0.000010 0.000029 0.000156 0.000059 0.000026 
4476800 myocyte 1 710 40 0.919000 0.693000  0.000035 0.000014 0.000036 0.000081 0.000054 0.000028 
4476928 myocyte 1 710 40 0.919000 0.771000  0.000039 0.000014 0.000043 0.000140 0.000055 0.000025 
4476928 myocyte 1 710 40 0.919000 0.771000  0.000036 0.000015 0.000059 0.000222 0.000065 0.000028 
4476928 myocyte 1 710 40 0.919000 0.849000  0.000011 0.000017 0.000051 0.000145 0.000051 0.000026 
4476928 myocyte 1 710 40 0.919000 0.694000  0.000091 0.000022 0.000066 0.000206 0.000066 0.000030 
4476928 myocyte 1 710 40 0.919000 0.925000  0.000035 0.000013 0.000035 0.000149 0.000061 0.000027 
4477056 myocyte 1 710 40 0.919000 0.847000  0.000035 0.000013 0.000035 0.000080 0.000053 0.000027 
4477056 myocyte 1 710 40 0.919000 0.692000  0.000033 0.000013 0.000034 0.000101 0.000055 0.000027 
4477056 myocyte 1 710 40 0.919000 1.079000  0.000059 0.000020 0.000048 0.000131 0.000047 0.000027 
4477056 myocyte 1 710 40 0.919000 0.694000  0.000010 0.000009 0.000054 0.000193 0.000061 0.000028 
4477056 myocyte 1 710 40 0.919000 0.771000  0.000011 0.000010 0.000034 0.000148 0.000056 0.000025 
4477056 myocyte 1 710 40 0.919000 0.694000  0.000012 0.000009 0.000027 0.000059 0.000034 0.000017 
4477184 myocyte 1 710 40 0.919000 0.924000  0.000010 0.000009 0.000053 0.000170 0.000056 0.000025 
4477184 myocyte 1 710 40 0.919000 0.771000  0.000034 0.000013 0.000033 0.000079 0.000051 0.000026 
4477184 myocyte 1 710 40 0.919000 0.771000  0.000033 0.000013 0.000033 0.000099 0.000054 0.000026 
4477184 myocyte 1 710 40 0.919000 1.079000  0.000010 0.000013 0.000053 0.000171 0.000055 0.000024 
4477184 myocyte 1 710 40 0.919000 0.694000  0.000010 0.000009 0.000033 0.000078 0.000038 0.000018 
4477312 myocyte 1 710 40 0.919000 0.771000  0.000010 0.000012 0.000033 0.000171 0.000060 0.000026 
4477312 myocyte 1 710 40 0.919000 0.924000  0.000010 0.000009 0.000026 0.000121 0.000049 0.000022 
4477312 myocyte 1 710 40 0.919000 1.002000  0.000010 0.000022 0.000050 0.000138 0.000049 0.000026 
4477312 myocyte 1 710 40 0.919000 0.694000  0.000033 0.000012 0.000043 0.000179 0.000061 0.000027 
4477312 myocyte 1 710 40 0.919000 1.002000  0.000010 0.000009 0.000044 0.000160 0.000052 0.000023 
4477440 myocyte 1 710 40 0.919000 0.770000  0.000033 0.000012 0.000032 0.000074 0.000048 0.000025 
4477440 myocyte 1 710 40 0.919000 0.694000  0.000031 0.000012 0.000032 0.000093 0.000051 0.000025 
4477440 myocyte 1 710 40 0.919000 1.002000  0.000010 0.000009 0.000025 0.000050 0.000033 0.000016 
4477440 myocyte 1 710 40 0.919000 1.233000  0.000056 0.000038 0.000108 0.000392 0.000152 0.000070 
4477440 myocyte 1 710 40 0.919000 0.771000  0.000045 0.000035 0.000100 0.000218 0.000104 0.000054 
4477440 myocyte 1 710 40 0.919000 0.848000  0.000055 0.000038 0.000108 0.000244 0.000113 0.000059 
4477568 myocyte 1 710 40 0.919000 0.771000  0.000046 0.000038 0.000105 0.000244 0.000114 0.000058 
4477568 myocyte 1 710 40 0.919000 0.771000  0.000054 0.000039 0.000107 0.000248 0.000113 0.000058 
4477568 myocyte 1 710 40 0.919000 1.080000  0.000039 0.000037 0.000104 0.000230 0.000111 0.000057 
4477568 myocyte 1 710 40 0.919000 0.848000  0.000036 0.000033 0.000091 0.000175 0.000095 0.000051 
4477568 myocyte 1 710 40 0.919000 0.770000  0.000040 0.000035 0.000097 0.000203 0.000107 0.000055 
4477696 myocyte 1 710 40 0.919000 0.616000  0.000041 0.000033 0.000096 0.000189 0.000098 0.000051 
