#Timestamp	Benchmark	Run(#)	CPU Frequency (MHz)	CPU Temperature(C)	CPU Voltage(V)	CPU Power(W)	CPU_CYCLES	L1_DATA_CACHE_ACCESS	INSTRUCTIONS_RETIRED	BUS_CYCLES	L1I_CACHE_ACCESS	PREDICTABLE_BRANCH_SPECULATIVELY_EXECUTED
463616 lud 1 102 31 0.842000 0.386000  0.000027 0.000161 0.000105 0.000336 0.000000 0.000020 
463616 lud 1 102 31 0.842000 0.385000  0.000018 0.000016 0.000051 0.000116 0.000054 0.000028 
463744 lud 1 102 31 0.842000 0.385000  0.000022 0.000018 0.000066 0.000189 0.000082 0.000052 
463872 lud 1 102 31 0.842000 0.385000  0.000020 0.000016 0.000076 0.000157 0.000068 0.000034 
463872 lud 1 102 31 0.842000 0.386000  0.000019 0.000016 0.000044 0.000091 0.000045 0.000024 
463872 lud 1 102 31 0.842000 0.386000  0.000093 0.000027 0.000102 0.000202 0.000080 0.000039 
464000 lud 1 102 31 0.842000 0.386000  0.000017 0.000023 0.000056 0.000154 0.000068 0.000033 
464128 lud 1 102 31 0.842000 0.385000  0.000004 0.000005 0.000014 0.000028 0.000016 0.000008 
464128 lud 1 102 31 0.842000 0.385000  0.000018 0.000025 0.000083 0.000167 0.000070 0.000035 
464256 lud 1 102 31 0.842000 0.385000  0.000005 0.000004 0.000012 0.000023 0.000015 0.000007 
464256 lud 1 102 31 0.842000 0.385000  0.000005 0.000004 0.000012 0.000026 0.000015 0.000007 
464256 lud 1 102 31 0.842000 0.308000  0.000004 0.000004 0.000012 0.000023 0.000015 0.000007 
464384 lud 1 102 31 0.842000 0.385000  0.000021 0.000016 0.000044 0.000089 0.000046 0.000024 
464384 lud 1 102 31 0.842000 0.386000  0.000005 0.000004 0.000012 0.000024 0.000015 0.000007 
464384 lud 1 102 31 0.842000 0.308000  0.000018 0.000016 0.000044 0.000086 0.000045 0.000024 
464512 lud 1 102 31 0.842000 0.385000  0.000019 0.000016 0.000044 0.000087 0.000214 0.000096 
464512 lud 1 102 31 0.842000 0.386000  0.000020 0.000017 0.000048 0.000095 0.000060 0.000029 
464640 lud 1 102 31 0.842000 0.385000  0.000018 0.000017 0.000054 0.000117 0.000058 0.000029 
464640 lud 1 102 31 0.842000 0.386000  0.000018 0.000016 0.000055 0.000141 0.000055 0.000027 
464640 lud 1 102 31 0.842000 0.385000  0.000018 0.000016 0.000044 0.000085 0.000045 0.000025 
464768 lud 1 102 31 0.842000 0.385000  0.000017 0.000016 0.000047 0.000097 0.000048 0.000025 
464768 lud 1 102 31 0.842000 0.308000  0.000513 0.000246 0.000554 0.000582 0.000264 0.000139 
464896 lud 1 102 31 0.842000 0.385000  0.000018 0.000016 0.000045 0.000097 0.000072 0.000034 
464896 lud 1 102 31 0.842000 0.385000  0.000018 0.000016 0.000043 0.000087 0.000044 0.000024 
465024 lud 1 102 31 0.842000 0.385000  0.000018 0.000017 0.000070 0.000179 0.000131 0.000055 
465024 lud 1 102 31 0.842000 0.385000  0.000005 0.000004 0.000012 0.000023 0.000015 0.000007 
465152 lud 1 102 31 0.842000 0.308000  0.000097 0.000033 0.000303 0.000551 0.000210 0.000090 
465152 lud 1 102 31 0.842000 0.385000  0.000024 0.000017 0.000070 0.000143 0.000064 0.000033 
465152 lud 1 102 31 0.842000 0.385000  0.000019 0.000015 0.000043 0.000103 0.000046 0.000025 
465280 lud 1 102 31 0.842000 0.386000  0.000018 0.000016 0.000045 0.000099 0.000048 0.000025 
465280 lud 1 102 31 0.842000 0.385000  0.000024 0.000017 0.000060 0.000155 0.000061 0.000029 
465280 lud 1 102 31 0.842000 0.385000  0.000017 0.000019 0.000049 0.000118 0.000051 0.000026 
465408 lud 1 102 31 0.842000 0.385000  0.000023 0.000017 0.000047 0.000096 0.000048 0.000026 
465408 lud 1 102 31 0.842000 0.385000  0.000018 0.000015 0.000043 0.000084 0.000044 0.000024 
465408 lud 1 102 31 0.842000 0.386000  0.000017 0.000015 0.000043 0.000085 0.000044 0.000025 
465536 lud 1 102 31 0.842000 0.385000  0.000017 0.000015 0.000043 0.000101 0.000052 0.000026 
465536 lud 1 102 31 0.842000 0.308000  0.000022 0.000017 0.000046 0.000094 0.033246 0.014393 
465536 lud 1 102 31 0.842000 0.385000  0.000135 0.000059 0.000127 0.000294 0.000105 0.000046 
465664 lud 1 102 31 0.842000 0.385000  0.000017 0.000016 0.000043 0.000089 0.000044 0.000023 
465664 lud 1 102 31 0.842000 0.308000  0.000022 0.000136 0.000086 0.000285 0.000000 0.000015 
465792 lud 1 102 31 0.842000 0.308000  0.000005 0.000038 0.000029 0.000076 0.000000 0.000004 
465792 lud 1 102 31 0.842000 0.386000  0.000005 0.000037 0.000028 0.000075 0.000000 0.000004 
465792 lud 1 102 31 0.842000 0.386000  0.000005 0.000035 0.000028 0.000072 0.000000 0.000004 
465792 lud 1 102 31 0.842000 0.385000  0.000005 0.000036 0.000028 0.000073 0.000000 0.000004 
465920 lud 1 102 31 0.842000 0.308000  0.000005 0.000035 0.000028 0.000071 0.000000 0.000004 
465920 lud 1 102 31 0.842000 0.385000  0.000016 0.000015 0.000042 0.000082 0.000043 0.000024 
465920 lud 1 102 31 0.842000 0.386000  0.000018 0.000015 0.000049 0.000117 0.000051 0.000028 
466048 lud 1 102 31 0.842000 0.386000  0.000018 0.000015 0.000045 0.000100 0.000046 0.000024 
466048 lud 1 102 31 0.842000 0.385000  0.004521 0.014254 0.005089 0.014471 0.000000 0.000099 
466048 lud 1 102 31 0.842000 0.308000  0.000022 0.000133 0.000083 0.000279 0.000000 0.000015 
466176 lud 1 102 31 0.842000 0.308000  0.000022 0.000130 0.000083 0.000273 0.000000 0.000015 
466176 lud 1 102 31 0.842000 0.385000  0.012599 0.003014 0.006431 0.012728 0.003820 0.001564 
466304 lud 1 102 31 0.842000 0.386000  0.000017 0.000015 0.000042 0.000085 0.000043 0.000023 
466304 lud 1 102 31 0.842000 0.385000  0.000018 0.000021 0.000058 0.000140 0.000057 0.000028 
466304 lud 1 102 31 0.842000 0.385000  0.098230 0.031420 0.075558 0.098378 0.039396 0.016569 
466432 lud 1 102 31 0.842000 0.308000  0.000016 0.000029 0.000070 0.000161 0.000063 0.000030 
466432 lud 1 102 31 0.842000 0.385000  0.000016 0.000014 0.000040 0.000078 0.000041 0.000022 
466560 lud 1 102 31 0.842000 0.308000  0.000025 0.000016 0.000044 0.000093 0.000045 0.000025 
466560 lud 1 102 31 0.842000 0.386000  0.000018 0.000017 0.000047 0.000102 0.000051 0.000026 
466688 lud 1 102 31 0.842000 0.385000  0.000017 0.000015 0.000043 0.000088 0.000044 0.000024 
466688 lud 1 102 31 0.842000 0.385000  0.000017 0.000019 0.000050 0.000112 0.000058 0.000028 
466688 lud 1 102 31 0.842000 0.385000  0.000020 0.000017 0.000046 0.000100 0.000049 0.000025 
466816 lud 1 102 31 0.842000 0.385000  0.000017 0.000015 0.000042 0.000085 0.000044 0.000023 
