#Timestamp	Benchmark	Run(#)	CPU Frequency (MHz)	CPU Temperature(C)	CPU Voltage(V)	CPU Power(W)	CPU_CYCLES	L1_DATA_CACHE_ACCESS	INSTRUCTIONS_RETIRED	BUS_CYCLES	L1I_CACHE_ACCESS	PREDICTABLE_BRANCH_SPECULATIVELY_EXECUTED
4262912 lud 1 710 39 0.919000 0.772000  0.000011 0.000007 0.000021 0.000049 0.000026 0.000013 
4262912 lud 1 710 39 0.919000 0.617000  0.000010 0.000007 0.000020 0.000046 0.000026 0.000013 
4262912 lud 1 710 39 0.919000 0.848000  0.000008 0.000007 0.000020 0.000041 0.000026 0.000013 
4262912 lud 1 710 39 0.919000 1.233000  0.000009 0.000007 0.000020 0.000043 0.000026 0.000012 
4262912 lud 1 710 39 0.919000 0.925000  0.000008 0.000007 0.000039 0.000075 0.000037 0.000017 
4263040 lud 1 710 39 0.919000 0.847000  0.000038 0.000030 0.000082 0.000175 0.000088 0.000044 
4263040 lud 1 710 39 0.919000 0.925000  0.000007 0.000007 0.000020 0.000042 0.000026 0.000013 
4263040 lud 1 710 39 0.919000 0.771000  0.000008 0.000007 0.000020 0.000040 0.000025 0.000012 
4263040 lud 1 710 39 0.919000 0.771000  0.000012 0.000007 0.000020 0.000127 0.000046 0.000021 
4263040 lud 1 710 39 0.919000 0.616000  0.000035 0.000029 0.000082 0.000170 0.000092 0.000046 
4263040 lud 1 710 39 0.919000 0.308000  0.000028 0.000026 0.000073 0.000139 0.000076 0.000040 
4263168 lud 1 710 39 0.919000 0.385000  0.000008 0.000007 0.000020 0.000039 0.000025 0.000012 
4263168 lud 1 710 39 0.919000 0.847000  0.000021 0.000019 0.000052 0.000104 0.000056 0.000030 
4263168 lud 1 710 39 0.919000 0.848000  0.000029 0.000026 0.000075 0.000160 0.000083 0.000043 
4263168 lud 1 710 39 0.919000 0.925000  0.000037 0.000031 0.000087 0.000181 0.000116 0.000055 
4263168 lud 1 710 39 0.919000 0.770000  0.000034 0.000029 0.000078 0.000170 0.000086 0.000044 
4263296 lud 1 710 39 0.919000 0.770000  0.000039 0.000029 0.000079 0.000180 0.000089 0.000045 
4263296 lud 1 710 40 0.919000 1.079000  0.000033 0.000027 0.000075 0.000164 0.000100 0.000049 
4263296 lud 1 710 40 0.919000 0.771000  0.007580 0.002712 0.006024 0.007602 0.002908 0.001373 
