#Timestamp	Benchmark	Run(#)	CPU Frequency (MHz)	CPU Temperature(C)	CPU Voltage(V)	CPU Power(W)	CPU_CYCLES	L1_DATA_CACHE_ACCESS	INSTRUCTIONS_RETIRED	BUS_CYCLES	L1I_CACHE_ACCESS	PREDICTABLE_BRANCH_SPECULATIVELY_EXECUTED
5743104 lavaMD 1 1326 47 1.111000 0.694000  0.000022 0.000019 0.000051 0.000101 0.000055 0.000029 
5743104 lavaMD 1 1326 47 1.111000 1.233000  0.000023 0.000019 0.000053 0.000128 0.000054 0.000028 
5743104 lavaMD 1 1326 47 1.111000 1.619000  0.000024 0.000019 0.000054 0.000116 0.000059 0.000030 
5743104 lavaMD 1 1326 47 1.111000 1.233000  0.000023 0.000019 0.000052 0.000117 0.000060 0.000030 
5743232 lavaMD 1 1326 47 1.111000 1.234000  0.000034 0.000021 0.000057 0.000149 0.000059 0.000030 
5743232 lavaMD 1 1326 47 1.111000 1.773000  0.000023 0.000019 0.000052 0.000116 0.000059 0.000030 
5743232 lavaMD 1 1326 47 1.111000 0.693000  0.000019 0.000018 0.000049 0.000093 0.000050 0.000027 
5743232 lavaMD 1 1326 47 1.111000 0.616000  0.000019 0.000018 0.000049 0.000095 0.000050 0.000027 
5743232 lavaMD 1 1326 47 1.111000 0.616000  0.000019 0.000017 0.000049 0.000092 0.000049 0.000027 
5743232 lavaMD 1 1326 47 1.111000 0.693000  0.000022 0.000019 0.000053 0.000116 0.000059 0.000030 
5743360 lavaMD 1 1326 47 1.111000 0.847000  0.000019 0.000017 0.000049 0.000094 0.000050 0.000027 
5743360 lavaMD 1 1326 47 1.111000 0.693000  0.000019 0.000017 0.000049 0.000093 0.000049 0.000027 
5743360 lavaMD 1 1326 47 1.111000 0.693000  0.000019 0.000017 0.000049 0.000091 0.000050 0.000027 
5743360 lavaMD 1 1326 47 1.111000 0.693000  0.000020 0.000018 0.000050 0.000099 0.000053 0.000028 
5743360 lavaMD 1 1326 48 1.111000 0.693000  0.000023 0.000019 0.000052 0.000116 0.000059 0.000030 
5743488 lavaMD 1 1326 48 1.111000 1.463000  0.000019 0.000017 0.000048 0.000094 0.000050 0.000027 
5743488 lavaMD 1 1326 48 1.111000 0.693000  0.000018 0.000017 0.000048 0.000091 0.000049 0.000027 
5743488 lavaMD 1 1326 48 1.111000 1.309000  0.000018 0.000017 0.000048 0.000092 0.000050 0.000027 
5743488 lavaMD 1 1326 48 1.111000 0.693000  0.000019 0.000017 0.000048 0.000091 0.000049 0.000027 
5743488 lavaMD 1 1326 48 1.111000 0.693000  0.000021 0.000027 0.000065 0.000138 0.000076 0.000037 
5743616 lavaMD 1 1326 48 1.111000 0.693000  0.000071 0.000030 0.000075 0.000147 0.000063 0.000037 
5743616 lavaMD 1 1326 48 1.111000 0.693000  0.000026 0.000018 0.000049 0.000100 0.000050 0.000027 
5743616 lavaMD 1 1326 47 1.111000 0.693000  0.000018 0.000017 0.000048 0.000092 0.000050 0.000027 
5743616 lavaMD 1 1326 47 1.111000 0.693000  0.000030 0.000018 0.000050 0.000102 0.000050 0.000027 
5743616 lavaMD 1 1326 48 1.111000 1.155000  0.000019 0.000018 0.000050 0.000095 0.000052 0.000028 
5743616 lavaMD 1 1326 47 1.111000 1.232000  0.000019 0.000017 0.000048 0.000091 0.000049 0.000027 
5743744 lavaMD 1 1326 47 1.111000 0.693000  0.000018 0.000017 0.000048 0.000090 0.000049 0.000026 
5743744 lavaMD 1 1326 48 1.111000 0.770000  0.000019 0.000017 0.000048 0.000090 0.000049 0.000026 
5743744 lavaMD 1 1326 48 1.111000 0.693000  0.000018 0.000017 0.000048 0.000089 0.000048 0.000026 
5743744 lavaMD 1 1326 48 1.111000 0.693000  0.000019 0.000018 0.000050 0.000097 0.000052 0.000028 
5743744 lavaMD 1 1326 48 1.111000 0.770000  0.000025 0.000019 0.000052 0.000110 0.000056 0.000029 
5743744 lavaMD 1 1326 48 1.111000 0.770000  0.000018 0.000017 0.000048 0.000091 0.000049 0.000026 
5743872 lavaMD 1 1326 48 1.111000 0.693000  0.048785 0.198624 0.056624 0.198667 0.000026 0.003095 
5743872 lavaMD 1 1326 48 1.111000 1.001000  0.000019 0.000017 0.000048 0.000091 0.000049 0.000026 
5743872 lavaMD 1 1326 48 1.111000 0.693000  0.000018 0.000017 0.000048 0.000090 0.000048 0.000026 
5743872 lavaMD 1 1326 48 1.111000 0.847000  0.000020 0.000018 0.000049 0.000136 0.000066 0.000032 
5743872 lavaMD 1 1326 48 1.111000 0.693000  0.000019 0.000017 0.000047 0.000090 0.000049 0.000026 
5744000 lavaMD 1 1326 48 1.111000 0.616000  0.000019 0.000017 0.000047 0.000090 0.000048 0.000026 
5744000 lavaMD 1 1326 48 1.111000 0.693000  0.000018 0.000017 0.000047 0.000090 0.000048 0.000026 
5744000 lavaMD 1 1326 48 1.111000 0.693000  0.000019 0.000017 0.000047 0.000089 0.000049 0.000026 
5744000 lavaMD 1 1326 48 1.111000 0.693000  0.000020 0.000018 0.000049 0.000097 0.000053 0.000027 
5744000 lavaMD 1 1326 48 1.111000 0.770000  0.000019 0.000018 0.000049 0.000095 0.000052 0.000027 
5744000 lavaMD 1 1326 48 1.111000 1.540000  0.000019 0.000017 0.000047 0.000091 0.000049 0.000027 
5744128 lavaMD 1 1326 48 1.111000 0.693000  0.000018 0.000017 0.000047 0.000089 0.000048 0.000026 
5744128 lavaMD 1 1326 48 1.111000 0.693000  0.000018 0.000017 0.000047 0.000088 0.000048 0.000026 
5744128 lavaMD 1 1326 48 1.111000 0.693000  0.000023 0.000018 0.000050 0.000112 0.000054 0.000028 
5744128 lavaMD 1 1326 48 1.111000 0.693000  0.000019 0.000017 0.000047 0.000092 0.000048 0.000026 
5744128 lavaMD 1 1326 48 1.111000 0.924000  0.000018 0.000017 0.000047 0.000089 0.000048 0.000026 
5744128 lavaMD 1 1326 48 1.111000 0.693000  0.000018 0.000017 0.000047 0.000089 0.000048 0.000026 
5744256 lavaMD 1 1326 48 1.111000 0.693000  0.000018 0.000017 0.000047 0.000088 0.000048 0.000026 
5744256 lavaMD 1 1326 48 1.111000 0.693000  0.000018 0.000017 0.000047 0.000087 0.000048 0.000026 
5744256 lavaMD 1 1326 48 1.111000 0.693000  0.000035 0.000020 0.000054 0.000124 0.000060 0.000030 
5744256 lavaMD 1 1326 48 1.111000 0.693000  0.000019 0.000017 0.000047 0.000090 0.000048 0.000026 
5744256 lavaMD 1 1326 48 1.111000 0.693000  0.000018 0.000017 0.000047 0.000090 0.000048 0.000026 
5744256 lavaMD 1 1326 48 1.111000 0.847000  0.000018 0.000017 0.000047 0.000086 0.000047 0.000026 
5744384 lavaMD 1 1326 48 1.111000 0.693000  0.000018 0.000017 0.000046 0.000086 0.000047 0.000026 
5744384 lavaMD 1 1326 48 1.111000 1.155000  0.000023 0.000019 0.000051 0.000107 0.000056 0.000028 
5744384 lavaMD 1 1326 48 1.111000 0.693000  0.000018 0.000017 0.000046 0.000088 0.000047 0.000026 
5744384 lavaMD 1 1326 48 1.111000 0.693000  0.000019 0.000017 0.000046 0.000088 0.000047 0.000026 
5744384 lavaMD 1 1326 48 1.111000 0.693000  0.000024 0.000018 0.000051 0.000223 0.000082 0.000038 
