#Timestamp	Benchmark	Run(#)	CPU Frequency (MHz)	CPU Temperature(C)	CPU Voltage(V)	CPU Power(W)	CPU_CYCLES	L1_DATA_CACHE_ACCESS	INSTRUCTIONS_RETIRED	BUS_CYCLES	L1I_CACHE_ACCESS	PREDICTABLE_BRANCH_SPECULATIVELY_EXECUTED
5456256 hybridsort 1 1132 45 1.072000 0.849000  0.000025 0.000022 0.000079 0.000169 0.000079 0.000046 
5456256 hybridsort 1 1132 44 1.072000 0.847000  0.000025 0.000022 0.000062 0.000120 0.000066 0.000034 
5456256 hybridsort 1 1132 44 1.072000 0.385000  0.000023 0.000021 0.000059 0.000114 0.000061 0.000033 
5456256 hybridsort 1 1132 44 1.072000 0.849000  0.000025 0.000022 0.000061 0.000119 0.000065 0.000034 
5456256 hybridsort 1 1132 44 1.072000 0.540000  0.000027 0.000022 0.000061 0.000120 0.000063 0.000033 
5456384 hybridsort 1 1132 44 1.072000 0.385000  0.000029 0.000023 0.000066 0.000135 0.000073 0.000037 
5456384 hybridsort 1 1132 44 1.072000 0.385000  0.000025 0.000022 0.000061 0.000120 0.000068 0.000035 
5456384 hybridsort 1 1132 44 1.072000 0.385000  0.000025 0.000022 0.000061 0.000119 0.000065 0.000034 
5456384 hybridsort 1 1132 44 1.072000 1.543000  0.000025 0.000022 0.000061 0.000119 0.000064 0.000034 
5456384 hybridsort 1 1132 44 1.072000 1.003000  0.000023 0.000021 0.000058 0.000113 0.000060 0.000032 
5456384 hybridsort 1 1132 44 1.072000 1.463000  0.000030 0.000023 0.000065 0.000143 0.000072 0.000037 
5456512 hybridsort 1 1132 44 1.072000 1.003000  0.000024 0.000022 0.000061 0.000119 0.000063 0.000034 
5456512 hybridsort 1 1132 44 1.072000 1.078000  0.000024 0.000022 0.000061 0.000116 0.000064 0.000034 
5456512 hybridsort 1 1132 44 1.072000 1.619000  0.000027 0.000022 0.000061 0.000133 0.000070 0.000035 
5456512 hybridsort 1 1132 44 1.072000 1.002000  0.000028 0.000022 0.000060 0.000120 0.000062 0.000033 
5456512 hybridsort 1 1132 44 1.072000 1.388000  0.000072 0.000027 0.000075 0.000232 0.000083 0.000039 
5456640 hybridsort 1 1132 44 1.072000 1.002000  0.000025 0.000022 0.000060 0.000118 0.000063 0.000034 
5456640 hybridsort 1 1132 44 1.072000 1.080000  0.000024 0.000022 0.000060 0.000115 0.000063 0.000033 
5456640 hybridsort 1 1132 44 1.072000 1.619000  0.000025 0.000022 0.000060 0.000118 0.000064 0.000033 
5456640 hybridsort 1 1132 44 1.072000 1.002000  0.000024 0.000022 0.000060 0.000115 0.000063 0.000033 
5456640 hybridsort 1 1132 44 1.072000 1.464000  0.000024 0.000022 0.000060 0.000115 0.000063 0.000033 
5456640 hybridsort 1 1132 44 1.072000 1.002000  0.000023 0.000021 0.000057 0.000110 0.000059 0.000032 
5456768 hybridsort 1 1132 44 1.072000 1.309000  0.000024 0.000022 0.000059 0.000114 0.000074 0.000037 
5456768 hybridsort 1 1132 44 1.072000 1.003000  0.000024 0.000021 0.000059 0.000116 0.000062 0.000033 
5456768 hybridsort 1 1132 44 1.072000 1.234000  0.000027 0.000023 0.000063 0.000132 0.000067 0.000035 
5456768 hybridsort 1 1132 44 1.072000 1.620000  0.000025 0.000022 0.000059 0.000117 0.000063 0.000033 
5456768 hybridsort 1 1132 44 1.072000 1.003000  0.000028 0.000022 0.000060 0.000118 0.000062 0.000033 
5456768 hybridsort 1 1132 44 1.072000 1.543000  0.000024 0.000021 0.000059 0.000115 0.000062 0.000033 
5456896 hybridsort 1 1132 44 1.072000 0.925000  0.000032 0.000021 0.000059 0.000135 0.000062 0.000033 
5456896 hybridsort 1 1132 44 1.072000 1.233000  0.000038 0.000024 0.000067 0.000191 0.000075 0.000038 
5456896 hybridsort 1 1132 44 1.072000 1.078000  0.000025 0.000021 0.000059 0.000124 0.000062 0.000033 
5456896 hybridsort 1 1132 44 1.072000 1.388000  0.000024 0.000021 0.000059 0.000114 0.000062 0.000033 
5456896 hybridsort 1 1132 44 1.072000 1.309000  0.000024 0.000021 0.000058 0.000114 0.000061 0.000033 
5457024 hybridsort 1 1132 44 1.072000 0.539000  0.000025 0.000021 0.000058 0.000117 0.000062 0.000033 
5457024 hybridsort 1 1132 45 1.072000 1.001000  0.000024 0.000021 0.000059 0.000133 0.000066 0.000034 
5457024 hybridsort 1 1132 45 1.072000 0.539000  0.000027 0.000021 0.000058 0.000120 0.000060 0.000031 
5457024 hybridsort 1 1132 45 1.072000 0.770000  0.000022 0.000020 0.000056 0.000109 0.000062 0.000033 
5457024 hybridsort 1 1132 45 1.072000 0.924000  0.000026 0.000021 0.000059 0.000128 0.000065 0.000034 
5457024 hybridsort 1 1132 45 1.072000 0.616000  0.000021 0.000020 0.000055 0.000105 0.000056 0.000030 
5457152 hybridsort 1 1132 45 1.072000 0.616000  0.000021 0.000020 0.000055 0.000104 0.000057 0.000030 
5457152 hybridsort 1 1132 45 1.072000 0.616000  0.000022 0.000020 0.000055 0.000105 0.000057 0.000030 
5457152 hybridsort 1 1132 45 1.072000 0.539000  0.000021 0.000020 0.000055 0.000104 0.000058 0.000031 
5457152 hybridsort 1 1132 45 1.072000 1.311000  0.000024 0.000021 0.000074 0.000167 0.000074 0.000042 
5457152 hybridsort 1 1132 45 1.072000 1.002000  0.000001 0.000013 0.000008 0.000023 0.000000 0.000001 
5457280 hybridsort 1 1132 45 1.072000 1.001000  0.000006 0.000005 0.000015 0.000032 0.000019 0.000009 
5457280 hybridsort 1 1132 45 1.072000 0.539000  0.000024 0.000020 0.000055 0.000109 0.000056 0.000030 
5457280 hybridsort 1 1132 45 1.072000 0.924000  0.000028 0.000021 0.000059 0.000135 0.000066 0.000034 
5457280 hybridsort 1 1132 45 1.072000 0.539000  0.000023 0.000019 0.000054 0.000109 0.000056 0.000030 
5457280 hybridsort 1 1132 45 1.072000 0.539000  0.000024 0.000021 0.000057 0.000115 0.000060 0.000032 
5457280 hybridsort 1 1132 45 1.072000 0.539000  0.000024 0.000020 0.000055 0.000107 0.000057 0.000030 
5457408 hybridsort 1 1132 45 1.072000 0.539000  0.000022 0.000019 0.000054 0.000102 0.000056 0.000032 
5457408 hybridsort 1 1132 45 1.072000 0.539000  0.000021 0.000019 0.000054 0.000101 0.000056 0.000030 
5457408 hybridsort 1 1132 45 1.072000 0.616000  0.000021 0.000019 0.000054 0.000102 0.000055 0.000030 
5457408 hybridsort 1 1132 45 1.072000 0.616000  0.000023 0.000021 0.000056 0.000112 0.000060 0.000032 
5457408 hybridsort 1 1132 45 1.072000 1.156000  0.000006 0.000005 0.000015 0.000030 0.000019 0.000009 
5457408 hybridsort 1 1132 45 1.072000 1.927000  0.000006 0.000005 0.000015 0.000030 0.000018 0.000009 
5457536 hybridsort 1 1132 45 1.072000 0.539000  0.000006 0.000005 0.000015 0.000030 0.000019 0.000009 
5457536 hybridsort 1 1132 45 1.072000 0.616000  0.000021 0.000019 0.000054 0.000102 0.000055 0.000030 
5457536 hybridsort 1 1132 45 1.072000 1.001000  0.000031 0.000022 0.000059 0.000137 0.000065 0.000033 
5457536 hybridsort 1 1132 45 1.072000 0.616000  0.000025 0.000020 0.000057 0.000144 0.000059 0.000031 
5457536 hybridsort 1 1132 45 1.072000 1.232000  0.000023 0.000020 0.000057 0.000130 0.000065 0.000033 
5457664 hybridsort 1 1132 45 1.072000 1.155000  0.000025 0.000019 0.000053 0.000111 0.000056 0.000029 
5457664 hybridsort 1 1132 45 1.072000 1.078000  0.000022 0.000019 0.000053 0.000102 0.000055 0.000029 
5457664 hybridsort 1 1132 45 1.072000 1.001000  0.000023 0.000019 0.000053 0.000105 0.000055 0.000029 
5457664 hybridsort 1 1132 46 1.072000 1.694000  0.000027 0.000020 0.000054 0.000120 0.000058 0.000030 
5457664 hybridsort 1 1132 46 1.072000 1.387000  0.000022 0.000019 0.000052 0.000105 0.000054 0.000029 
5457664 hybridsort 1 1132 45 1.072000 0.924000  0.000025 0.000020 0.000054 0.000124 0.000057 0.000030 
5457792 hybridsort 1 1132 45 1.072000 1.771000  0.000007 0.000006 0.000017 0.000071 0.000021 0.000009 
5457792 hybridsort 1 1132 45 1.072000 1.771000  0.000059 0.000032 0.000206 0.000578 0.000150 0.000059 
5457792 hybridsort 1 1132 45 1.072000 1.849000  0.000023 0.000019 0.000056 0.000127 0.000062 0.000032 
5457792 hybridsort 1 1132 45 1.072000 1.464000  0.000025 0.000019 0.000054 0.000119 0.000056 0.000030 
5457792 hybridsort 1 1132 46 1.072000 1.231000  0.000028 0.000020 0.000057 0.000140 0.000064 0.000032 
5457920 hybridsort 1 1132 46 1.072000 1.309000  0.000024 0.000019 0.000053 0.000112 0.000057 0.000030 
5457920 hybridsort 1 1132 46 1.072000 1.232000  0.000023 0.000019 0.000054 0.000126 0.000062 0.000031 
5457920 hybridsort 1 1132 46 1.072000 1.463000  0.000021 0.000018 0.000051 0.000101 0.000052 0.000028 
5457920 hybridsort 1 1132 45 1.072000 0.770000  0.000019 0.000018 0.000051 0.000095 0.000052 0.000028 
5457920 hybridsort 1 1132 45 1.072000 0.539000  0.000022 0.000019 0.000053 0.000105 0.000055 0.000029 
5457920 hybridsort 1 1132 45 1.072000 0.539000  0.000021 0.000019 0.000053 0.000103 0.000056 0.000030 
5458048 hybridsort 1 1132 45 1.072000 1.232000  0.000020 0.000039 0.000098 0.000203 0.000072 0.000048 
5458048 hybridsort 1 1132 45 1.072000 1.387000  0.000024 0.000020 0.000061 0.000138 0.000065 0.000032 
