#Timestamp	Benchmark	Run(#)	CPU Frequency (MHz)	CPU Temperature(C)	CPU Voltage(V)	CPU Power(W)	CPU_CYCLES	L1_DATA_CACHE_ACCESS	INSTRUCTIONS_RETIRED	BUS_CYCLES	L1I_CACHE_ACCESS	PREDICTABLE_BRANCH_SPECULATIVELY_EXECUTED
4222336 particle_filter 1 710 40 0.919000 0.925000  0.000030 0.000218 0.000165 0.000431 0.000000 0.000021 
4222336 particle_filter 1 710 40 0.919000 0.925000  0.000028 0.000207 0.000152 0.000404 0.000000 0.000020 
4222336 particle_filter 1 710 40 0.919000 1.157000  0.000027 0.000196 0.000146 0.000387 0.000000 0.000019 
4222336 particle_filter 1 710 40 0.919000 0.617000  0.000036 0.000033 0.000091 0.000174 0.000094 0.000050 
4222336 particle_filter 1 710 40 0.919000 0.770000  0.000025 0.000024 0.000066 0.000126 0.000070 0.000037 
4222464 particle_filter 1 710 40 0.919000 0.772000  0.000032 0.000026 0.000069 0.000143 0.000074 0.000037 
4222464 particle_filter 1 710 40 0.919000 0.848000  0.000007 0.000006 0.000017 0.000034 0.000022 0.000011 
4222464 particle_filter 1 710 40 0.919000 0.847000  0.000034 0.000026 0.000071 0.000162 0.000090 0.000044 
4222464 particle_filter 1 710 40 0.919000 0.616000  0.000031 0.000025 0.000070 0.000152 0.000078 0.000040 
4222464 particle_filter 1 710 40 0.919000 0.848000  0.004989 0.001135 0.002156 0.005118 0.001400 0.000551 
4222592 particle_filter 1 710 40 0.919000 0.694000  0.000032 0.000027 0.000073 0.000158 0.000082 0.000041 
4222592 particle_filter 1 710 40 0.919000 0.847000  0.000032 0.000025 0.000069 0.000143 0.000074 0.000040 
4222592 particle_filter 1 710 40 0.919000 0.616000  0.000025 0.000022 0.000062 0.000119 0.000064 0.000034 
4222592 particle_filter 1 710 40 0.919000 0.847000  0.000027 0.000026 0.000071 0.000160 0.000076 0.000038 
4222592 particle_filter 1 710 40 0.919000 0.848000  0.000112 0.000649 0.000450 0.001438 0.000000 0.000076 
4222720 particle_filter 1 710 40 0.919000 0.617000  0.000121 0.000844 0.000488 0.001643 0.000000 0.000082 
4222720 particle_filter 1 710 40 0.919000 0.616000  0.000109 0.000631 0.000422 0.001302 0.000000 0.000073 
4222720 particle_filter 1 710 40 0.919000 0.539000  0.283524 0.056253 0.161291 0.283592 0.081301 0.028761 
4222720 particle_filter 1 710 40 0.919000 0.771000  0.000018 0.000017 0.000046 0.000087 0.000048 0.000026 
4222720 particle_filter 1 710 40 0.919000 0.693000  0.000024 0.000176 0.000133 0.000346 0.000000 0.000017 
4222848 particle_filter 1 710 40 0.919000 0.925000  0.000177 0.000143 0.000381 0.000897 0.000418 0.000219 
4222848 particle_filter 1 710 40 0.919000 0.848000  0.000019 0.000017 0.000046 0.000088 0.000049 0.000026 
4222848 particle_filter 1 710 40 0.919000 0.771000  0.000023 0.000021 0.000063 0.000136 0.000067 0.000035 
4222848 particle_filter 1 710 40 0.919000 0.693000  0.000031 0.000024 0.000066 0.000149 0.000072 0.000036 
4222976 particle_filter 1 710 40 0.919000 0.693000  0.000030 0.000025 0.000066 0.000142 0.000074 0.000037 
4222976 particle_filter 1 710 40 0.919000 0.925000  0.000025 0.000023 0.000062 0.000127 0.000066 0.000034 
4222976 particle_filter 1 710 40 0.919000 0.616000  0.000023 0.000021 0.000058 0.000112 0.000060 0.000032 
4222976 particle_filter 1 710 40 0.919000 0.694000  0.000024 0.000022 0.000061 0.000118 0.000065 0.000034 
4222976 particle_filter 1 710 40 0.919000 0.616000  0.000030 0.000023 0.000064 0.000140 0.000066 0.000035 
4223104 particle_filter 1 710 40 0.919000 0.849000  0.000006 0.000006 0.000017 0.000037 0.000021 0.000018 
4223104 particle_filter 1 710 40 0.919000 0.616000  0.000065 0.000404 0.000255 0.000834 0.000000 0.000044 
4223104 particle_filter 1 710 40 0.919000 0.769000  0.010219 0.002510 0.005136 0.010311 0.002939 0.001259 
4223104 particle_filter 1 710 40 0.919000 1.155000  0.000024 0.000022 0.000060 0.000114 0.000064 0.000034 
4223104 particle_filter 1 710 40 0.919000 0.694000  0.000023 0.000021 0.000058 0.000145 0.000070 0.000036 
4223232 particle_filter 1 710 40 0.919000 1.002000  0.000024 0.000022 0.000060 0.000114 0.000064 0.000033 
4223232 particle_filter 1 710 40 0.919000 0.540000  0.000023 0.000021 0.000088 0.000200 0.000081 0.000042 
4223232 particle_filter 1 710 40 0.919000 0.925000  0.000029 0.000023 0.000063 0.000131 0.000069 0.000036 
4223232 particle_filter 1 710 40 0.919000 0.617000  0.000029 0.000023 0.000063 0.000137 0.000072 0.000036 
4223232 particle_filter 1 710 40 0.919000 0.694000  0.000029 0.000023 0.000062 0.000129 0.000069 0.000035 
4223360 particle_filter 1 710 40 0.919000 0.925000  0.050769 0.012078 0.031764 0.050837 0.016599 0.006589 
4223360 particle_filter 1 710 40 0.919000 0.616000  0.000023 0.000020 0.000057 0.000112 0.000059 0.000031 
4223360 particle_filter 1 710 40 0.919000 0.849000  0.000006 0.000009 0.000021 0.000053 0.000024 0.000013 
4223360 particle_filter 1 710 40 0.919000 0.694000  0.000023 0.000020 0.000057 0.000124 0.000063 0.000032 
4223360 particle_filter 1 710 40 0.919000 0.924000  0.000027 0.000023 0.000068 0.000160 0.000073 0.000037 
4223360 particle_filter 1 710 40 0.919000 1.079000  0.000024 0.000021 0.000058 0.000126 0.000064 0.000034 
4223488 particle_filter 1 710 40 0.919000 0.694000  0.000006 0.000005 0.000015 0.000030 0.000019 0.000009 
4223488 particle_filter 1 710 40 0.919000 1.002000  0.000005 0.000005 0.000015 0.000029 0.000019 0.000009 
4223488 particle_filter 1 710 40 0.919000 0.616000  0.000023 0.000021 0.000058 0.000111 0.000062 0.000033 
4223488 particle_filter 1 710 40 0.919000 1.003000  0.000028 0.000022 0.000060 0.000124 0.000064 0.000034 
4223488 particle_filter 1 710 40 0.919000 0.694000  0.000021 0.000020 0.000056 0.000107 0.000057 0.000031 
4223616 particle_filter 1 710 40 0.919000 0.772000  0.000025 0.000021 0.000058 0.000117 0.000062 0.000032 
4223616 particle_filter 1 710 40 0.919000 0.617000  0.000006 0.000006 0.000016 0.000035 0.000020 0.000010 
4223616 particle_filter 1 710 40 0.919000 0.771000  0.000030 0.000023 0.000061 0.000138 0.000069 0.000035 
4223616 particle_filter 1 710 40 0.919000 0.616000  0.000027 0.000022 0.000060 0.000141 0.000064 0.000034 
4223616 particle_filter 1 710 40 0.919000 0.847000  0.000026 0.000023 0.000062 0.000131 0.000068 0.000035 
4223616 particle_filter 1 710 40 0.919000 1.002000  0.000027 0.000024 0.000064 0.000158 0.000072 0.000036 
4223744 particle_filter 1 710 40 0.919000 0.770000  0.000029 0.000022 0.000062 0.000131 0.000069 0.000035 
4223744 particle_filter 1 710 40 0.919000 0.771000  0.000027 0.000023 0.000061 0.000130 0.000072 0.000038 
4223744 particle_filter 1 710 40 0.919000 0.771000  0.000023 0.000020 0.000055 0.000111 0.000057 0.000031 
4223744 particle_filter 1 710 40 0.919000 1.079000  0.000029 0.000022 0.000060 0.000129 0.000070 0.000035 
4223744 particle_filter 1 710 40 0.919000 0.540000  0.000021 0.000020 0.000055 0.000104 0.000056 0.000030 
4223872 particle_filter 1 710 40 0.919000 0.770000  0.000022 0.000021 0.000057 0.000108 0.000060 0.000032 
4223872 particle_filter 1 710 40 0.919000 0.617000  0.000032 0.000023 0.000062 0.000137 0.000062 0.000032 
4223872 particle_filter 1 710 40 0.919000 0.847000  0.000006 0.000005 0.000015 0.000029 0.000019 0.000009 
4223872 particle_filter 1 710 40 0.919000 0.539000  0.000006 0.000005 0.000015 0.000032 0.000020 0.000010 
4223872 particle_filter 1 710 39 0.919000 0.539000  0.000028 0.000022 0.000060 0.000125 0.000069 0.000035 
4224000 particle_filter 1 710 39 0.919000 1.002000  0.000038 0.000024 0.000066 0.000162 0.000072 0.000036 
4224000 particle_filter 1 710 40 0.919000 0.616000  0.000026 0.000021 0.000057 0.000115 0.000057 0.000031 
4224000 particle_filter 1 710 40 0.919000 0.770000  0.000135 0.000052 0.000131 0.000278 0.000125 0.000058 
4224000 particle_filter 1 710 40 0.919000 1.002000  0.000007 0.000007 0.000019 0.000038 0.000024 0.000012 
4224000 particle_filter 1 710 40 0.919000 1.080000  0.000026 0.000022 0.000060 0.000126 0.000066 0.000034 
4224128 particle_filter 1 710 40 0.919000 0.771000  0.000022 0.000020 0.000056 0.000112 0.000062 0.000032 
4224128 particle_filter 1 710 40 0.919000 0.694000  0.000021 0.000019 0.000054 0.000103 0.000055 0.000030 
4224128 particle_filter 1 710 40 0.919000 0.693000  0.000158 0.000075 0.000152 0.000310 0.000135 0.000085 
4224128 particle_filter 1 710 40 0.919000 0.617000  0.000022 0.000019 0.000054 0.000109 0.000055 0.000030 
4224128 particle_filter 1 710 40 0.919000 0.847000  0.000026 0.000008 0.000020 0.000049 0.000023 0.000012 
4224128 particle_filter 1 710 40 0.919000 0.616000  0.000023 0.000020 0.000056 0.000114 0.000059 0.000031 
4224256 particle_filter 1 710 40 0.919000 0.617000  0.000031 0.000023 0.000062 0.000144 0.000066 0.000034 
4224256 particle_filter 1 710 40 0.919000 0.925000  0.000027 0.000022 0.000059 0.000125 0.000065 0.000035 
4224256 particle_filter 1 710 40 0.919000 0.693000  0.000021 0.000019 0.000053 0.000100 0.000055 0.000029 
4224256 particle_filter 1 710 40 0.919000 0.847000  0.000022 0.000020 0.000055 0.000107 0.000059 0.000031 
4224256 particle_filter 1 710 40 0.919000 0.540000  0.000021 0.000019 0.000053 0.000101 0.000055 0.000029 
4224384 particle_filter 1 710 40 0.919000 0.694000  0.000023 0.000020 0.000055 0.000111 0.000060 0.000031 
4224384 particle_filter 1 710 40 0.919000 0.540000  0.000027 0.000020 0.000056 0.000116 0.000058 0.000030 
4224384 particle_filter 1 710 40 0.919000 0.847000  0.000022 0.000023 0.000066 0.000153 0.000071 0.000035 
4224384 particle_filter 1 710 40 0.919000 0.539000  0.000023 0.000020 0.000055 0.000110 0.000058 0.000031 
4224384 particle_filter 1 710 40 0.919000 0.616000  0.000021 0.000020 0.000055 0.000104 0.000058 0.000031 
4224512 particle_filter 1 710 40 0.919000 0.926000  0.000065 0.000386 0.000256 0.000795 0.000000 0.000044 
4224512 particle_filter 1 710 40 0.919000 0.617000  0.000022 0.000019 0.000056 0.000135 0.000061 0.000031 
4224512 particle_filter 1 710 40 0.919000 0.925000  0.000022 0.000020 0.000055 0.000109 0.000059 0.000031 
4224512 particle_filter 1 710 40 0.919000 0.849000  0.000022 0.000022 0.000058 0.000137 0.000060 0.000031 
4224512 particle_filter 1 710 40 0.919000 0.925000  0.000029 0.000027 0.000070 0.000143 0.000105 0.000053 
4224512 particle_filter 1 710 40 0.919000 0.616000  0.000024 0.000019 0.000053 0.000123 0.000058 0.000030 
4224640 particle_filter 1 710 40 0.919000 0.848000  0.000025 0.000020 0.000056 0.000125 0.000064 0.000033 
4224640 particle_filter 1 710 40 0.919000 0.540000  0.000022 0.000020 0.000054 0.000106 0.000057 0.000030 
4224640 particle_filter 1 710 40 0.919000 0.539000  0.000021 0.000020 0.000054 0.000103 0.000057 0.000030 
4224640 particle_filter 1 710 40 0.919000 0.925000  0.041564 0.158793 0.048183 0.159143 0.000023 0.002692 
4224640 particle_filter 1 710 40 0.919000 0.694000  0.000006 0.000005 0.000014 0.000028 0.000018 0.000009 
4224768 particle_filter 1 710 40 0.919000 0.848000  0.000029 0.000020 0.000057 0.000134 0.000065 0.000033 
4224768 particle_filter 1 710 40 0.919000 0.616000  0.000022 0.000018 0.000052 0.000106 0.000054 0.000029 
4224768 particle_filter 1 710 40 0.919000 1.001000  0.000028 0.000021 0.000057 0.000128 0.000062 0.000032 
4224768 particle_filter 1 710 40 0.919000 0.693000  0.000020 0.000018 0.000052 0.000099 0.000053 0.000028 
4224768 particle_filter 1 710 40 0.919000 0.849000  0.000022 0.000020 0.000054 0.000103 0.000057 0.000030 
4224768 particle_filter 1 710 40 0.919000 0.770000  0.000020 0.000018 0.000051 0.000098 0.000053 0.000029 
4224896 particle_filter 1 710 40 0.919000 0.771000  0.000022 0.000019 0.000054 0.000103 0.000057 0.000030 
4224896 particle_filter 1 710 40 0.919000 0.925000  0.000020 0.000015 0.000041 0.000127 0.000053 0.000025 
4224896 particle_filter 1 710 40 0.919000 0.616000  0.000103 0.000042 0.000091 0.000190 0.000087 0.000040 
4224896 particle_filter 1 710 40 0.919000 1.312000  0.000022 0.000019 0.000054 0.000116 0.000059 0.000031 
4224896 particle_filter 1 710 40 0.919000 0.539000  0.000021 0.000018 0.000051 0.000098 0.000052 0.000028 
4225024 particle_filter 1 710 40 0.919000 0.925000  0.000021 0.000019 0.000053 0.000102 0.000056 0.000030 
4225024 particle_filter 1 710 40 0.919000 0.617000  0.000028 0.000019 0.000054 0.000119 0.000056 0.000029 
4225024 particle_filter 1 710 40 0.919000 0.771000  0.000022 0.000020 0.000055 0.000114 0.000060 0.000031 
4225024 particle_filter 1 710 40 0.919000 0.617000  0.000026 0.000019 0.000052 0.000105 0.000052 0.000028 
4225024 particle_filter 1 710 40 0.919000 0.926000  0.000021 0.000019 0.000053 0.000146 0.000069 0.000034 
4225152 particle_filter 1 710 40 0.919000 1.002000  0.000036 0.000021 0.000056 0.000120 0.000060 0.000030 
