#Timestamp	Benchmark	Run(#)	CPU Frequency (MHz)	CPU Temperature(C)	CPU Voltage(V)	CPU Power(W)	CPU_CYCLES	L1_DATA_CACHE_ACCESS	INSTRUCTIONS_RETIRED	BUS_CYCLES	L1I_CACHE_ACCESS	PREDICTABLE_BRANCH_SPECULATIVELY_EXECUTED
3967744 b+tree 1 614 38 0.919000 0.925000  0.000018 0.000017 0.000117 0.000248 0.000099 0.000045 
3967872 b+tree 1 614 38 0.919000 0.308000  0.000017 0.000016 0.000045 0.000086 0.000046 0.000025 
3967872 b+tree 1 614 38 0.919000 0.693000  0.000033 0.000020 0.000054 0.000117 0.000059 0.000029 
3967872 b+tree 1 614 38 0.919000 0.231000  0.000017 0.000016 0.000045 0.000084 0.000045 0.000024 
3967872 b+tree 1 614 38 0.919000 0.539000  0.000019 0.000017 0.000048 0.000099 0.000053 0.000028 
3967872 b+tree 1 614 38 0.919000 0.308000  0.000017 0.000016 0.000047 0.000091 0.000047 0.000025 
3968000 b+tree 1 614 38 0.919000 0.540000  0.000022 0.000018 0.000049 0.000103 0.000055 0.000028 
3968000 b+tree 1 614 38 0.919000 0.308000  0.000022 0.000018 0.000049 0.000119 0.000058 0.000028 
3968000 b+tree 1 614 38 0.919000 0.308000  0.000021 0.000018 0.000049 0.000101 0.000054 0.000027 
3968000 b+tree 1 614 38 0.919000 0.539000  0.000047 0.000025 0.000074 0.000146 0.000079 0.000038 
3968000 b+tree 1 614 38 0.919000 0.462000  0.000017 0.000016 0.000044 0.000083 0.000045 0.000024 
3968128 b+tree 1 614 38 0.919000 0.539000  0.000021 0.000018 0.000049 0.000104 0.000053 0.000027 
3968128 b+tree 1 614 38 0.919000 0.231000  0.000017 0.000016 0.000045 0.000088 0.000047 0.000025 
3968128 b+tree 1 614 38 0.919000 0.385000  0.000021 0.000017 0.000048 0.000101 0.000054 0.000028 
3968128 b+tree 1 614 38 0.919000 0.462000  0.000022 0.000017 0.000046 0.000098 0.000048 0.000026 
3968128 b+tree 1 614 38 0.919000 0.694000  0.000021 0.000018 0.000048 0.000099 0.000054 0.000027 
3968128 b+tree 1 614 38 0.919000 0.616000  0.000019 0.000017 0.000046 0.000089 0.000049 0.000026 
3968256 b+tree 1 614 38 0.919000 0.462000  0.000022 0.000018 0.000050 0.000101 0.000053 0.000027 
3968256 b+tree 1 614 38 0.919000 0.617000  0.000019 0.000025 0.000059 0.000127 0.000071 0.000034 
3968256 b+tree 1 614 38 0.919000 0.308000  0.051240 0.136153 0.057642 0.136244 0.000005 0.003027 
3968256 b+tree 1 614 38 0.919000 0.693000  0.000015 0.000090 0.000060 0.000185 0.000000 0.000010 
3968256 b+tree 1 614 38 0.919000 0.617000  0.000004 0.000004 0.000012 0.000023 0.000017 0.000008 
3968384 b+tree 1 614 38 0.919000 0.771000  0.000018 0.000017 0.000046 0.000121 0.000060 0.000030 
3968384 b+tree 1 614 38 0.919000 0.616000  0.000018 0.000017 0.000046 0.000087 0.000048 0.000025 
3968384 b+tree 1 614 38 0.919000 0.924000  0.000022 0.000017 0.000048 0.000098 0.000052 0.000027 
3968384 b+tree 1 614 38 0.919000 0.848000  0.000019 0.000024 0.000058 0.000145 0.000068 0.000037 
3968384 b+tree 1 614 38 0.919000 0.617000  0.000017 0.000016 0.000044 0.000085 0.000045 0.000024 
3968512 b+tree 1 614 38 0.919000 0.848000  0.000018 0.000016 0.000045 0.000088 0.000048 0.000025 
3968512 b+tree 1 614 38 0.919000 0.693000  0.000017 0.000016 0.000044 0.000083 0.000044 0.000024 
3968512 b+tree 1 614 38 0.919000 0.694000  0.000019 0.000017 0.000047 0.000096 0.000051 0.000026 
3968512 b+tree 1 614 38 0.919000 0.539000  0.000021 0.000016 0.000045 0.000091 0.000046 0.000025 
3968512 b+tree 1 614 38 0.919000 0.848000  0.000022 0.000018 0.000049 0.000105 0.000054 0.000027 
3968640 b+tree 1 614 38 0.919000 0.925000  0.000018 0.000017 0.000045 0.000087 0.000048 0.000025 
3968640 b+tree 1 614 38 0.919000 0.694000  0.000018 0.000016 0.000058 0.000120 0.000059 0.000033 
3968640 b+tree 1 614 38 0.919000 0.848000  0.000017 0.000016 0.000058 0.000115 0.000058 0.000033 
3968640 b+tree 1 614 38 0.919000 0.539000  0.000017 0.000016 0.000044 0.000089 0.000047 0.000025 
3968640 b+tree 1 614 38 0.919000 0.772000  0.000018 0.000016 0.000045 0.000096 0.000050 0.000026 
3968640 b+tree 1 614 38 0.919000 0.616000  0.000017 0.000016 0.000046 0.000093 0.000047 0.000025 
3968768 b+tree 1 614 38 0.919000 0.771000  0.000022 0.000018 0.000049 0.000103 0.000054 0.000027 
3968768 b+tree 1 614 38 0.919000 0.849000  0.000018 0.000016 0.000045 0.000087 0.000047 0.000025 
3968768 b+tree 1 614 38 0.919000 0.539000  0.000022 0.000018 0.000049 0.000104 0.000053 0.000027 
3968768 b+tree 1 614 38 0.919000 0.772000  0.000021 0.000017 0.000045 0.000092 0.000048 0.000025 
3968768 b+tree 1 614 38 0.919000 0.540000  0.000017 0.000015 0.000043 0.000081 0.000044 0.000024 
3968896 b+tree 1 614 38 0.919000 0.848000  0.000018 0.000016 0.000044 0.000086 0.000047 0.000025 
3968896 b+tree 1 614 38 0.919000 0.540000  0.000021 0.000016 0.000044 0.000092 0.000046 0.000024 
3968896 b+tree 1 614 38 0.919000 0.693000  0.000018 0.000016 0.000044 0.000085 0.000047 0.000025 
3968896 b+tree 1 614 38 0.919000 1.235000  0.000018 0.000016 0.000044 0.000085 0.000047 0.000025 
3968896 b+tree 1 614 38 0.919000 0.540000  0.000017 0.000016 0.000044 0.000084 0.000047 0.000025 
3969024 b+tree 1 614 38 0.919000 0.771000  0.000018 0.000016 0.000044 0.000085 0.000047 0.000025 
3969024 b+tree 1 614 38 0.919000 0.617000  0.000017 0.000015 0.000042 0.000081 0.000044 0.000023 
3969024 b+tree 1 614 38 0.919000 0.772000  0.000017 0.000018 0.000047 0.000100 0.000051 0.000026 
3969024 b+tree 1 614 38 0.919000 0.540000  0.000020 0.000016 0.000045 0.000091 0.000046 0.000024 
3969024 b+tree 1 614 38 0.919000 0.771000  0.000021 0.000017 0.000048 0.000100 0.000051 0.000026 
3969152 b+tree 1 614 38 0.919000 0.849000  0.000017 0.000016 0.000044 0.000084 0.000046 0.000024 
3969152 b+tree 1 614 38 0.919000 0.540000  0.000017 0.000016 0.000044 0.000083 0.000046 0.000024 
3969152 b+tree 1 614 38 0.919000 0.849000  0.000018 0.000016 0.000044 0.000092 0.000049 0.000025 
3969152 b+tree 1 614 38 0.919000 0.616000  0.000021 0.000017 0.000046 0.000098 0.000051 0.000026 
3969152 b+tree 1 614 38 0.919000 0.849000  0.000019 0.000016 0.000046 0.000095 0.000049 0.000026 
3969152 b+tree 1 614 38 0.919000 0.540000  0.000021 0.000017 0.000044 0.000089 0.000046 0.000024 
3969280 b+tree 1 614 38 0.919000 0.771000  0.000017 0.000016 0.000044 0.000083 0.000046 0.000024 
3969280 b+tree 1 614 38 0.919000 0.540000  0.000017 0.000016 0.000044 0.000083 0.000046 0.000024 
3969280 b+tree 1 614 38 0.919000 0.849000  0.000018 0.000016 0.000044 0.000099 0.000048 0.000025 
3969280 b+tree 1 614 38 0.919000 0.539000  0.000016 0.000015 0.000042 0.000080 0.000043 0.000023 
3969280 b+tree 1 614 38 0.919000 0.848000  0.000021 0.000018 0.000047 0.000099 0.000051 0.000026 
3969408 b+tree 1 614 38 0.919000 0.539000  0.000020 0.000015 0.000043 0.000091 0.000045 0.000024 
3969408 b+tree 1 614 38 0.919000 0.770000  0.000017 0.000016 0.000043 0.000111 0.000056 0.000028 
3969408 b+tree 1 614 38 0.919000 0.616000  0.000017 0.000016 0.000043 0.000086 0.000046 0.000024 
3969408 b+tree 1 614 38 0.919000 0.771000  0.000019 0.000017 0.000046 0.000100 0.000050 0.000026 
3969408 b+tree 1 614 38 0.919000 0.847000  0.000024 0.000017 0.000047 0.000107 0.000052 0.000026 
3969536 b+tree 1 614 38 0.919000 0.540000  0.000016 0.000015 0.000042 0.000080 0.000043 0.000023 
3969536 b+tree 1 614 38 0.919000 1.003000  0.000021 0.000017 0.000047 0.000099 0.000052 0.000026 
3969536 b+tree 1 614 38 0.919000 0.539000  0.000017 0.000015 0.000042 0.000087 0.000045 0.000024 
3969536 b+tree 1 614 38 0.919000 0.771000  0.000021 0.000017 0.000045 0.000097 0.000051 0.000026 
3969536 b+tree 1 614 38 0.919000 0.540000  0.000020 0.000015 0.000044 0.000090 0.000045 0.000024 
3969664 b+tree 1 614 38 0.919000 0.771000  0.000022 0.000017 0.000046 0.000097 0.000051 0.000026 
3969664 b+tree 1 614 38 0.919000 0.616000  0.000018 0.000016 0.000043 0.000099 0.000051 0.000025 
3969664 b+tree 1 614 38 0.919000 0.617000  0.000016 0.000015 0.000041 0.000080 0.000042 0.000023 
3969664 b+tree 1 614 38 0.919000 0.848000  0.000017 0.000016 0.000045 0.000092 0.000048 0.000025 
3969664 b+tree 1 614 38 0.919000 0.540000  0.000017 0.000015 0.000042 0.000089 0.000044 0.000024 
3969664 b+tree 1 614 38 0.919000 0.770000  0.000018 0.000016 0.000044 0.000091 0.000049 0.000025 
3969792 b+tree 1 614 38 0.919000 0.616000  0.000016 0.000015 0.000043 0.000086 0.000044 0.000024 
3969792 b+tree 1 614 38 0.919000 0.771000  0.000020 0.000016 0.000045 0.000091 0.000048 0.000025 
3969792 b+tree 1 614 38 0.919000 0.616000  0.000017 0.000016 0.000045 0.000097 0.000050 0.000026 
3969792 b+tree 1 614 38 0.919000 0.539000  0.000017 0.000023 0.000055 0.000137 0.000065 0.000035 
3969792 b+tree 1 614 38 0.919000 0.847000  0.000034 0.000019 0.000051 0.000114 0.000054 0.000027 
3969920 b+tree 1 614 38 0.919000 0.617000  0.000016 0.000015 0.000041 0.000078 0.000042 0.000023 
3969920 b+tree 1 614 38 0.919000 0.771000  0.000017 0.000016 0.000043 0.000082 0.000045 0.000024 
3969920 b+tree 1 614 38 0.919000 0.540000  0.000017 0.000015 0.000043 0.000088 0.000044 0.000023 
3969920 b+tree 1 614 38 0.919000 0.771000  0.000120 0.000095 0.000221 0.000408 0.000175 0.000080 
3969920 b+tree 1 614 38 0.919000 0.847000  0.000018 0.000016 0.000043 0.000086 0.000046 0.000024 
3970048 b+tree 1 614 38 0.919000 0.540000  0.000017 0.000015 0.000042 0.000081 0.000045 0.000024 
3970048 b+tree 1 614 38 0.919000 0.847000  0.000018 0.000016 0.000045 0.000094 0.000049 0.000025 
3970048 b+tree 1 614 38 0.919000 0.925000  0.000015 0.000014 0.000041 0.000078 0.000042 0.000022 
3970048 b+tree 1 614 38 0.919000 0.847000  0.000021 0.000017 0.000046 0.000097 0.000050 0.000025 
3970048 b+tree 1 614 38 0.919000 0.540000  0.000016 0.000015 0.000041 0.000080 0.000042 0.000023 
3970176 b+tree 1 614 38 0.919000 0.771000  0.000017 0.000015 0.000042 0.000081 0.000073 0.000033 
3970176 b+tree 1 614 38 0.919000 0.616000  0.000020 0.000015 0.000043 0.000091 0.000044 0.000024 
3970176 b+tree 1 614 38 0.919000 0.925000  0.000020 0.000016 0.000045 0.000094 0.000049 0.000025 
3970176 b+tree 1 614 38 0.919000 0.539000  0.000017 0.000015 0.000041 0.000084 0.000043 0.000023 
3970176 b+tree 1 614 38 0.919000 0.770000  0.000020 0.000016 0.000045 0.000093 0.000049 0.000025 
3970176 b+tree 1 614 38 0.919000 0.925000  0.000017 0.000015 0.000042 0.000089 0.000047 0.000024 
3970304 b+tree 1 614 38 0.919000 0.925000  0.000020 0.000016 0.000044 0.000093 0.000049 0.000025 
3970304 b+tree 1 614 38 0.919000 0.848000  0.000021 0.000017 0.000045 0.000095 0.000050 0.000025 
3970304 b+tree 1 614 39 0.919000 0.539000  0.000016 0.000014 0.000040 0.000078 0.000041 0.000022 
3970304 b+tree 1 614 38 0.919000 0.849000  0.000021 0.000016 0.000044 0.000095 0.000051 0.000026 
3970304 b+tree 1 614 38 0.919000 0.540000  0.000017 0.000014 0.000040 0.000079 0.000042 0.000022 
3970432 b+tree 1 614 38 0.919000 0.770000  0.000017 0.000015 0.000042 0.000081 0.000045 0.000023 
3970432 b+tree 1 614 38 0.919000 0.694000  0.000026 0.000023 0.000063 0.000126 0.000068 0.000035 
3970432 b+tree 1 614 38 0.919000 0.539000  0.000120 0.000133 0.000256 0.000503 0.000185 0.000080 
3970432 b+tree 1 614 38 0.919000 0.847000  0.000016 0.000022 0.000054 0.000110 0.000063 0.000031 
3970432 b+tree 1 614 38 0.919000 0.539000  0.004715 0.001118 0.002223 0.004899 0.001429 0.000584 
3970560 b+tree 1 614 38 0.919000 0.849000  0.000016 0.000015 0.000042 0.000080 0.000045 0.000023 
3970560 b+tree 1 614 38 0.919000 0.540000  0.000029 0.000018 0.000047 0.000105 0.000052 0.000026 
3970560 b+tree 1 614 38 0.919000 0.539000  0.000020 0.000016 0.000045 0.000094 0.000049 0.000025 
3970560 b+tree 1 614 38 0.919000 0.926000  0.000021 0.000016 0.000044 0.000094 0.000048 0.000024 
3970560 b+tree 1 614 38 0.919000 0.539000  0.000016 0.000014 0.000040 0.000077 0.000041 0.000022 
3970688 b+tree 1 614 38 0.919000 0.771000  0.000016 0.000015 0.000041 0.000080 0.000044 0.000023 
3970688 b+tree 1 614 38 0.919000 0.540000  0.000015 0.000014 0.000040 0.000076 0.000041 0.000022 
3970688 b+tree 1 614 38 0.919000 0.848000  0.000019 0.000015 0.000043 0.000092 0.000048 0.000025 
3970688 b+tree 1 614 38 0.919000 0.539000  0.000016 0.000014 0.000041 0.000082 0.000043 0.000022 
3970688 b+tree 1 614 38 0.919000 0.770000  0.000020 0.000016 0.000044 0.000096 0.000049 0.000025 
3970816 b+tree 1 614 38 0.919000 0.848000  0.000016 0.000015 0.000041 0.000080 0.000043 0.000023 
3970816 b+tree 1 614 38 0.919000 0.540000  0.000020 0.000016 0.000044 0.000092 0.000047 0.000024 
3970816 b+tree 1 614 38 0.919000 0.848000  0.000016 0.000015 0.000047 0.000098 0.000049 0.000025 
3970816 b+tree 1 614 38 0.919000 0.617000  0.000020 0.000017 0.000045 0.000095 0.000050 0.000025 
3970816 b+tree 1 614 38 0.919000 0.847000  0.000021 0.000016 0.000045 0.000098 0.000049 0.000025 
3970944 b+tree 1 614 38 0.919000 0.540000  0.000015 0.000014 0.000040 0.000075 0.000041 0.000022 
3970944 b+tree 1 614 38 0.919000 0.848000  0.000018 0.000015 0.000045 0.000098 0.000048 0.000025 
3970944 b+tree 1 614 38 0.919000 0.540000  0.000015 0.000014 0.000040 0.000075 0.000041 0.000022 
3970944 b+tree 1 614 38 0.919000 0.771000  0.000017 0.000015 0.000043 0.000088 0.000046 0.000024 
3970944 b+tree 1 614 38 0.919000 0.540000  0.000015 0.000014 0.000040 0.000080 0.000041 0.000022 
3970944 b+tree 1 614 38 0.919000 0.770000  0.000019 0.000016 0.000045 0.000097 0.000048 0.000025 
3971072 b+tree 1 614 38 0.919000 0.924000  0.000016 0.000014 0.000039 0.000081 0.000044 0.000023 
3971072 b+tree 1 614 38 0.919000 0.771000  0.000017 0.000015 0.000043 0.000095 0.000048 0.000024 
3971072 b+tree 1 614 38 0.919000 0.849000  0.000016 0.000015 0.000041 0.000079 0.000043 0.000023 
3971072 b+tree 1 614 38 0.919000 0.772000  0.141352 0.445781 0.297533 0.445834 0.000005 0.002233 
3971072 b+tree 1 614 38 0.919000 0.925000  0.000009 0.000092 0.000046 0.000146 0.000000 0.000007 
3971200 b+tree 1 614 38 0.919000 0.848000  0.000010 0.000067 0.000035 0.000118 0.000000 0.000006 
3971200 b+tree 1 614 38 0.919000 0.616000  0.000009 0.000058 0.000037 0.000120 0.000000 0.000006 
3971200 b+tree 1 614 38 0.919000 0.770000  0.000008 0.000051 0.000033 0.000109 0.000000 0.000006 
3971200 b+tree 1 614 38 0.919000 0.616000  0.000008 0.000047 0.000030 0.000098 0.000000 0.000005 
3971200 b+tree 1 614 38 0.919000 0.771000  0.000008 0.000049 0.000033 0.000103 0.000000 0.000006 
3971328 b+tree 1 614 38 0.919000 0.849000  0.000008 0.000046 0.000030 0.000096 0.000000 0.000005 
3971328 b+tree 1 614 38 0.919000 0.771000  0.000008 0.000049 0.000045 0.000141 0.000000 0.000007 
3971328 b+tree 1 614 38 0.919000 0.539000  0.000008 0.000047 0.000030 0.000097 0.000000 0.000005 
3971328 b+tree 1 614 38 0.919000 0.771000  0.000009 0.000058 0.000036 0.000119 0.000000 0.000006 
3971328 b+tree 1 614 38 0.919000 0.847000  0.000008 0.000047 0.000030 0.000096 0.000000 0.000005 
3971456 b+tree 1 614 38 0.919000 0.771000  0.000008 0.000048 0.000044 0.000133 0.000000 0.000007 
3971456 b+tree 1 614 38 0.919000 0.540000  0.000009 0.000055 0.000035 0.000116 0.000000 0.000006 
3971456 b+tree 1 614 38 0.919000 0.694000  0.000009 0.000057 0.000036 0.000113 0.000000 0.000006 
3971456 b+tree 1 614 38 0.919000 0.771000  0.000008 0.000050 0.000031 0.000101 0.000000 0.000005 
3971456 b+tree 1 614 38 0.919000 0.540000  0.000008 0.000046 0.000030 0.000095 0.000000 0.000005 
3971456 b+tree 1 614 38 0.919000 0.770000  0.000009 0.000058 0.000037 0.000123 0.000000 0.000006 
3971584 b+tree 1 614 38 0.919000 0.539000  0.088458 0.024982 0.052482 0.088632 0.028791 0.012237 
3971584 b+tree 1 614 38 0.919000 0.771000  0.000028 0.000023 0.000062 0.000133 0.000073 0.000036 
3971584 b+tree 1 614 38 0.919000 0.772000  0.000023 0.000021 0.000058 0.000111 0.000061 0.000032 
3971584 b+tree 1 614 38 0.919000 0.540000  0.000022 0.000030 0.000074 0.000174 0.000085 0.000042 
3971584 b+tree 1 614 38 0.919000 0.772000  0.000023 0.000021 0.000074 0.000149 0.000074 0.000042 
3971712 b+tree 1 614 38 0.919000 0.693000  0.000008 0.000050 0.000031 0.000099 0.000000 0.000005 
3971712 b+tree 1 614 38 0.919000 0.771000  0.000008 0.000049 0.000033 0.000101 0.000000 0.000006 
3971712 b+tree 1 614 38 0.919000 0.539000  0.000023 0.000021 0.000057 0.000110 0.000061 0.000032 
3971712 b+tree 1 614 38 0.919000 0.771000  0.000023 0.000021 0.000057 0.000109 0.000060 0.000032 
3971712 b+tree 1 614 38 0.919000 0.849000  0.000023 0.000021 0.000057 0.000110 0.000061 0.000032 
3971840 b+tree 1 614 38 0.919000 0.617000  0.000023 0.000020 0.000055 0.000108 0.000057 0.000030 
3971840 b+tree 1 614 38 0.919000 0.771000  0.000023 0.000021 0.000057 0.000108 0.000060 0.000032 
3971840 b+tree 1 614 38 0.919000 0.617000  0.000022 0.000020 0.000056 0.000116 0.000061 0.000043 
3971840 b+tree 1 614 38 0.919000 0.770000  0.000023 0.000021 0.000057 0.000109 0.000060 0.000032 
3971840 b+tree 1 614 38 0.919000 0.848000  0.000024 0.000021 0.000057 0.000114 0.000060 0.000032 
3971968 b+tree 1 614 38 0.919000 0.693000  0.000022 0.000020 0.000057 0.000108 0.000060 0.000031 
3971968 b+tree 1 614 38 0.919000 0.847000  0.000008 0.000048 0.000032 0.000108 0.000000 0.000006 
3971968 b+tree 1 614 38 0.919000 0.540000  0.000008 0.000046 0.000030 0.000095 0.000000 0.000005 
3971968 b+tree 1 614 38 0.919000 0.849000  0.000017 0.000015 0.000042 0.000085 0.000045 0.000023 
3971968 b+tree 1 614 38 0.919000 0.616000  0.000019 0.000015 0.000041 0.000082 0.000042 0.000022 
3972096 b+tree 1 614 38 0.919000 0.694000  0.000016 0.000015 0.000041 0.000079 0.000043 0.000023 
3972096 b+tree 1 614 38 0.919000 0.694000  0.000016 0.000015 0.000042 0.000093 0.000044 0.000023 
3972096 b+tree 1 614 38 0.919000 0.770000  0.000020 0.000016 0.000045 0.000094 0.000049 0.000025 
3972096 b+tree 1 614 38 0.919000 0.617000  0.000020 0.000017 0.000044 0.000095 0.000048 0.000025 
3972096 b+tree 1 614 38 0.919000 0.539000  0.000020 0.000016 0.000045 0.000093 0.000049 0.000025 
3972224 b+tree 1 614 38 0.919000 0.771000  0.000019 0.000015 0.000042 0.000091 0.000046 0.000024 
3972224 b+tree 1 614 38 0.919000 0.540000  0.000015 0.000014 0.000039 0.000074 0.000040 0.000021 
3972224 b+tree 1 614 38 0.919000 0.849000  0.000018 0.000015 0.000043 0.000089 0.000047 0.000024 
3972224 b+tree 1 614 38 0.919000 0.695000  0.000015 0.000014 0.000039 0.000074 0.000040 0.000021 
3972224 b+tree 1 614 38 0.919000 0.770000  0.000016 0.000015 0.000040 0.000078 0.000042 0.000022 
3972224 b+tree 1 614 38 0.919000 0.539000  0.000016 0.000014 0.000041 0.000084 0.000044 0.000023 
3972352 b+tree 1 614 38 0.919000 0.772000  0.000016 0.000015 0.000040 0.000077 0.000043 0.000023 
3972352 b+tree 1 614 38 0.919000 0.539000  0.000017 0.000015 0.000040 0.000080 0.000043 0.000022 
3972352 b+tree 1 614 38 0.919000 0.848000  0.000016 0.000015 0.000040 0.000078 0.000043 0.000023 
3972352 b+tree 1 614 38 0.919000 0.926000  0.000019 0.000017 0.000043 0.000092 0.000046 0.000023 
3972352 b+tree 1 614 38 0.919000 0.694000  0.000019 0.000015 0.000042 0.000086 0.000045 0.000023 
3972480 b+tree 1 614 38 0.919000 0.771000  0.000019 0.000015 0.000042 0.000088 0.000046 0.000024 
3972480 b+tree 1 614 38 0.919000 0.539000  0.000032 0.000015 0.000041 0.000092 0.000042 0.000022 
3972480 b+tree 1 614 38 0.919000 0.617000  0.000020 0.000016 0.000043 0.000089 0.000047 0.000024 
3972480 b+tree 1 614 38 0.919000 0.540000  0.000015 0.000014 0.000040 0.000084 0.000041 0.000022 
3972608 b+tree 1 614 38 0.919000 0.848000  0.463470 0.189497 0.502048 0.463552 0.224188 0.114701 
3972608 b+tree 1 614 38 0.919000 0.616000  0.000067 0.000027 0.000064 0.000125 0.000057 0.000029 
3972608 b+tree 1 614 38 0.919000 0.848000  0.000016 0.000015 0.000040 0.000078 0.000043 0.000022 
3972608 b+tree 1 614 38 0.919000 0.539000  0.000015 0.000014 0.000038 0.000073 0.000040 0.000029 
3972608 b+tree 1 614 38 0.919000 0.848000  0.000016 0.000014 0.000040 0.000076 0.000042 0.000022 
3972736 b+tree 1 614 38 0.919000 0.540000  0.000015 0.000014 0.000040 0.000081 0.000041 0.000022 
3972736 b+tree 1 614 38 0.919000 0.771000  0.000018 0.000015 0.000041 0.000087 0.000046 0.000024 
3972736 b+tree 1 614 38 0.919000 0.616000  0.000017 0.000015 0.000040 0.000079 0.000043 0.000022 
3972736 b+tree 1 614 38 0.919000 0.540000  0.000015 0.000014 0.000040 0.000075 0.000042 0.000022 
3972736 b+tree 1 614 38 0.919000 0.617000  0.000015 0.000014 0.000039 0.000075 0.000041 0.000022 
3972736 b+tree 1 614 38 0.919000 0.617000  0.000018 0.000015 0.000041 0.000088 0.000046 0.000024 
3972864 b+tree 1 614 38 0.919000 0.771000  0.000016 0.000014 0.000039 0.000076 0.000042 0.000022 
3972864 b+tree 1 614 38 0.919000 0.616000  0.000015 0.000014 0.000038 0.000072 0.000039 0.000021 
3972864 b+tree 1 614 38 0.919000 0.849000  0.000019 0.000015 0.000041 0.000087 0.000045 0.000023 
3972864 b+tree 1 614 38 0.919000 0.540000  0.000015 0.000013 0.000038 0.000072 0.000039 0.000021 
3972864 b+tree 1 614 38 0.919000 0.694000  0.000127 0.000085 0.000188 0.000346 0.000151 0.000069 
3972992 b+tree 1 614 38 0.919000 0.926000  0.000021 0.000016 0.000042 0.000090 0.000047 0.000023 
3972992 b+tree 1 614 38 0.919000 0.540000  0.000015 0.000013 0.000038 0.000072 0.000039 0.000021 
3972992 b+tree 1 614 38 0.919000 0.771000  0.000016 0.000014 0.000039 0.000075 0.000041 0.000022 
3972992 b+tree 1 614 38 0.919000 0.540000  0.000015 0.000013 0.000038 0.000073 0.000039 0.000021 
3972992 b+tree 1 614 38 0.919000 0.770000  0.000020 0.000015 0.000042 0.000088 0.000046 0.000024 
3973120 b+tree 1 614 38 0.919000 0.617000  0.000014 0.000013 0.000038 0.000071 0.000039 0.000021 
3973120 b+tree 1 614 38 0.919000 0.539000  0.000019 0.000015 0.000042 0.000087 0.000046 0.000023 
3973120 b+tree 1 614 38 0.919000 0.847000  0.000016 0.000015 0.000041 0.000085 0.000045 0.000023 
3973120 b+tree 1 614 38 0.919000 0.539000  0.000014 0.000013 0.000038 0.000071 0.000039 0.000021 
3973120 b+tree 1 614 38 0.919000 0.924000  0.000016 0.000014 0.000039 0.000102 0.000050 0.000029 
3973248 b+tree 1 614 38 0.919000 0.616000  0.094853 0.028375 0.010037 0.016048 0.005387 0.002399 
3973248 b+tree 1 614 38 0.919000 0.771000  0.000019 0.000015 0.000042 0.000089 0.000047 0.000024 
3973248 b+tree 1 614 38 0.919000 0.771000  0.000016 0.000014 0.000039 0.000077 0.000042 0.000022 
3973248 b+tree 1 614 38 0.919000 0.617000  0.000015 0.000014 0.000039 0.000074 0.000041 0.000022 
3973248 b+tree 1 614 38 0.919000 0.771000  0.000017 0.000015 0.000040 0.000091 0.000045 0.000023 
3973376 b+tree 1 614 38 0.919000 0.539000  0.000015 0.000013 0.000037 0.000071 0.000038 0.000021 
3973376 b+tree 1 614 38 0.919000 0.771000  0.000015 0.000014 0.000041 0.000091 0.000044 0.000022 
3973376 b+tree 1 614 38 0.919000 0.540000  0.000015 0.000013 0.000037 0.000071 0.000039 0.000021 
3973376 b+tree 1 614 38 0.919000 0.925000  0.000016 0.000014 0.000039 0.000074 0.000041 0.000022 
3973376 b+tree 1 614 38 0.919000 0.539000  0.000015 0.000014 0.000039 0.000079 0.000040 0.000021 
3973504 b+tree 1 614 38 0.919000 0.770000  0.000015 0.000014 0.000039 0.000073 0.000041 0.000022 
3973504 b+tree 1 614 38 0.919000 0.926000  0.000015 0.000014 0.000039 0.000074 0.000041 0.000022 
3973504 b+tree 1 614 38 0.919000 0.771000  0.000018 0.000015 0.000041 0.000086 0.000045 0.000023 
3973504 b+tree 1 614 38 0.919000 0.848000  0.000019 0.000015 0.000041 0.000086 0.000045 0.000023 
3973504 b+tree 1 614 38 0.919000 0.617000  0.000018 0.000015 0.000042 0.000090 0.000046 0.000023 
3973504 b+tree 1 614 38 0.919000 0.848000  0.000015 0.000014 0.000039 0.000075 0.000041 0.000021 
3973632 b+tree 1 614 38 0.919000 0.540000  0.000018 0.000015 0.000042 0.000088 0.000046 0.000023 
3973632 b+tree 1 614 38 0.919000 0.848000  0.000028 0.000017 0.000046 0.000106 0.000049 0.000024 
3973632 b+tree 1 614 38 0.919000 0.616000  0.000014 0.000013 0.000037 0.000071 0.000038 0.000020 
3973632 b+tree 1 614 38 0.919000 0.848000  0.000015 0.000014 0.000050 0.000100 0.000050 0.000028 
3973632 b+tree 1 614 38 0.919000 0.617000  0.124934 0.037266 0.109281 0.125099 0.051437 0.026265 
3973760 b+tree 1 614 38 0.919000 1.001000  0.000016 0.000014 0.000038 0.000075 0.000041 0.000021 
3973760 b+tree 1 614 38 0.919000 0.849000  0.000015 0.000014 0.000039 0.000076 0.000041 0.000022 
3973760 b+tree 1 614 38 0.919000 0.540000  0.000018 0.000015 0.000041 0.000087 0.000046 0.000023 
3973760 b+tree 1 614 38 0.919000 0.848000  0.000015 0.000014 0.000038 0.000074 0.000041 0.000021 
3973760 b+tree 1 614 38 0.919000 0.539000  0.000014 0.000013 0.000037 0.000069 0.000038 0.000020 
3973888 b+tree 1 614 38 0.919000 0.848000  0.000016 0.000014 0.000038 0.000074 0.000041 0.000021 
3973888 b+tree 1 614 38 0.919000 0.772000  0.000014 0.000013 0.000037 0.000070 0.000037 0.000020 
3973888 b+tree 1 614 38 0.919000 0.847000  0.000015 0.000020 0.000049 0.000117 0.000057 0.000028 
3973888 b+tree 1 614 38 0.919000 0.540000  0.000015 0.000014 0.000038 0.000079 0.000040 0.000021 
3973888 b+tree 1 614 38 0.919000 0.771000  0.008236 0.007748 0.021441 0.044534 0.023778 0.012349 
3974016 b+tree 1 614 38 0.919000 0.925000  0.000015 0.000014 0.000038 0.000073 0.000041 0.000021 
3974016 b+tree 1 614 38 0.919000 0.616000  0.000015 0.000014 0.000038 0.000073 0.000040 0.000021 
3974016 b+tree 1 614 38 0.919000 0.926000  0.000019 0.000015 0.000040 0.000087 0.000045 0.000023 
3974016 b+tree 1 614 38 0.919000 0.617000  0.000019 0.000015 0.000041 0.000088 0.000046 0.000023 
3974016 b+tree 1 614 38 0.919000 0.847000  0.000018 0.000016 0.000043 0.000093 0.000045 0.000023 
3974016 b+tree 1 614 38 0.919000 0.617000  0.000014 0.000013 0.000036 0.000069 0.000037 0.000020 
3974144 b+tree 1 614 38 0.919000 0.693000  0.000015 0.000014 0.000038 0.000073 0.000040 0.000021 
3974144 b+tree 1 614 38 0.919000 0.540000  0.808333 0.205474 0.428488 0.814388 0.255790 0.106687 
3974144 b+tree 1 614 38 0.919000 1.002000  0.001581 0.001319 0.003586 0.007552 0.003998 0.002047 
3974144 b+tree 1 614 39 0.919000 0.848000  0.000014 0.000014 0.000039 0.000082 0.000043 0.000022 
3974144 b+tree 1 614 39 0.919000 1.080000  0.000016 0.000014 0.000037 0.000079 0.000042 0.000022 
3974272 b+tree 1 614 38 0.919000 1.234000  0.020227 0.017420 0.047725 0.097171 0.050841 0.026659 
3974272 b+tree 1 614 39 0.919000 1.156000  0.007161 0.005374 0.014427 0.031883 0.016231 0.008205 
3974272 b+tree 1 614 39 0.919000 1.080000  0.004206 0.003436 0.010032 0.025646 0.011273 0.005630 
3974272 b+tree 1 614 38 0.919000 1.080000  0.002129 0.001913 0.005353 0.010308 0.005533 0.002963 
3974272 b+tree 1 614 38 0.919000 0.847000  0.002040 0.001853 0.005094 0.009828 0.005428 0.002845 
3974400 b+tree 1 614 38 0.919000 0.617000  0.001806 0.001628 0.004636 0.009337 0.004755 0.002552 
3974400 b+tree 1 614 38 0.919000 0.771000  0.001761 0.001591 0.004415 0.008683 0.004643 0.002455 
3974400 b+tree 1 614 38 0.919000 0.540000  0.001925 0.001509 0.004223 0.008484 0.004313 0.002271 
3974400 b+tree 1 614 38 0.919000 0.770000  0.001461 0.001383 0.003822 0.007227 0.004010 0.002130 
3974400 b+tree 1 614 38 0.919000 0.694000  0.001320 0.001191 0.003337 0.006333 0.003455 0.001841 
3974528 b+tree 1 614 38 0.919000 0.770000  0.001134 0.001077 0.002988 0.005631 0.003139 0.001663 
3974528 b+tree 1 614 38 0.919000 0.849000  0.001089 0.000990 0.002705 0.005192 0.003061 0.001570 
3974528 b+tree 1 614 38 0.919000 0.925000  0.001174 0.000917 0.002522 0.005442 0.002834 0.001441 
3974528 b+tree 1 614 38 0.919000 0.772000  0.001289 0.000888 0.002401 0.005105 0.002547 0.001319 
3974528 b+tree 1 614 38 0.919000 0.539000  0.000808 0.000759 0.002132 0.004026 0.002163 0.001178 
3974528 b+tree 1 614 38 0.919000 0.770000  0.000861 0.000777 0.002142 0.004206 0.002265 0.001196 
3974656 b+tree 1 614 38 0.919000 0.539000  0.000786 0.000711 0.002201 0.004460 0.002197 0.001164 
3974656 b+tree 1 614 38 0.919000 0.771000  0.000999 0.000794 0.002205 0.004880 0.002416 0.001230 
3974656 b+tree 1 614 38 0.919000 1.003000  0.000740 0.000693 0.001953 0.004048 0.002022 0.001066 
3974656 b+tree 1 614 38 0.919000 0.770000  0.000853 0.000709 0.002007 0.004241 0.002232 0.001143 
3974656 b+tree 1 614 38 0.919000 0.848000  0.000765 0.000670 0.001848 0.003748 0.001974 0.001030 
3974784 b+tree 1 614 38 0.919000 1.001000  0.000004 0.000004 0.000012 0.000023 0.000015 0.000007 
3974784 b+tree 1 614 38 0.919000 0.925000  0.001645 0.000854 0.002537 0.005277 0.002771 0.001453 
3974784 b+tree 1 614 38 0.919000 0.616000  0.000589 0.000530 0.001484 0.002873 0.001533 0.000819 
3974784 b+tree 1 614 38 0.919000 0.848000  0.000608 0.000546 0.001944 0.003956 0.002267 0.001101 
3974784 b+tree 1 614 38 0.919000 0.617000  0.006596 0.001506 0.003099 0.006719 0.001887 0.000757 
3974912 b+tree 1 614 38 0.919000 0.849000  0.000687 0.000552 0.001532 0.003260 0.001680 0.000870 
3974912 b+tree 1 614 38 0.919000 0.693000  0.000739 0.000570 0.001528 0.003234 0.001694 0.000853 
3974912 b+tree 1 614 38 0.919000 0.539000  0.000523 0.000481 0.001348 0.002563 0.001384 0.000745 
3974912 b+tree 1 614 38 0.919000 0.770000  0.000662 0.000534 0.001483 0.003133 0.001608 0.000818 
3974912 b+tree 1 614 38 0.919000 0.539000  0.000538 0.000472 0.001309 0.003001 0.001372 0.000738 
3975040 b+tree 1 614 38 0.919000 0.771000  0.000642 0.000515 0.001413 0.003010 0.001552 0.000795 
3975040 b+tree 1 614 38 0.919000 0.616000  0.000501 0.000461 0.001276 0.002464 0.001340 0.000710 
3975040 b+tree 1 614 38 0.919000 0.848000  0.000491 0.000671 0.001620 0.003243 0.001894 0.000919 
3975040 b+tree 1 614 38 0.919000 0.925000  0.000316 0.000273 0.000750 0.001508 0.000884 0.000442 
3975040 b+tree 1 614 38 0.919000 0.772000  0.000434 0.000401 0.001125 0.002144 0.001155 0.000620 
3975168 b+tree 1 614 38 0.919000 0.925000  0.000462 0.000415 0.001142 0.002203 0.001214 0.000637 
3975168 b+tree 1 614 38 0.919000 0.617000  0.000418 0.000385 0.001079 0.002080 0.001111 0.000596 
3975168 b+tree 1 614 38 0.919000 0.772000  0.000433 0.000397 0.001417 0.002899 0.001430 0.000807 
3975168 b+tree 1 614 38 0.919000 0.540000  0.000433 0.000387 0.001061 0.002064 0.001129 0.000592 
3975168 b+tree 1 614 38 0.919000 0.540000  0.000411 0.000380 0.001046 0.001993 0.001106 0.000584 
3975168 b+tree 1 614 38 0.919000 0.848000  0.000420 0.000376 0.001046 0.002135 0.001151 0.000602 
3975296 b+tree 1 614 38 0.919000 0.540000  0.000459 0.000388 0.001032 0.002023 0.001060 0.000557 
3975296 b+tree 1 614 38 0.919000 0.926000  0.151682 0.053775 0.119085 0.151948 0.059656 0.028458 
3975296 b+tree 1 614 38 0.919000 1.001000  0.000372 0.000343 0.000969 0.001997 0.001019 0.000531 
3975296 b+tree 1 614 38 0.919000 0.771000  0.000469 0.000376 0.001018 0.002159 0.001123 0.000570 
3975424 b+tree 1 614 38 0.919000 0.848000  0.000374 0.000340 0.000947 0.001861 0.001001 0.000524 
3975424 b+tree 1 614 38 0.919000 0.770000  0.000450 0.000363 0.000984 0.002048 0.001068 0.000550 
3975424 b+tree 1 614 38 0.919000 0.925000  0.000360 0.000332 0.000913 0.001762 0.000964 0.000509 
3975424 b+tree 1 614 38 0.919000 0.617000  0.000556 0.000366 0.000997 0.002227 0.001094 0.000554 
3975424 b+tree 1 614 38 0.919000 0.847000  0.000351 0.000320 0.000889 0.001725 0.000948 0.000498 
3975424 b+tree 1 614 38 0.919000 0.617000  0.000322 0.000300 0.000845 0.001615 0.000865 0.000465 
3975552 b+tree 1 614 38 0.919000 0.771000  0.000429 0.000325 0.000901 0.001928 0.000984 0.000509 
3975552 b+tree 1 614 38 0.919000 0.539000  0.000321 0.000289 0.000828 0.001670 0.000869 0.000459 
3975552 b+tree 1 614 38 0.919000 0.771000  0.000333 0.000303 0.000833 0.001607 0.001065 0.000536 
3975552 b+tree 1 614 38 0.919000 0.462000  0.000338 0.000295 0.000810 0.001641 0.000866 0.000452 
3975552 b+tree 1 614 38 0.919000 0.540000  0.000314 0.000289 0.000800 0.001631 0.000872 0.000457 
3975680 b+tree 1 614 38 0.919000 0.694000  0.000311 0.000286 0.000788 0.001560 0.000837 0.000438 
3975680 b+tree 1 614 38 0.919000 0.385000  0.000372 0.000313 0.000853 0.001817 0.000943 0.000490 
3975680 b+tree 1 614 38 0.919000 0.847000  0.000349 0.000281 0.000786 0.001728 0.000855 0.000443 
3975680 b+tree 1 614 38 0.919000 0.385000  0.000288 0.000262 0.000732 0.001402 0.000750 0.000404 
3975680 b+tree 1 614 38 0.919000 0.617000  0.000301 0.000277 0.000753 0.001562 0.000838 0.000430 
3975808 b+tree 1 614 38 0.919000 0.385000  0.000270 0.000253 0.000711 0.001335 0.000727 0.000391 
3975808 b+tree 1 614 38 0.919000 0.847000  0.000289 0.000264 0.000730 0.001428 0.000774 0.000407 
3975808 b+tree 1 614 38 0.919000 0.386000  0.000266 0.000248 0.000695 0.001319 0.000712 0.000383 
3975808 b+tree 1 614 38 0.919000 0.770000  0.000300 0.000383 0.000923 0.002395 0.001092 0.000525 
3975808 b+tree 1 614 38 0.919000 0.385000  0.000316 0.000250 0.000706 0.001748 0.000771 0.000399 
3975808 b+tree 1 614 38 0.919000 0.617000  0.000278 0.000250 0.000686 0.001325 0.000737 0.000386 
3975936 b+tree 1 614 38 0.919000 0.540000  0.000266 0.000248 0.000677 0.001414 0.000712 0.000373 
3975936 b+tree 1 614 38 0.919000 0.693000  0.000327 0.000265 0.000709 0.001508 0.000780 0.000400 
3975936 b+tree 1 614 38 0.919000 0.385000  0.000294 0.000238 0.000666 0.001389 0.000717 0.000369 
3975936 b+tree 1 614 38 0.919000 0.617000  0.000317 0.000264 0.000697 0.001477 0.000772 0.000389 
3975936 b+tree 1 614 38 0.919000 0.693000  0.000259 0.000233 0.000640 0.001254 0.000683 0.000358 
3976064 b+tree 1 614 38 0.919000 0.385000  0.000306 0.000255 0.000695 0.001489 0.000761 0.000386 
3976064 b+tree 1 614 38 0.919000 0.694000  0.000335 0.000267 0.000714 0.001818 0.000778 0.000384 
3976064 b+tree 1 614 38 0.919000 0.385000  0.000360 0.000233 0.000630 0.001279 0.000640 0.000338 
3976064 b+tree 1 614 38 0.919000 0.694000  0.000258 0.000232 0.000634 0.001371 0.000707 0.000363 
3976064 b+tree 1 614 38 0.919000 0.385000  0.000276 0.000220 0.000671 0.001401 0.000675 0.000350 
3976192 b+tree 1 614 38 0.919000 0.617000  0.000245 0.000231 0.000631 0.001373 0.000701 0.000360 
3976192 b+tree 1 614 38 0.919000 0.772000  0.000236 0.000216 0.000595 0.001166 0.000622 0.000331 
3976192 b+tree 1 614 38 0.919000 0.462000  0.000296 0.000232 0.000625 0.001331 0.000693 0.000355 
3976192 b+tree 1 614 38 0.919000 0.694000  0.000260 0.000214 0.000589 0.001253 0.000671 0.000344 
3976192 b+tree 1 614 38 0.919000 0.386000  0.000213 0.000198 0.000554 0.001052 0.000567 0.000305 
3976320 b+tree 1 614 38 0.919000 0.694000  0.000227 0.000207 0.000734 0.001537 0.000743 0.000419 
3976320 b+tree 1 614 38 0.919000 0.385000  0.000211 0.000200 0.000564 0.001164 0.000590 0.000310 
3976320 b+tree 1 614 38 0.919000 0.616000  0.000281 0.000221 0.000594 0.001260 0.000648 0.000330 
3976320 b+tree 1 614 38 0.919000 0.462000  0.000228 0.000201 0.000555 0.001107 0.000632 0.000324 
3976320 b+tree 1 614 38 0.919000 0.386000  0.000266 0.000221 0.000606 0.001269 0.000659 0.000337 
3976320 b+tree 1 614 38 0.919000 0.617000  0.000559 0.000293 0.000867 0.001867 0.000952 0.000455 
3976448 b+tree 1 614 38 0.919000 0.463000  0.000201 0.000186 0.000519 0.000979 0.000532 0.000287 
3976448 b+tree 1 614 38 0.919000 0.616000  0.000229 0.000198 0.000557 0.001160 0.000602 0.000308 
3976448 b+tree 1 614 38 0.919000 0.462000  0.000199 0.000180 0.000503 0.000969 0.000519 0.000286 
3976448 b+tree 1 614 38 0.919000 0.616000  0.000207 0.000190 0.000520 0.001006 0.000559 0.000295 
3976448 b+tree 1 614 38 0.919000 0.463000  0.000193 0.000182 0.000516 0.001067 0.000535 0.000289 
3976576 b+tree 1 614 38 0.919000 0.694000  0.000252 0.000197 0.000535 0.001106 0.000585 0.000303 
3976576 b+tree 1 614 38 0.919000 0.771000  0.000207 0.000184 0.000511 0.001025 0.000550 0.000301 
3976576 b+tree 1 614 38 0.919000 0.617000  0.000238 0.000195 0.000517 0.001027 0.000529 0.000278 
3976576 b+tree 1 614 38 0.919000 0.694000  0.000198 0.000182 0.000500 0.000975 0.000528 0.000279 
3976576 b+tree 1 614 38 0.919000 0.385000  0.000242 0.000201 0.000545 0.001148 0.000600 0.000305 
3976704 b+tree 1 614 38 0.919000 0.617000  0.000255 0.000194 0.000524 0.001179 0.000587 0.000296 
3976704 b+tree 1 614 38 0.919000 0.386000  0.000180 0.000167 0.000470 0.000911 0.000483 0.000259 
3976704 b+tree 1 614 38 0.919000 0.694000  0.000173 0.000134 0.000362 0.000755 0.000395 0.000203 
3976704 b+tree 1 614 38 0.919000 0.385000  0.000183 0.000163 0.000457 0.000886 0.000470 0.000252 
3976704 b+tree 1 614 38 0.919000 0.616000  0.000178 0.000134 0.000359 0.000786 0.000403 0.000204 
3976704 b+tree 1 614 38 0.919000 0.462000  0.000213 0.000177 0.000492 0.001052 0.000732 0.000348 
3976832 b+tree 1 614 38 0.919000 0.694000  0.000493 0.000248 0.000592 0.001555 0.000706 0.000340 
3976832 b+tree 1 614 38 0.919000 0.694000  0.000019 0.000015 0.000042 0.000091 0.000046 0.000023 
3976832 b+tree 1 614 38 0.919000 0.540000  0.000174 0.000153 0.000426 0.000851 0.000437 0.000235 
3976832 b+tree 1 614 38 0.919000 0.617000  0.000215 0.000170 0.000466 0.000983 0.000509 0.000263 
3976832 b+tree 1 614 38 0.919000 0.462000  0.000163 0.000150 0.000420 0.000913 0.000452 0.000237 
3976960 b+tree 1 614 38 0.919000 0.616000  0.001399 0.000733 0.001455 0.002971 0.001239 0.000613 
3976960 b+tree 1 614 38 0.919000 0.616000  0.000177 0.000154 0.000424 0.000852 0.000449 0.000236 
3976960 b+tree 1 614 38 0.919000 0.385000  0.000167 0.000154 0.000421 0.000820 0.000447 0.000235 
3976960 b+tree 1 614 38 0.919000 0.616000  0.000016 0.000014 0.000040 0.000079 0.000042 0.000022 
3976960 b+tree 1 614 38 0.919000 0.385000  0.000152 0.000140 0.000393 0.000761 0.000404 0.000217 
3977088 b+tree 1 614 38 0.919000 0.770000  0.000163 0.000148 0.000407 0.000787 0.000427 0.000234 
3977088 b+tree 1 614 38 0.919000 0.385000  0.000161 0.000145 0.000397 0.000822 0.000419 0.000222 
3977088 b+tree 1 614 38 0.919000 0.616000  0.000161 0.000145 0.000401 0.000774 0.000424 0.000224 
3977088 b+tree 1 614 38 0.919000 0.385000  0.000185 0.000146 0.000407 0.000827 0.000417 0.000219 
3977088 b+tree 1 614 38 0.919000 0.693000  0.000152 0.000142 0.000391 0.000747 0.000414 0.000219 
3977216 b+tree 1 614 38 0.919000 0.385000  0.000181 0.000147 0.000396 0.000802 0.000421 0.000219 
3977216 b+tree 1 614 38 0.919000 0.616000  0.000216 0.000154 0.000428 0.000960 0.000476 0.000235 
3977216 b+tree 1 614 38 0.919000 0.772000  0.000153 0.000152 0.000403 0.000827 0.000424 0.000220 
3977216 b+tree 1 614 38 0.919000 0.462000  0.000148 0.000138 0.000380 0.001666 0.000695 0.000327 
3977216 b+tree 1 614 38 0.919000 0.694000  0.000182 0.000141 0.000384 0.000827 0.000415 0.000219 
3977216 b+tree 1 614 38 0.919000 0.540000  0.000140 0.000141 0.000378 0.000759 0.000387 0.000204 
3977344 b+tree 1 614 38 0.919000 0.693000  0.000144 0.000134 0.000489 0.001034 0.000484 0.000274 
3977344 b+tree 1 614 38 0.919000 0.386000  0.000179 0.000158 0.000406 0.000851 0.000420 0.000213 
3977344 b+tree 1 614 38 0.919000 0.617000  0.000145 0.000195 0.000473 0.000945 0.000547 0.000268 
3977344 b+tree 1 614 38 0.919000 0.386000  0.000375 0.000153 0.000401 0.000981 0.000417 0.000214 
3977344 b+tree 1 614 38 0.919000 0.540000  0.000173 0.000141 0.000392 0.000830 0.000429 0.000219 
3977472 b+tree 1 614 38 0.919000 0.770000  0.000429 0.000194 0.000463 0.001295 0.000554 0.000296 
3977472 b+tree 1 614 38 0.919000 0.385000  0.000135 0.000122 0.000342 0.000662 0.000353 0.000189 
3977472 b+tree 1 614 38 0.919000 0.693000  0.000143 0.000128 0.000354 0.000683 0.000374 0.000197 
3977472 b+tree 1 614 38 0.919000 0.463000  0.000131 0.000120 0.000398 0.000826 0.000398 0.000204 
3977600 b+tree 1 614 38 0.919000 0.616000  0.000151 0.000129 0.000366 0.000775 0.000399 0.000205 
3977600 b+tree 1 614 38 0.919000 0.462000  0.000127 0.000117 0.000330 0.000631 0.000337 0.000181 
3977600 b+tree 1 614 38 0.919000 0.771000  0.000136 0.000124 0.000341 0.000659 0.000364 0.000190 
3977600 b+tree 1 614 38 0.919000 0.540000  0.000128 0.000117 0.000327 0.000709 0.000361 0.000188 
3977600 b+tree 1 614 38 0.919000 0.616000  0.000151 0.000127 0.000350 0.000747 0.000384 0.000196 
3977728 b+tree 1 614 38 0.919000 0.385000  0.000125 0.000121 0.000336 0.000694 0.000366 0.000190 
3977728 b+tree 1 614 38 0.919000 0.617000  0.000132 0.000121 0.000334 0.000642 0.000356 0.000187 
3977728 b+tree 1 614 38 0.919000 0.925000  0.000140 0.000118 0.000335 0.000745 0.000381 0.000193 
3977728 b+tree 1 614 38 0.919000 1.002000  0.252457 0.066881 0.143922 0.252921 0.080011 0.034313 
3977728 b+tree 1 614 38 0.919000 0.771000  0.000161 0.078928 0.161714 0.320446 0.095013 0.038990 
3977856 b+tree 1 614 38 0.919000 0.386000  0.000123 0.000112 0.000309 0.000603 0.000320 0.000171 
3977856 b+tree 1 614 38 0.919000 0.849000  0.000126 0.000116 0.000412 0.000844 0.000414 0.000299 
3977856 b+tree 1 614 38 0.919000 0.462000  0.000126 0.000114 0.000315 0.000699 0.000351 0.000181 
3977856 b+tree 1 614 38 0.919000 0.462000  0.000123 0.000167 0.000404 0.000826 0.000472 0.000230 
3977856 b+tree 1 614 38 0.919000 0.772000  0.000152 0.000120 0.000328 0.000748 0.000371 0.000186 
3977984 b+tree 1 614 38 0.919000 0.462000  0.000117 0.000105 0.000294 0.000564 0.000299 0.000163 
3977984 b+tree 1 614 38 0.919000 0.770000  0.000157 0.000118 0.000320 0.000695 0.000340 0.000177 
3977984 b+tree 1 614 38 0.919000 0.462000  0.000115 0.000105 0.000292 0.000552 0.000297 0.000162 
3977984 b+tree 1 614 38 0.919000 0.693000  0.000121 0.000160 0.000391 0.000804 0.000453 0.000222 
3977984 b+tree 1 614 38 0.919000 0.385000  0.000115 0.000104 0.000290 0.000554 0.000301 0.000161 
3977984 b+tree 1 614 38 0.919000 0.616000  0.000116 0.000108 0.000298 0.000575 0.000316 0.000166 
3978112 b+tree 1 614 38 0.919000 0.463000  0.000137 0.000109 0.000297 0.000615 0.000311 0.000163 
3978112 b+tree 1 614 38 0.919000 0.616000  0.008473 0.007876 0.021709 0.041837 0.023231 0.012113 
3978112 b+tree 1 614 38 0.919000 0.386000  0.000144 0.000113 0.000315 0.000681 0.000346 0.000177 
3978112 b+tree 1 614 38 0.919000 0.772000  0.000131 0.000108 0.000302 0.000635 0.000332 0.000173 
3978112 b+tree 1 614 38 0.919000 0.693000  0.000126 0.000110 0.000307 0.000643 0.000329 0.000166 
3978240 b+tree 1 614 38 0.919000 0.540000  0.000146 0.000117 0.000315 0.000671 0.000346 0.000176 
3978240 b+tree 1 614 38 0.919000 0.693000  0.000145 0.000112 0.000305 0.000648 0.000335 0.000173 
3978240 b+tree 1 614 38 0.919000 0.385000  0.000111 0.000098 0.000274 0.000532 0.000282 0.000152 
3978240 b+tree 1 614 38 0.919000 0.770000  0.000113 0.000150 0.000366 0.000883 0.000420 0.000207 
3978240 b+tree 1 614 38 0.919000 0.539000  0.000109 0.000100 0.000288 0.000583 0.000295 0.000155 
3978368 b+tree 1 614 38 0.919000 0.616000  0.000137 0.000113 0.000309 0.000651 0.000334 0.000171 
3978368 b+tree 1 614 38 0.919000 0.772000  0.000139 0.000109 0.000302 0.000658 0.000329 0.000169 
3978368 b+tree 1 614 38 0.919000 0.617000  0.000128 0.000105 0.000297 0.000621 0.000324 0.000170 
3978368 b+tree 1 614 38 0.919000 0.693000  0.000135 0.000151 0.000369 0.000967 0.000424 0.000229 
3978368 b+tree 1 614 38 0.919000 0.617000  0.000105 0.000095 0.000264 0.000507 0.000274 0.000146 
3978496 b+tree 1 614 38 0.919000 0.694000  0.000111 0.000099 0.000271 0.000524 0.000304 0.000156 
3978496 b+tree 1 614 38 0.919000 0.385000  0.000102 0.000093 0.000260 0.000493 0.000270 0.000144 
3978496 b+tree 1 614 38 0.919000 0.694000  0.000124 0.000105 0.000289 0.000615 0.000320 0.000162 
3978496 b+tree 1 614 38 0.919000 0.386000  0.000100 0.000091 0.000256 0.000494 0.000262 0.000141 
3978496 b+tree 1 614 38 0.919000 0.539000  0.000131 0.000105 0.000283 0.000585 0.000307 0.000158 
3978496 b+tree 1 614 38 0.919000 0.771000  0.000110 0.000096 0.000263 0.000520 0.000283 0.000149 
3978624 b+tree 1 614 38 0.919000 0.617000  0.000123 0.000100 0.000274 0.000577 0.000299 0.000155 
3978624 b+tree 1 614 38 0.919000 0.694000  0.000120 0.000098 0.000267 0.000544 0.000286 0.000147 
3978624 b+tree 1 614 38 0.919000 0.463000  0.000097 0.000089 0.000250 0.000480 0.000257 0.000138 
3978624 b+tree 1 614 38 0.919000 0.694000  0.000102 0.000094 0.000334 0.000674 0.000388 0.000190 
3978624 b+tree 1 614 38 0.919000 0.462000  0.000116 0.000091 0.000263 0.000536 0.000266 0.000141 
3978752 b+tree 1 614 38 0.919000 0.617000  0.000098 0.000093 0.000331 0.000654 0.000382 0.000187 
3978752 b+tree 1 614 38 0.919000 0.385000  0.000104 0.000092 0.000253 0.000501 0.000268 0.000141 
3978752 b+tree 1 614 38 0.919000 0.694000  0.000764 0.000184 0.000416 0.001230 0.000429 0.000195 
3978752 b+tree 1 614 38 0.919000 0.694000  0.000106 0.000091 0.000251 0.000495 0.000266 0.000140 
3978752 b+tree 1 614 38 0.919000 0.539000  0.000092 0.000085 0.000241 0.000458 0.000248 0.000133 
3978880 b+tree 1 614 38 0.919000 0.694000  0.000099 0.000091 0.000322 0.000680 0.000326 0.000183 
3978880 b+tree 1 614 38 0.919000 0.539000  0.000094 0.000086 0.000239 0.000453 0.000249 0.000133 
3978880 b+tree 1 614 38 0.919000 0.693000  0.000101 0.000090 0.000247 0.000480 0.000262 0.000138 
3978880 b+tree 1 614 38 0.919000 0.462000  0.000115 0.000089 0.000250 0.000527 0.000255 0.000136 
3978880 b+tree 1 614 38 0.919000 0.617000  0.000098 0.000089 0.000245 0.000473 0.000261 0.000137 
3979008 b+tree 1 614 38 0.919000 0.386000  0.000112 0.000092 0.000248 0.000512 0.000255 0.000133 
3979008 b+tree 1 614 38 0.919000 0.770000  0.000109 0.000096 0.000264 0.000555 0.000286 0.000143 
3979008 b+tree 1 614 38 0.919000 0.385000  0.000097 0.000087 0.000241 0.000477 0.000252 0.000134 
3979008 b+tree 1 614 38 0.919000 0.540000  0.000113 0.000093 0.000257 0.000552 0.000286 0.000145 
3979008 b+tree 1 614 38 0.919000 0.693000  0.000101 0.000087 0.000239 0.000466 0.000253 0.000133 
3979008 b+tree 1 614 38 0.919000 0.386000  0.000091 0.000082 0.000229 0.000435 0.000238 0.000127 
3979136 b+tree 1 614 38 0.919000 0.693000  0.000096 0.000085 0.000236 0.000452 0.000249 0.000131 
3979136 b+tree 1 614 38 0.919000 0.385000  0.000161 0.000093 0.000252 0.000542 0.000258 0.000133 
3979136 b+tree 1 614 38 0.919000 0.694000  0.000095 0.000085 0.000233 0.000449 0.000248 0.000130 
3979136 b+tree 1 614 38 0.919000 0.616000  0.000105 0.000084 0.000236 0.000503 0.000242 0.000127 
3979136 b+tree 1 614 38 0.919000 0.616000  0.000106 0.000087 0.001446 0.001935 0.000915 0.000406 
3979264 b+tree 1 614 38 0.919000 0.617000  0.000095 0.000083 0.000228 0.000456 0.000242 0.000127 
3979264 b+tree 1 614 38 0.919000 0.617000  0.000091 0.000083 0.000228 0.000435 0.000241 0.000127 
3979264 b+tree 1 614 38 0.919000 1.002000  0.000095 0.000082 0.000225 0.000450 0.000242 0.000126 
3979264 b+tree 1 614 38 0.919000 0.385000  0.000089 0.000081 0.000224 0.000433 0.000238 0.000125 
3979264 b+tree 1 614 38 0.919000 0.693000  0.000104 0.000085 0.000240 0.000501 0.000266 0.000134 
3979392 b+tree 1 614 38 0.919000 0.694000  0.000098 0.000082 0.000232 0.000539 0.000253 0.000131 
3979392 b+tree 1 614 38 0.919000 0.770000  0.000087 0.000080 0.000219 0.000420 0.000233 0.000122 
3979392 b+tree 1 614 38 0.919000 0.463000  0.000084 0.000079 0.000217 0.000411 0.000229 0.000121 
3979392 b+tree 1 614 38 0.919000 0.617000  0.215180 0.005572 0.463070 0.005633 0.000012 0.003004 
3979392 b+tree 1 614 38 0.919000 0.386000  0.000081 0.000074 0.000206 0.000398 0.000213 0.000114 
3979520 b+tree 1 614 38 0.919000 0.694000  0.000109 0.000087 0.000230 0.000500 0.000258 0.000129 
3979520 b+tree 1 614 38 0.919000 0.693000  0.000101 0.000078 0.000217 0.000464 0.000224 0.000119 
3979520 b+tree 1 614 38 0.919000 0.694000  0.000086 0.000077 0.000212 0.000412 0.000277 0.000137 
3979520 b+tree 1 614 38 0.919000 0.693000  0.000103 0.000079 0.000217 0.000474 0.000231 0.000119 
3979520 b+tree 1 614 38 0.919000 0.848000  0.000092 0.000076 0.000772 0.001785 0.000594 0.000263 
3979648 b+tree 1 614 38 0.919000 0.925000  0.000088 0.000074 0.000206 0.000476 0.000231 0.000120 
3979648 b+tree 1 614 38 0.919000 0.694000  0.000105 0.000097 0.000250 0.000555 0.000269 0.000133 
3979648 b+tree 1 614 38 0.919000 0.924000  0.000100 0.000083 0.000231 0.000547 0.000250 0.000130 
3979648 b+tree 1 614 38 0.919000 0.771000  0.000082 0.000075 0.000205 0.000429 0.000242 0.000127 
3979648 b+tree 1 614 38 0.919000 0.693000  0.000090 0.000075 0.000204 0.000447 0.000221 0.000120 
3979648 b+tree 1 614 38 0.919000 0.385000  0.000085 0.000069 0.000195 0.000395 0.000199 0.000107 
3979776 b+tree 1 614 38 0.919000 1.002000  0.000113 0.000081 0.000215 0.000453 0.000227 0.000116 
3979776 b+tree 1 614 38 0.919000 0.617000  0.000078 0.000069 0.000194 0.000380 0.000197 0.000106 
3979776 b+tree 1 614 38 0.919000 0.770000  0.000008 0.000047 0.000031 0.000097 0.000000 0.000005 
