#Timestamp	Benchmark	Run(#)	CPU Frequency (MHz)	CPU Temperature(C)	CPU Voltage(V)	CPU Power(W)	CPU_CYCLES	L1_DATA_CACHE_ACCESS	INSTRUCTIONS_RETIRED	BUS_CYCLES	L1I_CACHE_ACCESS	PREDICTABLE_BRANCH_SPECULATIVELY_EXECUTED
4165504 hotspot 1 614 40 0.919000 0.771000  0.000100 0.000078 0.000215 0.000460 0.000238 0.000124 
4165504 hotspot 1 614 40 0.919000 0.617000  0.000022 0.000019 0.000055 0.000109 0.000070 0.000034 
4165504 hotspot 1 614 40 0.919000 0.540000  0.000021 0.000019 0.000054 0.000107 0.000069 0.000034 
4165504 hotspot 1 614 39 0.919000 0.308000  0.061162 0.240173 0.072913 0.240672 0.000018 0.004671 
4165504 hotspot 1 614 39 0.919000 0.616000  0.000081 0.000076 0.000208 0.000404 0.000223 0.000121 
4165632 hotspot 1 614 39 0.919000 0.540000  0.000080 0.000071 0.000200 0.000383 0.000208 0.000110 
4165632 hotspot 1 614 39 0.919000 0.617000  0.000098 0.000080 0.000218 0.000451 0.000244 0.000124 
4165632 hotspot 1 614 39 0.919000 0.308000  0.000080 0.000074 0.000205 0.000387 0.000215 0.000114 
4165632 hotspot 1 614 39 0.919000 0.616000  0.000096 0.000078 0.000215 0.000445 0.000241 0.000122 
4165632 hotspot 1 614 39 0.919000 0.849000  0.000083 0.000074 0.000204 0.000396 0.000220 0.000114 
4165760 hotspot 1 614 39 0.919000 0.385000  0.000075 0.000069 0.000194 0.000369 0.000201 0.000107 
4165760 hotspot 1 614 39 0.919000 0.694000  0.000560 0.000212 0.000480 0.000913 0.000431 0.000193 
4165760 hotspot 1 614 39 0.919000 0.462000  0.000076 0.000069 0.000193 0.000378 0.000197 0.000106 
4165760 hotspot 1 614 39 0.919000 0.539000  0.000135 0.000127 0.000450 0.000892 0.000521 0.000256 
4165760 hotspot 1 614 39 0.919000 0.308000  0.000303 0.000122 0.000286 0.000610 0.000008 0.002628 
4165888 hotspot 1 614 39 0.919000 0.539000  0.000092 0.000077 0.000215 0.000450 0.000239 0.000119 
4165888 hotspot 1 614 39 0.919000 0.540000  0.000074 0.000433 0.000290 0.001213 0.000000 0.000057 
4165888 hotspot 1 614 39 0.919000 0.540000  0.000073 0.000067 0.000187 0.000353 0.000192 0.000103 
4165888 hotspot 1 614 39 0.919000 0.539000  0.000076 0.000070 0.000249 0.000499 0.000289 0.000141 
4165888 hotspot 1 614 39 0.919000 0.308000  0.000035 0.000031 0.000089 0.000176 0.000114 0.000055 
4166016 hotspot 1 614 39 0.919000 0.539000  0.000075 0.000076 0.000202 0.000439 0.000225 0.000112 
4166016 hotspot 1 614 39 0.919000 0.308000  0.000077 0.000068 0.000199 0.000435 0.000210 0.000108 
4166016 hotspot 1 614 39 0.919000 0.308000  0.000088 0.000074 0.000206 0.000419 0.000227 0.000115 
4166016 hotspot 1 614 39 0.919000 0.539000  0.000083 0.000068 0.000211 0.000969 0.000422 0.000189 
4166016 hotspot 1 614 39 0.919000 0.308000  0.000072 0.000064 0.000180 0.000347 0.000186 0.000099 
4166144 hotspot 1 614 39 0.919000 0.694000  0.000074 0.000099 0.000240 0.000912 0.000422 0.000196 
4166144 hotspot 1 614 39 0.919000 0.308000  0.000074 0.000067 0.000185 0.000368 0.000201 0.000107 
4166144 hotspot 1 614 39 0.919000 0.539000  0.000071 0.000066 0.000183 0.000350 0.000194 0.000102 
4166144 hotspot 1 614 39 0.919000 0.617000  0.000074 0.000122 0.000295 0.000706 0.000282 0.000138 
4166144 hotspot 1 614 39 0.919000 0.385000  0.000083 0.000071 0.000192 0.000395 0.000213 0.000107 
4166144 hotspot 1 614 39 0.919000 0.771000  0.000073 0.000066 0.000180 0.000348 0.000195 0.000104 
4166272 hotspot 1 614 39 0.919000 0.539000  0.000090 0.000070 0.000186 0.000369 0.000192 0.000099 
4166272 hotspot 1 614 39 0.919000 0.540000  0.000078 0.000069 0.000189 0.000387 0.000209 0.000106 
4166272 hotspot 1 614 39 0.919000 0.308000  0.000113 0.000095 0.000234 0.000525 0.000224 0.000112 
4166272 hotspot 1 614 39 0.919000 0.694000  0.000072 0.000065 0.000187 0.000399 0.000199 0.000102 
4166272 hotspot 1 614 39 0.919000 0.540000  0.041710 0.129877 0.047181 0.130256 0.000007 0.003061 
4166400 hotspot 1 614 40 0.919000 0.847000  0.000086 0.000070 0.000187 0.000402 0.000209 0.000106 
4166400 hotspot 1 614 40 0.919000 1.079000  0.000066 0.000060 0.000169 0.000318 0.000178 0.000095 
4166400 hotspot 1 614 40 0.919000 0.771000  0.000084 0.000068 0.000185 0.000383 0.000201 0.000103 
4166400 hotspot 1 614 40 0.919000 0.926000  0.000069 0.000063 0.000174 0.000330 0.000184 0.000097 
4166400 hotspot 1 614 39 0.919000 0.771000  0.000068 0.000063 0.000172 0.000330 0.000183 0.000096 
4166528 hotspot 1 614 39 0.919000 1.003000  0.000069 0.000062 0.000172 0.000330 0.000183 0.000122 
4166528 hotspot 1 614 39 0.919000 0.539000  0.000065 0.000059 0.000164 0.000317 0.000169 0.000091 
4166528 hotspot 1 614 39 0.919000 0.771000  0.000069 0.000062 0.000170 0.000327 0.000181 0.000095 
4166528 hotspot 1 614 39 0.919000 0.540000  0.000062 0.000058 0.000162 0.000304 0.000178 0.000101 
4166528 hotspot 1 614 39 0.919000 0.770000  0.000083 0.000066 0.000177 0.000372 0.000195 0.000099 
4166656 hotspot 1 614 39 0.919000 0.540000  0.000063 0.000067 0.000176 0.000355 0.000176 0.000093 
4166656 hotspot 1 614 39 0.919000 0.847000  0.000066 0.000060 0.000166 0.000318 0.000176 0.000092 
4166656 hotspot 1 614 39 0.919000 0.693000  0.127582 0.043408 0.093128 0.128014 0.047400 0.022099 
4166656 hotspot 1 614 39 0.919000 0.770000  0.000117 0.000108 0.000296 0.000566 0.000313 0.000166 
4166656 hotspot 1 614 39 0.919000 0.539000  0.000066 0.000057 0.000159 0.000306 0.000166 0.000088 
4166784 hotspot 1 614 40 0.919000 0.849000  0.000083 0.000065 0.000179 0.001007 0.000378 0.000160 
4166784 hotspot 1 614 40 0.919000 1.081000  0.000085 0.000062 0.000169 0.000368 0.000190 0.000096 
4166784 hotspot 1 614 40 0.919000 1.001000  0.000066 0.000059 0.000174 0.000382 0.000186 0.000095 
4166784 hotspot 1 614 39 0.919000 1.158000  0.000067 0.000061 0.000165 0.000339 0.000174 0.000092 
4166784 hotspot 1 614 39 0.919000 0.848000  0.000062 0.000056 0.000156 0.000305 0.000162 0.000086 
4166784 hotspot 1 614 39 0.919000 1.080000  0.000065 0.000058 0.000161 0.000312 0.000173 0.000091 
4166912 hotspot 1 614 39 0.919000 1.002000  0.000061 0.000055 0.000154 0.000298 0.000158 0.000085 
4166912 hotspot 1 614 40 0.919000 1.079000  0.000064 0.000058 0.000160 0.000310 0.000170 0.000089 
4166912 hotspot 1 614 40 0.919000 0.848000  0.087284 0.024740 0.052942 0.087693 0.027801 0.012630 
4166912 hotspot 1 614 40 0.919000 1.002000  0.000077 0.000061 0.000167 0.000362 0.000188 0.000096 
4166912 hotspot 1 614 40 0.919000 0.849000  0.000061 0.000054 0.000251 0.000570 0.000228 0.000114 
4167040 hotspot 1 614 40 0.919000 1.002000  0.000063 0.000057 0.000158 0.000303 0.000167 0.000088 
4167040 hotspot 1 614 39 0.919000 1.233000  0.000063 0.000054 0.000156 0.000611 0.000238 0.000117 
4167040 hotspot 1 614 40 0.919000 1.157000  0.000067 0.000058 0.000164 0.000354 0.000183 0.000093 
4167040 hotspot 1 614 40 0.919000 0.925000  0.000063 0.000056 0.000156 0.000303 0.000166 0.000087 
4167040 hotspot 1 614 40 0.919000 0.616000  0.000061 0.000056 0.000156 0.000300 0.000166 0.000087 
4167168 hotspot 1 614 40 0.919000 0.771000  0.000062 0.000056 0.000154 0.000370 0.000184 0.000093 
4167168 hotspot 1 614 40 0.919000 0.617000  0.000060 0.000053 0.000147 0.000421 0.000185 0.000094 
4167168 hotspot 1 614 39 0.919000 0.771000  0.000061 0.000055 0.000152 0.000291 0.000166 0.000086 
4167168 hotspot 1 614 39 0.919000 0.539000  0.000058 0.000054 0.000153 0.000329 0.000174 0.000090 
4167168 hotspot 1 614 40 0.919000 0.848000  0.000059 0.000055 0.000152 0.000290 0.000161 0.000084 
4167296 hotspot 1 614 40 0.919000 0.848000  0.153585 0.041345 0.087847 0.153952 0.047533 0.021307 
4167296 hotspot 1 614 40 0.919000 0.847000  0.000059 0.000055 0.000151 0.000290 0.000161 0.000087 
4167296 hotspot 1 614 40 0.919000 0.540000  0.000063 0.000055 0.000150 0.000301 0.000162 0.000084 
4167296 hotspot 1 614 40 0.919000 0.848000  0.000059 0.000079 0.000192 0.000448 0.000221 0.000121 
4167296 hotspot 1 614 40 0.919000 0.848000  0.000060 0.000055 0.000151 0.000314 0.000174 0.000089 
4167424 hotspot 1 614 39 0.919000 0.616000  0.000056 0.000051 0.000142 0.000271 0.000145 0.000078 
4167424 hotspot 1 614 39 0.919000 0.848000  0.000070 0.000056 0.000156 0.000326 0.000173 0.000088 
4167424 hotspot 1 614 39 0.919000 0.539000  0.364909 0.159524 0.468274 0.365057 0.187290 0.103581 
4167424 hotspot 1 614 39 0.919000 0.770000  0.000060 0.000063 0.000166 0.000368 0.000173 0.000088 
4167424 hotspot 1 614 39 0.919000 0.926000  0.000075 0.000054 0.000147 0.000313 0.000164 0.000083 
4167552 hotspot 1 614 40 0.919000 0.693000  0.000054 0.000050 0.000140 0.000267 0.000143 0.000077 
4167552 hotspot 1 614 40 0.919000 0.926000  0.000060 0.000053 0.000143 0.000353 0.000173 0.000087 
4167552 hotspot 1 614 39 0.919000 0.540000  0.000014 0.000014 0.000040 0.000083 0.000049 0.000024 
4167552 hotspot 1 614 39 0.919000 0.770000  0.000059 0.000052 0.000144 0.000280 0.000152 0.000080 
4167552 hotspot 1 614 39 0.919000 0.771000  0.000102 0.283961 0.829894 0.655381 0.333268 0.183742 
4167680 hotspot 1 614 39 0.919000 0.848000  0.000466 0.000128 0.000306 0.000716 0.000282 0.000129 
4167680 hotspot 1 614 39 0.919000 0.925000  0.000057 0.000051 0.000141 0.000273 0.000150 0.000078 
4167680 hotspot 1 614 39 0.919000 0.849000  0.375729 0.161688 0.470601 0.375762 0.189635 0.104277 
4167680 hotspot 1 614 40 0.919000 0.925000  0.000055 0.000051 0.000141 0.000369 0.000183 0.000103 
4167680 hotspot 1 614 40 0.919000 0.616000  0.215031 0.542854 0.230320 0.543059 0.000011 0.013251 
4167808 hotspot 1 614 39 0.919000 0.848000  0.000062 0.000054 0.000148 0.000306 0.000164 0.000083 
4167808 hotspot 1 614 39 0.919000 0.849000  0.000057 0.000051 0.000140 0.000282 0.000156 0.000081 
4167808 hotspot 1 614 39 0.919000 0.693000  0.000052 0.000048 0.000134 0.000256 0.000137 0.000074 
4167808 hotspot 1 614 39 0.919000 0.847000  0.000069 0.000115 0.000264 0.000591 0.000252 0.000117 
4167808 hotspot 1 614 39 0.919000 0.616000  0.000053 0.000049 0.000139 0.000300 0.000159 0.000081 
4167936 hotspot 1 614 39 0.919000 0.847000  0.000053 0.000073 0.000177 0.000416 0.000204 0.000112 
4167936 hotspot 1 614 40 0.919000 0.926000  0.385134 0.162696 0.470765 0.385249 0.191094 0.104548 
4167936 hotspot 1 614 39 0.919000 0.539000  0.000058 0.000051 0.000140 0.000284 0.000152 0.000079 
4167936 hotspot 1 614 39 0.919000 0.616000  0.000054 0.000050 0.000136 0.000258 0.000146 0.000077 
4167936 hotspot 1 614 39 0.919000 0.771000  0.000060 0.000053 0.000144 0.000301 0.000161 0.000082 
4168064 hotspot 1 614 39 0.919000 0.924000  0.000033 0.000200 0.000133 0.000420 0.000000 0.000023 
4168064 hotspot 1 614 39 0.919000 0.617000  0.000049 0.000046 0.000130 0.000247 0.000134 0.000071 
4168064 hotspot 1 614 39 0.919000 0.771000  0.000031 0.000028 0.000078 0.000148 0.000083 0.000043 
4168064 hotspot 1 614 39 0.919000 0.617000  0.000087 0.000067 0.000192 0.000494 0.000205 0.000108 
4168064 hotspot 1 614 39 0.919000 0.770000  0.000058 0.000050 0.000138 0.000281 0.000151 0.000077 
4168192 hotspot 1 614 39 0.919000 0.849000  0.000054 0.000049 0.000133 0.000257 0.000142 0.000101 
4168192 hotspot 1 614 39 0.919000 0.694000  0.000060 0.000050 0.000139 0.000288 0.000154 0.000079 
4168192 hotspot 1 614 39 0.919000 0.849000  0.000056 0.000049 0.000137 0.000279 0.000148 0.000077 
4168192 hotspot 1 614 39 0.919000 0.617000  0.000049 0.000045 0.000127 0.000241 0.000130 0.000070 
4168192 hotspot 1 614 39 0.919000 0.693000  0.000060 0.000051 0.000138 0.000285 0.000159 0.000080 
4168320 hotspot 1 614 39 0.919000 0.616000  0.000064 0.000049 0.000133 0.000267 0.000214 0.000103 
4168320 hotspot 1 614 39 0.919000 0.771000  0.000062 0.000052 0.000143 0.000296 0.000156 0.000080 
4168320 hotspot 1 614 39 0.919000 0.926000  0.000030 0.000177 0.000118 0.000365 0.000000 0.000020 
4168320 hotspot 1 614 39 0.919000 0.848000  0.000012 0.000012 0.000034 0.000065 0.000043 0.000021 
4168320 hotspot 1 614 40 0.919000 1.003000  0.000060 0.000048 0.000135 0.000285 0.000151 0.000077 
4168320 hotspot 1 614 40 0.919000 0.616000  0.000048 0.000044 0.000124 0.000236 0.000127 0.000069 
4168448 hotspot 1 614 39 0.919000 0.848000  0.004455 0.016426 0.005406 0.016644 0.000001 0.000373 
4168448 hotspot 1 614 40 0.919000 0.616000  0.000027 0.000158 0.000105 0.000331 0.000000 0.000019 
4168448 hotspot 1 614 40 0.919000 0.847000  0.000061 0.000052 0.000140 0.000292 0.000154 0.000078 
4168448 hotspot 1 614 39 0.919000 0.617000  0.000032 0.000028 0.000076 0.000148 0.000080 0.000042 
4168448 hotspot 1 614 39 0.919000 0.848000  0.000060 0.000049 0.000137 0.000288 0.000153 0.000077 
