#Timestamp	Benchmark	Run(#)	CPU Frequency (MHz)	CPU Temperature(C)	CPU Voltage(V)	CPU Power(W)	CPU_CYCLES	L1_DATA_CACHE_ACCESS	INSTRUCTIONS_RETIRED	BUS_CYCLES	L1I_CACHE_ACCESS	PREDICTABLE_BRANCH_SPECULATIVELY_EXECUTED
3063936 srad_v2 1 403 36 0.842000 0.539000  0.000043 0.000036 0.000102 0.000213 0.000104 0.000056 
3063936 srad_v2 1 403 36 0.842000 0.770000  0.000048 0.000043 0.000115 0.000250 0.000125 0.000063 
3063936 srad_v2 1 403 36 0.842000 0.617000  0.000046 0.000037 0.000103 0.000203 0.000105 0.000056 
3504384 srad_v2 1 403 37 0.842000 0.385000  0.000030 0.000027 0.000177 0.000365 0.000161 0.000073 
3504384 srad_v2 1 403 37 0.842000 0.616000  0.000033 0.000028 0.000078 0.000166 0.000085 0.000044 
3504384 srad_v2 1 403 37 0.842000 0.617000  0.000007 0.000007 0.000020 0.000039 0.000026 0.000013 
3504384 srad_v2 1 403 37 0.842000 0.694000  0.000076 0.000041 0.000122 0.000246 0.000130 0.000068 
3504512 srad_v2 1 403 37 0.842000 0.617000  0.000034 0.000028 0.000077 0.000150 0.000078 0.000042 
3504512 srad_v2 1 403 37 0.842000 0.693000  0.000031 0.000029 0.000078 0.000153 0.000082 0.000043 
3504512 srad_v2 1 403 37 0.842000 0.694000  0.033575 0.113622 0.038755 0.113659 0.000024 0.002463 
3504512 srad_v2 1 403 36 0.842000 0.617000  0.000030 0.000028 0.000077 0.000147 0.000081 0.000044 
3504640 srad_v2 1 403 37 0.842000 0.462000  0.034694 0.117430 0.039978 0.117465 0.000025 0.002546 
3504640 srad_v2 1 403 37 0.842000 0.617000  0.000035 0.000028 0.000080 0.000178 0.000091 0.000046 
3504640 srad_v2 1 403 37 0.842000 0.771000  0.000028 0.000027 0.000077 0.000252 0.000108 0.000052 
3504640 srad_v2 1 403 37 0.842000 0.539000  0.000031 0.000028 0.000077 0.000194 0.000098 0.000056 
3504640 srad_v2 1 403 37 0.842000 0.693000  0.000035 0.000063 0.031129 0.044897 0.016481 0.007443 
3504768 srad_v2 1 403 37 0.842000 0.617000  0.000030 0.000028 0.000076 0.000146 0.000081 0.000043 
3504768 srad_v2 1 403 37 0.842000 0.617000  0.000029 0.000027 0.000077 0.000159 0.000086 0.000044 
3504768 srad_v2 1 403 37 0.842000 0.694000  0.000037 0.000029 0.000085 0.000194 0.000093 0.000047 
3504768 srad_v2 1 403 37 0.842000 0.617000  0.000036 0.000030 0.000079 0.000157 0.000084 0.000043 
3504768 srad_v2 1 403 37 0.842000 0.617000  0.000036 0.000029 0.000086 0.000180 0.000092 0.000047 
3504896 srad_v2 1 403 37 0.842000 0.847000  0.000029 0.000026 0.000073 0.000138 0.000075 0.000041 
3504896 srad_v2 1 403 37 0.842000 0.540000  0.000034 0.000028 0.000080 0.000165 0.000089 0.000046 
3504896 srad_v2 1 403 37 0.842000 0.694000  0.046907 0.157395 0.053755 0.157429 0.000031 0.003431 
3504896 srad_v2 1 403 37 0.842000 0.540000  0.000049 0.000033 0.000087 0.000185 0.000093 0.000047 
3504896 srad_v2 1 403 37 0.842000 0.694000  0.000028 0.000026 0.000073 0.000138 0.000076 0.000042 
3505024 srad_v2 1 403 37 0.842000 0.540000  0.000030 0.000041 0.000098 0.000199 0.000115 0.000055 
3505024 srad_v2 1 403 37 0.842000 0.694000  0.000021 0.000228 0.000109 0.000360 0.000000 0.000016 
3505024 srad_v2 1 403 37 0.842000 0.463000  0.000027 0.000026 0.000072 0.000135 0.000073 0.000040 
3505024 srad_v2 1 403 37 0.842000 0.771000  0.000032 0.000028 0.000078 0.000158 0.000085 0.000045 
3505024 srad_v2 1 403 37 0.842000 0.463000  0.000028 0.000026 0.000072 0.000136 0.000074 0.000040 
3505152 srad_v2 1 403 37 0.842000 0.617000  0.000058 0.000032 0.000084 0.000824 0.000275 0.000114 
3505152 srad_v2 1 403 37 0.842000 0.462000  0.000039 0.000029 0.000080 0.000174 0.000084 0.000044 
3505152 srad_v2 1 403 37 0.842000 0.616000  0.000029 0.000027 0.000096 0.000190 0.000096 0.000055 
3505152 srad_v2 1 403 37 0.842000 0.694000  0.000028 0.000025 0.000069 0.000132 0.000072 0.000038 
3505280 srad_v2 1 403 37 0.842000 0.616000  0.000035 0.000029 0.000080 0.000166 0.000087 0.000045 
3505280 srad_v2 1 403 37 0.842000 0.540000  0.000032 0.000027 0.000077 0.000157 0.000078 0.000042 
3505280 srad_v2 1 403 37 0.842000 0.694000  0.000034 0.000028 0.000077 0.000164 0.000087 0.000044 
3505280 srad_v2 1 403 37 0.842000 0.462000  0.000028 0.000027 0.000074 0.000152 0.000077 0.000041 
3505280 srad_v2 1 403 37 0.842000 0.540000  0.000029 0.000027 0.000095 0.000193 0.000095 0.000054 
3505408 srad_v2 1 403 37 0.842000 0.694000  0.010792 0.040236 0.013037 0.040515 0.000006 0.000808 
3505408 srad_v2 1 403 37 0.842000 0.616000  0.000034 0.000028 0.000076 0.000155 0.000084 0.000043 
3505408 srad_v2 1 403 37 0.842000 0.693000  0.000034 0.000028 0.000077 0.000157 0.000082 0.000042 
3505408 srad_v2 1 403 37 0.842000 0.617000  0.000034 0.000028 0.000079 0.000164 0.000087 0.000046 
3505408 srad_v2 1 403 37 0.842000 0.616000  0.000038 0.000028 0.000076 0.000159 0.000079 0.000041 
3505536 srad_v2 1 403 37 0.842000 0.617000  0.000058 0.000033 0.000098 0.000231 0.000102 0.000049 
3505536 srad_v2 1 403 37 0.842000 0.616000  0.000028 0.000025 0.000070 0.000140 0.000073 0.000630 
3505536 srad_v2 1 403 37 0.842000 0.694000  0.000030 0.000027 0.000073 0.000142 0.000078 0.000041 
3505536 srad_v2 1 403 37 0.842000 0.462000  0.000019 0.000109 0.000072 0.000229 0.000000 0.000013 
3505536 srad_v2 1 403 37 0.842000 0.617000  0.000030 0.000026 0.000073 0.000156 0.000080 0.000043 
3505664 srad_v2 1 403 37 0.842000 0.617000  0.000054 0.000388 0.000835 0.002053 0.000571 0.000240 
3505664 srad_v2 1 403 37 0.842000 0.462000  0.000029 0.000025 0.000069 0.000136 0.000072 0.000038 
3505664 srad_v2 1 403 37 0.842000 0.617000  0.000029 0.000026 0.000072 0.000139 0.000077 0.000040 
3505664 srad_v2 1 403 37 0.842000 0.540000  0.020885 0.006076 0.013034 0.021225 0.007198 0.002959 
3505792 srad_v2 1 403 37 0.842000 0.617000  0.000028 0.000026 0.000070 0.000135 0.000075 0.000039 
3505792 srad_v2 1 403 37 0.842000 0.463000  0.000028 0.000025 0.000076 0.000181 0.000097 0.000051 
3505792 srad_v2 1 403 37 0.842000 0.617000  0.000029 0.000026 0.000072 0.000138 0.000077 0.000040 
3505792 srad_v2 1 403 37 0.842000 0.463000  0.000032 0.000028 0.000077 0.000161 0.000083 0.000042 
3505792 srad_v2 1 403 37 0.842000 0.616000  0.000034 0.000028 0.000076 0.000160 0.000084 0.000043 
3505920 srad_v2 1 403 37 0.842000 0.694000  0.000029 0.000026 0.000072 0.000309 0.000138 0.000121 
3505920 srad_v2 1 403 37 0.842000 0.540000  0.000027 0.000025 0.000069 0.000134 0.000071 0.000038 
3505920 srad_v2 1 403 37 0.842000 0.771000  0.000034 0.000028 0.000077 0.000160 0.000085 0.000043 
3505920 srad_v2 1 403 37 0.842000 0.540000  0.000032 0.000029 0.000076 0.000319 0.000132 0.000065 
3506048 srad_v2 1 403 37 0.842000 0.617000  0.000028 0.000038 0.000092 0.000186 0.000108 0.000052 
3506048 srad_v2 1 403 37 0.842000 0.694000  0.000028 0.000026 0.000074 0.000237 0.000111 0.000054 
3506048 srad_v2 1 403 37 0.842000 0.540000  0.000032 0.000027 0.000072 0.000144 0.000075 0.000039 
3506048 srad_v2 1 403 37 0.842000 0.694000  0.000027 0.000028 0.011672 0.020584 0.006579 0.002893 
3506048 srad_v2 1 403 37 0.842000 0.617000  0.000031 0.000027 0.000074 0.000151 0.000082 0.000042 
3506176 srad_v2 1 403 37 0.842000 0.693000  0.000029 0.000043 0.000104 0.000332 0.000138 0.000061 
3506176 srad_v2 1 403 37 0.842000 0.463000  0.000064 0.000041 0.000112 0.000273 0.000119 0.000081 
3506176 srad_v2 1 403 37 0.842000 0.616000  0.000027 0.000025 0.000070 0.000133 0.000075 0.000039 
3506176 srad_v2 1 403 37 0.842000 0.694000  0.000884 0.000272 0.000566 0.000987 0.000354 0.000146 
3506304 srad_v2 1 403 37 0.842000 0.617000  0.000035 0.000027 0.000075 0.000155 0.000083 0.000042 
3506304 srad_v2 1 403 37 0.842000 0.695000  0.024660 0.006885 0.014724 0.024766 0.008194 0.003637 
3506304 srad_v2 1 403 37 0.842000 0.616000  0.000030 0.000027 0.000075 0.000156 0.000082 0.000044 
3506304 srad_v2 1 403 37 0.842000 0.617000  0.000027 0.000025 0.000070 0.000133 0.000073 0.000039 
3506304 srad_v2 1 403 37 0.842000 0.617000  0.000026 0.000024 0.000067 0.000147 0.000076 0.000039 
3506432 srad_v2 1 403 37 0.842000 0.617000  0.000029 0.000025 0.000078 0.000171 0.000083 0.000042 
3506432 srad_v2 1 403 37 0.842000 0.463000  0.000027 0.000024 0.000067 0.000128 0.000069 0.000037 
3506432 srad_v2 1 403 37 0.842000 0.693000  0.000034 0.000027 0.000072 0.000148 0.000078 0.000040 
3506432 srad_v2 1 403 37 0.842000 0.463000  0.000026 0.000024 0.000067 0.000127 0.000069 0.000037 
3506432 srad_v2 1 403 37 0.842000 0.617000  0.000028 0.000031 0.000079 0.000203 0.000098 0.000048 
3506560 srad_v2 1 403 37 0.842000 0.463000  0.000026 0.000024 0.000068 0.000153 0.012191 0.005471 
3506560 srad_v2 1 403 37 0.842000 0.617000  0.000032 0.000026 0.000072 0.000152 0.000080 0.000041 
3506560 srad_v2 1 403 37 0.842000 0.694000  0.000066 0.000035 0.000102 0.000253 0.000100 0.000048 
3506560 srad_v2 1 403 37 0.842000 0.617000  0.000033 0.000027 0.000073 0.000217 0.000091 0.000045 
3506688 srad_v2 1 403 37 0.842000 0.771000  0.035353 0.104305 0.039176 0.104423 0.000004 0.002436 
3506688 srad_v2 1 403 37 0.842000 0.462000  0.000033 0.000031 0.000084 0.000194 0.000080 0.000041 
3506688 srad_v2 1 403 37 0.842000 0.770000  0.037499 0.110751 0.041480 0.110894 0.000005 0.002596 
3506688 srad_v2 1 403 37 0.842000 0.692000  0.000026 0.000024 0.000068 0.000136 0.000070 0.000037 
3506688 srad_v2 1 403 37 0.842000 0.693000  0.000018 0.000105 0.000069 0.000223 0.000000 0.000012 
3506816 srad_v2 1 403 37 0.842000 0.462000  0.000018 0.000104 0.000069 0.000215 0.000000 0.000012 
3506816 srad_v2 1 403 37 0.842000 0.617000  0.000010 0.000007 0.000019 0.000039 0.000024 0.000011 
3506816 srad_v2 1 403 37 0.842000 0.694000  0.000029 0.000036 0.000088 0.000177 0.000102 0.000050 
3506816 srad_v2 1 403 37 0.842000 0.770000  0.389582 0.156842 0.366304 0.389657 0.161360 0.075087 
