#Timestamp	Benchmark	Run(#)	CPU Frequency (MHz)	CPU Temperature(C)	CPU Voltage(V)	CPU Power(W)	CPU_CYCLES	L1_DATA_CACHE_ACCESS	INSTRUCTIONS_RETIRED	BUS_CYCLES	L1I_CACHE_ACCESS	PREDICTABLE_BRANCH_SPECULATIVELY_EXECUTED
2652032 lud 1 307 35 0.842000 0.540000  0.000004 0.000004 0.000011 0.000020 0.000013 0.000007 
2652032 lud 1 307 36 0.842000 0.539000  0.000028 0.000007 0.000029 0.000047 0.000024 0.000011 
2652032 lud 1 307 36 0.842000 0.617000  0.000017 0.000015 0.000041 0.000085 0.000043 0.000023 
2652032 lud 1 307 36 0.842000 0.540000  0.000002 0.000013 0.000010 0.000026 0.000000 0.000001 
2652032 lud 1 307 36 0.842000 0.616000  0.000017 0.000015 0.000042 0.000087 0.000048 0.000025 
2652160 lud 1 307 35 0.842000 0.616000  0.000004 0.000004 0.000014 0.000030 0.000016 0.000007 
2652160 lud 1 307 35 0.842000 0.616000  0.000018 0.000014 0.000044 0.000093 0.000045 0.000023 
2652160 lud 1 307 35 0.842000 0.616000  0.000026 0.000019 0.000053 0.000119 0.000053 0.000027 
2652160 lud 1 307 35 0.842000 0.539000  0.002685 0.009756 0.003138 0.009897 0.000001 0.000120 
2652288 lud 1 307 36 0.842000 0.693000  0.000019 0.000015 0.000042 0.000088 0.000046 0.000024 
2652288 lud 1 307 36 0.842000 0.694000  0.002375 0.000864 0.001883 0.002444 0.000973 0.000449 
2652288 lud 1 307 36 0.842000 0.539000  0.000017 0.000015 0.000041 0.000099 0.000047 0.000024 
2652288 lud 1 307 36 0.842000 0.616000  0.000032 0.000191 0.002265 0.002633 0.001108 0.000530 
2652416 lud 1 307 36 0.842000 0.694000  0.000023 0.000019 0.000051 0.000114 0.000057 0.000029 
2652416 lud 1 307 36 0.842000 0.616000  0.000005 0.000004 0.000012 0.000024 0.000016 0.000008 
2652416 lud 1 307 36 0.842000 0.616000  0.000004 0.000004 0.000010 0.000020 0.000013 0.000006 
2652416 lud 1 307 36 0.842000 0.616000  0.000026 0.000015 0.000070 0.000146 0.000063 0.000031 
2652416 lud 1 307 36 0.842000 0.616000  0.000004 0.000004 0.000010 0.000021 0.000013 0.000006 
2652544 lud 1 307 36 0.842000 0.693000  0.000004 0.000004 0.000010 0.000020 0.000013 0.000006 
2652544 lud 1 307 35 0.842000 0.539000  0.000016 0.000014 0.000038 0.000078 0.000039 0.000021 
2652544 lud 1 307 36 0.842000 0.616000  0.000005 0.000004 0.000012 0.000024 0.000016 0.000008 
2652544 lud 1 307 36 0.842000 0.616000  0.000023 0.000018 0.000051 0.000109 0.000058 0.000029 
2652544 lud 1 307 36 0.842000 0.694000  0.000007 0.000044 0.000029 0.000092 0.000000 0.000005 
