#Timestamp	Benchmark	Run(#)	CPU Frequency (MHz)	CPU Temperature(C)	CPU Voltage(V)	CPU Power(W)	CPU_CYCLES	L1_DATA_CACHE_ACCESS	INSTRUCTIONS_RETIRED	BUS_CYCLES	L1I_CACHE_ACCESS	PREDICTABLE_BRANCH_SPECULATIVELY_EXECUTED
3180800 bfs 1 403 36 0.842000 0.617000  0.042060 0.146863 0.038093 0.146937 0.000003 0.001533 
3180800 bfs 1 403 36 0.842000 0.694000  0.000017 0.000014 0.000038 0.000078 0.000040 0.000021 
3180928 bfs 1 403 37 0.842000 0.693000  0.000110 0.000037 0.000086 0.000174 0.000073 0.000035 
3180928 bfs 1 403 37 0.842000 0.847000  0.000015 0.000014 0.000038 0.000074 0.000040 0.000021 
3180928 bfs 1 403 36 0.842000 0.925000  0.000015 0.000014 0.000068 0.000121 0.000056 0.000028 
3180928 bfs 1 403 37 0.842000 0.617000  0.000018 0.000015 0.000044 0.000097 0.000048 0.000024 
3180928 bfs 1 403 37 0.842000 0.771000  0.000023 0.000015 0.000042 0.000091 0.000046 0.000024 
3181056 bfs 1 403 37 0.842000 0.693000  0.000014 0.000013 0.000037 0.000069 0.000037 0.000020 
3181056 bfs 1 403 37 0.842000 0.616000  0.000018 0.000027 0.000095 0.000177 0.000077 0.000036 
3181056 bfs 1 403 37 0.842000 0.463000  0.000014 0.000013 0.000037 0.000069 0.000037 0.000020 
3181056 bfs 1 403 37 0.842000 0.694000  0.000018 0.000015 0.000042 0.000088 0.000046 0.000023 
3181184 bfs 1 403 36 0.842000 0.463000  0.051592 0.170849 0.048521 0.170905 0.000004 0.001905 
3181184 bfs 1 403 36 0.842000 0.616000  0.000010 0.000061 0.000040 0.000130 0.000000 0.000007 
3181184 bfs 1 403 36 0.842000 0.540000  0.000013 0.000093 0.000046 0.000151 0.000000 0.000008 
3181184 bfs 1 403 36 0.842000 0.617000  0.000009 0.000055 0.000037 0.000115 0.000000 0.000006 
3181184 bfs 1 403 36 0.842000 0.616000  0.000009 0.000052 0.000040 0.000000 0.000000 0.000000 
3181312 bfs 1 403 36 0.842000 0.463000  0.000018 0.000015 0.000041 0.000086 0.000076 0.000035 
3181312 bfs 1 403 36 0.842000 0.617000  0.000017 0.000015 0.000041 0.000087 0.000045 0.000024 
3181312 bfs 1 403 36 0.842000 0.616000  0.000014 0.000013 0.000037 0.000069 0.000037 0.000020 
3181312 bfs 1 403 36 0.842000 0.694000  0.000018 0.000014 0.000038 0.000075 0.000039 0.000021 
3181312 bfs 1 403 36 0.842000 0.616000  0.000014 0.000013 0.000037 0.000069 0.000037 0.000020 
3181440 bfs 1 403 37 0.842000 0.617000  0.000017 0.000015 0.000041 0.000083 0.000044 0.000022 
3181440 bfs 1 403 37 0.842000 0.463000  0.000014 0.000013 0.000037 0.000070 0.000038 0.000020 
3181440 bfs 1 403 36 0.842000 0.463000  0.000017 0.000014 0.000040 0.000081 0.000044 0.000023 
3181440 bfs 1 403 36 0.842000 0.616000  0.000014 0.000013 0.000036 0.000070 0.000037 0.000020 
3181440 bfs 1 403 36 0.842000 0.694000  0.000017 0.000014 0.000039 0.000126 0.000058 0.000029 
3181568 bfs 1 403 36 0.842000 0.463000  0.000014 0.000013 0.000036 0.000070 0.000037 0.000020 
3181568 bfs 1 403 36 0.842000 0.616000  0.000037 0.000020 0.000060 0.000123 0.000067 0.000031 
3181568 bfs 1 403 36 0.842000 0.462000  0.000014 0.000013 0.000038 0.000082 0.000040 0.000021 
3181568 bfs 1 403 36 0.842000 0.694000  0.000015 0.000014 0.000038 0.000072 0.000041 0.000022 
3181696 bfs 1 403 36 0.842000 0.463000  0.000042 0.000037 0.000102 0.000200 0.000105 0.000056 
3181696 bfs 1 403 37 0.842000 0.616000  0.000042 0.000039 0.000106 0.000201 0.000112 0.000059 
3181696 bfs 1 403 36 0.842000 0.771000  0.000042 0.000055 0.000131 0.000305 0.000132 0.000065 
3181696 bfs 1 403 36 0.842000 0.616000  0.057372 0.054556 0.150388 0.283854 0.159380 0.084059 
3181696 bfs 1 403 36 0.842000 0.694000  0.009897 0.009056 0.025439 0.048240 0.025985 0.013994 
3181824 bfs 1 403 36 0.842000 0.694000  0.007574 0.007094 0.019531 0.036836 0.020634 0.010895 
3181824 bfs 1 403 36 0.842000 0.462000  0.005974 0.006595 0.017396 0.038191 0.018592 0.009443 
3181824 bfs 1 403 36 0.842000 0.694000  0.006224 0.005068 0.013964 0.028461 0.014813 0.007969 
3181824 bfs 1 403 36 0.842000 0.694000  0.004400 0.004021 0.011102 0.021496 0.011663 0.006158 
3181824 bfs 1 403 36 0.842000 0.617000  0.004576 0.004072 0.011450 0.026754 0.012338 0.006020 
3181952 bfs 1 403 36 0.842000 0.617000  0.004092 0.003258 0.008918 0.018723 0.011357 0.005485 
3181952 bfs 1 403 36 0.842000 0.540000  0.002686 0.002396 0.006752 0.012866 0.006842 0.003708 
3181952 bfs 1 403 36 0.842000 0.771000  0.012257 0.045044 0.014513 0.045112 0.000006 0.000899 
3181952 bfs 1 403 36 0.842000 0.463000  0.002425 0.002183 0.006104 0.011719 0.006190 0.003368 
3181952 bfs 1 403 36 0.842000 0.617000  0.002251 0.002410 0.006354 0.013454 0.006745 0.003424 
3182080 bfs 1 403 36 0.842000 0.463000  0.001972 0.001833 0.005148 0.009734 0.005231 0.002829 
3182080 bfs 1 403 36 0.842000 0.771000  0.002084 0.001793 0.005095 0.010491 0.005617 0.002930 
3182080 bfs 1 403 36 0.842000 0.462000  0.002044 0.001725 0.004815 0.010452 0.005117 0.002686 
3182080 bfs 1 403 36 0.842000 0.616000  0.000009 0.000086 0.000047 0.000173 0.000000 0.000009 
3182080 bfs 1 403 36 0.842000 0.693000  0.001584 0.001367 0.003740 0.007950 0.004167 0.002127 
3182208 bfs 1 403 36 0.842000 0.617000  0.000009 0.000059 0.000038 0.000119 0.000000 0.000007 
3182208 bfs 1 403 37 0.842000 0.694000  0.001190 0.001095 0.003015 0.005714 0.003206 0.001683 
3182208 bfs 1 403 37 0.842000 0.617000  0.001065 0.000983 0.002726 0.005163 0.002867 0.001596 
3182208 bfs 1 403 36 0.842000 0.694000  0.001057 0.000945 0.002612 0.005127 0.002751 0.001453 
3182208 bfs 1 403 36 0.842000 0.462000  0.001161 0.000919 0.002576 0.005604 0.002838 0.001460 
3182336 bfs 1 403 36 0.842000 0.694000  0.000951 0.000900 0.002445 0.005064 0.002752 0.001427 
3182336 bfs 1 403 36 0.842000 0.617000  0.001124 0.000924 0.002558 0.005283 0.002836 0.001415 
3182336 bfs 1 403 36 0.842000 0.694000  0.000880 0.000813 0.002241 0.004341 0.002371 0.001251 
3182336 bfs 1 403 36 0.842000 0.616000  0.061248 0.022004 0.047060 0.061393 0.023891 0.011044 
3182336 bfs 1 403 36 0.842000 0.695000  0.000944 0.000822 0.002229 0.004569 0.002460 0.001270 
3182464 bfs 1 403 36 0.842000 0.463000  0.000771 0.000702 0.002073 0.004090 0.002120 0.001115 
3182464 bfs 1 403 36 0.842000 0.617000  0.000918 0.000767 0.002163 0.004736 0.002292 0.001166 
3182464 bfs 1 403 36 0.842000 0.462000  0.000701 0.000657 0.001846 0.003450 0.001881 0.001018 
3182464 bfs 1 403 36 0.842000 0.616000  0.001098 0.001149 0.002921 0.005915 0.002563 0.001434 
3182464 bfs 1 403 36 0.842000 0.462000  0.000674 0.000627 0.001754 0.003318 0.001793 0.000970 
3182592 bfs 1 403 36 0.842000 0.616000  0.071134 0.024934 0.053221 0.071397 0.027316 0.012567 
3182592 bfs 1 403 36 0.842000 0.462000  0.000671 0.000604 0.001696 0.003238 0.001740 0.000938 
3182592 bfs 1 403 36 0.842000 0.617000  0.000711 0.000625 0.001719 0.004534 0.002216 0.001256 
3182592 bfs 1 403 36 0.842000 0.462000  0.000620 0.000573 0.001598 0.002990 0.001646 0.000888 
3182592 bfs 1 403 36 0.842000 0.617000  0.000738 0.000601 0.001644 0.004435 0.002051 0.001192 
3182720 bfs 1 403 36 0.842000 0.463000  0.000590 0.000541 0.001509 0.002833 0.001567 0.000837 
3182720 bfs 1 403 36 0.842000 0.694000  0.000756 0.000588 0.001582 0.003200 0.001717 0.000874 
3182720 bfs 1 403 36 0.842000 0.462000  0.000578 0.000506 0.001414 0.003271 0.001532 0.000803 
3182720 bfs 1 403 36 0.842000 0.770000  0.000577 0.000523 0.001440 0.002735 0.001517 0.000804 
3182848 bfs 1 403 36 0.842000 0.463000  0.000706 0.000540 0.001519 0.003193 0.001545 0.000800 
3182848 bfs 1 403 36 0.842000 0.617000  0.000571 0.000497 0.001391 0.002771 0.001504 0.000782 
3182848 bfs 1 403 36 0.842000 0.462000  0.000570 0.000482 0.001360 0.002729 0.001404 0.000743 
3182848 bfs 1 403 36 0.842000 0.617000  0.000511 0.000679 0.001660 0.003853 0.001898 0.001048 
3182848 bfs 1 403 36 0.842000 0.694000  0.000814 0.000461 0.001255 0.002699 0.001308 0.000695 
3182976 bfs 1 403 36 0.842000 0.616000  0.001954 0.000919 0.002100 0.005115 0.002115 0.000951 
3182976 bfs 1 403 36 0.842000 0.694000  0.000461 0.000421 0.001166 0.002271 0.001194 0.000635 
3182976 bfs 1 403 36 0.842000 0.616000  0.000461 0.000421 0.001162 0.002233 0.001239 0.000649 
3182976 bfs 1 403 36 0.842000 0.617000  0.017132 0.054825 0.019973 0.054921 0.000006 0.001073 
3182976 bfs 1 403 36 0.842000 0.616000  0.000548 0.000440 0.001219 0.002526 0.001350 0.000677 
3183104 bfs 1 403 36 0.842000 0.694000  0.000427 0.000397 0.001099 0.002134 0.001157 0.000612 
3183104 bfs 1 403 36 0.842000 0.539000  0.899302 0.493376 1.386223 0.899615 0.596888 0.333489 
3183104 bfs 1 403 36 0.842000 0.694000  0.000481 0.000399 0.001106 0.002285 0.001203 0.000622 
3183104 bfs 1 403 36 0.842000 0.539000  0.000396 0.000363 0.001014 0.001922 0.001049 0.000561 
3183104 bfs 1 403 36 0.842000 0.616000  0.000425 0.000565 0.001359 0.003009 0.001813 0.000953 
3183232 bfs 1 403 36 0.842000 0.463000  0.000397 0.000444 0.001125 0.002309 0.001276 0.000627 
3183232 bfs 1 403 36 0.842000 0.617000  0.000462 0.000384 0.001054 0.002165 0.001147 0.000588 
3183232 bfs 1 403 36 0.842000 0.616000  0.000383 0.000360 0.000980 0.001930 0.001028 0.000539 
3183232 bfs 1 403 36 0.842000 0.616000  0.000459 0.000384 0.001040 0.002180 0.001156 0.000580 
3183232 bfs 1 403 36 0.842000 0.617000  0.152670 0.063138 0.157334 0.152706 0.073101 0.037585 
3183360 bfs 1 403 36 0.842000 0.540000  0.000419 0.000392 0.001058 0.002270 0.001152 0.000580 
3183360 bfs 1 403 36 0.842000 0.616000  0.000329 0.000311 0.000874 0.001642 0.000903 0.000481 
3183360 bfs 1 403 36 0.842000 0.617000  0.000035 0.000032 0.000090 0.000169 0.000094 0.000050 
3183360 bfs 1 403 36 0.842000 0.694000  0.000327 0.000299 0.000955 0.001993 0.000984 0.000502 
3183488 bfs 1 403 36 0.842000 0.616000  0.000415 0.000332 0.000910 0.001872 0.000997 0.000508 
3183488 bfs 1 403 36 0.842000 0.616000  0.000364 0.000310 0.000850 0.001653 0.000871 0.000471 
3183488 bfs 1 403 36 0.842000 0.694000  0.000327 0.000306 0.001085 0.002122 0.001383 0.000675 
3183488 bfs 1 403 36 0.842000 0.616000  0.000309 0.000298 0.000840 0.001749 0.000870 0.000456 
3183488 bfs 1 403 36 0.842000 0.694000  0.000374 0.000317 0.000875 0.001785 0.000954 0.000487 
3183616 bfs 1 403 36 0.842000 0.771000  0.000356 0.000292 0.000819 0.001666 0.000836 0.000442 
3183616 bfs 1 403 36 0.842000 0.539000  0.000369 0.000304 0.000840 0.001711 0.000913 0.000470 
3183616 bfs 1 403 36 0.842000 0.694000  0.037301 0.100282 0.041087 0.100333 0.000011 0.001943 
3183616 bfs 1 403 36 0.842000 0.617000  0.037503 0.101041 0.041331 0.101054 0.000011 0.001960 
3183616 bfs 1 403 37 0.842000 0.693000  0.000309 0.000280 0.000772 0.001501 0.000834 0.000433 
3183744 bfs 1 403 36 0.842000 0.771000  0.000276 0.000260 0.000731 0.001760 0.000849 0.000432 
3183744 bfs 1 403 36 0.842000 0.694000  0.000318 0.000273 0.000752 0.001477 0.000799 0.000421 
3183744 bfs 1 403 36 0.842000 0.462000  0.000275 0.000254 0.000710 0.001330 0.000727 0.000394 
3183744 bfs 1 403 36 0.842000 0.616000  0.000290 0.000421 0.000999 0.002640 0.001135 0.000636 
3183872 bfs 1 403 36 0.842000 0.463000  0.000025 0.000131 0.000053 0.000181 0.000000 0.000007 
3183872 bfs 1 403 36 0.842000 0.693000  0.000335 0.000276 0.000760 0.001580 0.000842 0.000424 
3183872 bfs 1 403 37 0.842000 0.616000  0.000330 0.000255 0.000696 0.001405 0.000713 0.000380 
3183872 bfs 1 403 36 0.842000 0.540000  0.000327 0.000280 0.000750 0.001567 0.000826 0.000420 
3183872 bfs 1 403 36 0.842000 0.694000  0.000267 0.000235 0.000661 0.002142 0.000944 0.000452 
3184000 bfs 1 403 36 0.842000 0.616000  0.000315 0.000263 0.000711 0.001450 0.000779 0.000397 
3184000 bfs 1 403 36 0.842000 0.694000  0.000259 0.000240 0.000664 0.001297 0.000699 0.000370 
3184000 bfs 1 403 36 0.842000 0.616000  0.000312 0.000258 0.000710 0.001491 0.000792 0.000402 
3184000 bfs 1 403 37 0.842000 0.616000  0.000260 0.000235 0.000651 0.001256 0.000686 0.000362 
3184000 bfs 1 403 37 0.842000 0.617000  0.000285 0.000245 0.000654 0.001271 0.000673 0.000353 
3184128 bfs 1 403 36 0.842000 0.693000  0.000255 0.000232 0.000640 0.001240 0.000678 0.000412 
3184128 bfs 1 403 36 0.842000 0.540000  0.000234 0.000217 0.000607 0.001145 0.000630 0.000336 
3184128 bfs 1 403 36 0.842000 0.617000  0.000247 0.000225 0.000621 0.001201 0.000660 0.000348 
3184128 bfs 1 403 36 0.842000 0.540000  0.000225 0.000211 0.000592 0.001114 0.000612 0.000328 
3184128 bfs 1 403 36 0.842000 0.694000  0.000243 0.000222 0.000610 0.001181 0.000649 0.000340 
3184256 bfs 1 403 36 0.842000 0.694000  0.000248 0.000219 0.000602 0.001159 0.000645 0.000337 
3184256 bfs 1 403 36 0.842000 0.694000  0.000596 0.000314 0.000937 0.001883 0.001012 0.000486 
3184256 bfs 1 403 36 0.842000 0.540000  0.000267 0.000224 0.000597 0.001168 0.000616 0.000322 
3184256 bfs 1 403 36 0.842000 0.694000  0.000253 0.000223 0.000613 0.001263 0.000673 0.000343 
3184256 bfs 1 403 36 0.842000 0.462000  0.000212 0.000197 0.000551 0.001026 0.000562 0.000305 
3184384 bfs 1 403 36 0.842000 0.616000  0.000232 0.000208 0.000569 0.001092 0.000609 0.000318 
3184384 bfs 1 403 36 0.842000 0.463000  0.000210 0.000193 0.000541 0.001016 0.000551 0.000298 
3184384 bfs 1 403 37 0.842000 0.693000  0.000219 0.000203 0.000636 0.001423 0.000699 0.000345 
3184384 bfs 1 403 37 0.842000 0.462000  0.000202 0.000188 0.000526 0.000991 0.000539 0.000291 
3184384 bfs 1 403 36 0.842000 0.617000  0.000750 0.000270 0.000672 0.001609 0.000696 0.000339 
3184512 bfs 1 403 36 0.842000 0.540000  0.000196 0.000184 0.000517 0.000974 0.000531 0.000286 
3184512 bfs 1 403 36 0.842000 0.617000  0.000241 0.000203 0.000557 0.001161 0.000621 0.000320 
3184512 bfs 1 403 36 0.842000 0.462000  0.000239 0.000193 0.000602 0.001248 0.000602 0.000307 
3184512 bfs 1 403 36 0.842000 0.616000  0.000250 0.000206 0.000566 0.001176 0.000630 0.000315 
3184512 bfs 1 403 36 0.842000 0.616000  0.000234 0.000189 0.000533 0.001099 0.000547 0.000291 
3184640 bfs 1 403 36 0.842000 0.540000  0.000204 0.000230 0.000638 0.001490 0.000683 0.000332 
3184640 bfs 1 403 36 0.842000 0.462000  0.000256 0.000190 0.000532 0.001099 0.000536 0.000287 
3184640 bfs 1 403 36 0.842000 0.616000  0.000246 0.000205 0.000559 0.001145 0.000598 0.000305 
3184640 bfs 1 403 36 0.842000 0.539000  0.000198 0.000294 0.000721 0.001598 0.000695 0.000338 
3184640 bfs 1 403 36 0.842000 0.616000  0.000202 0.004233 0.009893 0.006437 0.004026 0.187085 
3184768 bfs 1 403 36 0.842000 0.462000  0.000201 0.000260 0.000631 0.001538 0.000729 0.000400 
3184768 bfs 1 403 36 0.842000 0.694000  0.000248 0.000187 0.000534 0.001120 0.000536 0.000278 
3184768 bfs 1 403 36 0.842000 0.540000  0.000218 0.000176 0.000475 0.000922 0.000489 0.000258 
3184768 bfs 1 403 36 0.842000 0.463000  0.000215 0.000176 0.000494 0.001028 0.000506 0.000266 
3184768 bfs 1 403 36 0.842000 0.616000  0.000214 0.000176 0.000536 0.001237 0.000609 0.000314 
3184896 bfs 1 403 36 0.842000 0.462000  0.000222 0.000170 0.000475 0.000957 0.000490 0.000260 
3184896 bfs 1 403 36 0.842000 0.694000  0.000184 0.000167 0.000461 0.000877 0.000486 0.000257 
3184896 bfs 1 403 36 0.842000 0.694000  0.027781 0.072645 0.030691 0.072696 0.000007 0.001398 
3184896 bfs 1 403 36 0.842000 0.693000  0.000220 0.000179 0.000495 0.001033 0.000572 0.000282 
3185024 bfs 1 403 36 0.842000 0.771000  0.000219 0.000177 0.000472 0.000951 0.000500 0.000258 
3185024 bfs 1 403 36 0.842000 0.616000  0.000174 0.000163 0.000449 0.000854 0.000474 0.000252 
3185024 bfs 1 403 36 0.842000 0.617000  0.000175 0.000161 0.000442 0.000843 0.000473 0.000247 
3185024 bfs 1 403 36 0.842000 0.617000  0.000206 0.000171 0.000465 0.000966 0.000516 0.000264 
3185024 bfs 1 403 36 0.842000 0.693000  0.000167 0.000155 0.000430 0.000820 0.000453 0.000279 
3185152 bfs 1 403 36 0.842000 0.694000  0.000161 0.000146 0.000410 0.000802 0.000419 0.000226 
3185152 bfs 1 403 36 0.842000 0.693000  0.000168 0.000154 0.000424 0.000814 0.000451 0.000238 
3185152 bfs 1 403 36 0.842000 0.462000  0.000162 0.000145 0.000404 0.000770 0.000416 0.000224 
3185152 bfs 1 403 36 0.842000 0.617000  0.000185 0.000157 0.000435 0.000895 0.000469 0.000240 
3185152 bfs 1 403 36 0.842000 0.462000  0.000157 0.000142 0.000399 0.000748 0.000406 0.000220 
3185280 bfs 1 403 36 0.842000 0.617000  0.000172 0.000277 0.000632 0.001406 0.000713 0.000330 
3185280 bfs 1 403 36 0.842000 0.462000  0.000153 0.000140 0.000392 0.000748 0.000406 0.000218 
3185280 bfs 1 403 36 0.842000 0.693000  0.000050 0.000046 0.000126 0.000246 0.000136 0.000071 
3185280 bfs 1 403 36 0.842000 0.462000  0.000148 0.000138 0.000385 0.000723 0.000397 0.000213 
3185280 bfs 1 403 36 0.842000 0.694000  0.000178 0.000149 0.000408 0.000846 0.000454 0.000233 
3185408 bfs 1 403 36 0.842000 0.694000  0.000148 0.000137 0.000389 0.000815 0.000403 0.000217 
3185408 bfs 1 403 36 0.842000 0.849000  0.000008 0.000046 0.000030 0.000096 0.000000 0.000005 
3185408 bfs 1 403 36 0.842000 0.771000  0.000168 0.000137 0.000405 0.000846 0.000414 0.000214 
3185408 bfs 1 403 36 0.842000 0.771000  0.000153 0.000136 0.000485 0.001140 0.000605 0.000286 
3185536 bfs 1 403 36 0.842000 0.616000  0.000144 0.000134 0.000385 0.000833 0.000424 0.000214 
3185536 bfs 1 403 36 0.842000 0.693000  0.000147 0.000134 0.000370 0.000710 0.000395 0.000206 
3185536 bfs 1 403 36 0.842000 0.770000  0.000148 0.000133 0.000366 0.000716 0.000419 0.000214 
3185536 bfs 1 403 36 0.842000 0.617000  0.000172 0.000138 0.000385 0.000792 0.000426 0.000218 
3185536 bfs 1 403 36 0.842000 0.694000  0.000154 0.000131 0.000362 0.000743 0.000394 0.000206 
3185664 bfs 1 403 36 0.842000 0.616000  0.000167 0.000139 0.000383 0.000785 0.000416 0.000217 
3185664 bfs 1 403 36 0.842000 0.694000  0.000141 0.000129 0.000357 0.000689 0.000375 0.000199 
3185664 bfs 1 403 36 0.842000 0.617000  0.000140 0.000129 0.088695 0.163270 0.053706 0.020462 
3185664 bfs 1 403 36 0.842000 0.616000  0.000035 0.000032 0.000092 0.000180 0.000117 0.000057 
3185664 bfs 1 403 36 0.842000 0.539000  0.000125 0.000120 0.000336 0.000660 0.000378 0.000200 
3185792 bfs 1 403 37 0.842000 0.617000  0.000138 0.000125 0.000348 0.000683 0.000363 0.000193 
3185792 bfs 1 403 37 0.842000 0.540000  0.000124 0.000118 0.000365 0.001282 0.000523 0.000255 
3185792 bfs 1 403 37 0.842000 0.616000  0.000143 0.000129 0.000355 0.000829 0.000410 0.000205 
3185792 bfs 1 403 36 0.842000 0.463000  0.000130 0.000117 0.000328 0.000629 0.000336 0.000181 
3185792 bfs 1 403 36 0.842000 0.617000  0.000135 0.000124 0.000440 0.000871 0.000508 0.000282 
3185920 bfs 1 403 36 0.842000 0.462000  0.074349 0.021150 0.045807 0.074521 0.025915 0.010596 
3185920 bfs 1 403 36 0.842000 0.616000  0.000167 0.000261 0.000616 0.001318 0.000585 0.000277 
3185920 bfs 1 403 36 0.842000 0.616000  0.000127 0.000119 0.000336 0.000663 0.000347 0.000186 
3185920 bfs 1 403 36 0.842000 0.616000  0.000162 0.000130 0.000366 0.000794 0.000410 0.000205 
3185920 bfs 1 403 36 0.842000 0.463000  0.000144 0.000121 0.000338 0.000680 0.000348 0.000184 
3186048 bfs 1 403 36 0.842000 0.693000  0.000157 0.000127 0.000350 0.000721 0.000377 0.000196 
3186048 bfs 1 403 36 0.842000 0.462000  0.000128 0.000115 0.000328 0.000659 0.000336 0.000181 
3186048 bfs 1 403 36 0.842000 0.770000  0.000155 0.000124 0.000342 0.000708 0.000383 0.000197 
3186048 bfs 1 403 36 0.842000 0.693000  0.000139 0.000117 0.000335 0.000658 0.000342 0.000180 
3186048 bfs 1 403 36 0.842000 0.617000  0.000145 0.000126 0.000348 0.000704 0.000371 0.000192 
3186176 bfs 1 403 36 0.842000 0.770000  0.000117 0.000126 0.000333 0.000656 0.000337 0.000176 
3186176 bfs 1 403 36 0.842000 0.616000  0.000153 0.000121 0.000334 0.000691 0.000367 0.000194 
3186176 bfs 1 403 36 0.842000 0.694000  0.000033 0.000032 0.000088 0.000182 0.000109 0.000052 
3186176 bfs 1 403 37 0.842000 0.540000  0.000125 0.000113 0.000402 0.000817 0.000404 0.000228 
3186176 bfs 1 403 37 0.842000 0.617000  0.000112 0.000109 0.000309 0.000605 0.000311 0.000166 
3186304 bfs 1 403 37 0.842000 0.617000  0.000170 0.000136 0.000359 0.001176 0.000523 0.000255 
3186304 bfs 1 403 37 0.842000 0.770000  0.000114 0.083000 0.178262 0.285588 0.099704 0.041858 
3186304 bfs 1 403 36 0.842000 0.617000  0.000144 0.000119 0.000323 0.001410 0.000560 0.000246 
3186304 bfs 1 403 36 0.842000 0.616000  0.000119 0.000109 0.000300 0.000766 0.000386 0.000194 
3186432 bfs 1 403 36 0.842000 0.694000  0.000142 0.000116 0.000324 0.000680 0.000358 0.000182 
3186432 bfs 1 403 36 0.842000 0.695000  0.000116 0.000107 0.000297 0.000569 0.000311 0.000165 
3186432 bfs 1 403 36 0.842000 0.616000  0.000142 0.000117 0.000320 0.000671 0.000357 0.000181 
3186432 bfs 1 403 36 0.842000 0.616000  0.120631 0.036868 0.079076 0.120831 0.043254 0.018527 
3186432 bfs 1 403 36 0.842000 0.540000  0.000109 0.000100 0.000282 0.000531 0.000285 0.000155 
3186560 bfs 1 403 36 0.842000 0.617000  0.122805 0.037416 0.080066 0.122971 0.043965 0.018795 
3186560 bfs 1 403 36 0.842000 0.617000  0.000105 0.000100 0.000281 0.000527 0.000286 0.000155 
3186560 bfs 1 403 37 0.842000 0.617000  0.000284 0.000155 0.000461 0.000898 0.000490 0.000238 
3186560 bfs 1 403 37 0.842000 0.463000  0.000107 0.000100 0.000278 0.000524 0.000289 0.000154 
3186560 bfs 1 403 37 0.842000 0.694000  0.000132 0.000106 0.000286 0.000557 0.000293 0.000155 
3186688 bfs 1 403 36 0.842000 0.617000  0.000106 0.000097 0.000273 0.000516 0.000280 0.000150 
3186688 bfs 1 403 36 0.842000 0.616000  0.000134 0.000108 0.000287 0.000619 0.000317 0.000161 
3186688 bfs 1 403 36 0.842000 0.463000  0.000106 0.000096 0.000271 0.000505 0.000276 0.000149 
3186688 bfs 1 403 36 0.842000 0.693000  0.000136 0.000115 0.000308 0.000666 0.000332 0.000167 
3186688 bfs 1 403 36 0.842000 0.462000  0.000105 0.000118 0.000305 0.000684 0.000311 0.000157 
3186816 bfs 1 403 36 0.842000 0.617000  0.000132 0.000106 0.000291 0.000605 0.000323 0.000166 
3186816 bfs 1 403 37 0.842000 0.463000  0.000105 0.000094 0.000265 0.000514 0.000268 0.000147 
3186816 bfs 1 403 37 0.842000 0.771000  0.000337 0.000165 0.000416 0.000826 0.000368 0.000207 
3186816 bfs 1 403 36 0.842000 0.462000  0.000102 0.000093 0.000263 0.000507 0.000272 0.000145 
3186816 bfs 1 403 36 0.842000 0.616000  0.000126 0.000102 0.000289 0.000598 0.000315 0.000161 
3186944 bfs 1 403 36 0.842000 0.462000  0.000101 0.000098 0.000277 0.000624 0.000301 0.000157 
3186944 bfs 1 403 36 0.842000 0.616000  0.000129 0.000102 0.000275 0.000545 0.000294 0.000152 
3186944 bfs 1 403 36 0.842000 0.463000  0.000117 0.000095 0.000268 0.000518 0.000276 0.000147 
3186944 bfs 1 403 36 0.842000 0.616000  0.000104 0.000140 0.000343 0.000670 0.000397 0.000194 
3186944 bfs 1 403 36 0.842000 0.694000  0.000117 0.000096 0.000270 0.000549 0.000277 0.000150 
3187072 bfs 1 403 36 0.842000 0.617000  0.000105 0.000096 0.000264 0.000506 0.000280 0.000147 
3187072 bfs 1 403 36 0.842000 0.848000  0.000115 0.000096 0.000267 0.000563 0.000309 0.000156 
3187072 bfs 1 403 36 0.842000 0.616000  0.000103 0.000094 0.000259 0.000490 0.000274 0.000145 
3187072 bfs 1 403 36 0.842000 0.694000  0.000113 0.000094 0.000268 0.000579 0.000282 0.000145 
3187072 bfs 1 403 36 0.842000 0.616000  0.000101 0.000093 0.000256 0.000484 0.000269 0.000143 
3187200 bfs 1 403 36 0.842000 0.694000  0.160421 0.047547 0.101599 0.160579 0.056164 0.024015 
3187200 bfs 1 403 36 0.842000 0.617000  0.000050 0.000041 0.000114 0.000238 0.000125 0.000064 
3187200 bfs 1 403 36 0.842000 0.693000  0.000110 0.000093 0.000254 0.000508 0.000261 0.000138 
3187200 bfs 1 403 36 0.842000 0.693000  0.000099 0.000135 0.000330 0.000772 0.000380 0.000186 
3187200 bfs 1 403 36 0.842000 0.694000  0.000098 0.000092 0.000257 0.000521 0.000273 0.000142 
3187328 bfs 1 403 36 0.842000 0.694000  0.000095 0.000086 0.000240 0.000465 0.000246 0.000132 
3187328 bfs 1 403 36 0.842000 0.617000  0.000112 0.000092 0.000264 0.000542 0.000278 0.000145 
3187328 bfs 1 403 36 0.842000 0.463000  0.000095 0.000085 0.000238 0.000455 0.000244 0.000135 
3187328 bfs 1 403 36 0.842000 0.694000  0.000118 0.000094 0.000260 0.000540 0.000287 0.000147 
3187328 bfs 1 403 36 0.842000 0.463000  0.000092 0.000084 0.000266 0.000528 0.000267 0.000140 
3187456 bfs 1 403 36 0.842000 0.693000  0.000098 0.000089 0.000317 0.000648 0.000320 0.000232 
3187456 bfs 1 403 36 0.842000 0.693000  0.000106 0.000089 0.000248 0.000505 0.000258 0.000145 
3187456 bfs 1 403 36 0.842000 0.617000  0.000118 0.000095 0.000265 0.000567 0.000301 0.000151 
3187456 bfs 1 403 36 0.842000 0.462000  0.000133 0.000091 0.000246 0.000498 0.000254 0.000134 
3187584 bfs 1 403 37 0.842000 0.616000  0.000113 0.000095 0.000259 0.000538 0.000285 0.000146 
3187584 bfs 1 403 37 0.842000 0.462000  0.000104 0.000086 0.000248 0.000488 0.000248 0.000132 
3187584 bfs 1 403 36 0.842000 0.694000  0.000690 0.000510 0.205362 0.585417 0.000080 0.012469 
3187584 bfs 1 403 36 0.842000 0.617000  0.000093 0.000085 0.000240 0.000502 0.000268 0.000139 
3187584 bfs 1 403 36 0.842000 0.462000  0.000084 0.000079 0.000224 0.000413 0.000224 0.000123 
3187712 bfs 1 403 36 0.842000 0.617000  0.000371 0.000139 0.000339 0.000771 0.000344 0.000163 
3187712 bfs 1 403 36 0.842000 0.462000  0.000085 0.000079 0.000221 0.000415 0.000226 0.000122 
3187712 bfs 1 403 36 0.842000 0.616000  0.000113 0.000089 0.000242 0.000593 0.000278 0.000139 
3187712 bfs 1 403 36 0.842000 0.694000  0.000084 0.000078 0.000220 0.000415 0.000225 0.000121 
3187840 bfs 1 403 36 0.842000 0.694000  0.000099 0.000087 0.000237 0.000483 0.000263 0.000134 
3187840 bfs 1 403 36 0.842000 0.462000  0.000085 0.000078 0.000218 0.000411 0.000223 0.000120 
3187840 bfs 1 403 36 0.842000 0.617000  0.000089 0.000082 0.000226 0.000433 0.000239 0.000126 
3187840 bfs 1 403 36 0.842000 0.463000  0.000164 0.000157 0.000375 0.000807 0.000337 0.000165 
3187840 bfs 1 403 36 0.842000 0.694000  0.000091 0.000081 0.000224 0.000434 0.000238 0.000125 
3187968 bfs 1 403 37 0.842000 0.462000  0.000082 0.000076 0.000215 0.000406 0.000219 0.000118 
3187968 bfs 1 403 36 0.842000 0.539000  0.000045 0.000038 0.000104 0.000215 0.000114 0.000059 
3187968 bfs 1 403 36 0.842000 0.462000  0.000083 0.000075 0.000212 0.000413 0.000243 0.000124 
3187968 bfs 1 403 36 0.842000 0.616000  0.000109 0.000086 0.000234 0.000486 0.000255 0.000130 
3187968 bfs 1 403 36 0.842000 0.462000  0.000083 0.000074 0.000210 0.000404 0.000213 0.000115 
3188096 bfs 1 403 36 0.842000 0.693000  0.000104 0.000132 0.000305 0.000825 0.000352 0.000185 
3188096 bfs 1 403 37 0.842000 0.463000  0.000092 0.000078 0.000220 0.000444 0.000228 0.000121 
3188096 bfs 1 403 36 0.842000 0.617000  0.000105 0.000083 0.000228 0.000475 0.000250 0.000129 
3188096 bfs 1 403 36 0.842000 0.694000  0.000079 0.000076 0.000211 0.000416 0.000213 0.000116 
3188096 bfs 1 403 36 0.842000 0.616000  0.000616 0.002013 0.004584 0.003390 0.001962 0.001103 
3188224 bfs 1 403 36 0.842000 0.693000  0.000106 0.000085 0.000302 0.000898 0.000332 0.000150 
3188224 bfs 1 403 36 0.842000 0.539000  0.000082 0.000172 0.000461 0.001007 0.000380 0.000172 
3188224 bfs 1 403 36 0.842000 0.694000  0.000084 0.000076 0.000210 0.000537 0.000272 0.000154 
3188224 bfs 1 403 37 0.842000 0.462000  0.000093 0.000201 0.000491 0.001099 0.000404 0.000182 
3188352 bfs 1 403 36 0.842000 0.617000  0.000208 0.000111 0.000268 0.000645 0.000314 0.000180 
3188352 bfs 1 403 36 0.842000 0.616000  0.000090 0.000075 0.000211 0.000437 0.000218 0.000116 
3188352 bfs 1 403 36 0.842000 0.616000  0.000100 0.000079 0.000223 0.000462 0.000244 0.000123 
3188352 bfs 1 403 36 0.842000 0.463000  0.000076 0.000075 0.000206 0.000422 0.000212 0.000114 
3188352 bfs 1 403 36 0.842000 0.694000  0.000098 0.000083 0.000224 0.000507 0.000256 0.000128 
3188480 bfs 1 403 36 0.842000 0.617000  0.000079 0.000073 0.000205 0.000395 0.000213 0.000114 
3188480 bfs 1 403 36 0.842000 0.616000  0.000095 0.000079 0.000215 0.000441 0.000237 0.000121 
3188480 bfs 1 403 36 0.842000 0.694000  0.000080 0.000073 0.000202 0.000387 0.000215 0.000114 
3188480 bfs 1 403 36 0.842000 0.462000  0.000177 0.000083 0.000216 0.000475 0.000221 0.000114 
3188480 bfs 1 403 36 0.842000 0.617000  0.000078 0.000073 0.000201 0.000386 0.000211 0.000112 
3188608 bfs 1 403 36 0.842000 0.694000  0.000077 0.000072 0.000259 0.000503 0.001334 0.000575 
3188608 bfs 1 403 37 0.842000 0.616000  0.000197 0.000106 0.000314 0.000617 0.000338 0.000163 
3188608 bfs 1 403 37 0.842000 0.462000  0.043225 0.137440 0.048963 0.137477 0.000019 0.002996 
3188608 bfs 1 403 36 0.842000 0.693000  0.000079 0.000072 0.000199 0.000385 0.000213 0.000113 
3188608 bfs 1 403 36 0.842000 0.539000  0.000073 0.000068 0.000190 0.000352 0.000195 0.000105 
3188736 bfs 1 403 36 0.842000 0.617000  0.000076 0.000071 0.000196 0.000366 0.000207 0.000110 
3188736 bfs 1 403 36 0.842000 0.462000  0.000074 0.000067 0.000188 0.000356 0.000193 0.000107 
3188736 bfs 1 403 36 0.842000 0.694000  0.000075 0.000071 0.000194 0.000366 0.000207 0.000109 
3188736 bfs 1 403 36 0.842000 0.540000  0.000072 0.000067 0.000186 0.000350 0.000191 0.000103 
3188736 bfs 1 403 36 0.842000 0.617000  0.000084 0.000073 0.000200 0.000411 0.000221 0.000114 
3188864 bfs 1 403 36 0.842000 0.462000  0.000071 0.000066 0.000185 0.000349 0.000190 0.000102 
3188864 bfs 1 403 36 0.842000 0.617000  0.000083 0.000073 0.000201 0.000415 0.000224 0.000114 
3188864 bfs 1 403 36 0.842000 0.462000  0.063122 0.015443 0.032315 0.063261 0.019308 0.008138 
3188864 bfs 1 403 36 0.842000 0.617000  0.000095 0.000083 0.000222 0.000482 0.000242 0.000119 
3188864 bfs 1 403 36 0.842000 0.616000  0.000074 0.000065 0.000182 0.000352 0.000189 0.000101 
3188992 bfs 1 403 36 0.842000 0.617000  0.000075 0.000102 0.000244 0.000596 0.000289 0.000139 
3188992 bfs 1 403 36 0.842000 0.617000  0.000073 0.000067 0.000190 0.000401 0.000213 0.000108 
3188992 bfs 1 403 36 0.842000 0.693000  0.000140 0.000081 0.000214 0.000455 0.000230 0.000113 
3188992 bfs 1 403 36 0.842000 0.693000  0.000515 0.000125 0.000429 0.000802 0.000342 0.000164 
3189120 bfs 1 403 37 0.842000 0.462000  0.000070 0.000064 0.000179 0.000342 0.000185 0.000099 
3189120 bfs 1 403 37 0.842000 0.617000  0.000006 0.000035 0.000024 0.000076 0.000000 0.000004 
3189120 bfs 1 403 36 0.842000 0.694000  0.000070 0.000063 0.000178 0.000338 0.000184 0.000098 
3189120 bfs 1 403 36 0.842000 0.617000  0.000074 0.000067 0.000187 0.000375 0.000197 0.000109 
3189120 bfs 1 403 36 0.842000 0.463000  0.000070 0.000063 0.000176 0.000339 0.000181 0.000097 
3189248 bfs 1 403 36 0.842000 0.694000  0.000083 0.000069 0.000190 0.000395 0.000211 0.000108 
3189248 bfs 1 403 36 0.842000 0.462000  0.000080 0.000066 0.000185 0.000376 0.000191 0.000102 
3189248 bfs 1 403 36 0.842000 0.617000  0.000036 0.000033 0.000116 0.000228 0.000134 0.000066 
3189248 bfs 1 403 36 0.842000 0.694000  0.003886 0.001533 0.003263 0.004018 0.001710 0.000821 
3189248 bfs 1 403 36 0.842000 0.616000  0.000086 0.000072 0.000191 0.000393 0.000209 0.000113 
3189376 bfs 1 403 36 0.842000 0.694000  0.000067 0.000064 0.000182 0.000380 0.000198 0.000101 
3189376 bfs 1 403 36 0.842000 0.540000  0.000083 0.000069 0.000189 0.000385 0.000203 0.000106 
3189376 bfs 1 403 37 0.842000 0.693000  0.000150 0.000075 0.000196 0.000434 0.000206 0.000104 
3189376 bfs 1 403 37 0.842000 0.694000  0.000078 0.000068 0.000181 0.000350 0.000185 0.000097 
3189504 bfs 1 403 36 0.842000 0.616000  0.000070 0.000064 0.000177 0.000341 0.000186 0.000099 
3189504 bfs 1 403 36 0.842000 0.539000  0.000066 0.000061 0.000202 0.000406 0.000201 0.000103 
3189504 bfs 1 403 36 0.842000 0.617000  0.000085 0.000069 0.000186 0.000386 0.000200 0.000101 
3189504 bfs 1 403 36 0.842000 0.617000  0.000066 0.000060 0.000169 0.000327 0.000172 0.000093 
3189504 bfs 1 403 36 0.842000 0.693000  0.000134 0.000100 0.000237 0.000539 0.000277 0.000132 
3189632 bfs 1 403 36 0.842000 0.462000  0.000064 0.000060 0.000167 0.000316 0.000169 0.000092 
3189632 bfs 1 403 36 0.842000 0.694000  0.000084 0.000068 0.000190 0.000402 0.000207 0.000104 
3189632 bfs 1 403 36 0.842000 0.463000  0.000078 0.000062 0.000180 0.000362 0.000183 0.000097 
3189632 bfs 1 403 37 0.842000 0.617000  0.000075 0.000065 0.000183 0.000381 0.000201 0.000104 
3189632 bfs 1 403 36 0.842000 0.463000  0.000065 0.000068 0.000185 0.000388 0.000189 0.000125 
3189760 bfs 1 403 36 0.842000 0.616000  0.000268 0.001553 0.001055 0.004386 0.000000 0.000244 
3189760 bfs 1 403 36 0.842000 0.771000  0.000245 0.001592 0.001071 0.003461 0.000000 0.000181 
3189760 bfs 1 403 36 0.842000 0.616000  0.036059 0.012803 0.027536 0.036212 0.014175 0.006410 
3189760 bfs 1 403 36 0.842000 0.616000  0.000068 0.000061 0.000218 0.000446 0.000253 0.000122 
3189760 bfs 1 403 36 0.842000 0.617000  0.000072 0.015437 0.005980 0.015611 0.000002 0.000412 
3189888 bfs 1 403 36 0.842000 0.694000  0.000064 0.000061 0.000174 0.000354 0.000188 0.000098 
3189888 bfs 1 403 36 0.842000 0.462000  0.000061 0.000057 0.000160 0.000301 0.000162 0.000088 
3189888 bfs 1 403 36 0.842000 0.693000  0.000067 0.000060 0.000165 0.000315 0.000176 0.000092 
3189888 bfs 1 403 36 0.842000 0.695000  0.000082 0.000062 0.000175 0.000358 0.000178 0.000092 
3190016 bfs 1 403 36 0.842000 0.617000  0.000082 0.000068 0.000205 0.000508 0.000227 0.000107 
3190016 bfs 1 403 36 0.842000 0.540000  0.000082 0.000063 0.000177 0.000376 0.000182 0.000096 
3190016 bfs 1 403 36 0.842000 0.539000  0.000063 0.000059 0.000163 0.000308 0.000172 0.000091 
3190016 bfs 1 403 36 0.842000 0.463000  0.000062 0.000056 0.000157 0.000294 0.000170 0.000089 
3190016 bfs 1 403 36 0.842000 0.616000  0.000090 0.000066 0.000178 0.000393 0.000191 0.000127 
3190144 bfs 1 403 36 0.842000 0.462000  0.000059 0.000055 0.000156 0.000292 0.000159 0.000086 
3190144 bfs 1 403 36 0.842000 0.617000  0.000065 0.000058 0.000162 0.000315 0.000170 0.000090 
3190144 bfs 1 403 36 0.842000 0.540000  0.000059 0.000055 0.000155 0.000294 0.000158 0.000085 
3190144 bfs 1 403 36 0.842000 0.771000  0.000078 0.000063 0.000173 0.000368 0.000199 0.000101 
3190144 bfs 1 403 36 0.842000 0.540000  0.000061 0.000055 0.000154 0.000296 0.000157 0.000085 
3190272 bfs 1 403 36 0.842000 0.771000  0.000108 0.000066 0.000176 0.000384 0.000192 0.000096 
3190272 bfs 1 403 36 0.842000 0.540000  0.000069 0.000057 0.000166 0.000328 0.000168 0.000088 
3190272 bfs 1 403 36 0.842000 0.693000  0.156566 0.455970 0.173047 0.456948 0.000072 0.011445 
3190272 bfs 1 403 36 0.842000 0.540000  0.000131 0.000762 0.000504 0.001591 0.000000 0.000101 
3190272 bfs 1 403 36 0.842000 0.539000  0.000074 0.000059 0.000165 0.000344 0.000184 0.000094 
3190400 bfs 1 403 36 0.842000 0.616000  0.000067 0.000057 0.000162 0.000324 0.000194 0.000098 
3190400 bfs 1 403 36 0.842000 0.616000  0.000085 0.000073 0.000197 0.000483 0.000216 0.000104 
3190400 bfs 1 403 36 0.842000 0.771000  0.000067 0.000057 0.000163 0.000322 0.000165 0.000088 
3190400 bfs 1 403 36 0.842000 0.616000  0.000454 0.000335 0.000916 0.002285 0.052509 0.023084 
3190528 bfs 1 403 36 0.842000 0.848000  0.000067 0.000058 0.000162 0.000329 0.000176 0.000092 
3190528 bfs 1 403 36 0.842000 0.462000  0.000057 0.000053 0.000149 0.000282 0.000153 0.000082 
3190528 bfs 1 403 36 0.842000 0.617000  0.000162 0.000095 0.000221 0.000598 0.000254 0.000133 
3190528 bfs 1 403 36 0.842000 0.462000  0.000058 0.000054 0.000153 0.000321 0.000159 0.000085 
3190528 bfs 1 403 36 0.842000 0.616000  0.000061 0.000064 0.000170 0.000355 0.000183 0.000093 
3190656 bfs 1 403 36 0.842000 0.462000  0.000057 0.000052 0.000148 0.000279 0.000150 0.000081 
3190656 bfs 1 403 36 0.842000 0.616000  0.078201 0.285948 0.092088 0.286691 0.000033 0.005739 
3190656 bfs 1 403 36 0.842000 0.540000  0.000031 0.000028 0.000079 0.000151 0.000082 0.000044 
3190656 bfs 1 403 36 0.842000 0.617000  0.083240 0.311814 0.098908 0.312954 0.000037 0.006199 
3190656 bfs 1 403 36 0.842000 0.693000  0.000090 0.000536 0.000353 0.001156 0.000000 0.000000 
3190784 bfs 1 403 36 0.842000 0.694000  0.000074 0.000060 0.000166 0.000348 0.000185 0.000092 
3190784 bfs 1 403 36 0.842000 0.617000  0.000149 0.000080 0.000240 0.000468 0.000259 0.000125 
3190784 bfs 1 403 36 0.842000 0.539000  0.005582 0.001336 0.002751 0.005616 0.001838 0.000746 
3190784 bfs 1 403 36 0.842000 0.617000  0.000070 0.000059 0.000159 0.000341 0.000180 0.000091 
3190784 bfs 1 403 36 0.842000 0.616000  0.000074 0.000061 0.000165 0.000345 0.000189 0.000094 
3190912 bfs 1 403 36 0.842000 0.693000  0.000060 0.000055 0.000151 0.000392 0.000199 0.000111 
3190912 bfs 1 403 36 0.842000 0.617000  0.000064 0.000056 0.003173 0.002195 0.001300 0.000746 
3190912 bfs 1 403 36 0.842000 0.617000  0.000059 0.000055 0.000150 0.000288 0.000195 0.000097 
3190912 bfs 1 403 36 0.842000 0.463000  0.000055 0.000051 0.000144 0.000268 0.000146 0.000079 
3190912 bfs 1 403 36 0.842000 0.617000  0.000060 0.000055 0.000150 0.000318 0.000168 0.000088 
3191040 bfs 1 403 36 0.842000 0.463000  0.000056 0.000051 0.000144 0.000292 0.000152 0.000081 
3191040 bfs 1 403 37 0.842000 0.617000  0.000066 0.000056 0.000154 0.000316 0.000171 0.000088 
3191040 bfs 1 403 37 0.842000 0.694000  0.000055 0.000055 0.000150 0.000296 0.000152 0.000081 
3191040 bfs 1 403 36 0.842000 0.616000  0.000058 0.000054 0.000191 0.000387 0.000193 0.000109 
3191040 bfs 1 403 36 0.842000 0.540000  0.000032 0.000028 0.000077 0.000150 0.000081 0.000043 
3191168 bfs 1 403 36 0.842000 0.617000  0.000031 0.000042 0.000103 0.000244 0.000119 0.000065 
3191168 bfs 1 403 37 0.842000 0.694000  0.000056 0.000053 0.000149 0.000302 0.000157 0.000082 
3191168 bfs 1 403 36 0.842000 0.540000  0.000057 0.000053 0.000146 0.000278 0.000154 0.000082 
3191168 bfs 1 403 36 0.842000 0.616000  0.008705 0.003245 0.007006 0.008821 0.003484 0.001663 
3191296 bfs 1 403 36 0.842000 0.540000  0.000070 0.000057 0.000159 0.000331 0.000174 0.000089 
3191296 bfs 1 403 36 0.842000 0.770000  0.000065 0.000056 0.000155 0.000910 0.000353 0.000159 
3191296 bfs 1 403 36 0.842000 0.539000  0.000057 0.000052 0.000145 0.000273 0.000151 0.000087 
3191296 bfs 1 403 36 0.842000 0.616000  0.000031 0.000028 0.000077 0.000149 0.000080 0.000043 
3191296 bfs 1 403 36 0.842000 0.616000  0.000066 0.000058 0.000160 0.000333 0.000176 0.000089 
3191424 bfs 1 403 36 0.842000 0.617000  0.000057 0.000052 0.000150 0.000306 0.000159 0.000082 
3191424 bfs 1 403 36 0.842000 0.694000  0.000055 0.000051 0.000143 0.000269 0.000150 0.000079 
3191424 bfs 1 403 36 0.842000 0.616000  0.000056 0.000051 0.000142 0.000271 0.000151 0.000079 
3191424 bfs 1 403 36 0.842000 0.617000  0.000066 0.000052 0.000146 0.000308 0.000163 0.000083 
3191424 bfs 1 403 37 0.842000 0.616000  0.000055 0.000051 0.000141 0.000274 0.000148 0.000078 
3191552 bfs 1 403 37 0.842000 0.540000  0.000176 0.000072 0.000176 0.000410 0.000178 0.000112 
3191552 bfs 1 403 36 0.842000 0.616000  0.000066 0.000054 0.000243 0.000522 0.000225 0.000106 
3191552 bfs 1 403 36 0.842000 0.462000  0.000061 0.000052 0.000142 0.000272 0.000150 0.000080 
3191552 bfs 1 403 36 0.842000 0.849000  0.000062 0.000051 0.000143 0.000289 0.000147 0.000078 
3191552 bfs 1 403 36 0.842000 0.616000  0.000064 0.000076 0.000181 0.000439 0.000211 0.000114 
3191680 bfs 1 403 36 0.842000 0.694000  0.000070 0.000051 0.000144 0.000289 0.000149 0.000078 
3191680 bfs 1 403 37 0.842000 0.617000  0.000054 0.000050 0.000138 0.000261 0.000145 0.000077 
3191680 bfs 1 403 36 0.842000 0.463000  0.000053 0.000047 0.000134 0.000268 0.000140 0.000076 
3191680 bfs 1 403 36 0.842000 0.616000  0.000063 0.000051 0.000143 0.000372 0.000176 0.000087 
3191680 bfs 1 403 36 0.842000 0.849000  0.000060 0.000050 0.000139 0.000290 0.000144 0.000076 
3191808 bfs 1 403 36 0.842000 0.694000  0.000061 0.000051 0.000142 0.000293 0.000158 0.000081 
3191808 bfs 1 403 36 0.842000 0.462000  0.000058 0.000049 0.000138 0.000279 0.000143 0.000076 
3191808 bfs 1 403 36 0.842000 0.540000  0.000054 0.000072 0.000174 0.000410 0.000203 0.000099 
3191808 bfs 1 403 36 0.842000 0.617000  0.000054 0.000051 0.000138 0.000264 0.000145 0.000076 
3191808 bfs 1 403 36 0.842000 0.540000  0.000061 0.000049 0.000138 0.000286 0.000154 0.000079 
3191936 bfs 1 403 36 0.842000 0.616000  0.000050 0.000046 0.000128 0.000243 0.000130 0.000071 
3191936 bfs 1 403 37 0.842000 0.617000  0.000052 0.000048 0.000142 0.000302 0.000159 0.000081 
3191936 bfs 1 403 37 0.842000 0.694000  0.000052 0.000048 0.000133 0.000249 0.000140 0.000099 
3191936 bfs 1 403 36 0.842000 0.616000  0.000051 0.000048 0.000132 0.000251 0.000139 0.000074 
3192064 bfs 1 403 36 0.842000 0.617000  0.029482 0.008393 0.017692 0.029608 0.010152 0.004334 
3192064 bfs 1 403 36 0.842000 0.617000  0.000050 0.000047 0.000129 0.000254 0.000134 0.000070 
3192064 bfs 1 403 36 0.842000 0.693000  0.000052 0.000047 0.000132 0.000275 0.000148 0.000077 
3192064 bfs 1 403 36 0.842000 0.462000  0.000047 0.000045 0.000131 0.000257 0.000132 0.000070 
3192064 bfs 1 403 36 0.842000 0.617000  0.000052 0.000047 0.000133 0.000267 0.000145 0.000075 
3192192 bfs 1 403 36 0.842000 0.463000  0.000050 0.000046 0.000130 0.000267 0.000134 0.000072 
3192192 bfs 1 403 36 0.842000 0.616000  0.000062 0.000051 0.000138 0.000289 0.000149 0.000076 
3192192 bfs 1 403 36 0.842000 0.462000  0.000049 0.000046 0.000166 0.000468 0.000180 0.000086 
3192192 bfs 1 403 36 0.842000 0.616000  0.000127 0.000068 0.000204 0.000395 0.000217 0.000105 
3192192 bfs 1 403 36 0.842000 0.694000  0.000048 0.000047 0.000129 0.000263 0.000134 0.000072 
3192320 bfs 1 403 37 0.842000 0.616000  0.000050 0.000047 0.000166 0.000322 0.000182 0.000088 
3192320 bfs 1 403 36 0.842000 0.849000  0.000065 0.000049 0.000133 0.000275 0.000155 0.000078 
3192320 bfs 1 403 36 0.842000 0.539000  0.000046 0.000044 0.000122 0.000274 0.000140 0.000073 
3192320 bfs 1 403 36 0.842000 0.616000  0.000050 0.000046 0.000127 0.000242 0.000134 0.000082 
3192320 bfs 1 403 36 0.842000 0.463000  0.000047 0.000044 0.000122 0.000225 0.000124 0.000067 
3192448 bfs 1 403 36 0.842000 0.694000  0.000049 0.000046 0.000126 0.000241 0.000132 0.000070 
3192448 bfs 1 403 36 0.842000 0.616000  0.000049 0.000067 0.000163 0.000317 0.000188 0.000092 
3192448 bfs 1 403 36 0.842000 0.616000  0.000049 0.000049 0.000133 0.000284 0.000139 0.000072 
3192448 bfs 1 403 36 0.842000 0.693000  0.000048 0.000046 0.000162 0.000328 0.000188 0.000092 
3192576 bfs 1 403 36 0.842000 0.771000  0.063933 0.017890 0.038044 0.064067 0.021593 0.009094 
3192576 bfs 1 403 36 0.842000 0.462000  0.000048 0.000043 0.000120 0.000229 0.000122 0.000066 
3192576 bfs 1 403 36 0.842000 0.617000  0.155834 0.542326 0.181515 0.542606 0.000072 0.011278 
3192576 bfs 1 403 36 0.842000 0.693000  0.000046 0.000043 0.000120 0.000224 0.000124 0.000067 
3192576 bfs 1 403 36 0.842000 0.771000  0.000051 0.000045 0.000125 0.000245 0.000132 0.000070 
3192704 bfs 1 403 36 0.842000 0.617000  0.000048 0.000045 0.000124 0.000235 0.000152 0.000077 
3192704 bfs 1 403 36 0.842000 0.693000  0.000049 0.000045 0.000124 0.000236 0.000131 0.000069 
3192704 bfs 1 403 36 0.842000 0.463000  0.000049 0.000067 0.000160 0.000324 0.000188 0.000091 
3192704 bfs 1 403 36 0.842000 0.693000  0.000048 0.000045 0.000129 0.000264 0.000143 0.000073 
3192704 bfs 1 403 36 0.842000 0.694000  0.000045 0.000042 0.000118 0.000220 0.000174 0.000088 
3192832 bfs 1 403 36 0.842000 0.694000  0.000050 0.000045 0.000123 0.000234 0.000131 0.000068 
3192832 bfs 1 403 36 0.842000 0.617000  0.000045 0.000042 0.000117 0.000222 0.000120 0.000065 
3192832 bfs 1 403 36 0.842000 0.693000  0.000047 0.000044 0.000122 0.000228 0.000129 0.000068 
3192832 bfs 1 403 36 0.842000 0.617000  0.000044 0.000041 0.000117 0.000216 0.000118 0.000064 
3192832 bfs 1 403 36 0.842000 0.617000  0.000047 0.000044 0.000121 0.000230 0.000127 0.000067 
3192960 bfs 1 403 36 0.842000 0.770000  0.000044 0.000042 0.000116 0.000218 0.000120 0.000065 
3192960 bfs 1 403 36 0.842000 0.617000  0.000048 0.000044 0.000121 0.000233 0.000127 0.000068 
3192960 bfs 1 403 37 0.842000 0.462000  0.000045 0.000041 0.000116 0.000215 0.000117 0.000064 
3192960 bfs 1 403 36 0.842000 0.617000  0.000059 0.000045 0.000122 0.000248 0.000156 0.000076 
3192960 bfs 1 403 36 0.842000 0.617000  0.000045 0.000041 0.000116 0.000218 0.000127 0.000067 
3193088 bfs 1 403 36 0.842000 0.693000  0.000047 0.000044 0.000161 0.000349 0.000158 0.000087 
3193088 bfs 1 403 36 0.842000 0.463000  0.087674 0.023979 0.050989 0.087783 0.029081 0.012297 
3193088 bfs 1 403 36 0.842000 0.539000  0.000060 0.000047 0.000127 0.000272 0.000141 0.000072 
3193088 bfs 1 403 36 0.842000 0.463000  0.000045 0.000043 0.000124 0.000261 0.000130 0.000069 
3193088 bfs 1 403 36 0.842000 0.616000  0.000059 0.000047 0.000129 0.000288 0.000148 0.000074 
3193216 bfs 1 403 37 0.842000 0.463000  0.000045 0.000043 0.000119 0.000230 0.000156 0.000079 
3193216 bfs 1 403 36 0.842000 0.617000  0.000057 0.000045 0.000124 0.000261 0.000138 0.000071 
3193216 bfs 1 403 36 0.842000 0.462000  0.000028 0.000025 0.000069 0.000136 0.000072 0.000039 
3193216 bfs 1 403 36 0.842000 0.693000  0.000045 0.000042 0.000118 0.000221 0.000123 0.000066 
3193216 bfs 1 403 36 0.842000 0.617000  0.000049 0.000043 0.000118 0.000228 0.000125 0.000068 
3193344 bfs 1 403 36 0.842000 0.617000  0.000053 0.000045 0.000123 0.000251 0.000136 0.000069 
3193344 bfs 1 403 36 0.842000 0.693000  0.000045 0.000042 0.000117 0.000223 0.000123 0.000065 
3193344 bfs 1 403 36 0.842000 0.463000  0.188737 0.633642 0.216632 0.633852 0.000083 0.013533 
3193344 bfs 1 403 36 0.842000 0.617000  0.000421 0.000169 0.000368 0.000729 0.000307 0.000150 
3193472 bfs 1 403 36 0.842000 0.463000  0.010425 0.002990 0.006362 0.010531 0.003621 0.001570 
3193472 bfs 1 403 36 0.842000 0.694000  0.000051 0.000047 0.000144 0.000335 0.000154 0.000075 
3193472 bfs 1 403 36 0.842000 0.694000  0.000051 0.000042 0.000118 0.000239 0.000122 0.000065 
3193472 bfs 1 403 36 0.842000 0.616000  0.000044 0.000042 0.000149 0.000290 0.000171 0.000084 
3193472 bfs 1 403 36 0.842000 0.617000  0.000045 0.000042 0.000115 0.000221 0.000121 0.000064 
3193600 bfs 1 403 37 0.842000 0.617000  0.000043 0.000039 0.000110 0.000207 0.000113 0.000061 
3193600 bfs 1 403 37 0.842000 0.770000  0.000035 0.000244 0.000145 0.000487 0.000000 0.000025 
3193600 bfs 1 403 36 0.842000 0.539000  0.000042 0.000039 0.000109 0.000230 0.000119 0.000062 
3193600 bfs 1 403 36 0.842000 0.694000  0.000052 0.000043 0.000118 0.000252 0.000132 0.000068 
3193600 bfs 1 403 36 0.842000 0.540000  0.000044 0.000039 0.000109 0.000207 0.000112 0.000060 
3193728 bfs 1 403 36 0.842000 0.617000  0.000055 0.000043 0.000133 0.000314 0.000138 0.000068 
3193728 bfs 1 403 36 0.842000 0.463000  0.000044 0.000041 0.000117 0.000242 0.000121 0.000064 
3193728 bfs 1 403 36 0.842000 0.616000  0.000044 0.000041 0.000112 0.000284 0.000143 0.000084 
3193728 bfs 1 403 36 0.842000 0.771000  0.000054 0.000043 0.000277 0.000552 0.000226 0.000103 
3193856 bfs 1 403 36 0.842000 0.617000  0.000065 0.000043 0.000114 0.000227 0.000116 0.000061 
3193856 bfs 1 403 36 0.842000 0.616000  0.000044 0.000040 0.000111 0.000296 0.000134 0.000067 
3193856 bfs 1 403 36 0.842000 0.386000  0.000042 0.000038 0.000107 0.000202 0.000109 0.000059 
3193856 bfs 1 403 36 0.842000 0.617000  0.000043 0.000059 0.000143 0.000341 0.000166 0.000091 
3193856 bfs 1 403 36 0.842000 0.463000  0.000046 0.000154 0.000339 0.000771 0.000277 0.000119 
3193984 bfs 1 403 36 0.842000 0.540000  0.000052 0.000042 0.000115 0.000242 0.000129 0.000065 
3193984 bfs 1 403 36 0.842000 0.693000  0.000053 0.000042 0.000116 0.000245 0.000126 0.000065 
3193984 bfs 1 403 36 0.842000 0.616000  0.000082 0.000047 0.000121 0.000242 0.000122 0.000063 
3193984 bfs 1 403 36 0.842000 0.616000  0.000054 0.000044 0.000121 0.000255 0.000131 0.000067 
3193984 bfs 1 403 36 0.842000 0.462000  0.000042 0.000038 0.000105 0.000199 0.000107 0.000058 
3194112 bfs 1 403 36 0.842000 0.617000  0.000053 0.000043 0.000121 0.000249 0.000134 0.000069 
3194112 bfs 1 403 36 0.842000 0.694000  0.000043 0.000040 0.000112 0.000212 0.000115 0.000062 
3194112 bfs 1 403 36 0.842000 0.539000  0.000052 0.000044 0.000121 0.000253 0.000134 0.000069 
3194112 bfs 1 403 36 0.842000 0.694000  0.000043 0.000040 0.000111 0.000211 0.000114 0.000061 
3194112 bfs 1 403 36 0.842000 0.617000  0.000049 0.000041 0.000111 0.000230 0.000116 0.000059 
3194240 bfs 1 403 36 0.842000 0.694000  0.000040 0.000037 0.000103 0.000194 0.000104 0.000056 
3194240 bfs 1 403 36 0.842000 0.616000  0.000048 0.000042 0.000114 0.000237 0.000125 0.000064 
3194240 bfs 1 403 37 0.842000 0.693000  0.000047 0.000039 0.000108 0.000220 0.000113 0.000061 
3194240 bfs 1 403 37 0.842000 0.617000  0.000048 0.000041 0.000111 0.000234 0.000125 0.000063 
3194240 bfs 1 403 36 0.842000 0.694000  0.014119 0.006196 0.014271 0.014300 0.006793 0.003411 
3194368 bfs 1 403 36 0.842000 0.616000  0.000050 0.000042 0.000115 0.000237 0.000126 0.000064 
3194368 bfs 1 403 36 0.842000 0.694000  0.000041 0.000039 0.000107 0.000206 0.000113 0.000059 
3194368 bfs 1 403 37 0.842000 0.771000  0.000048 0.000040 0.000107 0.000207 0.000109 0.000058 
3194368 bfs 1 403 37 0.842000 0.616000  0.000041 0.000038 0.000106 0.000206 0.000112 0.000059 
3194368 bfs 1 403 36 0.842000 0.694000  0.000047 0.000040 0.000106 0.000206 0.000110 0.000058 
3194496 bfs 1 403 36 0.842000 0.616000  0.000042 0.000038 0.000105 0.000201 0.000110 0.000058 
3194496 bfs 1 403 36 0.842000 0.462000  0.000039 0.000036 0.000101 0.000188 0.000103 0.000056 
3194496 bfs 1 403 36 0.842000 0.617000  0.000029 0.000186 0.000112 0.000371 0.000000 0.000019 
3194496 bfs 1 403 37 0.842000 0.463000  0.000039 0.000036 0.000101 0.000196 0.000103 0.000055 
3194624 bfs 1 403 37 0.842000 0.694000  0.000041 0.000038 0.000119 0.000280 0.000132 0.000065 
3194624 bfs 1 403 36 0.842000 0.617000  0.000038 0.000036 0.000100 0.000186 0.000102 0.000055 
3194624 bfs 1 403 36 0.842000 0.617000  0.000049 0.000041 0.000113 0.000237 0.000122 0.000062 
3194624 bfs 1 403 36 0.842000 0.463000  0.000046 0.000038 0.000106 0.000218 0.000108 0.000057 
3194624 bfs 1 403 36 0.842000 0.617000  0.000042 0.000056 0.000134 0.000327 0.000157 0.000085 
3194752 bfs 1 403 36 0.842000 0.462000  0.000025 0.000144 0.000096 0.000300 0.000000 0.000017 
3194752 bfs 1 403 36 0.842000 0.616000  0.000041 0.000055 0.000133 0.000274 0.000158 0.000105 
3194752 bfs 1 403 36 0.842000 0.463000  0.000039 0.000035 0.000099 0.000187 0.000102 0.000055 
3194752 bfs 1 403 36 0.842000 0.694000  0.052112 0.019491 0.043141 0.052336 0.021371 0.009999 
3194752 bfs 1 403 36 0.842000 0.462000  0.000039 0.000035 0.000098 0.000186 0.000102 0.000054 
3194880 bfs 1 403 36 0.842000 0.617000  0.000048 0.000039 0.000107 0.000224 0.000119 0.000061 
3194880 bfs 1 403 36 0.842000 0.462000  0.000044 0.000037 0.000104 0.000209 0.000106 0.000056 
3194880 bfs 1 403 36 0.842000 0.771000  0.000040 0.000037 0.000102 0.000193 0.000107 0.000057 
3194880 bfs 1 403 36 0.842000 0.694000  0.000049 0.000037 0.000105 0.000209 0.000107 0.000057 
3194880 bfs 1 403 36 0.842000 0.616000  0.000043 0.000037 0.000178 0.000396 0.000172 0.000082 
3195008 bfs 1 403 36 0.842000 0.694000  0.000043 0.000037 0.000103 0.000207 0.000106 0.000056 
3195008 bfs 1 403 36 0.842000 0.617000  0.000039 0.000037 0.000130 0.000254 0.000150 0.000074 
3195008 bfs 1 403 36 0.842000 0.693000  0.000038 0.000037 0.000101 0.000207 0.000105 0.000056 
3195008 bfs 1 403 36 0.842000 0.616000  0.000287 0.040515 0.013055 0.040623 0.000005 0.000805 
3195136 bfs 1 403 36 0.842000 0.770000  0.000046 0.000038 0.000104 0.000216 0.000115 0.000062 
3195136 bfs 1 403 36 0.842000 0.462000  0.000043 0.000036 0.000101 0.000206 0.000105 0.000055 
3195136 bfs 1 403 36 0.842000 0.539000  0.000048 0.000038 0.000105 0.000222 0.000116 0.000059 
3195136 bfs 1 403 36 0.842000 0.694000  0.000039 0.000036 0.000099 0.000196 0.000106 0.000056 
3195136 bfs 1 403 36 0.842000 0.694000  0.000049 0.000040 0.000106 0.000247 0.000125 0.000062 
3195264 bfs 1 403 36 0.842000 0.616000  0.000038 0.000036 0.000099 0.000187 0.000103 0.000055 
3195264 bfs 1 403 36 0.842000 0.616000  0.000038 0.000036 0.000128 0.000249 0.000148 0.000072 
3195264 bfs 1 403 36 0.842000 0.616000  0.000049 0.000038 0.000102 0.000205 0.000110 0.000056 
3195264 bfs 1 403 36 0.842000 0.617000  0.000037 0.000034 0.000094 0.000178 0.000097 0.000052 
3195264 bfs 1 403 36 0.842000 0.617000  0.000042 0.000037 0.000101 0.000196 0.000103 0.000054 
3195392 bfs 1 403 36 0.842000 0.616000  0.000046 0.000039 0.000107 0.000220 0.000117 0.000060 
3195392 bfs 1 403 36 0.842000 0.694000  0.000065 0.000061 0.000158 0.000452 0.000195 0.000092 
3195392 bfs 1 403 36 0.842000 0.540000  0.000035 0.000033 0.000093 0.000176 0.000096 0.000052 
3195392 bfs 1 403 36 0.842000 0.616000  0.000040 0.000042 0.000133 0.000270 0.000151 0.000073 
3195520 bfs 1 403 36 0.842000 0.617000  0.000036 0.000033 0.000093 0.000176 0.000095 0.000054 
3195520 bfs 1 403 36 0.842000 0.617000  0.000124 0.000060 0.000168 0.000382 0.000178 0.000083 
3195520 bfs 1 403 37 0.842000 0.462000  0.000037 0.000034 0.000094 0.000196 0.000101 0.000053 
3195520 bfs 1 403 37 0.842000 0.617000  0.000038 0.000035 0.000097 0.000183 0.000103 0.000054 
3195520 bfs 1 403 36 0.842000 0.462000  0.000035 0.000033 0.000093 0.000173 0.000094 0.000051 
3195648 bfs 1 403 36 0.842000 0.694000  0.000039 0.000035 0.000096 0.000182 0.000101 0.000053 
3195648 bfs 1 403 36 0.842000 0.463000  0.000035 0.000033 0.000092 0.000177 0.000094 0.000051 
3195648 bfs 1 403 36 0.842000 0.617000  0.000038 0.000035 0.000124 0.000253 0.000143 0.000070 
3195648 bfs 1 403 36 0.842000 0.462000  0.000037 0.000033 0.000092 0.000176 0.000096 0.000051 
3195648 bfs 1 403 36 0.842000 0.694000  0.044331 0.164678 0.052454 0.164817 0.000020 0.003172 
3195776 bfs 1 403 36 0.842000 0.463000  0.000042 0.000035 0.000097 0.000197 0.000101 0.000053 
3195776 bfs 1 403 36 0.842000 0.617000  0.000047 0.000038 0.000101 0.000210 0.000110 0.000056 
3195776 bfs 1 403 36 0.842000 0.462000  0.000035 0.000033 0.000091 0.000193 0.000099 0.000052 
3195776 bfs 1 403 36 0.842000 0.539000  0.000037 0.000034 0.000137 0.000308 0.000139 0.000067 
3195776 bfs 1 403 36 0.842000 0.463000  0.000038 0.000034 0.000093 0.000187 0.000099 0.000053 
3195904 bfs 1 403 36 0.842000 0.462000  0.000037 0.000034 0.000122 0.000243 0.000122 0.000072 
3195904 bfs 1 403 36 0.842000 0.694000  0.000040 0.000034 0.000094 0.000190 0.000102 0.000053 
3195904 bfs 1 403 36 0.842000 0.847000  0.000042 0.000035 0.000101 0.000210 0.000112 0.000057 
3195904 bfs 1 403 36 0.842000 0.617000  0.000036 0.000034 0.000096 0.000371 0.000144 0.000070 
3195904 bfs 1 403 36 0.842000 0.616000  0.000044 0.000037 0.000100 0.000272 0.000120 0.000059 
3196032 bfs 1 403 36 0.842000 0.694000  0.120819 0.043035 0.093484 0.120975 0.047314 0.021766 
3196032 bfs 1 403 36 0.842000 0.462000  0.000035 0.000035 0.000094 0.000191 0.000183 0.000085 
3196032 bfs 1 403 36 0.842000 0.770000  0.000041 0.000034 0.000096 0.000198 0.000107 0.000055 
3196032 bfs 1 403 36 0.842000 0.386000  0.000043 0.000034 0.000095 0.000213 0.000102 0.000054 
3196160 bfs 1 403 36 0.842000 0.616000  0.000046 0.000036 0.000098 0.000202 0.000107 0.000055 
3196160 bfs 1 403 36 0.842000 0.463000  0.000046 0.000034 0.000097 0.000193 0.000097 0.000052 
3196160 bfs 1 403 36 0.842000 0.616000  0.000037 0.000034 0.000120 0.000230 0.000138 0.000068 
3196160 bfs 1 403 36 0.842000 0.617000  0.000036 0.000033 0.000092 0.000177 0.000098 0.000051 
3196160 bfs 1 403 36 0.842000 0.693000  0.000043 0.000036 0.000116 0.000261 0.000116 0.000057 
3196288 bfs 1 403 36 0.842000 0.540000  0.000037 0.000033 0.000092 0.000178 0.000097 0.000051 
3196288 bfs 1 403 36 0.842000 0.616000  0.000039 0.000034 0.000093 0.000178 0.000098 0.000052 
3196288 bfs 1 403 36 0.842000 0.694000  0.000035 0.000031 0.000088 0.000167 0.000090 0.000048 
3196288 bfs 1 403 36 0.842000 0.617000  0.000206 0.000056 0.000204 0.000366 0.000168 0.000081 
3196288 bfs 1 403 36 0.842000 0.694000  0.000061 0.000037 0.000096 0.000195 0.000102 0.000052 
3196416 bfs 1 403 36 0.842000 0.617000  0.000036 0.000033 0.000091 0.000173 0.000096 0.000052 
3196416 bfs 1 403 36 0.842000 0.693000  0.000034 0.000031 0.000089 0.000177 0.000094 0.000050 
3196416 bfs 1 403 36 0.842000 0.770000  0.000044 0.000037 0.000098 0.000205 0.000108 0.000055 
3196416 bfs 1 403 36 0.842000 0.694000  0.000035 0.000033 0.000090 0.000177 0.000096 0.000051 
3196416 bfs 1 403 36 0.842000 0.693000  0.000045 0.000035 0.000096 0.000203 0.000106 0.000054 
3196544 bfs 1 403 36 0.842000 0.617000  0.000039 0.000034 0.000097 0.000192 0.000099 0.000051 
3196544 bfs 1 403 36 0.842000 0.462000  0.000034 0.192857 0.061366 0.192886 0.000023 0.003735 
3196544 bfs 1 403 37 0.842000 0.617000  0.000036 0.000048 0.000116 0.000237 0.000136 0.000066 
3196544 bfs 1 403 36 0.842000 0.463000  0.000034 0.000031 0.000087 0.000161 0.000089 0.000048 
3196544 bfs 1 403 36 0.842000 0.617000  0.072523 0.269872 0.085672 0.270012 0.000033 0.005218 
3196672 bfs 1 403 36 0.842000 0.462000  0.000034 0.000031 0.000086 0.000163 0.000088 0.000048 
3196672 bfs 1 403 36 0.842000 0.770000  0.000036 0.000033 0.000090 0.000169 0.000095 0.000050 
3196672 bfs 1 403 36 0.842000 0.463000  0.000040 0.000033 0.000089 0.000185 0.000093 0.000051 
3196672 bfs 1 403 36 0.842000 0.694000  0.000036 0.000047 0.000115 0.000228 0.000135 0.000065 
3196672 bfs 1 403 36 0.842000 0.617000  0.000034 0.000031 0.000087 0.000174 0.000092 0.000049 
3196800 bfs 1 403 36 0.842000 0.617000  0.000041 0.000033 0.000094 0.000194 0.000104 0.000053 
3196800 bfs 1 403 36 0.842000 0.694000  0.000033 0.000031 0.000089 0.000177 0.000092 0.000049 
3196800 bfs 1 403 36 0.842000 0.617000  0.000040 0.000034 0.000106 0.000251 0.000112 0.000055 
3196800 bfs 1 403 36 0.842000 0.694000  0.000038 0.000032 0.000090 0.000177 0.000091 0.000048 
3196800 bfs 1 403 36 0.842000 0.694000  0.000042 0.000035 0.000095 0.000198 0.000105 0.000053 
3196928 bfs 1 403 36 0.842000 0.694000  0.000039 0.000033 0.000094 0.000201 0.000110 0.000055 
3196928 bfs 1 403 36 0.842000 0.693000  0.000040 0.000032 0.000091 0.000192 0.000100 0.000052 
3196928 bfs 1 403 36 0.842000 0.617000  0.000045 0.000034 0.000094 0.000231 0.000109 0.000054 
3196928 bfs 1 403 36 0.842000 0.617000  0.000033 0.000030 0.000085 0.000159 0.000086 0.000047 
3197056 bfs 1 403 36 0.842000 0.694000  0.000041 0.000033 0.000088 0.000172 0.000092 0.000048 
3197056 bfs 1 403 36 0.842000 0.463000  0.000032 0.000030 0.000084 0.000159 0.000086 0.000047 
3197056 bfs 1 403 36 0.842000 0.617000  0.000034 0.000032 0.000088 0.000166 0.000092 0.000049 
3197056 bfs 1 403 36 0.842000 0.540000  0.000032 0.000030 0.000084 0.000159 0.000086 0.000046 
3197056 bfs 1 403 36 0.842000 0.693000  0.000033 0.000031 0.000087 0.000183 0.000098 0.000050 
3197184 bfs 1 403 36 0.842000 0.694000  0.000034 0.000033 0.000092 0.000188 0.000099 0.000051 
3197184 bfs 1 403 36 0.842000 0.540000  0.000035 0.000030 0.000085 0.000162 0.000087 0.000048 
3197184 bfs 1 403 36 0.842000 0.695000  0.000039 0.000033 0.000091 0.000185 0.000098 0.000051 
3197184 bfs 1 403 36 0.842000 0.616000  0.000035 0.000032 0.000087 0.000167 0.000091 0.000049 
3197184 bfs 1 403 36 0.842000 0.463000  0.000037 0.000032 0.001454 0.001032 0.000613 0.000347 
3197312 bfs 1 403 36 0.842000 0.617000  0.000037 0.000033 0.000090 0.000183 0.000098 0.000051 
3197312 bfs 1 403 37 0.842000 0.462000  0.000032 0.000030 0.000083 0.000157 0.000085 0.000046 
3197312 bfs 1 403 36 0.842000 0.694000  0.000023 0.000134 0.000077 0.000329 0.000000 0.000017 
3197312 bfs 1 403 36 0.842000 0.462000  0.000032 0.000030 0.000083 0.000156 0.000085 0.000046 
3197312 bfs 1 403 36 0.842000 0.615000  0.000148 0.000053 0.000125 0.000307 0.000131 0.000060 
3197440 bfs 1 403 36 0.842000 0.463000  0.000037 0.000031 0.000088 0.000181 0.000090 0.000048 
3197440 bfs 1 403 36 0.842000 0.616000  0.000036 0.000031 0.000088 0.000182 0.000096 0.000049 
3197440 bfs 1 403 36 0.842000 0.617000  0.000037 0.000032 0.000091 0.000197 0.000095 0.000052 
3197440 bfs 1 403 36 0.842000 0.616000  0.000041 0.000034 0.000092 0.000192 0.000102 0.000052 
3197440 bfs 1 403 36 0.842000 0.540000  0.000033 0.000029 0.000082 0.000161 0.000086 0.000046 
3197568 bfs 1 403 37 0.842000 0.617000  0.000248 0.000186 0.000508 0.001189 0.000583 0.000639 
3197568 bfs 1 403 36 0.842000 0.617000  0.000036 0.000031 0.000087 0.000241 0.000124 0.000059 
3197568 bfs 1 403 36 0.842000 0.463000  0.000031 0.000029 0.000081 0.000154 0.000084 0.000045 
3197568 bfs 1 403 36 0.842000 0.616000  0.000041 0.000033 0.000090 0.000188 0.000100 0.000051 
3197568 bfs 1 403 36 0.842000 0.540000  0.000032 0.000029 0.000081 0.000153 0.000083 0.000045 
3197696 bfs 1 403 36 0.842000 0.616000  0.000033 0.000030 0.000084 0.000163 0.000089 0.000047 
3197696 bfs 1 403 36 0.842000 0.463000  0.000032 0.000029 0.000081 0.000155 0.000083 0.000045 
3197696 bfs 1 403 36 0.842000 0.539000  0.000041 0.000033 0.000089 0.000185 0.000100 0.000051 
3197696 bfs 1 403 36 0.842000 0.462000  0.000032 0.000030 0.000084 0.000168 0.000088 0.000046 
3197824 bfs 1 403 36 0.842000 0.694000  0.000064 0.000037 0.000102 0.000368 0.000160 0.000074 
3197824 bfs 1 403 36 0.842000 0.462000  0.000036 0.000030 0.000082 0.000163 0.000092 0.000048 
3197824 bfs 1 403 36 0.842000 0.616000  0.000042 0.000033 0.000087 0.000173 0.000091 0.000047 
3197824 bfs 1 403 36 0.842000 0.463000  0.000035 0.000030 0.000087 0.000174 0.000087 0.000046 
3197824 bfs 1 403 36 0.842000 0.617000  0.000076 0.000081 0.000298 0.000558 0.000221 0.000102 
3197952 bfs 1 403 36 0.842000 0.694000  0.008478 0.002717 0.005663 0.008611 0.003157 0.001411 
3197952 bfs 1 403 36 0.842000 0.462000  0.000031 0.000028 0.000080 0.000152 0.000082 0.000044 
3197952 bfs 1 403 36 0.842000 0.847000  0.000041 0.000046 0.000123 0.000297 0.000122 0.000059 
3197952 bfs 1 403 36 0.842000 0.462000  0.000030 0.000028 0.000080 0.000149 0.000081 0.000044 
3197952 bfs 1 403 36 0.842000 0.617000  0.000033 0.000030 0.000083 0.000215 0.000108 0.000054 
3198080 bfs 1 403 36 0.842000 0.462000  0.000015 0.000090 0.000066 0.000244 0.000000 0.000014 
3198080 bfs 1 403 36 0.842000 0.540000  0.018258 0.006640 0.014078 0.018396 0.007296 0.003349 
3198080 bfs 1 403 36 0.842000 0.694000  0.000031 0.000029 0.000084 0.000165 0.000085 0.000045 
3198080 bfs 1 403 36 0.842000 0.617000  0.000032 0.000030 0.000082 0.000156 0.000086 0.000046 
3198080 bfs 1 403 36 0.842000 0.694000  0.000035 0.000030 0.000084 0.000165 0.000088 0.000046 
3198208 bfs 1 403 36 0.842000 0.617000  0.000040 0.000032 0.000089 0.000180 0.000097 0.000049 
3198208 bfs 1 403 36 0.842000 0.695000  0.000082 0.000038 0.000149 0.000392 0.000140 0.000065 
3198208 bfs 1 403 36 0.842000 0.616000  0.000038 0.000033 0.000088 0.000183 0.000097 0.000050 
3198208 bfs 1 403 36 0.842000 0.694000  0.000032 0.000029 0.000081 0.000155 0.000085 0.000045 
3198208 bfs 1 403 36 0.842000 0.694000  0.000036 0.000376 0.000833 0.000643 0.000371 0.000205 
3198336 bfs 1 403 36 0.842000 0.694000  0.000034 0.000031 0.000086 0.000166 0.000092 0.000048 
3198336 bfs 1 403 36 0.842000 0.540000  0.000031 0.000028 0.000078 0.000146 0.000080 0.000045 
3198336 bfs 1 403 36 0.842000 0.617000  0.000037 0.000030 0.000085 0.000182 0.000093 0.000047 
3198336 bfs 1 403 37 0.842000 0.462000  0.449329 0.250844 -0.411886 0.449388 0.263838 0.147892 
3198464 bfs 1 403 36 0.842000 0.617000  0.000039 0.000032 0.000088 0.000182 0.000097 0.000049 
3198464 bfs 1 403 36 0.842000 0.463000  0.000030 0.000027 0.000077 0.000144 0.000078 0.000043 
3198464 bfs 1 403 36 0.842000 0.617000  0.000038 0.000031 0.000086 0.000179 0.000095 0.000049 
3198464 bfs 1 403 36 0.842000 0.694000  0.000029 0.000027 0.000079 0.000154 0.000082 0.000044 
3198464 bfs 1 403 36 0.842000 0.616000  0.000039 0.000032 0.000088 0.000190 0.000111 0.000053 
3198592 bfs 1 403 36 0.842000 0.694000  0.000038 0.000029 0.000083 0.000163 0.000085 0.000044 
3198592 bfs 1 403 36 0.842000 0.617000  0.000035 0.000029 0.000083 0.000166 0.000089 0.000046 
3198592 bfs 1 403 36 0.842000 0.772000  0.000013 0.000008 0.000022 0.000046 0.000027 0.000014 
3198592 bfs 1 403 36 0.842000 0.616000  0.000008 0.000007 0.000021 0.000041 0.000027 0.000013 
3198592 bfs 1 403 36 0.842000 0.616000  0.000030 0.000028 0.000079 0.000160 0.000081 0.000044 
3198720 bfs 1 403 36 0.842000 0.616000  0.000037 0.000033 0.000095 0.000217 0.000102 0.000052 
3198720 bfs 1 403 36 0.842000 0.616000  0.000036 0.000029 0.000081 0.000166 0.000085 0.000045 
3198720 bfs 1 403 36 0.842000 0.770000  0.000037 0.000030 0.000114 0.000278 0.000118 0.000056 
3198720 bfs 1 403 36 0.842000 0.693000  0.000044 0.000029 0.000079 0.000174 0.000081 0.000043 
3198720 bfs 1 403 37 0.842000 0.694000  0.000032 0.000029 0.000079 0.000152 0.000083 0.000044 
3198848 bfs 1 403 37 0.842000 0.616000  0.000031 0.000028 0.000078 0.000148 0.000082 0.000044 
3198848 bfs 1 403 36 0.842000 0.617000  0.000072 0.000060 0.000152 0.000374 0.000141 0.000062 
3198848 bfs 1 403 36 0.842000 0.462000  0.000031 0.000028 0.000078 0.000152 0.000082 0.000043 
3198848 bfs 1 403 36 0.842000 0.462000  0.000035 0.000029 0.000083 0.000171 0.000091 0.000046 
3198848 bfs 1 403 36 0.842000 0.539000  0.458933 0.252300 -0.392297 0.458991 0.265644 0.148204 
3198976 bfs 1 403 36 0.842000 0.616000  0.000031 0.000028 0.000078 0.000148 0.000083 0.000043 
3198976 bfs 1 403 36 0.842000 0.462000  0.000029 0.000027 0.000075 0.000142 0.000077 0.000041 
3198976 bfs 1 403 36 0.842000 0.616000  0.000034 0.000029 0.000081 0.000166 0.000089 0.000046 
3198976 bfs 1 403 36 0.842000 0.462000  0.000028 0.000026 0.000074 0.000142 0.000092 0.000047 
3198976 bfs 1 403 37 0.842000 0.693000  0.000030 0.000028 0.000077 0.000147 0.000082 0.000043 
3199104 bfs 1 403 36 0.842000 0.462000  0.000029 0.000026 0.000074 0.000140 0.000076 0.000041 
3199104 bfs 1 403 36 0.842000 0.616000  0.000031 0.000028 0.000099 0.000208 0.000099 0.000056 
3199104 bfs 1 403 37 0.842000 0.462000  0.000029 0.000027 0.000077 0.000155 0.000081 0.000043 
3199104 bfs 1 403 37 0.842000 0.617000  0.025943 0.098396 0.030486 0.098500 0.000020 0.001950 
3199104 bfs 1 403 37 0.842000 0.694000  0.000021 0.000196 0.000093 0.000352 0.000000 0.000015 
3199232 bfs 1 403 36 0.842000 0.617000  0.000030 0.000137 0.000096 0.000283 0.000000 0.000014 
3199232 bfs 1 403 36 0.842000 0.849000  0.000037 0.000030 0.000080 0.000162 0.000087 0.000044 
3199232 bfs 1 403 36 0.842000 0.540000  0.000036 0.000030 0.000083 0.000172 0.000092 0.000047 
3199232 bfs 1 403 36 0.842000 0.694000  0.000031 0.000029 0.000078 0.000157 0.000083 0.000043 
3199360 bfs 1 403 36 0.842000 0.694000  0.000035 0.000031 0.000081 0.000158 0.000084 0.000043 
3199360 bfs 1 403 36 0.842000 0.694000  0.000037 0.000030 0.000085 0.000188 0.000091 0.000045 
3199360 bfs 1 403 36 0.842000 0.693000  0.000028 0.000026 0.000073 0.000139 0.000077 0.000041 
3199360 bfs 1 403 37 0.842000 0.693000  0.000050 0.000033 0.000087 0.000188 0.000092 0.000047 
3199360 bfs 1 403 37 0.842000 0.616000  0.000034 0.000028 0.000083 0.000190 0.000091 0.000046 
3199488 bfs 1 403 36 0.842000 0.694000  0.000033 0.000027 0.000074 0.000147 0.000078 0.000042 
3199488 bfs 1 403 36 0.842000 0.617000  0.000034 0.000028 0.000079 0.000164 0.000086 0.000045 
3199488 bfs 1 403 36 0.842000 0.539000  0.000033 0.000027 0.000076 0.000152 0.000079 0.000042 
3199488 bfs 1 403 36 0.842000 0.693000  0.000034 0.000029 0.000083 0.000171 0.000090 0.000046 
3199488 bfs 1 403 36 0.842000 0.462000  0.000033 0.000027 0.000077 0.000156 0.000080 0.000042 
3199616 bfs 1 403 36 0.842000 0.616000  0.000014 0.000136 0.000075 0.000271 0.000000 0.000013 
3199616 bfs 1 403 36 0.842000 0.616000  0.000028 0.000027 0.000074 0.000142 0.000075 0.000040 
3199616 bfs 1 403 36 0.842000 0.617000  0.000036 0.000030 0.000082 0.000169 0.000089 0.000045 
3199616 bfs 1 403 36 0.842000 0.693000  0.000033 0.000027 0.000077 0.000158 0.000079 0.000041 
3199616 bfs 1 403 36 0.842000 0.617000  0.000016 0.000014 0.000039 0.000084 0.000045 0.000023 
3199744 bfs 1 403 36 0.842000 0.694000  0.000028 0.000048 0.000113 0.000260 0.000111 0.000053 
3199744 bfs 1 403 36 0.842000 0.616000  0.000626 0.000178 0.000340 0.000684 0.000257 0.000104 
3199744 bfs 1 403 36 0.842000 0.616000  0.000034 0.000040 0.000097 0.000232 0.000119 0.000057 
3199744 bfs 1 403 36 0.842000 0.540000  0.000037 0.000030 0.000095 0.000217 0.000094 0.000046 
3199744 bfs 1 403 36 0.842000 0.771000  0.000031 0.000027 0.000077 0.000160 0.000084 0.000044 
3199872 bfs 1 403 36 0.842000 0.462000  0.000033 0.000029 0.000078 0.000155 0.000080 0.000042 
3199872 bfs 1 403 36 0.842000 0.617000  0.000031 0.000027 0.000075 0.000144 0.000079 0.000042 
3199872 bfs 1 403 36 0.842000 0.617000  0.000028 0.000027 0.000074 0.000139 0.000078 0.000041 
3199872 bfs 1 403 36 0.842000 0.616000  0.000029 0.000027 0.000074 0.000142 0.000079 0.000041 
3199872 bfs 1 403 36 0.842000 0.617000  0.000044 0.000031 0.000087 0.000197 0.000093 0.000046 
3200000 bfs 1 403 36 0.842000 0.694000  0.000030 0.000027 0.000074 0.000147 0.000079 0.000041 
3200000 bfs 1 403 36 0.842000 0.617000  0.000033 0.000028 0.000079 0.000152 0.000080 0.000042 
3200000 bfs 1 403 36 0.842000 0.616000  0.000029 0.000027 0.000074 0.000141 0.000078 0.000041 
3200000 bfs 1 403 36 0.842000 0.540000  0.000028 0.000025 0.000072 0.000137 0.000073 0.000039 
3200000 bfs 1 403 36 0.842000 0.616000  0.000086 0.000034 0.000088 0.000230 0.000092 0.000045 
3200128 bfs 1 403 36 0.842000 0.463000  0.000027 0.000025 0.000071 0.000134 0.000072 0.000039 
3200128 bfs 1 403 36 0.842000 0.616000  0.000036 0.000029 0.000079 0.000178 0.000087 0.000044 
3200128 bfs 1 403 36 0.842000 0.539000  0.000026 0.000025 0.000070 0.000130 0.000071 0.000039 
3200128 bfs 1 403 36 0.842000 0.616000  0.000033 0.000029 0.000078 0.000166 0.000085 0.000044 
3200128 bfs 1 403 36 0.842000 0.617000  0.000032 0.000027 0.000073 0.000151 0.000076 0.000040 
3200256 bfs 1 403 36 0.842000 0.616000  0.000028 0.000026 0.000073 0.000183 0.000094 0.000053 
3200256 bfs 1 403 36 0.842000 0.463000  0.000032 0.000027 0.000075 0.000157 0.000078 0.000041 
3200256 bfs 1 403 36 0.842000 0.616000  0.000028 0.000026 0.000073 0.000138 0.000077 0.000040 
3200256 bfs 1 403 36 0.842000 0.771000  1.094272 0.378008 0.806417 1.097840 0.419232 0.191619 
3200384 bfs 1 403 36 0.842000 0.616000  0.000028 0.000026 0.000073 0.000138 0.000077 0.000041 
3200384 bfs 1 403 36 0.842000 0.772000  0.000039 0.000027 0.000077 0.000162 0.000080 0.000041 
3200384 bfs 1 403 36 0.842000 0.694000  0.000036 0.000029 0.000079 0.000163 0.000088 0.000044 
3200384 bfs 1 403 36 0.842000 0.694000  0.000029 0.000026 0.000161 0.000296 0.000137 0.000065 
3200384 bfs 1 403 36 0.842000 0.616000  0.000033 0.000028 0.000077 0.000162 0.000085 0.000044 
3200512 bfs 1 403 36 0.842000 0.617000  0.000027 0.000026 0.000072 0.000138 0.000076 0.000040 
3200512 bfs 1 403 36 0.842000 0.617000  0.296742 0.151166 0.391705 0.296829 0.162374 0.084541 
3200512 bfs 1 403 36 0.842000 0.616000  0.000003 0.000020 0.000016 0.000040 0.000000 0.000002 
3200512 bfs 1 403 36 0.842000 0.540000  0.000027 0.000025 0.000069 0.000130 0.000072 0.000038 
3200512 bfs 1 403 36 0.842000 0.693000  0.304644 0.155533 0.403401 0.304758 0.167121 0.087042 
3200640 bfs 1 403 36 0.842000 0.462000  0.000027 0.000025 0.000069 0.000128 0.000071 0.000038 
3200640 bfs 1 403 36 0.842000 0.694000  0.000034 0.000028 0.000075 0.000164 0.000084 0.000043 
3200640 bfs 1 403 36 0.842000 0.463000  0.000027 0.000025 0.000069 0.000132 0.000071 0.000038 
3200640 bfs 1 403 36 0.842000 0.694000  0.000035 0.000028 0.000077 0.000179 0.000123 0.000056 
3200640 bfs 1 403 36 0.842000 0.463000  0.000027 0.000025 0.000069 0.000131 0.000070 0.000038 
3200768 bfs 1 403 36 0.842000 0.617000  1.040078 0.388282 0.900765 1.041969 0.438702 0.205662 
