#Timestamp	Benchmark	Run(#)	CPU Frequency (MHz)	CPU Temperature(C)	CPU Voltage(V)	CPU Power(W)	CPU_CYCLES	L1_DATA_CACHE_ACCESS	INSTRUCTIONS_RETIRED	BUS_CYCLES	L1I_CACHE_ACCESS	PREDICTABLE_BRANCH_SPECULATIVELY_EXECUTED
6072384 SobolQRNG 1 1555 53 1.130000 2.775000  0.000008 0.000006 0.000016 0.000035 0.000021 0.000010 
6072448 SobolQRNG 1 1555 53 1.130000 3.005000  0.000146 0.000116 0.000322 0.000655 0.000328 0.000178 
6072448 SobolQRNG 1 1555 53 1.130000 3.082000  0.000030 0.000022 0.000064 0.000154 0.000072 0.000037 
6072448 SobolQRNG 1 1555 53 1.130000 3.544000  0.000030 0.000022 0.000061 0.000136 0.000066 0.000035 
6072512 SobolQRNG 1 1555 52 1.130000 1.000000  0.078626 0.013275 0.031851 0.079215 0.018536 0.007286 
6072512 SobolQRNG 1 1555 52 1.130000 2.235000  0.000138 0.000111 0.000306 0.000633 0.000325 0.000172 
6072512 SobolQRNG 1 1555 52 1.130000 2.541000  0.000033 0.000022 0.000061 0.000148 0.000065 0.000034 
6072576 SobolQRNG 1 1555 52 1.130000 2.081000  0.000026 0.000022 0.000060 0.000135 0.000061 0.000033 
6072576 SobolQRNG 1 1555 52 1.130000 2.465000  0.000031 0.000022 0.000063 0.000146 0.000067 0.000035 
6072576 SobolQRNG 1 1555 52 1.130000 1.773000  0.000025 0.000021 0.000062 0.000146 0.000069 0.000036 
6072640 SobolQRNG 1 1555 52 1.130000 1.928000  0.000029 0.000022 0.000062 0.000276 0.000095 0.000048 
6072640 SobolQRNG 1 1555 52 1.130000 2.775000  0.000026 0.000022 0.000061 0.000143 0.000067 0.000035 
6072640 SobolQRNG 1 1555 52 1.130000 1.773000  0.000026 0.000021 0.000058 0.000121 0.000059 0.000032 
6072704 SobolQRNG 1 1555 52 1.130000 2.388000  0.000027 0.000021 0.000059 0.000138 0.000066 0.000035 
6072704 SobolQRNG 1 1555 52 1.130000 1.850000  0.000026 0.000021 0.000059 0.000133 0.000060 0.000032 
6072768 SobolQRNG 1 1555 52 1.130000 2.389000  0.000031 0.000022 0.000062 0.000151 0.000069 0.000035 
6072768 SobolQRNG 1 1555 52 1.130000 1.850000  0.000025 0.000022 0.000060 0.000135 0.000063 0.000033 
6072768 SobolQRNG 1 1555 52 1.130000 1.773000  0.000025 0.000022 0.000062 0.000141 0.000068 0.000035 
6072832 SobolQRNG 1 1555 52 1.130000 2.312000  0.000197 0.000131 0.000355 0.000893 0.000401 0.000212 
6072832 SobolQRNG 1 1555 51 1.130000 1.850000  0.000026 0.000021 0.000059 0.000133 0.000061 0.000032 
6072832 SobolQRNG 1 1555 51 1.130000 2.232000  0.000027 0.000022 0.000061 0.000141 0.000064 0.000034 
6072896 SobolQRNG 1 1555 52 1.130000 2.465000  0.000025 0.000022 0.000059 0.000122 0.000063 0.000033 
6072896 SobolQRNG 1 1555 52 1.130000 1.773000  0.000025 0.000021 0.000059 0.000138 0.000066 0.000034 
6072896 SobolQRNG 1 1555 52 1.130000 2.080000  0.000026 0.000021 0.000059 0.000122 0.000076 0.000038 
6072960 SobolQRNG 1 1555 52 1.130000 1.773000  -2.012384 1.251322 2.580967 -2.011792 1.571926 0.647008 
6072960 SobolQRNG 1 1555 52 1.130000 2.312000  0.000028 0.000021 0.000059 0.000127 0.000063 0.000033 
6073024 SobolQRNG 1 1555 52 1.130000 1.773000  0.000026 0.000021 0.000059 0.000124 0.000063 0.000033 
6073024 SobolQRNG 1 1555 52 1.130000 2.236000  0.000007 0.000005 0.000015 0.000032 0.000019 0.000010 
6073024 SobolQRNG 1 1555 51 1.130000 2.928000  0.000026 0.000022 0.000059 0.000120 0.000063 0.000033 
6073088 SobolQRNG 1 1555 51 1.130000 2.158000  0.000032 0.000024 0.000065 0.000142 0.000067 0.000034 
6073088 SobolQRNG 1 1555 52 1.130000 2.158000  0.000032 0.000022 0.000062 0.000145 0.000069 0.000035 
6073088 SobolQRNG 1 1555 52 1.130000 2.081000  0.000023 0.000021 0.000057 0.000130 0.000059 0.000032 
6073152 SobolQRNG 1 1555 51 1.130000 2.005000  0.000024 0.000021 0.000058 0.000123 0.000063 0.000033 
6073152 SobolQRNG 1 1555 51 1.130000 2.853000  0.000025 0.000021 0.000059 0.000119 0.000062 0.000033 
6073152 SobolQRNG 1 1555 51 1.130000 2.005000  0.000030 0.000022 0.000061 0.000137 0.000066 0.000034 
6073216 SobolQRNG 1 1555 51 1.130000 2.542000  0.000024 0.000021 0.000058 0.000114 0.000062 0.000033 
6073216 SobolQRNG 1 1555 51 1.130000 2.005000  0.000044 0.000022 0.000059 0.000149 0.000062 0.000033 
6073216 SobolQRNG 1 1555 51 1.130000 2.158000  0.000025 0.000021 0.000058 0.000117 0.000061 0.000032 
6073280 SobolQRNG 1 1555 51 1.130000 2.004000  0.000025 0.000021 0.000058 0.000116 0.000062 0.000032 
6073280 SobolQRNG 1 1555 51 1.130000 2.004000  0.000025 0.000021 0.000058 0.000117 0.000062 0.000032 
6073280 SobolQRNG 1 1555 51 1.130000 2.929000  0.000030 0.000022 0.000062 0.000138 0.000068 0.000034 
6073344 SobolQRNG 1 1555 51 1.130000 2.004000  0.000023 0.000020 0.000055 0.000115 0.000057 0.000031 
6073344 SobolQRNG 1 1555 51 1.130000 2.312000  0.000026 0.000021 0.000059 0.000129 0.000064 0.000033 
6073344 SobolQRNG 1 1555 51 1.130000 2.005000  0.000025 0.000021 0.000057 0.000162 0.000064 0.000033 
6073408 SobolQRNG 1 1555 51 1.130000 2.005000  0.000025 0.000021 0.000057 0.000115 0.000061 0.000032 
6073408 SobolQRNG 1 1555 51 1.130000 3.006000  0.000024 0.000021 0.000057 0.000113 0.000060 0.000032 
6073408 SobolQRNG 1 1555 51 1.130000 2.004000  0.000024 0.000021 0.000057 0.000113 0.000060 0.000032 
6073472 SobolQRNG 1 1555 51 1.130000 2.235000  0.000024 0.000021 0.000057 0.000114 0.000060 0.000032 
6073472 SobolQRNG 1 1555 51 1.130000 2.004000  0.000035 0.000020 0.000057 0.000130 0.000058 0.000032 
6073536 SobolQRNG 1 1555 52 1.130000 2.005000  0.000024 0.000021 0.000057 0.000113 0.000060 0.000032 
6073536 SobolQRNG 1 1555 52 1.130000 2.082000  0.000025 0.000021 0.000057 0.000126 0.000061 0.000032 
6073536 SobolQRNG 1 1555 52 1.130000 2.005000  0.000026 0.000020 0.000058 0.000129 0.000062 0.000033 
6073600 SobolQRNG 1 1555 51 1.130000 3.006000  0.000024 0.000021 0.000057 0.000112 0.000060 0.000032 
6073600 SobolQRNG 1 1555 51 1.130000 2.466000  0.000023 0.000019 0.000054 0.000106 0.000056 0.000030 
6073600 SobolQRNG 1 1555 52 1.130000 2.699000  0.000026 0.000021 0.000058 0.000131 0.000065 0.000033 
6073664 SobolQRNG 1 1555 52 1.130000 2.004000  0.000025 0.000020 0.000056 0.000117 0.000060 0.000031 
6073664 SobolQRNG 1 1555 51 1.130000 2.005000  0.000031 0.000022 0.000060 0.000136 0.000064 0.000033 
6073664 SobolQRNG 1 1555 51 1.130000 2.774000  0.000023 0.000020 0.000057 0.000123 0.000062 0.000032 
6073728 SobolQRNG 1 1555 52 1.130000 2.082000  0.000032 0.000021 0.000057 0.000121 0.000058 0.000031 
6073728 SobolQRNG 1 1555 52 1.130000 2.775000  0.000035 0.000021 0.000058 0.000134 0.000063 0.000032 
6073728 SobolQRNG 1 1555 51 1.130000 2.004000  0.000023 0.000019 0.000054 0.000107 0.000056 0.000031 
6073792 SobolQRNG 1 1555 51 1.130000 2.313000  0.000025 0.000020 0.000058 0.000133 0.000065 0.000033 
6073792 SobolQRNG 1 1555 51 1.130000 2.928000  0.000024 0.000020 0.000057 0.000135 0.000061 0.000032 
6073792 SobolQRNG 1 1555 51 1.130000 2.004000  0.000026 0.000020 0.000057 0.000128 0.000062 0.000032 
6073856 SobolQRNG 1 1555 51 1.130000 2.541000  0.000024 0.000020 0.000056 0.000112 0.000074 0.000036 
6073856 SobolQRNG 1 1555 51 1.130000 2.004000  -0.610615 0.759695 1.569832 -0.610059 0.944599 0.389871 
6073856 SobolQRNG 1 1555 51 1.130000 2.540000  0.000025 0.000020 0.000057 0.000129 0.000063 0.000032 
6073920 SobolQRNG 1 1555 51 1.130000 2.005000  0.000024 0.000020 0.000055 0.000114 0.000058 0.000031 
6073920 SobolQRNG 1 1555 51 1.130000 2.005000  0.000026 0.000020 0.000057 0.000129 0.000062 0.000032 
6073984 SobolQRNG 1 1555 51 1.130000 2.851000  0.000027 0.000020 0.000056 0.000124 0.000061 0.000032 
6073984 SobolQRNG 1 1555 52 1.130000 2.466000  0.000022 0.000019 0.000053 0.000103 0.000054 0.000029 
6073984 SobolQRNG 1 1555 52 1.130000 2.540000  0.000025 0.000020 0.000056 0.000123 0.000061 0.000032 
6074048 SobolQRNG 1 1555 52 1.130000 2.081000  0.000025 0.000020 0.000055 0.000115 0.000058 0.000031 
6074048 SobolQRNG 1 1555 52 1.130000 2.081000  0.000025 0.000020 0.000057 0.000130 0.000062 0.000032 
6074048 SobolQRNG 1 1555 52 1.130000 2.004000  0.000083 0.000039 0.000103 0.000203 0.000104 0.000050 
6074112 SobolQRNG 1 1555 52 1.130000 2.005000  0.000026 0.000020 0.000057 0.000143 0.000059 0.000031 
6074112 SobolQRNG 1 1555 51 1.130000 2.776000  0.000025 0.000020 0.000058 0.000138 0.000064 0.000033 
6074112 SobolQRNG 1 1555 51 1.130000 2.005000  0.000023 0.000020 0.000055 0.000110 0.000057 0.000031 
6074176 SobolQRNG 1 1555 51 1.130000 2.005000  0.000171 0.000119 0.000262 0.000496 0.000211 0.000097 
6074176 SobolQRNG 1 1555 51 1.130000 2.851000  0.000024 0.000020 0.000054 0.000111 0.000059 0.000030 
6074176 SobolQRNG 1 1555 51 1.130000 2.543000  0.000024 0.000019 0.000058 0.000182 0.000060 0.000031 
6074240 SobolQRNG 1 1555 51 1.130000 2.700000  0.000023 0.000020 0.000054 0.000108 0.000058 0.000030 
6074240 SobolQRNG 1 1555 51 1.130000 2.005000  0.000023 0.000021 0.000060 0.000146 0.000062 0.000032 
6074240 SobolQRNG 1 1555 51 1.130000 2.005000  0.000022 0.000020 0.000054 0.000107 0.000057 0.000030 
6074304 SobolQRNG 1 1555 51 1.130000 2.543000  0.000022 0.000020 0.000055 0.000140 0.000064 0.000032 
6074304 SobolQRNG 1 1555 50 1.130000 2.005000  0.000021 0.000018 0.000052 0.000102 0.000053 0.000029 
6074368 SobolQRNG 1 1555 50 1.130000 2.390000  0.000025 0.000020 0.000055 0.000123 0.000060 0.000031 
6074368 SobolQRNG 1 1555 50 1.130000 2.005000  0.000023 0.000020 0.000054 0.000117 0.000058 0.000030 
6074368 SobolQRNG 1 1555 51 1.130000 2.005000  0.000025 0.000020 0.000057 0.000128 0.000061 0.000032 
6074432 SobolQRNG 1 1555 51 1.130000 2.929000  0.000024 0.000019 0.000054 0.000118 0.000057 0.000030 
6074432 SobolQRNG 1 1555 51 1.130000 2.006000  0.000021 0.000018 0.000051 0.000107 0.000053 0.000028 
6074432 SobolQRNG 1 1555 51 1.130000 2.314000  0.000025 0.000020 0.000056 0.000125 0.000060 0.000032 
6074496 SobolQRNG 1 1555 51 1.130000 2.005000  0.000022 0.000019 0.000053 0.000108 0.000056 0.000030 
6074496 SobolQRNG 1 1555 51 1.130000 2.853000  0.000025 0.000019 0.000055 0.000125 0.000060 0.000031 
6074496 SobolQRNG 1 1555 51 1.130000 3.006000  0.000026 0.000020 0.000055 0.000128 0.000063 0.000032 
6074560 SobolQRNG 1 1555 51 1.130000 2.005000  0.000029 0.000021 0.000057 0.000121 0.000058 0.000030 
6074560 SobolQRNG 1 1555 51 1.130000 2.390000  0.000033 0.000021 0.000058 0.000158 0.000068 0.000033 
6074560 SobolQRNG 1 1555 51 1.130000 2.005000  0.000023 0.000019 0.000053 0.000107 0.000057 0.000030 
6074624 SobolQRNG 1 1555 50 1.130000 2.005000  0.000022 0.000019 0.000069 0.000155 0.000068 0.000039 
6074624 SobolQRNG 1 1555 50 1.130000 2.930000  0.000023 0.000019 0.000053 0.000105 0.000056 0.000030 
6074624 SobolQRNG 1 1555 50 1.130000 2.005000  0.000022 0.000018 0.000051 0.000100 0.000052 0.000028 
6074688 SobolQRNG 1 1555 50 1.130000 2.390000  0.000027 0.000020 0.000054 0.000121 0.000061 0.000031 
6074688 SobolQRNG 1 1555 50 1.130000 2.082000  0.000021 0.000018 0.000051 0.000100 0.000052 0.000028 
6074688 SobolQRNG 1 1555 51 1.130000 2.005000  0.000024 0.000020 0.000054 0.000120 0.000059 0.000031 
6074752 SobolQRNG 1 1555 51 1.130000 2.930000  0.000024 0.000019 0.000054 0.000118 0.000059 0.000031 
6074752 SobolQRNG 1 1555 51 1.130000 2.005000  0.000026 0.000020 0.000056 0.000124 0.000060 0.000031 
6074816 SobolQRNG 1 1555 51 1.130000 2.699000  0.000025 0.000019 0.000053 0.000117 0.000058 0.000030 
6074816 SobolQRNG 1 1555 50 1.130000 2.005000  0.000039 0.000021 0.000056 0.000126 0.000060 0.000031 
6074816 SobolQRNG 1 1555 51 1.130000 2.003000  0.000025 0.000019 0.000053 0.000118 0.000058 0.000030 
6074880 SobolQRNG 1 1555 51 1.130000 3.082000  0.000024 0.000019 0.000053 0.000122 0.000061 0.000031 
6074880 SobolQRNG 1 1555 50 1.130000 2.005000  0.000026 0.000019 0.000051 0.000106 0.000052 0.000028 
6074880 SobolQRNG 1 1555 50 1.130000 2.619000  0.000022 0.000019 0.000052 0.000103 0.000055 0.000029 
6074944 SobolQRNG 1 1555 51 1.130000 3.006000  -0.019982 0.558307 1.157349 -0.019792 0.686749 0.285385 
6074944 SobolQRNG 1 1555 51 1.130000 3.084000  0.000027 0.000020 0.000054 0.000122 0.000060 0.000031 
6075008 SobolQRNG 1 1555 51 1.130000 3.159000  0.000023 0.000019 0.000052 0.000103 0.000055 0.000029 
6075008 SobolQRNG 1 1555 51 1.130000 2.005000  0.000021 0.000019 0.000052 0.000101 0.000056 0.000029 
6075008 SobolQRNG 1 1555 51 1.130000 2.236000  0.000021 0.000019 0.000052 0.000102 0.000055 0.000029 
6075072 SobolQRNG 1 1555 51 1.130000 3.084000  0.000023 0.000018 0.000050 0.000114 0.000053 0.000028 
6075072 SobolQRNG 1 1555 51 1.130000 2.005000  0.000022 0.000019 0.000051 0.000103 0.000055 0.000029 
6075072 SobolQRNG 1 1555 51 1.130000 2.005000  0.000023 0.000019 0.000051 0.000106 0.000055 0.000029 
6075136 SobolQRNG 1 1555 51 1.130000 3.007000  0.000022 0.000019 0.000051 0.000101 0.000054 0.000029 
6075136 SobolQRNG 1 1555 51 1.130000 3.006000  0.000022 0.000019 0.000051 0.000102 0.000055 0.000029 
6075136 SobolQRNG 1 1555 51 1.130000 2.082000  0.000021 0.000017 0.000049 0.000097 0.000050 0.000027 
6075200 SobolQRNG 1 1555 50 1.130000 2.849000  0.000024 0.000019 0.000052 0.000119 0.000059 0.000030 
6075200 SobolQRNG 1 1555 51 1.130000 2.082000  0.000026 0.000019 0.000053 0.000114 0.000056 0.000029 
6075200 SobolQRNG 1 1555 51 1.130000 2.081000  0.000024 0.000019 0.000052 0.000118 0.000058 0.000029 
6075264 SobolQRNG 1 1555 51 1.130000 2.082000  0.000022 0.000018 0.000051 0.000101 0.000054 0.000029 
6075264 SobolQRNG 1 1555 51 1.130000 2.082000  0.000023 0.000019 0.000054 0.000120 0.000058 0.000030 
6075264 SobolQRNG 1 1555 51 1.130000 2.851000  0.000022 0.000027 0.000065 0.000151 0.000075 0.000037 
6075328 SobolQRNG 1 1555 51 1.130000 2.082000  0.000029 0.000020 0.000054 0.000124 0.000061 0.000031 
6075328 SobolQRNG 1 1555 51 1.130000 2.620000  0.000024 0.000019 0.000053 0.000123 0.000058 0.000032 
6075328 SobolQRNG 1 1555 51 1.130000 2.081000  0.000021 0.000018 0.000052 0.000120 0.000058 0.000030 
6075392 SobolQRNG 1 1555 51 1.130000 2.082000  0.150851 0.507181 1.056189 0.151027 0.621075 0.260068 
6075392 SobolQRNG 1 1555 50 1.130000 2.928000  0.000025 0.000019 0.000055 0.000132 0.000060 0.000030 
6075456 SobolQRNG 1 1555 50 1.130000 2.159000  0.000031 0.000018 0.000050 0.000115 0.000052 0.000028 
6075456 SobolQRNG 1 1555 50 1.130000 2.542000  0.000021 0.000018 0.000050 0.000100 0.000053 0.000028 
6075456 SobolQRNG 1 1555 50 1.130000 2.081000  0.000022 0.000018 0.000050 0.000100 0.000053 0.000028 
6075520 SobolQRNG 1 1555 50 1.130000 2.005000  0.000020 0.000017 0.000048 0.000094 0.000049 0.000026 
6075520 SobolQRNG 1 1555 50 1.130000 2.618000  0.000021 0.000018 0.000050 0.000106 0.000054 0.000028 
6075520 SobolQRNG 1 1555 50 1.130000 2.082000  0.000022 0.000018 0.000050 0.000104 0.000053 0.000028 
6075584 SobolQRNG 1 1555 50 1.130000 2.082000  0.000025 0.000019 0.000053 0.000118 0.000056 0.000029 
6075584 SobolQRNG 1 1555 50 1.130000 2.235000  0.000024 0.000018 0.000051 0.000118 0.000057 0.000029 
6075584 SobolQRNG 1 1555 50 1.130000 2.159000  0.000025 0.000019 0.000050 0.000105 0.000051 0.000027 
6075648 SobolQRNG 1 1555 50 1.130000 2.849000  0.000021 0.000018 0.000049 0.000098 0.000053 0.000028 
6075648 SobolQRNG 1 1555 50 1.130000 2.082000  0.000021 0.000017 0.000047 0.000101 0.000054 0.000028 
6075648 SobolQRNG 1 1555 50 1.130000 2.699000  0.000025 0.000018 0.000051 0.000114 0.000057 0.000029 
6075712 SobolQRNG 1 1555 50 1.130000 2.081000  0.000030 0.000018 0.000050 0.000122 0.000056 0.000029 
6075712 SobolQRNG 1 1555 50 1.130000 2.082000  0.000020 0.000018 0.000050 0.000111 0.000054 0.000029 
6075712 SobolQRNG 1 1555 51 1.130000 2.851000  0.000021 0.000018 0.000049 0.000099 0.000052 0.000027 
6075776 SobolQRNG 1 1555 51 1.130000 2.159000  0.000023 0.000017 0.000047 0.000120 0.000051 0.000027 
6075776 SobolQRNG 1 1555 51 1.130000 2.617000  0.000023 0.000018 0.000050 0.000113 0.000054 0.000029 
6075840 SobolQRNG 1 1555 51 1.130000 2.081000  0.000022 0.000018 0.000049 0.000103 0.000052 0.000027 
6075840 SobolQRNG 1 1555 51 1.130000 2.082000  0.000021 0.000026 0.000063 0.000146 0.000072 0.000036 
6075840 SobolQRNG 1 1555 51 1.130000 3.160000  0.000025 0.000018 0.000048 0.000120 0.000052 0.000028 
6075904 SobolQRNG 1 1555 51 1.130000 2.853000  0.000023 0.000019 0.000052 0.000114 0.000055 0.000029 
6075904 SobolQRNG 1 1555 51 1.130000 2.851000  0.000020 0.000018 0.000049 0.000098 0.000051 0.000027 
6075904 SobolQRNG 1 1555 51 1.130000 2.082000  0.000024 0.000018 0.000050 0.000142 0.000055 0.000028 
6075968 SobolQRNG 1 1555 51 1.130000 2.540000  0.000022 0.000018 0.000049 0.000109 0.000054 0.000028 
6075968 SobolQRNG 1 1555 51 1.130000 2.082000  0.000023 0.000018 0.000050 0.000110 0.000056 0.000028 
6075968 SobolQRNG 1 1555 50 1.130000 2.389000  0.000025 0.000018 0.000051 0.000119 0.000058 0.000029 
6076032 SobolQRNG 1 1555 50 1.130000 2.849000  0.000020 0.000017 0.000048 0.000097 0.000051 0.000027 
6076032 SobolQRNG 1 1555 50 1.130000 2.082000  0.000019 0.000017 0.000046 0.000092 0.000048 0.000026 
6076032 SobolQRNG 1 1555 50 1.130000 2.696000  0.000022 0.000017 0.000049 0.000109 0.000054 0.000028 
6076096 SobolQRNG 1 1555 50 1.130000 2.159000  0.000021 0.000018 0.000048 0.000100 0.000051 0.000027 
6076096 SobolQRNG 1 1555 50 1.130000 2.236000  0.000020 0.000017 0.000048 0.000096 0.000051 0.000027 
6076096 SobolQRNG 1 1555 50 1.130000 2.082000  0.000023 0.000017 0.000049 0.000109 0.000054 0.000028 
6076160 SobolQRNG 1 1555 50 1.130000 2.082000  0.000025 0.000017 0.000047 0.000098 0.000048 0.000026 
6076160 SobolQRNG 1 1555 50 1.130000 2.851000  0.000020 0.000017 0.000048 0.000095 0.000050 0.000027 
6076160 SobolQRNG 1 1555 50 1.130000 2.082000  0.000023 0.000017 0.000047 0.000105 0.000048 0.000026 
6076224 SobolQRNG 1 1555 50 1.130000 2.540000  0.000025 0.000018 0.000050 0.000112 0.000055 0.000028 
6076224 SobolQRNG 1 1555 50 1.130000 2.082000  0.000023 0.000018 0.000049 0.000112 0.000055 0.000028 
6076288 SobolQRNG 1 1555 50 1.130000 2.082000  0.000022 0.000017 0.000050 0.000114 0.000055 0.000029 
6076288 SobolQRNG 1 1555 50 1.130000 2.851000  0.000020 0.000017 0.000048 0.000095 0.000050 0.000027 
6076288 SobolQRNG 1 1555 50 1.130000 2.082000  0.000029 0.000017 0.000048 0.000109 0.000053 0.000027 
6076352 SobolQRNG 1 1555 50 1.130000 2.618000  0.000021 0.000017 0.000047 0.000096 0.000050 0.000027 
6076352 SobolQRNG 1 1555 50 1.130000 2.082000  0.000019 0.000016 0.000045 0.000090 0.000047 0.000025 
6076352 SobolQRNG 1 1555 50 1.130000 2.159000  0.000020 0.000017 0.000061 0.000121 0.000070 0.000034 
6076416 SobolQRNG 1 1555 51 1.130000 1.928000  0.000021 0.000017 0.000048 0.000104 0.000052 0.000028 
6076416 SobolQRNG 1 1555 51 1.130000 1.928000  0.000022 0.000018 0.000049 0.000111 0.000054 0.000028 
6076416 SobolQRNG 1 1555 52 1.130000 2.312000  0.000020 0.000017 0.000047 0.000094 0.000049 0.000026 
6076480 SobolQRNG 1 1555 52 1.130000 2.082000  0.000026 0.000018 0.000048 0.000102 0.000050 0.000026 
6076480 SobolQRNG 1 1555 53 1.130000 2.082000  0.000019 0.000017 0.000047 0.000093 0.000049 0.000026 
6076480 SobolQRNG 1 1555 52 1.130000 2.776000  0.000023 0.000017 0.000048 0.000107 0.000053 0.000027 
6076544 SobolQRNG 1 1555 52 1.130000 2.236000  0.000023 0.000017 0.000049 0.000110 0.000053 0.000027 
6076544 SobolQRNG 1 1555 52 1.130000 2.620000  0.000020 0.000017 0.000046 0.000093 0.000049 0.000026 
6076544 SobolQRNG 1 1555 52 1.130000 2.082000  0.000019 0.000016 0.000045 0.000089 0.000046 0.000025 
6076608 SobolQRNG 1 1555 52 1.130000 2.082000  0.000020 0.000017 0.000046 0.000093 0.000050 0.000026 
6076608 SobolQRNG 1 1555 52 1.130000 2.082000  0.000019 0.000016 0.000046 0.000103 0.000050 0.000026 
6076608 SobolQRNG 1 1555 52 1.130000 2.081000  0.000024 0.000018 0.000049 0.000105 0.000050 0.000026 
6076672 SobolQRNG 1 1555 52 1.130000 2.541000  0.000022 0.000017 0.000053 0.000133 0.000055 0.000028 
6076672 SobolQRNG 1 1555 52 1.130000 1.850000  0.000026 0.000017 0.000046 0.000112 0.000047 0.000025 
6076736 SobolQRNG 1 1555 52 1.130000 2.542000  0.000019 0.000017 0.000046 0.000090 0.000048 0.000026 
6076736 SobolQRNG 1 1555 52 1.130000 1.773000  0.000022 0.000017 0.000047 0.000103 0.000051 0.000026 
6076736 SobolQRNG 1 1555 52 1.130000 2.005000  0.000022 0.000018 0.000049 0.000110 0.000051 0.000026 
6076800 SobolQRNG 1 1555 52 1.130000 2.004000  0.000021 0.000017 0.000047 0.000103 0.000051 0.000026 
6076800 SobolQRNG 1 1555 52 1.130000 1.773000  0.000020 0.000016 0.000046 0.000093 0.000051 0.000026 
6076800 SobolQRNG 1 1555 52 1.130000 1.542000  0.000006 0.000004 0.000012 0.000025 0.000015 0.000007 
