#Timestamp	Benchmark	Run(#)	CPU Frequency (MHz)	CPU Temperature(C)	CPU Voltage(V)	CPU Power(W)	CPU_CYCLES	L1_DATA_CACHE_ACCESS	INSTRUCTIONS_RETIRED	BUS_CYCLES	L1I_CACHE_ACCESS	PREDICTABLE_BRANCH_SPECULATIVELY_EXECUTED
6004480 radixSortThrust 1 1428 56 1.130000 1.388000  0.000095 0.000079 0.000220 0.000448 0.000228 0.000122 
6004480 radixSortThrust 1 1428 56 1.130000 2.160000  0.000026 0.000020 0.000059 0.000125 0.000076 0.000036 
6004544 radixSortThrust 1 1428 55 1.130000 1.619000  0.000105 0.000081 0.000434 0.000939 0.000321 0.000210 
6004544 radixSortThrust 1 1428 55 1.130000 1.619000  0.000101 0.000082 0.000227 0.000498 0.000255 0.000132 
6004544 radixSortThrust 1 1428 54 1.130000 2.311000  0.000093 0.000081 0.000222 0.000428 0.000263 0.000135 
6004608 radixSortThrust 1 1428 54 1.130000 1.619000  0.000088 0.000076 0.000212 0.000434 0.000215 0.000117 
6004608 radixSortThrust 1 1428 54 1.130000 1.695000  0.000107 0.000084 0.000232 0.000518 0.000256 0.000131 
6004608 radixSortThrust 1 1428 53 1.130000 1.619000  0.000095 0.000080 0.000220 0.000436 0.000234 0.000123 
6004672 radixSortThrust 1 1428 53 1.130000 1.619000  0.000101 0.000081 0.000229 0.000513 0.000250 0.000129 
6004672 radixSortThrust 1 1428 53 1.130000 2.389000  0.000123 0.000081 0.000283 0.000656 0.000285 0.000160 
6004672 radixSortThrust 1 1428 53 1.130000 1.619000  0.000085 0.000076 0.000215 0.000463 0.000222 0.000117 
6004736 radixSortThrust 1 1428 52 1.130000 1.541000  0.000084 0.000077 0.000211 0.000407 0.000221 0.000118 
6004736 radixSortThrust 1 1428 52 1.130000 1.465000  0.000086 0.000076 0.000209 0.000408 0.000220 0.000117 
6004736 radixSortThrust 1 1428 52 1.130000 1.542000  0.000092 0.000075 0.000216 0.000474 0.000244 0.000125 
6004800 radixSortThrust 1 1428 52 1.130000 2.466000  0.000092 0.000076 0.000213 0.000470 0.000239 0.000124 
6004800 radixSortThrust 1 1428 52 1.130000 1.542000  0.000081 0.000071 0.000199 0.000381 0.000203 0.000110 
6004864 radixSortThrust 1 1428 52 1.130000 2.313000  0.000098 0.000077 0.000217 0.000482 0.000242 0.000124 
6004864 radixSortThrust 1 1428 52 1.130000 1.542000  0.000087 0.000074 0.000204 0.000401 0.000216 0.000114 
6004864 radixSortThrust 1 1428 51 1.130000 2.158000  0.000080 0.000073 0.000201 0.000389 0.000212 0.000113 
6004928 radixSortThrust 1 1428 51 1.130000 2.620000  0.000084 0.000072 0.000199 0.000391 0.000213 0.000112 
6004928 radixSortThrust 1 1428 51 1.130000 1.541000  0.000097 0.000074 0.000201 0.000400 0.000212 0.000112 
6004928 radixSortThrust 1 1428 51 1.130000 1.311000  0.000089 0.000071 0.000200 0.000446 0.000228 0.000117 
6004992 radixSortThrust 1 1428 51 1.130000 1.466000  0.000076 0.000069 0.000197 0.000418 0.000206 0.000110 
6004992 radixSortThrust 1 1428 51 1.130000 2.082000  0.000087 0.000073 0.000200 0.000433 0.000220 0.000115 
6004992 radixSortThrust 1 1428 51 1.130000 1.465000  0.000083 0.000074 0.000212 0.000497 0.000231 0.000117 
6005056 radixSortThrust 1 1428 50 1.130000 1.465000  0.000098 0.000074 0.000209 0.000457 0.000230 0.000119 
6005056 radixSortThrust 1 1428 50 1.130000 1.771000  0.000221 0.000104 0.000249 0.000643 0.000291 0.000158 
6005056 radixSortThrust 1 1428 50 1.130000 1.696000  0.000082 0.000073 0.000197 0.000400 0.000209 0.000109 
6005120 radixSortThrust 1 1428 50 1.130000 1.466000  0.000078 0.000069 0.000190 0.000368 0.000198 0.000106 
6005120 radixSortThrust 1 1428 50 1.130000 2.005000  0.000093 0.000072 0.000196 0.000426 0.000217 0.000112 
6005120 radixSortThrust 1 1428 50 1.130000 1.618000  0.000072 0.000065 0.000181 0.000345 0.000185 0.000100 
6005184 radixSortThrust 1 1428 50 1.130000 1.925000  0.000088 0.000071 0.000195 0.000422 0.000214 0.000110 
6005184 radixSortThrust 1 1428 50 1.130000 1.465000  0.000083 0.000069 0.000194 0.000425 0.000209 0.000109 
6005184 radixSortThrust 1 1428 50 1.130000 1.465000  0.000089 0.000071 0.000196 0.000426 0.000212 0.000111 
6005248 radixSortThrust 1 1428 50 1.130000 2.467000  0.000086 0.000071 0.000195 0.000419 0.000212 0.000110 
6005248 radixSortThrust 1 1428 50 1.130000 1.620000  0.000070 0.000063 0.000177 0.000343 0.000179 0.000098 
6005312 radixSortThrust 1 1428 50 1.130000 2.004000  0.000083 0.000070 0.000192 0.000408 0.000209 0.000108 
6005312 radixSortThrust 1 1428 50 1.130000 1.465000  0.000059 0.000045 0.000126 0.000280 0.000140 0.000072 
6005312 radixSortThrust 1 1428 50 1.130000 2.236000  0.000063 0.000051 0.000149 0.000520 0.000189 0.000090 
6005376 radixSortThrust 1 1428 50 1.130000 2.080000  0.000090 0.000067 0.000182 0.000395 0.000206 0.000104 
6005376 radixSortThrust 1 1428 50 1.130000 1.465000  0.000079 0.000064 0.000179 0.000402 0.000198 0.000102 
6005376 radixSortThrust 1 1428 50 1.130000 1.464000  0.000094 0.000067 0.000185 0.000423 0.000207 0.000104 
6005440 radixSortThrust 1 1428 50 1.130000 2.235000  0.000074 0.000062 0.000171 0.000339 0.000183 0.000096 
6005440 radixSortThrust 1 1428 50 1.130000 1.620000  65.564995 -83.122093 113.489487 65.581551 -46.174507 -23.162588 
6005440 radixSortThrust 1 1428 50 1.130000 1.775000  0.000069 0.000062 0.000171 0.000327 0.000180 0.000095 
6005504 radixSortThrust 1 1428 50 1.130000 1.311000  0.000072 0.000062 0.000170 0.000345 0.000179 0.000095 
6005504 radixSortThrust 1 1428 50 1.130000 2.081000  0.000124 0.000070 0.000193 0.000579 0.000212 0.000107 
6005504 radixSortThrust 1 1428 50 1.130000 2.311000  0.000080 0.000061 0.000181 0.000463 0.000197 0.000100 
6005568 radixSortThrust 1 1428 50 1.130000 1.462000  0.000020 0.000015 0.000043 0.000091 0.000055 0.000027 
6005568 radixSortThrust 1 1428 51 1.130000 1.539000  0.000016 0.000015 0.000043 0.000088 0.000054 0.000027 
6005568 radixSortThrust 1 1428 51 1.130000 0.846000  0.000022 0.000015 0.000043 0.000100 0.000054 0.000027 
6005632 radixSortThrust 1 1428 51 1.130000 1.693000  0.000024 0.000015 0.000042 0.000108 0.000057 0.000027 
6005632 radixSortThrust 1 1428 51 1.130000 2.232000  0.000022 0.000015 0.000042 0.000100 0.000053 0.000026 
6005696 radixSortThrust 1 1428 51 1.130000 1.849000  0.000073 0.000059 0.000161 0.000331 0.000172 0.000090 
6005696 radixSortThrust 1 1428 52 1.130000 0.848000  0.000067 0.000055 0.000154 0.000318 0.000158 0.000086 
6005696 radixSortThrust 1 1428 52 1.130000 0.923000  0.000076 0.000058 0.000163 0.000462 0.000182 0.000093 
6005760 radixSortThrust 1 1428 51 1.130000 0.847000  0.000078 0.000055 0.000152 0.000345 0.000159 0.000085 
6005760 radixSortThrust 1 1428 51 1.130000 1.617000  0.000076 0.000058 0.000164 0.000405 0.000186 0.000094 
6005760 radixSortThrust 1 1428 51 1.130000 1.233000  0.000083 0.000055 0.000153 0.000324 0.000155 0.000083 
6005824 radixSortThrust 1 1428 51 1.130000 1.541000  0.000021 0.000014 0.000040 0.000092 0.000052 0.000025 
6005824 radixSortThrust 1 1428 51 1.130000 0.846000  0.000072 0.000056 0.000154 0.000358 0.000176 0.000090 
6005824 radixSortThrust 1 1428 51 1.130000 0.923000  0.000076 0.000056 0.000157 0.000587 0.000199 0.000103 
6005888 radixSortThrust 1 1428 51 1.130000 1.000000  0.000022 0.000014 0.000040 0.000097 0.000050 0.000025 
6005888 radixSortThrust 1 1428 51 1.130000 1.927000  0.000200 0.000081 0.000242 0.000862 0.000258 0.000124 
6005888 radixSortThrust 1 1428 51 1.130000 1.000000  0.000414 0.000157 0.000372 0.000855 0.000314 0.000163 
6005952 radixSortThrust 1 1428 52 1.130000 0.846000  0.002570 0.475445 0.919920 0.002684 0.477899 0.207775 
6005952 radixSortThrust 1 1428 52 1.130000 2.311000  0.000019 0.000014 0.000039 0.000085 0.000049 0.000024 
6006016 radixSortThrust 1 1428 52 1.130000 1.539000  0.000072 0.000051 0.000143 0.000316 0.000150 0.000080 
6006016 radixSortThrust 1 1428 52 1.130000 1.231000  0.000026 0.000013 0.000038 0.000104 0.000050 0.000024 
6006016 radixSortThrust 1 1428 52 1.130000 0.925000  0.000063 0.000051 0.000141 0.000306 0.000153 0.000082 
6006080 radixSortThrust 1 1428 52 1.130000 1.693000  0.000018 0.000013 0.000038 0.000080 0.000048 0.000024 
6006080 radixSortThrust 1 1428 52 1.130000 0.846000  0.000089 0.000053 0.000145 0.000340 0.000147 0.000079 
6006080 radixSortThrust 1 1428 52 1.130000 1.385000  0.000062 0.000054 0.000147 0.000327 0.000160 0.000084 
6006144 radixSortThrust 1 1428 52 1.130000 1.926000  0.000062 0.000052 0.000144 0.000302 0.000152 0.000080 
6006144 radixSortThrust 1 1428 52 1.130000 1.848000  0.000041 0.000015 0.000040 0.000103 0.000049 0.000024 
6006144 radixSortThrust 1 1428 52 1.130000 1.770000  0.000022 0.000013 0.000037 0.000089 0.000047 0.000023 
6006208 radixSortThrust 1 1428 51 1.130000 1.231000  0.000019 0.000014 0.000039 0.000103 0.000048 0.000024 
6006208 radixSortThrust 1 1428 51 1.130000 2.234000  0.000073 0.000055 0.000148 0.000338 0.000159 0.000083 
6006208 radixSortThrust 1 1428 51 1.130000 1.850000  0.000017 0.000013 0.000036 0.000077 0.000046 0.000023 
6006272 radixSortThrust 1 1428 51 1.130000 1.539000  0.000019 0.000013 0.000036 0.000081 0.000046 0.000023 
6006272 radixSortThrust 1 1428 52 1.130000 1.231000  0.000022 0.000012 0.000036 0.000091 0.000046 0.000022 
6006272 radixSortThrust 1 1428 52 1.130000 0.846000  0.000024 0.000012 0.000036 0.000092 0.000045 0.000022 
6006336 radixSortThrust 1 1428 52 1.130000 2.620000  0.000068 0.000051 0.000143 0.000350 0.000158 0.000080 
6006336 radixSortThrust 1 1428 52 1.130000 1.232000  0.000074 0.000048 0.000139 0.000403 0.000152 0.000080 
6006336 radixSortThrust 1 1428 52 1.130000 0.846000  0.000069 0.000048 0.000137 0.000319 0.000150 0.000078 
6006400 radixSortThrust 1 1428 52 1.130000 2.387000  0.000057 0.000047 0.000133 0.000299 0.000148 0.000077 
6006400 radixSortThrust 1 1428 52 1.130000 2.158000  0.000072 0.000046 0.000128 0.000336 0.000130 0.000071 
6006464 radixSortThrust 1 1428 52 1.130000 0.846000  0.000060 0.000051 0.000136 0.000313 0.000153 0.000078 
6006464 radixSortThrust 1 1428 52 1.130000 1.308000  0.000019 0.000012 0.000035 0.000086 0.000043 0.000021 
6006464 radixSortThrust 1 1428 51 1.130000 2.388000  0.000058 0.000049 0.000136 0.000381 0.000156 0.000078 
6006528 radixSortThrust 1 1428 51 1.130000 1.231000  0.000074 0.000046 0.000130 0.000318 0.000134 0.000072 
6006528 radixSortThrust 1 1428 51 1.130000 1.231000  0.000019 0.000012 0.000034 0.000079 0.000043 0.000021 
6006528 radixSortThrust 1 1428 52 1.130000 0.924000  0.000026 0.000021 0.000057 0.000226 0.000078 0.000039 
6006592 radixSortThrust 1 1428 52 1.130000 1.927000  0.000081 0.000046 0.000129 0.000346 0.000143 0.000074 
6006592 radixSortThrust 1 1428 51 1.130000 1.077000  0.000072 0.000044 0.000122 0.000286 0.000206 0.000098 
6006592 radixSortThrust 1 1428 51 1.130000 1.308000  0.000059 0.000045 0.000127 0.000285 0.000138 0.000072 
6006656 radixSortThrust 1 1428 51 1.130000 2.158000  0.000072 0.000047 0.000129 0.000282 0.000134 0.000071 
6006656 radixSortThrust 1 1428 51 1.130000 2.079000  0.000045 0.000013 0.000035 0.000103 0.000043 0.000021 
6006656 radixSortThrust 1 1428 51 1.130000 1.847000  0.000016 0.000011 0.000033 0.000079 0.000042 0.000021 
6006720 radixSortThrust 1 1428 52 1.130000 1.154000  0.000018 0.000011 0.000032 0.000077 0.000040 0.000020 
6006720 radixSortThrust 1 1428 52 1.130000 2.388000  0.000051 0.000045 0.000124 0.000253 0.000131 0.000069 
6006784 radixSortThrust 1 1428 51 1.130000 1.308000  0.000019 0.000011 0.000032 0.000077 0.000041 0.000020 
6006784 radixSortThrust 1 1428 51 1.130000 1.616000  0.000054 0.000045 0.000125 0.000286 0.000140 0.000072 
6006784 radixSortThrust 1 1428 51 1.130000 2.004000  0.000022 0.000011 0.000032 0.000080 0.000041 0.000020 
6006848 radixSortThrust 1 1428 51 1.130000 2.388000  0.000056 0.000044 0.000124 0.000290 0.000134 0.000070 
6006848 radixSortThrust 1 1428 51 1.130000 1.928000  0.000058 0.000041 0.000118 0.000349 0.000123 0.000066 
6006848 radixSortThrust 1 1428 51 1.130000 1.308000  0.000059 0.000043 0.000119 0.000252 0.000127 0.000077 
6006912 radixSortThrust 1 1428 51 1.130000 1.000000  0.000066 0.000025 0.000064 0.000174 0.000068 0.000034 
6006912 radixSortThrust 1 1428 51 1.130000 2.232000  0.000054 0.000043 0.000122 0.000285 0.000137 0.000071 
6006912 radixSortThrust 1 1428 51 1.130000 1.539000  0.000063 0.000046 0.000123 0.000282 0.000138 0.000071 
6006976 radixSortThrust 1 1428 51 1.130000 1.617000  0.000054 0.000041 0.000117 0.000273 0.000131 0.000068 
6006976 radixSortThrust 1 1428 51 1.130000 1.616000  0.000059 0.000042 0.000120 0.000286 0.000134 0.000069 
6006976 radixSortThrust 1 1428 51 1.130000 1.000000  0.000060 0.000041 0.000117 0.000283 0.000129 0.000067 
6007040 radixSortThrust 1 1428 51 1.130000 1.772000  0.000048 0.000041 0.000114 0.000255 0.000123 0.000064 
6007040 radixSortThrust 1 1428 51 1.130000 1.000000  0.000046 0.000039 0.000111 0.000262 0.000114 0.000061 
6007104 radixSortThrust 1 1428 51 1.130000 1.308000  0.000081 0.000043 0.000119 0.000286 0.000129 0.000066 
6007104 radixSortThrust 1 1428 51 1.130000 0.848000  0.000066 0.000041 0.000112 0.000268 0.000116 0.000061 
6007104 radixSortThrust 1 1428 51 1.130000 1.926000  0.000057 0.000042 0.000117 0.000283 0.000129 0.000066 
6007168 radixSortThrust 1 1428 51 1.130000 1.386000  0.000017 0.000010 0.000029 0.000079 0.000037 0.000018 
6007168 radixSortThrust 1 1428 51 1.130000 0.846000  0.000056 0.000041 0.000113 0.000255 0.000125 0.000064 
6007168 radixSortThrust 1 1428 51 1.130000 0.923000  0.000056 0.000040 0.000111 0.000259 0.000125 0.000064 
6007232 radixSortThrust 1 1428 51 1.130000 1.078000  0.000017 0.000010 0.000028 0.000069 0.000036 0.000018 
6007232 radixSortThrust 1 1428 51 1.130000 2.311000  0.000050 0.000039 0.000114 0.000277 0.000126 0.000065 
6007232 radixSortThrust 1 1428 51 1.130000 1.308000  0.000012 0.000010 0.000028 0.000062 0.000035 0.000017 
6007296 radixSortThrust 1 1428 51 1.130000 1.770000  0.000013 0.000010 0.000028 0.000061 0.000035 0.000017 
6007296 radixSortThrust 1 1428 51 1.130000 0.846000  0.000052 0.000037 0.000105 0.000244 0.000107 0.000057 
6007296 radixSortThrust 1 1428 51 1.130000 1.154000  0.000047 0.000039 0.000106 0.000238 0.000109 0.000058 
6007360 radixSortThrust 1 1428 51 1.130000 1.927000  0.000043 0.000037 0.000102 0.000204 0.000105 0.000057 
6007360 radixSortThrust 1 1428 51 1.130000 2.235000  0.000048 0.000040 0.000110 0.000242 0.000124 0.000064 
6007360 radixSortThrust 1 1428 51 1.130000 1.465000  0.000045 0.000039 0.000106 0.000231 0.000113 0.000060 
6007424 radixSortThrust 1 1428 50 1.130000 1.465000  0.000045 0.000039 0.000110 0.000234 0.000119 0.000062 
6007424 radixSortThrust 1 1428 50 1.130000 1.926000  0.000051 0.000040 0.000110 0.000243 0.000120 0.000062 
6007488 radixSortThrust 1 1428 50 1.130000 1.465000  0.000044 0.000038 0.000105 0.000243 0.000109 0.000058 
6007488 radixSortThrust 1 1428 50 1.130000 2.160000  0.000047 0.000039 0.000110 0.000238 0.000117 0.000060 
6007488 radixSortThrust 1 1428 50 1.130000 2.312000  0.000052 0.000040 0.000111 0.000243 0.000121 0.000062 
6007552 radixSortThrust 1 1428 50 1.130000 1.465000  0.000054 0.000042 0.000113 0.000251 0.000123 0.000062 
6007552 radixSortThrust 1 1428 50 1.130000 2.312000  0.000304 0.000224 0.000612 0.001417 0.000692 0.000369 
6007552 radixSortThrust 1 1428 49 1.130000 1.465000  0.000044 0.000038 0.000104 0.000204 0.000111 0.000058 
6007616 radixSortThrust 1 1428 49 1.130000 1.542000  0.000044 0.000038 0.000104 0.000202 0.000110 0.000058 
6007616 radixSortThrust 1 1428 49 1.130000 1.927000  0.000045 0.000037 0.000102 0.000202 0.000109 0.000057 
6007616 radixSortThrust 1 1428 49 1.130000 1.619000  0.000045 0.000037 0.000102 0.000206 0.000110 0.000058 
6007680 radixSortThrust 1 1428 49 1.130000 1.696000  0.000041 0.000037 0.000102 0.000200 0.000108 0.000057 
6007680 radixSortThrust 1 1428 49 1.130000 2.389000  0.000044 0.000037 0.000102 0.000204 0.000109 0.000057 
6007680 radixSortThrust 1 1428 49 1.130000 1.542000  0.000041 0.000037 0.000101 0.000197 0.000107 0.000057 
6007744 radixSortThrust 1 1428 49 1.130000 2.005000  0.000043 0.000037 0.000100 0.000196 0.000107 0.000056 
6007744 radixSortThrust 1 1428 49 1.130000 1.542000  0.000054 0.000039 0.000105 0.000234 0.000117 0.000060 
6007744 radixSortThrust 1 1428 49 1.130000 1.465000  0.000043 0.000038 0.000104 0.000221 0.000112 0.000058 
6007808 radixSortThrust 1 1428 49 1.130000 2.389000  0.000045 0.000037 0.000103 0.000222 0.000111 0.000058 
6007808 radixSortThrust 1 1428 49 1.130000 1.542000  0.000047 0.000037 0.000100 0.000198 0.000102 0.000054 
6007872 radixSortThrust 1 1428 49 1.130000 2.158000  0.000040 0.000036 0.000099 0.000193 0.000105 0.000055 
