#Timestamp	Benchmark	Run(#)	CPU Frequency (MHz)	CPU Temperature(C)	CPU Voltage(V)	CPU Power(W)	CPU_CYCLES	L1_DATA_CACHE_ACCESS	INSTRUCTIONS_RETIRED	BUS_CYCLES	L1I_CACHE_ACCESS	PREDICTABLE_BRANCH_SPECULATIVELY_EXECUTED
6050240 particles 1 1555 53 1.130000 2.772000  0.000260 0.000202 0.000567 0.001303 0.000641 0.000328 
6050240 particles 1 1555 53 1.130000 1.697000  0.000225 0.000197 0.000544 0.001203 0.000584 0.000306 
6050304 particles 1 1555 53 1.130000 1.773000  0.000211 0.000195 0.000541 0.001082 0.000578 0.000309 
6050304 particles 1 1555 53 1.130000 2.389000  0.000218 0.000192 0.000533 0.001035 0.000560 0.000297 
6050304 particles 1 1555 52 1.130000 0.693000  0.000209 0.000181 0.000506 0.000999 0.000519 0.000279 
6050368 particles 1 1555 52 1.130000 1.464000  0.000027 0.000021 0.000059 0.000130 0.000065 0.000034 
6050368 particles 1 1555 53 1.130000 3.157000  0.000203 0.000164 0.000454 0.000957 0.000489 0.000259 
6050432 particles 1 1555 53 1.130000 2.543000  0.000201 0.000166 0.000460 0.001076 0.000529 0.000270 
6050432 particles 1 1555 53 1.130000 3.391000  0.000212 0.000158 0.000436 0.001038 0.000535 0.000262 
6050432 particles 1 1555 53 1.130000 2.542000  0.000213 0.000159 0.000427 0.001141 0.000444 0.000232 
6050496 particles 1 1555 53 1.130000 2.852000  0.000233 0.000151 0.000425 0.001015 0.000480 0.000242 
6050496 particles 1 1555 52 1.130000 2.543000  0.000182 0.000142 0.000401 0.000912 0.000450 0.000230 
6050496 particles 1 1555 52 1.130000 2.466000  0.000167 0.000130 0.000370 0.000891 0.000416 0.000212 
6050560 particles 1 1555 52 1.130000 2.082000  0.000152 0.000129 0.000352 0.000695 0.000376 0.000197 
6050560 particles 1 1555 52 1.130000 1.002000  0.000042 0.000033 0.000090 0.000190 0.000094 0.000050 
6050560 particles 1 1555 52 1.130000 2.005000  0.000040 0.000034 0.000093 0.000187 0.000098 0.000052 
6050624 particles 1 1555 52 1.130000 2.617000  0.000015 0.000008 0.000024 0.000060 0.000032 0.000015 
6050624 particles 1 1555 52 1.130000 2.233000  0.000042 0.000049 0.000118 0.000298 0.000137 0.000067 
6050624 particles 1 1555 53 1.130000 2.231000  0.000143 0.000102 0.000284 0.000652 0.000330 0.000166 
6050688 particles 1 1555 53 1.130000 1.386000  0.000115 0.000112 0.000295 0.000779 0.000325 0.000179 
6050688 particles 1 1555 53 1.130000 2.080000  0.000112 0.000107 0.000282 0.000878 0.000325 0.000162 
6050752 particles 1 1555 53 1.130000 2.464000  0.000109 0.000089 0.000248 0.000518 0.000257 0.000139 
6050752 particles 1 1555 53 1.130000 2.387000  0.000122 0.000091 0.000303 0.001036 0.000346 0.000170 
6050752 particles 1 1555 53 1.130000 2.462000  0.000154 0.000094 0.000519 0.002375 0.000502 0.000227 
6050816 particles 1 1555 54 1.130000 1.847000  0.000123 0.000090 0.000269 0.001045 0.000464 0.000213 
6050816 particles 1 1555 54 1.130000 2.156000  0.000113 0.000086 0.000244 0.000579 0.000271 0.000141 
6050816 particles 1 1555 54 1.130000 1.847000  0.000029 0.000037 0.000092 0.000329 0.000103 0.000046 
6050880 particles 1 1555 53 1.130000 1.928000  0.000091 0.000083 0.000237 0.000536 0.000267 0.000137 
6050880 particles 1 1555 53 1.130000 1.770000  0.000127 0.000089 0.000240 0.000655 0.000277 0.000144 
6050944 particles 1 1555 53 1.130000 2.079000  0.000023 0.000020 0.000058 0.000118 0.000073 0.000036 
6050944 particles 1 1555 53 1.130000 2.924000  0.000103 0.000035 0.000100 0.000462 0.000126 0.000063 
6050944 particles 1 1555 53 1.130000 1.539000  0.000026 0.000020 0.000057 0.000132 0.000072 0.000035 
6051008 particles 1 1555 53 1.130000 2.541000  0.000028 0.000020 0.000277 0.001326 0.000240 0.000105 
6051008 particles 1 1555 53 1.130000 2.078000  0.000024 0.000019 0.000055 0.000117 0.000069 0.000034 
6051008 particles 1 1555 54 1.130000 2.078000  0.163602 0.029465 0.064350 0.163683 0.037689 0.015840 
6051072 particles 1 1555 54 1.130000 2.538000  -0.763980 0.824719 1.613354 -0.763648 0.978141 0.396952 
6051072 particles 1 1555 53 1.130000 2.077000  0.000065 0.000059 0.000165 0.000356 0.000183 0.000094 
6051072 particles 1 1555 53 1.130000 1.541000  0.000481 0.000351 0.000956 0.002177 0.001078 0.000558 
6051136 particles 1 1555 54 1.130000 2.385000  0.000084 0.000076 0.000211 0.001193 0.000432 0.000204 
6051136 particles 1 1555 53 1.130000 1.617000  0.000092 0.000073 0.000206 0.000475 0.000230 0.000120 
6051200 particles 1 1555 53 1.130000 2.539000  0.000087 0.000070 0.000194 0.000400 0.000199 0.000107 
6051200 particles 1 1555 53 1.130000 2.846000  0.000202 0.000084 0.000227 0.000579 0.000233 0.000120 
6051200 particles 1 1555 53 1.130000 1.463000  0.000282 0.000097 0.000245 0.000755 0.000252 0.000126 
6051264 particles 1 1555 54 1.130000 1.771000  0.000081 0.000071 0.000232 0.000722 0.000273 0.000133 
6051264 particles 1 1555 53 1.130000 1.771000  0.000191 0.000084 0.000218 0.000571 0.000248 0.000126 
6051264 particles 1 1555 53 1.130000 2.155000  0.000085 0.000065 0.000181 0.000381 0.000187 0.000100 
6051328 particles 1 1555 53 1.130000 1.928000  0.000084 0.000067 0.000193 0.000471 0.000205 0.000107 
6051328 particles 1 1555 53 1.130000 1.616000  0.000085 0.000068 0.000193 0.000442 0.000216 0.000111 
6051328 particles 1 1555 54 1.130000 1.926000  0.000082 0.000080 0.000209 0.000567 0.000221 0.000127 
6051392 particles 1 1555 54 1.130000 2.618000  0.000087 0.000067 0.000190 0.000423 0.000211 0.000108 
6051392 particles 1 1555 54 1.130000 2.077000  0.784045 0.138022 0.295641 0.786068 0.181733 0.075636 
6051456 particles 1 1555 54 1.130000 1.541000  0.000778 0.000207 0.000457 0.001435 0.000407 0.000183 
6051456 particles 1 1555 54 1.130000 2.542000  0.000086 0.000065 0.000182 0.000408 0.000197 0.000101 
6051456 particles 1 1555 53 1.130000 1.462000  0.000019 0.000016 0.000044 0.000090 0.000046 0.000025 
6051520 particles 1 1555 53 1.130000 1.464000  0.000022 0.000017 0.000047 0.000103 0.000052 0.000027 
6051520 particles 1 1555 53 1.130000 1.925000  0.000144 0.000063 0.000169 0.000547 0.000196 0.000101 
6051520 particles 1 1555 53 1.130000 1.926000  0.000076 0.000067 0.000326 0.001299 0.000302 0.000137 
6051584 particles 1 1555 54 1.130000 1.539000  0.000313 0.000090 0.000222 0.000690 0.000231 0.000147 
6051584 particles 1 1555 54 1.130000 1.847000  0.000064 0.000055 0.000152 0.000327 0.000153 0.000082 
6051648 particles 1 1555 54 1.130000 2.079000  0.000063 0.000055 0.000157 0.000348 0.000172 0.000089 
6051648 particles 1 1555 54 1.130000 2.001000  0.000059 0.000052 0.000155 0.000371 0.000155 0.000087 
6051648 particles 1 1555 54 1.130000 1.616000  0.000021 0.000024 0.000057 0.000178 0.000062 0.000029 
6051712 particles 1 1555 54 1.130000 2.385000  0.000020 0.000013 0.000039 0.000093 0.000049 0.000024 
6051712 particles 1 1555 54 1.130000 2.615000  0.000015 0.000013 0.000038 0.000080 0.000048 0.000024 
6051712 particles 1 1555 54 1.130000 2.463000  0.000017 0.000013 0.000038 0.000089 0.000048 0.000024 
6051776 particles 1 1555 54 1.130000 1.387000  0.000017 0.000013 0.000038 0.000078 0.000047 0.000023 
6051776 particles 1 1555 53 1.130000 2.693000  0.000018 0.000013 0.000175 0.000930 0.000164 0.000072 
6051776 particles 1 1555 54 1.130000 2.002000  0.000016 0.000013 0.000037 0.000077 0.000046 0.000023 
6051840 particles 1 1555 54 1.130000 1.617000  0.000016 0.000013 0.000037 0.000076 0.000046 0.000023 
6051840 particles 1 1555 54 1.130000 2.538000  0.000019 0.000017 0.000054 0.000253 0.000068 0.000033 
6051840 particles 1 1555 54 1.130000 1.694000  0.000015 0.000012 0.000036 0.000073 0.000045 0.000022 
6051904 particles 1 1555 54 1.130000 2.616000  0.000020 0.000017 0.000045 0.000142 0.000051 0.000024 
6051904 particles 1 1555 54 1.130000 2.309000  0.000015 0.000012 0.000036 0.000073 0.000044 0.000022 
6051904 particles 1 1555 54 1.130000 2.079000  0.000071 0.000017 0.000044 0.000141 0.000050 0.000024 
6051968 particles 1 1555 54 1.130000 1.386000  0.000016 0.000012 0.000035 0.000074 0.000045 0.000022 
6051968 particles 1 1555 53 1.130000 2.002000  0.000013 0.000012 0.000035 0.000070 0.000043 0.000022 
6051968 particles 1 1555 53 1.130000 1.540000  0.000062 0.000051 0.000138 0.000388 0.000161 0.000079 
6052032 particles 1 1555 53 1.130000 1.540000  0.000073 0.000051 0.000137 0.000310 0.000154 0.000078 
6052032 particles 1 1555 53 1.130000 2.310000  0.000060 0.000046 0.000129 0.000287 0.000146 0.000075 
6052096 particles 1 1555 53 1.130000 2.232000  0.000052 0.000043 0.000121 0.000252 0.000125 0.000067 
6052096 particles 1 1555 53 1.130000 2.001000  0.000052 0.000045 0.000125 0.000257 0.000147 0.000074 
6052096 particles 1 1555 53 1.130000 2.234000  0.000716 0.000128 0.000276 0.001125 0.000242 0.000109 
6052160 particles 1 1555 53 1.130000 2.233000  0.000013 0.000015 0.000040 0.000135 0.000045 0.000022 
6052160 particles 1 1555 53 1.130000 2.233000  0.000014 0.000011 0.000032 0.000067 0.000040 0.000020 
6052160 particles 1 1555 53 1.130000 2.310000  0.000020 0.000011 0.000031 0.000072 0.000039 0.000019 
6052224 particles 1 1555 54 1.130000 2.234000  0.000012 0.000011 0.000031 0.000064 0.000039 0.000019 
6052224 particles 1 1555 54 1.130000 1.464000  0.000014 0.000011 0.000039 0.000121 0.000045 0.000021 
6052224 particles 1 1555 54 1.130000 2.079000  0.000017 0.000011 0.000031 0.000076 0.000045 0.000021 
6052288 particles 1 1555 54 1.130000 2.154000  0.000142 0.000022 0.000053 0.000206 0.000053 0.000024 
6052288 particles 1 1555 54 1.130000 2.157000  0.000013 0.000011 0.000030 0.000062 0.000038 0.000019 
6052352 particles 1 1555 54 1.130000 2.154000  0.000014 0.000010 0.000030 0.000065 0.000038 0.000019 
6052352 particles 1 1555 53 1.130000 2.311000  0.000056 0.000018 0.000052 0.000351 0.000090 0.000037 
6052352 particles 1 1555 53 1.130000 2.462000  0.000015 0.000010 0.000037 0.000121 0.000043 0.000020 
6052416 particles 1 1555 54 1.130000 1.770000  0.000015 0.000010 0.000029 0.000067 0.000037 0.000020 
6052416 particles 1 1555 54 1.130000 2.309000  0.000012 0.000010 0.000029 0.000059 0.000037 0.000018 
6052416 particles 1 1555 54 1.130000 1.616000  0.000236 0.000028 0.000064 0.000296 0.000064 0.000028 
6052480 particles 1 1555 53 1.130000 2.309000  0.000013 0.000010 0.000029 0.000068 0.000037 0.000018 
6052480 particles 1 1555 53 1.130000 2.234000  0.000012 0.000010 0.000029 0.000059 0.000036 0.000018 
6052480 particles 1 1555 54 1.130000 2.542000  0.000060 0.000014 0.000035 0.000108 0.000040 0.000019 
6052544 particles 1 1555 54 1.130000 1.464000  0.000012 0.000010 0.000028 0.000059 0.000036 0.000019 
6052544 particles 1 1555 54 1.130000 1.847000  0.000014 0.000013 0.000033 0.000109 0.000039 0.000019 
6052544 particles 1 1555 54 1.130000 2.462000  0.000059 0.000041 0.000114 0.000965 0.000311 0.000140 
6052608 particles 1 1555 54 1.130000 1.771000  0.000149 0.000047 0.000121 0.000315 0.000119 0.000061 
6052608 particles 1 1555 54 1.130000 2.156000  0.000019 0.000017 0.000040 0.000128 0.000045 0.000020 
6052608 particles 1 1555 54 1.130000 1.616000  0.000018 0.000010 0.000027 0.000073 0.000034 0.000017 
6052672 particles 1 1555 54 1.130000 1.541000  0.000010 0.000009 0.000027 0.000054 0.000034 0.000017 
6052672 particles 1 1555 54 1.130000 2.080000  0.000047 0.000038 0.000103 0.000208 0.000110 0.000058 
6052672 particles 1 1555 53 1.130000 1.464000  0.000067 0.000039 0.000109 0.000271 0.000123 0.000062 
6052736 particles 1 1555 53 1.130000 2.003000  0.000041 0.000038 0.000104 0.000226 0.000108 0.000057 
6052736 particles 1 1555 53 1.130000 1.618000  0.000049 0.000038 0.000103 0.000249 0.000118 0.000060 
6052800 particles 1 1555 53 1.130000 2.000000  0.000053 0.000037 0.000104 0.000243 0.000116 0.000059 
6052800 particles 1 1555 53 1.130000 1.924000  0.000067 0.000038 0.000104 0.000247 0.000108 0.000057 
6052800 particles 1 1555 53 1.130000 1.848000  0.000045 0.000037 0.000100 0.000276 0.000154 0.000076 
6052864 particles 1 1555 53 1.130000 1.465000  0.000039 0.000036 0.000103 0.000266 0.000116 0.000060 
6052864 particles 1 1555 53 1.130000 1.464000  0.000051 0.000037 0.000109 0.000284 0.000118 0.000060 
6052864 particles 1 1555 53 1.130000 2.233000  0.000050 0.000037 0.000100 0.000267 0.000112 0.000058 
6052928 particles 1 1555 53 1.130000 2.538000  0.000041 0.000034 0.000094 0.000212 0.000101 0.000053 
6052928 particles 1 1555 53 1.130000 1.540000  0.000048 0.000035 0.000099 0.000227 0.000112 0.000056 
6052928 particles 1 1555 53 1.130000 1.386000  0.000041 0.000033 0.000092 0.000186 0.000096 0.000051 
6052992 particles 1 1555 53 1.130000 2.155000  0.000064 0.000037 0.000101 0.000244 0.000110 0.000057 
6052992 particles 1 1555 53 1.130000 1.539000  0.000054 0.000036 0.000101 0.000281 0.000104 0.000054 
6052992 particles 1 1555 53 1.130000 1.847000  0.000044 0.000035 0.000097 0.000213 0.000105 0.000055 
6053056 particles 1 1555 53 1.130000 1.463000  0.000039 0.000033 0.000092 0.000214 0.000096 0.000058 
6053056 particles 1 1555 53 1.130000 1.464000  0.000060 0.000037 0.000103 0.000256 0.000115 0.000057 
6053056 particles 1 1555 53 1.130000 1.924000  0.000064 0.000040 0.000110 0.000339 0.000119 0.000060 
6053120 particles 1 1555 54 1.130000 2.003000  0.000064 0.000036 0.000102 0.000286 0.000112 0.000056 
6053120 particles 1 1555 54 1.130000 3.079000  0.000045 0.000034 0.000092 0.000216 0.000102 0.000053 
6053184 particles 1 1555 54 1.130000 1.847000  0.000037 0.000032 0.000088 0.000189 0.000095 0.000050 
6053184 particles 1 1555 54 1.130000 2.077000  0.000433 0.000204 0.000562 0.001456 0.000626 0.000327 
6053184 particles 1 1555 54 1.130000 1.386000  0.000039 0.000032 0.000090 0.000207 0.000093 0.000049 
6053248 particles 1 1555 53 1.130000 2.308000  0.000054 0.000035 0.000097 0.000249 0.000102 0.000052 
6053248 particles 1 1555 53 1.130000 1.926000  0.000052 0.000034 0.000095 0.000239 0.000107 0.000054 
6053248 particles 1 1555 53 1.130000 1.926000  0.000042 0.000033 0.000089 0.000187 0.000096 0.000050 
6053312 particles 1 1555 53 1.130000 2.079000  0.000039 0.000032 0.000088 0.000174 0.000094 0.000049 
6053312 particles 1 1555 53 1.130000 2.079000  0.000051 0.000032 0.000089 0.000219 0.000101 0.000051 
6053376 particles 1 1555 52 1.130000 1.617000  0.000038 0.000032 0.000087 0.000178 0.000094 0.000052 
6053376 particles 1 1555 52 1.130000 2.461000  0.000036 0.000030 0.000084 0.000167 0.000087 0.000046 
6053376 particles 1 1555 54 1.130000 2.309000  0.000013 0.000009 0.000024 0.000064 0.000031 0.000015 
6053440 particles 1 1555 54 1.130000 1.772000  0.000516 0.000284 0.000608 0.001352 0.000386 0.000161 
6053440 particles 1 1555 53 1.130000 1.618000  0.000051 0.000033 0.000091 0.000230 0.000105 0.000052 
6053440 particles 1 1555 53 1.130000 1.926000  0.000038 0.000032 0.000089 0.000209 0.000098 0.000050 
6053504 particles 1 1555 53 1.130000 2.233000  0.000037 0.000032 0.000112 0.000253 0.000112 0.000064 
6053504 particles 1 1555 53 1.130000 1.848000  0.000051 0.000033 0.000121 0.000361 0.000122 0.000058 
6053504 particles 1 1555 53 1.130000 2.386000  0.000035 0.000030 0.000084 0.000182 0.000085 0.000045 
6053568 particles 1 1555 53 1.130000 1.770000  0.000040 0.000031 0.000086 0.000195 0.000093 0.000049 
6053568 particles 1 1555 53 1.130000 1.387000  0.000037 0.000030 0.000082 0.000179 0.000086 0.000045 
6053568 particles 1 1555 53 1.130000 2.542000  0.000055 0.000034 0.000093 0.000265 0.000103 0.000051 
6053632 particles 1 1555 53 1.130000 2.231000  0.000035 0.000029 0.000079 0.000160 0.000082 0.000044 
6053632 particles 1 1555 53 1.130000 1.694000  0.000045 0.000032 0.000088 0.000192 0.000096 0.000049 
6053696 particles 1 1555 53 1.130000 1.695000  0.000046 0.000029 0.000084 0.000191 0.000086 0.000045 
6053696 particles 1 1555 53 1.130000 1.695000  0.000036 0.000029 0.000080 0.000173 0.000089 0.000046 
6053696 particles 1 1555 53 1.130000 1.464000  0.000047 0.000029 0.000081 0.000187 0.000083 0.000044 
6053760 particles 1 1555 53 1.130000 2.462000  0.000032 0.000030 0.000083 0.000211 0.000092 0.000048 
6053760 particles 1 1555 53 1.130000 2.002000  0.000037 0.000029 0.000082 0.000181 0.000093 0.000047 
6053760 particles 1 1555 53 1.130000 1.849000  0.000042 0.000030 0.000085 0.000190 0.000092 0.000047 
6053824 particles 1 1555 53 1.130000 1.772000  0.000036 0.000029 0.000082 0.000180 0.000089 0.000047 
6053824 particles 1 1555 53 1.130000 2.155000  0.000038 0.000028 0.000077 0.000173 0.000081 0.000043 
6053824 particles 1 1555 53 1.130000 1.309000  0.000055 0.000036 0.000097 0.000330 0.000104 0.000050 
6053888 particles 1 1555 53 1.130000 1.464000  0.000036 0.000027 0.000075 0.000165 0.000078 0.000042 
6053888 particles 1 1555 53 1.130000 2.310000  0.000033 0.000027 0.000075 0.000159 0.000083 0.000044 
6053888 particles 1 1555 53 1.130000 2.463000  0.000047 0.000029 0.000081 0.000243 0.000093 0.000047 
6053952 particles 1 1555 53 1.130000 2.463000  0.000044 0.000030 0.000083 0.000201 0.000094 0.000047 
6053952 particles 1 1555 53 1.130000 2.078000  0.000038 0.000029 0.000080 0.000180 0.000088 0.000045 
6053952 particles 1 1555 53 1.130000 1.926000  0.000055 0.000031 0.000082 0.000204 0.000093 0.000047 
6054016 particles 1 1555 53 1.130000 2.540000  0.000035 0.000027 0.000075 0.000169 0.000080 0.000043 
6054016 particles 1 1555 53 1.130000 1.772000  0.000034 0.000028 0.000078 0.000179 0.000086 0.000045 
6054080 particles 1 1555 53 1.130000 1.540000  0.000038 0.000164 0.000351 0.001406 0.000283 0.000114 
6054080 particles 1 1555 53 1.130000 1.542000  0.000051 0.000028 0.000078 0.000190 0.000080 0.000042 
6054080 particles 1 1555 53 1.130000 1.927000  0.000034 0.000028 0.000076 0.000176 0.000083 0.000043 
6054144 particles 1 1555 53 1.130000 2.002000  0.000040 0.000030 0.000083 0.000219 0.000092 0.000046 
6054144 particles 1 1555 53 1.130000 1.464000  0.000038 0.000028 0.000086 0.000325 0.000093 0.000045 
6054144 particles 1 1555 53 1.130000 2.157000  0.001037 0.000153 0.000343 0.001202 0.000269 0.000112 
6054208 particles 1 1555 53 1.130000 1.464000  0.000043 0.000031 0.000081 0.000202 0.000089 0.000045 
6054208 particles 1 1555 53 1.130000 1.695000  0.000065 0.000031 0.000083 0.000200 0.000087 0.000044 
6054208 particles 1 1555 53 1.130000 2.157000  0.000053 0.000030 0.000082 0.000217 0.000091 0.000045 
6054272 particles 1 1555 53 1.130000 1.773000  0.000032 0.000029 0.000077 0.000176 0.000077 0.000041 
6054272 particles 1 1555 53 1.130000 2.155000  0.000030 0.000028 0.000082 0.000224 0.000090 0.000046 
6054336 particles 1 1555 53 1.130000 1.849000  0.000030 0.000025 0.000070 0.000139 0.000072 0.000039 
6054336 particles 1 1555 53 1.130000 2.230000  0.000221 0.000158 0.000431 0.001056 0.000485 0.000255 
6054336 particles 1 1555 53 1.130000 2.078000  0.000031 0.000027 0.000073 0.000170 0.000077 0.000040 
6054400 particles 1 1555 53 1.130000 2.082000  0.000044 0.000027 0.000077 0.000194 0.000081 0.000042 
6054400 particles 1 1555 53 1.130000 2.157000  0.000031 0.000026 0.000073 0.000167 0.000077 0.000041 
6054400 particles 1 1555 53 1.130000 1.309000  0.000032 0.000025 0.000073 0.000156 0.000079 0.000041 
6054464 particles 1 1555 52 1.130000 1.924000  0.000030 0.000027 0.000073 0.000169 0.000079 0.000041 
6054464 particles 1 1555 52 1.130000 1.848000  0.000028 0.000024 0.000068 0.000138 0.000070 0.000038 
6054464 particles 1 1555 52 1.130000 2.154000  0.000043 0.000027 0.000095 0.000228 0.000094 0.000047 
6054528 particles 1 1555 52 1.130000 2.538000  0.000039 0.000026 0.000072 0.000164 0.000073 0.000039 
6054528 particles 1 1555 53 1.130000 2.077000  0.000030 0.000026 0.000090 0.000179 0.000104 0.000051 
6054592 particles 1 1555 53 1.130000 1.924000  0.002095 0.000691 0.001575 0.004041 0.001223 0.000558 
6054592 particles 1 1555 52 1.130000 1.309000  0.000227 0.000136 0.000321 0.000921 0.000328 0.000180 
6054592 particles 1 1555 53 1.130000 3.310000  0.000041 0.000026 0.000070 0.000159 0.000074 0.000039 
6054656 particles 1 1555 53 1.130000 1.616000  -0.492324 0.124797 0.266862 -0.492253 0.160086 0.066957 
6054656 particles 1 1555 53 1.130000 1.849000  0.000021 0.000017 0.000048 0.000113 0.000055 0.000028 
6054656 particles 1 1555 53 1.130000 2.464000  0.000028 0.000024 0.000065 0.000132 0.000068 0.000036 
6054720 particles 1 1555 53 1.130000 2.309000  0.000031 0.000025 0.000070 0.000161 0.000080 0.000040 
6054720 particles 1 1555 53 1.130000 1.695000  0.000029 0.000023 0.000065 0.000133 0.000067 0.000036 
6054784 particles 1 1555 53 1.130000 2.310000  0.000046 0.000026 0.000071 0.000169 0.000079 0.000040 
6054784 particles 1 1555 53 1.130000 2.385000  0.000028 0.000023 0.000064 0.000133 0.000066 0.000046 
6054784 particles 1 1555 53 1.130000 2.003000  0.000033 0.000026 0.000070 0.000177 0.000077 0.000039 
6054848 particles 1 1555 53 1.130000 2.232000  0.000027 0.000023 0.000064 0.000147 0.000068 0.000036 
6054848 particles 1 1555 53 1.130000 2.540000  0.000030 0.000025 0.000070 0.000167 0.000080 0.000040 
6054848 particles 1 1555 53 1.130000 1.848000  0.000027 0.000023 0.000064 0.000134 0.000066 0.000035 
6054912 particles 1 1555 53 1.130000 2.077000  0.000043 0.000036 0.000099 0.000216 0.000159 0.000075 
6054912 particles 1 1555 53 1.130000 2.080000  0.000040 0.000023 0.000063 0.000145 0.000066 0.000035 
6054912 particles 1 1555 53 1.130000 1.848000  0.000029 0.000023 0.000065 0.000159 0.000073 0.000038 
6054976 particles 1 1555 53 1.130000 2.463000  0.000040 0.000023 0.000063 0.000141 0.000064 0.000034 
6054976 particles 1 1555 53 1.130000 1.463000  0.000026 0.000022 0.000065 0.000164 0.000074 0.000038 
6054976 particles 1 1555 53 1.130000 1.616000  0.000112 0.000024 0.000067 0.000235 0.000070 0.000036 
6055040 particles 1 1555 53 1.130000 1.925000  0.000030 0.000024 0.000064 0.000132 0.000065 0.000035 
6055040 particles 1 1555 53 1.130000 1.695000  0.000028 0.000023 0.000064 0.000142 0.000072 0.000037 
6055040 particles 1 1555 53 1.130000 1.772000  0.000036 0.000024 0.000064 0.000136 0.000067 0.000035 
6055104 particles 1 1555 53 1.130000 2.928000  0.000036 0.000023 0.000064 0.000143 0.000068 0.000035 
6055104 particles 1 1555 52 1.130000 1.540000  0.000035 0.000022 0.000061 0.000132 0.000063 0.000034 
6055168 particles 1 1555 52 1.130000 2.154000  0.000038 0.000023 0.000064 0.000151 0.000068 0.000036 
6055168 particles 1 1555 52 1.130000 2.001000  0.000026 0.000021 0.000059 0.000125 0.000062 0.000033 
6055168 particles 1 1555 52 1.130000 2.157000  0.000026 0.000022 0.000063 0.000141 0.000070 0.000035 
6055232 particles 1 1555 52 1.130000 1.541000  0.000033 0.000027 0.000074 0.000294 0.000083 0.000040 
6055232 particles 1 1555 52 1.130000 1.695000  0.000028 0.000023 0.000062 0.000141 0.000070 0.000036 
6055232 particles 1 1555 52 1.130000 2.079000  0.000027 0.000022 0.000064 0.000144 0.000072 0.000037 
6055296 particles 1 1555 52 1.130000 1.694000  0.000031 0.000024 0.000066 0.000155 0.000073 0.000036 
6055296 particles 1 1555 52 1.130000 1.309000  0.000027 0.000023 0.000064 0.000152 0.000069 0.000036 
6055296 particles 1 1555 53 1.130000 1.693000  0.000025 0.000021 0.000058 0.000116 0.000060 0.000032 
6055360 particles 1 1555 53 1.130000 2.155000  0.000039 0.000024 0.000066 0.000167 0.000071 0.000036 
6055360 particles 1 1555 53 1.130000 2.078000  0.000043 0.000022 0.000062 0.000157 0.000062 0.000033 
6055360 particles 1 1555 53 1.130000 2.462000  0.000033 0.000023 0.000063 0.000154 0.000067 0.000035 
6055424 particles 1 1555 53 1.130000 1.540000  0.000033 0.000022 0.000060 0.000134 0.000063 0.000033 
6055424 particles 1 1555 53 1.130000 1.773000  0.000025 0.000022 0.000059 0.000132 0.000068 0.000035 
6055488 particles 1 1555 53 1.130000 2.849000  0.000038 0.000024 0.000069 0.000200 0.000075 0.000037 
6055488 particles 1 1555 53 1.130000 1.926000  0.000025 0.000022 0.000060 0.000145 0.000063 0.000033 
6055488 particles 1 1555 53 1.130000 2.079000  0.000027 0.000022 0.000061 0.000137 0.000069 0.000035 
6055552 particles 1 1555 53 1.130000 1.542000  0.000024 0.000020 0.000056 0.000112 0.000058 0.000031 
6055552 particles 1 1555 53 1.130000 1.463000  0.000036 0.000022 0.000060 0.000149 0.000068 0.000034 
6055552 particles 1 1555 53 1.130000 1.770000  0.000033 0.000021 0.000057 0.000121 0.000060 0.000032 
6055616 particles 1 1555 53 1.130000 2.155000  0.000025 0.000021 0.000060 0.000132 0.000067 0.000035 
6055616 particles 1 1555 53 1.130000 1.465000  0.000033 0.000022 0.000060 0.000152 0.000063 0.000033 
6055616 particles 1 1555 53 1.130000 2.154000  0.000026 0.000021 0.000059 0.000135 0.000067 0.000034 
6055680 particles 1 1555 53 1.130000 2.386000  0.000028 0.000023 0.000062 0.000138 0.000068 0.000034 
6055680 particles 1 1555 53 1.130000 1.926000  0.000030 0.000022 0.000060 0.000153 0.000067 0.000034 
6055680 particles 1 1555 53 1.130000 3.080000  0.000025 0.000021 0.000060 0.000136 0.000064 0.000033 
6055744 particles 1 1555 53 1.130000 1.924000  0.000028 0.000021 0.000059 0.000136 0.000066 0.000034 
6055744 particles 1 1555 53 1.130000 1.694000  0.000027 0.000022 0.000061 0.000147 0.000065 0.000033 
6055808 particles 1 1555 53 1.130000 2.002000  0.000025 0.000019 0.000054 0.000112 0.000056 0.000030 
6055808 particles 1 1555 53 1.130000 1.694000  0.000027 0.000021 0.000060 0.000138 0.000064 0.000033 
6055808 particles 1 1555 53 1.130000 2.387000  0.000025 0.000019 0.000054 0.000115 0.000056 0.000030 
6055872 particles 1 1555 53 1.130000 2.462000  0.000040 0.000021 0.000058 0.000133 0.000061 0.000032 
6055872 particles 1 1555 53 1.130000 1.772000  0.000024 0.000019 0.000053 0.000158 0.000059 0.000030 
6055872 particles 1 1555 53 1.130000 1.925000  0.000034 0.000022 0.000060 0.000163 0.000064 0.000033 
6055936 particles 1 1555 54 1.130000 2.156000  0.000032 0.000021 0.000058 0.000137 0.000061 0.000032 
6055936 particles 1 1555 54 1.130000 1.386000  0.000024 0.000020 0.000055 0.000117 0.000060 0.000031 
6055936 particles 1 1555 54 1.130000 2.849000  0.000036 0.000022 0.000060 0.000141 0.000066 0.000033 
6056000 particles 1 1555 54 1.130000 2.231000  0.000055 0.000023 0.000061 0.000151 0.000065 0.000033 
6056000 particles 1 1555 53 1.130000 1.694000  0.000035 0.000021 0.000058 0.000147 0.000065 0.000033 
6056000 particles 1 1555 53 1.130000 1.850000  0.000023 0.000019 0.000054 0.000126 0.000055 0.000030 
6056064 particles 1 1555 53 1.130000 2.542000  0.000025 0.000020 0.000057 0.000123 0.000062 0.000032 
6056064 particles 1 1555 53 1.130000 1.772000  0.000037 0.000019 0.000054 0.000132 0.000058 0.000030 
6056064 particles 1 1555 53 1.130000 2.155000  0.000024 0.000020 0.000057 0.000141 0.000062 0.000032 
6056128 particles 1 1555 54 1.130000 2.846000  0.000026 0.000021 0.000057 0.000132 0.000063 0.000032 
6056128 particles 1 1555 54 1.130000 1.849000  0.000043 0.000022 0.000059 0.000158 0.000065 0.000033 
6056192 particles 1 1555 54 1.130000 2.539000  0.000024 0.000020 0.000056 0.000154 0.000065 0.000032 
6056192 particles 1 1555 54 1.130000 2.388000  0.000025 0.000020 0.000056 0.000150 0.000063 0.000032 
6056192 particles 1 1555 53 1.130000 2.234000  0.000029 0.000020 0.000054 0.000119 0.000059 0.000031 
6056256 particles 1 1555 53 1.130000 1.539000  0.000023 0.000019 0.000052 0.000126 0.000055 0.000029 
6056256 particles 1 1555 53 1.130000 2.694000  0.000047 0.000024 0.000060 0.000160 0.000066 0.000032 
6056256 particles 1 1555 53 1.130000 2.231000  0.000024 0.000018 0.000051 0.000115 0.000052 0.000028 
6056320 particles 1 1555 53 1.130000 2.310000  0.000021 0.000018 0.000054 0.000134 0.000059 0.000031 
6056320 particles 1 1555 54 1.130000 1.464000  0.000034 0.000020 0.000056 0.000140 0.000056 0.000030 
6056320 particles 1 1555 54 1.130000 2.462000  0.000030 0.000019 0.000057 0.000142 0.000060 0.000031 
6056384 particles 1 1555 53 1.130000 1.850000  0.000026 0.000020 0.000056 0.000159 0.000063 0.000032 
6056384 particles 1 1555 53 1.130000 1.926000  0.000021 0.000019 0.000053 0.000140 0.000062 0.000031 
6056384 particles 1 1555 53 1.130000 2.542000  0.000094 0.000023 0.000063 0.000203 0.000069 0.000033 
6056448 particles 1 1555 53 1.130000 1.850000  0.000040 0.000020 0.000053 0.000117 0.000053 0.000028 
6056448 particles 1 1555 53 1.130000 2.617000  0.000024 0.000020 0.000055 0.000122 0.000060 0.000031 
6056512 particles 1 1555 53 1.130000 2.541000  0.000030 0.000019 0.000053 0.000138 0.000053 0.000028 
6056512 particles 1 1555 53 1.130000 2.001000  0.000040 0.000021 0.000059 0.000167 0.000063 0.000031 
6056512 particles 1 1555 53 1.130000 2.156000  0.000021 0.000018 0.000049 0.000106 0.000054 0.000029 
6056576 particles 1 1555 53 1.130000 2.079000  0.000035 0.000020 0.000055 0.000140 0.000060 0.000030 
6056576 particles 1 1555 53 1.130000 2.078000  0.000024 0.000019 0.000052 0.000119 0.000059 0.000030 
6056576 particles 1 1555 53 1.130000 1.847000  0.000025 0.000018 0.000051 0.000113 0.000052 0.000028 
6056640 particles 1 1555 53 1.130000 1.773000  0.000021 0.000019 0.000053 0.000134 0.000061 0.000030 
6056640 particles 1 1555 53 1.130000 2.231000  0.000035 0.000021 0.000060 0.000174 0.000063 0.000032 
6056640 particles 1 1555 53 1.130000 1.847000  0.000024 0.000019 0.000051 0.000121 0.000060 0.000030 
6056704 particles 1 1555 53 1.130000 1.539000  0.000030 0.000019 0.000052 0.000120 0.000057 0.000029 
6056704 particles 1 1555 53 1.130000 1.464000  0.000022 0.000018 0.000051 0.000109 0.000058 0.000030 
6056704 particles 1 1555 53 1.130000 2.154000  0.000026 0.000019 0.000053 0.000126 0.000058 0.000030 
6056768 particles 1 1555 53 1.130000 2.385000  0.000041 0.000020 0.000053 0.000129 0.000058 0.000030 
6056768 particles 1 1555 53 1.130000 2.001000  0.000022 0.000018 0.000052 0.000116 0.000058 0.000030 
6056768 particles 1 1555 53 1.130000 1.847000  0.000020 0.000017 0.000047 0.000333 0.000102 0.000047 
6056832 particles 1 1555 53 1.130000 2.156000  0.000025 0.000024 0.000061 0.000182 0.000067 0.000032 
6056832 particles 1 1555 53 1.130000 2.155000  0.000020 0.000017 0.000047 0.000092 0.000048 0.000026 
6056896 particles 1 1555 53 1.130000 1.772000  0.000021 0.000019 0.000068 0.000163 0.000077 0.000037 
6056896 particles 1 1555 53 1.130000 2.233000  0.000008 0.000006 0.000018 0.000039 0.000023 0.000011 
6056896 particles 1 1555 53 1.130000 1.386000  0.000067 0.000026 0.000078 0.000175 0.000082 0.000040 
6056960 particles 1 1555 53 1.130000 2.077000  0.000024 0.000018 0.000051 0.000115 0.000057 0.000029 
6056960 particles 1 1555 53 1.130000 2.309000  0.000030 0.000018 0.000048 0.000106 0.000050 0.000027 
6056960 particles 1 1555 53 1.130000 1.462000  0.000031 0.000019 0.000054 0.000145 0.000059 0.000030 
6057024 particles 1 1555 53 1.130000 2.081000  0.000029 0.000017 0.000046 0.000103 0.000048 0.000030 
6057024 particles 1 1555 53 1.130000 1.773000  0.000028 0.000018 0.000048 0.000109 0.000061 0.000033 
6057024 particles 1 1555 53 1.130000 2.234000  0.000023 0.000017 0.000049 0.000116 0.000055 0.000028 
6057088 particles 1 1555 53 1.130000 1.848000  0.525366 0.094718 0.204151 0.525445 0.122089 0.050925 
6057088 particles 1 1555 53 1.130000 2.080000  0.000022 0.000017 0.000047 0.000101 0.000050 0.000026 
6057152 particles 1 1555 53 1.130000 1.541000  0.000026 0.000017 0.000047 0.000102 0.000050 0.000026 
6057152 particles 1 1555 52 1.130000 2.387000  0.000020 0.000017 0.000060 0.000119 0.000069 0.000034 
6057152 particles 1 1555 52 1.130000 1.770000  0.000026 0.000017 0.000048 0.000126 0.000049 0.000026 
6057216 particles 1 1555 53 1.130000 2.384000  0.000027 0.000018 0.000048 0.000120 0.000054 0.000027 
6057216 particles 1 1555 53 1.130000 2.002000  0.000019 0.000017 0.000046 0.000093 0.000049 0.000026 
6057216 particles 1 1555 53 1.130000 2.000000  0.000020 0.000017 0.000059 0.000118 0.000069 0.000034 
6057280 particles 1 1555 53 1.130000 2.233000  0.000019 0.000016 0.000047 0.000112 0.000052 0.000026 
6057280 particles 1 1555 53 1.130000 1.926000  0.000023 0.000018 0.000047 0.000119 0.000052 0.000027 
6057280 particles 1 1555 53 1.130000 1.694000  0.000021 0.000016 0.000045 0.000105 0.000051 0.000027 
6057344 particles 1 1555 53 1.130000 1.387000  0.000021 0.000016 0.000047 0.000118 0.000050 0.000026 
6057344 particles 1 1555 53 1.130000 1.848000  0.000035 0.000020 0.000053 0.000155 0.000058 0.000028 
6057344 particles 1 1555 53 1.130000 1.695000  0.000025 0.000018 0.000049 0.000130 0.000055 0.000028 
6057408 particles 1 1555 53 1.130000 2.078000  0.000031 0.000020 0.000052 0.000183 0.000057 0.000029 
6057408 particles 1 1555 53 1.130000 1.616000  0.000025 0.000017 0.000047 0.000133 0.000049 0.000026 
6057472 particles 1 1555 53 1.130000 2.233000  0.000019 0.000016 0.000046 0.000106 0.000052 0.000027 
6057472 particles 1 1555 53 1.130000 2.078000  0.000019 0.000015 0.000044 0.000094 0.000046 0.000024 
6057472 particles 1 1555 53 1.130000 1.387000  0.000020 0.000017 0.000047 0.000112 0.000052 0.000026 
6057536 particles 1 1555 53 1.130000 1.925000  0.000018 0.000015 0.000043 0.000095 0.000049 0.000026 
6057536 particles 1 1555 53 1.130000 1.695000  0.000020 0.000016 0.000044 0.000094 0.000049 0.000026 
6057536 particles 1 1555 53 1.130000 2.079000  0.000019 0.000016 0.000059 0.000169 0.000069 0.000037 
6057600 particles 1 1555 53 1.130000 2.617000  0.000017 0.000015 0.000042 0.000083 0.000043 0.000023 
6057600 particles 1 1555 53 1.130000 1.849000  0.000018 0.000016 0.000045 0.000111 0.000049 0.000025 
6057600 particles 1 1555 54 1.130000 2.693000  0.000030 0.000016 0.000044 0.000114 0.000045 0.000024 
6057664 particles 1 1555 54 1.130000 2.158000  0.000019 0.000016 0.000043 0.000102 0.000049 0.000025 
6057664 particles 1 1555 53 1.130000 1.847000  0.000033 0.000017 0.000044 0.000101 0.000046 0.000024 
6057664 particles 1 1555 53 1.130000 2.001000  0.000018 0.000016 0.000043 0.000099 0.000047 0.000024 
6057728 particles 1 1555 53 1.130000 1.618000  0.000022 0.000015 0.000043 0.000113 0.000044 0.000023 
6057728 particles 1 1555 53 1.130000 1.541000  0.000019 0.000016 0.000043 0.000085 0.000046 0.000024 
6057792 particles 1 1555 53 1.130000 2.385000  0.000032 0.000017 0.000046 0.000130 0.000050 0.000026 
6057792 particles 1 1555 53 1.130000 1.924000  0.000020 0.000016 0.000045 0.000097 0.000048 0.000025 
6057792 particles 1 1555 54 1.130000 1.309000  0.000020 0.000015 0.000043 0.000101 0.000047 0.000025 
6057856 particles 1 1555 53 1.130000 1.387000  0.000019 0.000016 0.000046 0.000122 0.000051 0.000025 
6057856 particles 1 1555 53 1.130000 1.770000  0.000113 0.000020 0.000052 0.000194 0.000057 0.000027 
6057856 particles 1 1555 53 1.130000 2.000000  0.000017 0.000015 0.000041 0.000079 0.000042 0.000022 
6057920 particles 1 1555 53 1.130000 1.849000  0.000024 0.000016 0.000044 0.000105 0.000047 0.000024 
6057920 particles 1 1555 53 1.130000 1.926000  0.000020 0.000015 0.000041 0.000098 0.000043 0.000023 
6057920 particles 1 1555 53 1.130000 2.003000  0.000021 0.000016 0.000045 0.000112 0.000050 0.000025 
6057984 particles 1 1555 53 1.130000 1.618000  0.000018 0.000015 0.000042 0.000098 0.000043 0.000023 
6057984 particles 1 1555 53 1.130000 2.231000  0.000020 0.000015 0.000043 0.000093 0.000047 0.000024 
6057984 particles 1 1555 53 1.130000 2.234000  0.000027 0.000019 0.000049 0.000158 0.000053 0.000026 
6058048 particles 1 1555 53 1.130000 1.770000  0.000020 0.000015 0.000042 0.000094 0.000046 0.000024 
6058048 particles 1 1555 53 1.130000 2.234000  0.000025 0.000016 0.000044 0.000101 0.000049 0.000025 
6058048 particles 1 1555 53 1.130000 2.078000  0.000017 0.000014 0.000040 0.000079 0.000042 0.000022 
6058112 particles 1 1555 53 1.130000 2.311000  0.000018 0.000015 0.000042 0.000088 0.000045 0.000024 
6058112 particles 1 1555 53 1.130000 1.465000  0.000025 0.000016 0.000042 0.000105 0.000044 0.000023 
6058176 particles 1 1555 53 1.130000 2.000000  0.000026 0.000016 0.000043 0.000099 0.000045 0.000023 
6058176 particles 1 1555 53 1.130000 2.311000  0.000028 0.000017 0.000048 0.000133 0.000051 0.000026 
6058176 particles 1 1555 53 1.130000 2.001000  0.000019 0.000015 0.000044 0.000107 0.000048 0.000025 
6058240 particles 1 1555 53 1.130000 1.232000  0.000017 0.000015 0.000042 0.000109 0.000048 0.000024 
6058240 particles 1 1555 54 1.130000 1.539000  0.000017 0.000014 0.000039 0.000078 0.000041 0.000022 
6058240 particles 1 1555 54 1.130000 2.003000  0.000019 0.000015 0.000041 0.000093 0.000046 0.000024 
6058304 particles 1 1555 53 1.130000 1.695000  0.000024 0.000015 0.000041 0.000099 0.000043 0.000022 
6058304 particles 1 1555 53 1.130000 1.695000  0.000017 0.000015 0.000041 0.000088 0.000046 0.000023 
6058304 particles 1 1555 53 1.130000 2.849000  0.000019 0.000015 0.000042 0.000094 0.000048 0.000024 
6058368 particles 1 1555 53 1.130000 1.541000  0.000019 0.000015 0.000041 0.000100 0.000046 0.000024 
6058368 particles 1 1555 53 1.130000 1.848000  0.000027 0.000016 0.000045 0.000116 0.000049 0.000024 
6058368 particles 1 1555 53 1.130000 2.231000  0.000024 0.000015 0.000042 0.000103 0.000047 0.000024 
6058432 particles 1 1555 53 1.130000 2.308000  0.000025 0.000015 0.000041 0.000101 0.000047 0.000024 
6058432 particles 1 1555 53 1.130000 1.542000  0.000021 0.000015 0.000042 0.000115 0.000043 0.000023 
6058432 particles 1 1555 53 1.130000 1.309000  0.000017 0.000015 0.000043 0.000115 0.000049 0.000025 
6058496 particles 1 1555 54 1.130000 1.616000  0.000018 0.000014 0.000038 0.000085 0.000040 0.000021 
6058496 particles 1 1555 54 1.130000 2.077000  0.000016 0.000015 0.000040 0.000085 0.000043 0.000022 
6058560 particles 1 1555 53 1.130000 1.464000  0.000017 0.000014 0.000038 0.000077 0.000040 0.000021 
6058560 particles 1 1555 53 1.130000 1.848000  0.000017 0.000015 0.000041 0.000099 0.000045 0.000023 
6058560 particles 1 1555 53 1.130000 2.541000  0.000023 0.000016 0.000044 0.000111 0.000048 0.000024 
6058624 particles 1 1555 53 1.130000 1.773000  0.000021 0.000014 0.000047 0.000175 0.000050 0.000025 
6058624 particles 1 1555 54 1.130000 2.310000  0.000027 0.000020 0.000051 0.000142 0.000101 0.000047 
6058624 particles 1 1555 53 1.130000 2.155000  0.000021 0.000014 0.000038 0.000080 0.000039 0.000021 
6058688 particles 1 1555 53 1.130000 2.310000  0.000020 0.000015 0.000040 0.000092 0.000045 0.000023 
6058688 particles 1 1555 53 1.130000 1.387000  0.000018 0.000014 0.000038 0.000087 0.000042 0.000022 
6058688 particles 1 1555 53 1.130000 1.540000  0.000024 0.000015 0.000051 0.000118 0.000050 0.000029 
6058752 particles 1 1555 53 1.130000 2.463000  0.000027 0.000015 0.000042 0.000105 0.000044 0.000023 
6058752 particles 1 1555 53 1.130000 2.155000  0.000023 0.000015 0.000041 0.000104 0.000044 0.000023 
6058752 particles 1 1555 53 1.130000 2.924000  0.000022 0.000015 0.000039 0.000087 0.000042 0.000022 
6058816 particles 1 1555 53 1.130000 2.155000  0.000019 0.000014 0.000038 0.000079 0.000040 0.000021 
6058816 particles 1 1555 53 1.130000 1.848000  0.032389 0.027639 0.097510 0.196129 0.112856 0.055468 
6058880 particles 1 1555 53 1.130000 2.077000  0.007059 0.003195 0.008924 0.025546 0.009267 0.004729 
6058880 particles 1 1555 53 1.130000 1.771000  0.002060 0.001643 0.004633 0.010443 0.005257 0.002696 
6058880 particles 1 1555 53 1.130000 2.001000  0.002071 0.001057 0.002895 0.006939 0.002978 0.001618 
6058944 particles 1 1555 53 1.130000 2.154000  0.001439 0.000929 0.002571 0.005794 0.002848 0.001514 
6058944 particles 1 1555 53 1.130000 2.465000  0.001126 0.000900 0.002469 0.005545 0.002788 0.001414 
6058944 particles 1 1555 53 1.130000 2.309000  0.004052 0.000934 0.002333 0.008434 0.002581 0.001233 
6059008 particles 1 1555 53 1.130000 2.156000  0.001378 0.000708 0.001971 0.004975 0.002169 0.001096 
6059008 particles 1 1555 53 1.130000 2.386000  0.000670 0.000573 0.001605 0.003217 0.001642 0.000887 
6059008 particles 1 1555 53 1.130000 2.232000  0.000923 0.000550 0.001506 0.003627 0.001757 0.000879 
6059072 particles 1 1555 53 1.130000 1.694000  0.000675 0.000473 0.001341 0.003053 0.001413 0.000747 
6059072 particles 1 1555 53 1.130000 1.693000  0.000659 0.000526 0.001402 0.003522 0.001536 0.000775 
6059072 particles 1 1555 53 1.130000 3.000000  0.000703 0.000445 0.001201 0.002946 0.001344 0.000679 
6059136 particles 1 1555 53 1.130000 1.540000  0.000410 0.000378 0.001034 0.002477 0.001111 0.000574 
6059136 particles 1 1555 53 1.130000 2.618000  0.000620 0.000354 0.000965 0.002216 0.001049 0.000537 
6059136 particles 1 1555 53 1.130000 1.771000  0.000408 0.000316 0.000866 0.002141 0.000997 0.000514 
6059200 particles 1 1555 53 1.130000 1.694000  0.000386 0.000309 0.000861 0.002112 0.000934 0.000472 
6059200 particles 1 1555 53 1.130000 2.620000  0.000297 0.000248 0.000704 0.001575 0.000725 0.000390 
6059264 particles 1 1555 53 1.130000 2.387000  0.000310 0.000256 0.000710 0.001690 0.000803 0.000410 
6059264 particles 1 1555 53 1.130000 1.387000  0.000337 0.000276 0.000772 0.002245 0.000832 0.000417 
6059264 particles 1 1555 53 1.130000 2.157000  0.000301 0.000237 0.000668 0.001519 0.000760 0.000386 
6059328 particles 1 1555 53 1.130000 2.465000  0.000291 0.000228 0.000624 0.001422 0.000660 0.000341 
6059328 particles 1 1555 53 1.130000 1.386000  0.000151 0.000072 0.000196 0.000491 0.000215 0.000109 
6059328 particles 1 1555 53 1.130000 2.234000  0.000071 0.000063 0.000181 0.000393 0.000199 0.000104 
6059392 particles 1 1555 53 1.130000 1.694000  0.000379 0.000182 0.000494 0.001191 0.000522 0.000273 
6059392 particles 1 1555 53 1.130000 2.002000  0.000194 0.000174 0.000487 0.001011 0.000517 0.000273 
6059392 particles 1 1555 53 1.130000 2.002000  0.000397 0.000185 0.000508 0.001308 0.000548 0.000279 
6059456 particles 1 1555 53 1.130000 1.847000  0.000220 0.000172 0.000465 0.001104 0.000502 0.000253 
6059456 particles 1 1555 53 1.130000 2.464000  0.000263 0.000160 0.000435 0.001126 0.000485 0.000252 
6059456 particles 1 1555 53 1.130000 2.462000  0.000209 0.000170 0.000458 0.001119 0.000493 0.000249 
6059520 particles 1 1555 54 1.130000 2.234000  0.000218 0.000158 0.000433 0.001011 0.000481 0.000248 
6059520 particles 1 1555 54 1.130000 1.617000  0.000178 0.000142 0.000397 0.000939 0.000412 0.000216 
6059584 particles 1 1555 53 1.130000 1.309000  0.000244 0.000149 0.000407 0.001013 0.000450 0.000231 
6059584 particles 1 1555 53 1.130000 1.541000  0.117719 0.023198 0.048003 0.117980 0.027381 0.011811 
6059584 particles 1 1555 53 1.130000 2.080000  0.000070 0.000057 0.000171 0.000465 0.000187 0.000098 
6059648 particles 1 1555 53 1.130000 2.385000  0.000148 0.000126 0.000354 0.000701 0.000367 0.000196 
6059648 particles 1 1555 53 1.130000 2.464000  0.000178 0.000135 0.000380 0.000900 0.000422 0.000218 
6059648 particles 1 1555 53 1.130000 1.386000  0.000208 0.000135 0.000373 0.000938 0.000384 0.000199 
6059712 particles 1 1555 53 1.130000 2.310000  0.000166 0.000129 0.000371 0.000930 0.000410 0.000209 
6059712 particles 1 1555 53 1.130000 1.464000  0.000142 0.000123 0.000341 0.000759 0.000375 0.000194 
6059712 particles 1 1555 53 1.130000 1.772000  0.000156 0.000129 0.000353 0.000814 0.000393 0.000202 
6059776 particles 1 1555 53 1.130000 2.464000  0.000223 0.000128 0.000346 0.000862 0.000373 0.000189 
6059776 particles 1 1555 53 1.130000 1.309000  0.000151 0.000120 0.000337 0.000746 0.000372 0.000191 
6059776 particles 1 1555 53 1.130000 2.159000  0.000151 0.000126 0.000351 0.000860 0.000395 0.000200 
6059840 particles 1 1555 53 1.130000 2.541000  0.000244 0.000123 0.000334 0.000812 0.000333 0.000176 
6059840 particles 1 1555 53 1.130000 1.386000  0.000165 0.000119 0.000336 0.000904 0.000384 0.000190 
6059840 particles 1 1555 53 1.130000 2.000000  0.000165 0.000113 0.000316 0.000772 0.000329 0.000173 
6059904 particles 1 1555 53 1.130000 1.617000  0.000196 0.000122 0.000338 0.000817 0.000365 0.000184 
6059904 particles 1 1555 53 1.130000 1.770000  0.000130 0.000109 0.000300 0.000606 0.000319 0.000168 
6059968 particles 1 1555 53 1.130000 1.926000  0.000142 0.000107 0.000299 0.000692 0.000322 0.000167 
6059968 particles 1 1555 53 1.130000 1.849000  0.000117 0.000103 0.000282 0.000554 0.000301 0.000158 
6059968 particles 1 1555 53 1.130000 1.925000  0.000118 0.000094 0.000262 0.000532 0.000273 0.000145 
6060032 particles 1 1555 53 1.130000 2.849000  0.000226 0.000110 0.000293 0.000716 0.000318 0.000159 
6060032 particles 1 1555 52 1.130000 2.233000  0.000108 0.000089 0.000248 0.000531 0.000261 0.000139 
6060032 particles 1 1555 52 1.130000 2.157000  0.000144 0.000098 0.000280 0.000816 0.000312 0.000157 
6060096 particles 1 1555 52 1.130000 2.082000  0.000125 0.000093 0.000263 0.000709 0.000292 0.000147 
6060096 particles 1 1555 52 1.130000 2.003000  0.000104 0.000090 0.000249 0.000557 0.000265 0.000138 
6060096 particles 1 1555 52 1.130000 2.390000  0.000108 0.000086 0.000234 0.000489 0.000273 0.000137 
6060160 particles 1 1555 52 1.130000 2.234000  0.268444 0.046626 0.100226 0.268684 0.059806 0.024754 
6060160 particles 1 1555 53 1.130000 1.925000  0.000107 0.000086 0.000239 0.000522 0.000266 0.000137 
6060160 particles 1 1555 53 1.130000 1.925000  0.000036 0.000030 0.000086 0.000184 0.000110 0.000054 
6060224 particles 1 1555 53 1.130000 2.005000  0.000048 0.000041 0.000113 0.000234 0.000122 0.000065 
6060224 particles 1 1555 53 1.130000 2.541000  0.000115 0.000075 0.000205 0.000448 0.000216 0.000113 
6060288 particles 1 1555 53 1.130000 2.003000  0.000086 0.000076 0.000208 0.000443 0.000229 0.000120 
6060288 particles 1 1555 52 1.130000 1.540000  0.000116 0.000073 0.000206 0.000457 0.000208 0.000111 
6060288 particles 1 1555 52 1.130000 2.002000  0.000093 0.000070 0.000198 0.000449 0.000225 0.000116 
6060352 particles 1 1555 52 1.130000 2.001000  0.000092 0.000071 0.000200 0.000486 0.000209 0.000112 
6060352 particles 1 1555 52 1.130000 1.618000  0.000085 0.000111 0.000266 0.000676 0.000266 0.000131 
6060352 particles 1 1555 52 1.130000 1.541000  0.000119 0.000072 0.000203 0.000474 0.000219 0.000112 
6060416 particles 1 1555 52 1.130000 1.541000  0.000108 0.000071 0.000197 0.000461 0.000216 0.000114 
6060416 particles 1 1555 52 1.130000 2.771000  0.000080 0.000068 0.000191 0.000416 0.000211 0.000110 
6060416 particles 1 1555 52 1.130000 2.002000  0.000117 0.000073 0.000205 0.000487 0.000224 0.000113 
6060480 particles 1 1555 52 1.130000 2.463000  0.000113 0.000069 0.000188 0.000503 0.000214 0.000110 
6060480 particles 1 1555 52 1.130000 1.541000  0.000076 0.000063 0.000176 0.000362 0.000185 0.000100 
6060480 particles 1 1555 52 1.130000 2.079000  0.000156 0.000078 0.000215 0.000868 0.000243 0.000118 
6060544 particles 1 1555 53 1.130000 1.926000  0.000082 0.000064 0.000185 0.000465 0.000196 0.000102 
6060544 particles 1 1555 53 1.130000 1.618000  0.000079 0.000100 0.000239 0.000532 0.000238 0.000133 
6060608 particles 1 1555 52 1.130000 2.466000  0.000159 0.000072 0.000200 0.000521 0.000218 0.000111 
6060608 particles 1 1555 52 1.130000 2.311000  0.000075 0.000062 0.000171 0.000428 0.000192 0.000098 
6060608 particles 1 1555 53 1.130000 2.693000  0.150158 0.023667 0.050152 0.150342 0.031947 0.012992 
6060672 particles 1 1555 53 1.130000 1.540000  0.000047 0.000035 0.000096 0.000202 0.000103 0.000055 
6060672 particles 1 1555 53 1.130000 1.694000  0.000076 0.000063 0.000173 0.000400 0.000190 0.000104 
6060672 particles 1 1555 53 1.130000 2.002000  0.000067 0.000057 0.000160 0.000318 0.000166 0.000090 
6060736 particles 1 1555 53 1.130000 2.155000  0.000114 0.000064 0.000174 0.000443 0.000188 0.000096 
6060736 particles 1 1555 53 1.130000 1.464000  0.000065 0.000056 0.000157 0.000308 0.000162 0.000087 
6060736 particles 1 1555 53 1.130000 1.848000  0.000112 0.000062 0.000175 0.000469 0.000194 0.000097 
6060800 particles 1 1555 53 1.130000 2.159000  0.000071 0.000059 0.000165 0.000396 0.000181 0.000094 
6060800 particles 1 1555 53 1.130000 2.155000  0.000117 0.000068 0.000183 0.000473 0.000200 0.000100 
6060800 particles 1 1555 53 1.130000 2.001000  0.000068 0.000084 0.000203 0.000476 0.000234 0.000128 
6060864 particles 1 1555 52 1.130000 2.078000  0.000063 0.000053 0.000149 0.000296 0.000154 0.000082 
6060864 particles 1 1555 52 1.130000 2.233000  0.000065 0.000056 0.000161 0.000359 0.000179 0.000092 
6060864 particles 1 1555 52 1.130000 1.541000  0.000061 0.000052 0.000145 0.000281 0.000150 0.000080 
6060928 particles 1 1555 52 1.130000 1.849000  0.000067 0.000053 0.000149 0.000326 0.000165 0.000086 
6060928 particles 1 1555 52 1.130000 1.695000  0.000089 0.000052 0.000143 0.000316 0.000148 0.000079 
6060992 particles 1 1555 52 1.130000 2.386000  0.000074 0.000056 0.000172 0.000530 0.000188 0.000091 
6060992 particles 1 1555 53 1.130000 2.001000  0.000100 0.000052 0.000146 0.000358 0.000149 0.000079 
6060992 particles 1 1555 53 1.130000 2.388000  0.000059 0.000052 0.000148 0.000352 0.000165 0.000086 
6061056 particles 1 1555 53 1.130000 1.849000  0.000256 0.000074 0.000200 0.000504 0.000202 0.000096 
6061056 particles 1 1555 53 1.130000 2.463000  0.000066 0.000051 0.000142 0.000326 0.000157 0.000081 
6061056 particles 1 1555 53 1.130000 2.928000  0.000059 0.000050 0.000140 0.000323 0.000157 0.000081 
6061120 particles 1 1555 53 1.130000 1.619000  0.000058 0.000049 0.000137 0.000301 0.000143 0.000076 
6061120 particles 1 1555 53 1.130000 2.078000  0.000076 0.000051 0.000180 0.000398 0.000205 0.000100 
6061120 particles 1 1555 52 1.130000 1.695000  0.000095 0.000053 0.000148 0.000396 0.000153 0.000079 
6061184 particles 1 1555 52 1.130000 1.616000  0.000056 0.000049 0.000138 0.000313 0.000153 0.000079 
6061184 particles 1 1555 53 1.130000 1.617000  0.000053 0.000048 0.000135 0.000297 0.000152 0.000079 
6061184 particles 1 1555 53 1.130000 1.849000  0.000084 0.000047 0.000130 0.000309 0.000135 0.000070 
6061248 particles 1 1555 53 1.130000 2.157000  0.000067 0.000049 0.000141 0.000367 0.000154 0.000080 
6061248 particles 1 1555 53 1.130000 2.233000  0.073929 0.215511 0.463068 0.073998 0.275827 0.116012 
6061312 particles 1 1555 53 1.130000 1.924000  0.000055 0.000047 0.000136 0.000342 0.000151 0.000077 
6061312 particles 1 1555 53 1.130000 2.465000  0.000063 0.000050 0.000135 0.000299 0.000151 0.000077 
6061312 particles 1 1555 53 1.130000 1.387000  0.000059 0.000048 0.000134 0.000311 0.000151 0.000078 
6061376 particles 1 1555 53 1.130000 2.308000  0.000055 0.000046 0.000127 0.000253 0.000134 0.000071 
6061376 particles 1 1555 53 1.130000 2.234000  0.000050 0.000044 0.000122 0.000243 0.000126 0.000068 
6061376 particles 1 1555 53 1.130000 2.235000  0.000071 0.000050 0.000135 0.000353 0.000147 0.000076 
6061440 particles 1 1555 53 1.130000 2.387000  0.000051 0.000043 0.000120 0.000234 0.000124 0.000066 
6061440 particles 1 1555 53 1.130000 2.387000  0.000054 0.000045 0.000123 0.000245 0.000159 0.000080 
6061440 particles 1 1555 53 1.130000 2.309000  0.000087 0.000049 0.000134 0.000352 0.000142 0.000072 
6061504 particles 1 1555 53 1.130000 1.618000  0.000085 0.000049 0.000131 0.000301 0.000142 0.000072 
6061504 particles 1 1555 53 1.130000 2.156000  0.000053 0.000044 0.000120 0.000248 0.000129 0.000067 
6061504 particles 1 1555 53 1.130000 2.078000  0.000060 0.000045 0.000126 0.000290 0.000138 0.000071 
6061568 particles 1 1555 52 1.130000 2.156000  0.000055 0.000045 0.000122 0.000269 0.000133 0.000068 
6061568 particles 1 1555 52 1.130000 1.694000  0.000047 0.000041 0.000113 0.000256 0.000116 0.000062 
6061632 particles 1 1555 52 1.130000 2.155000  0.000067 0.000045 0.000124 0.000306 0.000135 0.000068 
6061632 particles 1 1555 52 1.130000 2.771000  0.000048 0.000041 0.000113 0.000278 0.000122 0.000064 
6061632 particles 1 1555 52 1.130000 1.772000  0.000057 0.000043 0.000119 0.000282 0.000134 0.000068 
6061696 particles 1 1555 53 1.130000 1.540000  0.000061 0.000040 0.000110 0.000248 0.000113 0.000060 
6061696 particles 1 1555 53 1.130000 1.540000  0.000055 0.000044 0.000120 0.000274 0.000129 0.000066 
6061696 particles 1 1555 52 1.130000 1.616000  0.000057 0.000040 0.000114 0.000255 0.000123 0.000063 
6061760 particles 1 1555 52 1.130000 1.387000  0.000104 0.000046 0.000123 0.000333 0.000131 0.000065 
6061760 particles 1 1555 52 1.130000 2.464000  0.000046 0.000039 0.000107 0.000211 0.000114 0.000060 
6061760 particles 1 1555 52 1.130000 2.005000  0.000067 0.000038 0.000104 0.000256 0.000111 0.000058 
6061824 particles 1 1555 53 1.130000 1.540000  0.000045 0.000039 0.000106 0.000213 0.000113 0.000059 
6061824 particles 1 1555 53 1.130000 2.308000  0.000060 0.000037 0.000105 0.000240 0.000108 0.000057 
6061824 particles 1 1555 53 1.130000 2.385000  0.000059 0.000040 0.000109 0.000250 0.000114 0.000060 
6061888 particles 1 1555 53 1.130000 2.234000  0.000062 0.000037 0.000104 0.000236 0.000106 0.000057 
6061888 particles 1 1555 53 1.130000 1.847000  0.000046 0.000038 0.000104 0.000210 0.000111 0.000058 
6061888 particles 1 1555 53 1.130000 2.541000  0.000068 0.000040 0.000109 0.000299 0.000114 0.000058 
6061952 particles 1 1555 53 1.130000 1.847000  0.000054 0.000038 0.000109 0.000264 0.000119 0.000062 
6061952 particles 1 1555 53 1.130000 2.001000  0.000066 0.000040 0.000108 0.000265 0.000120 0.000060 
6062016 particles 1 1555 53 1.130000 1.696000  0.000048 0.000038 0.000106 0.000253 0.000119 0.000061 
6062016 particles 1 1555 53 1.130000 1.847000  0.000047 0.000038 0.000104 0.000225 0.000116 0.000059 
6062016 particles 1 1555 53 1.130000 1.387000  0.000058 0.000036 0.000099 0.000207 0.000100 0.000054 
6062080 particles 1 1555 53 1.130000 2.235000  0.000077 0.000041 0.000116 0.000337 0.000128 0.000064 
6062080 particles 1 1555 53 1.130000 2.386000  0.000041 0.000034 0.000095 0.000185 0.000098 0.000053 
6062080 particles 1 1555 53 1.130000 2.077000  0.000043 0.000036 0.000099 0.000211 0.000105 0.000055 
6062144 particles 1 1555 53 1.130000 1.772000  0.000050 0.000037 0.000106 0.000265 0.000117 0.000059 
6062144 particles 1 1555 53 1.130000 1.462000  0.000066 0.000038 0.000109 0.000308 0.000119 0.000061 
6062144 particles 1 1555 53 1.130000 1.694000  0.000074 0.000040 0.000108 0.000269 0.000119 0.000060 
6062208 particles 1 1555 53 1.130000 2.387000  0.764406 0.113152 0.218385 0.764564 0.138934 0.055773 
6062208 particles 1 1555 53 1.130000 1.847000  0.000057 0.000037 0.000101 0.000242 0.000128 0.000063 
6062272 particles 1 1555 53 1.130000 1.924000  0.000044 0.000035 0.000099 0.000227 0.000111 0.000057 
6062272 particles 1 1555 53 1.130000 1.387000  0.000042 0.000034 0.000099 0.000251 0.000108 0.000056 
6062272 particles 1 1555 53 1.130000 2.077000  0.000049 0.000036 0.000102 0.000240 0.000112 0.000056 
6062336 particles 1 1555 53 1.130000 2.388000  0.000055 0.000036 0.000100 0.000265 0.000124 0.000060 
6062336 particles 1 1555 53 1.130000 2.308000  0.000050 0.000035 0.000098 0.000220 0.000107 0.000055 
6062336 particles 1 1555 53 1.130000 1.926000  0.000041 0.000032 0.000088 0.000180 0.000091 0.000049 
6062400 particles 1 1555 53 1.130000 2.462000  0.000047 0.000035 0.000097 0.000263 0.000106 0.000055 
6062400 particles 1 1555 53 1.130000 1.693000  0.000037 0.000032 0.000093 0.000213 0.000096 0.000050 
6062400 particles 1 1555 53 1.130000 1.925000  0.000064 0.000041 0.000111 0.000355 0.000128 0.000060 
6062464 particles 1 1555 53 1.130000 1.464000  0.000049 0.000035 0.000094 0.000212 0.000105 0.000054 
6062464 particles 1 1555 53 1.130000 2.154000  0.000042 0.000032 0.000089 0.000198 0.000101 0.000052 
6062464 particles 1 1555 53 1.130000 3.003000  0.000060 0.000035 0.000107 0.000404 0.000117 0.000057 
6062528 particles 1 1555 53 1.130000 2.002000  0.000092 0.000041 0.000103 0.000277 0.000103 0.000052 
6062528 particles 1 1555 53 1.130000 2.308000  0.000041 0.000032 0.000089 0.000195 0.000098 0.000050 
6062528 particles 1 1555 53 1.130000 2.154000  0.000035 0.000030 0.000083 0.000163 0.000086 0.000046 
6062592 particles 1 1555 53 1.130000 2.001000  0.000040 0.000032 0.000090 0.000203 0.000102 0.000051 
6062592 particles 1 1555 53 1.130000 1.541000  0.000043 0.000029 0.000081 0.000192 0.000087 0.000047 
6062656 particles 1 1555 53 1.130000 2.234000  0.000046 0.000033 0.000089 0.000201 0.000099 0.000050 
6062656 particles 1 1555 53 1.130000 1.926000  0.000145 0.000040 0.000101 0.000300 0.000108 0.000053 
6062656 particles 1 1555 53 1.130000 1.772000  0.000041 0.000038 0.000100 0.000281 0.000105 0.000051 
6062720 particles 1 1555 53 1.130000 2.388000  0.000145 0.000037 0.000104 0.000375 0.000120 0.000057 
6062720 particles 1 1555 53 1.130000 2.311000  0.000124 0.000155 0.000376 0.000749 0.000437 0.000215 
6062720 particles 1 1555 53 1.130000 2.847000  0.000119 0.000104 0.000285 0.000580 0.000304 0.000159 
6062784 particles 1 1555 52 1.130000 1.386000  0.000037 0.000036 0.000090 0.000314 0.000106 0.000050 
6062784 particles 1 1555 52 1.130000 1.617000  0.000041 0.000030 0.000081 0.000186 0.000093 0.000047 
6062784 particles 1 1555 53 1.130000 2.232000  0.000043 0.000028 0.000078 0.000174 0.000080 0.000042 
6062848 particles 1 1555 53 1.130000 1.541000  0.000038 0.000029 0.000095 0.000280 0.000109 0.000053 
6062848 particles 1 1555 53 1.130000 2.231000  0.000042 0.000028 0.000076 0.000190 0.000079 0.000042 
6062848 particles 1 1555 53 1.130000 1.925000  0.000059 0.000031 0.000089 0.000253 0.000095 0.000048 
6062912 particles 1 1555 53 1.130000 1.695000  0.000049 0.000031 0.000089 0.000267 0.000097 0.000048 
6062912 particles 1 1555 53 1.130000 1.771000  0.000052 0.000031 0.000085 0.000224 0.000098 0.000048 
6062976 particles 1 1555 53 1.130000 2.463000  0.000074 0.000031 0.000083 0.000219 0.000091 0.000046 
6062976 particles 1 1555 53 1.130000 1.928000  0.000049 0.000029 0.000077 0.000173 0.000079 0.000041 
6062976 particles 1 1555 53 1.130000 2.080000  0.000034 0.000028 0.000078 0.000176 0.000088 0.000045 
6063040 particles 1 1555 53 1.130000 2.157000  0.000042 0.000028 0.000078 0.000184 0.000079 0.000041 
6063040 particles 1 1555 53 1.130000 2.079000  0.000039 0.000029 0.000079 0.000178 0.000091 0.000045 
6063040 particles 1 1555 53 1.130000 1.926000  0.000040 0.000026 0.000075 0.000193 0.000078 0.000041 
6063104 particles 1 1555 53 1.130000 1.617000  0.000032 0.000027 0.000076 0.000183 0.000085 0.000044 
6063104 particles 1 1555 53 1.130000 1.771000  0.000032 0.000026 0.000074 0.000166 0.000079 0.000041 
6063104 particles 1 1555 53 1.130000 1.925000  0.000038 0.000027 0.000076 0.000181 0.000085 0.000043 
6063168 particles 1 1555 53 1.130000 2.771000  0.000042 0.000028 0.000076 0.000172 0.000084 0.000043 
6063168 particles 1 1555 52 1.130000 2.311000  0.000031 0.000026 0.000071 0.000146 0.000076 0.000040 
6063168 particles 1 1555 52 1.130000 2.002000  0.000063 0.000032 0.000091 0.000293 0.000094 0.000045 
6063232 particles 1 1555 52 1.130000 1.696000  0.000039 0.000026 0.000073 0.000186 0.000075 0.000040 
6063232 particles 1 1555 52 1.130000 1.693000  0.000054 0.000029 0.000083 0.000249 0.000092 0.000045 
6063232 particles 1 1555 53 1.130000 1.925000  0.000045 0.000027 0.000076 0.000204 0.000082 0.000041 
6063296 particles 1 1555 53 1.130000 1.693000  0.000020 0.000017 0.000048 0.000096 0.000051 0.000027 
6063296 particles 1 1555 53 1.130000 2.695000  0.000032 0.000026 0.000072 0.000161 0.000079 0.000041 
6063360 particles 1 1555 53 1.130000 1.925000  0.000033 0.000026 0.000069 0.000158 0.000076 0.000040 
6063360 particles 1 1555 53 1.130000 2.003000  0.000032 0.000026 0.000072 0.000160 0.000079 0.000040 
6063360 particles 1 1555 53 1.130000 2.234000  0.000042 0.000025 0.000068 0.000162 0.000069 0.000037 
6063424 particles 1 1555 53 1.130000 2.309000  0.000032 0.000024 0.000069 0.000156 0.000076 0.000039 
6063424 particles 1 1555 53 1.130000 1.848000  0.000061 0.000027 0.000073 0.000185 0.000076 0.000039 
6063424 particles 1 1555 53 1.130000 1.925000  0.000028 0.000024 0.000066 0.000132 0.000071 0.000037 
6063488 particles 1 1555 53 1.130000 2.542000  0.000053 0.000029 0.000078 0.000235 0.000084 0.000042 
6063488 particles 1 1555 53 1.130000 2.313000  0.000028 0.000023 0.000066 0.000154 0.000068 0.000036 
6063488 particles 1 1555 53 1.130000 2.387000  0.000033 0.000026 0.000071 0.000170 0.000079 0.000040 
6063552 particles 1 1555 53 1.130000 2.386000  0.000031 0.000024 0.000064 0.000153 0.000067 0.000036 
6063552 particles 1 1555 53 1.130000 2.233000  0.000033 0.000025 0.000068 0.000160 0.000077 0.000039 
6063552 particles 1 1555 53 1.130000 1.770000  0.000042 0.000024 0.000069 0.000191 0.000087 0.000044 
6063616 particles 1 1555 53 1.130000 2.000000  0.000050 0.000027 0.000072 0.000207 0.000080 0.000039 
6063616 particles 1 1555 53 1.130000 2.849000  0.000028 0.000023 0.000066 0.000147 0.000074 0.000038 
6063680 particles 1 1555 53 1.130000 1.387000  0.000029 0.000023 0.000064 0.000147 0.000070 0.000036 
6063680 particles 1 1555 53 1.130000 1.849000  0.000046 0.000025 0.000068 0.000167 0.000073 0.000037 
6063680 particles 1 1555 53 1.130000 1.924000  0.000026 0.000023 0.000062 0.000122 0.000065 0.000035 
6063744 particles 1 1555 53 1.130000 1.924000  0.000033 0.000023 0.000065 0.000151 0.000074 0.000037 
6063744 particles 1 1555 53 1.130000 2.155000  0.000042 0.000023 0.000064 0.000155 0.000066 0.000034 
6063744 particles 1 1555 53 1.130000 2.234000  0.000025 0.000023 0.000063 0.000139 0.000080 0.000038 
6063808 particles 1 1555 54 1.130000 2.155000  0.000025 0.000026 0.000067 0.000183 0.000067 0.000035 
6063808 particles 1 1555 54 1.130000 1.694000  0.000029 0.000023 0.000062 0.000161 0.000072 0.000038 
6063808 particles 1 1555 53 1.130000 1.540000  0.000033 0.000023 0.000063 0.000155 0.000063 0.000033 
6063872 particles 1 1555 53 1.130000 2.156000  0.000030 0.000023 0.000063 0.000138 0.000069 0.000035 
6063872 particles 1 1555 53 1.130000 2.002000  0.000027 0.000021 0.000064 0.000185 0.000067 0.000037 
6063872 particles 1 1555 53 1.130000 1.694000  0.000030 0.000023 0.000063 0.000223 0.000077 0.000039 
6063936 particles 1 1555 53 1.130000 1.616000  0.000034 0.000024 0.000064 0.000155 0.000067 0.000035 
6063936 particles 1 1555 52 1.130000 1.539000  0.000028 0.000022 0.000062 0.000153 0.000069 0.000035 
6063936 particles 1 1555 52 1.130000 2.078000  0.000079 0.000026 0.000067 0.000171 0.000068 0.000035 
6064000 particles 1 1555 52 1.130000 1.924000  0.000110 0.000039 0.000107 0.000284 0.000111 0.000052 
6064000 particles 1 1555 52 1.130000 1.847000  0.000033 0.000022 0.000059 0.000132 0.000062 0.000033 
6064064 particles 1 1555 53 1.130000 2.002000  0.000031 0.000022 0.000062 0.000155 0.000066 0.000034 
6064064 particles 1 1555 53 1.130000 1.849000  0.000024 0.000021 0.000059 0.000123 0.000062 0.000033 
6064064 particles 1 1555 53 1.130000 1.849000  0.000025 0.000020 0.000055 0.000116 0.000057 0.000031 
6064128 particles 1 1555 53 1.130000 2.234000  0.000026 0.000021 0.000058 0.000135 0.000063 0.000033 
6064128 particles 1 1555 53 1.130000 2.541000  0.000046 0.000024 0.000069 0.000205 0.000069 0.000035 
6064128 particles 1 1555 53 1.130000 1.772000  0.000032 0.000023 0.000061 0.000153 0.000064 0.000033 
6064192 particles 1 1555 53 1.130000 1.463000  0.000033 0.000021 0.000057 0.000142 0.000059 0.000031 
6064192 particles 1 1555 53 1.130000 1.618000  0.000028 0.000021 0.000058 0.000146 0.000063 0.000033 
6064192 particles 1 1555 53 1.130000 1.771000  0.000032 0.000022 0.000061 0.000163 0.000063 0.000033 
6064256 particles 1 1555 53 1.130000 1.770000  0.000052 0.000026 0.000073 0.000221 0.000073 0.000036 
6064256 particles 1 1555 53 1.130000 2.696000  0.000026 0.000021 0.000056 0.000135 0.000061 0.000032 
6064256 particles 1 1555 53 1.130000 1.772000  0.000034 0.000021 0.000061 0.000152 0.000070 0.000036 
6064320 particles 1 1555 53 1.130000 1.848000  0.000048 0.000039 0.000089 0.000302 0.000096 0.000051 
6064320 particles 1 1555 53 1.130000 1.772000  0.000024 0.000019 0.000054 0.000116 0.000059 0.000032 
6064384 particles 1 1555 53 1.130000 2.308000  0.000050 0.000025 0.000066 0.000183 0.000066 0.000034 
6064384 particles 1 1555 53 1.130000 1.541000  0.000026 0.000020 0.000054 0.000188 0.000065 0.000033 
6064384 particles 1 1555 53 1.130000 2.079000  0.000023 0.000020 0.000055 0.000111 0.000069 0.000036 
6064448 particles 1 1555 53 1.130000 1.464000  0.000030 0.000021 0.000056 0.000138 0.000058 0.000031 
6064448 particles 1 1555 53 1.130000 1.926000  0.000023 0.000020 0.000055 0.000112 0.000058 0.000031 
6064448 particles 1 1555 53 1.130000 1.309000  0.000025 0.000020 0.000056 0.000127 0.000061 0.000032 
6064512 particles 1 1555 53 1.130000 2.385000  0.000052 0.000024 0.000071 0.000210 0.000071 0.000036 
6064512 particles 1 1555 53 1.130000 2.849000  0.000026 0.000020 0.000054 0.000115 0.000058 0.000030 
6064512 particles 1 1555 53 1.130000 1.541000  0.000037 0.000034 0.000082 0.000248 0.000088 0.000042 
6064576 particles 1 1555 53 1.130000 1.926000  0.000051 0.000025 0.000075 0.000242 0.000077 0.000037 
6064576 particles 1 1555 53 1.130000 1.848000  0.000044 0.000023 0.000063 0.000173 0.000062 0.000032 
6064640 particles 1 1555 54 1.130000 1.770000  0.000023 0.000020 0.000069 0.000176 0.000081 0.000045 
6064640 particles 1 1555 54 1.130000 1.463000  0.000025 0.000019 0.000055 0.000127 0.000063 0.000032 
6064640 particles 1 1555 54 1.130000 1.618000  0.000220 0.000121 0.000326 0.000735 0.000260 0.000124 
6064704 particles 1 1555 53 1.130000 1.925000  0.000053 0.000025 0.000066 0.000179 0.000071 0.000047 
6064704 particles 1 1555 53 1.130000 1.849000  0.000021 0.000021 0.000056 0.000136 0.000060 0.000031 
6064704 particles 1 1555 53 1.130000 2.154000  0.000075 0.000025 0.000064 0.000176 0.000070 0.000049 
6064768 particles 1 1555 53 1.130000 2.156000  0.000022 0.000081 0.000184 0.000360 0.000122 0.000055 
6064768 particles 1 1555 54 1.130000 2.309000  0.000057 0.000022 0.000063 0.000184 0.000063 0.000032 
6064832 particles 1 1555 53 1.130000 2.541000  0.000159 0.000116 0.000358 0.001343 0.000414 0.000185 
6064832 particles 1 1555 53 1.130000 2.079000  0.000028 0.000018 0.000049 0.000139 0.000054 0.000037 
6064832 particles 1 1555 53 1.130000 2.002000  0.000025 0.000019 0.000054 0.000212 0.000070 0.000034 
6064896 particles 1 1555 53 1.130000 1.849000  0.000215 0.000126 0.000388 0.001153 0.000403 0.000210 
6064896 particles 1 1555 53 1.130000 1.464000  0.000044 0.083654 0.178902 0.488253 0.107879 0.044918 
6064960 particles 1 1555 53 1.130000 2.386000  0.000048 0.000021 0.000063 0.000176 0.000064 0.000032 
6064960 particles 1 1555 53 1.130000 1.463000  0.000020 0.000017 0.000048 0.000095 0.000049 0.000027 
6064960 particles 1 1555 53 1.130000 2.233000  0.000051 0.000071 0.000139 0.000502 0.000124 0.000060 
6065024 particles 1 1555 53 1.130000 2.079000  0.000022 0.000020 0.000053 0.000144 0.000056 0.000032 
6065024 particles 1 1555 53 1.130000 2.386000  0.000024 0.000048 0.000109 0.000414 0.000095 0.000044 
6065024 particles 1 1555 54 1.130000 2.388000  0.000023 0.000018 0.000052 0.000116 0.000056 0.000030 
6065088 particles 1 1555 54 1.130000 2.078000  0.000020 0.000017 0.000057 0.000150 0.000056 0.000029 
6065088 particles 1 1555 54 1.130000 1.847000  0.000021 0.000017 0.000053 0.000346 0.000090 0.000042 
6065152 particles 1 1555 54 1.130000 1.618000  0.752101 0.130024 0.277866 0.752237 0.166559 0.069546 
6065152 particles 1 1555 53 1.130000 1.463000  0.000031 0.000026 0.000073 0.000165 0.000082 0.000042 
6065152 particles 1 1555 53 1.130000 2.696000  0.000024 0.000018 0.000051 0.000117 0.000058 0.000029 
6065216 particles 1 1555 53 1.130000 1.388000  0.000022 0.000017 0.000047 0.000098 0.000051 0.000027 
6065216 particles 1 1555 53 1.130000 1.773000  0.000023 0.000018 0.000050 0.000109 0.000055 0.000028 
6065216 particles 1 1555 53 1.130000 1.541000  -2.764883 4.598763 8.981345 -2.762599 5.651747 2.287966 
6065280 particles 1 1555 53 1.130000 2.081000  0.000529 0.000446 0.001218 0.002812 0.001310 0.000680 
6065280 particles 1 1555 53 1.130000 1.924000  0.000053 0.000021 0.000056 0.000150 0.000061 0.000030 
6065280 particles 1 1555 53 1.130000 2.541000  0.000509 0.000395 0.001098 0.002269 0.001141 0.000612 
6065344 particles 1 1555 54 1.130000 2.542000  0.000049 0.000054 0.000112 0.000308 0.000098 0.000049 
6065344 particles 1 1555 54 1.130000 2.539000  0.000023 0.000016 0.000046 0.000096 0.000047 0.000025 
6065408 particles 1 1555 54 1.130000 2.539000  0.000081 0.000025 0.000061 0.000163 0.000072 0.000035 
6065408 particles 1 1555 54 1.130000 2.695000  0.000022 0.000019 0.000056 0.000176 0.000061 0.000030 
6065408 particles 1 1555 54 1.130000 2.694000  0.000021 0.000016 0.000049 0.000128 0.000051 0.000027 
6065472 particles 1 1555 54 1.130000 2.618000  0.000058 0.000020 0.000054 0.000148 0.000063 0.000032 
6065472 particles 1 1555 54 1.130000 2.615000  0.000046 0.000018 0.000049 0.000123 0.000049 0.000026 
6065536 particles 1 1555 54 1.130000 2.386000  0.000020 0.000018 0.000050 0.000140 0.000059 0.000029 
6065536 particles 1 1555 54 1.130000 3.309000  0.000022 0.000017 0.000046 0.000156 0.000056 0.000029 
6065536 particles 1 1555 54 1.130000 2.464000  0.000021 0.000017 0.000046 0.000130 0.000052 0.000028 
6065600 particles 1 1555 54 1.130000 2.771000  0.000026 0.000017 0.000048 0.000119 0.000052 0.000027 
6065600 particles 1 1555 54 1.130000 2.540000  0.000019 0.000016 0.000044 0.000122 0.000048 0.000026 
6065600 particles 1 1555 54 1.130000 3.002000  0.000022 0.000018 0.000049 0.000152 0.000051 0.000027 
6065664 particles 1 1555 54 1.130000 2.693000  0.000042 0.000017 0.000046 0.000118 0.000047 0.000025 
6065664 particles 1 1555 54 1.130000 2.847000  0.000059 0.000019 0.000051 0.000141 0.000061 0.000031 
6065728 particles 1 1555 54 1.130000 2.617000  0.000021 0.000015 0.000046 0.000217 0.000059 0.000029 
6065728 particles 1 1555 54 1.130000 2.695000  0.000021 0.000018 0.000104 0.000453 0.000091 0.000041 
6065728 particles 1 1555 54 1.130000 3.615000  0.000021 0.000040 0.000091 0.000371 0.000080 0.000037 
6065792 particles 1 1555 54 1.130000 2.077000  0.000036 0.000020 0.000052 0.000122 0.000054 0.000027 
6065792 particles 1 1555 53 1.130000 2.155000  0.000040 0.000024 0.000063 0.000164 0.000067 0.000050 
6065792 particles 1 1555 53 1.130000 2.462000  0.000019 0.000015 0.000042 0.000095 0.000046 0.000024 
6065856 particles 1 1555 54 1.130000 2.618000  0.000262 0.000050 0.000103 0.000372 0.000096 0.000043 
6065856 particles 1 1555 54 1.130000 2.310000  0.000224 0.000037 0.000082 0.000320 0.000069 0.000033 
6065920 particles 1 1555 54 1.130000 2.695000  0.000022 0.000016 0.000044 0.000105 0.000047 0.000024 
6065920 particles 1 1555 54 1.130000 3.386000  0.000022 0.000018 0.000098 0.000484 0.000088 0.000040 
6065920 particles 1 1555 54 1.130000 2.464000  0.000021 0.000016 0.000045 0.000099 0.000050 0.000026 
6065984 particles 1 1555 54 1.130000 2.619000  0.000018 0.000016 0.000049 0.000130 0.000055 0.000027 
6065984 particles 1 1555 54 1.130000 3.001000  0.000070 0.000020 0.000064 0.000363 0.000090 0.000040 
6065984 particles 1 1555 54 1.130000 2.310000  0.000057 0.000019 0.000053 0.000150 0.000063 0.000033 
6066048 particles 1 1555 54 1.130000 2.617000  0.000022 0.000023 0.000058 0.000178 0.000059 0.000029 
6066048 particles 1 1555 54 1.130000 2.310000  0.000022 0.000015 0.000043 0.000112 0.000049 0.000025 
6066112 particles 1 1555 54 1.130000 3.307000  0.000400 0.000287 0.000782 0.001826 0.000877 0.000492 
6066112 particles 1 1555 54 1.130000 2.230000  0.354742 0.062223 0.135911 0.354813 0.080404 0.028766 
6066112 particles 1 1555 54 1.130000 2.772000  0.000038 0.000017 0.000046 0.000117 0.000050 0.000025 
6066176 particles 1 1555 54 1.130000 2.692000  0.000285 0.000058 0.000114 0.000351 0.000096 0.000045 
6066176 particles 1 1555 54 1.130000 3.078000  0.000397 0.000284 0.000770 0.001874 0.000871 0.000461 
6066240 particles 1 1555 54 1.130000 2.540000  0.000005 0.000007 0.000016 0.000054 0.000018 0.000008 
6066240 particles 1 1555 53 1.130000 1.847000  0.000006 0.000011 0.000029 0.000117 0.000027 0.000011 
6066240 particles 1 1555 53 1.130000 2.693000  0.000016 0.000016 0.000045 0.000116 0.000048 0.000024 
6066304 particles 1 1555 54 1.130000 1.695000  0.000017 0.000014 0.000040 0.000078 0.000041 0.000022 
6066304 particles 1 1555 54 1.130000 1.850000  0.000024 0.000015 0.000045 0.000120 0.000051 0.000025 
6066304 particles 1 1555 53 1.130000 1.618000  0.000030 0.000015 0.000043 0.000114 0.000044 0.000023 
6066368 particles 1 1555 53 1.130000 2.769000  0.000020 0.000015 0.000042 0.000096 0.000045 0.000023 
6066368 particles 1 1555 53 1.130000 2.000000  0.000019 0.000015 0.000042 0.000099 0.000045 0.000023 
6066368 particles 1 1555 53 1.130000 1.771000  0.000018 0.000015 0.000041 0.000110 0.000052 0.000030 
6066432 particles 1 1555 53 1.130000 3.230000  0.000018 0.000015 0.000041 0.000090 0.000047 0.000024 
6066432 particles 1 1555 53 1.130000 2.848000  0.000023 0.000020 0.000050 0.000217 0.000055 0.000026 
6066496 particles 1 1555 53 1.130000 2.233000  0.000027 0.000016 0.000045 0.000113 0.000047 0.000024 
6066496 particles 1 1555 53 1.130000 2.618000  0.000018 0.000014 0.000040 0.000105 0.000043 0.000023 
6066496 particles 1 1555 53 1.130000 2.925000  0.000018 0.000015 0.000040 0.000085 0.000043 0.000022 
6066560 particles 1 1555 53 1.130000 3.079000  0.000017 0.000014 0.000040 0.000092 0.000042 0.000022 
6066560 particles 1 1555 53 1.130000 1.542000  0.000022 0.000014 0.000040 0.000097 0.000045 0.000023 
6066560 particles 1 1555 53 1.130000 2.540000  0.000025 0.000015 0.000041 0.000096 0.000044 0.000022 
6066624 particles 1 1555 53 1.130000 1.849000  0.000018 0.000015 0.000040 0.000081 0.000043 0.000023 
6066624 particles 1 1555 53 1.130000 1.693000  0.000018 0.000015 0.000040 0.000086 0.000043 0.000023 
6066624 particles 1 1555 53 1.130000 1.618000  0.000018 0.000015 0.000041 0.000091 0.000045 0.000023 
6066688 particles 1 1555 53 1.130000 2.077000  0.000019 0.000015 0.000042 0.000099 0.000046 0.000023 
6066688 particles 1 1555 53 1.130000 2.002000  0.000024 0.000014 0.000039 0.000106 0.000042 0.000022 
6066688 particles 1 1555 53 1.130000 2.232000  0.000032 0.000017 0.000046 0.000138 0.000050 0.000025 
6066752 particles 1 1555 53 1.130000 2.005000  0.000023 0.000014 0.000038 0.000081 0.000039 0.000021 
6066752 particles 1 1555 54 1.130000 2.230000  0.000016 0.000014 0.000039 0.000089 0.000044 0.000023 
6066752 particles 1 1555 54 1.130000 1.773000  0.000020 0.000015 0.000041 0.000093 0.000045 0.000023 
6066816 particles 1 1555 53 1.130000 1.387000  0.000019 0.000014 0.000040 0.000087 0.000043 0.000022 
6066816 particles 1 1555 53 1.130000 2.232000  0.000022 0.000014 0.000039 0.000091 0.000042 0.000022 
6066880 particles 1 1555 53 1.130000 2.002000  0.000016 0.000014 0.000039 0.000084 0.000041 0.000022 
6066880 particles 1 1555 53 1.130000 2.233000  0.000015 0.000015 0.000040 0.000097 0.000042 0.000022 
6066880 particles 1 1555 54 1.130000 1.618000  0.000020 0.000014 0.000040 0.000123 0.000041 0.000022 
6066944 particles 1 1555 54 1.130000 1.693000  0.000025 0.000015 0.000041 0.000098 0.000045 0.000023 
6066944 particles 1 1555 54 1.130000 2.080000  0.000021 0.000014 0.000040 0.000095 0.000042 0.000022 
6066944 particles 1 1555 53 1.130000 2.079000  0.000024 0.000015 0.000043 0.000114 0.000047 0.000024 
6067008 particles 1 1555 53 1.130000 2.311000  0.000122 0.000084 0.000229 0.000585 0.000259 0.000135 
6067008 particles 1 1555 53 1.130000 2.310000  0.000016 0.000013 0.000038 0.000094 0.000040 0.000021 
6067008 particles 1 1555 53 1.130000 1.693000  0.036826 0.009890 0.023385 0.064606 0.023919 0.013334 
6067072 particles 1 1555 53 1.130000 1.541000  0.002848 0.002144 0.005877 0.012621 0.006382 0.003347 
6067072 particles 1 1555 53 1.130000 2.002000  0.001881 0.001365 0.003778 0.008420 0.004167 0.002126 
6067136 particles 1 1555 53 1.130000 2.695000  0.001085 0.000944 0.002680 0.005755 0.002969 0.001536 
6067136 particles 1 1555 53 1.130000 1.463000  0.000826 0.000692 0.001924 0.003832 0.001997 0.001065 
6067136 particles 1 1555 53 1.130000 2.388000  0.000809 0.000627 0.001729 0.003751 0.001880 0.000980 
6067200 particles 1 1555 53 1.130000 1.539000  0.000890 0.000558 0.001582 0.004198 0.001661 0.000867 
6067200 particles 1 1555 53 1.130000 2.082000  0.000818 0.000498 0.001362 0.003255 0.001456 0.000748 
6067200 particles 1 1555 53 1.130000 1.850000  0.000573 0.000455 0.001255 0.002590 0.001328 0.000701 
6067264 particles 1 1555 53 1.130000 1.926000  0.000568 0.000428 0.001203 0.002891 0.001443 0.000716 
6067264 particles 1 1555 53 1.130000 2.617000  0.000554 0.000389 0.001068 0.002277 0.001150 0.000599 
6067264 particles 1 1555 53 1.130000 2.155000  0.000460 0.000579 0.001690 0.005242 0.001869 0.000870 
6067328 particles 1 1555 53 1.130000 1.847000  0.000447 0.000355 0.000981 0.002436 0.001123 0.000568 
6067328 particles 1 1555 53 1.130000 2.080000  0.000709 0.000337 0.000941 0.002226 0.000932 0.000502 
6067328 particles 1 1555 53 1.130000 2.463000  0.000397 0.000312 0.000878 0.002037 0.001000 0.000514 
6067392 particles 1 1555 53 1.130000 1.770000  0.000461 0.000308 0.000837 0.001951 0.000944 0.000483 
6067392 particles 1 1555 53 1.130000 1.926000  0.000327 0.000290 0.000805 0.001578 0.000837 0.000449 
6067456 particles 1 1555 53 1.130000 2.618000  0.000194 0.000201 0.000500 0.001514 0.000528 0.000255 
6067456 particles 1 1555 53 1.130000 1.542000  0.000304 0.000252 0.000887 0.001764 0.001032 0.000505 
6067456 particles 1 1555 53 1.130000 3.082000  0.000286 0.000245 0.000679 0.001461 0.000746 0.000388 
6067520 particles 1 1555 53 1.130000 2.001000  0.000258 0.000213 0.000594 0.001212 0.000614 0.000330 
6067520 particles 1 1555 53 1.130000 1.849000  0.000276 0.000217 0.000597 0.001360 0.000674 0.000343 
6067520 particles 1 1555 53 1.130000 2.231000  0.000315 0.000200 0.000560 0.001281 0.000576 0.000307 
6067584 particles 1 1555 53 1.130000 1.925000  0.000214 0.000191 0.000521 0.001176 0.000591 0.000304 
6067584 particles 1 1555 53 1.130000 2.080000  0.000276 0.000193 0.000527 0.001147 0.000577 0.000296 
6067584 particles 1 1555 53 1.130000 2.155000  0.000208 0.000175 0.000508 0.001316 0.000572 0.000291 
6067648 particles 1 1555 53 1.130000 2.156000  0.000335 0.000181 0.000484 0.001235 0.000506 0.000277 
6067648 particles 1 1555 53 1.130000 1.465000  0.000177 0.000165 0.000475 0.001039 0.000530 0.000272 
6067648 particles 1 1555 53 1.130000 1.850000  0.000218 0.000175 0.000482 0.001524 0.000559 0.000276 
6067712 particles 1 1555 53 1.130000 1.927000  0.000278 0.000165 0.000459 0.001159 0.000511 0.000253 
6067712 particles 1 1555 53 1.130000 2.154000  0.000191 0.000183 0.000480 0.001299 0.000487 0.000246 
6067776 particles 1 1555 53 1.130000 2.078000  0.000224 0.000147 0.000406 0.000842 0.000419 0.000224 
6067776 particles 1 1555 53 1.130000 1.617000  0.000247 0.000155 0.000439 0.001040 0.000476 0.000243 
6067776 particles 1 1555 53 1.130000 1.924000  0.000173 0.000139 0.000386 0.000843 0.000419 0.000220 
6067840 particles 1 1555 53 1.130000 1.155000  0.000240 0.000153 0.000416 0.001199 0.000461 0.000233 
6067840 particles 1 1555 53 1.130000 1.924000  0.000203 0.000142 0.000382 0.000794 0.000397 0.000207 
6067840 particles 1 1555 53 1.130000 1.541000  0.000171 0.000137 0.000384 0.000858 0.000435 0.000219 
6067904 particles 1 1555 53 1.130000 1.464000  0.453834 0.075022 0.158847 0.453948 0.096173 0.039608 
6067904 particles 1 1555 53 1.130000 2.231000  0.000165 0.000131 0.000360 0.000832 0.000412 0.000215 
6067904 particles 1 1555 53 1.130000 2.154000  0.000137 0.000118 0.000332 0.000639 0.000339 0.000189 
6067968 particles 1 1555 54 1.130000 1.849000  0.000322 0.000143 0.000369 0.001319 0.000471 0.000227 
6067968 particles 1 1555 54 1.130000 2.848000  0.000284 0.000128 0.000346 0.000846 0.000363 0.000186 
6067968 particles 1 1555 54 1.130000 1.926000  0.000323 0.000136 0.000358 0.000930 0.000380 0.000194 
6068032 particles 1 1555 54 1.130000 2.000000  0.000442 0.000175 0.000430 0.001288 0.000857 0.000377 
6068032 particles 1 1555 54 1.130000 1.465000  0.000127 0.000103 0.000287 0.000600 0.000298 0.000159 
6068096 particles 1 1555 53 1.130000 1.540000  0.000161 0.000108 0.000299 0.000672 0.000364 0.000182 
6068096 particles 1 1555 53 1.130000 2.002000  0.000456 0.000155 0.000394 0.001315 0.000382 0.000189 
6068096 particles 1 1555 54 1.130000 1.924000  0.000256 0.000113 0.000309 0.000788 0.000338 0.000178 
6068160 particles 1 1555 54 1.130000 3.157000  0.000123 0.000107 0.000291 0.001027 0.000381 0.000188 
6068160 particles 1 1555 53 1.130000 2.001000  0.000120 0.000110 0.000414 0.002225 0.000488 0.000226 
6068160 particles 1 1555 54 1.130000 2.154000  0.000128 0.000097 0.000277 0.000618 0.000302 0.000155 
6068224 particles 1 1555 54 1.130000 1.924000  0.000109 0.000089 0.000270 0.000995 0.000462 0.000221 
6068224 particles 1 1555 54 1.130000 1.386000  0.000027 0.000023 0.000066 0.000136 0.000083 0.000041 
6068288 particles 1 1555 54 1.130000 2.000000  0.000031 0.000023 0.000065 0.000138 0.000082 0.000041 
6068288 particles 1 1555 54 1.130000 1.463000  0.000026 0.000023 0.000065 0.000134 0.000081 0.000040 
6068288 particles 1 1555 54 1.130000 2.692000  0.000247 0.000104 0.000273 0.000695 0.000289 0.000146 
6068352 particles 1 1555 54 1.130000 1.617000  0.000097 0.000082 0.000229 0.000471 0.000234 0.000127 
6068352 particles 1 1555 53 1.130000 2.078000  0.000106 0.000086 0.000239 0.000525 0.000260 0.000142 
6068352 particles 1 1555 53 1.130000 1.616000  0.000096 0.000079 0.000222 0.000464 0.000240 0.000278 
6068416 particles 1 1555 53 1.130000 1.387000  0.000110 0.000082 0.000235 0.000521 0.000252 0.000131 
6068416 particles 1 1555 53 1.130000 2.310000  0.000223 0.000093 0.000247 0.000643 0.000269 0.000137 
6068416 particles 1 1555 54 1.130000 2.001000  0.516081 0.085645 0.181129 0.516179 0.108958 0.045119 
6068480 particles 1 1555 54 1.130000 1.618000  0.000209 0.000092 0.000248 0.000619 0.000258 0.000130 
6068480 particles 1 1555 53 1.130000 2.770000  0.000025 0.000019 0.000055 0.000115 0.000114 0.000067 
6068544 particles 1 1555 53 1.130000 1.924000  0.684837 0.105603 0.218862 0.685063 0.139464 0.056275 
6068544 particles 1 1555 53 1.130000 2.157000  0.000058 0.000045 0.000126 0.000284 0.000138 0.000072 
6068544 particles 1 1555 53 1.130000 2.388000  0.000023 0.000019 0.000054 0.000112 0.000069 0.000034 
6068608 particles 1 1555 53 1.130000 2.155000  0.000035 0.000033 0.000078 0.000267 0.000088 0.000040 
6068608 particles 1 1555 53 1.130000 1.619000  0.000085 0.000080 0.000216 0.000542 0.000219 0.000113 
6068608 particles 1 1555 53 1.130000 1.770000  0.000208 0.000082 0.000223 0.000595 0.000244 0.000123 
6068672 particles 1 1555 54 1.130000 2.078000  0.000083 0.000067 0.000188 0.000373 0.000382 0.000182 
6068672 particles 1 1555 54 1.130000 2.158000  0.000081 0.000071 0.000202 0.000454 0.000225 0.000118 
6068672 particles 1 1555 54 1.130000 2.232000  0.000836 0.000307 0.000663 0.001510 0.000573 0.000261 
6068736 particles 1 1555 54 1.130000 1.693000  0.000081 0.000069 0.000243 0.000485 0.000280 0.000138 
6068736 particles 1 1555 54 1.130000 2.846000  0.000123 0.000072 0.000198 0.000490 0.000212 0.000108 
6068800 particles 1 1555 54 1.130000 2.618000  0.000095 0.000067 0.000183 0.000400 0.000203 0.000107 
6068800 particles 1 1555 54 1.130000 2.692000  0.000077 0.000065 0.000186 0.000423 0.000218 0.000110 
6068800 particles 1 1555 54 1.130000 2.234000  0.000122 0.000068 0.000189 0.000493 0.000198 0.000104 
6068864 particles 1 1555 53 1.130000 2.464000  0.000081 0.000067 0.000187 0.000413 0.000199 0.000104 
6068864 particles 1 1555 53 1.130000 1.770000  0.000076 0.000061 0.000171 0.000354 0.000177 0.000095 
6068864 particles 1 1555 53 1.130000 2.153000  0.000082 0.000065 0.000178 0.000386 0.000198 0.000101 
6068928 particles 1 1555 53 1.130000 2.078000  0.000097 0.000061 0.000168 0.000379 0.000180 0.000094 
6068928 particles 1 1555 53 1.130000 2.308000  0.000083 0.000062 0.000170 0.000418 0.000188 0.000097 
6068928 particles 1 1555 53 1.130000 1.462000  0.000074 0.000059 0.000164 0.000397 0.000177 0.000093 
6068992 particles 1 1555 53 1.130000 2.235000  0.000112 0.000069 0.000183 0.000491 0.000201 0.000101 
6068992 particles 1 1555 53 1.130000 1.926000  0.000067 0.000058 0.000169 0.000444 0.000180 0.000093 
6068992 particles 1 1555 53 1.130000 1.770000  0.000092 0.000064 0.000176 0.000456 0.000188 0.000097 
6069056 particles 1 1555 54 1.130000 1.772000  0.000098 0.000057 0.000158 0.000348 0.000162 0.000086 
6069056 particles 1 1555 54 1.130000 2.003000  0.000072 0.000058 0.000164 0.000360 0.000175 0.000091 
6069120 particles 1 1555 54 1.130000 2.311000  0.000081 0.000059 0.000165 0.000382 0.000176 0.000092 
6069120 particles 1 1555 54 1.130000 1.617000  0.000081 0.000060 0.000168 0.000392 0.000200 0.000098 
6069120 particles 1 1555 53 1.130000 3.003000  0.000075 0.000058 0.000163 0.000376 0.000186 0.000094 
6069184 particles 1 1555 53 1.130000 2.157000  0.000091 0.000060 0.000159 0.000360 0.000163 0.000085 
6069184 particles 1 1555 53 1.130000 2.232000  0.000064 0.000055 0.000157 0.000350 0.000178 0.000090 
6069184 particles 1 1555 53 1.130000 1.462000  0.000062 0.000051 0.000145 0.000330 0.000154 0.000080 
6069248 particles 1 1555 53 1.130000 1.541000  0.000096 0.000056 0.000153 0.000376 0.000164 0.000084 
6069248 particles 1 1555 53 1.130000 1.926000  0.000070 0.000055 0.000153 0.000342 0.000172 0.000087 
6069248 particles 1 1555 53 1.130000 1.772000  0.000069 0.000054 0.000148 0.000318 0.000161 0.000083 
6069312 particles 1 1555 53 1.130000 2.310000  0.000063 0.000052 0.000148 0.000329 0.000160 0.000082 
6069312 particles 1 1555 53 1.130000 1.619000  0.000060 0.000049 0.000135 0.000270 0.000142 0.000075 
6069312 particles 1 1555 53 1.130000 2.081000  0.000067 0.000050 0.000143 0.000336 0.000162 0.000082 
6069376 particles 1 1555 53 1.130000 2.311000  0.000059 0.000049 0.000137 0.000314 0.000143 0.000075 
6069376 particles 1 1555 54 1.130000 2.309000  0.000060 0.000050 0.000140 0.000301 0.000156 0.000081 
6069376 particles 1 1555 54 1.130000 1.924000  0.000067 0.000047 0.000142 0.000433 0.000149 0.000076 
6069440 particles 1 1555 53 1.130000 2.386000  0.000059 0.000050 0.000178 0.000435 0.000177 0.000100 
6069440 particles 1 1555 53 1.130000 2.925000  0.000066 0.000050 0.000141 0.000341 0.000158 0.000080 
6069504 particles 1 1555 53 1.130000 1.617000  0.000065 0.000052 0.000144 0.000338 0.000158 0.000081 
6069504 particles 1 1555 53 1.130000 1.695000  0.000511 0.000295 0.000804 0.002098 0.000911 0.000479 
6069504 particles 1 1555 53 1.130000 2.463000  0.000094 0.000052 0.000146 0.000391 0.000158 0.000079 
6069568 particles 1 1555 53 1.130000 1.542000  0.000067 0.000050 0.000140 0.000328 0.000150 0.000076 
6069568 particles 1 1555 53 1.130000 2.156000  0.000055 0.000047 0.000129 0.000287 0.000142 0.000072 
6069568 particles 1 1555 53 1.130000 1.694000  0.000070 0.000047 0.000131 0.000319 0.000136 0.000071 
6069632 particles 1 1555 53 1.130000 2.004000  0.000060 0.000049 0.000135 0.000312 0.000146 0.000075 
6069632 particles 1 1555 53 1.130000 1.694000  0.000098 0.000052 0.000144 0.000389 0.000158 0.000079 
6069632 particles 1 1555 52 1.130000 2.155000  0.000054 0.000052 0.000143 0.000407 0.000151 0.000076 
6069696 particles 1 1555 52 1.130000 1.619000  0.000417 0.000272 0.000752 0.001969 0.000847 0.000451 
6069696 particles 1 1555 53 1.130000 1.695000  0.000051 0.000043 0.000125 0.000287 0.000137 0.000071 
6069760 particles 1 1555 53 1.130000 2.235000  0.000051 0.000044 0.000124 0.000267 0.000138 0.000072 
6069760 particles 1 1555 53 1.130000 2.541000  0.000074 0.000046 0.000127 0.000318 0.000140 0.000072 
6069760 particles 1 1555 53 1.130000 2.385000  0.000053 0.000043 0.000126 0.000308 0.000139 0.000073 
6069824 particles 1 1555 53 1.130000 1.926000  0.000075 0.000047 0.000129 0.000327 0.000143 0.000073 
6069824 particles 1 1555 54 1.130000 1.772000  0.000054 0.000047 0.000133 0.000314 0.000148 0.000075 
6069824 particles 1 1555 54 1.130000 2.926000  0.000084 0.000048 0.000129 0.000331 0.000137 0.000071 
6069888 particles 1 1555 54 1.130000 2.234000  0.000062 0.000045 0.000121 0.000253 0.000124 0.000065 
6069888 particles 1 1555 54 1.130000 2.310000  0.000079 0.000047 0.000127 0.000307 0.000141 0.000071 
6069888 particles 1 1555 53 1.130000 1.464000  0.000051 0.000041 0.000113 0.000236 0.000118 0.000063 
6069952 particles 1 1555 53 1.130000 1.849000  0.000081 0.000045 0.000125 0.000310 0.000138 0.000069 
6069952 particles 1 1555 53 1.130000 1.695000  0.000068 0.000048 0.000129 0.000328 0.000140 0.000070 
6070016 particles 1 1555 53 1.130000 2.002000  0.000049 0.000043 0.000119 0.000300 0.000134 0.000069 
6070016 particles 1 1555 53 1.130000 2.463000  0.000080 0.000043 0.000121 0.000298 0.000132 0.000067 
6070016 particles 1 1555 53 1.130000 1.464000  0.000081 0.000045 0.000123 0.000293 0.000134 0.000067 
6070080 particles 1 1555 53 1.130000 2.541000  0.000053 0.000043 0.000117 0.000302 0.000135 0.000067 
6070080 particles 1 1555 53 1.130000 1.540000  0.000045 0.000038 0.000106 0.000210 0.000109 0.000059 
6070080 particles 1 1555 53 1.130000 1.925000  0.000052 0.000041 0.000114 0.000258 0.000128 0.000066 
6070144 particles 1 1555 53 1.130000 1.464000  0.000046 0.000037 0.000104 0.000205 0.000108 0.000058 
6070144 particles 1 1555 53 1.130000 1.772000  0.000048 0.000040 0.000116 0.000267 0.000125 0.000064 
6070144 particles 1 1555 53 1.130000 1.695000  0.000043 0.000037 0.000102 0.000202 0.000109 0.000057 
6070208 particles 1 1555 52 1.130000 2.154000  0.000073 0.000040 0.000114 0.000290 0.000124 0.000063 
6070208 particles 1 1555 52 1.130000 2.619000  0.000045 0.000038 0.000105 0.000211 0.000112 0.000059 
6070208 particles 1 1555 53 1.130000 1.463000  0.000047 0.000038 0.000115 0.000291 0.000132 0.000066 
6070272 particles 1 1555 53 1.130000 2.079000  0.000047 0.000038 0.000103 0.000209 0.000109 0.000057 
6070272 particles 1 1555 53 1.130000 1.848000  0.000042 0.000035 0.000099 0.000213 0.000103 0.000055 
6070272 particles 1 1555 53 1.130000 2.231000  0.000046 0.000038 0.000107 0.000240 0.000120 0.000061 
6070336 particles 1 1555 53 1.130000 2.386000  0.000042 0.000036 0.000103 0.000268 0.000111 0.000057 
6070336 particles 1 1555 52 1.130000 2.230000  0.000047 0.000037 0.000110 0.000270 0.000119 0.000060 
6070400 particles 1 1555 52 1.130000 2.002000  0.000042 0.000034 0.000095 0.000189 0.000098 0.000053 
6070400 particles 1 1555 53 1.130000 2.078000  0.000065 0.000041 0.000109 0.000291 0.000117 0.000060 
6070400 particles 1 1555 53 1.130000 1.387000  0.000046 0.000036 0.000098 0.000208 0.000105 0.000054 
6070464 particles 1 1555 53 1.130000 1.619000  0.000054 0.000037 0.000103 0.000265 0.000113 0.000057 
6070464 particles 1 1555 53 1.130000 2.465000  0.000070 0.000040 0.000112 0.000332 0.000121 0.000060 
6070464 particles 1 1555 53 1.130000 1.927000  0.000043 0.000036 0.000101 0.000258 0.000113 0.000059 
6070528 particles 1 1555 53 1.130000 2.079000  0.000042 0.000036 0.000104 0.000250 0.000111 0.000058 
6070528 particles 1 1555 53 1.130000 2.079000  0.000056 0.000034 0.000094 0.000211 0.000098 0.000052 
6070528 particles 1 1555 53 1.130000 1.617000  0.000044 0.000036 0.000101 0.000287 0.000118 0.000059 
6070592 particles 1 1555 53 1.130000 2.233000  0.000059 0.000034 0.000095 0.000232 0.000101 0.000053 
6070592 particles 1 1555 53 1.130000 2.156000  0.000039 0.000050 0.000121 0.000287 0.000140 0.000069 
6070592 particles 1 1555 53 1.130000 1.618000  0.000041 0.000034 0.000120 0.000237 0.000138 0.000068 
6070656 particles 1 1555 52 1.130000 2.079000  0.000037 0.000032 0.000088 0.000171 0.000091 0.000049 
6070656 particles 1 1555 52 1.130000 2.079000  -0.456572 0.117808 0.250876 -0.456487 0.147514 0.061854 
6070720 particles 1 1555 52 1.130000 1.465000  0.000017 0.000015 0.000041 0.000081 0.000042 0.000023 
6070720 particles 1 1555 53 1.130000 2.080000  0.000018 0.000015 0.000043 0.000099 0.000047 0.000025 
6070720 particles 1 1555 53 1.130000 1.541000  0.000019 0.000015 0.000041 0.000089 0.000042 0.000023 
6070784 particles 1 1555 53 1.130000 2.232000  0.000042 0.000034 0.000095 0.000210 0.000105 0.000053 
6070784 particles 1 1555 53 1.130000 1.849000  0.000041 0.000031 0.000089 0.000199 0.000092 0.000049 
6070784 particles 1 1555 53 1.130000 2.615000  0.000054 0.000034 0.000092 0.000197 0.000098 0.000051 
6070848 particles 1 1555 53 1.130000 1.616000  0.000050 0.000033 0.000093 0.000210 0.000100 0.000051 
6070848 particles 1 1555 53 1.130000 1.616000  0.000058 0.000036 0.000098 0.000251 0.000108 0.000056 
6070848 particles 1 1555 53 1.130000 2.542000  0.000039 0.000033 0.000089 0.000192 0.000097 0.000051 
6070912 particles 1 1555 53 1.130000 2.308000  0.000058 0.000034 0.000093 0.000241 0.000097 0.000050 
6070912 particles 1 1555 53 1.130000 1.464000  0.000081 0.000041 0.000106 0.000304 0.000109 0.000054 
6070912 particles 1 1555 53 1.130000 1.694000  0.000096 0.000037 0.000097 0.000245 0.000095 0.000050 
6070976 particles 1 1555 53 1.130000 2.234000  0.000037 0.000032 0.000087 0.000182 0.000095 0.000049 
6070976 particles 1 1555 53 1.130000 1.464000  0.000049 0.000031 0.000085 0.000180 0.000087 0.000047 
6071040 particles 1 1555 53 1.130000 2.003000  0.000040 0.000031 0.000086 0.000188 0.000091 0.000048 
6071040 particles 1 1555 53 1.130000 2.157000  0.000041 0.000031 0.000086 0.000190 0.000094 0.000051 
6071040 particles 1 1555 53 1.130000 1.616000  0.000061 0.000035 0.000095 0.000238 0.000105 0.000052 
6071104 particles 1 1555 53 1.130000 2.079000  0.000037 0.000031 0.000085 0.000169 0.000091 0.000048 
6071104 particles 1 1555 53 1.130000 1.926000  0.000045 0.000030 0.000084 0.000191 0.000086 0.000046 
6071104 particles 1 1555 53 1.130000 1.463000  0.000054 0.000031 0.000086 0.000190 0.000090 0.000047 
6071168 particles 1 1555 53 1.130000 1.386000  0.000035 0.000029 0.000082 0.000173 0.000091 0.000048 
6071168 particles 1 1555 53 1.130000 2.463000  0.000038 0.000031 0.000085 0.000182 0.000090 0.000047 
6071168 particles 1 1555 53 1.130000 2.462000  0.000042 0.000031 0.000085 0.000189 0.000095 0.000048 
6071232 particles 1 1555 53 1.130000 1.619000  0.000036 0.000030 0.000081 0.000173 0.000091 0.000047 
6071232 particles 1 1555 53 1.130000 2.464000  0.000077 0.000038 0.000110 0.000352 0.000114 0.000055 
6071232 particles 1 1555 53 1.130000 2.464000  0.000035 0.000029 0.000082 0.000248 0.000098 0.000053 
6071296 particles 1 1555 53 1.130000 2.231000  0.000287 0.000183 0.000506 0.001473 0.000574 0.000295 
6071296 particles 1 1555 53 1.130000 1.462000  0.000041 0.000029 0.000080 0.000192 0.000089 0.000046 
6071360 particles 1 1555 53 1.130000 1.540000  0.000035 0.000035 0.000112 0.000256 0.000130 0.000061 
6071360 particles 1 1555 53 1.130000 1.926000  0.000036 0.000030 0.000103 0.000238 0.000120 0.000059 
6071360 particles 1 1555 53 1.130000 2.231000  0.000056 0.000030 0.000104 0.000235 0.000118 0.000058 
6071424 particles 1 1555 53 1.130000 2.079000  0.000038 0.000030 0.000091 0.000263 0.000105 0.000052 
6071424 particles 1 1555 53 1.130000 2.389000  0.000044 0.000028 0.000077 0.000183 0.000083 0.000043 
6071424 particles 1 1555 53 1.130000 2.387000  0.000034 0.000027 0.000076 0.000172 0.000086 0.000044 
6071488 particles 1 1555 53 1.130000 2.004000  0.000040 0.000037 0.000096 0.000293 0.000101 0.000049 
6071488 particles 1 1555 53 1.130000 1.925000  0.000032 0.000028 0.000077 0.000168 0.000080 0.000043 
6071552 particles 1 1555 53 1.130000 1.385000  0.000046 0.000030 0.000081 0.000212 0.000086 0.000044 
6071552 particles 1 1555 53 1.130000 2.461000  0.000036 0.000030 0.000080 0.000182 0.000089 0.000046 
6071552 particles 1 1555 53 1.130000 3.383000  0.000034 0.000027 0.000076 0.000164 0.000082 0.000043 
6071616 particles 1 1555 53 1.130000 2.077000  0.000042 0.000029 0.000080 0.000187 0.000087 0.000043 
6071616 particles 1 1555 54 1.130000 2.156000  0.000034 0.000027 0.000074 0.000156 0.000080 0.000042 
6071616 particles 1 1555 54 1.130000 1.541000  0.108631 0.015665 0.033074 0.108754 0.021215 0.008568 
6071680 particles 1 1555 53 1.130000 1.385000  0.000042 0.000029 0.000078 0.000191 0.000082 0.000042 
6071680 particles 1 1555 53 1.130000 2.077000  0.000033 0.000025 0.000070 0.000145 0.000072 0.000038 
6071680 particles 1 1555 53 1.130000 2.155000  0.000038 0.000028 0.000076 0.000165 0.000087 0.000043 
6071744 particles 1 1555 53 1.130000 1.771000  0.000029 0.000026 0.000071 0.000148 0.000073 0.000039 
6071744 particles 1 1555 53 1.130000 2.155000  0.000032 0.000032 0.000085 0.000249 0.000092 0.000045 
6071744 particles 1 1555 53 1.130000 1.849000  0.000034 0.000027 0.000075 0.000170 0.000083 0.000042 
6071808 particles 1 1555 53 1.130000 1.541000  0.000034 0.000026 0.000074 0.000161 0.000081 0.000041 
6071808 particles 1 1555 53 1.130000 1.848000  0.000034 0.000026 0.000072 0.000164 0.000080 0.000041 
6071808 particles 1 1555 53 1.130000 1.926000  0.000032 0.000027 0.000075 0.000164 0.000081 0.000041 
6071872 particles 1 1555 53 1.130000 2.231000  0.000042 0.000028 0.000078 0.000225 0.000085 0.000043 
6071872 particles 1 1555 53 1.130000 2.231000  0.000030 0.000024 0.000066 0.000138 0.000068 0.000037 
6071936 particles 1 1555 53 1.130000 2.310000  0.000035 0.000027 0.000074 0.000165 0.000081 0.000041 
6071936 particles 1 1555 53 1.130000 2.233000  0.000038 0.000025 0.000071 0.000181 0.000075 0.000039 
6071936 particles 1 1555 53 1.130000 1.925000  0.000046 0.000028 0.000076 0.000207 0.000082 0.000041 
6072000 particles 1 1555 53 1.130000 2.155000  0.000041 0.000026 0.000071 0.000177 0.000077 0.000039 
6072000 particles 1 1555 53 1.130000 1.925000  0.000093 0.000031 0.000080 0.000216 0.000085 0.000042 
6072000 particles 1 1555 54 1.130000 2.386000  0.000039 0.000025 0.000067 0.000166 0.000073 0.000038 
6072064 particles 1 1555 54 1.130000 1.539000  0.000060 0.000029 0.000077 0.000223 0.000078 0.000040 
6072064 particles 1 1555 53 1.130000 2.384000  0.000026 0.000024 0.000066 0.000151 0.000075 0.000039 
6072064 particles 1 1555 53 1.130000 1.464000  0.000032 0.000025 0.000066 0.000135 0.000068 0.000036 
6072128 particles 1 1555 53 1.130000 2.309000  0.000028 0.000024 0.000067 0.000149 0.000072 0.000038 
6072128 particles 1 1555 53 1.130000 2.231000  0.000045 0.000026 0.000069 0.000182 0.000074 0.000038 
6072192 particles 1 1555 53 1.130000 2.079000  0.000037 0.000023 0.000065 0.000161 0.000067 0.000035 
6072192 particles 1 1555 54 1.130000 2.080000  0.000030 0.000024 0.000065 0.000156 0.000073 0.000037 
6072192 particles 1 1555 54 1.130000 1.695000  0.000027 0.000022 0.000061 0.000145 0.000069 0.000036 
6072256 particles 1 1555 53 1.130000 1.386000  0.000027 0.000023 0.000065 0.000184 0.000081 0.000041 
6072256 particles 1 1555 53 1.130000 2.616000  0.000029 0.000022 0.000061 0.000123 0.000062 0.000034 
6072256 particles 1 1555 54 1.130000 2.000000  0.000029 0.000024 0.000065 0.000156 0.000073 0.000037 
6072320 particles 1 1555 54 1.130000 1.770000  0.000025 0.000022 0.000060 0.000126 0.000063 0.000034 
6072320 particles 1 1555 54 1.130000 2.156000  0.000027 0.000023 0.000064 0.000137 0.000068 0.000036 
6072320 particles 1 1555 53 1.130000 2.622000  0.000036 0.000024 0.000066 0.000159 0.000073 0.000037 
6072384 particles 1 1555 53 1.130000 3.391000  0.000007 0.000006 0.000016 0.000034 0.000021 0.000010 
