#Timestamp	Benchmark	Run(#)	CPU Frequency (MHz)	CPU Temperature(C)	CPU Voltage(V)	CPU Power(W)	CPU_CYCLES	L1_DATA_CACHE_ACCESS	INSTRUCTIONS_RETIRED	BUS_CYCLES	L1I_CACHE_ACCESS	PREDICTABLE_BRANCH_SPECULATIVELY_EXECUTED
5912192 SobolQRNG 1 1428 51 1.130000 2.466000  0.000093 0.000079 0.000222 0.001056 0.000343 0.000160 
5912256 SobolQRNG 1 1428 51 1.130000 3.005000  0.000100 0.000083 0.000228 0.000489 0.000254 0.000129 
5912256 SobolQRNG 1 1428 51 1.130000 2.466000  0.000094 0.000078 0.000217 0.000437 0.000224 0.000120 
5912256 SobolQRNG 1 1428 51 1.130000 2.081000  0.000093 0.000081 0.000223 0.000451 0.000236 0.000125 
5912320 SobolQRNG 1 1428 51 1.130000 2.082000  0.000108 0.000077 0.000213 0.000458 0.000223 0.000119 
5912320 SobolQRNG 1 1428 51 1.130000 0.846000  0.000111 0.000080 0.000220 0.000511 0.000233 0.000123 
5912384 SobolQRNG 1 1428 51 1.130000 1.927000  0.000098 0.000084 0.000234 0.000536 0.000261 0.000132 
5912384 SobolQRNG 1 1428 51 1.130000 2.157000  0.000103 0.000080 0.000226 0.000513 0.000254 0.000129 
5912384 SobolQRNG 1 1428 51 1.130000 2.158000  0.000099 0.000073 0.000212 0.000504 0.000218 0.000117 
5912448 SobolQRNG 1 1428 51 1.130000 2.004000  0.000094 0.000114 0.000272 0.000668 0.000271 0.000155 
5912448 SobolQRNG 1 1428 50 1.130000 1.927000  0.000018 0.000014 0.000039 0.000082 0.000042 0.000022 
5912448 SobolQRNG 1 1428 50 1.130000 1.542000  0.000097 0.000075 0.000211 0.000498 0.000238 0.000122 
5912512 SobolQRNG 1 1428 50 1.130000 2.156000  0.000087 0.000074 0.000209 0.000490 0.000228 0.000120 
5912512 SobolQRNG 1 1428 50 1.130000 1.542000  0.000110 0.000073 0.000200 0.000526 0.000207 0.000110 
5912512 SobolQRNG 1 1428 50 1.130000 2.004000  0.000101 0.000076 0.000209 0.000482 0.000229 0.000119 
5912576 SobolQRNG 1 1428 50 1.130000 1.542000  0.000095 0.000074 0.000201 0.000443 0.000214 0.000113 
5912576 SobolQRNG 1 1428 50 1.130000 1.541000  0.000101 0.000073 0.000203 0.000488 0.000220 0.000116 
5912576 SobolQRNG 1 1428 50 1.130000 2.312000  0.000089 0.000073 0.000200 0.000415 0.000214 0.000112 
5912640 SobolQRNG 1 1428 50 1.130000 1.541000  0.000081 0.000069 0.000191 0.000390 0.000197 0.000106 
5912640 SobolQRNG 1 1428 50 1.130000 2.157000  0.000096 0.000072 0.000201 0.000468 0.000217 0.000114 
5912704 SobolQRNG 1 1428 50 1.130000 1.619000  0.000086 0.000071 0.000202 0.000517 0.000220 0.000115 
5912704 SobolQRNG 1 1428 50 1.130000 1.541000  0.000093 0.000073 0.000202 0.000586 0.000232 0.000118 
5912704 SobolQRNG 1 1428 50 1.130000 1.542000  0.031317 0.005644 0.011718 0.031387 0.006486 0.002798 
5912768 SobolQRNG 1 1428 50 1.130000 1.542000  0.000094 0.000070 0.000198 0.000450 0.000219 0.000112 
5912768 SobolQRNG 1 1428 50 1.130000 2.312000  0.000085 0.000071 0.000193 0.000439 0.000210 0.000114 
5912768 SobolQRNG 1 1428 50 1.130000 1.619000  0.000080 0.000068 0.000193 0.000444 0.000195 0.000105 
5912832 SobolQRNG 1 1428 50 1.130000 1.773000  0.000082 0.000069 0.000191 0.000395 0.000200 0.000106 
5912832 SobolQRNG 1 1428 50 1.130000 1.773000  3.143557 0.539386 1.114297 3.148042 0.626699 0.266298 
5912832 SobolQRNG 1 1428 50 1.130000 1.696000  0.000094 0.000069 0.000194 0.000457 0.000218 0.000111 
5912896 SobolQRNG 1 1428 50 1.130000 1.773000  0.000083 0.000068 0.000188 0.000378 0.000198 0.000105 
5912896 SobolQRNG 1 1428 50 1.130000 1.850000  0.000082 0.000067 0.000183 0.000442 0.000197 0.000103 
5912896 SobolQRNG 1 1428 50 1.130000 1.696000  0.000078 0.000067 0.000185 0.000368 0.000195 0.000105 
5912960 SobolQRNG 1 1428 50 1.130000 1.696000  0.000080 0.000067 0.000184 0.000375 0.000202 0.000105 
5912960 SobolQRNG 1 1428 50 1.130000 1.696000  0.000082 0.000068 0.000192 0.000428 0.000213 0.000110 
5913024 SobolQRNG 1 1428 50 1.130000 2.466000  0.000078 0.000066 0.000182 0.000360 0.000194 0.000102 
5913024 SobolQRNG 1 1428 50 1.130000 1.696000  0.000077 0.000063 0.000174 0.000348 0.000181 0.000097 
5913024 SobolQRNG 1 1428 50 1.130000 2.235000  0.000078 0.000066 0.000180 0.000363 0.000196 0.000101 
5913088 SobolQRNG 1 1428 50 1.130000 1.696000  0.000097 0.000065 0.000179 0.000416 0.000185 0.000098 
5913088 SobolQRNG 1 1428 50 1.130000 1.928000  0.000074 0.000065 0.000178 0.000357 0.000190 0.000100 
5913088 SobolQRNG 1 1428 51 1.130000 1.696000  0.000071 0.000064 0.000178 0.000350 0.000188 0.000099 
5913152 SobolQRNG 1 1428 51 1.130000 1.773000  0.000073 0.000064 0.000178 0.000390 0.000192 0.000102 
5913152 SobolQRNG 1 1428 50 1.130000 2.312000  0.000089 0.000067 0.000182 0.000412 0.000205 0.000106 
5913152 SobolQRNG 1 1428 50 1.130000 1.696000  0.000072 0.000061 0.000169 0.000335 0.000176 0.000094 
5913216 SobolQRNG 1 1428 50 1.130000 2.081000  0.000077 0.000065 0.000183 0.000412 0.000204 0.000105 
5913216 SobolQRNG 1 1428 50 1.130000 1.773000  0.000071 0.000063 0.000174 0.000347 0.000184 0.000098 
5913216 SobolQRNG 1 1428 50 1.130000 1.696000  0.000082 0.000064 0.000178 0.000386 0.000194 0.000100 
5913280 SobolQRNG 1 1428 50 1.130000 2.466000  0.000071 0.000062 0.000174 0.000395 0.000198 0.000102 
5913280 SobolQRNG 1 1428 50 1.130000 1.695000  0.000067 0.000059 0.000165 0.000499 0.000207 0.000106 
5913280 SobolQRNG 1 1428 50 1.130000 2.158000  0.000498 0.000369 0.001016 0.002484 0.001153 0.000534 
5913344 SobolQRNG 1 1428 50 1.130000 1.773000  0.000075 0.000062 0.000177 0.000391 0.000192 0.000100 
5913344 SobolQRNG 1 1428 50 1.130000 1.773000  0.000077 0.000063 0.000172 0.000364 0.000178 0.000093 
5913408 SobolQRNG 1 1428 50 1.130000 2.081000  0.000076 0.000062 0.000171 0.000385 0.000193 0.000100 
5913408 SobolQRNG 1 1428 50 1.130000 1.696000  0.000074 0.000059 0.000164 0.000397 0.000168 0.000091 
5913408 SobolQRNG 1 1428 50 1.130000 2.158000  0.000486 0.000359 0.000979 0.002259 0.001104 0.000592 
5913472 SobolQRNG 1 1428 50 1.130000 1.695000  0.000069 0.000060 0.000164 0.000326 0.000175 0.000092 
5913472 SobolQRNG 1 1428 50 1.130000 1.696000  0.000065 0.000056 0.000157 0.000304 0.000162 0.000087 
5913472 SobolQRNG 1 1428 50 1.130000 2.311000  0.000072 0.000060 0.000166 0.000368 0.000185 0.000095 
5913536 SobolQRNG 1 1428 50 1.130000 1.696000  0.000089 0.000063 0.000175 0.000393 0.000192 0.000098 
5913536 SobolQRNG 1 1428 50 1.130000 1.695000  0.000064 0.000058 0.000162 0.000360 0.000178 0.000093 
5913536 SobolQRNG 1 1428 50 1.130000 1.619000  0.000070 0.000059 0.000161 0.000322 0.000173 0.000090 
5913600 SobolQRNG 1 1428 50 1.130000 1.850000  0.000068 0.000058 0.000160 0.000315 0.000170 0.000090 
5913600 SobolQRNG 1 1428 50 1.130000 2.233000  0.000066 0.000085 0.000205 0.000451 0.000239 0.000115 
5913664 SobolQRNG 1 1428 50 1.130000 1.773000  0.000080 0.000058 0.000158 0.000346 0.000170 0.000089 
5913664 SobolQRNG 1 1428 50 1.130000 1.696000  0.000066 0.000057 0.000157 0.000313 0.000167 0.000088 
5913664 SobolQRNG 1 1428 50 1.130000 2.235000  0.000067 0.000057 0.000168 0.000387 0.000179 0.000091 
5913728 SobolQRNG 1 1428 50 1.130000 1.850000  0.000065 0.000055 0.000158 0.000368 0.000164 0.000086 
5913728 SobolQRNG 1 1428 50 1.130000 1.773000  0.000085 0.000059 0.000166 0.000379 0.000185 0.000094 
5913728 SobolQRNG 1 1428 50 1.130000 2.159000  0.000067 0.000056 0.000154 0.000310 0.000164 0.000086 
5913792 SobolQRNG 1 1428 50 1.130000 1.696000  0.000065 0.000056 0.000154 0.000303 0.000161 0.000086 
5913792 SobolQRNG 1 1428 50 1.130000 2.543000  0.000076 0.000056 0.000173 0.000493 0.000189 0.000094 
5913792 SobolQRNG 1 1428 50 1.130000 1.773000  0.000064 0.000054 0.000149 0.000354 0.000157 0.000084 
5913856 SobolQRNG 1 1428 50 1.130000 1.696000  0.000069 0.000058 0.000158 0.000358 0.000174 0.000089 
5913856 SobolQRNG 1 1428 50 1.130000 1.696000  0.000067 0.000055 0.000151 0.000306 0.000160 0.000085 
5913856 SobolQRNG 1 1428 50 1.130000 1.773000  0.000069 0.000057 0.000155 0.000338 0.000169 0.000088 
5913920 SobolQRNG 1 1428 50 1.130000 2.387000  0.000065 0.000055 0.000169 0.000411 0.000179 0.000091 
5913920 SobolQRNG 1 1428 50 1.130000 1.928000  0.000063 0.000055 0.000153 0.000384 0.000160 0.000084 
5913984 SobolQRNG 1 1428 50 1.130000 1.850000  0.000071 0.000056 0.000158 0.000346 0.000172 0.000088 
5913984 SobolQRNG 1 1428 50 1.130000 1.696000  0.000061 0.000054 0.000148 0.000291 0.000157 0.000083 
5913984 SobolQRNG 1 1428 50 1.130000 1.696000  0.000377 0.000152 0.000363 0.000703 0.000337 0.000160 
5914048 SobolQRNG 1 1428 50 1.130000 2.235000  0.000063 0.000053 0.000284 0.000933 0.000298 0.000133 
5914048 SobolQRNG 1 1428 50 1.130000 1.928000  0.000061 0.000053 0.000146 0.000297 0.000154 0.000081 
5914048 SobolQRNG 1 1428 50 1.130000 1.696000  0.000061 0.000053 0.000145 0.000284 0.000154 0.000081 
5914112 SobolQRNG 1 1428 50 1.130000 1.696000  0.000069 0.000058 0.000159 0.000382 0.000176 0.000087 
5914112 SobolQRNG 1 1428 50 1.130000 1.696000  0.000057 0.000049 0.000138 0.000269 0.000141 0.000076 
5914112 SobolQRNG 1 1428 50 1.130000 2.157000  0.000060 0.000052 0.000143 0.000283 0.000151 0.000080 
5914176 SobolQRNG 1 1428 50 1.130000 1.696000  0.000060 0.000052 0.000142 0.000285 0.000152 0.000080 
5914176 SobolQRNG 1 1428 50 1.130000 1.696000  0.000064 0.000053 0.000147 0.000318 0.000159 0.000083 
5914176 SobolQRNG 1 1428 50 1.130000 2.158000  0.000060 0.000052 0.000148 0.000321 0.000162 0.000084 
5914240 SobolQRNG 1 1428 50 1.130000 1.927000  0.000055 0.000049 0.000136 0.000266 0.000139 0.000076 
5914240 SobolQRNG 1 1428 50 1.130000 2.158000  0.000063 0.000052 0.000144 0.000318 0.000156 0.000081 
5914240 SobolQRNG 1 1428 50 1.130000 1.927000  0.000061 0.000051 0.000140 0.000289 0.000148 0.000078 
5914304 SobolQRNG 1 1428 50 1.130000 1.850000  0.000068 0.000051 0.000143 0.000311 0.000155 0.000082 
5914304 SobolQRNG 1 1428 50 1.130000 2.466000  0.000112 0.000058 0.000171 0.000484 0.000189 0.000092 
5914368 SobolQRNG 1 1428 50 1.130000 1.696000  0.000056 0.000048 0.000134 0.000265 0.000137 0.000074 
5914368 SobolQRNG 1 1428 50 1.130000 2.081000  0.000059 0.000074 0.000179 0.000395 0.000207 0.000102 
5914368 SobolQRNG 1 1428 50 1.130000 1.695000  0.000068 0.000050 0.000138 0.000303 0.000147 0.000077 
5914432 SobolQRNG 1 1428 50 1.130000 1.850000  0.000064 0.000052 0.000144 0.000317 0.000159 0.000082 
5914432 SobolQRNG 1 1428 50 1.130000 2.541000  0.000058 0.000049 0.000140 0.000304 0.000152 0.000079 
5914432 SobolQRNG 1 1428 50 1.130000 1.697000  0.000053 0.000048 0.000133 0.000281 0.000137 0.000073 
5914496 SobolQRNG 1 1428 50 1.130000 2.159000  0.000062 0.000050 0.000140 0.000306 0.000154 0.000079 
5914496 SobolQRNG 1 1428 50 1.130000 1.697000  0.000056 0.000049 0.000136 0.000271 0.000144 0.000076 
5914496 SobolQRNG 1 1428 49 1.130000 1.928000  0.000413 0.000295 0.000807 0.001926 0.000707 0.000321 
5914560 SobolQRNG 1 1428 49 1.130000 2.387000  0.000057 0.000049 0.000134 0.000288 0.000147 0.000075 
5914560 SobolQRNG 1 1428 49 1.130000 1.697000  0.000056 0.000048 0.000133 0.000270 0.000141 0.000075 
5914624 SobolQRNG 1 1428 49 1.130000 1.851000  0.000059 0.000050 0.000139 0.000309 0.000152 0.000078 
5914624 SobolQRNG 1 1428 49 1.130000 2.160000  0.000057 0.000047 0.000132 0.000295 0.000146 0.000077 
5914624 SobolQRNG 1 1428 49 1.130000 1.697000  0.000068 0.000050 0.000142 0.000318 0.000154 0.000079 
5914688 SobolQRNG 1 1428 50 1.130000 2.234000  0.000060 0.000048 0.000135 0.000294 0.000145 0.000076 
5914688 SobolQRNG 1 1428 50 1.130000 1.928000  0.000070 0.000047 0.000132 0.000291 0.000134 0.000071 
5914688 SobolQRNG 1 1428 50 1.130000 1.773000  0.000068 0.000050 0.000137 0.000304 0.000151 0.000078 
5914752 SobolQRNG 1 1428 50 1.130000 1.773000  0.000069 0.000048 0.000133 0.000308 0.000156 0.000079 
5914752 SobolQRNG 1 1428 50 1.130000 1.697000  0.000059 0.000048 0.000137 0.000311 0.000152 0.000079 
5914752 SobolQRNG 1 1428 49 1.130000 2.388000  0.000062 0.000051 0.000136 0.000308 0.000151 0.000077 
5914816 SobolQRNG 1 1428 49 1.130000 1.697000  0.000088 0.000047 0.000135 0.000340 0.000138 0.000073 
5914816 SobolQRNG 1 1428 50 1.130000 2.159000  0.000060 0.000048 0.000136 0.000302 0.000147 0.000075 
5914816 SobolQRNG 1 1428 50 1.130000 1.853000  0.000052 0.000047 0.000129 0.000258 0.000136 0.000072 
5914880 SobolQRNG 1 1428 50 1.130000 1.697000  0.000334 0.000133 0.000318 0.000611 0.000291 0.000139 
5914880 SobolQRNG 1 1428 50 1.130000 2.389000  0.000055 0.000046 0.000127 0.000254 0.000136 0.000071 
5914880 SobolQRNG 1 1428 49 1.130000 1.850000  0.000064 0.000044 0.000127 0.000304 0.000132 0.000070 
5914944 SobolQRNG 1 1428 49 1.130000 1.696000  0.000053 0.000046 0.000126 0.000248 0.000134 0.000071 
5914944 SobolQRNG 1 1428 49 1.130000 1.697000  0.000055 0.000045 0.000126 0.000284 0.000139 0.000072 
5915008 SobolQRNG 1 1428 49 1.130000 1.694000  0.000057 0.000046 0.000128 0.000276 0.000138 0.000072 
5915008 SobolQRNG 1 1428 49 1.130000 1.695000  0.000057 0.000046 0.000127 0.000299 0.000143 0.000074 
5915008 SobolQRNG 1 1428 49 1.130000 1.696000  0.000064 0.000048 0.000127 0.000270 0.000131 0.000068 
5915072 SobolQRNG 1 1428 49 1.130000 2.388000  0.000052 0.000045 0.000124 0.000245 0.000131 0.000069 
5915072 SobolQRNG 1 1428 49 1.130000 1.620000  0.000070 0.000045 0.000123 0.000290 0.000129 0.000068 
5915072 SobolQRNG 1 1428 49 1.130000 2.391000  0.000052 0.000044 0.000122 0.000246 0.000130 0.000068 
5915136 SobolQRNG 1 1428 49 1.130000 1.697000  0.000053 0.000045 0.000123 0.000254 0.000132 0.000069 
5915136 SobolQRNG 1 1428 49 1.130000 2.468000  0.000054 0.000044 0.000126 0.000275 0.000136 0.000070 
5915136 SobolQRNG 1 1428 50 1.130000 2.622000  0.000053 0.000044 0.000124 0.000280 0.000139 0.000072 
5915200 SobolQRNG 1 1428 50 1.130000 1.851000  0.000050 0.000042 0.000116 0.000232 0.000120 0.000064 
5915200 SobolQRNG 1 1428 50 1.130000 2.390000  0.000053 0.000044 0.000121 0.000244 0.000129 0.000068 
5915200 SobolQRNG 1 1428 50 1.130000 1.773000  0.000050 0.000043 0.000117 0.000261 0.000123 0.000066 
5915264 SobolQRNG 1 1428 50 1.130000 2.159000  0.000057 0.000044 0.000126 0.000307 0.000141 0.000072 
5915264 SobolQRNG 1 1428 50 1.130000 2.467000  -0.686477 0.146431 0.319793 -0.686390 0.177380 0.076177 
5915264 SobolQRNG 1 1428 50 1.130000 1.773000  1.137435 0.216181 0.450078 1.137753 0.252821 0.106689 
5915328 SobolQRNG 1 1428 50 1.130000 2.313000  0.000051 0.000043 0.000118 0.000239 0.000126 0.000066 
5915328 SobolQRNG 1 1428 50 1.130000 1.774000  0.000070 0.000042 0.000118 0.000266 0.000122 0.000064 
5915328 SobolQRNG 1 1428 50 1.130000 2.233000  0.000050 0.000043 0.000117 0.000233 0.000125 0.000065 
5915392 SobolQRNG 1 1428 49 1.130000 2.852000  0.000056 0.000043 0.000122 0.000280 0.000137 0.000072 
5915392 SobolQRNG 1 1428 49 1.130000 1.773000  0.000060 0.000044 0.000121 0.000277 0.000136 0.000070 
5915456 SobolQRNG 1 1428 49 1.130000 2.465000  0.000055 0.000042 0.000120 0.000274 0.000131 0.000068 
5915456 SobolQRNG 1 1428 49 1.130000 1.773000  0.000046 0.000040 0.000111 0.000221 0.000114 0.000061 
5915456 SobolQRNG 1 1428 49 1.130000 2.234000  0.000055 0.000043 0.000119 0.000269 0.000128 0.000067 
5915520 SobolQRNG 1 1428 49 1.130000 1.774000  0.000051 0.000042 0.000114 0.000242 0.000123 0.000065 
5915520 SobolQRNG 1 1428 49 1.130000 1.850000  0.000054 0.000041 0.000116 0.000263 0.000131 0.000070 
5915520 SobolQRNG 1 1428 49 1.130000 2.236000  0.000054 0.000042 0.000117 0.000261 0.000128 0.000066 
5915584 SobolQRNG 1 1428 49 1.130000 1.928000  0.000055 0.000042 0.000114 0.000239 0.000118 0.000062 
5915584 SobolQRNG 1 1428 49 1.130000 2.235000  0.000163 0.000061 0.000146 0.000343 0.000174 0.000084 
5915584 SobolQRNG 1 1428 49 1.130000 1.773000  0.000054 0.000041 0.000111 0.000252 0.000116 0.000061 
5915648 SobolQRNG 1 1428 49 1.130000 1.773000  0.000125 0.000048 0.000129 0.000339 0.000140 0.000071 
5915648 SobolQRNG 1 1428 49 1.130000 2.929000  0.000057 0.000042 0.000115 0.000286 0.000123 0.000064 
5915648 SobolQRNG 1 1428 49 1.130000 1.774000  0.000052 0.000043 0.000119 0.000260 0.000127 0.000065 
5915712 SobolQRNG 1 1428 49 1.130000 2.389000  0.000048 0.000060 0.000144 0.000340 0.000147 0.000083 
5915712 SobolQRNG 1 1428 49 1.130000 1.773000  0.000062 0.000041 0.000112 0.000263 0.000116 0.000061 
5915776 SobolQRNG 1 1428 49 1.130000 2.156000  0.000155 0.000049 0.000128 0.000380 0.000135 0.000068 
5915776 SobolQRNG 1 1428 50 1.130000 1.773000  0.000057 0.000043 0.000119 0.000268 0.000131 0.000067 
5915776 SobolQRNG 1 1428 49 1.130000 1.928000  0.000058 0.000042 0.000120 0.000287 0.000133 0.000068 
5915840 SobolQRNG 1 1428 49 1.130000 2.389000  0.000047 0.000040 0.000110 0.000221 0.000117 0.000062 
5915840 SobolQRNG 1 1428 50 1.130000 2.237000  0.000055 0.000042 0.000117 0.000269 0.000131 0.000067 
5915840 SobolQRNG 1 1428 50 1.130000 1.849000  0.000052 0.000040 0.000111 0.000245 0.000126 0.000065 
5915904 SobolQRNG 1 1428 49 1.130000 1.773000  0.000051 0.000040 0.000112 0.000247 0.000121 0.000063 
5915904 SobolQRNG 1 1428 49 1.130000 1.773000  0.000050 0.000040 0.000109 0.000225 0.000112 0.000059 
5915904 SobolQRNG 1 1428 49 1.130000 2.234000  0.000327 0.000241 0.000606 0.001354 0.000479 0.000213 
5915968 SobolQRNG 1 1428 49 1.130000 1.774000  0.000048 0.000040 0.000108 0.000224 0.000116 0.000061 
5915968 SobolQRNG 1 1428 49 1.130000 1.928000  0.000046 0.000039 0.000108 0.000216 0.000115 0.000061 
5916032 SobolQRNG 1 1428 49 1.130000 2.083000  0.000047 0.000039 0.000107 0.000215 0.000115 0.000060 
5916032 SobolQRNG 1 1428 49 1.130000 1.773000  0.000045 0.000037 0.000103 0.000205 0.000107 0.000057 
5916032 SobolQRNG 1 1428 49 1.130000 2.236000  0.000051 0.000041 0.000124 0.000353 0.000134 0.000067 
5916096 SobolQRNG 1 1428 49 1.130000 1.773000  0.000059 0.000038 0.000109 0.000252 0.000111 0.000059 
5916096 SobolQRNG 1 1428 49 1.130000 1.774000  0.000048 0.000039 0.000111 0.000243 0.000119 0.000061 
5916096 SobolQRNG 1 1428 49 1.130000 1.851000  0.000052 0.000038 0.000105 0.000241 0.000111 0.000059 
5916160 SobolQRNG 1 1428 49 1.130000 1.774000  0.000045 0.000038 0.000107 0.000241 0.000120 0.000062 
5916160 SobolQRNG 1 1428 49 1.130000 2.005000  0.000045 0.000038 0.000105 0.000210 0.000112 0.000059 
5916160 SobolQRNG 1 1428 49 1.130000 1.773000  0.000058 0.000038 0.000107 0.000246 0.000109 0.000058 
5916224 SobolQRNG 1 1428 49 1.130000 1.773000  0.000045 0.000038 0.000104 0.000211 0.000112 0.000059 
5916224 SobolQRNG 1 1428 49 1.130000 1.773000  0.000053 0.000039 0.000107 0.000253 0.000117 0.000061 
5916224 SobolQRNG 1 1428 49 1.130000 1.774000  0.000048 0.000040 0.000111 0.000245 0.000119 0.000061 
5916288 SobolQRNG 1 1428 49 1.130000 1.928000  0.000053 0.000039 0.000110 0.000251 0.000122 0.000063 
5916288 SobolQRNG 1 1428 49 1.130000 1.850000  0.000056 0.000039 0.000105 0.000222 0.000108 0.000057 
5916288 SobolQRNG 1 1428 49 1.130000 2.388000  0.000046 0.000038 0.000103 0.000210 0.000111 0.000058 
5916352 SobolQRNG 1 1428 49 1.130000 1.928000  0.000053 0.000039 0.000108 0.000245 0.000121 0.000061 
5916352 SobolQRNG 1 1428 49 1.130000 1.773000  0.000050 0.000039 0.000107 0.000239 0.000116 0.000060 
5916416 SobolQRNG 1 1428 49 1.130000 1.696000  0.000044 0.000037 0.000117 0.000313 0.000124 0.000062 
5916416 SobolQRNG 1 1428 49 1.130000 1.850000  0.000045 0.000037 0.000106 0.000235 0.000118 0.000061 
5916416 SobolQRNG 1 1428 49 1.130000 2.157000  0.000049 0.000039 0.000109 0.000262 0.000119 0.000060 
5916480 SobolQRNG 1 1428 49 1.130000 1.773000  0.000047 0.000036 0.000100 0.000253 0.000107 0.000056 
5916480 SobolQRNG 1 1428 49 1.130000 1.928000  0.000048 0.000039 0.000109 0.000239 0.000116 0.000059 
5916480 SobolQRNG 1 1428 49 1.130000 1.774000  0.000043 0.000037 0.000101 0.000206 0.000106 0.000056 
5916544 SobolQRNG 1 1428 49 1.130000 1.773000  0.000047 0.000037 0.000131 0.000272 0.000131 0.000507 
5916544 SobolQRNG 1 1428 49 1.130000 1.850000  0.000043 0.000037 0.000130 0.000303 0.000131 0.000074 
5916544 SobolQRNG 1 1428 50 1.130000 1.697000  0.000042 0.000036 0.000100 0.000201 0.000107 0.000056 
5916608 SobolQRNG 1 1428 50 1.130000 2.160000  0.000046 0.000037 0.000105 0.000239 0.000117 0.000060 
5916608 SobolQRNG 1 1428 49 1.130000 2.467000  0.000047 0.000037 0.000103 0.000229 0.000114 0.000058 
5916672 SobolQRNG 1 1428 49 1.130000 1.773000  0.000042 0.000035 0.000100 0.000222 0.000102 0.000054 
5916672 SobolQRNG 1 1428 49 1.130000 1.850000  0.000050 0.000037 0.000105 0.000240 0.000117 0.000060 
5916672 SobolQRNG 1 1428 49 1.130000 1.773000  0.000041 0.000036 0.000099 0.000205 0.000105 0.000055 
5916736 SobolQRNG 1 1428 49 1.130000 1.851000  0.000051 0.000037 0.000105 0.000232 0.000112 0.000058 
5916736 SobolQRNG 1 1428 49 1.130000 2.699000  0.000041 0.000056 0.000132 0.000363 0.000154 0.000074 
5916736 SobolQRNG 1 1428 49 1.130000 1.774000  0.000054 0.000035 0.000098 0.000218 0.000102 0.000054 
5916800 SobolQRNG 1 1428 49 1.130000 2.156000  0.000052 0.000039 0.000106 0.000254 0.000115 0.000061 
5916800 SobolQRNG 1 1428 49 1.130000 1.773000  0.000046 0.000036 0.000099 0.000228 0.000109 0.000056 
5916800 SobolQRNG 1 1428 49 1.130000 1.465000  0.000044 0.000036 0.000103 0.000226 0.000109 0.000057 
5916864 SobolQRNG 1 1428 49 1.130000 2.312000  0.000044 0.000035 0.000101 0.000222 0.000109 0.000056 
5916864 SobolQRNG 1 1428 49 1.130000 1.620000  0.000039 0.000033 0.000093 0.000292 0.000117 0.000060 
5916928 SobolQRNG 1 1428 49 1.130000 2.005000  0.000291 0.000209 0.000572 0.001380 0.362175 0.156502 
5916928 SobolQRNG 1 1428 49 1.130000 1.542000  0.000021 0.000018 0.000049 0.000101 0.000052 0.000027 
5916928 SobolQRNG 1 1428 49 1.130000 1.620000  0.000461 0.000244 0.000637 0.001761 0.000694 0.000359 
5916992 SobolQRNG 1 1428 49 1.130000 1.928000  0.000040 0.000035 0.000095 0.000187 0.000100 0.000053 
