#Timestamp	Benchmark	Run(#)	CPU Frequency (MHz)	CPU Temperature(C)	CPU Voltage(V)	CPU Power(W)	CPU_CYCLES	L1_DATA_CACHE_ACCESS	INSTRUCTIONS_RETIRED	BUS_CYCLES	L1I_CACHE_ACCESS	PREDICTABLE_BRANCH_SPECULATIVELY_EXECUTED
4030976 nbody 1 518 40 0.880000 0.925000  0.000005 0.000004 0.000012 0.000025 0.000016 0.000008 
4030976 nbody 1 518 40 0.880000 1.002000  0.000005 0.000005 0.000013 0.000028 0.000016 0.000008 
4030976 nbody 1 518 40 0.880000 0.924000  0.000005 0.000004 0.000012 0.000024 0.000015 0.000008 
4031040 nbody 1 518 40 0.880000 0.694000  0.000005 0.000004 0.000012 0.000030 0.000017 0.000008 
4031040 nbody 1 518 40 0.880000 0.847000  0.000005 0.000004 0.000012 0.000024 0.000015 0.000008 
4031040 nbody 1 518 40 0.880000 0.848000  0.000005 0.000004 0.000012 0.000027 0.000016 0.000008 
4031104 nbody 1 518 40 0.880000 0.848000  0.000004 0.000004 0.000012 0.000026 0.000015 0.000008 
4031104 nbody 1 518 40 0.880000 0.924000  0.000004 0.000005 0.000013 0.000029 0.000016 0.000008 
4031104 nbody 1 518 40 0.880000 0.926000  0.000005 0.000004 0.000012 0.000024 0.000016 0.000008 
4031168 nbody 1 518 40 0.880000 0.771000  0.000005 0.000004 0.000012 0.000025 0.000015 0.000008 
4031168 nbody 1 518 40 0.880000 0.924000  0.000023 0.000018 0.000049 0.000104 0.000052 0.000027 
4031168 nbody 1 518 40 0.880000 0.768000  0.000019 0.000017 0.000046 0.000096 0.000048 0.000026 
4031232 nbody 1 518 40 0.880000 0.922000  0.000005 0.000005 0.000013 0.000027 0.000016 0.000008 
4031232 nbody 1 518 40 0.880000 0.768000  0.000020 0.000017 0.000049 0.000104 0.000052 0.000027 
4031296 nbody 1 518 40 0.880000 0.998000  0.000018 0.000016 0.000047 0.000100 0.000049 0.000026 
4031296 nbody 1 518 41 0.880000 0.921000  0.000005 0.000004 0.000012 0.000024 0.000016 0.000008 
4031296 nbody 1 518 41 0.880000 0.922000  0.000018 0.000016 0.000045 0.000104 0.000050 0.000026 
4031360 nbody 1 518 41 0.880000 0.691000  0.000022 0.000017 0.000048 0.000099 0.000052 0.000027 
4031360 nbody 1 518 41 0.880000 0.845000  0.000021 0.000016 0.000046 0.000092 0.000050 0.000026 
4031424 nbody 1 518 41 0.880000 0.768000  0.000029 0.000020 0.000053 0.000122 0.000058 0.000029 
4031424 nbody 1 518 41 0.880000 0.845000  0.000020 0.000016 0.000046 0.000094 0.000047 0.000025 
4031424 nbody 1 518 41 0.880000 0.692000  0.000030 0.000019 0.000055 0.000138 0.000061 0.000030 
4031488 nbody 1 518 41 0.880000 0.845000  0.000024 0.000018 0.000049 0.000103 0.000052 0.000027 
4031488 nbody 1 518 41 0.880000 0.768000  0.000018 0.000020 0.000052 0.000116 0.000056 0.000029 
4031552 nbody 1 518 42 0.880000 0.691000  0.000065 0.000022 0.000055 0.000144 0.000059 0.000029 
4031552 nbody 1 518 42 0.880000 0.614000  0.000021 0.000016 0.000046 0.000096 0.000047 0.000025 
4031552 nbody 1 518 42 0.880000 0.692000  0.000019 0.000017 0.000072 0.000144 0.000061 0.000040 
4031616 nbody 1 518 42 0.880000 0.538000  0.000021 0.000016 0.000046 0.000095 0.000048 0.000025 
4031616 nbody 1 518 42 0.880000 0.614000  0.000019 0.000017 0.000048 0.000099 0.000051 0.000026 
4031680 nbody 1 518 42 0.880000 0.538000  0.000018 0.000016 0.000045 0.000091 0.000048 0.000025 
4031680 nbody 1 518 42 0.880000 0.846000  0.000025 0.000018 0.000049 0.000104 0.000052 0.000027 
4031680 nbody 1 518 42 0.880000 0.538000  0.000017 0.000016 0.000046 0.000092 0.000048 0.000025 
4031744 nbody 1 518 42 0.880000 0.538000  0.000062 0.000021 0.000055 0.000143 0.000057 0.000028 
4031744 nbody 1 518 42 0.880000 0.614000  0.000021 0.000016 0.000046 0.000165 0.000070 0.000035 
4031744 nbody 1 518 42 0.880000 0.615000  0.000022 0.000017 0.000047 0.000101 0.000051 0.000026 
4031808 nbody 1 518 42 0.880000 0.614000  0.000020 0.000016 0.000046 0.000092 0.000047 0.000025 
4031808 nbody 1 518 42 0.880000 0.768000  0.000023 0.000018 0.000050 0.000108 0.000061 0.000030 
4031872 nbody 1 518 42 0.880000 0.614000  0.000017 0.000016 0.000045 0.000089 0.000047 0.000025 
4031872 nbody 1 518 42 0.880000 0.768000  0.000022 0.000017 0.000047 0.000099 0.000051 0.000026 
4031872 nbody 1 518 42 0.880000 0.691000  0.000017 0.000016 0.000044 0.000090 0.000046 0.000025 
4031936 nbody 1 518 42 0.880000 0.615000  0.000018 0.000016 0.000045 0.000094 0.000061 0.000036 
4031936 nbody 1 518 43 0.880000 0.614000  0.000020 0.000016 0.000045 0.000094 0.000047 0.000025 
4032000 nbody 1 518 42 0.880000 0.691000  0.000022 0.000018 0.000063 0.000139 0.000073 0.000035 
4032000 nbody 1 518 42 0.880000 0.845000  0.000023 0.000018 0.000048 0.000102 0.000049 0.000025 
4032000 nbody 1 518 43 0.880000 0.768000  0.000018 0.000025 0.000060 0.000153 0.000071 0.000038 
4032064 nbody 1 518 43 0.880000 0.768000  0.000017 0.000016 0.000045 0.000100 0.000048 0.000025 
4032064 nbody 1 518 43 0.880000 0.691000  0.000023 0.000018 0.000050 0.000110 0.000054 0.000028 
4032128 nbody 1 518 43 0.880000 0.845000  0.000023 0.000017 0.000046 0.000099 0.000048 0.000025 
4032128 nbody 1 518 42 0.880000 0.768000  0.000018 0.000027 0.000064 0.000162 0.000074 0.000039 
4032192 nbody 1 518 42 0.880000 0.768000  0.000018 0.000016 0.000090 0.000191 0.000075 0.000037 
4032192 nbody 1 518 43 0.880000 0.691000  0.000021 0.000017 0.000046 0.000095 0.000049 0.000026 
4032192 nbody 1 518 43 0.880000 0.845000  0.000019 0.000017 0.000046 0.000099 0.000050 0.000026 
4032256 nbody 1 518 43 0.880000 0.845000  0.000020 0.000016 0.000045 0.000091 0.000046 0.000024 
4032256 nbody 1 518 43 0.880000 0.692000  0.000018 0.000017 0.000046 0.000094 0.000049 0.000026 
4032256 nbody 1 518 43 0.880000 0.538000  0.000017 0.000016 0.000045 0.000088 0.000046 0.000024 
4032320 nbody 1 518 43 0.880000 0.692000  0.000021 0.000017 0.000046 0.000096 0.000049 0.000026 
4032320 nbody 1 518 43 0.880000 0.538000  0.000021 0.000017 0.000046 0.000096 0.000049 0.000061 
4032384 nbody 1 518 43 0.880000 0.768000  0.000021 0.000017 0.000046 0.000097 0.000050 0.000026 
4032384 nbody 1 518 43 0.880000 0.538000  0.000022 0.000017 0.000047 0.000096 0.000050 0.000026 
4032448 nbody 1 518 43 0.880000 0.692000  0.000022 0.000017 0.000046 0.000095 0.000049 0.000026 
4032448 nbody 1 518 43 0.880000 0.538000  0.000021 0.000016 0.000044 0.000092 0.000046 0.000024 
4032448 nbody 1 518 43 0.880000 0.846000  0.000018 0.000016 0.000045 0.000087 0.000047 0.000025 
4032512 nbody 1 518 43 0.880000 0.538000  0.000016 0.000016 0.000044 0.000086 0.000045 0.000024 
4032512 nbody 1 518 43 0.880000 0.768000  0.000020 0.000016 0.000046 0.000093 0.000048 0.000025 
4032576 nbody 1 518 43 0.880000 0.691000  0.000023 0.000017 0.000046 0.000096 0.000049 0.000026 
4032576 nbody 1 518 43 0.880000 0.845000  0.000017 0.000015 0.000066 0.000179 0.000066 0.000031 
4032576 nbody 1 518 43 0.880000 0.769000  0.000017 0.000016 0.000045 0.000090 0.000048 0.000025 
4032640 nbody 1 518 43 0.880000 0.691000  0.000020 0.000015 0.000044 0.000090 0.000045 0.000024 
4032640 nbody 1 518 43 0.880000 0.921000  0.000024 0.000018 0.000048 0.000205 0.000081 0.000041 
4032640 nbody 1 518 43 0.880000 0.538000  0.000017 0.000016 0.000044 0.000086 0.000046 0.000024 
4032704 nbody 1 518 43 0.880000 0.691000  0.000020 0.000016 0.000045 0.000093 0.000048 0.000025 
4032704 nbody 1 518 43 0.880000 0.538000  0.000020 0.000016 0.000044 0.000090 0.000053 0.000027 
4032768 nbody 1 518 43 0.880000 0.845000  0.000023 0.000018 0.000049 0.000108 0.000053 0.000027 
4032768 nbody 1 518 43 0.880000 0.614000  0.000017 0.000015 0.000046 0.000095 0.000047 0.000024 
4032832 nbody 1 518 43 0.880000 0.691000  0.000020 0.000017 0.000045 0.000092 0.000048 0.000025 
4032832 nbody 1 518 43 0.880000 0.538000  0.000019 0.000015 0.000046 0.000097 0.000047 0.000024 
4032832 nbody 1 518 43 0.880000 0.691000  0.000024 0.000018 0.000049 0.000110 0.000053 0.000027 
4032896 nbody 1 518 43 0.880000 0.614000  0.000019 0.000015 0.000043 0.000087 0.000044 0.000024 
4032896 nbody 1 518 43 0.880000 0.691000  0.000017 0.000016 0.000047 0.000114 0.000054 0.000027 
4032896 nbody 1 518 43 0.880000 0.922000  0.000020 0.000016 0.000043 0.000088 0.000044 0.000024 
4032960 nbody 1 518 43 0.880000 0.692000  0.000020 0.000024 0.000061 0.000130 0.000070 0.000033 
4032960 nbody 1 518 43 0.880000 0.845000  0.000020 0.000016 0.000043 0.000090 0.000045 0.000025 
4033024 nbody 1 518 43 0.880000 0.692000  0.000023 0.000018 0.000048 0.000107 0.000053 0.000027 
4033024 nbody 1 518 43 0.880000 0.845000  0.000020 0.000016 0.000044 0.000093 0.000047 0.000025 
4033024 nbody 1 518 43 0.880000 0.538000  0.000026 0.000019 0.000051 0.000111 0.000054 0.000027 
4033088 nbody 1 518 43 0.880000 0.691000  0.000017 0.000016 0.000044 0.000090 0.000047 0.000025 
4033088 nbody 1 518 43 0.880000 0.691000  0.000020 0.000016 0.000043 0.000088 0.000044 0.000024 
4033152 nbody 1 518 43 0.880000 0.691000  0.000020 0.000016 0.000044 0.000092 0.000047 0.000025 
4033152 nbody 1 518 44 0.880000 0.538000  0.000019 0.000015 0.000043 0.000090 0.000048 0.000028 
4033152 nbody 1 518 44 0.880000 0.768000  0.000017 0.000016 0.000044 0.000089 0.000046 0.000025 
4033216 nbody 1 518 43 0.880000 0.614000  0.000022 0.000065 0.000158 0.000179 0.000095 0.000052 
4033216 nbody 1 518 43 0.880000 0.768000  0.000017 0.000016 0.000044 0.000092 0.000047 0.000025 
4033280 nbody 1 518 44 0.880000 0.538000  0.000022 0.000017 0.000049 0.000115 0.000055 0.000027 
4033280 nbody 1 518 44 0.880000 0.768000  0.000020 0.000016 0.000045 0.000100 0.000049 0.000025 
4033280 nbody 1 518 44 0.880000 0.538000  0.000017 0.000021 0.000051 0.000663 0.000389 0.000221 
4033344 nbody 1 518 44 0.880000 0.615000  0.000020 0.000016 0.000047 0.000110 0.000049 0.000025 
4033344 nbody 1 518 43 0.880000 0.538000  0.326253 0.092575 0.203138 0.326290 0.106613 0.047429 
4033408 nbody 1 518 43 0.880000 0.845000  0.000019 0.000023 0.000058 0.000180 0.000080 0.000042 
4033408 nbody 1 518 44 0.880000 0.614000  0.000019 0.000015 0.000042 0.000088 0.000044 0.000023 
4033408 nbody 1 518 44 0.880000 0.615000  0.000025 0.000027 0.000068 0.000142 0.000059 0.000034 
4033472 nbody 1 518 44 0.880000 0.614000  0.000018 0.000015 0.000042 0.000101 0.000047 0.000024 
4033472 nbody 1 518 43 0.880000 0.691000  0.000020 0.000024 0.000057 0.000123 0.000073 0.000039 
4033536 nbody 1 518 43 0.880000 0.614000  0.000019 0.000015 0.000042 0.000087 0.000044 0.000023 
4033536 nbody 1 518 44 0.880000 0.614000  0.000020 0.000016 0.000044 0.000090 0.000047 0.000024 
4033536 nbody 1 518 44 0.880000 0.768000  0.000025 0.000016 0.000044 0.000089 0.000044 0.000024 
4033600 nbody 1 518 44 0.880000 0.768000  0.000020 0.000016 0.000044 0.000090 0.000047 0.000024 
4033600 nbody 1 518 43 0.880000 0.845000  0.000033 0.000031 0.000086 0.000178 0.000097 0.000051 
4033664 nbody 1 518 43 0.880000 0.692000  0.000019 0.000016 0.000046 0.000102 0.000051 0.000026 
4033664 nbody 1 518 43 0.880000 0.768000  0.000022 0.000017 0.000076 0.000194 0.000070 0.000066 
4033728 nbody 1 518 44 0.880000 0.692000  0.000022 0.000017 0.000045 0.000092 0.000046 0.000024 
4033728 nbody 1 518 44 0.880000 0.768000  0.000022 0.000016 0.000046 0.000101 0.000050 0.000025 
4033728 nbody 1 518 44 0.880000 0.691000  0.000016 0.000015 0.000042 0.000083 0.000043 0.000023 
4033792 nbody 1 518 44 0.880000 0.845000  0.000023 0.000017 0.000046 0.000100 0.000048 0.000025 
4033792 nbody 1 518 44 0.880000 0.768000  0.000019 0.000015 0.000042 0.000085 0.000043 0.000023 
4033792 nbody 1 518 44 0.880000 0.615000  0.000023 0.000017 0.000046 0.000102 0.000051 0.000026 
4033856 nbody 1 518 44 0.880000 0.538000  0.000019 0.000015 0.000041 0.000086 0.000043 0.000023 
4033856 nbody 1 518 44 0.880000 0.691000  0.000020 0.000016 0.000042 0.000083 0.000045 0.000023 
4033920 nbody 1 518 44 0.880000 0.538000  0.000016 0.000015 0.000041 0.000083 0.000043 0.000023 
4033920 nbody 1 518 44 0.880000 0.692000  0.000020 0.000015 0.000043 0.000089 0.000046 0.000024 
4033920 nbody 1 518 44 0.880000 0.614000  0.000016 0.000015 0.000041 0.000082 0.000043 0.000023 
4033984 nbody 1 518 44 0.880000 0.768000  0.000017 0.000015 0.000041 0.000079 0.000044 0.000023 
4033984 nbody 1 518 44 0.880000 0.614000  0.000018 0.000015 0.000041 0.000083 0.000042 0.000023 
4034048 nbody 1 518 44 0.880000 0.691000  0.000017 0.000028 0.000070 0.000133 0.000058 0.000034 
4034048 nbody 1 518 44 0.880000 0.614000  0.000019 0.000015 0.000041 0.000085 0.000043 0.000023 
4034048 nbody 1 518 44 0.880000 0.614000  0.000064 0.000027 0.000068 0.000135 0.000058 0.000034 
4034112 nbody 1 518 44 0.880000 0.538000  0.000019 0.000015 0.000041 0.000081 0.000042 0.000023 
4034112 nbody 1 518 44 0.880000 0.691000  0.000017 0.000015 0.000043 0.000084 0.000045 0.000024 
4034176 nbody 1 518 44 0.880000 0.614000  0.000022 0.000016 0.000044 0.000093 0.000045 0.000023 
4034176 nbody 1 518 44 0.880000 0.691000  0.000022 0.000016 0.000043 0.000090 0.000046 0.000024 
4034176 nbody 1 518 44 0.880000 0.538000  0.000018 0.000015 0.000044 0.000092 0.000044 0.000023 
4034240 nbody 1 518 44 0.880000 0.768000  0.000021 0.000018 0.000049 0.000116 0.000052 0.000026 
4034240 nbody 1 518 44 0.880000 0.614000  0.000016 0.000014 0.000040 0.000081 0.000042 0.000023 
4034304 nbody 1 518 44 0.880000 0.691000  0.000016 0.000015 0.000042 0.000084 0.000045 0.000023 
4034304 nbody 1 518 44 0.880000 0.614000  0.000015 0.000014 0.000041 0.000080 0.000042 0.000023 
4034304 nbody 1 518 44 0.880000 0.692000  0.000021 0.000015 0.000042 0.000091 0.000045 0.000023 
4034368 nbody 1 518 44 0.880000 0.615000  0.000033 0.000015 0.000043 0.000099 0.000044 0.000023 
4034368 nbody 1 518 44 0.880000 0.692000  0.000016 0.000015 0.000042 0.000084 0.000045 0.000023 
4034432 nbody 1 518 44 0.880000 0.614000  0.000015 0.000014 0.000040 0.000080 0.000042 0.000022 
4034432 nbody 1 518 44 0.880000 0.768000  0.000017 0.000015 0.000041 0.000085 0.000045 0.000023 
4034432 nbody 1 518 44 0.880000 0.538000  0.000018 0.000014 0.000040 0.000084 0.000041 0.000022 
4034496 nbody 1 518 44 0.880000 0.691000  0.000020 0.000015 0.000042 0.000090 0.000054 0.000026 
4034496 nbody 1 518 44 0.880000 0.538000  0.000018 0.000015 0.000041 0.000087 0.000042 0.000022 
4034560 nbody 1 518 44 0.880000 0.769000  0.000019 0.000016 0.000055 0.000118 0.000055 0.000031 
4034560 nbody 1 518 44 0.880000 0.768000  0.000018 0.000015 0.000040 0.000083 0.000042 0.000022 
4034560 nbody 1 518 44 0.880000 0.692000  0.000017 0.000015 0.000043 0.000095 0.000047 0.000024 
4034624 nbody 1 518 44 0.880000 0.538000  0.000016 0.000014 0.000040 0.000081 0.000042 0.000022 
4034624 nbody 1 518 44 0.880000 0.769000  0.000018 0.000016 0.000044 0.000099 0.000050 0.000025 
4034624 nbody 1 518 44 0.880000 0.614000  0.000019 0.000015 0.000040 0.000084 0.000042 0.000022 
4034688 nbody 1 518 44 0.880000 0.614000  0.000019 0.000015 0.000042 0.000091 0.000046 0.000026 
4034688 nbody 1 518 44 0.880000 0.538000  0.000015 0.000014 0.000040 0.000079 0.000041 0.000022 
4034752 nbody 1 518 44 0.880000 0.769000  0.000019 0.000015 0.000042 0.000086 0.000044 0.000023 
4034752 nbody 1 518 44 0.880000 0.538000  0.000019 0.000014 0.000040 0.000083 0.000041 0.000022 
4034752 nbody 1 518 44 0.880000 0.845000  0.000019 0.000015 0.000041 0.000086 0.000044 0.000023 
4034816 nbody 1 518 44 0.880000 0.538000  0.000016 0.000015 0.000053 0.000110 0.000345 0.000193 
4034816 nbody 1 518 44 0.880000 0.692000  0.000016 0.000015 0.000041 0.000084 0.000044 0.000023 
4034880 nbody 1 518 44 0.880000 0.538000  0.000017 0.000014 0.000040 0.000078 0.000041 0.000022 
4034880 nbody 1 518 44 0.880000 0.768000  0.000043 0.000028 0.000064 0.000149 0.000078 0.000045 
4034880 nbody 1 518 44 0.880000 0.538000  0.000018 0.000014 0.000040 0.000083 0.000041 0.000022 
4034944 nbody 1 518 44 0.880000 0.923000  0.000017 0.000015 0.000042 0.000094 0.000048 0.000024 
4034944 nbody 1 518 44 0.880000 0.538000  0.000015 0.000014 0.000039 0.000078 0.000040 0.000022 
4035008 nbody 1 518 44 0.880000 0.692000  0.000016 0.000022 0.000053 0.000115 0.000063 0.000034 
4035008 nbody 1 518 44 0.880000 0.538000  0.000055 0.000031 0.000082 0.000168 0.000084 0.000043 
4035072 nbody 1 518 44 0.880000 0.769000  0.000017 0.000017 0.000046 0.000470 0.000155 0.000064 
4035072 nbody 1 518 44 0.880000 0.845000  0.000022 0.000015 0.000042 0.000090 0.000044 0.000023 
4035072 nbody 1 518 44 0.880000 0.691000  0.000018 0.000022 0.000066 0.000134 0.000070 0.000033 
4035136 nbody 1 518 44 0.880000 0.922000  0.000018 0.000015 0.000041 0.000085 0.000044 0.000023 
4035136 nbody 1 518 44 0.880000 0.538000  0.000016 0.000022 0.000053 0.000133 0.000061 0.000205 
4035200 nbody 1 518 44 0.880000 0.768000  0.000017 0.000015 0.000041 0.000082 0.000041 0.000022 
4035200 nbody 1 518 44 0.880000 0.691000  0.000018 0.000014 0.000039 0.000082 0.000040 0.000022 
4035200 nbody 1 518 44 0.880000 0.692000  0.000023 0.000016 0.000042 0.000307 0.000083 0.000047 
4035264 nbody 1 518 44 0.880000 0.691000  0.000018 0.000014 0.000039 0.000082 0.000040 0.000022 
4035264 nbody 1 518 44 0.880000 0.768000  0.000019 0.000022 0.000058 0.000173 0.000069 0.000032 
4035328 nbody 1 518 44 0.880000 0.614000  0.035703 0.010736 0.022943 0.035735 0.012223 0.005372 
4035328 nbody 1 518 44 0.880000 0.691000  0.000016 0.000015 0.000048 0.000118 0.000052 0.000026 
4035392 nbody 1 518 44 0.880000 0.768000  0.000018 0.000030 0.000070 0.000190 0.000064 0.000030 
4035392 nbody 1 518 44 0.880000 0.538000  0.000018 0.000015 0.000041 0.000111 0.000053 0.000030 
4035392 nbody 1 518 44 0.880000 0.845000  0.000041 0.000021 0.000064 0.000129 0.000067 0.000033 
4035456 nbody 1 518 44 0.880000 0.691000  0.000015 0.000014 0.000038 0.000076 0.000040 0.000029 
4035456 nbody 1 518 45 0.880000 0.768000  0.000019 0.000015 0.000041 0.000085 0.000044 0.000023 
4035520 nbody 1 518 45 0.880000 0.614000  0.000018 0.000014 0.000039 0.000081 0.000041 0.000021 
4035520 nbody 1 518 45 0.880000 0.614000  0.000067 0.000019 0.000049 0.000134 0.000051 0.000024 
4035520 nbody 1 518 45 0.880000 0.538000  0.000018 0.000014 0.000039 0.000081 0.000040 0.000022 
4035584 nbody 1 518 44 0.880000 0.691000  0.000020 0.000016 0.000048 0.000117 0.000053 0.000026 
4035584 nbody 1 518 44 0.880000 0.538000  0.000015 0.000014 0.000039 0.000077 0.000040 0.000021 
4035648 nbody 1 518 44 0.880000 0.768000  0.000018 0.000019 0.000053 0.000152 0.000056 0.000026 
4035648 nbody 1 518 45 0.880000 0.614000  0.000021 0.000014 0.000039 0.000083 0.000041 0.000021 
4035648 nbody 1 518 45 0.880000 0.691000  0.000018 0.000015 0.000044 0.000092 0.000046 0.000025 
4035712 nbody 1 518 44 0.880000 0.691000  0.000015 0.000013 0.000038 0.000074 0.000041 0.000021 
4035712 nbody 1 518 44 0.880000 0.769000  0.000018 0.000014 0.000040 0.000083 0.000043 0.000025 
4035776 nbody 1 518 44 0.880000 0.768000  0.000015 0.000014 0.000038 0.000090 0.000041 0.000022 
4035776 nbody 1 518 44 0.880000 0.691000  0.000018 0.000014 0.000040 0.000083 0.000046 0.000023 
4035776 nbody 1 518 44 0.880000 0.538000  0.000015 0.000014 0.000041 0.000084 0.000041 0.000022 
4035840 nbody 1 518 44 0.880000 0.691000  0.000028 0.000026 0.000095 0.000194 0.000109 0.000053 
4035840 nbody 1 518 44 0.880000 0.614000  0.000027 0.000024 0.000068 0.000133 0.000073 0.000039 
4035904 nbody 1 518 44 0.880000 0.768000  0.000026 0.000016 0.000044 0.000100 0.000049 0.000024 
4035904 nbody 1 518 44 0.880000 0.768000  0.000018 0.000015 0.000040 0.000082 0.000042 0.000022 
4035904 nbody 1 518 45 0.880000 0.768000  0.000018 0.000015 0.000041 0.000086 0.000043 0.000022 
4035968 nbody 1 518 45 0.880000 0.845000  0.000015 0.000014 0.000040 0.000079 0.000042 0.000022 
4035968 nbody 1 518 44 0.880000 0.615000  0.000021 0.000016 0.000041 0.000088 0.000043 0.000022 
4035968 nbody 1 518 44 0.880000 0.768000  0.000018 0.000015 0.000040 0.000083 0.000043 0.000022 
4036032 nbody 1 518 44 0.880000 0.691000  0.000018 0.000016 0.000047 0.000121 0.000048 0.000023 
4036032 nbody 1 518 44 0.880000 0.768000  0.000018 0.000014 0.000040 0.000084 0.000042 0.000022 
4036096 nbody 1 518 44 0.880000 0.538000  0.000018 0.000024 0.000057 0.000157 0.000066 0.000034 
4036096 nbody 1 518 44 0.880000 0.768000  0.000019 0.000015 0.000040 0.000085 0.000043 0.000022 
4036096 nbody 1 518 44 0.880000 0.769000  0.032361 0.010061 0.021833 0.032389 0.011355 0.004970 
4036160 nbody 1 518 44 0.880000 0.768000  0.000016 0.000014 0.000039 0.000091 0.000045 0.000023 
4036160 nbody 1 518 44 0.880000 0.537000  0.000017 0.000014 0.000038 0.000092 0.000042 0.000022 
4036224 nbody 1 518 44 0.880000 0.692000  0.000015 0.000018 0.000092 0.000199 0.000075 0.000037 
4036224 nbody 1 518 44 0.880000 0.538000  0.039381 0.012782 0.027714 0.039480 0.014277 0.006367 
4036288 nbody 1 518 44 0.880000 0.614000  0.000028 0.000025 0.000068 0.000133 0.000072 0.000038 
4036288 nbody 1 518 44 0.880000 0.538000  0.000016 0.000013 0.000038 0.000074 0.000038 0.000021 
4036288 nbody 1 518 44 0.880000 0.768000  0.000016 0.000014 0.000039 0.000080 0.000042 0.000022 
4036352 nbody 1 518 44 0.880000 0.538000  0.000014 0.000013 0.000037 0.000081 0.000040 0.000021 
4036352 nbody 1 518 44 0.880000 0.691000  0.000018 0.000014 0.000039 0.000107 0.000051 0.000029 
4036416 nbody 1 518 44 0.880000 0.691000  0.000026 0.000023 0.000064 0.000125 0.000067 0.000036 
4036416 nbody 1 518 44 0.880000 0.768000  0.000032 0.000025 0.000070 0.000146 0.000078 0.000040 
4036416 nbody 1 518 44 0.880000 0.538000  0.000026 0.000023 0.000064 0.000126 0.000066 0.000036 
4036480 nbody 1 518 44 0.880000 0.847000  0.000033 0.000026 0.000071 0.000150 0.000078 0.000040 
