#Timestamp	Benchmark	Run(#)	CPU Frequency (MHz)	CPU Temperature(C)	CPU Voltage(V)	CPU Power(W)	CPU_CYCLES	L1_DATA_CACHE_ACCESS	INSTRUCTIONS_RETIRED	BUS_CYCLES	L1I_CACHE_ACCESS	PREDICTABLE_BRANCH_SPECULATIVELY_EXECUTED
5303104 transpose 1 1132 45 1.072000 1.079000  0.000077 0.000056 0.000154 0.000350 0.000173 0.000088 
5492032 transpose 1 1132 46 1.072000 1.309000  0.000005 0.000005 0.000013 0.000026 0.000017 0.000008 
5492032 transpose 1 1132 46 1.072000 1.387000  0.000021 0.000019 0.000055 0.000121 0.000057 0.000030 
5492096 transpose 1 1132 47 1.072000 1.464000  0.186490 0.045182 0.094887 0.186844 0.050700 0.022132 
5492096 transpose 1 1132 47 1.072000 1.080000  0.000022 0.000019 0.000051 0.000100 0.000055 0.000029 
5492160 transpose 1 1132 47 1.072000 1.001000  0.000021 0.000019 0.000051 0.000100 0.000055 0.000029 
5492160 transpose 1 1132 47 1.072000 1.234000  0.000021 0.000019 0.000051 0.000099 0.000054 0.000029 
5492160 transpose 1 1132 47 1.072000 1.309000  0.000022 0.000019 0.000051 0.000101 0.000054 0.000029 
5492224 transpose 1 1132 47 1.072000 1.080000  0.000020 0.000017 0.000059 0.000160 0.000060 0.000030 
5492224 transpose 1 1132 47 1.072000 1.311000  0.000021 0.000018 0.000051 0.000101 0.000054 0.000028 
5492224 transpose 1 1132 46 1.072000 0.848000  0.000022 0.000019 0.000051 0.000103 0.000054 0.000029 
5492288 transpose 1 1132 46 1.072000 0.848000  0.000022 0.000018 0.000051 0.000105 0.000053 0.000028 
5492288 transpose 1 1132 46 1.072000 1.079000  0.000021 0.000018 0.000050 0.000111 0.000057 0.000029 
5492288 transpose 1 1132 46 1.072000 0.848000  0.000020 0.000017 0.000048 0.000098 0.000049 0.000027 
5492352 transpose 1 1132 46 1.072000 1.387000  0.000021 0.000018 0.000050 0.000102 0.000053 0.000028 
5492352 transpose 1 1132 46 1.072000 1.002000  0.000021 0.000017 0.000048 0.000105 0.000051 0.000027 
5492352 transpose 1 1132 46 1.072000 1.002000  0.000026 0.000020 0.000054 0.000123 0.000059 0.000031 
5492416 transpose 1 1132 46 1.072000 0.848000  0.000023 0.000018 0.000050 0.000110 0.000053 0.000028 
5492416 transpose 1 1132 46 1.072000 0.848000  0.000023 0.000019 0.000054 0.000117 0.000058 0.000029 
5492480 transpose 1 1132 46 1.072000 1.233000  0.000021 0.000018 0.000065 0.000139 0.000081 0.000039 
5492480 transpose 1 1132 46 1.072000 0.848000  0.000028 0.000018 0.000050 0.000112 0.000052 0.000028 
5492480 transpose 1 1132 46 1.072000 1.311000  0.000021 0.000018 0.000050 0.000099 0.000053 0.000028 
5492544 transpose 1 1132 46 1.072000 0.924000  0.000021 0.000017 0.000048 0.000096 0.000051 0.000027 
5492544 transpose 1 1132 46 1.072000 1.001000  0.000021 0.000020 0.000053 0.000120 0.000056 0.000029 
5492544 transpose 1 1132 47 1.072000 1.078000  0.000029 0.000019 0.000055 0.000131 0.000061 0.000030 
5492608 transpose 1 1132 47 1.072000 1.155000  0.000026 0.000019 0.000052 0.000111 0.000056 0.000029 
5492608 transpose 1 1132 47 1.072000 1.077000  0.000025 0.000018 0.000050 0.000104 0.000053 0.000028 
5492608 transpose 1 1132 47 1.072000 0.692000  0.000020 0.000018 0.000050 0.000098 0.000053 0.000028 
5492672 transpose 1 1132 47 1.072000 1.077000  0.000021 0.000018 0.000049 0.000105 0.000052 0.000028 
5492672 transpose 1 1132 47 1.072000 0.693000  0.000029 0.000019 0.000053 0.000125 0.000058 0.000030 
5492736 transpose 1 1132 47 1.072000 1.078000  0.000020 0.000018 0.000050 0.000114 0.000056 0.000029 
5492736 transpose 1 1132 47 1.072000 0.693000  0.000019 0.000017 0.000047 0.000096 0.000048 0.000026 
5492736 transpose 1 1132 47 1.072000 1.387000  0.000023 0.000027 0.000064 0.000158 0.000065 0.000036 
5492800 transpose 1 1132 47 1.072000 1.079000  0.000027 0.000019 0.000084 0.000198 0.000082 0.000039 
5492800 transpose 1 1132 47 1.072000 1.080000  0.000038 0.000021 0.000056 0.000131 0.000059 0.000030 
5492800 transpose 1 1132 47 1.072000 1.618000  0.000023 0.000018 0.000050 0.000112 0.000055 0.000029 
5492864 transpose 1 1132 47 1.072000 1.080000  0.000020 0.000017 0.000048 0.000109 0.000050 0.000027 
5492864 transpose 1 1132 47 1.072000 1.311000  0.000021 0.000018 0.000049 0.000103 0.000052 0.000027 
5492864 transpose 1 1132 47 1.072000 1.157000  0.000026 0.000018 0.000050 0.000114 0.000051 0.000027 
5492928 transpose 1 1132 47 1.072000 1.387000  0.000023 0.000018 0.000050 0.000109 0.000054 0.000028 
5492928 transpose 1 1132 47 1.072000 1.080000  0.000021 0.000018 0.000049 0.000102 0.000052 0.000027 
5492992 transpose 1 1132 47 1.072000 1.080000  0.000022 0.000018 0.000051 0.000111 0.000055 0.000029 
5492992 transpose 1 1132 47 1.072000 1.154000  0.000020 0.000018 0.000049 0.000098 0.000052 0.000027 
5492992 transpose 1 1132 47 1.072000 0.923000  0.000022 0.000018 0.000051 0.000114 0.000057 0.000029 
5493056 transpose 1 1132 47 1.072000 1.154000  0.294975 0.068028 0.142344 0.295121 0.076283 0.032885 
5493056 transpose 1 1132 47 1.072000 0.615000  0.000024 0.000019 0.000051 0.000110 0.000055 0.000029 
5493056 transpose 1 1132 47 1.072000 1.154000  0.000022 0.000018 0.000048 0.000102 0.000052 0.000027 
5493120 transpose 1 1132 47 1.072000 0.692000  0.000020 0.000018 0.000086 0.000149 0.000068 0.000038 
5493120 transpose 1 1132 47 1.072000 1.077000  0.000021 0.000017 0.000048 0.000101 0.000052 0.000027 
5493120 transpose 1 1132 47 1.072000 0.692000  0.000019 0.000026 0.000062 0.000127 0.000073 0.000035 
5493184 transpose 1 1132 47 1.072000 1.000000  0.313262 0.069577 0.145126 0.313414 0.078530 0.033677 
5493184 transpose 1 1132 47 1.072000 1.156000  0.000021 0.000017 0.000046 0.000098 0.000049 0.000026 
5493248 transpose 1 1132 47 1.072000 1.619000  0.315708 0.070046 0.145979 0.315869 0.079114 0.033889 
5493248 transpose 1 1132 47 1.072000 1.081000  0.000020 0.000016 0.000046 0.000094 0.000048 0.000026 
5493248 transpose 1 1132 47 1.072000 1.233000  0.000025 0.000019 0.000051 0.000117 0.000056 0.000029 
5493312 transpose 1 1132 47 1.072000 1.081000  0.000021 0.000018 0.000048 0.000102 0.000051 0.000027 
5493312 transpose 1 1132 46 1.072000 1.078000  0.000021 0.000017 0.000048 0.000103 0.000051 0.000027 
5493312 transpose 1 1132 46 1.072000 1.543000  0.000026 0.000019 0.000050 0.000117 0.000056 0.000029 
5493376 transpose 1 1132 46 1.072000 1.158000  0.000020 0.000016 0.000046 0.000093 0.000047 0.000025 
5493376 transpose 1 1132 46 1.072000 1.466000  0.000026 0.000019 0.000050 0.000117 0.000055 0.000028 
5493376 transpose 1 1132 46 1.072000 0.770000  0.000018 0.000016 0.000045 0.000086 0.000047 0.000025 
5493440 transpose 1 1132 47 1.072000 1.001000  0.000022 0.000018 0.000049 0.000107 0.000055 0.000028 
5493440 transpose 1 1132 47 1.072000 1.000000  0.000020 0.000017 0.000047 0.000094 0.000050 0.000026 
5493504 transpose 1 1132 47 1.072000 0.924000  0.000022 0.000018 0.000049 0.000102 0.000053 0.000028 
5493504 transpose 1 1132 47 1.072000 1.386000  0.000023 0.000018 0.000050 0.000112 0.000056 0.000028 
5493504 transpose 1 1132 47 1.072000 0.616000  0.000022 0.000018 0.000049 0.000119 0.000055 0.000028 
5493568 transpose 1 1132 47 1.072000 1.155000  0.000021 0.000017 0.000048 0.000106 0.000054 0.000028 
5493568 transpose 1 1132 47 1.072000 0.693000  0.000022 0.000019 0.000051 0.000117 0.000056 0.000028 
5493568 transpose 1 1132 47 1.072000 1.078000  0.000020 0.000017 0.000047 0.000102 0.000052 0.000027 
5493632 transpose 1 1132 47 1.072000 0.693000  0.000019 0.000016 0.000045 0.000090 0.000047 0.000025 
5493632 transpose 1 1132 47 1.072000 0.693000  0.000040 0.000031 0.000084 0.000186 0.000094 0.000047 
5493632 transpose 1 1132 47 1.072000 0.770000  0.000019 0.000016 0.000045 0.000089 0.000047 0.000025 
5493696 transpose 1 1132 48 1.072000 0.770000  0.000035 0.000029 0.000083 0.000176 0.000090 0.000047 
5493696 transpose 1 1132 48 1.072000 0.616000  0.000019 0.000016 0.000045 0.000090 0.000046 0.000025 
5493760 transpose 1 1132 48 1.072000 1.001000  0.000023 0.000018 0.000048 0.000103 0.000053 0.000027 
5493760 transpose 1 1132 48 1.072000 0.616000  0.000018 0.000016 0.000044 0.000090 0.000046 0.000025 
5493760 transpose 1 1132 48 1.072000 1.155000  0.000022 0.000018 0.000048 0.000104 0.000053 0.000027 
5493824 transpose 1 1132 47 1.072000 0.616000  0.000022 0.000017 0.000048 0.000111 0.000052 0.000027 
5493824 transpose 1 1132 47 1.072000 0.616000  0.000022 0.000018 0.000048 0.000104 0.000053 0.000027 
5493824 transpose 1 1132 48 1.072000 1.232000  0.000019 0.000017 0.000046 0.000093 0.000049 0.000026 
5493888 transpose 1 1132 47 1.072000 0.616000  0.000021 0.000018 0.000048 0.000103 0.000052 0.000027 
5493888 transpose 1 1132 47 1.072000 1.464000  0.000021 0.000017 0.000046 0.000144 0.000064 0.000031 
5493888 transpose 1 1132 47 1.072000 1.079000  -15.757787 15.802720 33.613991 -15.753261 15.265744 6.595870 
5493952 transpose 1 1132 47 1.072000 1.541000  0.000025 0.000018 0.000049 0.000115 0.000055 0.000028 
5493952 transpose 1 1132 47 1.072000 1.079000  0.000020 0.000017 0.000046 0.000095 0.000049 0.000026 
5494016 transpose 1 1132 47 1.072000 1.155000  0.000019 0.000017 0.000046 0.000091 0.000049 0.000026 
5494016 transpose 1 1132 46 1.072000 1.543000  0.030279 0.005818 0.011841 0.030437 0.006850 0.002842 
5494016 transpose 1 1132 46 1.072000 1.155000  0.000019 0.000016 0.000044 0.000089 0.000045 0.000024 
5494080 transpose 1 1132 46 1.072000 1.388000  0.000022 0.000017 0.000047 0.000104 0.000051 0.000026 
5494080 transpose 1 1132 46 1.072000 1.156000  0.000024 0.000018 0.000050 0.000108 0.000052 0.000027 
5494080 transpose 1 1132 46 1.072000 1.462000  0.000021 0.000017 0.000048 0.000104 0.000053 0.000027 
5494144 transpose 1 1132 47 1.072000 1.078000  0.000133 0.000098 0.000267 0.000641 0.000260 0.000122 
5494144 transpose 1 1132 47 1.072000 0.847000  0.000018 0.000016 0.000590 0.000527 0.000254 0.000143 
5494144 transpose 1 1132 47 1.072000 1.078000  0.000021 0.000017 0.000045 0.000092 0.000048 0.000025 
5494208 transpose 1 1132 47 1.072000 0.616000  0.000018 0.000016 0.000044 0.000088 0.000045 0.000024 
5494208 transpose 1 1132 47 1.072000 0.847000  0.000020 0.000017 0.000045 0.000093 0.000048 0.000025 
5494272 transpose 1 1132 47 1.072000 0.693000  0.000019 0.000016 0.000043 0.000094 0.000046 0.000024 
5494272 transpose 1 1132 47 1.072000 1.000000  0.000020 0.000019 0.000049 0.000125 0.000052 0.000026 
5494272 transpose 1 1132 47 1.072000 0.693000  0.000018 0.000015 0.000043 0.000085 0.000044 0.000024 
5494336 transpose 1 1132 47 1.072000 0.846000  0.000023 0.000017 0.000047 0.000102 0.000051 0.000026 
5494336 transpose 1 1132 47 1.072000 0.693000  0.000018 0.000015 0.000043 0.000086 0.000044 0.000024 
5494336 transpose 1 1132 47 1.072000 1.001000  0.000025 0.000018 0.000050 0.000112 0.000053 0.000027 
5494400 transpose 1 1132 47 1.072000 0.693000  0.000018 0.000015 0.000043 0.000194 0.000060 0.000029 
5494400 transpose 1 1132 47 1.072000 1.308000  0.000021 0.000016 0.000045 0.000106 0.000048 0.000026 
5494400 transpose 1 1132 47 1.072000 1.311000  0.000019 0.000016 0.000045 0.000090 0.000047 0.000025 
5494464 transpose 1 1132 47 1.072000 1.155000  0.000020 0.000016 0.000047 0.000107 0.000052 0.000027 
5494464 transpose 1 1132 47 1.072000 1.618000  0.000021 0.000016 0.000045 0.000099 0.000048 0.000025 
5494528 transpose 1 1132 46 1.072000 1.156000  0.000023 0.000017 0.000045 0.000096 0.000046 0.000025 
5494528 transpose 1 1132 46 1.072000 1.312000  0.000049 0.000031 0.000080 0.000182 0.000082 0.000039 
5494528 transpose 1 1132 46 1.072000 1.156000  0.000020 0.000016 0.000044 0.000094 0.000048 0.000025 
5494592 transpose 1 1132 46 1.072000 1.078000  0.000021 0.000017 0.000048 0.000112 0.000052 0.000027 
5494592 transpose 1 1132 46 1.072000 1.541000  0.000020 0.000016 0.000044 0.000094 0.000047 0.000025 
5494592 transpose 1 1132 46 1.072000 1.389000  0.000021 0.000015 0.000042 0.000089 0.000043 0.000023 
5494656 transpose 1 1132 46 1.072000 1.001000  0.000020 0.000024 0.000089 0.000289 0.000092 0.000046 
5494656 transpose 1 1132 46 1.072000 0.615000  0.000019 0.000015 0.000042 0.000085 0.000044 0.000024 
5494720 transpose 1 1132 47 1.072000 0.923000  0.000058 0.000017 0.000046 0.000129 0.000050 0.000025 
5494720 transpose 1 1132 47 1.072000 0.924000  0.000018 0.000015 0.000042 0.000083 0.000047 0.000025 
5494720 transpose 1 1132 47 1.072000 0.924000  0.000021 0.000016 0.000046 0.000102 0.000053 0.000027 
5494784 transpose 1 1132 47 1.072000 0.616000  0.000018 0.000015 0.000042 0.000084 0.000043 0.000023 
5494784 transpose 1 1132 47 1.072000 0.924000  0.000129 0.000095 0.000259 0.000640 0.000301 0.000151 
5494784 transpose 1 1132 47 1.072000 1.231000  0.000019 0.000016 0.000044 0.000087 0.000047 0.000025 
5494848 transpose 1 1132 47 1.072000 0.615000  0.000022 0.000017 0.000047 0.000104 0.000051 0.000026 
5494848 transpose 1 1132 47 1.072000 1.155000  0.000020 0.000016 0.000046 0.000101 0.000049 0.000026 
5494848 transpose 1 1132 47 1.072000 0.693000  0.000022 0.000017 0.000047 0.000108 0.000051 0.000026 
5494912 transpose 1 1132 47 1.072000 1.155000  0.000019 0.000016 0.000047 0.000111 0.000049 0.000025 
5494912 transpose 1 1132 47 1.072000 0.693000  0.000018 0.000015 0.000042 0.000086 0.000043 0.000023 
5494976 transpose 1 1132 47 1.072000 1.464000  0.000023 0.000016 0.000046 0.000106 0.000051 0.000026 
5494976 transpose 1 1132 47 1.072000 1.078000  0.000023 0.000016 0.000043 0.000103 0.000045 0.000024 
5494976 transpose 1 1132 47 1.072000 1.464000  0.000025 0.000017 0.000046 0.000110 0.000051 0.000026 
5495040 transpose 1 1132 46 1.072000 1.081000  0.000018 0.000016 0.000043 0.000088 0.000045 0.000024 
5495040 transpose 1 1132 46 1.072000 1.158000  0.000020 0.000016 0.000056 0.000160 0.000057 0.000028 
5495040 transpose 1 1132 46 1.072000 1.618000  0.000019 0.000016 0.000043 0.000097 0.000046 0.000024 
5495104 transpose 1 1132 46 1.072000 1.157000  0.000017 0.000015 0.000041 0.000084 0.000042 0.000023 
5495104 transpose 1 1132 46 1.072000 1.696000  0.000019 0.000016 0.000043 0.000092 0.000046 0.000024 
5495104 transpose 1 1132 46 1.072000 1.079000  0.000018 0.000015 0.000042 0.000091 0.000045 0.000023 
5495168 transpose 1 1132 46 1.072000 1.309000  0.000020 0.000016 0.000044 0.000098 0.000049 0.000025 
5495168 transpose 1 1132 47 1.072000 0.693000  0.000022 0.000016 0.000044 0.000100 0.000045 0.000024 
5495232 transpose 1 1132 47 1.072000 0.923000  0.000023 0.000016 0.000044 0.000098 0.000048 0.000025 
5495232 transpose 1 1132 47 1.072000 1.231000  0.000033 0.000018 0.000047 0.000108 0.000050 0.000025 
5495232 transpose 1 1132 47 1.072000 1.000000  0.000019 0.000015 0.000043 0.000093 0.000047 0.000025 
5495296 transpose 1 1132 47 1.072000 1.077000  0.000019 0.000016 0.000043 0.000092 0.000045 0.000024 
5495296 transpose 1 1132 47 1.072000 1.000000  0.000021 0.000017 0.000046 0.000103 0.000051 0.000026 
5495296 transpose 1 1132 47 1.072000 1.078000  0.000021 0.000016 0.000045 0.000109 0.000050 0.000026 
5495360 transpose 1 1132 47 1.072000 0.616000  0.000022 0.000016 0.000045 0.000099 0.000049 0.000026 
5495360 transpose 1 1132 47 1.072000 1.155000  0.000194 0.000096 0.000255 0.000646 0.000288 0.000151 
5495424 transpose 1 1132 47 1.072000 0.616000  0.000019 0.000015 0.000041 0.000082 0.000042 0.000023 
5495424 transpose 1 1132 47 1.072000 1.155000  0.000018 0.000015 0.000042 0.000085 0.000045 0.000024 
5495424 transpose 1 1132 47 1.072000 0.692000  0.000021 0.000015 0.000042 0.000089 0.000043 0.000023 
5495488 transpose 1 1132 47 1.072000 1.001000  0.000145 0.000091 0.000242 0.000555 0.000193 0.000091 
5495488 transpose 1 1132 47 1.072000 1.618000  0.000019 0.000015 0.000042 0.000100 0.000048 0.000024 
5495488 transpose 1 1132 47 1.072000 1.080000  0.000018 0.000014 0.000040 0.000084 0.000041 0.000022 
5495552 transpose 1 1132 47 1.072000 1.621000  0.000019 0.000015 0.000042 0.000088 0.000044 0.000023 
5495552 transpose 1 1132 47 1.072000 1.079000  0.000023 0.000015 0.000041 0.000090 0.000042 0.000023 
5495616 transpose 1 1132 46 1.072000 1.388000  0.000021 0.000016 0.000045 0.000102 0.000049 0.000025 
5495616 transpose 1 1132 46 1.072000 1.388000  0.000021 0.000016 0.000043 0.000097 0.000049 0.000025 
5495616 transpose 1 1132 46 1.072000 1.234000  0.000021 0.000016 0.000044 0.000098 0.000048 0.000025 
5495680 transpose 1 1132 46 1.072000 1.541000  0.000029 0.000016 0.000047 0.000126 0.000052 0.000026 
5495680 transpose 1 1132 46 1.072000 1.080000  0.000018 0.000014 0.000040 0.000083 0.000041 0.000022 
5495680 transpose 1 1132 46 1.072000 0.847000  0.000021 0.000015 0.000043 0.000095 0.000047 0.000024 
5495744 transpose 1 1132 46 1.072000 0.692000  0.000018 0.000014 0.000040 0.000081 0.000041 0.000022 
5495744 transpose 1 1132 47 1.072000 0.769000  0.000021 0.000015 0.000042 0.000092 0.000047 0.000024 
5495744 transpose 1 1132 47 1.072000 0.615000  0.000017 0.000014 0.000041 0.000090 0.000042 0.000022 
5495808 transpose 1 1132 47 1.072000 1.231000  0.000018 0.000015 0.000041 0.000088 0.000046 0.000024 
5495808 transpose 1 1132 47 1.072000 0.615000  0.233494 0.047618 0.099682 0.233590 0.053961 0.023138 
5495808 transpose 1 1132 47 1.072000 1.001000  0.000026 0.000022 0.000061 0.000123 0.000065 0.000034 
5495872 transpose 1 1132 47 1.072000 0.692000  0.000017 0.000014 0.000040 0.000080 0.000041 0.000022 
5495872 transpose 1 1132 47 1.072000 1.077000  0.000021 0.000016 0.000043 0.000104 0.000049 0.000025 
5495936 transpose 1 1132 47 1.072000 1.156000  0.000020 0.000016 0.000043 0.000099 0.000050 0.000025 
5495936 transpose 1 1132 47 1.072000 1.079000  0.000022 0.000016 0.000044 0.000100 0.000049 0.000025 
5495936 transpose 1 1132 46 1.072000 1.620000  0.000018 0.000015 0.000041 0.000108 0.000050 0.000025 
5496000 transpose 1 1132 46 1.072000 1.080000  0.000017 0.000014 0.000039 0.000081 0.000040 0.000022 
5496000 transpose 1 1132 46 1.072000 1.465000  0.000018 0.000015 0.000041 0.000089 0.000043 0.000023 
5496000 transpose 1 1132 46 1.072000 1.234000  0.000022 0.000015 0.000042 0.000098 0.000043 0.000023 
5496064 transpose 1 1132 46 1.072000 1.464000  0.000018 0.000015 0.000041 0.000087 0.000043 0.000023 
5496064 transpose 1 1132 46 1.072000 1.696000  0.000045 0.000016 0.000043 0.000115 0.000046 0.000024 
5496064 transpose 1 1132 46 1.072000 1.157000  0.000022 0.000016 0.000043 0.000098 0.000047 0.000024 
5496128 transpose 1 1132 46 1.072000 0.771000  0.000023 0.000016 0.000043 0.000098 0.000050 0.000025 
5496128 transpose 1 1132 46 1.072000 0.770000  0.000021 0.000016 0.000043 0.000092 0.000047 0.000024 
5496128 transpose 1 1132 47 1.072000 0.924000  0.000018 0.000015 0.000043 0.000092 0.000046 0.000024 
5496192 transpose 1 1132 47 1.072000 0.616000  0.000015 0.000014 0.000039 0.000076 0.000040 0.000022 
5496192 transpose 1 1132 47 1.072000 0.924000  0.000020 0.000015 0.000042 0.000094 0.000047 0.000024 
5496256 transpose 1 1132 47 1.072000 0.616000  0.000045 0.000015 0.000041 0.000109 0.000042 0.000022 
5496256 transpose 1 1132 47 1.072000 0.770000  0.000016 0.000014 0.000041 0.000087 0.000045 0.000024 
5496256 transpose 1 1132 47 1.072000 0.616000  0.000017 0.000015 0.000041 0.000086 0.000041 0.000022 
5496320 transpose 1 1132 47 1.072000 0.924000  0.000017 0.000015 0.000040 0.000079 0.000043 0.000023 
5496320 transpose 1 1132 47 1.072000 0.616000  0.000021 0.000014 0.000040 0.000079 0.000041 0.000022 
5496320 transpose 1 1132 47 1.072000 1.001000  -0.617046 -0.330296 0.975404 -0.616904 0.635328 -0.939780 
5496384 transpose 1 1132 47 1.072000 0.615000  0.000021 0.000015 0.000042 0.000097 0.000047 0.000024 
5496384 transpose 1 1132 47 1.072000 0.616000  0.000020 0.000015 0.000043 0.000093 0.000047 0.000024 
5496384 transpose 1 1132 47 1.072000 0.770000  0.000017 0.000015 0.000041 0.000089 0.000046 0.000024 
5496448 transpose 1 1132 47 1.072000 0.770000  0.000018 0.000016 0.000043 0.000094 0.000048 0.000025 
5496448 transpose 1 1132 47 1.072000 1.386000  0.000018 0.000015 0.000041 0.000091 0.000045 0.000023 
5496448 transpose 1 1132 47 1.072000 0.693000  0.000019 0.000015 0.000041 0.000083 0.000042 0.000022 
5496512 transpose 1 1132 47 1.072000 0.693000  0.000017 0.000015 0.000048 0.000127 0.000051 0.000025 
5496512 transpose 1 1132 47 1.072000 0.770000  0.000029 0.000026 0.000071 0.000138 0.000074 0.000040 
5496576 transpose 1 1132 47 1.072000 1.000000  0.000017 0.000015 0.000040 0.000079 0.000043 0.000022 
5496576 transpose 1 1132 47 1.072000 0.616000  0.000016 0.000014 0.000038 0.000075 0.000057 0.000028 
5496576 transpose 1 1132 47 1.072000 1.001000  0.000017 0.000015 0.000040 0.000079 0.000042 0.000022 
5496640 transpose 1 1132 47 1.072000 0.770000  0.000016 0.000014 0.000038 0.000074 0.000040 0.000022 
5496640 transpose 1 1132 47 1.072000 1.000000  0.000019 0.000015 0.000041 0.000159 0.000051 0.000025 
5496640 transpose 1 1132 47 1.072000 1.156000  0.000017 0.000014 0.000040 0.000083 0.000042 0.000022 
5496704 transpose 1 1132 46 1.072000 1.080000  0.000017 0.000014 0.000040 0.000084 0.000042 0.000022 
5496704 transpose 1 1132 46 1.072000 1.542000  0.000018 0.000015 0.000040 0.000084 0.000042 0.000022 
5496704 transpose 1 1132 46 1.072000 1.080000  0.000017 0.000014 0.000038 0.000080 0.000040 0.000021 
5496768 transpose 1 1132 46 1.072000 1.389000  0.000018 0.000014 0.000039 0.000091 0.000043 0.000022 
5496768 transpose 1 1132 46 1.072000 1.079000  0.000017 0.000014 0.000038 0.000080 0.000040 0.000021 
5496832 transpose 1 1132 46 1.072000 1.387000  0.000017 0.000014 0.000039 0.000084 0.000042 0.000022 
5496832 transpose 1 1132 46 1.072000 1.080000  0.000018 0.000014 0.000039 0.000084 0.000042 0.000022 
5496832 transpose 1 1132 46 1.072000 1.081000  0.000017 0.000014 0.000039 0.000082 0.000041 0.000022 
5496896 transpose 1 1132 46 1.072000 1.697000  0.000017 0.000028 0.000066 0.000164 0.000064 0.000030 
5496896 transpose 1 1132 46 1.072000 0.924000  0.000006 0.000004 0.000011 0.000023 0.000014 0.000007 
