#Timestamp	Benchmark	Run(#)	CPU Frequency (MHz)	CPU Temperature(C)	CPU Voltage(V)	CPU Power(W)	CPU_CYCLES	L1_DATA_CACHE_ACCESS	INSTRUCTIONS_RETIRED	BUS_CYCLES	L1I_CACHE_ACCESS	PREDICTABLE_BRANCH_SPECULATIVELY_EXECUTED
5841792 radixSortThrust 1 1326 55 1.111000 1.233000  0.000005 0.000004 0.000012 0.000025 0.000015 0.000008 
5841792 radixSortThrust 1 1326 55 1.111000 1.311000  0.000024 0.000018 0.000049 0.000110 0.000055 0.000028 
5841792 radixSortThrust 1 1326 54 1.111000 1.464000  0.000020 0.000017 0.000047 0.000103 0.000053 0.000027 
5841856 radixSortThrust 1 1326 54 1.111000 1.542000  0.000020 0.000017 0.000048 0.000107 0.000053 0.000028 
5841856 radixSortThrust 1 1326 52 1.111000 2.003000  0.000019 0.000017 0.000059 0.000118 0.000068 0.000034 
5841856 radixSortThrust 1 1326 52 1.111000 1.465000  -776.041870 249.985291 522.209473 -775.839111 277.477386 122.420502 
5841920 radixSortThrust 1 1326 52 1.111000 1.465000  0.000023 0.000017 0.000048 0.000103 0.000052 0.000027 
5841920 radixSortThrust 1 1326 52 1.111000 2.236000  0.000018 0.000017 0.000047 0.000104 0.000053 0.000027 
5841920 radixSortThrust 1 1326 52 1.111000 1.465000  0.000023 0.000017 0.000048 0.000107 0.000054 0.000028 
5841984 radixSortThrust 1 1326 52 1.111000 1.619000  0.000019 0.000017 0.000049 0.000114 0.000051 0.000026 
5841984 radixSortThrust 1 1326 52 1.111000 1.388000  0.000024 0.000017 0.000045 0.000104 0.000048 0.000025 
5841984 radixSortThrust 1 1326 52 1.111000 1.388000  0.000018 0.000016 0.000045 0.000087 0.000048 0.000025 
5842048 radixSortThrust 1 1326 52 1.111000 1.311000  0.000019 0.000017 0.000045 0.000092 0.000049 0.000025 
5842048 radixSortThrust 1 1326 52 1.111000 1.311000  0.000024 0.000018 0.000048 0.000104 0.000052 0.000027 
5842048 radixSortThrust 1 1326 52 1.111000 2.235000  0.000024 0.000018 0.000048 0.000105 0.000052 0.000027 
5842112 radixSortThrust 1 1326 52 1.111000 1.311000  0.000018 0.000015 0.000043 0.000085 0.000044 0.000024 
5842112 radixSortThrust 1 1326 52 1.111000 2.005000  0.000022 0.000018 0.000048 0.000101 0.000052 0.000027 
5842176 radixSortThrust 1 1326 52 1.111000 1.311000  0.000021 0.000017 0.000046 0.000102 0.000051 0.000027 
5842176 radixSortThrust 1 1326 51 1.111000 1.311000  0.000022 0.000018 0.000049 0.000107 0.000053 0.000028 
5842176 radixSortThrust 1 1326 51 1.111000 1.927000  0.000019 0.000016 0.000045 0.000089 0.000048 0.000025 
5842240 radixSortThrust 1 1326 51 1.111000 1.311000  0.000018 0.000016 0.000043 0.000083 0.000045 0.000024 
5842240 radixSortThrust 1 1326 51 1.111000 1.465000  0.000023 0.000017 0.000047 0.000102 0.000052 0.000027 
5842240 radixSortThrust 1 1326 51 1.111000 1.388000  0.000022 0.000017 0.000047 0.000104 0.000052 0.000026 
5842304 radixSortThrust 1 1326 51 1.111000 1.543000  0.000021 0.000017 0.000047 0.000100 0.000050 0.000026 
5842304 radixSortThrust 1 1326 51 1.111000 2.082000  0.000474 0.000384 0.001066 0.002310 0.001192 0.000617 
5842304 radixSortThrust 1 1326 50 1.111000 1.233000  0.000018 0.000015 0.000043 0.000084 0.000045 0.000024 
5842368 radixSortThrust 1 1326 50 1.111000 1.850000  0.000018 0.000016 0.000044 0.000087 0.000048 0.000025 
5842368 radixSortThrust 1 1326 49 1.111000 1.233000  0.000020 0.000016 0.000043 0.000092 0.000045 0.000024 
5842368 radixSortThrust 1 1326 49 1.111000 2.006000  0.000022 0.000017 0.000047 0.000103 0.000053 0.000027 
5842432 radixSortThrust 1 1326 49 1.111000 1.542000  0.000018 0.000016 0.000044 0.000125 0.000051 0.000027 
5842432 radixSortThrust 1 1326 49 1.111000 1.233000  0.000022 0.000017 0.000047 0.000105 0.000053 0.000027 
5842432 radixSortThrust 1 1326 50 1.111000 1.928000  0.000068 0.000022 0.000054 0.000139 0.000057 0.000028 
5842496 radixSortThrust 1 1326 50 1.111000 1.233000  0.000022 0.000016 0.000044 0.000096 0.000045 0.000024 
5842496 radixSortThrust 1 1326 50 1.111000 1.772000  0.000021 0.000017 0.000047 0.000099 0.000050 0.000026 
5842496 radixSortThrust 1 1326 50 1.111000 2.005000  0.000018 0.000016 0.000044 0.000089 0.000047 0.000025 
5842560 radixSortThrust 1 1326 50 1.111000 1.464000  0.000021 0.000017 0.000046 0.000099 0.000050 0.000026 
5842560 radixSortThrust 1 1326 50 1.111000 1.850000  0.000018 0.000016 0.000044 0.000086 0.000047 0.000025 
5842624 radixSortThrust 1 1326 50 1.111000 1.388000  0.000020 0.000016 0.000044 0.000106 0.000045 0.000024 
5842624 radixSortThrust 1 1326 50 1.111000 1.775000  0.000018 0.000016 0.000044 0.000086 0.000047 0.000024 
5842624 radixSortThrust 1 1326 50 1.111000 1.232000  0.000018 0.000016 0.000044 0.000085 0.000047 0.000025 
5842688 radixSortThrust 1 1326 50 1.111000 1.233000  0.000017 0.000016 0.000043 0.000085 0.000046 0.000024 
5842688 radixSortThrust 1 1326 50 1.111000 1.930000  0.000020 0.000016 0.000046 0.000101 0.000050 0.000026 
5842688 radixSortThrust 1 1326 50 1.111000 1.233000  0.000017 0.000015 0.000042 0.000081 0.000043 0.000023 
5842752 radixSortThrust 1 1326 50 1.111000 1.852000  0.000022 0.000017 0.000046 0.000099 0.000050 0.000026 
5842752 radixSortThrust 1 1326 50 1.111000 1.389000  0.000020 0.000017 0.000046 0.000101 0.000051 0.000026 
5842752 radixSortThrust 1 1326 50 1.111000 1.234000  0.000022 0.000017 0.000046 0.000097 0.000050 0.000026 
5842816 radixSortThrust 1 1326 50 1.111000 1.387000  0.000024 0.000017 0.000045 0.000098 0.000050 0.000026 
5842816 radixSortThrust 1 1326 50 1.111000 1.234000  0.000021 0.000016 0.000044 0.000090 0.000045 0.000024 
5842816 radixSortThrust 1 1326 50 1.111000 1.696000  0.000029 0.000017 0.000047 0.000131 0.000049 0.000026 
5842880 radixSortThrust 1 1326 49 1.111000 1.850000  0.000018 0.000015 0.000041 0.000082 0.000043 0.000023 
5842880 radixSortThrust 1 1326 49 1.111000 1.311000  0.000021 0.000016 0.000043 0.000102 0.000045 0.000024 
5842880 radixSortThrust 1 1326 49 1.111000 1.308000  0.000025 0.000016 0.000045 0.000156 0.000052 0.000026 
5842944 radixSortThrust 1 1326 50 1.111000 0.692000  0.000020 0.000016 0.000043 0.000094 0.000046 0.000024 
5842944 radixSortThrust 1 1326 50 1.111000 2.155000  0.000020 0.000016 0.000044 0.000095 0.000046 0.000024 
5843008 radixSortThrust 1 1326 50 1.111000 1.927000  0.000024 0.000016 0.000044 0.000103 0.000049 0.000026 
5843008 radixSortThrust 1 1326 50 1.111000 0.923000  0.000021 0.000016 0.000043 0.000117 0.000046 0.000024 
5843008 radixSortThrust 1 1326 50 1.111000 1.077000  0.000019 0.000015 0.000041 0.000086 0.000042 0.000023 
5843072 radixSortThrust 1 1326 50 1.111000 1.231000  0.000019 0.000026 0.000060 0.000172 0.000060 0.000033 
5843072 radixSortThrust 1 1326 50 1.111000 1.850000  0.795278 -2.367716 0.487956 0.795387 2.225847 1.207040 
5843072 radixSortThrust 1 1326 50 1.111000 1.387000  0.000027 0.000033 0.000076 0.000342 0.000075 0.000034 
5843136 radixSortThrust 1 1326 50 1.111000 0.769000  0.000005 0.000004 0.000011 0.000024 0.000014 0.000007 
5843136 radixSortThrust 1 1326 50 1.111000 0.923000  0.000007 0.000004 0.000011 0.000027 0.000014 0.000007 
5843136 radixSortThrust 1 1326 50 1.111000 0.769000  0.000006 0.000004 0.000011 0.000028 0.000014 0.000007 
5843200 radixSortThrust 1 1326 50 1.111000 1.847000  0.000006 0.000004 0.000011 0.000026 0.000014 0.000007 
5843200 radixSortThrust 1 1326 50 1.111000 1.156000  0.000006 0.000004 0.000011 0.000026 0.000014 0.000007 
5843200 radixSortThrust 1 1326 50 1.111000 2.082000  0.000005 0.000004 0.000012 0.000029 0.000014 0.000007 
5843264 radixSortThrust 1 1326 50 1.111000 0.769000  0.000081 0.000071 0.000201 0.000419 0.000216 0.000114 
5843264 radixSortThrust 1 1326 50 1.111000 0.692000  0.000006 0.000004 0.000011 0.000026 0.000014 0.000007 
5843328 radixSortThrust 1 1326 50 1.111000 1.924000  0.000134 0.000090 0.000258 0.000672 0.000287 0.000150 
5843328 radixSortThrust 1 1326 50 1.111000 0.769000  0.000024 0.000015 0.000042 0.000094 0.000044 0.000023 
5843328 radixSortThrust 1 1326 50 1.111000 1.231000  0.000006 0.000004 0.000012 0.000031 0.000014 0.000007 
5843392 radixSortThrust 1 1326 50 1.111000 0.770000  0.000018 0.000015 0.000040 0.000083 0.000042 0.000022 
5843392 radixSortThrust 1 1326 50 1.111000 1.618000  0.000006 0.000004 0.000011 0.000026 0.000014 0.000007 
5843392 radixSortThrust 1 1326 50 1.111000 1.385000  0.000011 0.000004 0.000012 0.000030 0.000014 0.000007 
5843456 radixSortThrust 1 1326 50 1.111000 1.385000  0.000010 0.000004 0.000012 0.000031 0.000014 0.000007 
5843456 radixSortThrust 1 1326 50 1.111000 1.001000  0.000018 0.000017 0.000044 0.000105 0.000045 0.000023 
5843456 radixSortThrust 1 1326 50 1.111000 1.695000  0.000018 0.000017 0.000045 0.000119 0.000048 0.000024 
5843520 radixSortThrust 1 1326 50 1.111000 1.388000  0.000019 0.000015 0.000041 0.000099 0.000047 0.000024 
5843520 radixSortThrust 1 1326 50 1.111000 1.077000  0.000006 0.000004 0.000011 0.000026 0.000014 0.000007 
5843520 radixSortThrust 1 1326 50 1.111000 0.846000  0.000019 0.000015 0.000041 0.000088 0.000044 0.000023 
5843584 radixSortThrust 1 1326 50 1.111000 1.541000  0.000005 0.000004 0.000011 0.000025 0.000013 0.000007 
5843584 radixSortThrust 1 1326 50 1.111000 1.233000  0.000023 0.000015 0.000041 0.000090 0.000044 0.000023 
5843648 radixSortThrust 1 1326 50 1.111000 1.308000  0.000022 0.000015 0.000043 0.000105 0.000047 0.000024 
5843648 radixSortThrust 1 1326 50 1.111000 1.385000  0.000019 0.000014 0.000041 0.000095 0.000046 0.000024 
5843648 radixSortThrust 1 1326 50 1.111000 0.769000  0.000023 0.000015 0.000042 0.000098 0.000045 0.000024 
5843712 radixSortThrust 1 1326 50 1.111000 1.926000  0.000020 0.000018 0.000047 0.000131 0.000051 0.000026 
5843712 radixSortThrust 1 1326 50 1.111000 0.692000  0.000016 0.000014 0.000039 0.000092 0.000040 0.000022 
5843712 radixSortThrust 1 1326 50 1.111000 0.769000  0.000121 0.000087 0.000239 0.000555 0.000246 0.000111 
5843776 radixSortThrust 1 1326 50 1.111000 0.769000  0.000018 0.000014 0.000039 0.000079 0.000041 0.000022 
5843776 radixSortThrust 1 1326 50 1.111000 1.618000  0.000007 0.000004 0.000011 0.000034 0.000014 0.000007 
5843776 radixSortThrust 1 1326 50 1.111000 0.692000  0.000017 0.000014 0.000039 0.000091 0.000041 0.000022 
5843840 radixSortThrust 1 1326 50 1.111000 1.616000  0.000006 0.000004 0.000010 0.000025 0.000013 0.000007 
5843840 radixSortThrust 1 1326 50 1.111000 0.770000  0.000009 0.000004 0.000012 0.000032 0.000014 0.000007 
5843840 radixSortThrust 1 1326 50 1.111000 1.385000  0.000020 0.000015 0.000040 0.000085 0.000043 0.000023 
5843904 radixSortThrust 1 1326 50 1.111000 1.311000  0.000027 0.000016 0.000044 0.000112 0.000049 0.000024 
5843904 radixSortThrust 1 1326 50 1.111000 1.924000  0.000023 0.000015 0.000042 0.000124 0.000046 0.000023 
5843968 radixSortThrust 1 1326 50 1.111000 0.846000  0.000021 0.000015 0.000041 0.000109 0.000044 0.000023 
5843968 radixSortThrust 1 1326 50 1.111000 0.770000  0.000021 0.000015 0.000044 0.000115 0.000048 0.000024 
5843968 radixSortThrust 1 1326 50 1.111000 1.924000  0.000017 0.000014 0.000040 0.000090 0.000043 0.000023 
5844032 radixSortThrust 1 1326 50 1.111000 1.773000  0.000021 0.000014 0.000038 0.000092 0.000040 0.000021 
5844032 radixSortThrust 1 1326 50 1.111000 1.308000  0.000122 0.000086 0.000234 0.000563 0.000264 0.000140 
5844032 radixSortThrust 1 1326 50 1.111000 1.847000  0.000019 0.000015 0.000041 0.000100 0.000047 0.000024 
5844096 radixSortThrust 1 1326 50 1.111000 1.773000  0.000020 0.000015 0.000040 0.000091 0.000041 0.000022 
5844096 radixSortThrust 1 1326 50 1.111000 1.231000  0.000005 0.000004 0.000010 0.000023 0.000013 0.000006 
5844160 radixSortThrust 1 1326 50 1.111000 0.769000  0.000018 0.000014 0.000039 0.000082 0.000040 0.000021 
5844160 radixSortThrust 1 1326 50 1.111000 1.308000  0.000129 0.000081 0.000183 0.000467 0.000195 0.000104 
5844160 radixSortThrust 1 1326 50 1.111000 2.081000  0.000018 0.000014 0.000038 0.000078 0.000039 0.000021 
5844224 radixSortThrust 1 1326 50 1.111000 2.077000  0.000064 0.000042 0.000115 0.000266 0.000125 0.000064 
5844224 radixSortThrust 1 1326 50 1.111000 1.462000  0.000017 0.000010 0.000030 0.000073 0.000038 0.000019 
5844224 radixSortThrust 1 1326 50 1.111000 0.770000  0.000006 0.000004 0.000011 0.000029 0.000013 0.000006 
5844288 radixSortThrust 1 1326 50 1.111000 1.695000  0.000017 0.000014 0.000039 0.000085 0.000042 0.000022 
5844288 radixSortThrust 1 1326 50 1.111000 1.309000  0.000005 0.000004 0.000010 0.000023 0.000013 0.000006 
5844288 radixSortThrust 1 1326 50 1.111000 1.616000  0.000017 0.000014 0.000041 0.000104 0.000044 0.000022 
5844352 radixSortThrust 1 1326 50 1.111000 0.769000  0.000018 0.000013 0.000037 0.000079 0.000038 0.000020 
5844352 radixSortThrust 1 1326 50 1.111000 0.770000  0.000124 0.000083 0.000226 0.000493 0.000196 0.000093 
5844416 radixSortThrust 1 1326 50 1.111000 1.154000  0.000026 0.000015 0.000041 0.000117 0.000044 0.000022 
5844416 radixSortThrust 1 1326 49 1.111000 0.769000  0.000018 0.000014 0.000038 0.000092 0.000043 0.000022 
5844416 radixSortThrust 1 1326 49 1.111000 1.154000  0.000017 0.000014 0.000038 0.000079 0.000041 0.000021 
5844480 radixSortThrust 1 1326 50 1.111000 1.928000  0.000007 0.000003 0.000010 0.000027 0.000016 0.000007 
5844480 radixSortThrust 1 1326 50 1.111000 1.539000  0.000016 0.000013 0.000036 0.000077 0.000046 0.000023 
5844480 radixSortThrust 1 1326 50 1.111000 0.769000  0.000019 0.000013 0.000036 0.000086 0.000045 0.000022 
5844544 radixSortThrust 1 1326 50 1.111000 1.618000  0.000022 0.000013 0.000036 0.000087 0.000045 0.000022 
5844544 radixSortThrust 1 1326 50 1.111000 1.695000  0.009853 0.006015 0.016577 0.036455 0.017247 0.009318 
5844544 radixSortThrust 1 1326 50 1.111000 1.462000  0.006522 0.004352 0.012128 0.029957 0.013249 0.007146 
5844608 radixSortThrust 1 1326 50 1.111000 1.462000  0.003691 0.003249 0.008632 0.024666 0.009580 0.004869 
5844608 radixSortThrust 1 1326 50 1.111000 0.846000  0.021231 0.005192 0.013895 0.021298 0.006102 0.002811 
5844672 radixSortThrust 1 1326 50 1.111000 1.695000  0.002993 0.002185 0.006009 0.014466 0.006386 0.004327 
5844672 radixSortThrust 1 1326 50 1.111000 0.769000  0.004951 0.002131 0.005663 0.014303 0.006098 0.003085 
5844672 radixSortThrust 1 1326 50 1.111000 1.154000  0.001980 0.001437 0.004065 0.009546 0.004630 0.002331 
5844736 radixSortThrust 1 1326 50 1.111000 1.002000  0.000474 0.000294 0.000828 0.001987 0.001076 0.000522 
5844736 radixSortThrust 1 1326 50 1.111000 1.619000  0.000426 0.000241 0.000992 0.002935 0.001074 0.000493 
5844736 radixSortThrust 1 1326 50 1.111000 1.465000  0.000962 0.000848 0.002329 0.004521 0.002456 0.001306 
5844800 radixSortThrust 1 1326 49 1.111000 1.311000  0.000847 0.000770 0.002109 0.004136 0.002248 0.001184 
5844800 radixSortThrust 1 1326 49 1.111000 1.928000  0.000837 0.000676 0.001917 0.004261 0.002157 0.001102 
5844864 radixSortThrust 1 1326 49 1.111000 1.311000  0.000702 0.000604 0.001678 0.003284 0.001739 0.001330 
5844864 radixSortThrust 1 1326 49 1.111000 2.005000  0.000790 0.000661 0.001764 0.003766 0.001908 0.000980 
5844864 radixSortThrust 1 1326 49 1.111000 1.850000  0.000725 0.000582 0.001665 0.003632 0.001848 0.000943 
5844928 radixSortThrust 1 1326 49 1.111000 1.311000  0.000792 0.000627 0.001667 0.003472 0.001703 0.000884 
5844928 radixSortThrust 1 1326 49 1.111000 1.773000  0.000663 0.000529 0.001446 0.003078 0.001589 0.000822 
5844928 radixSortThrust 1 1326 49 1.111000 1.311000  0.000692 0.000521 0.001418 0.003032 0.001529 0.000793 
5844992 radixSortThrust 1 1326 49 1.111000 1.465000  0.000591 0.000491 0.001330 0.002868 0.001464 0.000750 
5844992 radixSortThrust 1 1326 48 1.111000 2.080000  0.000566 0.000444 0.001232 0.002695 0.001375 0.000738 
5844992 radixSortThrust 1 1326 48 1.111000 1.311000  0.000467 0.000411 0.001142 0.002239 0.001187 0.000634 
5845056 radixSortThrust 1 1326 48 1.111000 1.771000  0.000547 0.000425 0.001169 0.002559 0.001298 0.000661 
5845056 radixSortThrust 1 1326 48 1.111000 1.233000  0.000471 0.000410 0.001116 0.002339 0.001195 0.000624 
5845056 radixSortThrust 1 1326 48 1.111000 1.234000  0.000458 0.000401 0.001123 0.002425 0.001247 0.000637 
5845120 radixSortThrust 1 1326 48 1.111000 2.235000  0.000441 0.000379 0.001038 0.002042 0.001114 0.000584 
5845120 radixSortThrust 1 1326 48 1.111000 1.773000  0.168911 0.034335 0.074382 0.169060 0.038361 0.017171 
5845184 radixSortThrust 1 1326 49 1.111000 1.233000  0.000460 0.000371 0.001030 0.002196 0.001157 0.000599 
5845184 radixSortThrust 1 1326 48 1.111000 1.773000  0.000452 0.000384 0.001062 0.002402 0.001201 0.000608 
5845184 radixSortThrust 1 1326 48 1.111000 1.311000  0.000458 0.000387 0.001028 0.002114 0.001061 0.000550 
5845248 radixSortThrust 1 1326 49 1.111000 1.388000  0.000388 0.000344 0.000941 0.001847 0.001005 0.000529 
5845248 radixSortThrust 1 1326 49 1.111000 1.311000  0.187553 0.039199 0.084639 0.187694 0.043812 0.019586 
5845248 radixSortThrust 1 1326 48 1.111000 1.311000  0.000468 0.000354 0.000975 0.002148 0.001070 0.000551 
5845312 radixSortThrust 1 1326 48 1.111000 2.081000  0.000397 0.000330 0.000899 0.001822 0.000979 0.000508 
