#Timestamp	Benchmark	Run(#)	CPU Frequency (MHz)	CPU Temperature(C)	CPU Voltage(V)	CPU Power(W)	CPU_CYCLES	L1_DATA_CACHE_ACCESS	INSTRUCTIONS_RETIRED	BUS_CYCLES	L1I_CACHE_ACCESS	PREDICTABLE_BRANCH_SPECULATIVELY_EXECUTED
5496896 transpose 1 1224 46 1.072000 1.620000  0.000005 0.000004 0.000010 0.000023 0.000013 0.000006 
5673408 transpose 1 1224 48 1.072000 1.696000  0.000019 0.000015 0.000044 0.000092 0.000056 0.000027 
5673472 transpose 1 1224 48 1.072000 1.619000  0.000070 0.000060 0.000221 0.000478 0.000257 0.000123 
5673472 transpose 1 1224 47 1.072000 1.464000  0.000065 0.000060 0.000168 0.000372 0.000172 0.000090 
5673472 transpose 1 1224 47 1.072000 1.541000  0.000070 0.000060 0.000164 0.000327 0.000174 0.000092 
5673536 transpose 1 1224 47 1.072000 1.388000  0.000070 0.000060 0.000163 0.000325 0.000176 0.000091 
5673536 transpose 1 1224 47 1.072000 1.080000  0.000067 0.000058 0.000162 0.000318 0.000169 0.000090 
5673536 transpose 1 1224 47 1.072000 1.850000  0.000070 0.000061 0.000166 0.000379 0.000186 0.000098 
5673600 transpose 1 1224 47 1.072000 1.002000  0.000065 0.000054 0.000153 0.000320 0.000154 0.000084 
5673600 transpose 1 1224 47 1.072000 1.079000  0.000073 0.000059 0.000163 0.000368 0.000184 0.000094 
5673664 transpose 1 1224 47 1.072000 0.925000  0.000085 0.000062 0.000169 0.000388 0.000183 0.000095 
5673664 transpose 1 1224 47 1.072000 1.619000  0.000083 0.000062 0.000168 0.000382 0.000184 0.000094 
5673664 transpose 1 1224 47 1.072000 1.696000  0.000069 0.000058 0.000157 0.000321 0.000168 0.000088 
5673728 transpose 1 1224 47 1.072000 1.311000  0.000065 0.000057 0.000157 0.000307 0.000166 0.000088 
5673728 transpose 1 1224 47 1.072000 1.695000  0.000067 0.000057 0.000155 0.000313 0.000165 0.000087 
5673728 transpose 1 1224 47 1.072000 1.002000  0.000088 0.000055 0.000156 0.000345 0.000160 0.000085 
5673792 transpose 1 1224 47 1.072000 1.387000  0.000065 0.000056 0.000153 0.000310 0.000162 0.000086 
5673792 transpose 1 1224 47 1.072000 1.002000  0.000066 0.000056 0.000152 0.000312 0.000163 0.000085 
5673792 transpose 1 1224 47 1.072000 1.079000  0.000062 0.000055 0.000152 0.000306 0.000160 0.000085 
5673856 transpose 1 1224 47 1.072000 1.695000  0.000069 0.000055 0.000150 0.000445 0.000196 0.000098 
5673856 transpose 1 1224 48 1.072000 1.001000  0.000061 0.000052 0.000144 0.000292 0.000151 0.000081 
5673856 transpose 1 1224 48 1.072000 1.463000  0.000070 0.000054 0.000150 0.000319 0.000159 0.000083 
5673920 transpose 1 1224 48 1.072000 0.847000  0.000063 0.000054 0.000149 0.000307 0.000160 0.000083 
5673920 transpose 1 1224 48 1.072000 1.463000  0.000065 0.000054 0.000148 0.000300 0.000157 0.000083 
5673984 transpose 1 1224 48 1.072000 0.693000  0.000060 0.000053 0.000147 0.000312 0.000168 0.000086 
5673984 transpose 1 1224 48 1.072000 0.846000  0.000067 0.000059 0.000183 0.000645 0.000192 0.000092 
5673984 transpose 1 1224 48 1.072000 0.769000  0.000058 0.000050 0.000141 0.000281 0.000143 0.000078 
5674048 transpose 1 1224 48 1.072000 1.001000  0.000070 0.000053 0.000146 0.000307 0.000156 0.000082 
5674048 transpose 1 1224 48 1.072000 0.692000  0.000058 0.000050 0.000140 0.000282 0.000143 0.000077 
5674048 transpose 1 1224 49 1.072000 1.001000  0.000074 0.000055 0.000155 0.000368 0.000167 0.000086 
5674112 transpose 1 1224 49 1.072000 1.156000  0.000056 0.000049 0.000138 0.000273 0.000141 0.000077 
5674112 transpose 1 1224 48 1.072000 1.619000  0.000071 0.000054 0.000152 0.000336 0.000165 0.000085 
5674112 transpose 1 1224 48 1.072000 1.233000  0.000057 0.000051 0.000142 0.000278 0.000148 0.000079 
5674176 transpose 1 1224 48 1.072000 1.311000  0.000076 0.000099 0.000236 0.000621 0.000229 0.000111 
5674176 transpose 1 1224 48 1.072000 1.465000  0.000022 0.000018 0.000050 0.000101 0.000054 0.000028 
5674176 transpose 1 1224 48 1.072000 1.311000  0.000074 0.000053 0.000142 0.000294 0.000146 0.000077 
5674240 transpose 1 1224 48 1.072000 1.619000  0.000199 0.000075 0.000179 0.000504 0.000211 0.000114 
5674240 transpose 1 1224 48 1.072000 1.388000  0.000059 0.000051 0.000139 0.000277 0.000148 0.000078 
5674304 transpose 1 1224 48 1.072000 1.309000  0.000063 0.000051 0.000145 0.000324 0.000161 0.000083 
5674304 transpose 1 1224 48 1.072000 0.692000  0.000072 0.000054 0.000149 0.000345 0.000164 0.000084 
5674304 transpose 1 1224 48 1.072000 1.231000  0.000071 0.000054 0.000149 0.000341 0.000161 0.000082 
5674368 transpose 1 1224 48 1.072000 1.462000  0.000061 0.000050 0.000137 0.000297 0.000144 0.000076 
5674368 transpose 1 1224 49 1.072000 1.000000  0.000404 0.000294 0.000804 0.461685 0.101982 0.045097 
5674432 transpose 1 1224 49 1.072000 1.231000  0.000447 0.000309 0.000819 0.001868 0.000692 0.000323 
5674432 transpose 1 1224 49 1.072000 0.769000  0.000054 0.000046 0.000128 0.000258 0.000132 0.000072 
5674432 transpose 1 1224 49 1.072000 1.154000  0.000078 0.000051 0.000144 0.000344 0.000158 0.000081 
5674496 transpose 1 1224 49 1.072000 0.769000  0.000075 0.000051 0.000137 0.000317 0.000137 0.000073 
5674496 transpose 1 1224 49 1.072000 1.079000  0.000152 0.000053 0.000144 0.000399 0.000160 0.000080 
5674496 transpose 1 1224 49 1.072000 1.311000  0.000054 0.000047 0.000130 0.000262 0.000136 0.000073 
5674560 transpose 1 1224 49 1.072000 1.388000  0.000060 0.000048 0.000135 0.000300 0.000148 0.000076 
5674560 transpose 1 1224 48 1.072000 2.004000  0.000060 0.000047 0.000131 0.000284 0.000142 0.000075 
5674560 transpose 1 1224 48 1.072000 1.311000  0.000053 0.000045 0.000124 0.000250 0.000128 0.000069 
5674624 transpose 1 1224 48 1.072000 1.695000  0.000055 0.000047 0.000128 0.000256 0.000136 0.000072 
5674624 transpose 1 1224 48 1.072000 1.311000  0.000058 0.000047 0.000128 0.000265 0.000136 0.000072 
5674688 transpose 1 1224 48 1.072000 1.311000  0.000059 0.000049 0.000135 0.000290 0.000144 0.000074 
5674688 transpose 1 1224 48 1.072000 1.696000  0.000063 0.000048 0.000133 0.000291 0.000146 0.000075 
5674688 transpose 1 1224 48 1.072000 0.770000  0.000053 0.000044 0.000122 0.000251 0.000126 0.000068 
5674752 transpose 1 1224 49 1.072000 1.001000  0.000053 0.000046 0.000126 0.000249 0.000133 0.000070 
5674752 transpose 1 1224 49 1.072000 0.847000  0.000052 0.000044 0.000121 0.000237 0.000125 0.000067 
5674752 transpose 1 1224 49 1.072000 1.231000  0.000053 0.000046 0.000125 0.000263 0.000136 0.000070 
5674816 transpose 1 1224 49 1.072000 0.847000  0.000065 0.000047 0.000127 0.000280 0.000129 0.000068 
5674816 transpose 1 1224 49 1.072000 1.155000  0.000057 0.000047 0.000143 0.000394 0.000156 0.000077 
5674816 transpose 1 1224 49 1.072000 0.693000  0.000048 0.000043 0.000119 0.000234 0.000121 0.000066 
5674880 transpose 1 1224 49 1.072000 1.232000  0.000063 0.000048 0.000133 0.000282 0.000140 0.000072 
5674880 transpose 1 1224 49 1.072000 1.540000  0.000061 0.000047 0.000130 0.000277 0.000139 0.000073 
5674880 transpose 1 1224 49 1.072000 1.155000  0.000049 0.000066 0.000159 0.000385 0.000186 0.000101 
5674944 transpose 1 1224 49 1.072000 1.462000  0.000053 0.000045 0.000122 0.000247 0.000130 0.000068 
5674944 transpose 1 1224 49 1.072000 0.693000  0.000048 0.000044 0.000122 0.000237 0.000129 0.000068 
5675008 transpose 1 1224 49 1.072000 1.463000  0.000063 0.000045 0.000124 0.000292 0.000137 0.000071 
5675008 transpose 1 1224 49 1.072000 0.770000  0.000023 0.000018 0.000049 0.000107 0.000054 0.000027 
5675008 transpose 1 1224 49 1.072000 0.693000  0.000055 0.000044 0.000122 0.000261 0.000138 0.000070 
5675072 transpose 1 1224 49 1.072000 0.693000  0.000047 0.000042 0.000116 0.000225 0.000120 0.000065 
5675072 transpose 1 1224 49 1.072000 0.770000  0.000050 0.000044 0.000120 0.000239 0.000128 0.000067 
5675072 transpose 1 1224 49 1.072000 0.924000  0.000049 0.000041 0.000115 0.000229 0.000120 0.000064 
5675136 transpose 1 1224 49 1.072000 1.078000  0.000052 0.000043 0.000119 0.000237 0.000126 0.000067 
5675136 transpose 1 1224 49 1.072000 0.770000  0.000049 0.000041 0.000114 0.000225 0.000119 0.000063 
5675136 transpose 1 1224 49 1.072000 0.924000  0.000059 0.000044 0.000120 0.000301 0.000131 0.000068 
5675200 transpose 1 1224 49 1.072000 1.311000  0.017609 0.003132 0.006378 0.017729 0.003865 0.001602 
5675200 transpose 1 1224 49 1.072000 1.696000  0.000049 0.000043 0.000118 0.000232 0.000125 0.000066 
5675200 transpose 1 1224 48 1.072000 1.311000  0.000048 0.000043 0.000117 0.000234 0.000123 0.000065 
5675264 transpose 1 1224 48 1.072000 1.311000  0.000054 0.000044 0.000123 0.000275 0.000137 0.000070 
5675264 transpose 1 1224 48 1.072000 1.773000  0.000051 0.000043 0.000116 0.000234 0.000124 0.000065 
5675328 transpose 1 1224 48 1.072000 1.696000  0.000047 0.000040 0.000111 0.000223 0.000115 0.000062 
5675328 transpose 1 1224 48 1.072000 1.850000  0.000051 0.000042 0.000115 0.000228 0.000123 0.000065 
5675328 transpose 1 1224 47 1.072000 1.311000  0.029762 0.005608 0.011459 0.029781 0.006640 0.002759 
5675392 transpose 1 1224 47 1.072000 1.388000  0.000059 0.000045 0.000121 0.000271 0.000134 0.000068 
5675392 transpose 1 1224 47 1.072000 0.692000  0.000050 0.000039 0.000110 0.000225 0.000112 0.000061 
5675392 transpose 1 1224 48 1.072000 1.077000  0.000060 0.000044 0.000120 0.000276 0.000134 0.000068 
5675456 transpose 1 1224 48 1.072000 0.692000  0.000062 0.000044 0.000118 0.000265 0.000123 0.000064 
5675456 transpose 1 1224 49 1.072000 1.155000  0.000053 0.000043 0.000117 0.000286 0.000129 0.000067 
5675456 transpose 1 1224 49 1.072000 1.309000  0.000058 0.000042 0.000117 0.000261 0.000127 0.000066 
5675520 transpose 1 1224 48 1.072000 1.000000  0.000094 0.000045 0.000119 0.000300 0.000132 0.000067 
5675520 transpose 1 1224 48 1.072000 1.385000  0.000049 0.000039 0.000112 0.000252 0.000128 0.000064 
5675520 transpose 1 1224 48 1.072000 0.769000  0.000058 0.000044 0.000118 0.000268 0.000130 0.000067 
5675584 transpose 1 1224 48 1.072000 1.231000  0.000049 0.000040 0.000111 0.000228 0.000118 0.000062 
5675584 transpose 1 1224 49 1.072000 0.924000  0.000051 0.000041 0.000112 0.000229 0.000117 0.000062 
5675648 transpose 1 1224 49 1.072000 1.231000  0.000056 0.000040 0.000151 0.000757 0.000186 0.000085 
5675648 transpose 1 1224 49 1.072000 0.924000  0.063517 0.012397 0.025764 0.063587 0.014199 0.006138 
5675648 transpose 1 1224 49 1.072000 0.923000  0.000019 0.000016 0.000044 0.000098 0.000049 0.000026 
5675712 transpose 1 1224 49 1.072000 1.542000  0.000045 0.000039 0.000109 0.000237 0.000113 0.000059 
5675712 transpose 1 1224 48 1.072000 1.465000  0.000059 0.000045 0.000121 0.000289 0.000135 0.000067 
5675712 transpose 1 1224 48 1.072000 1.311000  0.000052 0.000039 0.000108 0.000273 0.000122 0.000064 
5675776 transpose 1 1224 48 1.072000 1.311000  0.000072 0.000040 0.000113 0.000279 0.000121 0.000063 
5675776 transpose 1 1224 48 1.072000 1.618000  0.000046 0.000040 0.000164 0.000512 0.000183 0.000096 
5675776 transpose 1 1224 48 1.072000 1.311000  0.000044 0.000037 0.000104 0.000222 0.000116 0.000061 
5675840 transpose 1 1224 48 1.072000 1.697000  0.000053 0.000040 0.000114 0.000256 0.000125 0.000065 
5675840 transpose 1 1224 48 1.072000 2.005000  0.169672 0.033405 0.072929 0.169740 0.038582 0.017049 
5675904 transpose 1 1224 48 1.072000 1.078000  0.000048 0.000039 0.000108 0.000245 0.000119 0.000062 
5675904 transpose 1 1224 48 1.072000 1.308000  0.000052 0.000041 0.000111 0.000287 0.000119 0.000061 
5675904 transpose 1 1224 48 1.072000 1.077000  0.000048 0.000039 0.000108 0.000235 0.000121 0.000062 
5675968 transpose 1 1224 48 1.072000 1.385000  0.000044 0.000038 0.000106 0.000221 0.000112 0.000059 
5675968 transpose 1 1224 48 1.072000 0.769000  0.037816 0.007596 0.016342 0.037882 0.008758 0.003625 
5675968 transpose 1 1224 48 1.072000 1.078000  0.000206 0.000057 0.000136 0.000379 0.000138 0.000078 
5676032 transpose 1 1224 48 1.072000 0.847000  0.000063 0.000038 0.000103 0.000229 0.000112 0.000110 
5676032 transpose 1 1224 48 1.072000 1.077000  0.000048 0.000038 0.000105 0.000218 0.000111 0.000058 
5676096 transpose 1 1224 48 1.072000 0.769000  0.000045 0.000036 0.000100 0.000204 0.000103 0.000055 
5676096 transpose 1 1224 48 1.072000 1.462000  0.000047 0.000038 0.000104 0.000210 0.000109 0.000058 
5676096 transpose 1 1224 48 1.072000 0.770000  0.047048 0.008612 0.018348 0.047112 0.010070 0.004155 
5676160 transpose 1 1224 48 1.072000 1.077000  0.000043 0.000038 0.000103 0.000210 0.000111 0.000058 
5676160 transpose 1 1224 49 1.072000 1.155000  0.000044 0.000038 0.000103 0.000203 0.000109 0.000058 
5676160 transpose 1 1224 49 1.072000 1.388000  0.000042 0.000037 0.000102 0.000201 0.000107 0.000057 
5676224 transpose 1 1224 48 1.072000 1.850000  0.000046 0.000038 0.000104 0.000231 0.000117 0.000061 
5676224 transpose 1 1224 48 1.072000 1.311000  0.000042 0.000035 0.000098 0.000196 0.000101 0.000054 
5676224 transpose 1 1224 48 1.072000 1.619000  0.000047 0.000037 0.000105 0.000272 0.000117 0.000060 
5676288 transpose 1 1224 48 1.072000 1.311000  0.000041 0.000056 0.000136 0.000395 0.000147 0.000066 
5676288 transpose 1 1224 48 1.072000 1.311000  0.000043 0.000037 0.000101 0.000203 0.000106 0.000057 
5676288 transpose 1 1224 47 1.072000 1.850000  0.000043 0.000037 0.000101 0.000206 0.000107 0.000057 
5676352 transpose 1 1224 47 1.072000 1.311000  0.000051 0.000039 0.000107 0.000232 0.000118 0.000106 
5676352 transpose 1 1224 47 1.072000 1.154000  0.000049 0.000037 0.000102 0.000232 0.000113 0.000058 
5676416 transpose 1 1224 47 1.072000 1.385000  0.000053 0.000038 0.000102 0.000218 0.000104 0.000055 
5676416 transpose 1 1224 48 1.072000 1.155000  0.077230 0.015057 0.031850 0.077313 0.017291 0.007323 
5676416 transpose 1 1224 48 1.072000 0.693000  0.000047 0.000034 0.000096 0.000206 0.000099 0.000053 
5676480 transpose 1 1224 48 1.072000 1.155000  0.000046 0.000036 0.000099 0.000218 0.000105 0.000055 
5676480 transpose 1 1224 48 1.072000 0.693000  0.000042 0.000037 0.000104 0.000234 0.000115 0.000059 
5676480 transpose 1 1224 48 1.072000 1.077000  0.000046 0.000036 0.000098 0.000207 0.000106 0.000055 
5676544 transpose 1 1224 48 1.072000 0.769000  0.000044 0.000034 0.000094 0.000200 0.000097 0.000052 
5676544 transpose 1 1224 48 1.072000 1.078000  0.000046 0.000036 0.000097 0.000210 0.000142 0.000094 
5676544 transpose 1 1224 48 1.072000 0.770000  0.000056 0.000034 0.000095 0.000209 0.000097 0.000052 
5676608 transpose 1 1224 49 1.072000 0.847000  0.000046 0.000035 0.000097 0.000204 0.000104 0.000055 
5676608 transpose 1 1224 49 1.072000 0.924000  0.000044 0.000033 0.000093 0.000193 0.000096 0.000052 
5676672 transpose 1 1224 49 1.072000 1.078000  0.000041 0.000035 0.000097 0.000193 0.000102 0.000054 
5676672 transpose 1 1224 49 1.072000 1.310000  0.000046 0.000034 0.000094 0.000207 0.000097 0.000052 
5676672 transpose 1 1224 48 1.072000 1.311000  0.000047 0.000036 0.000097 0.000206 0.000101 0.000053 
5676736 transpose 1 1224 48 1.072000 1.465000  0.000039 0.000035 0.000096 0.000187 0.000102 0.000054 
5676736 transpose 1 1224 48 1.072000 1.465000  0.000040 0.000035 0.000095 0.000190 0.000102 0.000054 
5676736 transpose 1 1224 48 1.072000 1.619000  0.000041 0.000034 0.000095 0.000187 0.000100 0.000053 
5676800 transpose 1 1224 47 1.072000 1.311000  0.000037 0.000032 0.000091 0.000174 0.000093 0.000050 
5676800 transpose 1 1224 47 1.072000 1.619000  0.000048 0.000037 0.000099 0.000221 0.000121 0.000059 
5676800 transpose 1 1224 47 1.072000 1.311000  0.000048 0.000033 0.000094 0.000217 0.000105 0.000054 
5676864 transpose 1 1224 47 1.072000 1.465000  0.000041 0.000034 0.000096 0.000206 0.000104 0.000054 
5676864 transpose 1 1224 47 1.072000 1.462000  0.000042 0.000032 0.000090 0.000189 0.000093 0.000050 
5676864 transpose 1 1224 48 1.072000 1.077000  0.000043 0.000034 0.000096 0.000213 0.000105 0.000054 
5676928 transpose 1 1224 48 1.072000 1.385000  0.000041 0.000034 0.000093 0.000191 0.000098 0.000052 
5676928 transpose 1 1224 48 1.072000 1.077000  0.000037 0.000032 0.000089 0.000183 0.000091 0.000050 
5676928 transpose 1 1224 48 1.072000 1.308000  0.120218 0.023053 0.048721 0.120289 0.026416 0.011167 
5676992 transpose 1 1224 49 1.072000 0.769000  0.000279 0.000200 0.000548 0.295005 0.064798 0.027377 
5676992 transpose 1 1224 48 1.072000 1.155000  0.000147 0.000050 0.000119 0.000300 0.000120 0.000068 
5677056 transpose 1 1224 48 1.072000 0.769000  0.000040 0.000032 0.000090 0.000197 0.000093 0.000050 
5677056 transpose 1 1224 49 1.072000 1.077000  0.000043 0.000034 0.000092 0.000193 0.000101 0.000053 
5677056 transpose 1 1224 49 1.072000 1.388000  0.000054 0.000032 0.000089 0.000190 0.000091 0.000049 
5677120 transpose 1 1224 48 1.072000 1.388000  0.000046 0.000034 0.000096 0.000218 0.000107 0.000055 
5677120 transpose 1 1224 48 1.072000 1.850000  0.000041 0.000034 0.000095 0.000211 0.000106 0.000054 
5677120 transpose 1 1224 48 1.072000 1.465000  0.000043 0.000033 0.000094 0.000226 0.000106 0.000054 
5677184 transpose 1 1224 48 1.072000 1.388000  0.000047 0.000034 0.000096 0.000215 0.000106 0.000054 
5677184 transpose 1 1224 48 1.072000 1.311000  0.000046 0.000033 0.000092 0.000203 0.000094 0.000050 
5677248 transpose 1 1224 47 1.072000 1.774000  0.000038 0.000048 0.000116 0.000262 0.000135 0.000066 
5677248 transpose 1 1224 47 1.072000 2.005000  0.000020 0.000015 0.000041 0.000094 0.000046 0.000023 
5677248 transpose 1 1224 47 1.072000 0.770000  0.000034 0.000031 0.000086 0.000170 0.000088 0.000047 
5677312 transpose 1 1224 47 1.072000 0.924000  0.000037 0.000032 0.000089 0.000175 0.000094 0.000050 
5677312 transpose 1 1224 47 1.072000 0.693000  0.000036 0.000031 0.000085 0.000184 0.000094 0.000049 
5677312 transpose 1 1224 48 1.072000 0.693000  0.000038 0.000032 0.000089 0.000179 0.000095 0.000050 
5677376 transpose 1 1224 48 1.072000 0.770000  0.000036 0.000030 0.000085 0.000167 0.000088 0.000047 
5677376 transpose 1 1224 48 1.072000 1.155000  0.000253 0.000189 0.000492 0.000871 0.000380 0.000175 
5677440 transpose 1 1224 48 1.072000 0.770000  0.000037 0.000030 0.000084 0.000180 0.000087 0.000047 
5677440 transpose 1 1224 48 1.072000 0.770000  0.000044 0.000034 0.000092 0.000195 0.000100 0.000052 
5677440 transpose 1 1224 48 1.072000 0.770000  0.000046 0.000032 0.000090 0.000200 0.000097 0.000050 
5677504 transpose 1 1224 48 1.072000 0.847000  0.000040 0.000032 0.000089 0.000193 0.000099 0.000051 
5677504 transpose 1 1224 48 1.072000 1.078000  0.000035 0.000032 0.000087 0.000175 0.000092 0.000049 
5677504 transpose 1 1224 48 1.072000 0.770000  0.000034 0.000032 0.000087 0.000225 0.000111 0.000059 
5677568 transpose 1 1224 48 1.072000 0.847000  0.000038 0.000032 0.000089 0.000195 0.000097 0.000050 
5677568 transpose 1 1224 48 1.072000 0.770000  0.000041 0.000034 0.000094 0.000204 0.000107 0.000052 
5677568 transpose 1 1224 49 1.072000 1.001000  0.000038 0.000032 0.000086 0.000172 0.000092 0.000048 
5677632 transpose 1 1224 48 1.072000 0.693000  0.000047 0.000031 0.000086 0.000174 0.000088 0.000047 
5677632 transpose 1 1224 48 1.072000 1.155000  0.000046 0.000033 0.000091 0.000209 0.000103 0.000052 
5677632 transpose 1 1224 48 1.072000 0.924000  1.606918 0.365313 0.782816 1.612423 0.421112 0.187073 
5677696 transpose 1 1224 48 1.072000 1.232000  0.001536 0.001302 0.003604 0.008065 0.004060 0.002068 
5677696 transpose 1 1224 48 1.072000 0.770000  0.000035 0.000030 0.000082 0.000160 0.000084 0.000046 
5677696 transpose 1 1224 48 1.072000 1.232000  0.000044 0.000032 0.000089 0.000194 0.000097 0.000051 
5677760 transpose 1 1224 48 1.072000 0.770000  0.000045 0.000033 0.000089 0.000204 0.000088 0.000047 
5677760 transpose 1 1224 48 1.072000 1.694000  0.000044 0.000033 0.000090 0.000200 0.000100 0.000052 
5677824 transpose 1 1224 48 1.072000 0.693000  0.000037 0.000031 0.000085 0.000173 0.000090 0.000047 
5677824 transpose 1 1224 48 1.072000 1.311000  0.000035 0.000031 0.000085 0.000175 0.000090 0.000049 
5677824 transpose 1 1224 48 1.072000 1.311000  0.000038 0.000034 0.000093 0.000231 0.000104 0.000052 
5677888 transpose 1 1224 48 1.072000 1.311000  0.000047 0.000034 0.000093 0.000213 0.000102 0.000052 
5677888 transpose 1 1224 48 1.072000 2.080000  0.000037 0.000031 0.000086 0.000198 0.000090 0.000047 
5677888 transpose 1 1224 47 1.072000 1.311000  0.000035 0.000029 0.000081 0.000163 0.000084 0.000045 
5677952 transpose 1 1224 47 1.072000 1.618000  0.000044 0.000031 0.000088 0.000210 0.000096 0.000050 
5677952 transpose 1 1224 47 1.072000 1.388000  0.000037 0.000031 0.000087 0.000202 0.000096 0.000049 
5677952 transpose 1 1224 47 1.072000 1.311000  0.000042 0.000031 0.000087 0.000185 0.000094 0.000049 
5678016 transpose 1 1224 47 1.072000 1.157000  0.000039 0.000031 0.000087 0.000192 0.000096 0.000049 
