#Timestamp	Benchmark	Run(#)	CPU Frequency (MHz)	CPU Temperature(C)	CPU Voltage(V)	CPU Power(W)	CPU_CYCLES	L1_DATA_CACHE_ACCESS	INSTRUCTIONS_RETIRED	BUS_CYCLES	L1I_CACHE_ACCESS	PREDICTABLE_BRANCH_SPECULATIVELY_EXECUTED
5564544 SobolQRNG 1 1224 49 1.072000 2.312000  0.000020 0.000021 0.000055 0.000109 0.000056 0.000033 
5564544 SobolQRNG 1 1224 49 1.072000 2.235000  0.000017 0.000015 0.000042 0.000089 0.000045 0.000024 
5564608 SobolQRNG 1 1224 49 1.072000 1.542000  1.141381 0.215744 0.466593 1.141604 0.273172 0.115687 
5564608 SobolQRNG 1 1224 49 1.072000 1.850000  0.000018 0.000015 0.000041 0.000086 0.000044 0.000023 
5564672 SobolQRNG 1 1224 48 1.072000 1.850000  0.000019 0.000014 0.000040 0.000083 0.000041 0.000022 
5564672 SobolQRNG 1 1224 48 1.072000 1.077000  0.000021 0.000016 0.000043 0.000095 0.000047 0.000024 
5564672 SobolQRNG 1 1224 49 1.072000 1.618000  0.000018 0.000015 0.000040 0.000091 0.000042 0.000022 
5564736 SobolQRNG 1 1224 49 1.072000 1.619000  0.000016 0.000015 0.000041 0.000100 0.000048 0.000024 
5564736 SobolQRNG 1 1224 49 1.072000 1.619000  0.000022 0.000014 0.000040 0.000091 0.000042 0.000022 
5564736 SobolQRNG 1 1224 49 1.072000 1.542000  0.000022 0.000016 0.000043 0.000102 0.000049 0.000025 
5564800 SobolQRNG 1 1224 48 1.072000 1.233000  0.000017 0.000015 0.000040 0.000083 0.000043 0.000023 
5564800 SobolQRNG 1 1224 48 1.072000 1.388000  0.000020 0.000015 0.000041 0.000137 0.000051 0.000025 
5564800 SobolQRNG 1 1224 48 1.072000 1.773000  0.000018 0.000015 0.000041 0.000094 0.000045 0.000023 
5564864 SobolQRNG 1 1224 48 1.072000 1.388000  0.000016 0.000014 0.000039 0.000078 0.000039 0.000021 
5564864 SobolQRNG 1 1224 48 1.072000 1.695000  0.000020 0.000015 0.000042 0.000097 0.000046 0.000024 
5564864 SobolQRNG 1 1224 48 1.072000 1.233000  0.000016 0.000014 0.000040 0.000087 0.000041 0.000022 
5564928 SobolQRNG 1 1224 48 1.072000 1.619000  0.000021 0.000015 0.000043 0.000125 0.000048 0.000025 
5564928 SobolQRNG 1 1224 48 1.072000 1.233000  0.000016 0.000015 0.000040 0.000083 0.000042 0.000022 
5564992 SobolQRNG 1 1224 48 1.072000 1.156000  0.000019 0.000015 0.000041 0.000095 0.000046 0.000024 
5564992 SobolQRNG 1 1224 48 1.072000 1.850000  0.000017 0.000014 0.000039 0.000088 0.000041 0.000022 
5564992 SobolQRNG 1 1224 48 1.072000 1.464000  0.000019 0.000015 0.000041 0.000100 0.000046 0.000024 
5565056 SobolQRNG 1 1224 48 1.072000 1.311000  0.000020 0.000015 0.000041 0.000093 0.000043 0.000023 
5565056 SobolQRNG 1 1224 48 1.072000 1.388000  0.000017 0.000021 0.000052 0.000118 0.000060 0.000029 
5565056 SobolQRNG 1 1224 48 1.072000 1.695000  0.000018 0.000015 0.000040 0.000083 0.000043 0.000022 
5565120 SobolQRNG 1 1224 48 1.072000 1.388000  0.000017 0.000014 0.000038 0.000079 0.000039 0.000021 
5565120 SobolQRNG 1 1224 48 1.072000 1.310000  0.000018 0.000014 0.000040 0.000095 0.000046 0.000024 
5565120 SobolQRNG 1 1224 48 1.072000 1.387000  0.000017 0.000014 0.000038 0.000087 0.000043 0.000022 
5565184 SobolQRNG 1 1224 48 1.072000 1.617000  0.000018 0.000014 0.000041 0.000094 0.000046 0.000024 
5565184 SobolQRNG 1 1224 48 1.072000 1.541000  0.000047 0.000028 0.000063 0.000182 0.000068 0.000033 
5565248 SobolQRNG 1 1224 48 1.072000 1.310000  0.000017 0.000014 0.000039 0.000081 0.000040 0.000021 
5565248 SobolQRNG 1 1224 48 1.072000 1.618000  0.000019 0.000015 0.000042 0.000092 0.000045 0.000023 
5565248 SobolQRNG 1 1224 48 1.072000 1.310000  0.000023 0.000014 0.000040 0.000103 0.000042 0.000022 
5565312 SobolQRNG 1 1224 48 1.072000 2.005000  0.000021 0.000016 0.000043 0.000094 0.000046 0.000023 
5565312 SobolQRNG 1 1224 48 1.072000 1.310000  0.000017 0.000014 0.000039 0.000079 0.000043 0.000022 
5565312 SobolQRNG 1 1224 48 1.072000 1.311000  0.000017 0.000014 0.000039 0.000078 0.000042 0.000022 
5565376 SobolQRNG 1 1224 48 1.072000 1.927000  0.000016 0.000014 0.000039 0.000077 0.000042 0.000022 
5565376 SobolQRNG 1 1224 48 1.072000 1.311000  0.000025 0.000014 0.000039 0.000088 0.000040 0.000022 
5565376 SobolQRNG 1 1224 48 1.072000 1.464000  0.000021 0.000015 0.000041 0.000090 0.000044 0.000023 
5565440 SobolQRNG 1 1224 48 1.072000 1.310000  0.000016 0.000014 0.000039 0.000079 0.000041 0.000022 
5565440 SobolQRNG 1 1224 48 1.072000 1.310000  0.000016 0.000014 0.000039 0.000078 0.000042 0.000022 
5565440 SobolQRNG 1 1224 48 1.072000 1.927000  0.000017 0.000014 0.000039 0.000077 0.000042 0.000022 
5565504 SobolQRNG 1 1224 48 1.072000 1.310000  0.000016 0.000014 0.000038 0.000073 0.000039 0.000021 
5565504 SobolQRNG 1 1224 48 1.072000 1.849000  0.000016 0.000014 0.000039 0.000076 0.000041 0.000022 
5565504 SobolQRNG 1 1224 48 1.072000 1.311000  0.000016 0.000013 0.000037 0.000075 0.000039 0.000021 
5565568 SobolQRNG 1 1224 48 1.072000 1.310000  0.000020 0.000015 0.000041 0.000089 0.000045 0.000023 
5565568 SobolQRNG 1 1224 48 1.072000 1.542000  0.000018 0.000014 0.000039 0.000081 0.000042 0.000022 
5565632 SobolQRNG 1 1224 48 1.072000 1.311000  0.000018 0.000014 0.000041 0.000090 0.000045 0.000024 
5565632 SobolQRNG 1 1224 48 1.072000 1.772000  0.000016 0.000021 0.000050 0.000117 0.000052 0.000029 
5565632 SobolQRNG 1 1224 48 1.072000 1.310000  0.000016 0.000013 0.000037 0.000078 0.000039 0.000021 
5565696 SobolQRNG 1 1224 48 1.072000 1.311000  0.000019 0.000014 0.000040 0.000088 0.000044 0.000023 
5565696 SobolQRNG 1 1224 48 1.072000 1.311000  0.000016 0.000014 0.000039 0.000078 0.000041 0.000022 
5565696 SobolQRNG 1 1224 48 1.072000 1.311000  0.000016 0.000014 0.000039 0.000075 0.000041 0.000022 
5565760 SobolQRNG 1 1224 48 1.072000 1.618000  0.000017 0.000014 0.000039 0.000077 0.000042 0.000022 
5565760 SobolQRNG 1 1224 48 1.072000 1.310000  0.000027 0.000014 0.000040 0.000111 0.000042 0.000021 
5565760 SobolQRNG 1 1224 47 1.072000 1.695000  0.000016 0.000014 0.000039 0.000077 0.000042 0.000022 
5565824 SobolQRNG 1 1224 47 1.072000 1.311000  0.000020 0.000015 0.000041 0.000088 0.000044 0.000023 
5565824 SobolQRNG 1 1224 48 1.072000 1.388000  0.000018 0.000014 0.000040 0.000091 0.000045 0.000023 
5565824 SobolQRNG 1 1224 48 1.072000 1.311000  0.000016 0.000014 0.000038 0.000076 0.000041 0.000021 
5565888 SobolQRNG 1 1224 48 1.072000 1.311000  0.000017 0.000014 0.000039 0.000080 0.000040 0.000021 
5565888 SobolQRNG 1 1224 48 1.072000 1.694000  0.000016 0.000014 0.000038 0.000075 0.000040 0.000021 
5565888 SobolQRNG 1 1224 47 1.072000 1.310000  0.000015 0.000014 0.000038 0.000083 0.000040 0.000021 
5565952 SobolQRNG 1 1224 47 1.072000 1.310000  0.000016 0.000014 0.000038 0.000076 0.000047 0.000023 
5565952 SobolQRNG 1 1224 48 1.072000 1.311000  0.000017 0.000014 0.000039 0.000116 0.000047 0.000024 
5566016 SobolQRNG 1 1224 48 1.072000 1.311000  0.000017 0.000014 0.000040 0.000090 0.000044 0.000023 
5566016 SobolQRNG 1 1224 48 1.072000 1.387000  0.000016 0.000014 0.000038 0.000075 0.000041 0.000021 
5566016 SobolQRNG 1 1224 48 1.072000 1.542000  0.000021 0.000014 0.000039 0.000092 0.000041 0.000022 
5566080 SobolQRNG 1 1224 48 1.072000 1.465000  0.000017 0.000014 0.000039 0.000082 0.000042 0.000022 
5566080 SobolQRNG 1 1224 48 1.072000 1.311000  0.000018 0.000014 0.000039 0.000089 0.000042 0.000022 
5566080 SobolQRNG 1 1224 48 1.072000 1.310000  0.000020 0.000015 0.000040 0.000091 0.000045 0.000023 
5566144 SobolQRNG 1 1224 48 1.072000 1.927000  0.000019 0.000015 0.000041 0.000089 0.000044 0.000023 
5566144 SobolQRNG 1 1224 48 1.072000 1.311000  0.000015 0.000013 0.000037 0.000071 0.000037 0.000020 
5566144 SobolQRNG 1 1224 48 1.072000 1.618000  0.000018 0.000014 0.000040 0.000089 0.000044 0.000023 
5566208 SobolQRNG 1 1224 48 1.072000 1.311000  0.000028 0.000015 0.000040 0.000090 0.000043 0.000022 
5566208 SobolQRNG 1 1224 48 1.072000 1.388000  0.000020 0.000015 0.000041 0.000088 0.000043 0.000023 
5566208 SobolQRNG 1 1224 48 1.072000 1.311000  0.000017 0.000014 0.000040 0.000088 0.000043 0.000023 
5566272 SobolQRNG 1 1224 48 1.072000 1.618000  0.000021 0.000013 0.000037 0.000078 0.000038 0.000020 
5566272 SobolQRNG 1 1224 48 1.072000 1.773000  0.000112 0.000082 0.000190 0.000366 0.000151 0.000073 
5566336 SobolQRNG 1 1224 48 1.072000 1.311000  0.000029 0.000015 0.000041 0.000098 0.000046 0.000023 
5566336 SobolQRNG 1 1224 48 1.072000 1.311000  0.000017 0.000014 0.000040 0.000089 0.000044 0.000023 
5566336 SobolQRNG 1 1224 48 1.072000 1.849000  0.072754 0.059326 0.169586 0.377601 0.186973 0.096750 
5566400 SobolQRNG 1 1224 48 1.072000 1.311000  0.012750 0.011192 0.030980 0.069798 0.031995 0.017252 
5566400 SobolQRNG 1 1224 48 1.072000 1.465000  0.010917 0.007831 0.021474 0.048113 0.023803 0.012268 
5566400 SobolQRNG 1 1224 48 1.072000 1.311000  0.006387 0.005570 0.015282 0.031493 0.016343 0.008644 
5566464 SobolQRNG 1 1224 48 1.072000 1.465000  0.028388 0.089995 0.202772 0.170053 0.089479 0.052616 
5566464 SobolQRNG 1 1224 48 1.072000 1.387000  0.003165 0.002349 0.006416 0.014651 0.007179 0.003661 
5566528 SobolQRNG 1 1224 48 1.072000 1.311000  0.002213 0.001958 0.005394 0.010746 0.005695 0.003012 
5566528 SobolQRNG 1 1224 48 1.072000 1.311000  0.006307 0.002593 0.006215 0.013840 0.007274 0.003553 
5566528 SobolQRNG 1 1224 48 1.072000 2.081000  0.001572 0.001346 0.003706 0.007341 0.003916 0.002070 
5566592 SobolQRNG 1 1224 48 1.072000 1.311000  0.001383 0.001197 0.003340 0.006543 0.003439 0.001850 
5566592 SobolQRNG 1 1224 48 1.072000 1.618000  0.001246 0.001104 0.003214 0.006823 0.003473 0.001762 
5566592 SobolQRNG 1 1224 48 1.072000 1.311000  0.001511 0.001125 0.003121 0.006845 0.003410 0.001763 
5566656 SobolQRNG 1 1224 48 1.072000 1.311000  0.001283 0.001018 0.002800 0.006028 0.003029 0.001585 
5566656 SobolQRNG 1 1224 48 1.072000 1.311000  0.001182 0.000945 0.002673 0.005805 0.002868 0.001493 
5566656 SobolQRNG 1 1224 48 1.072000 1.311000  0.001227 0.000918 0.002582 0.005818 0.002865 0.001478 
5566720 SobolQRNG 1 1224 48 1.072000 1.695000  0.000960 0.000839 0.002966 0.006753 0.003060 0.001701 
5566720 SobolQRNG 1 1224 47 1.072000 1.773000  0.001041 0.000747 0.002118 0.004786 0.002180 0.001163 
5566784 SobolQRNG 1 1224 47 1.072000 1.311000  0.001102 0.000969 0.002467 0.006120 0.002639 0.001309 
5566784 SobolQRNG 1 1224 47 1.072000 2.005000  0.000914 0.000745 0.002008 0.006214 0.002479 0.001237 
5566784 SobolQRNG 1 1224 47 1.072000 1.388000  0.000907 0.000731 0.001975 0.004113 0.002013 0.001062 
5566848 SobolQRNG 1 1224 48 1.072000 1.695000  0.000843 0.000680 0.001905 0.004195 0.002123 0.001103 
5566848 SobolQRNG 1 1224 47 1.072000 1.311000  0.000709 0.000609 0.001738 0.003520 0.001794 0.000961 
5566848 SobolQRNG 1 1224 47 1.072000 1.388000  0.000839 0.000623 0.001696 0.003764 0.001877 0.000956 
5566912 SobolQRNG 1 1224 47 1.072000 1.311000  0.000644 0.000567 0.001554 0.003070 0.001645 0.000875 
5566912 SobolQRNG 1 1224 47 1.072000 1.311000  0.000738 0.000578 0.001617 0.003592 0.001752 0.000906 
5566912 SobolQRNG 1 1224 47 1.072000 1.850000  0.000671 0.000545 0.001547 0.003308 0.001687 0.000881 
5566976 SobolQRNG 1 1224 47 1.072000 1.619000  0.000558 0.000486 0.001362 0.002913 0.001399 0.000759 
5566976 SobolQRNG 1 1224 47 1.072000 1.694000  0.000616 0.000512 0.001442 0.003211 0.001608 0.000832 
5566976 SobolQRNG 1 1224 47 1.072000 1.311000  0.000560 0.000487 0.001348 0.002665 0.001415 0.000752 
5567040 SobolQRNG 1 1224 47 1.072000 1.620000  0.000595 0.000506 0.001363 0.002921 0.001472 0.000764 
5567040 SobolQRNG 1 1224 47 1.072000 2.005000  0.000508 0.000465 0.001272 0.002510 0.001339 0.000713 
5567104 SobolQRNG 1 1224 47 1.072000 1.311000  0.003569 0.002648 0.007305 0.015510 0.014924 0.007971 
5567104 SobolQRNG 1 1224 47 1.072000 2.080000  0.001369 0.000616 0.001493 0.003857 0.001732 0.000952 
5567104 SobolQRNG 1 1224 47 1.072000 1.234000  0.000492 0.000413 0.001120 0.002303 0.001201 0.000631 
5567168 SobolQRNG 1 1224 47 1.072000 1.234000  0.000448 0.000402 0.001100 0.002159 0.001167 0.000618 
5567168 SobolQRNG 1 1224 47 1.072000 1.311000  0.000441 0.000379 0.001041 0.002052 0.001110 0.000584 
5567168 SobolQRNG 1 1224 47 1.072000 1.312000  0.000409 0.000351 0.000979 0.001929 0.001005 0.000543 
5567232 SobolQRNG 1 1224 47 1.072000 1.618000  0.000400 0.000342 0.000977 0.002161 0.001103 0.000574 
5567232 SobolQRNG 1 1224 47 1.072000 1.543000  0.000384 0.000335 0.000951 0.002150 0.000975 0.000524 
5567232 SobolQRNG 1 1224 47 1.072000 1.543000  0.000377 0.000327 0.000894 0.001783 0.000952 0.000502 
5567296 SobolQRNG 1 1224 47 1.072000 1.311000  0.000374 0.000315 0.000865 0.001738 0.000922 0.000486 
5567296 SobolQRNG 1 1224 47 1.072000 1.311000  0.000429 0.000324 0.000893 0.001988 0.000996 0.000514 
5567296 SobolQRNG 1 1224 47 1.072000 1.233000  0.000382 0.000312 0.000862 0.001823 0.000924 0.000486 
5567360 SobolQRNG 1 1224 47 1.072000 1.618000  0.000338 0.000331 0.000877 0.002032 0.000911 0.000474 
5567360 SobolQRNG 1 1224 47 1.072000 1.235000  0.000432 0.000286 0.000802 0.001762 0.000828 0.000437 
5567424 SobolQRNG 1 1224 47 1.072000 1.388000  0.000319 0.000285 0.000780 0.001515 0.000824 0.000438 
5567424 SobolQRNG 1 1224 47 1.072000 1.311000  0.000358 0.000284 0.000776 0.001662 0.000812 0.000431 
5567488 SobolQRNG 1 1224 47 1.072000 1.311000  0.000347 0.000281 0.000784 0.001717 0.000873 0.000454 
5567488 SobolQRNG 1 1224 47 1.072000 1.772000  0.000304 0.000272 0.000748 0.001462 0.000788 0.000419 
5567488 SobolQRNG 1 1224 47 1.072000 1.311000  0.000351 0.000255 0.002494 0.004569 0.001638 0.000725 
5567552 SobolQRNG 1 1224 47 1.072000 1.774000  0.000952 0.000387 0.000922 0.002492 0.001086 0.000591 
5567552 SobolQRNG 1 1224 47 1.072000 1.617000  0.000298 0.000252 0.000713 0.001569 0.000783 0.000405 
5567552 SobolQRNG 1 1224 47 1.072000 1.311000  0.000310 0.000249 0.000685 0.001506 0.000761 0.000395 
5567616 SobolQRNG 1 1224 47 1.072000 1.850000  0.000288 0.000243 0.000675 0.001477 0.000750 0.000393 
5567616 SobolQRNG 1 1224 47 1.072000 1.311000  0.000272 0.000225 0.000627 0.001279 0.000657 0.000351 
5567616 SobolQRNG 1 1224 47 1.072000 1.772000  0.000303 0.000245 0.000667 0.001481 0.000745 0.000382 
5567680 SobolQRNG 1 1224 47 1.072000 1.234000  0.000259 0.000229 0.000630 0.001280 0.000674 0.000355 
5567680 SobolQRNG 1 1224 47 1.072000 1.311000  -0.521538 0.680604 -0.903239 -0.520636 0.820880 0.334374 
5567744 SobolQRNG 1 1224 47 1.072000 1.695000  0.000262 0.000228 0.000626 0.001235 0.000663 0.000352 
5567744 SobolQRNG 1 1224 47 1.072000 1.312000  -0.508715 0.677366 -0.890306 -0.508494 0.816331 0.332610 
5567744 SobolQRNG 1 1224 47 1.072000 1.311000  0.000298 0.000238 0.000655 0.001509 0.000740 0.000375 
5567808 SobolQRNG 1 1224 47 1.072000 1.311000  0.000266 0.000222 0.000621 0.001287 0.000669 0.000349 
5567808 SobolQRNG 1 1224 47 1.072000 1.465000  0.000312 0.000229 0.000628 0.001419 0.000705 0.000362 
5567808 SobolQRNG 1 1224 47 1.072000 1.695000  0.000248 0.000217 0.000596 0.001174 0.000630 0.000334 
5567872 SobolQRNG 1 1224 47 1.072000 1.311000  -0.473038 0.667118 -0.857226 -0.472816 0.803514 0.327592 
5567872 SobolQRNG 1 1224 47 1.072000 1.773000  0.000269 0.000220 0.000619 0.001383 0.000690 0.000354 
5567872 SobolQRNG 1 1224 47 1.072000 1.311000  0.000239 0.000211 0.000583 0.001158 0.000613 0.000326 
5567936 SobolQRNG 1 1224 47 1.072000 1.311000  0.000285 0.000219 0.002630 0.007562 0.002051 0.000861 
5567936 SobolQRNG 1 1224 47 1.072000 1.618000  0.000258 0.000210 0.000582 0.001274 0.000639 0.000331 
5567936 SobolQRNG 1 1224 47 1.072000 1.388000  0.000256 0.000194 0.000550 0.001276 0.000564 0.000307 
5568000 SobolQRNG 1 1224 47 1.072000 1.773000  0.001637 0.001205 0.003282 0.007784 0.003697 0.001953 
5568000 SobolQRNG 1 1224 47 1.072000 1.465000  0.000222 0.000192 0.000525 0.001042 0.000558 0.000295 
5568064 SobolQRNG 1 1224 47 1.072000 1.311000  0.000223 0.000190 0.000520 0.001039 0.000554 0.000292 
5568064 SobolQRNG 1 1224 47 1.072000 1.926000  0.000205 0.000180 0.000510 0.001148 0.000570 0.000293 
5568064 SobolQRNG 1 1224 47 1.072000 1.465000  0.000261 0.000177 0.000500 0.001082 0.000518 0.000274 
5568128 SobolQRNG 1 1224 47 1.072000 1.774000  0.000231 0.000184 0.000506 0.001147 0.000568 0.000294 
5568128 SobolQRNG 1 1224 47 1.072000 1.311000  0.000206 0.000178 0.000489 0.000984 0.000521 0.000275 
5568128 SobolQRNG 1 1224 47 1.072000 1.311000  1.089339 0.210756 0.454053 1.089736 0.262195 0.111588 
5568192 SobolQRNG 1 1224 47 1.072000 1.928000  0.000203 0.000260 0.000627 0.001388 0.000731 0.000357 
5568192 SobolQRNG 1 1224 47 1.072000 1.465000  0.000245 0.000166 0.000503 0.001275 0.000517 0.000268 
5568256 SobolQRNG 1 1224 47 1.072000 1.773000  0.000219 0.000190 0.000510 0.001379 0.000548 0.000279 
5568256 SobolQRNG 1 1224 47 1.072000 1.311000  0.000192 0.000171 0.000469 0.000950 0.000498 0.000263 
5568256 SobolQRNG 1 1224 47 1.072000 1.311000  0.000248 0.000180 2.370582 5.696731 1.370009 0.582872 
5568320 SobolQRNG 1 1224 47 1.072000 1.695000  0.000194 0.000166 0.000461 0.001321 0.000597 0.000299 
5568320 SobolQRNG 1 1224 47 1.072000 1.311000  0.000234 0.000158 0.000446 0.001041 0.000469 0.000247 
5568320 SobolQRNG 1 1224 47 1.072000 1.696000  0.000207 0.000166 0.000461 0.001029 0.000511 0.000268 
5568384 SobolQRNG 1 1224 47 1.072000 1.311000  0.000211 0.000164 0.000450 0.000920 0.000477 0.000251 
5568384 SobolQRNG 1 1224 47 1.072000 1.465000  0.000217 0.000166 0.000452 0.000943 0.000476 0.000253 
5568384 SobolQRNG 1 1224 47 1.072000 1.850000  0.000194 0.000162 0.000447 0.000975 0.000496 0.000260 
5568448 SobolQRNG 1 1224 47 1.072000 1.619000  0.000178 0.000149 0.000417 0.000832 0.000428 0.000231 
5568448 SobolQRNG 1 1224 47 1.072000 1.850000  0.000205 0.000160 0.000451 0.001022 0.000503 0.000259 
5568448 SobolQRNG 1 1224 47 1.072000 1.388000  0.000179 0.000146 0.000410 0.000837 0.000433 0.000235 
5568512 SobolQRNG 1 1224 47 1.072000 1.694000  0.000208 0.000160 0.000446 0.000956 0.000473 0.000247 
5568512 SobolQRNG 1 1224 46 1.072000 1.311000  0.000198 0.000156 0.000439 0.001004 0.000495 0.000252 
5568576 SobolQRNG 1 1224 46 1.072000 1.465000  0.000166 0.000143 0.000400 0.000780 0.000411 0.000222 
5568576 SobolQRNG 1 1224 47 1.072000 1.696000  0.001224 0.000883 0.002417 0.005714 0.002751 0.001414 
5568576 SobolQRNG 1 1224 47 1.072000 1.849000  0.000245 0.000156 0.000428 0.001002 0.000476 0.000242 
5568640 SobolQRNG 1 1224 47 1.072000 1.312000  0.000187 0.000147 0.000477 0.001334 0.000488 0.000240 
5568640 SobolQRNG 1 1224 47 1.072000 1.541000  0.000167 0.000209 0.000504 0.001141 0.000590 0.000287 
5568640 SobolQRNG 1 1224 47 1.072000 1.387000  0.000160 0.000133 0.000371 0.000757 0.000384 0.000206 
5568704 SobolQRNG 1 1224 47 1.072000 1.774000  0.000191 0.000145 0.000401 0.000874 0.000433 0.000227 
5568704 SobolQRNG 1 1224 47 1.072000 2.005000  0.001237 0.000826 0.002254 0.005665 0.002218 0.000999 
5568768 SobolQRNG 1 1224 47 1.072000 1.311000  1.084235 0.209470 0.450646 1.084365 0.260324 0.110855 
5568768 SobolQRNG 1 1224 47 1.072000 1.697000  0.000174 0.000138 0.000383 0.000881 0.000429 0.000222 
5568768 SobolQRNG 1 1224 47 1.072000 1.388000  0.000174 0.000132 0.000372 0.000828 0.000380 0.000202 
5568832 SobolQRNG 1 1224 47 1.072000 1.465000  0.000169 0.000137 0.000383 0.000837 0.000420 0.000217 
5568832 SobolQRNG 1 1224 47 1.072000 1.311000  0.000161 0.000133 0.000366 0.000815 0.000389 0.000205 
5568832 SobolQRNG 1 1224 47 1.072000 1.311000  0.000190 0.000141 0.000384 0.000893 0.000430 0.000220 
5568896 SobolQRNG 1 1224 47 1.072000 1.773000  0.000153 0.000130 0.000359 0.000712 0.000376 0.000201 
5568896 SobolQRNG 1 1224 47 1.072000 1.311000  0.000180 0.000124 0.000342 0.000821 0.000364 0.000193 
5568896 SobolQRNG 1 1224 47 1.072000 1.698000  0.000149 0.000128 0.000353 0.000701 0.000375 0.000198 
5568960 SobolQRNG 1 1224 47 1.072000 1.311000  0.000034 0.000030 0.000084 0.000174 0.000090 0.000047 
5568960 SobolQRNG 1 1224 47 1.072000 1.311000  0.000145 0.000119 0.000335 0.000760 0.000382 0.000201 
5569024 SobolQRNG 1 1224 47 1.072000 1.773000  0.000145 0.000184 0.000441 0.000981 0.000517 0.000252 
5569024 SobolQRNG 1 1224 47 1.072000 1.465000  0.000162 0.000554 0.001232 0.002377 0.000818 0.000370 
5569024 SobolQRNG 1 1224 47 1.072000 1.618000  0.000139 0.000120 0.000330 0.000654 0.000348 0.000184 
5569088 SobolQRNG 1 1224 47 1.072000 1.311000  0.000141 0.000118 0.000324 0.000658 0.000343 0.000181 
5569088 SobolQRNG 1 1224 47 1.072000 1.311000  0.000162 0.000124 0.000337 0.000747 0.000367 0.000189 
5569088 SobolQRNG 1 1224 47 1.072000 1.928000  0.000139 0.000117 0.000320 0.000641 0.000340 0.000180 
5569152 SobolQRNG 1 1224 47 1.072000 1.389000  0.000128 0.000110 0.000305 0.000600 0.000316 0.000170 
5569152 SobolQRNG 1 1224 47 1.072000 1.851000  0.000143 0.000114 0.000313 0.000645 0.000340 0.000175 
5569152 SobolQRNG 1 1224 46 1.072000 1.311000  0.000138 0.000110 0.000305 0.000723 0.000322 0.000171 
5569216 SobolQRNG 1 1224 47 1.072000 1.850000  0.000129 0.000110 0.000303 0.000593 0.000318 0.000170 
5569216 SobolQRNG 1 1224 47 1.072000 1.311000  0.000129 0.000110 0.000301 0.000605 0.000321 0.000169 
5569280 SobolQRNG 1 1224 47 1.072000 1.388000  0.000128 0.000109 0.000299 0.000597 0.000318 0.000168 
5569280 SobolQRNG 1 1224 47 1.072000 1.928000  0.000128 0.000108 0.000294 0.000583 0.000312 0.000165 
5569280 SobolQRNG 1 1224 46 1.072000 1.311000  0.000119 0.000101 0.000281 0.000553 0.000290 0.000156 
5569344 SobolQRNG 1 1224 46 1.072000 1.849000  0.000122 0.000105 0.000286 0.000574 0.000457 0.000222 
5569344 SobolQRNG 1 1224 46 1.072000 1.311000  0.000119 0.000098 0.000273 0.000547 0.000280 0.000151 
5569344 SobolQRNG 1 1224 46 1.072000 1.771000  0.000132 0.000109 0.000293 0.000645 0.000321 0.000165 
5569408 SobolQRNG 1 1224 47 1.072000 1.388000  0.000130 0.000102 0.000290 0.000650 0.000301 0.000159 
5569408 SobolQRNG 1 1224 47 1.072000 1.312000  0.000132 0.000102 0.000295 0.000741 0.000330 0.000169 
5569408 SobolQRNG 1 1224 47 1.072000 1.927000  0.000122 0.000101 0.000279 0.000562 0.000299 0.000156 
5569472 SobolQRNG 1 1224 47 1.072000 1.311000  0.000152 0.000099 0.000277 0.000606 0.000289 0.000153 
5569472 SobolQRNG 1 1224 47 1.072000 1.465000  0.000138 0.000106 0.000293 0.000644 0.000317 0.000164 
5569472 SobolQRNG 1 1224 47 1.072000 1.311000  0.000133 0.000113 0.000313 0.000900 0.000327 0.000166 
5569536 SobolQRNG 1 1224 47 1.072000 1.311000  0.000124 0.000098 0.000276 0.000619 0.000306 0.000161 
5569536 SobolQRNG 1 1224 47 1.072000 1.773000  0.000117 0.000146 0.000350 0.000817 0.000354 0.000199 
5569600 SobolQRNG 1 1224 47 1.072000 1.311000  -0.130672 0.561117 -0.555570 -0.130491 0.672975 0.275180 
5569600 SobolQRNG 1 1224 47 1.072000 1.698000  0.000125 0.000099 0.000275 0.000593 0.000298 0.000157 
5569600 SobolQRNG 1 1224 47 1.072000 1.928000  0.000127 0.000098 0.000272 0.000626 0.000296 0.000154 
5569664 SobolQRNG 1 1224 47 1.072000 1.311000  0.000146 0.000103 0.000285 0.000630 0.000305 0.000157 
5569664 SobolQRNG 1 1224 47 1.072000 1.850000  0.000112 0.000096 0.000264 0.000517 0.000277 0.000148 
5569664 SobolQRNG 1 1224 47 1.072000 1.311000  -0.114020 0.556800 -0.538976 -0.113824 0.667383 0.273010 
5569728 SobolQRNG 1 1224 47 1.072000 1.695000  0.000107 0.000095 0.000262 0.000521 0.000277 0.000146 
5569728 SobolQRNG 1 1224 47 1.072000 2.082000  0.000145 0.000097 0.000263 0.000587 0.000281 0.000146 
5569728 SobolQRNG 1 1224 47 1.072000 1.312000  0.000130 0.000097 0.000274 0.000601 0.000296 0.000154 
5569792 SobolQRNG 1 1224 47 1.072000 1.850000  0.000112 0.000093 0.000257 0.000522 0.000277 0.000143 
5569792 SobolQRNG 1 1224 47 1.072000 1.311000  0.000132 0.000089 0.000251 0.004084 0.001256 0.000514 
5569856 SobolQRNG 1 1224 47 1.072000 1.775000  0.000106 0.000092 0.000253 0.000504 0.000271 0.000142 
5569856 SobolQRNG 1 1224 47 1.072000 1.311000  0.000115 0.000091 0.000251 0.000541 0.000267 0.000141 
5569856 SobolQRNG 1 1224 47 1.072000 1.388000  0.000109 0.000094 0.000266 0.000591 0.000294 0.000151 
5569920 SobolQRNG 1 1224 47 1.072000 1.773000  0.000122 0.000094 0.000256 0.000578 0.000284 0.000146 
5569920 SobolQRNG 1 1224 47 1.072000 1.235000  0.000100 0.000086 0.000238 0.000466 0.000243 0.000132 
5569920 SobolQRNG 1 1224 47 1.072000 1.389000  0.000109 0.000091 0.000247 0.000495 0.000265 0.000139 
5569984 SobolQRNG 1 1224 47 1.072000 1.620000  0.000032 0.000028 0.000075 0.000152 0.000079 0.000041 
5569984 SobolQRNG 1 1224 47 1.072000 1.232000  0.000124 0.000090 0.000250 0.000560 0.000279 0.000144 
5569984 SobolQRNG 1 1224 47 1.072000 1.775000  0.000107 0.000088 0.000241 0.000482 0.000256 0.000135 
5570048 SobolQRNG 1 1224 47 1.072000 1.156000  0.002984 0.000490 0.000989 0.003123 0.000710 0.000287 
