#Timestamp	Benchmark	Run(#)	CPU Frequency (MHz)	CPU Temperature(C)	CPU Voltage(V)	CPU Power(W)	CPU_CYCLES	L1_DATA_CACHE_ACCESS	INSTRUCTIONS_RETIRED	BUS_CYCLES	L1I_CACHE_ACCESS	PREDICTABLE_BRANCH_SPECULATIVELY_EXECUTED
6452480 radixSortThrust 1 1734 61 1.226000 2.080000  0.000005 0.000004 0.000010 0.000022 0.000013 0.000006 
6452480 radixSortThrust 1 1734 60 1.226000 2.465000  0.000004 0.000004 0.000010 0.000021 0.000013 0.000006 
6452544 radixSortThrust 1 1734 60 1.226000 2.543000  0.000018 0.000015 0.000040 0.000084 0.000041 0.000023 
6452544 radixSortThrust 1 1734 58 1.226000 2.620000  0.000017 0.000014 0.000039 0.000119 0.000051 0.000026 
6452544 radixSortThrust 1 1734 58 1.226000 2.466000  0.000017 0.000014 0.000039 0.000080 0.000042 0.000022 
6452608 radixSortThrust 1 1734 58 1.226000 2.466000  0.000016 0.000014 0.000039 0.000077 0.000042 0.000022 
6452608 radixSortThrust 1 1734 57 1.226000 3.541000  0.000017 0.000014 0.000039 0.000078 0.000042 0.000022 
6452608 radixSortThrust 1 1734 57 1.226000 2.235000  0.000019 0.000014 0.000039 0.000079 0.000040 0.000021 
6452672 radixSortThrust 1 1734 57 1.226000 3.155000  0.000017 0.000014 0.000039 0.000077 0.000042 0.000022 
6452672 radixSortThrust 1 1734 57 1.226000 2.466000  0.000017 0.000014 0.000039 0.000079 0.000042 0.000022 
6452672 radixSortThrust 1 1734 57 1.226000 2.235000  0.000016 0.000014 0.000039 0.000076 0.000041 0.000022 
6452736 radixSortThrust 1 1734 57 1.226000 2.849000  0.000017 0.000014 0.000039 0.000077 0.000042 0.000023 
6452736 radixSortThrust 1 1734 57 1.226000 2.312000  0.000015 0.000013 0.000037 0.000073 0.000038 0.000021 
6452736 radixSortThrust 1 1734 57 1.226000 2.852000  0.000018 0.000014 0.000039 0.000087 0.000043 0.000022 
6452800 radixSortThrust 1 1734 57 1.226000 2.235000  0.000020 0.000014 0.000040 0.000086 0.000043 0.000022 
6452800 radixSortThrust 1 1734 57 1.226000 2.389000  0.000020 0.000015 0.000041 0.000090 0.000044 0.000023 
6452800 radixSortThrust 1 1734 56 1.226000 3.235000  0.000050 0.000015 0.000042 0.000120 0.000046 0.000023 
6452864 radixSortThrust 1 1734 55 1.226000 2.236000  0.000015 0.000013 0.000037 0.000071 0.000038 0.000021 
6452864 radixSortThrust 1 1734 55 1.226000 3.006000  0.000017 0.000028 0.000067 0.000182 0.000065 0.000030 
6452864 radixSortThrust 1 1734 55 1.226000 2.159000  0.000021 0.000015 0.000041 0.000091 0.000045 0.000023 
6452928 radixSortThrust 1 1734 55 1.226000 2.159000  0.000020 0.000015 0.000040 0.000088 0.000044 0.000023 
6452928 radixSortThrust 1 1734 55 1.226000 3.160000  0.000017 0.000014 0.000039 0.000085 0.000043 0.000022 
6452928 radixSortThrust 1 1734 55 1.226000 2.236000  0.000015 0.000013 0.000037 0.000071 0.000038 0.000020 
6452992 radixSortThrust 1 1734 55 1.226000 3.006000  0.000019 0.000015 0.000041 0.000089 0.000044 0.000022 
6452992 radixSortThrust 1 1734 55 1.226000 2.158000  0.000017 0.000014 0.000039 0.000085 0.000043 0.000022 
6452992 radixSortThrust 1 1734 55 1.226000 2.236000  0.000020 0.000015 0.000041 0.000102 0.000047 0.000023 
6453056 radixSortThrust 1 1734 55 1.226000 3.080000  0.000021 0.000014 0.000040 0.000090 0.000043 0.000022 
6453056 radixSortThrust 1 1734 55 1.226000 2.159000  0.000015 0.000013 0.000036 0.000071 0.000037 0.000020 
6453120 radixSortThrust 1 1734 55 1.226000 3.079000  0.000017 0.000014 0.000039 0.000109 0.000045 0.000023 
6453120 radixSortThrust 1 1734 54 1.226000 2.159000  0.000015 0.000013 0.000037 0.000080 0.000040 0.000021 
6453120 radixSortThrust 1 1734 54 1.226000 2.082000  0.000017 0.000015 0.000040 0.000085 0.000043 0.000022 
6453184 radixSortThrust 1 1734 54 1.226000 2.083000  0.000024 0.000015 0.000041 0.000099 0.000044 0.000023 
6453184 radixSortThrust 1 1734 54 1.226000 2.778000  0.000020 0.000015 0.000040 0.000087 0.000043 0.000022 
6453184 radixSortThrust 1 1734 54 1.226000 3.159000  0.000019 0.000014 0.000039 0.000086 0.000043 0.000022 
6453248 radixSortThrust 1 1734 54 1.226000 2.467000  0.055605 0.047106 0.131010 0.266784 0.136715 0.078437 
6453248 radixSortThrust 1 1734 54 1.226000 2.930000  0.015825 0.013955 0.038689 0.081858 0.041461 0.021396 
6453248 radixSortThrust 1 1734 55 1.226000 3.777000  0.009456 0.007498 0.021054 0.047042 0.023102 0.011952 
6453312 radixSortThrust 1 1734 55 1.226000 2.312000  0.007786 0.005309 0.014202 0.029524 0.014686 0.007701 
6453312 radixSortThrust 1 1734 54 1.226000 2.699000  0.003327 0.002586 0.007288 0.016739 0.008028 0.004067 
6453312 radixSortThrust 1 1734 54 1.226000 2.390000  2.072212 2.543866 -1.693604 2.072617 2.151373 1.057096 
6453376 radixSortThrust 1 1734 54 1.226000 2.311000  0.000605 0.000486 0.001387 0.002989 0.001768 0.000867 
6453376 radixSortThrust 1 1734 55 1.226000 2.462000  0.000662 0.000439 0.001248 0.002907 0.001572 0.000783 
6453376 radixSortThrust 1 1734 55 1.226000 1.462000  0.002114 0.001571 0.004303 0.009580 0.004599 0.002410 
6453440 radixSortThrust 1 1734 55 1.226000 3.541000  0.002430 0.001429 0.004062 0.010328 0.004218 0.002343 
6453440 radixSortThrust 1 1734 55 1.226000 2.926000  0.002010 0.001207 0.003347 0.008746 0.003463 0.001847 
6453440 radixSortThrust 1 1734 55 1.226000 2.231000  0.001484 0.001124 0.003093 0.006809 0.003301 0.001733 
6453504 radixSortThrust 1 1734 55 1.226000 1.385000  0.001303 0.000985 0.002758 0.006656 0.002856 0.001540 
6453504 radixSortThrust 1 1734 55 1.226000 2.233000  0.001770 0.000998 0.002752 0.006849 0.003080 0.001555 
6453568 radixSortThrust 1 1734 55 1.226000 2.389000  0.001228 0.000844 0.002352 0.006294 0.002464 0.001315 
6453568 radixSortThrust 1 1734 55 1.226000 2.385000  0.008573 0.004819 0.013145 0.036466 0.014868 0.007867 
6453568 radixSortThrust 1 1734 55 1.226000 1.231000  0.000046 0.000029 0.000078 0.000194 0.000086 0.000043 
6453632 radixSortThrust 1 1734 55 1.226000 2.928000  0.000744 0.000876 0.002121 0.005014 0.002473 0.001209 
6453632 radixSortThrust 1 1734 55 1.226000 1.925000  0.000701 0.000520 0.001427 0.003366 0.001478 0.000781 
6453632 radixSortThrust 1 1734 55 1.226000 1.385000  0.000633 0.000475 0.001366 0.003140 0.001483 0.000779 
6453696 radixSortThrust 1 1734 55 1.226000 2.156000  0.000650 0.000486 0.001354 0.003128 0.001434 0.000751 
6453696 radixSortThrust 1 1734 55 1.226000 1.464000  1.755658 1.834184 -1.106039 1.755970 1.564353 0.765310 
6453696 radixSortThrust 1 1734 55 1.226000 2.462000  0.000071 0.000063 0.000174 0.000383 0.000201 0.000107 
6453760 radixSortThrust 1 1734 55 1.226000 1.693000  0.000566 0.000429 0.001190 0.002672 0.001280 0.000687 
6453760 radixSortThrust 1 1734 55 1.226000 2.847000  0.000750 0.000451 0.001240 0.002994 0.001373 0.000704 
6453824 radixSortThrust 1 1734 55 1.226000 2.466000  0.000820 0.000408 0.001152 0.003267 0.001191 0.000631 
6453824 radixSortThrust 1 1734 55 1.226000 1.693000  0.000521 0.000378 0.001024 0.002526 0.001124 0.000589 
6453824 radixSortThrust 1 1734 55 1.226000 1.154000  0.000422 0.000370 0.001013 0.002142 0.001069 0.000568 
6453888 radixSortThrust 1 1734 55 1.226000 2.851000  0.002871 0.002128 0.005788 0.017104 0.006600 0.003471 
6453888 radixSortThrust 1 1734 55 1.226000 1.308000  0.000427 0.000326 0.000885 0.002013 0.000933 0.000488 
6453888 radixSortThrust 1 1734 55 1.226000 1.232000  0.000383 0.000289 0.000804 0.001661 0.000962 0.000484 
6453952 radixSortThrust 1 1734 55 1.226000 2.772000  0.000502 0.000299 0.000815 0.002442 0.000873 0.000457 
6453952 radixSortThrust 1 1734 55 1.226000 1.308000  0.000350 0.000272 0.000759 0.001571 0.000784 0.000423 
6453952 radixSortThrust 1 1734 55 1.226000 1.847000  0.000357 0.000272 0.000731 0.001776 0.000813 0.000427 
6454016 radixSortThrust 1 1734 55 1.226000 1.848000  0.000285 0.000261 0.000742 0.001878 0.000776 0.000403 
6454016 radixSortThrust 1 1734 55 1.226000 1.846000  0.000161 0.000064 0.000181 0.000543 0.000232 0.000113 
6454016 radixSortThrust 1 1734 55 1.226000 1.231000  0.000134 0.000063 0.000177 0.000480 0.000230 0.000111 
6454080 radixSortThrust 1 1734 55 1.226000 1.386000  0.000117 0.000061 0.000174 0.000438 0.000219 0.000109 
6454080 radixSortThrust 1 1734 55 1.226000 3.003000  0.000321 0.000234 0.000652 0.001609 0.000728 0.000381 
6454144 radixSortThrust 1 1734 55 1.226000 1.308000  0.000075 0.000057 0.000163 0.000346 0.000203 0.000102 
6454144 radixSortThrust 1 1734 55 1.226000 2.153000  0.000077 0.000056 0.000161 0.000378 0.000199 0.000100 
6454144 radixSortThrust 1 1734 55 1.226000 1.771000  0.000081 0.000055 0.000156 0.000401 0.000196 0.000097 
6454208 radixSortThrust 1 1734 55 1.226000 3.541000  0.000281 0.000209 0.000572 0.001193 0.000603 0.000321 
6454208 radixSortThrust 1 1734 55 1.226000 1.924000  0.000239 0.000196 0.000540 0.001103 0.000561 0.000301 
6454208 radixSortThrust 1 1734 55 1.226000 1.616000  0.000028 0.000025 0.000068 0.000147 0.000071 0.000037 
6454272 radixSortThrust 1 1734 55 1.226000 2.695000  0.000076 0.000047 0.000135 0.000335 0.000173 0.000084 
6454272 radixSortThrust 1 1734 55 1.226000 3.310000  0.000071 0.000046 0.000125 0.000459 0.000144 0.000074 
6454272 radixSortThrust 1 1734 55 1.226000 1.539000  0.000231 0.000163 0.000455 0.000968 0.000477 0.000255 
6454336 radixSortThrust 1 1734 55 1.226000 1.847000  0.000211 0.000165 0.000452 0.000941 0.000477 0.000253 
6454336 radixSortThrust 1 1734 55 1.226000 2.620000  0.000260 0.000157 0.000441 0.001196 0.000463 0.000242 
6454336 radixSortThrust 1 1734 55 1.226000 2.000000  0.000206 0.000164 0.000444 0.001054 0.000483 0.000250 
6454400 radixSortThrust 1 1734 55 1.226000 1.308000  0.000201 0.000158 0.000432 0.000908 0.000466 0.000243 
6454400 radixSortThrust 1 1734 55 1.226000 2.928000  0.000200 0.000150 0.000425 0.001027 0.000468 0.000244 
6454400 radixSortThrust 1 1734 55 1.226000 3.082000  0.000243 0.000154 0.000421 0.001175 0.000448 0.000237 
6454464 radixSortThrust 1 1734 55 1.226000 1.231000  0.000209 0.000148 0.000427 0.001009 0.000448 0.000236 
6454464 radixSortThrust 1 1734 55 1.226000 2.308000  0.000208 0.000153 0.000418 0.000960 0.000453 0.000240 
6454464 radixSortThrust 1 1734 55 1.226000 3.082000  0.000196 0.000138 0.000386 0.000839 0.000395 0.000213 
6454528 radixSortThrust 1 1734 55 1.226000 1.925000  0.000053 0.000036 0.000102 0.000237 0.000128 0.000064 
6454528 radixSortThrust 1 1734 55 1.226000 1.539000  0.000178 0.000139 0.000382 0.000821 0.000395 0.000210 
6454528 radixSortThrust 1 1734 55 1.226000 2.848000  0.000054 0.000035 0.000099 0.000262 0.000126 0.000062 
6454592 radixSortThrust 1 1734 55 1.226000 2.928000  0.122789 0.016786 0.034319 0.123124 0.019558 0.008257 
6454592 radixSortThrust 1 1734 55 1.226000 1.924000  0.000045 0.000034 0.000097 0.000212 0.000124 0.000061 
6454656 radixSortThrust 1 1734 55 1.226000 1.539000  0.000047 0.000034 0.000096 0.000233 0.000122 0.000060 
6454656 radixSortThrust 1 1734 55 1.226000 2.774000  0.000057 0.000033 0.000095 0.000248 0.000119 0.000059 
6454656 radixSortThrust 1 1734 55 1.226000 3.544000  0.148982 0.021342 0.044448 0.149038 0.024540 0.010444 
6454720 radixSortThrust 1 1734 55 1.226000 1.232000  0.000178 0.000130 0.000366 0.000955 0.000395 0.000204 
6454720 radixSortThrust 1 1734 55 1.226000 2.385000  0.000174 0.000125 0.000350 0.000797 0.000377 0.000200 
6454720 radixSortThrust 1 1734 55 1.226000 1.848000  0.000057 0.000031 0.000090 0.000245 0.000115 0.000056 
6454784 radixSortThrust 1 1734 55 1.226000 3.003000  0.000154 0.000119 0.000332 0.000762 0.000365 0.000193 
6454784 radixSortThrust 1 1734 55 1.226000 1.231000  0.000046 0.000030 0.000086 0.000200 0.000110 0.000054 
6454784 radixSortThrust 1 1734 55 1.226000 1.231000  0.000055 0.000030 0.000085 0.000218 0.000109 0.000053 
6454848 radixSortThrust 1 1734 55 1.226000 1.310000  0.000154 0.000112 0.000312 0.000662 0.000324 0.000175 
6454848 radixSortThrust 1 1734 55 1.226000 2.928000  0.000156 0.000117 0.000318 0.000671 0.000342 0.000179 
6454848 radixSortThrust 1 1734 55 1.226000 1.231000  0.000071 0.000032 0.000088 0.000331 0.000108 0.000052 
6454912 radixSortThrust 1 1734 55 1.226000 1.770000  0.000050 0.000028 0.000080 0.000208 0.000099 0.000049 
6454912 radixSortThrust 1 1734 55 1.226000 2.465000  0.000141 0.000108 0.000302 0.000736 0.000324 0.000168 
6454912 radixSortThrust 1 1734 55 1.226000 2.158000  0.000135 0.000107 0.000306 0.000724 0.000345 0.000175 
6454976 radixSortThrust 1 1734 55 1.226000 1.308000  0.000063 0.000027 0.000077 0.000260 0.000102 0.000050 
6454976 radixSortThrust 1 1734 55 1.226000 1.924000  0.000046 0.000027 0.000076 0.000196 0.000096 0.000049 
6454976 radixSortThrust 1 1734 55 1.226000 2.156000  0.000171 0.000109 0.000306 0.000790 0.000309 0.000161 
6455040 radixSortThrust 1 1734 55 1.226000 2.310000  0.000124 0.000107 0.000294 0.000651 0.000318 0.000166 
6455040 radixSortThrust 1 1734 55 1.226000 1.461000  0.000142 0.000104 0.000291 0.000700 0.000310 0.000162 
6455040 radixSortThrust 1 1734 55 1.226000 2.001000  0.000122 0.000100 0.000281 0.000662 0.000316 0.000160 
6455104 radixSortThrust 1 1734 55 1.226000 3.543000  0.000127 0.000095 0.000264 0.000546 0.000272 0.000146 
6455104 radixSortThrust 1 1734 55 1.226000 3.236000  0.000123 0.000097 0.000266 0.000588 0.000282 0.000149 
6455168 radixSortThrust 1 1734 55 1.226000 2.235000  0.000122 0.000098 0.000277 0.000615 0.000323 0.000164 
6455168 radixSortThrust 1 1734 55 1.226000 2.312000  0.000124 0.000101 0.000279 0.000598 0.000299 0.000155 
6455168 radixSortThrust 1 1734 55 1.226000 3.006000  0.000111 0.000096 0.000261 0.000518 0.000278 0.000147 
6455232 radixSortThrust 1 1734 55 1.226000 2.312000  0.000151 0.000092 0.000254 0.000599 0.000266 0.000141 
6455232 radixSortThrust 1 1734 54 1.226000 2.235000  0.000123 0.000098 0.000275 0.000600 0.000297 0.000153 
6455232 radixSortThrust 1 1734 54 1.226000 3.698000  0.000116 0.000095 0.000267 0.000575 0.000292 0.000149 
6455296 radixSortThrust 1 1734 54 1.226000 2.389000  0.000132 0.000099 0.000271 0.000590 0.000297 0.000151 
6455296 radixSortThrust 1 1734 54 1.226000 3.159000  0.000728 0.000541 0.001336 0.002511 0.001051 0.000503 
6455296 radixSortThrust 1 1734 54 1.226000 2.235000  0.000106 0.000092 0.000251 0.000500 0.000270 0.000141 
6455360 radixSortThrust 1 1734 54 1.226000 2.235000  0.000100 0.000090 0.000248 0.000483 0.000262 0.000139 
6455360 radixSortThrust 1 1734 54 1.226000 2.312000  0.000130 0.000094 0.000256 0.000585 0.000280 0.000145 
6455360 radixSortThrust 1 1734 54 1.226000 2.235000  0.000095 0.000083 0.000233 0.000456 0.000239 0.000129 
6455424 radixSortThrust 1 1734 54 1.226000 2.696000  0.000100 0.000087 0.000238 0.000473 0.000254 0.000134 
6455424 radixSortThrust 1 1734 54 1.226000 2.236000  0.000104 0.000087 0.000237 0.000486 0.000256 0.000133 
6455424 radixSortThrust 1 1734 54 1.226000 2.467000  0.000121 0.000091 0.000246 0.000546 0.000273 0.000140 
6455488 radixSortThrust 1 1734 54 1.226000 3.235000  0.000102 0.000086 0.000234 0.000470 0.000251 0.000132 
6455488 radixSortThrust 1 1734 54 1.226000 2.236000  0.000112 0.000081 0.000229 0.000547 0.000237 0.000126 
6455488 radixSortThrust 1 1734 54 1.226000 2.929000  0.000121 0.000089 0.000246 0.000558 0.000269 0.000138 
6455552 radixSortThrust 1 1734 54 1.226000 2.466000  0.000137 0.000084 0.000231 0.000605 0.000246 0.000130 
