#Timestamp	Benchmark	Run(#)	CPU Frequency (MHz)	CPU Temperature(C)	CPU Voltage(V)	CPU Power(W)	CPU_CYCLES	L1_DATA_CACHE_ACCESS	INSTRUCTIONS_RETIRED	BUS_CYCLES	L1I_CACHE_ACCESS	PREDICTABLE_BRANCH_SPECULATIVELY_EXECUTED
5889664 particles 1 1428 53 1.130000 1.541000  0.000027 0.000018 0.000050 0.000120 0.000054 0.000028 
5889728 particles 1 1428 52 1.130000 2.389000  0.000021 0.000022 0.000058 0.000110 0.000054 0.000030 
5889728 particles 1 1428 52 1.130000 1.850000  0.000025 0.000019 0.000052 0.000118 0.000059 0.000030 
5889728 particles 1 1428 52 1.130000 1.542000  0.000023 0.000019 0.000052 0.000114 0.000058 0.000030 
5889792 particles 1 1428 52 1.130000 1.465000  0.000021 0.000018 0.000049 0.000103 0.000052 0.000028 
5889792 particles 1 1428 52 1.130000 2.005000  0.000021 0.000018 0.000049 0.000098 0.000052 0.000027 
5889792 particles 1 1428 52 1.130000 1.233000  0.000022 0.000018 0.000049 0.000100 0.000052 0.000027 
5889856 particles 1 1428 52 1.130000 1.926000  -0.755471 0.240777 0.488713 -0.755372 0.267720 0.116133 
5889856 particles 1 1428 52 1.130000 3.082000  0.000021 0.000017 0.000047 0.000098 0.000049 0.000026 
5889856 particles 1 1428 52 1.130000 2.311000  0.000025 0.000018 0.000049 0.000106 0.000053 0.000068 
5889920 particles 1 1428 52 1.130000 2.389000  0.000025 0.000017 0.000047 0.000114 0.000050 0.000026 
5889920 particles 1 1428 52 1.130000 2.620000  0.000021 0.000018 0.000048 0.000102 0.000052 0.000027 
5889984 particles 1 1428 52 1.130000 2.159000  0.000020 0.000018 0.000048 0.000095 0.000051 0.000027 
5889984 particles 1 1428 52 1.130000 0.617000  0.000019 0.000017 0.000048 0.000092 0.000051 0.000027 
5889984 particles 1 1428 51 1.130000 2.312000  0.000021 0.000017 0.000048 0.000120 0.000055 0.000028 
5890048 particles 1 1428 52 1.130000 2.080000  0.000019 0.000016 0.000046 0.000088 0.000047 0.000025 
5890048 particles 1 1428 52 1.130000 1.927000  -0.482445 0.185911 0.391732 -0.482348 0.205863 0.085349 
5890048 particles 1 1428 51 1.130000 1.695000  0.000020 0.000016 0.000044 0.000092 0.000046 0.000024 
5890112 particles 1 1428 51 1.130000 1.618000  0.000019 0.000016 0.000043 0.000113 0.000056 0.000028 
5890112 particles 1 1428 52 1.130000 2.004000  0.000026 0.000018 0.000050 0.000122 0.000054 0.000028 
5890112 particles 1 1428 52 1.130000 1.387000  0.000021 0.000018 0.000049 0.000112 0.000053 0.000028 
5890176 particles 1 1428 51 1.130000 1.618000  0.000020 0.000017 0.000048 0.000105 0.000050 0.000027 
5890176 particles 1 1428 52 1.130000 1.694000  0.000030 0.000018 0.000050 0.000124 0.000051 0.000027 
5890176 particles 1 1428 52 1.130000 1.463000  0.000025 0.000018 0.000053 0.000144 0.000058 0.000029 
5890240 particles 1 1428 52 1.130000 2.543000  0.000020 0.000018 0.000051 0.000123 0.000056 0.000029 
5890240 particles 1 1428 52 1.130000 1.386000  0.000027 0.000018 0.000051 0.000129 0.000055 0.000028 
5890304 particles 1 1428 52 1.130000 2.001000  0.000150 0.000103 0.000283 0.000768 0.000330 0.000171 
5890304 particles 1 1428 52 1.130000 1.385000  0.000021 0.000017 0.000047 0.000115 0.000053 0.000027 
5890304 particles 1 1428 52 1.130000 1.541000  0.000025 0.000017 0.000048 0.000108 0.000051 0.000027 
5890368 particles 1 1428 52 1.130000 2.003000  0.000021 0.000028 0.000069 0.000192 0.000070 0.000043 
5890368 particles 1 1428 52 1.130000 2.310000  0.000005 0.000005 0.000013 0.000031 0.000016 0.000008 
5890432 particles 1 1428 52 1.130000 1.849000  0.000020 0.000016 0.000047 0.000103 0.000051 0.000026 
5890432 particles 1 1428 52 1.130000 1.694000  0.000027 0.000016 0.000045 0.000106 0.000046 0.000024 
5890432 particles 1 1428 52 1.130000 2.308000  0.000021 0.000018 0.000048 0.000109 0.000053 0.000027 
5890496 particles 1 1428 52 1.130000 2.005000  0.000019 0.000016 0.000044 0.000104 0.000047 0.000025 
5890496 particles 1 1428 52 1.130000 1.309000  0.000019 0.000016 0.000046 0.000097 0.000049 0.000025 
5890496 particles 1 1428 52 1.130000 1.464000  0.000025 0.000016 0.000045 0.000104 0.000046 0.000025 
5890560 particles 1 1428 52 1.130000 1.388000  0.000018 0.000016 0.000046 0.000108 0.000051 0.000026 
5890560 particles 1 1428 52 1.130000 1.540000  0.000025 0.000021 0.000059 0.000125 0.000062 0.000033 
5890560 particles 1 1428 52 1.130000 1.309000  0.000021 0.000017 0.000047 0.000108 0.000053 0.000027 
5890624 particles 1 1428 52 1.130000 2.465000  0.000020 0.000017 0.000046 0.000108 0.000050 0.000026 
5890624 particles 1 1428 52 1.130000 1.388000  0.000018 0.000016 0.000044 0.000101 0.000046 0.000025 
5890624 particles 1 1428 52 1.130000 1.695000  0.000035 0.000018 0.000050 0.000132 0.000054 0.000028 
5890688 particles 1 1428 52 1.130000 1.618000  0.000018 0.000015 0.000042 0.000082 0.000044 0.000024 
5890688 particles 1 1428 52 1.130000 1.693000  0.000023 0.000017 0.000046 0.000107 0.000050 0.000026 
5890752 particles 1 1428 52 1.130000 1.232000  0.000026 0.000016 0.000045 0.000112 0.000047 0.000025 
5890752 particles 1 1428 52 1.130000 1.770000  0.000019 0.000017 0.000046 0.000115 0.000051 0.000026 
5890752 particles 1 1428 52 1.130000 1.385000  0.000024 0.000016 0.000046 0.000118 0.000047 0.000025 
5890816 particles 1 1428 52 1.130000 1.616000  0.000019 0.000016 0.000044 0.000106 0.000050 0.000026 
5890816 particles 1 1428 52 1.130000 1.309000  0.000023 0.000015 0.000048 0.000149 0.000053 0.000026 
5890816 particles 1 1428 52 1.130000 1.617000  0.000020 0.000016 0.000044 0.000096 0.000050 0.000026 
5890880 particles 1 1428 52 1.130000 2.230000  0.000019 0.000016 0.000043 0.000088 0.000046 0.000024 
5890880 particles 1 1428 52 1.130000 1.618000  0.000024 0.000017 0.000045 0.000107 0.000051 0.000026 
5890880 particles 1 1428 52 1.130000 1.386000  0.000018 0.000016 0.000043 0.000086 0.000046 0.000024 
5890944 particles 1 1428 52 1.130000 1.693000  0.000026 0.000024 0.000059 0.000147 0.000070 0.000034 
5890944 particles 1 1428 52 1.130000 1.462000  0.000019 0.000016 0.000055 0.000110 0.000064 0.000031 
5890944 particles 1 1428 52 1.130000 1.309000  0.000019 0.000016 0.000042 0.000714 0.000373 0.000212 
5891008 particles 1 1428 52 1.130000 2.157000  0.000018 0.000015 0.000042 0.000083 0.000045 0.000024 
5891008 particles 1 1428 52 1.130000 1.770000  0.000019 0.000015 0.000041 0.000084 0.000043 0.000023 
5891072 particles 1 1428 52 1.130000 1.770000  0.000024 0.000016 0.000045 0.000106 0.000049 0.000025 
5891072 particles 1 1428 52 1.130000 1.693000  0.000018 0.000014 0.000040 0.000083 0.000042 0.000022 
5891072 particles 1 1428 52 1.130000 1.385000  0.000017 0.000015 0.000043 0.000089 0.000045 0.000024 
5891136 particles 1 1428 52 1.130000 1.463000  0.000023 0.000016 0.000044 0.000108 0.000048 0.000025 
5891136 particles 1 1428 52 1.130000 1.385000  0.000023 0.000016 0.000043 0.000101 0.000047 0.000024 
5891136 particles 1 1428 52 1.130000 1.849000  0.000023 0.000016 0.000044 0.000103 0.000047 0.000024 
5891200 particles 1 1428 52 1.130000 1.694000  0.000016 0.000014 0.000040 0.000079 0.000041 0.000022 
5891200 particles 1 1428 52 1.130000 2.000000  0.000030 0.000016 0.000046 0.000120 0.000049 0.000025 
5891200 particles 1 1428 52 1.130000 1.155000  0.000021 0.000015 0.000040 0.000098 0.000042 0.000023 
5891264 particles 1 1428 52 1.130000 1.541000  0.000018 0.000015 0.000041 0.000084 0.000044 0.000023 
5891264 particles 1 1428 52 1.130000 1.618000  0.000018 0.000015 0.000040 0.000100 0.000042 0.000022 
5891264 particles 1 1428 52 1.130000 1.927000  0.000019 0.000015 0.000042 0.000091 0.000047 0.000024 
5891328 particles 1 1428 52 1.130000 1.850000  0.000024 0.000016 0.000044 0.000114 0.000048 0.000025 
5891328 particles 1 1428 52 1.130000 1.695000  0.000017 0.000015 0.000052 0.000104 0.000061 0.000030 
5891392 particles 1 1428 52 1.130000 1.616000  0.000026 0.000015 0.000042 0.000097 0.000046 0.000023 
5891392 particles 1 1428 52 1.130000 1.693000  0.000022 0.000015 0.000041 0.000084 0.000043 0.000022 
5891392 particles 1 1428 52 1.130000 1.539000  0.000017 0.000015 0.000040 0.000083 0.000043 0.000022 
5891456 particles 1 1428 52 1.130000 1.847000  0.000022 0.000015 0.000041 0.000099 0.000043 0.000022 
5891456 particles 1 1428 52 1.130000 1.850000  0.000022 0.000015 0.000043 0.000105 0.000047 0.000024 
5891456 particles 1 1428 52 1.130000 1.232000  0.000015 0.000014 0.000041 0.000098 0.000043 0.000023 
5891520 particles 1 1428 52 1.130000 1.770000  0.000018 0.000015 0.000043 0.000101 0.000047 0.000024 
5891520 particles 1 1428 52 1.130000 2.001000  0.000154 0.000113 0.000311 0.000702 0.000346 0.000177 
5891520 particles 1 1428 52 1.130000 1.771000  0.000019 0.000016 0.000042 0.000127 0.000045 0.000023 
5891584 particles 1 1428 52 1.130000 2.772000  0.000033 0.000016 0.000043 0.000111 0.000046 0.000024 
5891584 particles 1 1428 52 1.130000 1.925000  0.000038 0.000016 0.000043 0.000105 0.000043 0.000022 
5891648 particles 1 1428 52 1.130000 1.924000  0.000019 0.000015 0.000040 0.000086 0.000045 0.000023 
5891648 particles 1 1428 52 1.130000 1.769000  0.000021 0.000014 0.000039 0.000081 0.000041 0.000021 
5891648 particles 1 1428 52 1.130000 1.309000  0.000018 0.000014 0.000040 0.000096 0.000044 0.000023 
5891712 particles 1 1428 52 1.130000 1.231000  0.000022 0.000015 0.000042 0.000111 0.000044 0.000023 
5891712 particles 1 1428 52 1.130000 1.695000  0.000029 0.000017 0.000047 0.000134 0.000051 0.000025 
5891712 particles 1 1428 52 1.130000 1.464000  0.000021 0.000015 0.000042 0.000111 0.000043 0.000022 
5891776 particles 1 1428 52 1.130000 1.311000  0.000022 0.000015 0.000041 0.000103 0.000045 0.000023 
5891776 particles 1 1428 52 1.130000 2.002000  0.000025 0.000015 0.000041 0.000104 0.000045 0.000023 
5891776 particles 1 1428 52 1.130000 1.232000  0.000019 0.000014 0.000040 0.000100 0.000045 0.000023 
5891840 particles 1 1428 52 1.130000 2.155000  0.000017 0.000014 0.000040 0.000089 0.000045 0.000023 
5891840 particles 1 1428 52 1.130000 1.233000  0.000017 0.000014 0.000038 0.000083 0.000044 0.000022 
5891840 particles 1 1428 52 1.130000 1.924000  0.000017 0.000014 0.000038 0.000084 0.000044 0.000023 
5891904 particles 1 1428 52 1.130000 1.847000  0.000020 0.000014 0.000039 0.000093 0.000040 0.000021 
5891904 particles 1 1428 52 1.130000 1.464000  0.000016 0.000014 0.000050 0.000103 0.000058 0.000028 
5891968 particles 1 1428 52 1.130000 1.849000  0.000026 0.000014 0.000039 0.000099 0.000040 0.000021 
5891968 particles 1 1428 52 1.130000 1.541000  0.000017 0.000015 0.000041 0.000100 0.000044 0.000023 
5891968 particles 1 1428 52 1.130000 1.387000  0.000026 0.000015 0.000040 0.000103 0.000041 0.000021 
5892032 particles 1 1428 52 1.130000 2.155000  0.014538 0.012748 0.037081 0.089437 0.040108 0.021141 
5892032 particles 1 1428 52 1.130000 2.696000  0.018521 0.006280 0.017910 0.059218 0.019278 0.009764 
5892032 particles 1 1428 52 1.130000 1.693000  0.005599 0.003671 0.009959 0.024462 0.011024 0.005571 
5892096 particles 1 1428 52 1.130000 2.156000  0.003926 0.002572 0.007401 0.018533 0.007779 0.004056 
5892096 particles 1 1428 52 1.130000 1.693000  0.002269 0.002031 0.005810 0.013041 0.005930 0.003171 
5892096 particles 1 1428 52 1.130000 1.309000  0.001629 0.001471 0.004245 0.009654 0.004555 0.002346 
5892160 particles 1 1428 52 1.130000 1.772000  0.001691 0.001473 0.004064 0.013865 0.004161 0.002114 
5892160 particles 1 1428 52 1.130000 1.926000  0.001277 0.000998 0.002803 0.006375 0.003148 0.001639 
5892224 particles 1 1428 52 1.130000 2.463000  0.001149 0.000897 0.002466 0.005171 0.002606 0.001430 
5892224 particles 1 1428 52 1.130000 1.924000  0.000999 0.000818 0.002360 0.006739 0.002670 0.001327 
5892224 particles 1 1428 52 1.130000 2.002000  0.000885 0.000668 0.001817 0.003900 0.002038 0.001047 
5892288 particles 1 1428 52 1.130000 1.541000  0.000695 0.000554 0.001593 0.003626 0.001760 0.000917 
5892288 particles 1 1428 52 1.130000 1.928000  0.000601 0.000544 0.001559 0.003780 0.001657 0.000865 
5892288 particles 1 1428 52 1.130000 2.001000  0.000555 0.000485 0.001409 0.002976 0.001451 0.000775 
5892352 particles 1 1428 52 1.130000 1.386000  0.000815 0.000514 0.001436 0.003593 0.001541 0.000795 
5892352 particles 1 1428 52 1.130000 1.234000  0.000679 0.000457 0.001283 0.003158 0.001314 0.000692 
5892352 particles 1 1428 52 1.130000 1.540000  0.000538 0.000429 0.001206 0.002803 0.001326 0.000670 
5892416 particles 1 1428 52 1.130000 2.156000  0.000724 0.000390 0.001080 0.002548 0.001101 0.000578 
5892416 particles 1 1428 52 1.130000 1.618000  0.000545 0.000373 0.001003 0.002357 0.001138 0.000575 
5892480 particles 1 1428 52 1.130000 1.541000  0.000500 0.000325 0.000879 0.002094 0.000950 0.000497 
5892480 particles 1 1428 52 1.130000 1.232000  0.000565 0.000331 0.000914 0.002336 0.000983 0.000499 
5892480 particles 1 1428 52 1.130000 2.311000  0.000392 0.000297 0.000806 0.001658 0.000865 0.000451 
5892544 particles 1 1428 52 1.130000 2.077000  0.000342 0.000275 0.000760 0.001673 0.000846 0.000433 
5892544 particles 1 1428 52 1.130000 2.003000  0.000313 0.000255 0.001038 0.002635 0.001049 0.000500 
5892544 particles 1 1428 52 1.130000 1.770000  0.000275 0.000222 0.000681 0.001912 0.000718 0.000366 
5892608 particles 1 1428 52 1.130000 1.617000  0.000345 0.000235 0.000650 0.001534 0.000728 0.000368 
5892608 particles 1 1428 52 1.130000 1.695000  0.000285 0.000202 0.000559 0.001244 0.000570 0.000306 
5892608 particles 1 1428 52 1.130000 1.772000  0.000256 0.000203 0.000558 0.001198 0.000592 0.000313 
5892672 particles 1 1428 52 1.130000 1.848000  0.000227 0.000190 0.000536 0.001106 0.000556 0.000297 
5892672 particles 1 1428 52 1.130000 1.540000  0.000231 0.000195 0.000533 0.001053 0.000565 0.000299 
5892672 particles 1 1428 52 1.130000 1.541000  0.000221 0.000185 0.000504 0.001015 0.000539 0.000283 
5892736 particles 1 1428 52 1.130000 1.770000  0.000261 0.000187 0.000520 0.001207 0.000580 0.000299 
5892736 particles 1 1428 52 1.130000 2.616000  0.000350 0.000201 0.000556 0.001567 0.000599 0.000304 
5892800 particles 1 1428 52 1.130000 1.695000  0.000243 0.000183 0.000512 0.001155 0.000575 0.000294 
5892800 particles 1 1428 52 1.130000 2.388000  0.000047 0.000039 0.000111 0.000246 0.000122 0.000063 
5892800 particles 1 1428 52 1.130000 1.847000  0.000047 0.000041 0.000113 0.000243 0.000120 0.000063 
5892864 particles 1 1428 52 1.130000 2.002000  0.000184 0.000145 0.000414 0.000938 0.000457 0.000235 
5892864 particles 1 1428 52 1.130000 1.386000  0.000153 0.000134 0.000374 0.000748 0.000383 0.000207 
5892864 particles 1 1428 52 1.130000 1.847000  0.000223 0.000144 0.000407 0.000992 0.000434 0.000227 
5892928 particles 1 1428 52 1.130000 1.850000  0.000148 0.000128 0.000359 0.000790 0.000375 0.000201 
5892928 particles 1 1428 52 1.130000 1.848000  0.000207 0.000138 0.000427 0.001257 0.000442 0.000225 
5892928 particles 1 1428 52 1.130000 1.771000  0.000155 0.000125 0.000351 0.000732 0.000357 0.000194 
5892992 particles 1 1428 52 1.130000 1.463000  0.000158 0.000136 0.000375 0.000896 0.000415 0.000218 
5892992 particles 1 1428 52 1.130000 1.616000  0.000146 0.000127 0.000362 0.000873 0.000397 0.000209 
5892992 particles 1 1428 52 1.130000 2.078000  0.000163 0.000135 0.000369 0.000849 0.000407 0.000210 
5893056 particles 1 1428 52 1.130000 2.233000  0.000311 0.000149 0.000416 0.001214 0.000434 0.000218 
5893056 particles 1 1428 52 1.130000 2.003000  0.000145 0.000125 0.000362 0.000849 0.000469 0.000231 
5893120 particles 1 1428 52 1.130000 2.310000  0.000147 0.000122 0.000335 0.000692 0.000358 0.000188 
5893120 particles 1 1428 52 1.130000 1.462000  0.000228 0.000131 0.000358 0.000918 0.000374 0.000193 
5893120 particles 1 1428 52 1.130000 2.079000  0.000142 0.000118 0.000325 0.000660 0.000352 0.000184 
5893184 particles 1 1428 52 1.130000 2.004000  0.000138 0.000111 0.000308 0.000642 0.000324 0.000172 
5893184 particles 1 1428 52 1.130000 2.078000  0.000141 0.000113 0.000314 0.000680 0.000352 0.000183 
5893184 particles 1 1428 52 1.130000 1.539000  0.000150 0.000108 0.000297 0.000668 0.000314 0.000168 
5893248 particles 1 1428 52 1.130000 1.541000  0.000265 0.000122 0.000339 0.000911 0.000363 0.000180 
5893248 particles 1 1428 52 1.130000 1.617000  0.000170 0.000113 0.000304 0.000696 0.000328 0.000168 
5893248 particles 1 1428 52 1.130000 1.155000  0.000124 0.000103 0.000365 0.000737 0.000422 0.000208 
5893312 particles 1 1428 52 1.130000 1.927000  0.000124 0.000104 0.000284 0.000768 0.000305 0.000158 
5893312 particles 1 1428 52 1.130000 1.387000  0.000182 0.000105 0.000299 0.000803 0.000323 0.000164 
5893312 particles 1 1428 52 1.130000 1.155000  0.000164 0.000105 0.000286 0.000741 0.000304 0.000156 
5893376 particles 1 1428 52 1.130000 1.617000  0.000115 0.000092 0.000254 0.000567 0.000273 0.000144 
5893376 particles 1 1428 52 1.130000 1.924000  0.000163 0.000105 0.000299 0.000794 0.000325 0.000163 
5893440 particles 1 1428 52 1.130000 1.849000  0.000148 0.000093 0.000265 0.000621 0.000275 0.000146 
5893440 particles 1 1428 52 1.130000 1.695000  0.000117 0.000091 0.000257 0.000606 0.000285 0.000148 
5893440 particles 1 1428 52 1.130000 1.232000  0.000152 0.000101 0.000289 0.000776 0.000319 0.000160 
5893504 particles 1 1428 52 1.130000 1.848000  -0.404959 -0.438105 0.218850 -0.404891 -0.365249 0.296516 
5893504 particles 1 1428 52 1.130000 1.309000  0.000016 0.000014 0.000039 0.000081 0.000043 0.000022 
5893504 particles 1 1428 52 1.130000 1.541000  0.000018 0.000014 0.000038 0.000079 0.000039 0.000021 
5893568 particles 1 1428 52 1.130000 1.388000  0.000802 0.000593 0.001584 0.004368 0.001780 0.000931 
5893568 particles 1 1428 52 1.130000 2.156000  0.000105 0.000089 0.000319 0.000701 0.000372 0.000181 
5893632 particles 1 1428 52 1.130000 1.693000  0.000098 0.000082 0.000229 0.000454 0.000236 0.000127 
5893632 particles 1 1428 52 1.130000 1.772000  0.000165 0.000094 0.000255 0.000834 0.000322 0.000157 
5893632 particles 1 1428 52 1.130000 1.461000  0.000103 0.000079 0.000224 0.000534 0.000242 0.000127 
5893696 particles 1 1428 52 1.130000 1.310000  0.000157 0.000086 0.000242 0.000594 0.000271 0.000138 
5893696 particles 1 1428 52 1.130000 1.770000  0.000093 0.000087 0.000235 0.000572 0.000253 0.000130 
5893696 particles 1 1428 52 1.130000 1.924000  0.000099 0.000081 0.000221 0.000456 0.000238 0.000124 
5893760 particles 1 1428 52 1.130000 2.080000  0.000113 0.000083 0.000250 0.000727 0.000300 0.000145 
5893760 particles 1 1428 52 1.130000 1.847000  0.000128 0.000081 0.000226 0.000528 0.000252 0.000128 
5893760 particles 1 1428 52 1.130000 1.309000  0.000116 0.000080 0.000221 0.000527 0.000236 0.000122 
5893824 particles 1 1428 52 1.130000 1.770000  0.000085 0.000074 0.000207 0.000465 0.000216 0.000115 
5893824 particles 1 1428 52 1.130000 1.772000  0.000283 0.000093 0.000241 0.000660 0.000245 0.000123 
5893824 particles 1 1428 52 1.130000 1.770000  0.000082 0.000069 0.000190 0.000378 0.000198 0.000110 
5893888 particles 1 1428 52 1.130000 1.925000  0.000203 0.000138 0.000371 0.000790 0.000356 0.000188 
5893888 particles 1 1428 52 1.130000 1.541000  0.000101 0.000072 0.000198 0.000578 0.000303 0.000141 
5893952 particles 1 1428 52 1.130000 2.003000  0.000116 0.000070 0.000199 0.000476 0.000228 0.000120 
5893952 particles 1 1428 52 1.130000 2.616000  0.003400 0.002520 0.007388 0.020844 0.008366 0.004121 
5893952 particles 1 1428 52 1.130000 1.232000  0.000080 0.000066 0.000180 0.000375 0.000196 0.000102 
5894016 particles 1 1428 52 1.130000 1.387000  0.000115 0.000075 0.000200 0.000510 0.000220 0.000110 
5894016 particles 1 1428 52 1.130000 1.308000  0.000074 0.000064 0.000180 0.000413 0.000190 0.000100 
5894016 particles 1 1428 52 1.130000 1.695000  0.000080 0.000065 0.000183 0.000431 0.000206 0.000106 
5894080 particles 1 1428 52 1.130000 2.002000  0.000086 0.000068 0.000189 0.000448 0.000211 0.000107 
5894080 particles 1 1428 52 1.130000 1.541000  0.000140 0.000083 0.000213 0.000598 0.000221 0.000111 
5894080 particles 1 1428 51 1.130000 2.003000  0.000095 0.000064 0.000207 0.000673 0.000229 0.000113 
5894144 particles 1 1428 51 1.130000 1.925000  0.000072 0.000059 0.000165 0.000340 0.000173 0.000092 
5894144 particles 1 1428 52 1.130000 1.770000  0.000073 0.000077 0.000199 0.000711 0.000233 0.000114 
5894208 particles 1 1428 52 1.130000 1.848000  0.000074 0.000062 0.000171 0.000366 0.000192 0.000100 
5894208 particles 1 1428 51 1.130000 1.309000  0.000123 0.000069 0.000195 0.000584 0.000223 0.000110 
5894208 particles 1 1428 52 1.130000 2.079000  0.000105 0.000067 0.000182 0.000433 0.000202 0.000102 
5894272 particles 1 1428 52 1.130000 1.770000  0.000097 0.000065 0.000174 0.000377 0.000185 0.000095 
5894272 particles 1 1428 52 1.130000 2.078000  0.000081 0.000059 0.000171 0.000486 0.000212 0.000111 
5894272 particles 1 1428 52 1.130000 1.773000  0.000146 0.000070 0.000182 0.000488 0.000179 0.000092 
5894336 particles 1 1428 52 1.130000 1.695000  0.000476 0.000358 0.001005 0.002822 0.001151 0.000590 
5894336 particles 1 1428 52 1.130000 1.771000  0.000095 0.000059 0.000161 0.000360 0.000170 0.000089 
5894400 particles 1 1428 52 1.130000 1.462000  0.000075 0.000062 0.000186 0.000585 0.000239 0.000110 
5894400 particles 1 1428 52 1.130000 2.310000  0.000072 0.000058 0.000161 0.000360 0.000176 0.000091 
5894400 particles 1 1428 52 1.130000 1.770000  0.000076 0.000053 0.000147 0.000381 0.000157 0.000083 
5894464 particles 1 1428 52 1.130000 1.924000  0.000092 0.000056 0.000157 0.000370 0.000176 0.000090 
5894464 particles 1 1428 52 1.130000 1.542000  0.000061 0.000051 0.000143 0.000286 0.000148 0.000079 
5894464 particles 1 1428 52 1.130000 1.847000  0.000071 0.000058 0.000159 0.000390 0.000177 0.000096 
5894528 particles 1 1428 52 1.130000 1.847000  0.000099 0.000057 0.000153 0.000380 0.000158 0.000082 
5894528 particles 1 1428 52 1.130000 1.616000  0.000081 0.000057 0.000158 0.000353 0.000171 0.000087 
5894528 particles 1 1428 52 1.130000 1.540000  0.000091 0.000058 0.000156 0.000407 0.000166 0.000085 
5894592 particles 1 1428 52 1.130000 2.080000  0.000089 0.000053 0.000149 0.000383 0.000163 0.000084 
5894592 particles 1 1428 52 1.130000 2.463000  0.000058 0.000051 0.000140 0.000302 0.000161 0.000086 
5894592 particles 1 1428 52 1.130000 1.155000  0.000124 0.000061 0.000160 0.000444 0.000158 0.000081 
5894656 particles 1 1428 52 1.130000 1.463000  0.000062 0.000063 0.000164 0.000461 0.000166 0.000084 
5894656 particles 1 1428 52 1.130000 1.617000  0.000068 0.000051 0.000139 0.000288 0.000147 0.000077 
5894720 particles 1 1428 52 1.130000 1.385000  0.000058 0.000050 0.000136 0.000273 0.000145 0.000076 
5894720 particles 1 1428 52 1.130000 2.230000  0.000058 0.000046 0.000132 0.000313 0.000141 0.000075 
5894720 particles 1 1428 52 1.130000 1.847000  0.000102 0.000056 0.000159 0.000476 0.000172 0.000086 
5894784 particles 1 1428 52 1.130000 1.694000  0.963919 0.175868 0.376687 0.964559 0.223850 0.094205 
5894784 particles 1 1428 52 1.130000 1.925000  0.000102 0.000086 0.000231 0.000464 0.000245 0.000129 
5894784 particles 1 1428 52 1.130000 2.005000  0.000102 0.000085 0.000231 0.000477 0.000252 0.000131 
5894848 particles 1 1428 52 1.130000 1.387000  0.000056 0.000049 0.000135 0.000278 0.000145 0.000076 
5894848 particles 1 1428 52 1.130000 2.310000  0.000075 0.000049 0.000135 0.000317 0.000146 0.000076 
5894848 particles 1 1428 52 1.130000 1.848000  0.000069 0.000051 0.000140 0.000345 0.000148 0.000076 
5894912 particles 1 1428 52 1.130000 2.000000  0.000057 0.000047 0.000131 0.000279 0.000147 0.000076 
5894912 particles 1 1428 52 1.130000 1.693000  0.000055 0.000044 0.000125 0.000270 0.000126 0.000079 
5894912 particles 1 1428 52 1.130000 2.154000  0.000085 0.000051 0.000149 0.000474 0.000156 0.000079 
5894976 particles 1 1428 52 1.130000 2.078000  0.000097 0.000067 0.000185 0.000390 0.000193 0.000103 
5894976 particles 1 1428 52 1.130000 1.849000  0.000063 0.000047 0.000133 0.000341 0.000145 0.000074 
5895040 particles 1 1428 51 1.130000 1.309000  0.000064 0.000045 0.000124 0.000280 0.000137 0.000072 
5895040 particles 1 1428 51 1.130000 1.692000  0.000057 0.000044 0.000125 0.000278 0.000144 0.000072 
5895040 particles 1 1428 51 1.130000 1.925000  0.000202 0.000070 0.000171 0.000415 0.000168 0.000082 
5895104 particles 1 1428 52 1.130000 1.464000  0.000053 0.000042 0.000115 0.000238 0.000122 0.000065 
5895104 particles 1 1428 52 1.130000 2.079000  0.000064 0.000045 0.000123 0.000288 0.000133 0.000071 
5895104 particles 1 1428 52 1.130000 1.387000  0.000049 0.000041 0.000113 0.000255 0.000117 0.000064 
5895168 particles 1 1428 52 1.130000 1.309000  0.000077 0.000044 0.000125 0.000436 0.000149 0.000075 
5895168 particles 1 1428 52 1.130000 1.539000  0.000169 0.000067 0.000162 0.000474 0.000182 0.000099 
5895168 particles 1 1428 52 1.130000 1.771000  0.000065 0.000046 0.000166 0.000443 0.000163 0.000091 
5895232 particles 1 1428 51 1.130000 1.541000  0.000066 0.000046 0.000124 0.000322 0.000136 0.000070 
5895232 particles 1 1428 52 1.130000 2.000000  0.000083 0.000043 0.000119 0.000288 0.000126 0.000066 
5895232 particles 1 1428 52 1.130000 1.926000  0.000088 0.000048 0.000125 0.000268 0.000136 0.000068 
5895296 particles 1 1428 52 1.130000 2.079000  0.000069 0.000056 0.000156 0.000322 0.000163 0.000087 
5895296 particles 1 1428 52 1.130000 1.926000  0.000076 0.000059 0.000162 0.000339 0.000172 0.000091 
5895360 particles 1 1428 52 1.130000 1.541000  0.000065 0.000041 0.000115 0.000296 0.000118 0.000062 
5895360 particles 1 1428 52 1.130000 1.924000  0.000051 0.000041 0.000114 0.000278 0.000128 0.000065 
5895360 particles 1 1428 52 1.130000 1.541000  0.000067 0.000042 0.000113 0.000278 0.000125 0.000063 
5895424 particles 1 1428 52 1.130000 1.616000  0.000079 0.000043 0.000116 0.000288 0.000130 0.000066 
5895424 particles 1 1428 52 1.130000 2.233000  0.000049 0.000039 0.000109 0.000236 0.000119 0.000061 
5895424 particles 1 1428 52 1.130000 1.618000  0.000059 0.000039 0.000105 0.000230 0.000110 0.000057 
5895488 particles 1 1428 52 1.130000 1.618000  0.000075 0.000043 0.000113 0.000276 0.000120 0.000062 
5895488 particles 1 1428 52 1.130000 1.693000  0.000047 0.000036 0.000102 0.000217 0.000106 0.000056 
5895488 particles 1 1428 52 1.130000 1.541000  0.000057 0.000046 0.000118 0.000313 0.000129 0.000063 
5895552 particles 1 1428 52 1.130000 1.617000  0.000044 0.000037 0.000102 0.000233 0.000106 0.000056 
5895552 particles 1 1428 52 1.130000 2.003000  0.000051 0.000039 0.000110 0.000275 0.000122 0.000061 
5895552 particles 1 1428 52 1.130000 1.616000  0.000050 0.000039 0.000108 0.000241 0.000120 0.000061 
5895616 particles 1 1428 52 1.130000 1.616000  0.000044 0.000036 0.000106 0.000237 0.000115 0.000060 
5895616 particles 1 1428 52 1.130000 2.311000  0.000047 0.000037 0.000109 0.000267 0.000119 0.000061 
5895680 particles 1 1428 52 1.130000 1.847000  0.000038 0.000034 0.000096 0.000186 0.000097 0.000053 
5895680 particles 1 1428 52 1.130000 1.233000  0.000042 0.000036 0.000099 0.000200 0.000129 0.000065 
5895680 particles 1 1428 52 1.130000 1.924000  0.000163 0.000046 0.000118 0.000393 0.000120 0.000060 
5895744 particles 1 1428 52 1.130000 1.924000  0.000044 0.000036 0.000100 0.000218 0.000105 0.000056 
5895744 particles 1 1428 52 1.130000 1.464000  0.000051 0.000038 0.000105 0.000252 0.000111 0.000057 
5895744 particles 1 1428 52 1.130000 1.387000  0.000043 0.000036 0.000102 0.000226 0.000115 0.000059 
5895808 particles 1 1428 52 1.130000 2.155000  0.000046 0.000035 0.000097 0.000211 0.000102 0.000054 
5895808 particles 1 1428 52 1.130000 1.848000  0.000054 0.000037 0.000102 0.000235 0.000106 0.000055 
5895808 particles 1 1428 52 1.130000 2.311000  0.000064 0.000038 0.000103 0.000248 0.000115 0.000058 
5895872 particles 1 1428 52 1.130000 2.155000  0.000038 0.000033 0.000092 0.000183 0.000094 0.000051 
5895872 particles 1 1428 52 1.130000 1.232000  0.000356 0.000227 0.000617 0.001826 0.000680 0.000352 
5895936 particles 1 1428 52 1.130000 1.464000  0.000070 0.000037 0.000102 0.000243 0.000117 0.000059 
5895936 particles 1 1428 52 1.130000 2.002000  0.000106 0.000041 0.000108 0.000289 0.000119 0.000059 
5895936 particles 1 1428 51 1.130000 2.385000  0.000048 0.000035 0.000097 0.000225 0.000112 0.000056 
5896000 particles 1 1428 51 1.130000 1.464000  0.000038 0.000032 0.000089 0.000182 0.000092 0.000049 
5896000 particles 1 1428 51 1.130000 1.694000  0.000039 0.000033 0.000093 0.000194 0.000098 0.000052 
5896000 particles 1 1428 52 1.130000 2.157000  0.000039 0.000032 0.000087 0.000181 0.000091 0.000048 
5896064 particles 1 1428 52 1.130000 2.078000  0.000051 0.000036 0.000097 0.000268 0.000108 0.000056 
5896064 particles 1 1428 52 1.130000 1.463000  0.000061 0.000035 0.000098 0.000266 0.000100 0.000051 
5896064 particles 1 1428 52 1.130000 1.771000  0.000054 0.000035 0.000093 0.000212 0.000100 0.000052 
5896128 particles 1 1428 52 1.130000 1.540000  0.000049 0.000034 0.000095 0.000243 0.000101 0.000052 
5896128 particles 1 1428 52 1.130000 1.616000  0.000061 0.000035 0.000098 0.000240 0.000102 0.000052 
5896128 particles 1 1428 52 1.130000 1.618000  0.000039 0.000032 0.000087 0.000211 0.000090 0.000048 
5896192 particles 1 1428 52 1.130000 1.771000  0.000037 0.000032 0.000095 0.000239 0.000099 0.000051 
5896192 particles 1 1428 52 1.130000 1.618000  0.000052 0.000035 0.000100 0.000286 0.000113 0.000057 
5896256 particles 1 1428 52 1.130000 1.539000  0.000043 0.000035 0.000093 0.000223 0.000098 0.000051 
5896256 particles 1 1428 52 1.130000 2.233000  0.000045 0.000034 0.000094 0.000526 0.000165 0.000078 
5896256 particles 1 1428 52 1.130000 1.771000  0.000067 0.000037 0.000100 0.000276 0.000109 0.000054 
5896320 particles 1 1428 52 1.130000 1.540000  0.000054 0.000034 0.000101 0.000296 0.000111 0.000055 
5896320 particles 1 1428 52 1.130000 1.849000  0.000035 0.000030 0.000083 0.000163 0.000085 0.000046 
5896320 particles 1 1428 52 1.130000 1.311000  0.000041 0.000033 0.000092 0.000201 0.000098 0.000050 
5896384 particles 1 1428 52 1.130000 1.616000  0.000050 0.000031 0.000087 0.000209 0.000088 0.000046 
5896384 particles 1 1428 51 1.130000 1.617000  0.000043 0.000032 0.000091 0.000219 0.000101 0.000052 
5896384 particles 1 1428 51 1.130000 1.770000  0.000035 0.000029 0.000081 0.000170 0.000083 0.000045 
5896448 particles 1 1428 52 1.130000 1.849000  0.000036 0.000031 0.000085 0.000184 0.000091 0.000049 
5896448 particles 1 1428 52 1.130000 1.311000  0.000059 0.000032 0.000091 0.000227 0.000099 0.000051 
5896448 particles 1 1428 52 1.130000 2.001000  0.000044 0.000033 0.000089 0.000214 0.000098 0.000050 
5896512 particles 1 1428 52 1.130000 2.234000  0.000054 0.000032 0.000088 0.000216 0.000097 0.000049 
5896512 particles 1 1428 52 1.130000 2.157000  0.000037 0.000030 0.000086 0.000191 0.000096 0.000049 
5896576 particles 1 1428 52 1.130000 2.079000  0.000038 0.000030 0.000082 0.000197 0.000093 0.000048 
5896576 particles 1 1428 52 1.130000 1.694000  0.000033 0.000028 0.000077 0.000153 0.000080 0.000043 
5896576 particles 1 1428 51 1.130000 1.927000  0.000046 0.000032 0.000085 0.000198 0.000095 0.000048 
5896640 particles 1 1428 51 1.130000 1.387000  0.000032 0.000027 0.000076 0.000149 0.000080 0.000043 
5896640 particles 1 1428 52 1.130000 1.695000  0.000056 0.000031 0.000084 0.000205 0.000094 0.000048 
5896640 particles 1 1428 52 1.130000 1.847000  0.000054 0.000031 0.000084 0.000208 0.000092 0.000048 
5896704 particles 1 1428 52 1.130000 1.232000  0.000040 0.000029 0.000082 0.000200 0.000094 0.000047 
5896704 particles 1 1428 52 1.130000 2.311000  0.000040 0.000030 0.000084 0.000212 0.000095 0.000047 
5896704 particles 1 1428 52 1.130000 1.924000  0.000148 0.000037 0.000094 0.000294 0.000103 0.000050 
5896768 particles 1 1428 52 1.130000 1.924000  0.000053 0.000032 0.000086 0.000229 0.000090 0.000046 
5896768 particles 1 1428 52 1.130000 2.159000  0.000031 0.000026 0.000073 0.000174 0.000080 0.000042 
5896768 particles 1 1428 52 1.130000 1.616000  0.000036 0.000028 0.000076 0.000172 0.000083 0.000044 
5896832 particles 1 1428 52 1.130000 1.849000  0.000034 0.000027 0.000075 0.000180 0.000078 0.000041 
5896832 particles 1 1428 52 1.130000 1.925000  0.000036 0.000028 0.000076 0.000156 0.000085 0.000044 
5896896 particles 1 1428 52 1.130000 1.232000  0.000041 0.000029 0.000080 0.000194 0.000081 0.000043 
5896896 particles 1 1428 52 1.130000 2.233000  0.000037 0.000029 0.000079 0.000179 0.000090 0.000046 
5896896 particles 1 1428 52 1.130000 2.154000  0.000040 0.000029 0.000080 0.000174 0.000084 0.000043 
5896960 particles 1 1428 52 1.130000 1.464000  0.000075 0.000037 0.000099 0.000237 0.000096 0.000048 
5896960 particles 1 1428 52 1.130000 1.388000  0.000032 0.000028 0.000077 0.000174 0.000082 0.000043 
5896960 particles 1 1428 52 1.130000 1.847000  -0.186581 0.296519 0.636578 -0.186448 0.383339 0.160094 
5897024 particles 1 1428 52 1.130000 1.695000  0.000034 0.000026 0.000072 0.000156 0.000080 0.000041 
5897024 particles 1 1428 52 1.130000 1.388000  0.000051 0.000028 0.000076 0.000193 0.000080 0.000041 
5897024 particles 1 1428 52 1.130000 2.231000  0.000036 0.000028 0.000081 0.000234 0.000091 0.000046 
5897088 particles 1 1428 52 1.130000 1.309000  0.000037 0.000026 0.000071 0.000162 0.000075 0.000040 
5897088 particles 1 1428 52 1.130000 2.156000  0.000034 0.000027 0.000076 0.000169 0.000085 0.000044 
5897088 particles 1 1428 52 1.130000 2.616000  0.000037 0.000028 0.000076 0.000194 0.000089 0.000044 
5897152 particles 1 1428 52 1.130000 1.541000  0.000033 0.000053 0.000123 0.000324 0.000121 0.000057 
5897152 particles 1 1428 52 1.130000 1.850000  0.000031 0.000026 0.000091 0.000244 0.000116 0.000061 
5897216 particles 1 1428 52 1.130000 1.695000  0.000028 0.000024 0.000068 0.000135 0.000069 0.000038 
5897216 particles 1 1428 52 1.130000 1.849000  0.000030 0.000039 0.000094 0.000204 0.000106 0.000052 
5897216 particles 1 1428 52 1.130000 1.849000  0.000030 0.000025 0.000070 0.000149 0.000075 0.000040 
5897280 particles 1 1428 52 1.130000 1.616000  0.000028 0.000026 0.000072 0.000162 0.000075 0.000039 
5897280 particles 1 1428 52 1.130000 2.003000  0.000033 0.000025 0.000071 0.000159 0.000081 0.000041 
5897280 particles 1 1428 52 1.130000 1.924000  0.000030 0.000025 0.000071 0.000185 0.000083 0.000042 
5897344 particles 1 1428 52 1.130000 2.156000  0.000029 0.000025 0.000090 0.000196 0.000091 0.000051 
5897344 particles 1 1428 52 1.130000 1.540000  0.000030 0.000025 0.000358 0.000678 0.000218 0.000109 
5897344 particles 1 1428 52 1.130000 1.771000  0.000038 0.000027 0.000073 0.000193 0.000078 0.000040 
5897408 particles 1 1428 52 1.130000 1.924000  0.000031 0.000023 0.000065 0.000145 0.000068 0.000037 
5897408 particles 1 1428 52 1.130000 2.154000  0.000036 0.000026 0.000072 0.000162 0.000079 0.000040 
5897408 particles 1 1428 52 1.130000 1.925000  0.000029 0.000024 0.000066 0.000134 0.000068 0.000036 
5897472 particles 1 1428 52 1.130000 1.772000  0.000035 0.000026 0.000071 0.000165 0.000077 0.000039 
5897472 particles 1 1428 52 1.130000 1.926000  0.000028 0.000064 0.000151 0.000409 0.000130 0.000060 
5897536 particles 1 1428 52 1.130000 1.463000  0.000030 0.000025 0.000069 0.000154 0.000078 0.000040 
5897536 particles 1 1428 52 1.130000 2.157000  0.000081 0.000029 0.000075 0.000204 0.000082 0.000041 
5897536 particles 1 1428 52 1.130000 2.000000  0.000050 0.000029 0.000077 0.000206 0.000081 0.000041 
5897600 particles 1 1428 52 1.130000 2.464000  0.000030 0.000024 0.000068 0.000155 0.000075 0.000039 
5897600 particles 1 1428 52 1.130000 1.464000  0.000046 0.000024 0.000201 0.000760 0.000168 0.000073 
5897600 particles 1 1428 52 1.130000 1.772000  0.000026 0.000024 0.000068 0.000167 0.000075 0.000039 
5897664 particles 1 1428 52 1.130000 1.310000  0.000043 0.000025 0.000069 0.000192 0.000072 0.000037 
5897664 particles 1 1428 52 1.130000 1.847000  0.000030 0.000024 0.000067 0.000154 0.000076 0.000039 
5897664 particles 1 1428 52 1.130000 1.540000  0.000029 0.000024 0.000065 0.000148 0.000085 0.000041 
5897728 particles 1 1428 52 1.130000 1.849000  0.000033 0.000024 0.000066 0.000155 0.000075 0.000039 
5897728 particles 1 1428 52 1.130000 2.079000  0.000040 0.000025 0.000070 0.000173 0.000077 0.000039 
5897792 particles 1 1428 52 1.130000 1.617000  0.000046 0.000024 0.000064 0.000141 0.000065 0.000035 
5897792 particles 1 1428 52 1.130000 2.000000  0.000058 0.000028 0.000076 0.000217 0.000082 0.000041 
5897792 particles 1 1428 52 1.130000 1.619000  0.000033 0.000022 0.000062 0.000156 0.000066 0.000035 
5897856 particles 1 1428 52 1.130000 1.540000  0.000204 0.000141 0.000385 0.001040 0.000445 0.000229 
5897856 particles 1 1428 52 1.130000 2.156000  0.000107 0.128646 0.273401 0.720988 0.164463 0.068330 
5897856 particles 1 1428 52 1.130000 2.231000  0.000027 0.000021 0.000753 0.000656 0.000329 0.000185 
5897920 particles 1 1428 52 1.130000 1.232000  0.000026 0.000023 0.000062 0.000123 0.000066 0.000035 
5897920 particles 1 1428 51 1.130000 1.156000  0.000025 0.000021 0.000064 0.000139 0.000065 0.000034 
5897984 particles 1 1428 51 1.130000 1.694000  0.000026 0.000022 0.000061 0.000122 0.000065 0.000034 
5897984 particles 1 1428 52 1.130000 1.924000  0.005854 0.001484 0.003238 0.005954 0.001690 0.000782 
5897984 particles 1 1428 52 1.130000 1.462000  0.000035 0.000023 0.000067 0.000170 0.000072 0.000037 
5898048 particles 1 1428 52 1.130000 2.001000  0.000034 0.000023 0.000063 0.000140 0.000066 0.000035 
5898048 particles 1 1428 52 1.130000 1.848000  0.000026 0.000022 0.000078 0.000169 0.000091 0.000045 
5898048 particles 1 1428 52 1.130000 1.771000  0.000026 0.000022 0.000061 0.000130 0.000065 0.000034 
5898112 particles 1 1428 52 1.130000 1.232000  0.000034 0.000512 0.001193 0.001048 0.000495 0.000282 
5898112 particles 1 1428 52 1.130000 2.078000  0.000030 0.000021 0.000062 0.000160 0.000071 0.000036 
5898112 particles 1 1428 51 1.130000 1.232000  0.000041 0.000122 0.000265 0.000619 0.000170 0.000071 
5898176 particles 1 1428 51 1.130000 1.463000  0.000025 0.000022 0.000059 0.000116 0.000063 0.000033 
5898176 particles 1 1428 51 1.130000 1.773000  0.000030 0.000023 0.000062 0.000152 0.000068 0.000035 
5898240 particles 1 1428 51 1.130000 2.155000  0.000023 0.000020 0.000056 0.000166 0.000064 0.000033 
5898240 particles 1 1428 51 1.130000 1.695000  0.275755 0.049902 0.105848 0.275838 0.063554 0.026652 
5898240 particles 1 1428 51 1.130000 1.387000  0.000023 0.000018 0.000049 0.000099 0.000051 0.000027 
5898304 particles 1 1428 51 1.130000 2.002000  0.000048 0.000025 0.000069 0.000203 0.000075 0.000038 
5898304 particles 1 1428 51 1.130000 1.308000  0.000026 0.000019 0.000053 0.000112 0.000056 0.000030 
5898304 particles 1 1428 51 1.130000 2.153000  0.000024 0.000020 0.000055 0.000111 0.000059 0.000031 
5898368 particles 1 1428 52 1.130000 1.310000  0.000029 0.000022 0.000060 0.000136 0.000067 0.000034 
5898368 particles 1 1428 52 1.130000 1.463000  0.000031 0.000022 0.000060 0.000143 0.000065 0.000033 
5898368 particles 1 1428 52 1.130000 1.464000  0.000026 0.000021 0.000059 0.000160 0.000064 0.000032 
5898432 particles 1 1428 52 1.130000 1.385000  0.000032 0.000022 0.000059 0.000131 0.000062 0.000032 
5898432 particles 1 1428 51 1.130000 1.155000  0.000025 0.000020 0.000057 0.000128 0.000061 0.000034 
5898496 particles 1 1428 51 1.130000 1.694000  0.000034 0.000020 0.000055 0.000120 0.000056 0.000030 
5898496 particles 1 1428 51 1.130000 1.540000  0.000027 0.000021 0.000058 0.000137 0.000064 0.000034 
5898496 particles 1 1428 52 1.130000 1.772000  0.000027 0.000019 0.000055 0.000137 0.000057 0.000030 
5898560 particles 1 1428 52 1.130000 1.771000  0.000025 0.000021 0.000059 0.000142 0.000065 0.000033 
5898560 particles 1 1428 52 1.130000 1.693000  0.000030 0.000021 0.000058 0.000131 0.000060 0.000032 
5898560 particles 1 1428 52 1.130000 2.077000  0.000023 0.000020 0.000055 0.000110 0.000059 0.000031 
5898624 particles 1 1428 51 1.130000 2.156000  0.000037 0.000022 0.000060 0.000148 0.000064 0.000033 
5898624 particles 1 1428 52 1.130000 1.693000  0.000033 0.000021 0.000056 0.000128 0.000062 0.000033 
5898624 particles 1 1428 52 1.130000 2.077000  0.000022 0.000021 0.000057 0.000196 0.000069 0.000034 
5898688 particles 1 1428 52 1.130000 1.539000  0.000030 0.000021 0.000056 0.000144 0.000057 0.000030 
5898688 particles 1 1428 52 1.130000 2.003000  0.000030 0.000022 0.000058 0.000133 0.000067 0.000033 
5898688 particles 1 1428 51 1.130000 1.465000  0.000041 0.000034 0.000095 0.000193 0.000099 0.000053 
5898752 particles 1 1428 51 1.130000 1.540000  0.000040 0.000020 0.000056 0.000143 0.000062 0.000032 
5898752 particles 1 1428 51 1.130000 1.232000  0.000037 0.000020 0.000056 0.000148 0.000058 0.000031 
5898752 particles 1 1428 51 1.130000 1.847000  0.000032 0.000021 0.000057 0.000128 0.000060 0.000031 
5898816 particles 1 1428 52 1.130000 1.387000  0.000034 0.000020 0.000056 0.000129 0.000059 0.000031 
5898816 particles 1 1428 52 1.130000 2.157000  0.000022 0.000019 0.000054 0.000127 0.000059 0.000031 
5898880 particles 1 1428 52 1.130000 2.310000  0.000023 0.000019 0.000053 0.000108 0.000057 0.000030 
5898880 particles 1 1428 51 1.130000 1.848000  0.109728 0.020239 0.042800 0.109964 0.025034 0.010623 
5898880 particles 1 1428 51 1.130000 1.464000  0.000021 0.000018 0.000064 0.000126 0.000074 0.000036 
5898944 particles 1 1428 51 1.130000 1.232000  0.000023 0.000019 0.000052 0.000133 0.000056 0.000029 
5898944 particles 1 1428 51 1.130000 1.618000  0.000038 0.000021 0.000059 0.000157 0.000062 0.000032 
5898944 particles 1 1428 51 1.130000 2.232000  0.000031 0.000020 0.000053 0.000122 0.000059 0.000030 
5899008 particles 1 1428 52 1.130000 1.848000  0.000025 0.000019 0.000052 0.000122 0.000056 0.000029 
5899008 particles 1 1428 52 1.130000 2.080000  0.000038 0.000021 0.000056 0.000139 0.000059 0.000031 
5899008 particles 1 1428 52 1.130000 1.770000  0.000021 0.000019 0.000054 0.000132 0.000060 0.000032 
5899072 particles 1 1428 52 1.130000 1.464000  0.000029 0.000020 0.000055 0.000123 0.000060 0.000030 
5899072 particles 1 1428 52 1.130000 1.848000  0.000021 0.000018 0.000049 0.000098 0.000051 0.000027 
5899136 particles 1 1428 52 1.130000 2.691000  0.000024 0.000017 0.000047 0.000100 0.000051 0.000027 
5899136 particles 1 1428 52 1.130000 2.156000  0.000024 0.000017 0.000049 0.000112 0.000051 0.000027 
5899136 particles 1 1428 52 1.130000 2.154000  0.000023 0.000019 0.000053 0.000118 0.000062 0.000031 
5899200 particles 1 1428 52 1.130000 1.386000  0.000020 0.000018 0.000052 0.000134 0.000055 0.000029 
5899200 particles 1 1428 52 1.130000 2.002000  0.000107 0.000022 0.000058 0.000208 0.000062 0.000032 
5899200 particles 1 1428 52 1.130000 2.156000  0.000028 0.000019 0.000052 0.000131 0.000055 0.000029 
5899264 particles 1 1428 52 1.130000 1.695000  0.000038 0.000021 0.000058 0.000167 0.000063 0.000031 
5899264 particles 1 1428 52 1.130000 2.000000  0.000028 0.000020 0.000054 0.000133 0.000059 0.000030 
5899264 particles 1 1428 52 1.130000 1.308000  0.000037 0.000022 0.000060 0.000168 0.000062 0.000032 
5899328 particles 1 1428 52 1.130000 2.540000  0.000032 0.000019 0.000053 0.000132 0.000062 0.000031 
5899328 particles 1 1428 52 1.130000 1.618000  0.000022 0.000019 0.000050 0.000112 0.000054 0.000028 
5899328 particles 1 1428 52 1.130000 1.925000  0.000022 0.000019 0.000053 0.000128 0.000059 0.000030 
5899392 particles 1 1428 52 1.130000 2.003000  0.000023 0.000017 0.000047 0.000100 0.000050 0.000027 
5899392 particles 1 1428 52 1.130000 1.617000  0.000033 0.000019 0.000052 0.000119 0.000056 0.000029 
5899456 particles 1 1428 52 1.130000 1.771000  0.000027 0.000018 0.000051 0.000127 0.000054 0.000028 
5899456 particles 1 1428 52 1.130000 1.616000  0.000028 0.000020 0.000053 0.000140 0.000056 0.000029 
5899456 particles 1 1428 52 1.130000 2.232000  0.000020 0.000018 0.000049 0.000095 0.000052 0.000027 
5899520 particles 1 1428 52 1.130000 1.695000  0.000019 0.000046 0.000108 0.000288 0.000093 0.000043 
5899520 particles 1 1428 52 1.130000 1.770000  0.000022 0.000026 0.000062 0.000156 0.000073 0.000040 
5899520 particles 1 1428 52 1.130000 2.002000  0.000026 0.000022 0.000057 0.000181 0.000060 0.000030 
5899584 particles 1 1428 52 1.130000 1.694000  0.000020 0.000017 0.000048 0.000144 0.000062 0.000031 
5899584 particles 1 1428 52 1.130000 1.233000  0.000020 0.000017 0.000047 0.000096 0.000051 0.000027 
5899648 particles 1 1428 51 1.130000 1.618000  0.000021 0.000017 0.000061 0.000127 0.000071 0.000035 
5899648 particles 1 1428 51 1.130000 1.770000  0.000022 0.000018 0.000050 0.000129 0.000054 0.000028 
5899648 particles 1 1428 52 1.130000 2.077000  0.000027 0.000017 0.000053 0.000176 0.000055 0.000028 
5899712 particles 1 1428 52 1.130000 1.387000  0.000021 0.000017 0.000048 0.000111 0.000055 0.000028 
5899712 particles 1 1428 52 1.130000 1.924000  0.000019 0.000016 0.000045 0.000095 0.000046 0.000025 
5899712 particles 1 1428 52 1.130000 1.925000  0.000028 0.000017 0.000061 0.000148 0.000060 0.000033 
5899776 particles 1 1428 52 1.130000 1.848000  0.000019 0.000016 0.000045 0.000089 0.000046 0.000025 
5899776 particles 1 1428 52 1.130000 1.926000  0.000030 0.000018 0.000050 0.000177 0.000061 0.000030 
5899776 particles 1 1428 52 1.130000 2.081000  0.000026 0.000021 0.000056 0.000144 0.000058 0.000029 
5899840 particles 1 1428 52 1.130000 1.695000  0.000017 0.000015 0.000041 0.000082 0.000044 0.000023 
5899840 particles 1 1428 51 1.130000 1.772000  0.000028 0.000018 0.000049 0.000121 0.000051 0.000026 
5899904 particles 1 1428 51 1.130000 1.540000  0.000032 0.000017 0.000047 0.000113 0.000048 0.000025 
5899904 particles 1 1428 51 1.130000 1.849000  0.000086 0.000022 0.000056 0.000175 0.000059 0.000029 
5899904 particles 1 1428 51 1.130000 1.848000  0.000022 0.000016 0.000044 0.000089 0.000046 0.000025 
5899968 particles 1 1428 52 1.130000 2.387000  0.000022 0.000017 0.000047 0.000103 0.000052 0.000027 
5899968 particles 1 1428 52 1.130000 1.849000  0.000023 0.000017 0.000046 0.000102 0.000051 0.000026 
5899968 particles 1 1428 51 1.130000 1.695000  0.000020 0.000017 0.000047 0.000108 0.000054 0.000027 
5900032 particles 1 1428 51 1.130000 1.772000  0.000019 0.000017 0.000046 0.000108 0.000051 0.000027 
5900032 particles 1 1428 51 1.130000 1.618000  0.000018 0.000015 0.000043 0.000096 0.000046 0.000024 
5900032 particles 1 1428 51 1.130000 2.002000  0.000022 0.000017 0.000045 0.000115 0.000053 0.000027 
5900096 particles 1 1428 51 1.130000 1.771000  0.000025 0.000016 0.000045 0.000107 0.000046 0.000024 
5900096 particles 1 1428 52 1.130000 2.002000  0.000020 0.000017 0.000046 0.000107 0.000048 0.000025 
5900096 particles 1 1428 52 1.130000 2.233000  0.000031 0.000017 0.000045 0.000120 0.000047 0.000025 
5900160 particles 1 1428 51 1.130000 1.849000  0.000032 0.000017 0.000046 0.000103 0.000048 0.000025 
5900160 particles 1 1428 51 1.130000 1.772000  0.000023 0.000017 0.000047 0.000103 0.000051 0.000026 
5900224 particles 1 1428 51 1.130000 1.311000  0.000021 0.000017 0.000046 0.000104 0.000052 0.000027 
5900224 particles 1 1428 51 1.130000 1.463000  0.000019 0.000016 0.000044 0.000091 0.000047 0.000025 
5900224 particles 1 1428 51 1.130000 1.925000  0.000024 0.000017 0.000047 0.000114 0.000049 0.000025 
5900288 particles 1 1428 51 1.130000 1.541000  0.000021 0.000016 0.000044 0.000097 0.000047 0.000025 
5900288 particles 1 1428 51 1.130000 1.539000  0.000026 0.000016 0.000050 0.000131 0.000053 0.000026 
5900288 particles 1 1428 52 1.130000 1.387000  0.000020 0.000016 0.000057 0.000132 0.000066 0.000032 
5900352 particles 1 1428 52 1.130000 1.464000  0.000018 0.000015 0.000042 0.000094 0.000045 0.000023 
5900352 particles 1 1428 51 1.130000 1.001000  0.000018 0.000016 0.000046 0.000101 0.000049 0.000026 
5900352 particles 1 1428 51 1.130000 1.771000  0.000028 0.000016 0.000046 0.000112 0.000046 0.000024 
5900416 particles 1 1428 51 1.130000 2.001000  0.000026 0.000017 0.000048 0.000131 0.000052 0.000027 
5900416 particles 1 1428 52 1.130000 1.618000  0.000020 0.000015 0.000044 0.000102 0.000049 0.000025 
5900416 particles 1 1428 52 1.130000 1.925000  0.000019 0.000016 0.000045 0.000110 0.000051 0.000026 
5900480 particles 1 1428 52 1.130000 2.080000  0.000018 0.000015 0.000043 0.000096 0.000049 0.000025 
5900480 particles 1 1428 52 1.130000 1.463000  0.000017 0.000015 0.000041 0.000080 0.000042 0.000023 
5900544 particles 1 1428 52 1.130000 2.234000  0.000021 0.000016 0.000045 0.000100 0.000050 0.000026 
5900544 particles 1 1428 52 1.130000 1.772000  0.000024 0.000016 0.000044 0.000113 0.000046 0.000024 
5900544 particles 1 1428 51 1.130000 1.849000  0.000019 0.000015 0.000043 0.000099 0.000047 0.000025 
5900608 particles 1 1428 51 1.130000 1.311000  0.000018 0.000015 0.000041 0.000092 0.000043 0.000023 
5900608 particles 1 1428 51 1.130000 1.770000  0.000019 0.000015 0.000045 0.000108 0.000049 0.000025 
5900608 particles 1 1428 51 1.130000 1.309000  0.000022 0.000017 0.000046 0.000120 0.000052 0.000026 
5900672 particles 1 1428 51 1.130000 2.003000  0.000020 0.000015 0.000042 0.000096 0.000048 0.000025 
5900672 particles 1 1428 51 1.130000 2.233000  0.000021 0.000015 0.000042 0.000094 0.000048 0.000025 
5900672 particles 1 1428 51 1.130000 2.078000  0.000020 0.000015 0.000047 0.000172 0.000051 0.000025 
5900736 particles 1 1428 52 1.130000 2.002000  0.000021 0.000016 0.000043 0.000097 0.000047 0.000024 
5900736 particles 1 1428 51 1.130000 1.694000  0.000017 0.000014 0.000039 0.000078 0.000054 0.000026 
5900736 particles 1 1428 51 1.130000 1.694000  0.000019 0.000015 0.000043 0.000094 0.000047 0.000024 
5900800 particles 1 1428 52 1.130000 1.541000  0.000017 0.000014 0.000039 0.000085 0.000041 0.000022 
5900800 particles 1 1428 52 1.130000 1.927000  0.000017 0.000015 0.000042 0.000098 0.000046 0.000024 
5900864 particles 1 1428 51 1.130000 1.539000  0.000026 0.000016 0.000043 0.000119 0.000092 0.000041 
5900864 particles 1 1428 51 1.130000 1.926000  0.000019 0.000015 0.000043 0.000100 0.000049 0.000025 
5900864 particles 1 1428 52 1.130000 2.079000  0.000025 0.000014 0.000039 0.000089 0.000040 0.000022 
5900928 particles 1 1428 52 1.130000 1.464000  0.000018 0.000015 0.000041 0.000105 0.000047 0.000024 
5900928 particles 1 1428 52 1.130000 1.309000  0.000017 0.000014 0.000038 0.000083 0.000040 0.000021 
5900928 particles 1 1428 52 1.130000 1.772000  0.000019 0.000015 0.000042 0.000097 0.000046 0.000024 
5900992 particles 1 1428 52 1.130000 1.770000  0.000017 0.000014 0.000040 0.000096 0.000043 0.000022 
5900992 particles 1 1428 52 1.130000 1.772000  0.000023 0.000015 0.000042 0.000108 0.000046 0.000023 
5900992 particles 1 1428 52 1.130000 1.925000  0.000029 0.000016 0.000045 0.000124 0.000049 0.000024 
5901056 particles 1 1428 51 1.130000 1.770000  0.000023 0.000016 0.000043 0.000112 0.000047 0.000024 
5901056 particles 1 1428 51 1.130000 2.692000  0.000025 0.000015 0.000043 0.000106 0.000048 0.000024 
5901056 particles 1 1428 52 1.130000 1.541000  0.000018 0.000014 0.000040 0.000090 0.000046 0.000024 
5901120 particles 1 1428 52 1.130000 2.462000  0.000017 0.000015 0.000041 0.000091 0.000046 0.000024 
5901120 particles 1 1428 51 1.130000 1.617000  0.000022 0.000016 0.000044 0.000129 0.000045 0.000022 
5901184 particles 1 1428 52 1.130000 1.309000  0.000020 0.000015 0.000041 0.000093 0.000046 0.000023 
5901184 particles 1 1428 52 1.130000 1.850000  0.000018 0.000013 0.000037 0.000079 0.000039 0.000021 
5901184 particles 1 1428 52 1.130000 2.002000  0.000020 0.000014 0.000040 0.000089 0.000044 0.000023 
5901248 particles 1 1428 52 1.130000 1.387000  0.000018 0.000014 0.000038 0.000083 0.000042 0.000022 
5901248 particles 1 1428 52 1.130000 1.463000  0.000028 0.000016 0.000045 0.000135 0.000050 0.000025 
5901248 particles 1 1428 52 1.130000 1.309000  0.000018 0.000014 0.000040 0.000089 0.000044 0.000023 
5901312 particles 1 1428 51 1.130000 1.539000  0.000021 0.000015 0.000042 0.000107 0.000045 0.000023 
5901312 particles 1 1428 51 1.130000 1.309000  0.000037 0.000017 0.000044 0.000116 0.000046 0.000024 
5901312 particles 1 1428 51 1.130000 1.849000  0.000020 0.000014 0.000039 0.000092 0.000041 0.000022 
5901376 particles 1 1428 52 1.130000 1.541000  0.000018 0.000014 0.000039 0.000088 0.000043 0.000022 
5901376 particles 1 1428 52 1.130000 1.541000  0.000028 0.000014 0.000040 0.000101 0.000040 0.000021 
5901376 particles 1 1428 52 1.130000 1.463000  0.000018 0.000015 0.000039 0.000089 0.000044 0.000023 
5901440 particles 1 1428 52 1.130000 1.771000  0.000023 0.000014 0.000039 0.000098 0.000041 0.000021 
5901440 particles 1 1428 52 1.130000 2.077000  0.000017 0.000014 0.000038 0.000085 0.000042 0.000022 
5901440 particles 1 1428 52 1.130000 1.310000  0.000024 0.000014 0.000039 0.000098 0.000041 0.000021 
5901504 particles 1 1428 52 1.130000 1.616000  0.000016 0.000014 0.000038 0.000090 0.000042 0.000022 
5901504 particles 1 1428 52 1.130000 2.078000  0.008259 0.006734 0.018635 0.041859 0.020808 0.010652 
5901568 particles 1 1428 52 1.130000 1.386000  0.003343 0.002713 0.007496 0.016180 0.008165 0.004191 
5901568 particles 1 1428 52 1.130000 2.234000  0.002381 0.001566 0.004365 0.010591 0.004797 0.002439 
5901568 particles 1 1428 52 1.130000 1.464000  0.001149 0.000965 0.002686 0.005325 0.002794 0.001493 
5901632 particles 1 1428 51 1.130000 1.695000  1.346601 0.245163 0.530990 1.346900 0.313561 0.132513 
5901632 particles 1 1428 51 1.130000 1.694000  0.000958 0.000769 0.002141 0.004275 0.002235 0.001201 
5901632 particles 1 1428 52 1.130000 1.617000  0.001107 0.000829 0.002330 0.006739 0.002627 0.001307 
5901696 particles 1 1428 52 1.130000 1.232000  0.000819 0.000656 0.001825 0.003769 0.001957 0.001048 
5901696 particles 1 1428 52 1.130000 1.924000  0.000977 0.000667 0.001819 0.003865 0.001960 0.001019 
5901696 particles 1 1428 52 1.130000 1.771000  0.000822 0.000643 0.001728 0.003739 0.001898 0.000966 
5901760 particles 1 1428 52 1.130000 2.078000  0.000712 0.000531 0.001472 0.003286 0.001644 0.000832 
5901760 particles 1 1428 51 1.130000 2.231000  0.000537 0.000448 0.001228 0.002444 0.001306 0.000689 
5901824 particles 1 1428 51 1.130000 2.464000  0.000463 0.000398 0.001088 0.002194 0.001162 0.000611 
5901824 particles 1 1428 51 1.130000 2.232000  0.000874 0.000836 0.002057 0.004842 0.001563 0.000996 
5901824 particles 1 1428 51 1.130000 1.233000  0.000497 0.000325 0.000905 0.002062 0.000934 0.000494 
5901888 particles 1 1428 51 1.130000 1.771000  0.000387 0.000301 0.000850 0.001953 0.000941 0.000488 
5901888 particles 1 1428 51 1.130000 1.771000  0.000339 0.000288 0.000789 0.001625 0.000839 0.000463 
5901888 particles 1 1428 51 1.130000 1.770000  0.000427 0.000280 0.001021 0.002667 0.001020 0.000570 
5901952 particles 1 1428 51 1.130000 1.848000  0.000294 0.000248 0.000677 0.001365 0.000731 0.000381 
5901952 particles 1 1428 51 1.130000 1.308000  0.000375 0.000240 0.000667 0.001534 0.000695 0.000370 
5901952 particles 1 1428 51 1.130000 1.925000  0.000290 0.000237 0.000674 0.001495 0.000742 0.000385 
5902016 particles 1 1428 51 1.130000 1.924000  -1.061528 0.296241 0.632290 -1.061364 0.378271 0.157382 
5902016 particles 1 1428 51 1.130000 1.616000  0.000054 0.000038 0.000105 0.000247 0.000118 0.000062 
5902016 particles 1 1428 51 1.130000 1.540000  0.000042 0.000036 0.000099 0.000204 0.000102 0.000056 
5902080 particles 1 1428 52 1.130000 1.232000  0.000343 0.000247 0.000661 0.001602 0.000733 0.000372 
5902080 particles 1 1428 52 1.130000 1.542000  0.000561 0.000266 0.000712 0.002055 0.000751 0.000374 
5902144 particles 1 1428 52 1.130000 2.232000  0.000368 0.000223 0.000621 0.001686 0.000706 0.000363 
5902144 particles 1 1428 51 1.130000 1.309000  0.000291 0.000213 0.000590 0.001321 0.000648 0.000331 
5902144 particles 1 1428 51 1.130000 2.078000  0.000223 0.000183 0.000510 0.001019 0.000523 0.000283 
5902208 particles 1 1428 51 1.130000 1.926000  0.000233 0.000193 0.000542 0.001342 0.000576 0.000299 
5902208 particles 1 1428 51 1.130000 1.693000  0.000338 0.000198 0.000543 0.001388 0.000544 0.000284 
5902208 particles 1 1428 51 1.130000 2.000000  0.000219 0.000183 0.000509 0.001232 0.000576 0.000292 
5902272 particles 1 1428 51 1.130000 1.694000  0.000278 0.000180 0.000493 0.001230 0.000554 0.000283 
5902272 particles 1 1428 52 1.130000 1.926000  0.000206 0.000165 0.000464 0.001041 0.000522 0.000269 
5902272 particles 1 1428 51 1.130000 1.926000  0.000181 0.000157 0.000444 0.000982 0.000486 0.000268 
5902336 particles 1 1428 51 1.130000 1.232000  0.000192 0.000153 0.000432 0.000958 0.000477 0.000244 
5902336 particles 1 1428 51 1.130000 1.926000  0.000171 0.000145 0.000394 0.000874 0.000439 0.000228 
5902336 particles 1 1428 51 1.130000 1.924000  0.000225 0.000138 0.000382 0.000829 0.000390 0.000209 
5902400 particles 1 1428 52 1.130000 1.849000  0.000172 0.000137 0.000384 0.000863 0.000436 0.000224 
5902400 particles 1 1428 52 1.130000 1.771000  0.000250 0.000141 0.000394 0.001099 0.000412 0.000213 
5902464 particles 1 1428 52 1.130000 1.386000  0.000154 0.000130 0.000458 0.000945 0.000529 0.000263 
5902464 particles 1 1428 52 1.130000 2.078000  0.000148 0.000126 0.000346 0.000705 0.000367 0.000194 
5902464 particles 1 1428 52 1.130000 1.387000  0.000148 0.000122 0.000431 0.000871 0.000502 0.000436 
5902528 particles 1 1428 52 1.130000 2.463000  0.000147 0.000119 0.000333 0.000761 0.000365 0.000191 
5902528 particles 1 1428 52 1.130000 1.695000  0.000126 0.000112 0.000311 0.000601 0.000333 0.000178 
5902528 particles 1 1428 52 1.130000 1.155000  0.000272 0.000128 0.000357 0.000879 0.000381 0.000194 
5902592 particles 1 1428 52 1.130000 1.231000  0.000126 0.000108 0.000301 0.000591 0.000318 0.000169 
5902592 particles 1 1428 52 1.130000 2.231000  0.001091 0.000680 0.001907 0.005421 0.002185 0.001128 
5902656 particles 1 1428 52 1.130000 2.079000  0.000126 0.000109 0.000298 0.000594 0.000316 0.000167 
5902656 particles 1 1428 52 1.130000 1.231000  0.000134 0.000112 0.000307 0.000753 0.000349 0.000177 
5902656 particles 1 1428 52 1.130000 1.464000  0.001293 0.000660 0.001784 0.004592 0.001973 0.001037 
5902720 particles 1 1428 51 1.130000 1.386000  0.000129 0.000098 0.000274 0.000555 0.000290 0.000154 
5902720 particles 1 1428 51 1.130000 2.080000  0.000120 0.000103 0.000296 0.000715 0.000317 0.000162 
5902720 particles 1 1428 51 1.130000 1.618000  0.000127 0.000103 0.000287 0.000736 0.000318 0.000163 
5902784 particles 1 1428 51 1.130000 1.770000  0.000124 0.000098 0.000273 0.000582 0.000302 0.000157 
5902784 particles 1 1428 51 1.130000 2.002000  0.000114 0.000139 0.000335 0.000800 0.000390 0.000213 
5902848 particles 1 1428 51 1.130000 1.925000  0.000147 0.000091 0.000255 0.000603 0.000264 0.000138 
5902848 particles 1 1428 51 1.130000 1.463000  0.000107 0.000092 0.000322 0.000640 0.000376 0.000184 
5902848 particles 1 1428 51 1.130000 2.002000  0.000158 0.000089 0.000248 0.000584 0.000255 0.000135 
5902912 particles 1 1428 51 1.130000 2.002000  0.000130 0.000090 0.000252 0.000588 0.000274 0.000139 
5902912 particles 1 1428 52 1.130000 1.386000  0.000133 0.000088 0.000260 0.000762 0.000272 0.000140 
5902912 particles 1 1428 52 1.130000 2.232000  0.000139 0.000094 0.000271 0.000788 0.000298 0.000149 
5902976 particles 1 1428 51 1.130000 1.695000  0.000140 0.000091 0.000252 0.000674 0.000273 0.000139 
5902976 particles 1 1428 51 1.130000 2.002000  0.000094 0.000081 0.000230 0.000513 0.000260 0.000134 
5902976 particles 1 1428 51 1.130000 1.926000  0.000103 0.000082 0.000230 0.000515 0.000256 0.000132 
5903040 particles 1 1428 51 1.130000 1.926000  0.000088 0.000077 0.000216 0.000491 0.000245 0.000125 
5903040 particles 1 1428 51 1.130000 1.695000  0.000098 0.000081 0.000226 0.000526 0.000250 0.000127 
5903104 particles 1 1428 51 1.130000 1.694000  0.000082 0.000071 0.000198 0.000388 0.000204 0.000109 
5903104 particles 1 1428 51 1.130000 1.617000  0.000084 0.000073 0.000204 0.000451 0.000233 0.000119 
5903104 particles 1 1428 51 1.130000 1.849000  0.000111 0.000077 0.000209 0.000730 0.000250 0.000123 
5903168 particles 1 1428 51 1.130000 1.694000  0.000095 0.000073 0.000205 0.000455 0.000228 0.000117 
5903168 particles 1 1428 51 1.130000 1.773000  0.000992 0.000454 0.001228 0.003092 0.001004 0.000460 
5903168 particles 1 1428 51 1.130000 1.773000  0.000084 0.001624 0.003785 0.003236 0.001566 0.000894 
5903232 particles 1 1428 51 1.130000 1.847000  0.000118 0.000072 0.000205 0.000535 0.000223 0.000112 
5903232 particles 1 1428 51 1.130000 1.695000  0.000130 0.000072 0.000202 0.000535 0.000206 0.000106 
5903232 particles 1 1428 51 1.130000 1.695000  0.000092 0.000070 0.000194 0.000426 0.000212 0.000109 
5903296 particles 1 1428 51 1.130000 1.309000  -0.986290 0.211798 0.458083 -0.986253 0.271497 0.114160 
5903296 particles 1 1428 51 1.130000 1.232000  0.000152 0.000045 0.000109 0.000335 0.000117 0.000055 
5903296 particles 1 1428 51 1.130000 1.695000  0.000086 0.000077 0.000203 0.000593 0.000221 0.000110 
5903360 particles 1 1428 51 1.130000 1.464000  0.000085 0.000067 0.000187 0.000476 0.000211 0.000107 
5903360 particles 1 1428 51 1.130000 2.618000  0.000087 0.000066 0.000181 0.000420 0.000205 0.000104 
5903424 particles 1 1428 51 1.130000 1.771000  0.000082 0.000059 0.000163 0.000350 0.000171 0.000091 
5903424 particles 1 1428 51 1.130000 2.004000  0.000095 0.000063 0.000176 0.000385 0.000187 0.000097 
5903424 particles 1 1428 51 1.130000 1.847000  0.000092 0.000060 0.000168 0.000399 0.000174 0.000092 
5903488 particles 1 1428 51 1.130000 1.850000  0.000071 0.000061 0.000167 0.000337 0.000184 0.000099 
5903488 particles 1 1428 51 1.130000 1.770000  0.000071 0.000057 0.000160 0.000324 0.000164 0.000088 
5903488 particles 1 1428 51 1.130000 1.695000  0.000078 0.000063 0.000170 0.000403 0.000182 0.000094 
5903552 particles 1 1428 52 1.130000 1.693000  0.000085 0.000061 0.000166 0.000400 0.000189 0.000097 
5903552 particles 1 1428 52 1.130000 2.080000  0.000102 0.000062 0.000174 0.000410 0.000188 0.000096 
5903552 particles 1 1428 51 1.130000 2.309000  0.000080 0.000061 0.000167 0.000386 0.000185 0.000096 
5903616 particles 1 1428 51 1.130000 1.695000  0.000074 0.000060 0.000164 0.000358 0.000180 0.000094 
5903616 particles 1 1428 51 1.130000 1.386000  0.000079 0.000059 0.000162 0.000368 0.000175 0.000090 
5903616 particles 1 1428 51 1.130000 1.925000  0.000064 0.000053 0.000147 0.000305 0.000154 0.000082 
5903680 particles 1 1428 51 1.130000 1.386000  0.000073 0.000058 0.000162 0.000376 0.000173 0.000088 
5903680 particles 1 1428 52 1.130000 2.002000  0.000072 0.000054 0.000148 0.000315 0.000153 0.000081 
5903744 particles 1 1428 52 1.130000 1.695000  0.000069 0.000054 0.000150 0.000345 0.000160 0.000084 
5903744 particles 1 1428 51 1.130000 1.695000  0.000082 0.000053 0.000146 0.000339 0.000151 0.000081 
5903744 particles 1 1428 51 1.130000 1.848000  0.000105 0.000058 0.000155 0.000396 0.000174 0.000088 
5903808 particles 1 1428 51 1.130000 2.080000  0.000063 0.000053 0.000149 0.000350 0.000160 0.000083 
5903808 particles 1 1428 52 1.130000 2.154000  0.000060 0.000053 0.000148 0.000364 0.000164 0.000084 
5903808 particles 1 1428 52 1.130000 2.461000  0.000098 0.000057 0.000155 0.000373 0.000163 0.000084 
5903872 particles 1 1428 51 1.130000 1.771000  0.000063 0.000052 0.000143 0.000286 0.000153 0.000080 
5903872 particles 1 1428 51 1.130000 1.770000  0.000061 0.000052 0.000145 0.000316 0.000161 0.000084 
5903872 particles 1 1428 51 1.130000 1.617000  0.000058 0.000048 0.000135 0.000287 0.000139 0.000075 
5903936 particles 1 1428 51 1.130000 2.005000  0.000126 0.000060 0.000160 0.000421 0.000176 0.000089 
5903936 particles 1 1428 51 1.130000 1.233000  0.000057 0.000048 0.000134 0.000274 0.000136 0.000074 
5904000 particles 1 1428 51 1.130000 1.464000  0.000065 0.000051 0.000142 0.000314 0.000161 0.000082 
5904000 particles 1 1428 51 1.130000 1.154000  0.000079 0.000053 0.000146 0.000360 0.000147 0.000078 
5904000 particles 1 1428 51 1.130000 1.849000  0.000070 0.000074 0.000178 0.000484 0.000203 0.000112 
5904064 particles 1 1428 51 1.130000 1.924000  0.000060 0.000049 0.000134 0.000278 0.000143 0.000075 
5904064 particles 1 1428 51 1.130000 1.848000  0.000079 0.000079 0.000186 0.000550 0.000244 0.000116 
5904064 particles 1 1428 51 1.130000 2.310000  0.000057 0.000048 0.000135 0.000308 0.000147 0.000076 
5904128 particles 1 1428 52 1.130000 1.232000  0.000057 0.000045 0.000126 0.000253 0.000130 0.000097 
5904128 particles 1 1428 52 1.130000 1.770000  0.000073 0.000048 0.000132 0.000284 0.000142 0.000073 
5904128 particles 1 1428 52 1.130000 2.005000  0.000060 0.000048 0.000131 0.000298 0.000150 0.000077 
5904192 particles 1 1428 51 1.130000 1.849000  0.000062 0.000047 0.000131 0.000302 0.000146 0.000074 
5904192 particles 1 1428 51 1.130000 1.463000  0.000051 0.000043 0.000120 0.000237 0.000123 0.000066 
5904192 particles 1 1428 51 1.130000 1.387000  0.000054 0.000046 0.000129 0.000321 0.000145 0.000074 
5904256 particles 1 1428 51 1.130000 1.695000  0.000191 0.000054 0.000146 0.000482 0.000151 0.000076 
5904256 particles 1 1428 51 1.130000 1.770000  0.000048 0.000043 0.000123 0.000299 0.000137 0.000071 
5904320 particles 1 1428 51 1.130000 1.309000  0.000049 0.000042 0.000116 0.000246 0.000126 0.000067 
5904320 particles 1 1428 51 1.130000 1.388000  0.000053 0.000045 0.000126 0.000287 0.000138 0.000072 
5904320 particles 1 1428 52 1.130000 1.848000  0.000081 0.000050 0.000135 0.000345 0.000142 0.000072 
5904384 particles 1 1428 52 1.130000 1.541000  0.000061 0.000046 0.000125 0.000274 0.000138 0.000070 
5904384 particles 1 1428 51 1.130000 2.539000  0.000056 0.000044 0.000121 0.000300 0.000142 0.000072 
5904384 particles 1 1428 51 1.130000 1.618000  0.000069 0.000044 0.000119 0.000297 0.000132 0.000067 
5904448 particles 1 1428 51 1.130000 1.847000  0.000082 0.000046 0.000122 0.000283 0.000132 0.000070 
5904448 particles 1 1428 51 1.130000 2.078000  0.000062 0.000047 0.000129 0.000337 0.000136 0.000068 
5904448 particles 1 1428 51 1.130000 1.693000  0.000069 0.000045 0.000127 0.000392 0.000146 0.000072 
5904512 particles 1 1428 52 1.130000 1.232000  0.000063 0.000044 0.000134 0.000412 0.000134 0.000067 
5904512 particles 1 1428 52 1.130000 1.772000  0.000099 0.000046 0.000122 0.000325 0.000130 0.000066 
5904576 particles 1 1428 52 1.130000 2.001000  0.000373 0.000230 0.000635 0.001753 0.000748 0.000393 
5904576 particles 1 1428 52 1.130000 1.540000  0.000065 0.000171 0.000382 0.000759 0.000252 0.000111 
5904576 particles 1 1428 52 1.130000 1.617000  0.000046 0.000040 0.000110 0.000237 0.000122 0.000064 
5904640 particles 1 1428 52 1.130000 1.232000  0.000028 0.000020 0.000054 0.000122 0.000057 0.000030 
5904640 particles 1 1428 52 1.130000 1.308000  0.000067 0.000049 0.000131 0.000422 0.000149 0.000073 
5904640 particles 1 1428 52 1.130000 1.308000  0.000148 0.000043 0.000121 0.000390 0.000145 0.000070 
5904704 particles 1 1428 52 1.130000 1.388000  0.000052 0.000040 0.000118 0.000318 0.000132 0.000066 
5904704 particles 1 1428 52 1.130000 2.847000  0.000069 0.000041 0.000113 0.000268 0.000124 0.000063 
5904768 particles 1 1428 52 1.130000 1.387000  0.000049 0.000038 0.000111 0.000259 0.000125 0.000064 
5904768 particles 1 1428 52 1.130000 2.308000  0.000053 0.000038 0.000107 0.000251 0.000121 0.000062 
5904768 particles 1 1428 52 1.130000 1.694000  0.000044 0.000036 0.000101 0.000207 0.000105 0.000056 
5904832 particles 1 1428 52 1.130000 1.848000  0.000047 0.000038 0.000106 0.000229 0.000117 0.000060 
5904832 particles 1 1428 51 1.130000 1.771000  0.000068 0.000038 0.000105 0.000248 0.000109 0.000057 
5904832 particles 1 1428 51 1.130000 1.924000  0.000047 0.000038 0.000106 0.000238 0.000120 0.000061 
5904896 particles 1 1428 51 1.130000 1.541000  0.000052 0.000038 0.000108 0.000258 0.000129 0.000063 
5904896 particles 1 1428 51 1.130000 2.155000  0.000045 0.000036 0.000103 0.000224 0.000112 0.000058 
5904896 particles 1 1428 51 1.130000 2.156000  0.000065 0.000039 0.000108 0.000270 0.000117 0.000060 
5904960 particles 1 1428 51 1.130000 1.695000  0.000046 0.000037 0.000099 0.000203 0.000102 0.000054 
5904960 particles 1 1428 52 1.130000 1.846000  0.000051 0.000035 0.000101 0.000234 0.000112 0.000058 
5904960 particles 1 1428 51 1.130000 1.770000  0.000042 0.000034 0.000099 0.000233 0.000102 0.000053 
5905024 particles 1 1428 51 1.130000 1.387000  0.000045 0.000035 0.000101 0.000228 0.000115 0.000059 
5905024 particles 1 1428 52 1.130000 1.848000  0.000050 0.000037 0.000103 0.000249 0.000114 0.000058 
5905088 particles 1 1428 52 1.130000 1.539000  0.000044 0.000033 0.000226 0.001044 0.000271 0.000126 
5905088 particles 1 1428 52 1.130000 2.156000  0.000041 0.000035 0.000096 0.000191 0.000103 0.000054 
5905088 particles 1 1428 52 1.130000 1.924000  0.000043 0.000035 0.000100 0.000243 0.000112 0.000057 
5905152 particles 1 1428 52 1.130000 1.464000  0.000061 0.000039 0.000106 0.000273 0.000114 0.000057 
5905152 particles 1 1428 51 1.130000 1.926000  0.000052 0.000035 0.000095 0.000229 0.000102 0.000054 
5905152 particles 1 1428 51 1.130000 1.772000  0.000047 0.000036 0.000101 0.000230 0.000111 0.000056 
5905216 particles 1 1428 52 1.130000 1.772000  0.000117 0.000051 0.000125 0.000271 0.000118 0.000060 
5905216 particles 1 1428 52 1.130000 2.157000  0.000062 0.000052 0.000128 0.000327 0.000154 0.000081 
5905216 particles 1 1428 52 1.130000 2.157000  0.000069 0.000038 0.000103 0.000241 0.000111 0.000056 
5905280 particles 1 1428 52 1.130000 1.694000  0.000045 0.000036 0.000097 0.000248 0.000110 0.000056 
5905280 particles 1 1428 51 1.130000 1.847000  0.000049 0.000035 0.000096 0.000231 0.000105 0.000055 
5905280 particles 1 1428 51 1.130000 1.772000  0.000037 0.000033 0.000091 0.000217 0.000097 0.000050 
5905344 particles 1 1428 52 1.130000 1.693000  0.000045 0.000034 0.000093 0.000214 0.000100 0.000052 
5905344 particles 1 1428 51 1.130000 1.617000  0.000053 0.000032 0.000087 0.000190 0.000091 0.000048 
5905344 particles 1 1428 51 1.130000 1.770000  0.000042 0.000034 0.000094 0.000216 0.000106 0.000054 
5905408 particles 1 1428 52 1.130000 2.079000  0.000052 0.000032 0.000089 0.000200 0.000090 0.000048 
5905408 particles 1 1428 52 1.130000 1.695000  0.000041 0.000032 0.000090 0.000196 0.000096 0.000050 
5905472 particles 1 1428 52 1.130000 2.001000  0.000036 0.000030 0.000086 0.000199 0.000092 0.000048 
5905472 particles 1 1428 52 1.130000 1.773000  0.000040 0.000032 0.000088 0.000194 0.000099 0.000051 
5905472 particles 1 1428 51 1.130000 1.386000  0.000064 0.000033 0.000090 0.000203 0.000094 0.000049 
5905536 particles 1 1428 51 1.130000 1.772000  0.000050 0.000034 0.000098 0.000270 0.000104 0.000052 
5905536 particles 1 1428 52 1.130000 2.311000  0.000044 0.000033 0.000091 0.000199 0.000098 0.000050 
5905536 particles 1 1428 52 1.130000 1.693000  0.000040 0.000033 0.000090 0.000199 0.000097 0.000050 
5905600 particles 1 1428 52 1.130000 2.004000  0.000038 0.000032 0.000088 0.000199 0.000093 0.000048 
5905600 particles 1 1428 52 1.130000 1.387000  0.000034 0.000029 0.000081 0.000160 0.000083 0.000045 
5905600 particles 1 1428 52 1.130000 1.309000  0.000039 0.000031 0.000086 0.000195 0.000098 0.000049 
5905664 particles 1 1428 51 1.130000 1.847000  0.000046 0.000030 0.000086 0.000202 0.000088 0.000046 
5905664 particles 1 1428 51 1.130000 2.233000  0.000040 0.000031 0.000084 0.000191 0.000094 0.000048 
5905664 particles 1 1428 51 1.130000 1.155000  0.000021 0.000016 0.000045 0.000107 0.000052 0.000026 
5905728 particles 1 1428 51 1.130000 1.925000  0.000041 0.000031 0.000085 0.000206 0.000095 0.000048 
5905728 particles 1 1428 51 1.130000 1.618000  0.000037 0.000029 0.000081 0.000177 0.000089 0.000046 
5905792 particles 1 1428 51 1.130000 2.078000  0.000048 0.000032 0.000085 0.000207 0.000092 0.000047 
5905792 particles 1 1428 51 1.130000 1.463000  0.000045 0.000030 0.000081 0.000196 0.000090 0.000046 
5905792 particles 1 1428 52 1.130000 1.539000  0.000031 0.000027 0.000076 0.000147 0.000078 0.000042 
5905856 particles 1 1428 52 1.130000 1.694000  0.000054 0.000032 0.000083 0.000204 0.000089 0.000046 
5905856 particles 1 1428 52 1.130000 1.232000  0.000044 0.000029 0.000083 0.000224 0.000091 0.000046 
5905856 particles 1 1428 52 1.130000 2.001000  0.000049 0.000030 0.000081 0.000192 0.000092 0.000047 
5905920 particles 1 1428 52 1.130000 2.158000  0.000043 0.000030 0.000080 0.000188 0.000084 0.000044 
5905920 particles 1 1428 52 1.130000 1.694000  0.000037 0.000029 0.000081 0.000182 0.000089 0.000046 
5905920 particles 1 1428 52 1.130000 2.386000  0.000061 0.000031 0.000083 0.000200 0.000088 0.000044 
5905984 particles 1 1428 52 1.130000 1.309000  0.000033 0.000028 0.000077 0.000156 0.000082 0.000043 
5905984 particles 1 1428 52 1.130000 1.463000  0.000036 0.000029 0.000078 0.000170 0.000087 0.000045 
5905984 particles 1 1428 51 1.130000 1.772000  0.000032 0.000028 0.000077 0.000179 0.000084 0.000043 
5906048 particles 1 1428 51 1.130000 1.926000  0.000149 0.000033 0.000086 0.000314 0.000095 0.000048 
5906048 particles 1 1428 52 1.130000 1.463000  0.000042 0.000028 0.000079 0.000211 0.000083 0.000043 
5906112 particles 1 1428 52 1.130000 1.926000  0.000036 0.000028 0.000078 0.000171 0.000086 0.000044 
5906112 particles 1 1428 51 1.130000 1.771000  0.000041 0.000028 0.000077 0.000187 0.000078 0.000041 
5906112 particles 1 1428 52 1.130000 2.309000  0.000031 0.000028 0.000075 0.000156 0.000081 0.000042 
5906176 particles 1 1428 52 1.130000 2.308000  0.000031 0.000025 0.000071 0.000161 0.000074 0.000041 
5906176 particles 1 1428 52 1.130000 1.847000  0.000048 0.000027 0.000078 0.000219 0.000084 0.000044 
5906176 particles 1 1428 52 1.130000 1.695000  0.000031 0.000027 0.000075 0.000178 0.000076 0.000040 
5906240 particles 1 1428 52 1.130000 1.771000  0.000061 0.000030 0.000078 0.000176 0.000086 0.000062 
5906240 particles 1 1428 52 1.130000 1.694000  0.000034 0.000029 0.000150 0.000559 0.000136 0.000062 
5906240 particles 1 1428 51 1.130000 2.156000  0.000037 0.000027 0.000076 0.000178 0.000082 0.000042 
5906304 particles 1 1428 51 1.130000 1.770000  0.000031 0.000026 0.000079 0.000202 0.000086 0.000044 
5906304 particles 1 1428 51 1.130000 2.080000  0.000028 0.000024 0.000068 0.000136 0.000070 0.000037 
5906368 particles 1 1428 51 1.130000 1.618000  0.000028 0.000025 0.000070 0.000207 0.000094 0.000052 
5906368 particles 1 1428 51 1.130000 1.617000  0.000028 0.000028 0.000074 0.000193 0.000079 0.000040 
5906368 particles 1 1428 51 1.130000 1.541000  0.000033 0.000026 0.000084 0.000284 0.000097 0.000047 
5906432 particles 1 1428 52 1.130000 2.388000  0.000034 0.000030 0.000078 0.000202 0.000080 0.000041 
5906432 particles 1 1428 52 1.130000 1.849000  0.000028 0.000029 0.000074 0.000186 0.000074 0.000039 
5906496 particles 1 1428 52 1.130000 2.695000  0.000068 0.000028 0.000074 0.000196 0.000093 0.000047 
5906496 particles 1 1428 52 1.130000 1.694000  0.000031 0.000027 0.000072 0.000182 0.000072 0.000052 
5906496 particles 1 1428 52 1.130000 1.925000  0.000043 0.000025 0.000069 0.000165 0.000095 0.000046 
5906560 particles 1 1428 52 1.130000 2.079000  0.000329 0.000064 0.000141 0.000498 0.000125 0.000058 
5906560 particles 1 1428 52 1.130000 1.154000  11.707079 2.001618 4.297786 11.774788 11.307815 4.717112 
5906624 particles 1 1428 52 1.130000 2.616000  0.000346 0.000065 0.000143 0.000544 0.000129 0.000058 
5906624 particles 1 1428 52 1.130000 1.849000  0.000027 0.000023 0.000072 0.000157 0.000072 0.000037 
5906688 particles 1 1428 52 1.130000 1.618000  0.004542 0.002958 0.008066 0.020317 0.009320 0.004823 
5906688 particles 1 1428 52 1.130000 1.693000  0.000039 0.000029 0.000074 0.000195 0.000079 0.000042 
5906688 particles 1 1428 52 1.130000 2.002000  0.000007 0.000006 0.000017 0.000035 0.000021 0.000011 
5906752 particles 1 1428 52 1.130000 1.309000  0.000007 0.000006 0.000017 0.000035 0.000021 0.000011 
5906752 particles 1 1428 52 1.130000 1.771000  0.000007 0.000006 0.000032 0.000138 0.000042 0.000018 
5906816 particles 1 1428 52 1.130000 1.232000  0.000035 0.000023 0.000063 0.000144 0.000065 0.000035 
5906816 particles 1 1428 52 1.130000 2.002000  0.000027 0.000034 0.000082 0.000192 0.000095 0.000052 
5906816 particles 1 1428 52 1.130000 2.232000  0.000146 0.000115 0.000313 0.000680 0.000334 0.000176 
5906880 particles 1 1428 52 1.130000 1.693000  0.000156 0.000113 0.000311 0.000665 0.000330 0.000175 
5906880 particles 1 1428 52 1.130000 2.233000  0.000153 0.000112 0.000309 0.000686 0.000337 0.000177 
5906880 particles 1 1428 52 1.130000 2.001000  0.000027 0.000023 0.000063 0.000140 0.000069 0.000036 
5906944 particles 1 1428 52 1.130000 1.695000  0.000029 0.000023 0.000063 0.000134 0.000068 0.000035 
5906944 particles 1 1428 52 1.130000 1.848000  0.000115 0.000098 0.000271 0.000549 0.000282 0.000150 
5906944 particles 1 1428 52 1.130000 1.617000  0.000033 0.000023 0.000064 0.000154 0.000069 0.000035 
5907008 particles 1 1428 52 1.130000 1.772000  0.000025 0.000022 0.000060 0.000128 0.000063 0.000033 
5907008 particles 1 1428 52 1.130000 2.234000  0.000030 0.000023 0.000062 0.000142 0.000066 0.000035 
5907008 particles 1 1428 52 1.130000 1.309000  0.000029 0.000021 0.000058 0.000128 0.000061 0.000033 
5907072 particles 1 1428 52 1.130000 2.003000  0.000024 0.000022 0.000063 0.000137 0.000070 0.000036 
5907072 particles 1 1428 52 1.130000 1.464000  0.000036 0.000023 0.000064 0.000169 0.000069 0.000036 
5907136 particles 1 1428 52 1.130000 1.618000  0.000037 0.000023 0.000061 0.000134 0.000065 0.000035 
5907136 particles 1 1428 52 1.130000 1.232000  0.000027 0.000022 0.000063 0.000140 0.000071 0.000036 
5907136 particles 1 1428 52 1.130000 1.771000  0.000027 0.000022 0.000061 0.000136 0.000069 0.000036 
5907200 particles 1 1428 52 1.130000 2.082000  0.000034 0.000024 0.000065 0.000176 0.000068 0.000035 
5907200 particles 1 1428 52 1.130000 1.540000  0.000033 0.000022 0.000068 0.000209 0.000074 0.000036 
5907200 particles 1 1428 52 1.130000 2.156000  0.000040 0.000023 0.000065 0.000179 0.000070 0.000036 
5907264 particles 1 1428 52 1.130000 2.078000  0.293405 0.060961 0.131628 0.293721 0.074605 0.031053 
5907264 particles 1 1428 52 1.130000 2.002000  0.000026 0.000021 0.000061 0.000151 0.000070 0.000035 
5907264 particles 1 1428 52 1.130000 1.693000  0.000024 0.000020 0.000056 0.000112 0.000058 0.000031 
5907328 particles 1 1428 52 1.130000 2.156000  0.000039 0.000022 0.000064 0.000179 0.000073 0.000037 
5907328 particles 1 1428 52 1.130000 1.309000  0.000024 0.000020 0.000056 0.000117 0.000058 0.000031 
5907328 particles 1 1428 52 1.130000 1.233000  0.000031 0.000022 0.000062 0.000150 0.000068 0.000035 
5907392 particles 1 1428 52 1.130000 2.003000  0.000024 0.000022 0.000061 0.000163 0.000068 0.000035 
5907392 particles 1 1428 52 1.130000 1.310000  0.000023 0.000022 0.000061 0.000148 0.000067 0.000035 
5907392 particles 1 1428 52 1.130000 1.772000  0.000027 0.000021 0.000059 0.000130 0.000064 0.000034 
5907456 particles 1 1428 52 1.130000 1.232000  0.000026 0.000020 0.000055 0.000115 0.000062 0.000032 
5907456 particles 1 1428 52 1.130000 1.617000  0.000037 0.000022 0.000063 0.000160 0.000066 0.000035 
5907520 particles 1 1428 52 1.130000 2.154000  0.000024 0.000020 0.000058 0.000153 0.000062 0.000032 
5907520 particles 1 1428 52 1.130000 2.000000  0.000032 0.000021 0.000059 0.000153 0.000067 0.000034 
5907520 particles 1 1428 52 1.130000 1.462000  0.000028 0.000022 0.000062 0.000157 0.000068 0.000035 
5907584 particles 1 1428 51 1.130000 1.847000  0.000207 0.000128 0.001409 0.001632 0.000651 0.000347 
5907584 particles 1 1428 51 1.130000 1.309000  0.541152 0.273089 0.533082 0.541172 0.337606 0.136775 
5907584 particles 1 1428 51 1.130000 1.694000  0.000020 0.000016 0.000044 0.000091 0.000046 0.000024 
5907648 particles 1 1428 52 1.130000 2.078000  0.000025 0.000021 0.000058 0.000128 0.000064 0.000033 
5907648 particles 1 1428 52 1.130000 2.078000  0.000027 0.000021 0.000057 0.000140 0.000064 0.000033 
5907712 particles 1 1428 51 1.130000 1.541000  0.000025 0.000021 0.000060 0.000161 0.000068 0.000034 
5907712 particles 1 1428 51 1.130000 1.771000  0.000023 0.000021 0.000056 0.000112 0.000061 0.000032 
5907712 particles 1 1428 52 1.130000 1.924000  0.000038 0.000022 0.000060 0.000154 0.000064 0.000033 
5907776 particles 1 1428 52 1.130000 2.466000  0.000036 0.000021 0.000057 0.000126 0.000060 0.000031 
5907776 particles 1 1428 51 1.130000 1.772000  0.000038 0.000021 0.000060 0.000165 0.000062 0.000033 
5907776 particles 1 1428 51 1.130000 2.077000  0.000024 0.000020 0.000058 0.000132 0.000065 0.000033 
5907840 particles 1 1428 52 1.130000 1.464000  0.000028 0.000019 0.000054 0.000132 0.000056 0.000030 
5907840 particles 1 1428 52 1.130000 1.694000  0.000042 0.000024 0.000066 0.000193 0.000070 0.000035 
5907840 particles 1 1428 52 1.130000 2.231000  0.000024 0.000020 0.000057 0.000144 0.000063 0.000033 
5907904 particles 1 1428 52 1.130000 1.772000  0.000024 0.000022 0.000062 0.000164 0.000067 0.000033 
5907904 particles 1 1428 52 1.130000 2.312000  0.000026 0.000021 0.000057 0.000140 0.000062 0.000032 
5907904 particles 1 1428 52 1.130000 1.539000  0.000023 0.000020 0.000056 0.000165 0.000067 0.000034 
5907968 particles 1 1428 52 1.130000 1.232000  0.000025 0.000021 0.000058 0.000131 0.000064 0.000033 
5907968 particles 1 1428 51 1.130000 1.693000  0.000029 0.000020 0.000056 0.000142 0.000059 0.000031 
5908032 particles 1 1428 52 1.130000 1.386000  0.000025 0.000020 0.000056 0.000132 0.000063 0.000032 
5908032 particles 1 1428 52 1.130000 1.155000  0.000022 0.000019 0.000052 0.000103 0.000053 0.000029 
5908032 particles 1 1428 52 1.130000 1.464000  0.000033 0.000022 0.000068 0.000206 0.000072 0.000035 
5908096 particles 1 1428 52 1.130000 1.309000  0.000029 0.000020 0.000054 0.000117 0.000058 0.000030 
5908096 particles 1 1428 52 1.130000 1.926000  0.000027 0.000020 0.000055 0.000116 0.000061 0.000031 
5908096 particles 1 1428 52 1.130000 1.925000  0.000032 0.000020 0.000055 0.000125 0.000062 0.000031 
5908160 particles 1 1428 52 1.130000 1.849000  0.000023 0.000019 0.000053 0.000105 0.000057 0.000030 
5908160 particles 1 1428 52 1.130000 1.311000  0.000024 0.000022 0.000060 0.000154 0.000064 0.000032 
5908160 particles 1 1428 51 1.130000 1.926000  0.000028 0.000022 0.000059 0.000148 0.000059 0.000030 
5908224 particles 1 1428 51 1.130000 1.695000  0.000024 0.000019 0.000054 0.000119 0.000059 0.000031 
5908224 particles 1 1428 51 1.130000 1.155000  0.000032 0.000019 0.000051 0.000111 0.000054 0.000028 
5908224 particles 1 1428 51 1.130000 1.618000  0.000023 0.000019 0.000052 0.000106 0.000056 0.000029 
5908288 particles 1 1428 51 1.130000 2.002000  0.000024 0.000019 0.000055 0.000139 0.000064 0.000032 
5908288 particles 1 1428 52 1.130000 1.695000  0.000024 0.000019 0.000053 0.000117 0.000059 0.000031 
5908288 particles 1 1428 52 1.130000 1.155000  0.000040 0.000020 0.000053 0.000120 0.000056 0.000030 
5908352 particles 1 1428 52 1.130000 1.926000  0.000030 0.000020 0.000057 0.000163 0.000060 0.000031 
5908352 particles 1 1428 52 1.130000 1.618000  0.000069 0.000022 0.000060 0.000176 0.000066 0.000033 
5908416 particles 1 1428 51 1.130000 1.693000  0.000026 0.000020 0.000054 0.000121 0.000062 0.000031 
5908416 particles 1 1428 52 1.130000 2.078000  0.000026 0.000020 0.000055 0.000131 0.000062 0.000031 
5908416 particles 1 1428 52 1.130000 1.694000  0.000023 0.000019 0.000051 0.000108 0.000054 0.000028 
5908480 particles 1 1428 51 1.130000 1.387000  0.000022 0.000018 0.000050 0.000101 0.000054 0.000028 
5908480 particles 1 1428 51 1.130000 1.618000  0.000020 0.000017 0.000048 0.000096 0.000050 0.000027 
5908480 particles 1 1428 52 1.130000 2.310000  0.000021 0.000018 0.000050 0.000106 0.000058 0.000030 
5908544 particles 1 1428 52 1.130000 1.771000  0.000027 0.000018 0.000051 0.000126 0.000054 0.000028 
5908544 particles 1 1428 52 1.130000 1.695000  0.000025 0.000019 0.000052 0.000115 0.000058 0.000029 
5908544 particles 1 1428 52 1.130000 1.541000  0.000034 0.000019 0.000050 0.000116 0.000051 0.000027 
5908608 particles 1 1428 51 1.130000 1.693000  0.000025 0.000019 0.000052 0.000118 0.000058 0.000030 
5908608 particles 1 1428 51 1.130000 1.847000  0.000023 0.000018 0.000052 0.000113 0.000057 0.000030 
5908608 particles 1 1428 51 1.130000 1.463000  0.000016 0.000014 0.000040 0.000090 0.000046 0.000023 
5908672 particles 1 1428 52 1.130000 1.617000  0.000030 0.000019 0.000052 0.000133 0.000055 0.000028 
5908672 particles 1 1428 52 1.130000 1.770000  0.000024 0.000019 0.000051 0.000123 0.000056 0.000030 
5908672 particles 1 1428 52 1.130000 2.000000  0.000024 0.000018 0.000049 0.000109 0.000052 0.000028 
5908736 particles 1 1428 52 1.130000 1.616000  0.000024 0.000018 0.000049 0.000100 0.000050 0.000026 
5908736 particles 1 1428 52 1.130000 1.387000  0.000040 0.000019 0.000052 0.000127 0.000057 0.000029 
5908800 particles 1 1428 52 1.130000 1.464000  0.000022 0.000017 0.000047 0.000103 0.000048 0.000026 
5908800 particles 1 1428 52 1.130000 2.078000  0.000020 0.000017 0.000047 0.000095 0.000051 0.000027 
5908800 particles 1 1428 52 1.130000 1.232000  0.000020 0.000016 0.000045 0.000089 0.000047 0.000025 
5908864 particles 1 1428 52 1.130000 2.002000  0.000026 0.000038 0.000089 0.000209 0.000085 0.000039 
5908864 particles 1 1428 52 1.130000 1.926000  0.000019 0.000017 0.000046 0.000103 0.000049 0.000026 
5908864 particles 1 1428 52 1.130000 1.770000  0.000028 0.000018 0.000050 0.000118 0.000056 0.000028 
5908928 particles 1 1428 52 1.130000 1.771000  0.000022 0.000018 0.000049 0.000112 0.000056 0.000028 
5908928 particles 1 1428 52 1.130000 1.309000  0.000026 0.000018 0.000051 0.000131 0.000055 0.000028 
5908928 particles 1 1428 52 1.130000 1.462000  0.000025 0.000018 0.000050 0.000121 0.000053 0.000027 
5908992 particles 1 1428 52 1.130000 2.080000  0.709472 0.128776 0.274318 0.709605 0.164172 0.068358 
5908992 particles 1 1428 52 1.130000 1.540000  0.000039 0.000020 0.000053 0.000162 0.000060 0.000030 
5909056 particles 1 1428 52 1.130000 1.847000  0.000019 0.000016 0.000044 0.000107 0.000048 0.000026 
5909056 particles 1 1428 52 1.130000 1.695000  0.000037 0.000020 0.000054 0.000160 0.000060 0.000029 
5909056 particles 1 1428 52 1.130000 1.695000  0.000020 0.000016 0.000046 0.000105 0.000047 0.000025 
5909120 particles 1 1428 52 1.130000 2.464000  0.000033 0.000018 0.000048 0.000120 0.000051 0.000026 
5909120 particles 1 1428 52 1.130000 1.309000  0.000019 0.000016 0.000044 0.000093 0.000046 0.000025 
5909120 particles 1 1428 52 1.130000 1.924000  0.000159 0.000101 0.000291 0.000912 0.000329 0.000167 
5909184 particles 1 1428 52 1.130000 2.308000  0.000021 0.000017 0.000046 0.000105 0.000050 0.000026 
5909184 particles 1 1428 52 1.130000 1.848000  0.000026 0.000016 0.000046 0.000110 0.000096 0.000044 
5909248 particles 1 1428 52 1.130000 1.385000  0.939317 0.147385 0.284179 0.939512 0.178005 0.072106 
5909248 particles 1 1428 51 1.130000 1.694000  0.000019 0.000016 0.000044 0.000100 0.000046 0.000025 
5909248 particles 1 1428 51 1.130000 1.694000  0.000023 0.000017 0.000047 0.000115 0.000052 0.000027 
5909312 particles 1 1428 52 1.130000 1.464000  0.000040 0.000020 0.000052 0.000135 0.000055 0.000028 
5909312 particles 1 1428 51 1.130000 1.771000  0.000023 0.000017 0.000049 0.000121 0.000054 0.000027 
5909312 particles 1 1428 51 1.130000 1.847000  0.000022 0.000017 0.000045 0.000104 0.000049 0.000025 
5909376 particles 1 1428 51 1.130000 1.847000  0.000021 0.000016 0.000119 0.000373 0.000100 0.000045 
5909376 particles 1 1428 51 1.130000 1.464000  0.000019 0.000016 0.000047 0.000110 0.000050 0.000026 
5909376 particles 1 1428 51 1.130000 1.539000  0.000019 0.000016 0.000044 0.000088 0.000047 0.000025 
5909440 particles 1 1428 51 1.130000 1.618000  0.000022 0.000016 0.000046 0.000108 0.000052 0.000026 
5909440 particles 1 1428 51 1.130000 1.849000  0.000019 0.000016 0.000045 0.000100 0.000049 0.000025 
5909440 particles 1 1428 52 1.130000 1.387000  0.000019 0.000016 0.000046 0.000120 0.000051 0.000026 
5909504 particles 1 1428 52 1.130000 1.388000  0.000027 0.000017 0.000045 0.000110 0.000052 0.000027 
5909504 particles 1 1428 51 1.130000 2.001000  0.000019 0.000016 0.000044 0.000103 0.000045 0.000024 
5909568 particles 1 1428 51 1.130000 2.001000  0.000020 0.000017 0.000046 0.000113 0.000051 0.000026 
5909568 particles 1 1428 51 1.130000 1.309000  0.000026 0.000017 0.000047 0.000121 0.000047 0.000026 
5909568 particles 1 1428 51 1.130000 2.003000  0.000021 0.000015 0.000042 0.000100 0.000047 0.000025 
5909632 particles 1 1428 52 1.130000 2.004000  0.000020 0.000016 0.000043 0.000089 0.000046 0.000024 
5909632 particles 1 1428 52 1.130000 1.619000  0.000021 0.000019 0.000050 0.000129 0.000055 0.000027 
5909632 particles 1 1428 51 1.130000 2.081000  0.000134 0.000054 0.000127 0.000297 0.000114 0.000052 
5909696 particles 1 1428 51 1.130000 2.078000  0.000020 0.000365 0.000854 0.000735 0.000353 0.000202 
5909696 particles 1 1428 51 1.130000 1.771000  0.000020 0.000015 0.000044 0.000095 0.000047 0.000024 
5909696 particles 1 1428 52 1.130000 1.232000  0.000018 0.000015 0.000041 0.000083 0.000042 0.000023 
5909760 particles 1 1428 52 1.130000 1.773000  0.000020 0.000018 0.000048 0.000128 0.000053 0.000027 
5909760 particles 1 1428 52 1.130000 2.003000  1.107185 0.201871 0.436356 1.107525 0.259473 0.109014 
5909824 particles 1 1428 52 1.130000 1.540000  0.000085 0.000069 0.000188 0.000378 0.000202 0.000106 
5909824 particles 1 1428 52 1.130000 1.924000  0.000018 0.000016 0.000050 0.000140 0.000053 0.000026 
5909824 particles 1 1428 51 1.130000 1.848000  0.000022 0.000016 0.000044 0.000099 0.000050 0.000025 
5909888 particles 1 1428 51 1.130000 1.387000  0.000027 0.000016 0.000043 0.000094 0.000046 0.000024 
5909888 particles 1 1428 51 1.130000 1.849000  0.000025 0.000016 0.000043 0.000094 0.000045 0.000024 
5909888 particles 1 1428 51 1.130000 1.925000  0.000020 0.000016 0.000044 0.000098 0.000050 0.000025 
5909952 particles 1 1428 51 1.130000 2.002000  0.000017 0.000015 0.000041 0.000098 0.000045 0.000024 
5909952 particles 1 1428 51 1.130000 1.847000  0.000018 0.000015 0.000054 0.000108 0.000063 0.000031 
5909952 particles 1 1428 51 1.130000 2.618000  0.000028 0.000017 0.000046 0.000130 0.000049 0.000025 
5910016 particles 1 1428 51 1.130000 1.770000  0.000018 0.000015 0.000041 0.000089 0.000045 0.000024 
5910016 particles 1 1428 51 1.130000 2.234000  0.000024 0.000016 0.000043 0.000103 0.000046 0.000024 
5910016 particles 1 1428 52 1.130000 1.925000  0.000025 0.000016 0.000045 0.000120 0.000048 0.000025 
5910080 particles 1 1428 52 1.130000 2.386000  0.000020 0.000016 0.000043 0.000100 0.000050 0.000025 
5910080 particles 1 1428 52 1.130000 2.079000  0.000021 0.000016 0.000042 0.000100 0.000044 0.000023 
5910144 particles 1 1428 52 1.130000 1.770000  0.000038 0.000018 0.000047 0.000126 0.000049 0.000025 
5910144 particles 1 1428 52 1.130000 1.464000  0.000016 0.000014 0.000039 0.000080 0.000041 0.000022 
5910144 particles 1 1428 52 1.130000 1.772000  0.000017 0.000014 0.000041 0.000091 0.000046 0.000024 
5910208 particles 1 1428 52 1.130000 1.924000  0.000023 0.000015 0.000042 0.000129 0.000046 0.000023 
5910208 particles 1 1428 51 1.130000 1.310000  0.000022 0.000016 0.000043 0.000097 0.000048 0.000024 
5910208 particles 1 1428 51 1.130000 1.309000  0.000019 0.000015 0.000041 0.000102 0.000048 0.000024 
5910272 particles 1 1428 51 1.130000 1.925000  0.000022 0.000016 0.000045 0.000117 0.000047 0.000024 
5910272 particles 1 1428 51 1.130000 1.693000  0.000017 0.000015 0.000042 0.000104 0.000046 0.000024 
5910272 particles 1 1428 52 1.130000 1.850000  0.000018 0.000015 0.000041 0.000092 0.000047 0.000024 
5910336 particles 1 1428 52 1.130000 1.847000  0.000019 0.000015 0.000042 0.000094 0.000047 0.000024 
5910336 particles 1 1428 51 1.130000 1.309000  0.000026 0.000019 0.000053 0.000113 0.000055 0.000029 
5910336 particles 1 1428 51 1.130000 1.848000  0.000023 0.000020 0.000055 0.000127 0.000063 0.000033 
5910400 particles 1 1428 52 1.130000 1.924000  0.000016 0.000014 0.000038 0.000078 0.000039 0.000021 
5910400 particles 1 1428 52 1.130000 1.771000  0.000023 0.000015 0.000041 0.000101 0.000045 0.000023 
5910400 particles 1 1428 52 1.130000 2.001000  0.000018 0.000015 0.000041 0.000092 0.000047 0.000023 
5910464 particles 1 1428 51 1.130000 1.694000  0.000018 0.000014 0.000040 0.000090 0.000045 0.000023 
5910464 particles 1 1428 51 1.130000 1.770000  0.000021 0.000015 0.000040 0.000088 0.000045 0.000023 
5910528 particles 1 1428 51 1.130000 2.230000  0.000016 0.000013 0.000038 0.000088 0.000041 0.000021 
5910528 particles 1 1428 51 1.130000 1.617000  0.000026 0.000015 0.000041 0.000093 0.000045 0.000023 
5910528 particles 1 1428 51 1.130000 2.080000  0.000015 0.000013 0.000037 0.000077 0.000039 0.000021 
5910592 particles 1 1428 51 1.130000 2.078000  0.000023 0.000015 0.000040 0.000093 0.000042 0.000022 
5910592 particles 1 1428 52 1.130000 1.695000  0.000016 0.000014 0.000038 0.000082 0.000044 0.000023 
5910592 particles 1 1428 52 1.130000 1.925000  0.000020 0.000014 0.000040 0.000093 0.000045 0.000023 
5910656 particles 1 1428 52 1.130000 1.232000  0.000017 0.000014 0.000040 0.000088 0.000044 0.000023 
5910656 particles 1 1428 51 1.130000 1.693000  0.000016 0.000013 0.000036 0.000075 0.000038 0.000020 
5910656 particles 1 1428 51 1.130000 1.850000  0.000025 0.000015 0.000042 0.000101 0.000046 0.000023 
5910720 particles 1 1428 51 1.130000 1.772000  0.000016 0.000013 0.000038 0.000097 0.000042 0.000022 
5910720 particles 1 1428 51 1.130000 1.771000  0.011621 0.012752 0.033555 0.091291 0.035779 0.017532 
5910720 particles 1 1428 52 1.130000 1.693000  0.004821 0.003250 0.009201 0.025077 0.010976 0.005359 
5910784 particles 1 1428 52 1.130000 1.695000  0.002635 0.002085 0.005777 0.013111 0.006406 0.003259 
5910784 particles 1 1428 51 1.130000 2.541000  0.002984 0.001689 0.004497 0.011124 0.004769 0.002466 
5910784 particles 1 1428 51 1.130000 1.616000  0.001876 0.001164 0.003129 0.007418 0.003325 0.001706 
5910848 particles 1 1428 51 1.130000 2.616000  0.001155 0.000996 0.002812 0.007541 0.003170 0.001640 
5910848 particles 1 1428 52 1.130000 2.232000  0.001297 0.000865 0.002384 0.005140 0.002466 0.001328 
5910912 particles 1 1428 52 1.130000 2.309000  0.001290 0.000768 0.002130 0.005233 0.002288 0.001176 
5910912 particles 1 1428 52 1.130000 1.463000  0.000939 0.000609 0.001671 0.003654 0.001735 0.000921 
5910912 particles 1 1428 52 1.130000 2.004000  0.001042 0.000629 0.001995 0.006370 0.001994 0.001000 
5910976 particles 1 1428 52 1.130000 1.461000  0.000021 0.000018 0.000048 0.000099 0.000051 0.000027 
5910976 particles 1 1428 52 1.130000 1.309000  0.000564 0.000456 0.001237 0.002659 0.001307 0.000690 
5910976 particles 1 1428 52 1.130000 2.004000  0.000459 0.000398 0.001399 0.002847 0.001630 0.000799 
5911040 particles 1 1428 51 1.130000 1.618000  0.000414 0.000341 0.000978 0.007670 0.002111 0.000879 
5911040 particles 1 1428 51 1.130000 1.463000  0.000570 0.000349 0.000959 0.002412 0.001049 0.000564 
5911040 particles 1 1428 52 1.130000 1.770000  0.000473 0.000375 0.000965 0.002547 0.001034 0.000532 
5911104 particles 1 1428 52 1.130000 2.004000  0.000396 0.000290 0.000835 0.001930 0.000945 0.000487 
5911104 particles 1 1428 52 1.130000 1.850000  0.000306 0.000276 0.000774 0.001808 0.000875 0.000459 
5911168 particles 1 1428 52 1.130000 2.849000  0.000328 0.000271 0.000753 0.001754 0.000846 0.000433 
5911168 particles 1 1428 51 1.130000 1.847000  0.000477 0.000268 0.000718 0.001725 0.000755 0.000389 
5911168 particles 1 1428 52 1.130000 1.771000  0.000273 0.000240 0.000672 0.001548 0.000725 0.000379 
5911232 particles 1 1428 52 1.130000 2.001000  0.000287 0.000239 0.000657 0.001473 0.000705 0.000361 
5911232 particles 1 1428 52 1.130000 1.616000  0.000269 0.000216 0.000594 0.001291 0.000621 0.000327 
5911232 particles 1 1428 52 1.130000 1.847000  0.040772 0.006937 0.014468 0.040882 0.008861 0.003649 
5911296 particles 1 1428 52 1.130000 2.003000  0.000332 0.000223 0.000604 0.001443 0.000625 0.000331 
5911296 particles 1 1428 52 1.130000 1.695000  0.000268 0.000209 0.000607 0.001669 0.000687 0.000353 
5911296 particles 1 1428 52 1.130000 1.539000  0.000242 0.000188 0.000531 0.001155 0.000550 0.000295 
5911360 particles 1 1428 52 1.130000 1.233000  0.000224 0.000192 0.000531 0.001053 0.000562 0.000297 
5911360 particles 1 1428 52 1.130000 1.387000  0.000216 0.000179 0.000498 0.001002 0.000513 0.000276 
5911360 particles 1 1428 52 1.130000 1.773000  0.000238 0.000186 0.000516 0.001152 0.000561 0.000290 
5911424 particles 1 1428 52 1.130000 1.771000  0.000249 0.000191 0.000519 0.001231 0.000586 0.000299 
5911424 particles 1 1428 52 1.130000 1.311000  0.000981 0.000282 0.000663 0.001823 0.000777 0.000374 
5911488 particles 1 1428 52 1.130000 1.695000  0.000228 0.000171 0.000481 0.001127 0.000552 0.000279 
5911488 particles 1 1428 52 1.130000 2.080000  0.000185 0.000158 0.000443 0.000883 0.000454 0.000245 
5911488 particles 1 1428 52 1.130000 1.540000  0.000227 0.000181 0.000489 0.001176 0.000531 0.000272 
5911552 particles 1 1428 52 1.130000 1.387000  0.000289 0.000174 0.000466 0.001171 0.000480 0.000249 
5911552 particles 1 1428 52 1.130000 2.154000  0.000469 0.000365 0.000773 0.003298 0.000840 0.000360 
5911552 particles 1 1428 52 1.130000 1.387000  0.000201 0.000156 0.000451 0.001184 0.000511 0.000254 
5911616 particles 1 1428 52 1.130000 1.309000  0.000305 0.000192 0.000505 0.001434 0.000535 0.000262 
5911616 particles 1 1428 52 1.130000 2.385000  0.000182 0.000144 0.000393 0.000867 0.000422 0.000224 
5911616 particles 1 1428 52 1.130000 1.310000  0.000157 0.000134 0.000374 0.000744 0.000391 0.000208 
5911680 particles 1 1428 52 1.130000 1.693000  0.000365 0.000322 0.000710 0.002910 0.000746 0.000320 
5911680 particles 1 1428 52 1.130000 2.078000  0.000197 0.000134 0.000369 0.000877 0.000379 0.000201 
5911744 particles 1 1428 52 1.130000 2.154000  0.000175 0.000136 0.000384 0.001052 0.000443 0.000240 
5911744 particles 1 1428 52 1.130000 1.387000  0.000161 0.000191 0.000563 0.001181 0.000534 0.000296 
5911744 particles 1 1428 51 1.130000 1.541000  0.000148 0.000126 0.000346 0.000875 0.000444 0.000254 
5911808 particles 1 1428 51 1.130000 1.773000  0.000149 0.000122 0.000431 0.000912 0.000505 0.000246 
5911808 particles 1 1428 51 1.130000 1.693000  0.000133 0.000112 0.000311 0.000609 0.000323 0.000173 
5911808 particles 1 1428 51 1.130000 1.925000  0.000190 0.000121 0.000328 0.000756 0.000368 0.000188 
5911872 particles 1 1428 51 1.130000 1.616000  0.000130 0.000122 0.000315 0.000710 0.000334 0.000170 
5911872 particles 1 1428 51 1.130000 1.616000  0.000129 0.000108 0.000383 0.000794 0.000443 0.000218 
5911872 particles 1 1428 51 1.130000 1.462000  0.000122 0.000105 0.000302 0.000788 0.000335 0.000172 
5911936 particles 1 1428 51 1.130000 1.618000  0.000129 0.000107 0.000304 0.000672 0.000337 0.000174 
5911936 particles 1 1428 51 1.130000 1.616000  0.000151 0.000107 0.000292 0.000661 0.000321 0.000167 
5911936 particles 1 1428 51 1.130000 1.464000  0.000129 0.000104 0.000285 0.000618 0.000312 0.000161 
5912000 particles 1 1428 51 1.130000 2.311000  0.000119 0.000098 0.000268 0.000538 0.000286 0.000150 
5912000 particles 1 1428 51 1.130000 1.310000  0.000123 0.000100 0.000280 0.000711 0.000319 0.000160 
5912064 particles 1 1428 51 1.130000 1.772000  0.000125 0.000096 0.000270 0.000600 0.000297 0.000151 
5912064 particles 1 1428 51 1.130000 1.847000  0.000099 0.000087 0.000240 0.000469 0.000248 0.000134 
5912064 particles 1 1428 51 1.130000 1.927000  0.000114 0.000091 0.000250 0.000556 0.000284 0.000145 
5912128 particles 1 1428 51 1.130000 1.233000  0.000107 0.000083 0.000243 0.000611 0.000264 0.000138 
5912128 particles 1 1428 51 1.130000 1.308000  0.000162 0.000097 0.000267 0.000741 0.000281 0.000146 
5912128 particles 1 1428 51 1.130000 1.847000  0.000158 0.000087 0.000239 0.000575 0.000263 0.000135 
5912192 particles 1 1428 51 1.130000 1.696000  0.000109 0.000087 0.000241 0.000532 0.000263 0.000137 
5912192 particles 1 1428 51 1.130000 2.312000  0.000101 0.000081 0.000225 0.001017 0.000364 0.000175 
