#Timestamp	Benchmark	Run(#)	CPU Frequency (MHz)	CPU Temperature(C)	CPU Voltage(V)	CPU Power(W)	CPU_CYCLES	L1_DATA_CACHE_ACCESS	INSTRUCTIONS_RETIRED	BUS_CYCLES	L1I_CACHE_ACCESS	PREDICTABLE_BRANCH_SPECULATIVELY_EXECUTED
3409984 convolutionTexture 1 403 40 0.842000 0.693000  0.000005 0.000004 0.000013 0.000025 0.000016 0.000008 
3410048 convolutionTexture 1 403 40 0.842000 0.770000  0.182391 0.060797 0.125412 0.182409 0.063184 0.025897 
3410048 convolutionTexture 1 403 40 0.842000 0.694000  0.000021 0.000019 0.000054 0.000126 0.000059 0.000030 
3410048 convolutionTexture 1 403 40 0.842000 0.771000  0.000020 0.000018 0.000049 0.000101 0.000052 0.000027 
3410112 convolutionTexture 1 403 40 0.842000 0.770000  0.000022 0.000019 0.000051 0.000110 0.000057 0.000029 
3410112 convolutionTexture 1 403 40 0.842000 0.770000  0.000020 0.000017 0.000047 0.000091 0.338281 0.076736 
3410176 convolutionTexture 1 403 40 0.842000 0.771000  0.000048 0.000037 0.000099 0.000205 0.000104 0.000054 
3410176 convolutionTexture 1 403 40 0.842000 0.694000  0.000040 0.000034 0.000095 0.000190 0.000098 0.000053 
3410240 convolutionTexture 1 403 40 0.842000 0.847000  0.000020 0.000018 0.000048 0.000096 0.000052 0.000027 
3410240 convolutionTexture 1 403 40 0.842000 0.771000  0.009812 0.002819 0.006055 0.010182 0.003235 0.001479 
3410304 convolutionTexture 1 403 40 0.842000 0.694000  0.000040 0.000035 0.000098 0.000190 0.000103 0.000055 
3410304 convolutionTexture 1 403 40 0.842000 0.848000  0.000039 0.000035 0.000101 0.000429 0.000153 0.000073 
3410304 convolutionTexture 1 403 40 0.842000 0.771000  0.000025 0.000019 0.000051 0.000110 0.000057 0.000029 
3410368 convolutionTexture 1 403 40 0.842000 0.771000  0.000019 0.000017 0.000048 0.000093 0.000051 0.000027 
3410368 convolutionTexture 1 403 40 0.842000 0.540000  0.000018 0.000017 0.000046 0.000087 0.000048 0.000026 
3410432 convolutionTexture 1 403 40 0.842000 0.616000  0.000512 0.000462 0.001260 0.002434 0.001358 0.000715 
3410432 convolutionTexture 1 403 40 0.842000 0.694000  0.000018 0.000017 0.000046 0.000088 0.000047 0.000026 
3410432 convolutionTexture 1 403 39 0.842000 0.616000  0.000514 0.000439 0.001215 0.002479 0.001316 0.000678 
3410496 convolutionTexture 1 403 40 0.842000 0.463000  0.000018 0.000017 0.000046 0.000087 0.000047 0.000026 
3410496 convolutionTexture 1 403 40 0.842000 0.539000  0.000022 0.000019 0.000051 0.000110 0.000055 0.000029 
3410560 convolutionTexture 1 403 40 0.842000 0.462000  0.000018 0.000016 0.000046 0.000087 0.000047 0.000025 
3410560 convolutionTexture 1 403 40 0.842000 0.617000  0.000019 0.000017 0.000048 0.000092 0.000050 0.000027 
3410624 convolutionTexture 1 403 40 0.842000 0.462000  0.224506 0.076246 0.164991 0.224523 0.079147 0.034458 
3410624 convolutionTexture 1 403 40 0.842000 0.694000  0.000023 0.000018 0.000049 0.000105 0.000056 0.000028 
3410624 convolutionTexture 1 403 40 0.842000 0.462000  0.000018 0.000016 0.000046 0.000089 0.000047 0.000025 
3410688 convolutionTexture 1 403 40 0.842000 0.693000  0.000019 0.000017 0.000061 0.000129 0.000063 0.000035 
3410688 convolutionTexture 1 403 40 0.842000 0.463000  0.000019 0.000016 0.000046 0.000089 0.000048 0.000026 
3410752 convolutionTexture 1 403 40 0.842000 0.617000  0.000019 0.000017 0.000048 0.000091 0.000050 0.000031 
3410752 convolutionTexture 1 403 40 0.842000 0.617000  0.000017 0.000014 0.000039 0.000081 0.000042 0.000022 
3410816 convolutionTexture 1 403 40 0.842000 0.617000  0.000019 0.000016 0.000046 0.000124 0.000055 0.000027 
3410816 convolutionTexture 1 403 40 0.842000 0.695000  0.000023 0.000019 0.000081 0.000199 0.000078 0.000037 
3410816 convolutionTexture 1 403 40 0.842000 0.539000  0.000023 0.000018 0.000050 0.000102 0.000055 0.000028 
3410880 convolutionTexture 1 403 40 0.842000 0.617000  0.000019 0.000017 0.000047 0.000099 0.000054 0.000028 
3410880 convolutionTexture 1 403 40 0.842000 0.693000  0.000021 0.000018 0.000050 0.000102 0.000053 0.000027 
3410944 convolutionTexture 1 403 40 0.842000 0.617000  0.000024 0.000019 0.000050 0.000108 0.000056 0.000029 
3410944 convolutionTexture 1 403 40 0.842000 0.617000  0.000023 0.000022 0.000057 0.000132 0.000062 0.000030 
3410944 convolutionTexture 1 403 40 0.842000 0.694000  0.000019 0.000017 0.000047 0.000089 0.000050 0.000026 
3411008 convolutionTexture 1 403 40 0.842000 0.616000  0.000019 0.000017 0.000054 0.000124 0.000059 0.000029 
3411008 convolutionTexture 1 403 40 0.842000 0.617000  0.000018 0.000017 0.000047 0.000088 0.000050 0.000026 
3411072 convolutionTexture 1 403 40 0.842000 0.616000  0.000021 0.000018 0.000049 0.000101 0.000055 0.000028 
3411072 convolutionTexture 1 403 40 0.842000 0.695000  0.000018 0.000017 0.000047 0.000088 0.000049 0.000026 
3411072 convolutionTexture 1 403 40 0.842000 0.694000  0.000022 0.000018 0.000050 0.000104 0.000055 0.000029 
3411136 convolutionTexture 1 403 40 0.842000 0.616000  0.000018 0.000016 0.000045 0.000085 0.000047 0.000025 
3411136 convolutionTexture 1 403 40 0.842000 0.694000  0.000021 0.000018 0.000050 0.000104 0.000055 0.000028 
3411200 convolutionTexture 1 403 40 0.842000 0.771000  0.000018 0.000016 0.000045 0.000089 0.000046 0.000025 
3411200 convolutionTexture 1 403 40 0.842000 0.617000  0.000023 0.000019 0.000050 0.000104 0.000054 0.000028 
3411200 convolutionTexture 1 403 40 0.842000 0.616000  0.000027 0.000019 0.000049 0.000101 0.000052 0.000027 
3411264 convolutionTexture 1 403 40 0.842000 0.617000  0.000022 0.000018 0.000050 0.000104 0.000055 0.000028 
3411264 convolutionTexture 1 403 40 0.842000 0.617000  0.000018 0.000017 0.000046 0.000089 0.000049 0.000026 
3411328 convolutionTexture 1 403 40 0.842000 0.540000  0.000023 0.000019 0.000051 0.000107 0.000055 0.000027 
3411328 convolutionTexture 1 403 40 0.842000 0.616000  0.000020 0.000017 0.000047 0.000096 0.000049 0.000026 
3411328 convolutionTexture 1 403 40 0.842000 0.540000  0.000018 0.000016 0.000045 0.000086 0.000046 0.000025 
3411392 convolutionTexture 1 403 40 0.842000 0.539000  0.000023 0.000018 0.000048 0.000100 0.000053 0.000027 
3411392 convolutionTexture 1 403 40 0.842000 0.461000  0.000017 0.000016 0.000045 0.000085 0.000046 0.000025 
3411456 convolutionTexture 1 403 40 0.842000 0.616000  0.000020 0.000018 0.000048 0.000098 0.000052 0.000027 
3411456 convolutionTexture 1 403 40 0.842000 0.461000  0.000018 0.000016 0.000044 0.000085 0.000046 0.000025 
3411456 convolutionTexture 1 403 40 0.842000 0.538000  0.000020 0.000017 0.000046 0.000092 0.000048 0.000026 
3411520 convolutionTexture 1 403 40 0.842000 0.617000  0.000022 0.000018 0.000048 0.000106 0.000053 0.000027 
3411520 convolutionTexture 1 403 40 0.842000 0.693000  0.000018 0.012475 0.026880 0.038052 0.014104 0.006172 
3411584 convolutionTexture 1 403 40 0.842000 0.617000  0.033564 0.010483 0.021953 0.033622 0.011791 0.005155 
3411584 convolutionTexture 1 403 40 0.842000 0.617000  0.000019 0.000015 0.000040 0.000086 0.000046 0.000023 
3411584 convolutionTexture 1 403 40 0.842000 0.463000  0.000812 0.000212 0.000394 0.000828 0.000282 0.000113 
3411648 convolutionTexture 1 403 40 0.842000 0.694000  0.000018 0.000015 0.000089 0.000184 0.000075 0.000035 
3411648 convolutionTexture 1 403 40 0.842000 0.539000  0.000017 0.000016 0.000044 0.000083 0.000045 0.000024 
3411712 convolutionTexture 1 403 40 0.842000 0.693000  0.000022 0.000018 0.000049 0.000103 0.000054 0.000029 
3411712 convolutionTexture 1 403 40 0.842000 0.617000  0.000017 0.000016 0.000044 0.000083 0.000045 0.000024 
3411712 convolutionTexture 1 403 40 0.842000 0.539000  0.000022 0.000019 0.000052 0.000111 0.000055 0.000028 
3411776 convolutionTexture 1 403 40 0.842000 0.540000  0.004634 0.001853 0.003984 0.004691 0.001997 0.000935 
3411776 convolutionTexture 1 403 40 0.842000 0.695000  0.000022 0.000018 0.000050 0.000103 0.000055 0.000028 
3411840 convolutionTexture 1 403 40 0.842000 0.695000  0.006930 0.002767 0.005931 0.007012 0.002985 0.001405 
3411840 convolutionTexture 1 403 40 0.842000 0.616000  0.000022 0.000018 0.000049 0.000101 0.000053 0.000027 
3411904 convolutionTexture 1 403 40 0.842000 0.693000  0.000225 0.000191 0.000516 0.001044 0.000562 0.000301 
3411904 convolutionTexture 1 403 40 0.842000 0.462000  0.000017 0.000016 0.000044 0.000084 0.000045 0.000026 
3411968 convolutionTexture 1 403 40 0.842000 0.617000  0.000028 0.000019 0.000050 0.000110 0.000055 0.000028 
3411968 convolutionTexture 1 403 40 0.842000 0.462000  0.000032 0.000017 0.000046 0.000098 0.000047 0.000025 
3411968 convolutionTexture 1 403 40 0.842000 0.695000  0.000018 0.000017 0.000059 0.000118 0.000069 0.000034 
3412032 convolutionTexture 1 403 40 0.842000 0.462000  0.012232 0.004857 0.010500 0.012412 0.005261 0.002394 
3412032 convolutionTexture 1 403 40 0.842000 0.616000  0.000022 0.000020 0.000053 0.000117 0.000057 0.000028 
3412096 convolutionTexture 1 403 40 0.842000 0.463000  0.000021 0.000016 0.000056 0.000166 0.000073 0.000036 
3412096 convolutionTexture 1 403 40 0.842000 0.616000  0.000186 0.000169 0.000776 0.001661 0.000768 0.000366 
3412160 convolutionTexture 1 403 40 0.842000 0.695000  0.000175 0.000158 0.000480 0.000954 0.000487 0.000255 
3412160 convolutionTexture 1 403 40 0.842000 0.771000  0.000021 0.000017 0.000049 0.000112 0.000056 0.000028 
3412160 convolutionTexture 1 403 40 0.842000 0.694000  0.000018 0.000016 0.000045 0.000088 0.000048 0.000025 
3412224 convolutionTexture 1 403 40 0.842000 0.617000  0.000020 0.000018 0.000049 0.000101 0.000053 0.000027 
3412224 convolutionTexture 1 403 40 0.842000 0.693000  0.000023 0.000018 0.000048 0.000100 0.000054 0.000027 
3412288 convolutionTexture 1 403 40 0.842000 0.540000  0.000017 0.000016 0.000043 0.000083 0.000045 0.000024 
3412288 convolutionTexture 1 403 40 0.842000 0.617000  0.000020 0.000017 0.000047 0.000097 0.000052 0.000027 
3412352 convolutionTexture 1 403 40 0.842000 0.462000  0.000017 0.000016 0.000043 0.000083 0.000045 0.000024 
3412352 convolutionTexture 1 403 40 0.842000 0.617000  0.000022 0.000017 0.000048 0.000101 0.000054 0.000027 
3412352 convolutionTexture 1 403 40 0.842000 0.694000  0.120361 0.040001 0.085309 0.248982 0.106112 0.045475 
3412416 convolutionTexture 1 403 40 0.842000 0.616000  0.000018 0.000024 0.000058 0.000136 0.000067 0.000037 
3412416 convolutionTexture 1 403 40 0.842000 0.693000  0.000016 0.000022 0.000052 0.000120 0.000054 0.000026 
3412480 convolutionTexture 1 403 40 0.842000 0.616000  0.000021 0.000018 0.000050 0.000104 0.000052 0.000026 
3412480 convolutionTexture 1 403 40 0.842000 0.695000  0.000396 0.000207 0.000613 0.001243 0.000662 0.000319 
3412544 convolutionTexture 1 403 40 0.842000 0.463000  0.000017 0.000015 0.000043 0.000083 0.000049 0.000025 
3412544 convolutionTexture 1 403 40 0.842000 0.617000  0.000018 0.000016 0.000058 0.000114 0.000057 0.000033 
3412608 convolutionTexture 1 403 40 0.842000 0.616000  0.000015 0.000013 0.000036 0.000070 0.000038 0.000020 
3412608 convolutionTexture 1 403 40 0.842000 0.616000  0.000019 0.000016 0.000046 0.000094 0.000049 0.000026 
3412608 convolutionTexture 1 403 40 0.842000 0.694000  0.042011 0.016984 0.036399 0.042552 0.018224 0.008544 
3412672 convolutionTexture 1 403 40 0.842000 0.616000  0.000140 0.000098 0.001111 0.000969 0.000508 0.000273 
3412672 convolutionTexture 1 403 40 0.842000 0.617000  0.000145 0.000134 0.000369 0.000732 0.000392 0.000207 
3412736 convolutionTexture 1 403 40 0.842000 0.462000  0.000017 0.000015 0.000042 0.000081 0.000044 0.000024 
3412736 convolutionTexture 1 403 40 0.842000 0.616000  0.000018 0.000016 0.000047 0.000104 0.000051 0.000026 
3412800 convolutionTexture 1 403 40 0.842000 0.463000  0.000016 0.000015 0.000042 0.000081 0.000043 0.000024 
3412800 convolutionTexture 1 403 40 0.842000 0.849000  0.000022 0.000018 0.000048 0.000117 0.000055 0.000028 
3412800 convolutionTexture 1 403 40 0.842000 0.463000  0.000017 0.000015 0.000042 0.000081 0.000043 0.000023 
3412864 convolutionTexture 1 403 40 0.842000 0.617000  0.000196 0.000143 0.000377 0.000807 0.000412 0.000211 
3412864 convolutionTexture 1 403 40 0.842000 0.463000  0.000016 0.000015 0.000042 0.000080 0.000044 0.000023 
3412928 convolutionTexture 1 403 40 0.842000 0.694000  0.003340 0.002840 0.007737 0.015900 0.008488 0.004346 
3412928 convolutionTexture 1 403 40 0.842000 0.462000  0.000017 0.000015 0.000042 0.000080 0.000044 0.000023 
3412992 convolutionTexture 1 403 40 0.842000 0.616000  0.001688 0.000573 0.001109 0.002621 0.001010 0.000478 
3412992 convolutionTexture 1 403 40 0.842000 0.540000  0.000020 0.000015 0.000047 0.000117 0.000061 0.000031 
3412992 convolutionTexture 1 403 40 0.842000 0.693000  0.020708 0.008932 0.019030 0.021285 0.009489 0.004460 
3413056 convolutionTexture 1 403 40 0.842000 0.694000  0.000017 0.000016 0.000045 0.000094 0.000049 0.000025 
3413056 convolutionTexture 1 403 40 0.842000 0.693000  0.000021 0.000017 0.000046 0.000097 0.000051 0.000028 
3413120 convolutionTexture 1 403 40 0.842000 0.771000  0.000017 0.000015 0.000042 0.000079 0.000043 0.000023 
3413120 convolutionTexture 1 403 40 0.842000 0.616000  0.000021 0.000017 0.000046 0.000095 0.000050 0.000026 
3413120 convolutionTexture 1 403 40 0.842000 0.694000  0.549607 0.122084 0.244095 0.554738 0.162586 0.065415 
3413184 convolutionTexture 1 403 40 0.842000 0.693000  0.000017 0.000016 0.000043 0.000083 0.000046 0.000024 
3413184 convolutionTexture 1 403 40 0.842000 0.695000  0.618913 0.138868 0.280722 0.623378 0.183920 0.075202 
3413248 convolutionTexture 1 403 40 0.842000 0.617000  0.000017 0.000016 0.000056 0.000108 0.000064 0.000032 
3413248 convolutionTexture 1 403 40 0.842000 0.694000  0.001073 0.000965 0.002638 0.005227 0.002813 0.001482 
3413312 convolutionTexture 1 403 40 0.842000 0.540000  0.000004 0.000004 0.000011 0.000021 0.000014 0.000007 
3413312 convolutionTexture 1 403 40 0.842000 0.693000  0.000004 0.000004 0.000011 0.000022 0.000014 0.000007 
3413312 convolutionTexture 1 403 40 0.842000 0.772000  0.000021 0.000017 0.000048 0.000100 0.000055 0.000027 
3413376 convolutionTexture 1 403 40 0.842000 0.770000  0.000020 0.000017 0.000047 0.000101 0.000052 0.000026 
3413376 convolutionTexture 1 403 40 0.842000 0.462000  0.000019 0.000017 0.000047 0.000097 0.000052 0.000026 
3413440 convolutionTexture 1 403 40 0.842000 0.695000  0.000876 0.000808 0.002202 0.004284 0.002350 0.001238 
3413440 convolutionTexture 1 403 40 0.842000 0.462000  0.000016 0.000015 0.000041 0.000079 0.000043 0.000023 
3413440 convolutionTexture 1 403 40 0.842000 0.617000  0.000128 0.000112 0.000304 0.000592 0.000401 0.000198 
3413504 convolutionTexture 1 403 40 0.842000 0.462000  0.000036 0.000018 0.000047 0.000108 0.000049 0.000025 
3413504 convolutionTexture 1 403 40 0.842000 0.694000  0.001912 0.001005 0.003050 0.006225 0.003360 0.001613 
3413568 convolutionTexture 1 403 40 0.842000 0.540000  0.000019 0.000017 0.000059 0.000170 0.000070 0.000035 
3413568 convolutionTexture 1 403 40 0.842000 0.617000  0.000020 0.000017 0.000046 0.000097 0.000051 0.000026 
3413632 convolutionTexture 1 403 40 0.842000 0.694000  0.000625 0.000571 0.001583 0.003014 0.001641 0.000882 
3413632 convolutionTexture 1 403 40 0.842000 0.617000  0.000020 0.000016 0.000045 0.000091 0.000048 0.000025 
3413696 convolutionTexture 1 403 40 0.842000 0.694000  0.000075 0.000197 0.000408 0.000824 0.000298 0.000127 
3413696 convolutionTexture 1 403 40 0.842000 0.617000  0.000019 0.000016 0.000045 0.000092 0.000049 0.000025 
3413696 convolutionTexture 1 403 40 0.842000 0.617000  0.000017 0.000023 0.000055 0.000131 0.000067 0.000036 
3413760 convolutionTexture 1 403 40 0.842000 0.539000  0.000109 0.000099 0.000275 0.000522 0.000285 0.000153 
3413760 convolutionTexture 1 403 40 0.842000 0.616000  0.000019 0.000016 0.000044 0.000092 0.000049 0.000025 
3413824 convolutionTexture 1 403 40 0.842000 0.462000  0.000041 0.000025 0.000068 0.000168 0.000069 0.000032 
3413824 convolutionTexture 1 403 40 0.842000 0.617000  0.000021 0.000017 0.000046 0.000093 0.000049 0.000025 
3413888 convolutionTexture 1 403 40 0.842000 0.694000  0.028515 0.010559 0.023723 0.028981 0.011809 0.005121 
3413888 convolutionTexture 1 403 40 0.842000 0.770000  0.000021 0.000016 0.000045 0.000094 0.000050 0.000025 
3413952 convolutionTexture 1 403 40 0.842000 0.617000  0.000267 0.000193 0.000438 0.001020 0.000468 0.000249 
3413952 convolutionTexture 1 403 40 0.842000 0.462000  0.000016 0.000014 0.000041 0.000078 0.000041 0.000022 
3413952 convolutionTexture 1 403 40 0.842000 0.694000  0.000020 0.000017 0.000046 0.000094 0.000050 0.000025 
3414016 convolutionTexture 1 403 40 0.842000 0.462000  0.384822 0.113998 0.239734 0.386320 0.132626 0.058370 
3414016 convolutionTexture 1 403 40 0.842000 0.694000  0.000021 0.000016 0.000045 0.000094 0.000050 0.000025 
3414080 convolutionTexture 1 403 40 0.842000 0.771000  0.000062 0.000219 0.000463 0.001139 0.000323 0.000138 
3414080 convolutionTexture 1 403 40 0.842000 0.462000  0.000016 0.000015 0.000040 0.000076 0.000042 0.000022 
3414144 convolutionTexture 1 403 40 0.842000 0.616000  0.000020 0.000016 0.000044 0.000092 0.000049 0.000026 
3414144 convolutionTexture 1 403 40 0.842000 0.540000  0.000015 0.000014 0.000040 0.000076 0.000041 0.000022 
3414208 convolutionTexture 1 403 40 0.842000 0.616000  0.000461 0.000365 0.000983 0.002080 0.001101 0.000742 
3414208 convolutionTexture 1 403 40 0.842000 0.463000  0.000098 0.000090 0.000252 0.000480 0.000263 0.000140 
3414272 convolutionTexture 1 403 40 0.842000 0.694000  0.000103 0.000094 0.000337 0.000733 0.000352 0.000174 
3414272 convolutionTexture 1 403 40 0.842000 0.462000  0.058910 0.021571 0.046369 0.060182 0.024594 0.011463 
3414336 convolutionTexture 1 403 40 0.842000 0.617000  0.000016 0.000015 0.000043 0.000091 0.000049 0.000025 
3414336 convolutionTexture 1 403 40 0.842000 0.539000  0.098460 0.029971 0.062941 0.099678 0.035770 0.015822 
3414336 convolutionTexture 1 403 40 0.842000 0.617000  0.000020 0.000016 0.000044 0.000093 0.000049 0.000025 
3414400 convolutionTexture 1 403 40 0.842000 0.463000  0.022667 0.007343 0.015589 0.023040 0.008396 0.003838 
3414400 convolutionTexture 1 403 40 0.842000 0.617000  0.000036 0.000019 0.000049 0.000110 0.000052 0.000026 
3414464 convolutionTexture 1 403 40 0.842000 0.463000  0.000016 0.000014 0.000040 0.000075 0.000041 0.000032 
3414464 convolutionTexture 1 403 40 0.842000 0.617000  0.000017 0.000025 0.000059 0.000147 0.000064 0.000030 
3414464 convolutionTexture 1 403 40 0.842000 0.695000  0.000017 0.000015 0.000041 0.000080 0.000044 0.000027 
3414528 convolutionTexture 1 403 40 0.842000 0.540000  0.000017 0.000152 0.000340 0.000265 0.000154 0.000087 
3414528 convolutionTexture 1 403 40 0.842000 0.849000  0.000066 0.000034 0.000074 0.000180 0.000081 0.000041 
3414592 convolutionTexture 1 403 40 0.842000 0.463000  0.000016 0.000014 0.000040 0.000076 0.000042 0.000022 
3414592 convolutionTexture 1 403 40 0.842000 0.616000  0.000271 0.000248 0.000675 0.001295 0.000729 0.000381 
3414656 convolutionTexture 1 403 40 0.842000 0.693000  0.000020 0.000017 0.000044 0.000088 0.000045 0.000023 
3414656 convolutionTexture 1 403 40 0.842000 0.694000  0.000097 0.000089 0.000246 0.000473 0.000261 0.000137 
3414656 convolutionTexture 1 403 40 0.842000 0.617000  0.000016 0.000014 0.000042 0.000085 0.000043 0.000023 
3414720 convolutionTexture 1 403 40 0.842000 0.770000  0.000255 0.000232 0.000633 0.001227 0.000680 0.000357 
3414720 convolutionTexture 1 403 40 0.842000 0.462000  0.000016 0.000014 0.000039 0.000075 0.000041 0.000023 
3414784 convolutionTexture 1 403 40 0.842000 0.617000  0.000250 0.000335 0.000805 0.001935 0.000942 0.000514 
3414784 convolutionTexture 1 403 40 0.842000 0.694000  0.025929 0.011566 0.025188 0.026825 0.025738 0.012412 
3414848 convolutionTexture 1 403 40 0.842000 0.616000  0.000020 0.000016 0.000044 0.000093 0.000049 0.000025 
3414848 convolutionTexture 1 403 40 0.842000 0.693000  0.000060 0.001823 0.003924 0.004949 0.002009 0.000953 
3414912 convolutionTexture 1 403 40 0.842000 0.617000  0.000019 0.000016 0.000044 0.000091 0.000048 0.000025 
3414912 convolutionTexture 1 403 40 0.842000 0.693000  0.000016 0.000015 0.000041 0.000078 0.000043 0.000023 
3414912 convolutionTexture 1 403 40 0.842000 0.616000  0.000016 0.000014 0.000039 0.000074 0.000044 0.000023 
3414976 convolutionTexture 1 403 40 0.842000 0.694000  0.000017 0.000015 0.000041 0.000084 0.000046 0.000024 
3414976 convolutionTexture 1 403 40 0.842000 0.463000  0.000015 0.000014 0.000039 0.000075 0.000040 0.000022 
3415040 convolutionTexture 1 403 40 0.842000 0.616000  0.000016 0.000022 0.000052 0.000125 0.000061 0.000033 
3415040 convolutionTexture 1 403 40 0.842000 0.463000  0.147217 0.055738 0.119947 0.148006 0.060842 0.028463 
3415104 convolutionTexture 1 403 40 0.842000 0.617000  0.000016 0.000015 0.000040 0.000079 0.000043 0.000023 
3415104 convolutionTexture 1 403 40 0.842000 0.693000  0.169001 0.064845 0.139871 0.169760 0.070394 0.033086 
3415168 convolutionTexture 1 403 40 0.842000 0.616000  0.000020 0.000016 0.000044 0.000091 0.000048 0.000025 
3415168 convolutionTexture 1 403 40 0.842000 0.771000  0.193720 0.074792 0.161038 0.194787 0.081252 0.038227 
3415168 convolutionTexture 1 403 40 0.842000 0.617000  0.000019 0.000016 0.000043 0.000088 0.000047 0.000024 
3415232 convolutionTexture 1 403 40 0.842000 0.848000  0.000016 0.000015 0.000040 0.000080 0.000044 0.000026 
3415232 convolutionTexture 1 403 40 0.842000 0.463000  0.000028 0.000017 0.000043 0.000089 0.000044 0.000023 
3415296 convolutionTexture 1 403 40 0.842000 0.771000  0.000194 0.000180 0.000493 0.000963 0.000527 0.000277 
3415296 convolutionTexture 1 403 40 0.842000 0.463000  0.000015 0.000014 0.000039 0.000073 0.000040 0.000021 
3415360 convolutionTexture 1 403 40 0.842000 0.693000  0.000380 0.000216 0.000540 0.001148 0.000579 0.000287 
3415360 convolutionTexture 1 403 40 0.842000 0.463000  0.000015 0.000014 0.000039 0.000074 0.000040 0.000021 
3415424 convolutionTexture 1 403 40 0.842000 0.693000  0.000016 0.000019 0.000049 0.000111 0.000052 0.000026 
3415424 convolutionTexture 1 403 40 0.842000 0.694000  0.107017 0.029757 0.063376 0.107337 0.035145 0.015510 
3415488 convolutionTexture 1 403 40 0.842000 0.771000  0.000020 0.000016 0.000043 0.000090 0.000047 0.000024 
3415488 convolutionTexture 1 403 40 0.842000 0.463000  0.062752 0.026452 0.057484 0.063412 0.028010 0.013508 
3415488 convolutionTexture 1 403 40 0.842000 0.616000  0.000019 0.000015 0.000042 0.000087 0.000047 0.000024 
3415552 convolutionTexture 1 403 40 0.842000 0.770000  0.000016 0.000015 0.000040 0.000075 0.000042 0.000026 
3415552 convolutionTexture 1 403 40 0.842000 0.617000  0.000015 0.000014 0.000038 0.000072 0.000039 0.000021 
3415616 convolutionTexture 1 403 40 0.842000 0.616000  0.000171 0.000157 0.000427 0.000814 0.000459 0.000242 
3415616 convolutionTexture 1 403 40 0.842000 0.617000  0.000015 0.000014 0.000038 0.000083 0.000042 0.000022 
3415616 convolutionTexture 1 403 40 0.842000 0.616000  0.000016 0.000014 0.000040 0.000078 0.000042 0.000022 
3415680 convolutionTexture 1 403 40 0.842000 0.617000  0.000015 0.000014 0.000051 0.000114 0.000063 0.000030 
3415680 convolutionTexture 1 403 40 0.842000 0.694000  0.000385 0.000282 0.000639 0.001437 0.000691 0.000367 
3415744 convolutionTexture 1 403 40 0.842000 0.539000  0.000015 0.000014 0.000038 0.000073 0.000039 0.000021 
3415744 convolutionTexture 1 403 40 0.842000 0.694000  0.000019 0.000016 0.000043 0.000103 0.000051 0.000025 
3415808 convolutionTexture 1 403 40 0.842000 0.463000  0.000015 0.000014 0.000038 0.000073 0.000039 0.000021 
3415808 convolutionTexture 1 403 40 0.842000 0.616000  0.000016 0.000015 0.000041 0.000083 0.000044 0.000023 
3415872 convolutionTexture 1 403 40 0.842000 0.463000  0.000015 0.000014 0.000038 0.000073 0.000039 0.000021 
3415872 convolutionTexture 1 403 40 0.842000 0.617000  0.000083 0.000076 0.000210 0.000535 0.000270 0.000154 
3415936 convolutionTexture 1 403 40 0.842000 0.462000  0.000041 0.000022 0.000064 0.000181 0.000073 0.000034 
3415936 convolutionTexture 1 403 40 0.842000 0.694000  0.000023 0.000015 0.000042 0.000090 0.000047 0.000024 
3415936 convolutionTexture 1 403 40 0.842000 0.695000  0.000067 0.000045 0.000114 0.000272 0.000099 0.000047 
3416000 convolutionTexture 1 403 40 0.842000 0.617000  0.000015 0.000021 0.000051 0.000098 0.002067 0.000985 
3416000 convolutionTexture 1 403 40 0.842000 0.693000  0.000081 0.000074 0.000204 0.000387 0.000217 0.000114 
3416064 convolutionTexture 1 403 40 0.842000 0.617000  0.000014 0.000015 0.000040 0.000082 0.000041 0.000021 
3416064 convolutionTexture 1 403 40 0.842000 0.616000  0.000082 0.000074 0.000201 0.000388 0.000218 0.000113 
3416128 convolutionTexture 1 403 40 0.842000 0.694000  0.000015 0.000013 0.000038 0.000072 0.000038 0.000021 
3416128 convolutionTexture 1 403 40 0.842000 0.617000  0.000016 0.000014 0.000039 0.000078 0.000042 0.000022 
3416128 convolutionTexture 1 403 40 0.842000 0.616000  0.000015 0.000013 0.000038 0.000072 0.000039 0.000021 
3416192 convolutionTexture 1 403 40 0.842000 0.617000  0.000019 0.000015 0.000045 0.000099 0.000050 0.000025 
3416192 convolutionTexture 1 403 40 0.842000 0.462000  0.000015 0.000013 0.000037 0.000071 0.000039 0.000021 
3416256 convolutionTexture 1 403 40 0.842000 0.617000  0.000016 0.000017 0.000046 0.000100 0.000049 0.000025 
3416256 convolutionTexture 1 403 40 0.842000 0.463000  0.033776 0.010826 0.023116 0.034061 0.012264 0.005597 
3416256 convolutionTexture 1 403 40 0.842000 0.616000  0.000019 0.000015 0.000042 0.000087 0.000046 0.000023 
3416320 convolutionTexture 1 403 40 0.842000 0.540000  0.143261 0.040493 0.085381 0.143762 0.047966 0.020979 
3416320 convolutionTexture 1 403 40 0.842000 0.694000  0.000019 0.000015 0.000041 0.000088 0.000046 0.000023 
3416384 convolutionTexture 1 403 40 0.842000 0.695000  0.165676 0.026666 0.056778 0.079611 0.029867 0.013747 
3416384 convolutionTexture 1 403 40 0.842000 0.770000  0.000018 0.000015 0.000042 0.000087 0.000046 0.000024 
3416448 convolutionTexture 1 403 40 0.842000 0.772000  0.000019 0.000015 0.000041 0.000092 0.000045 0.000024 
3416448 convolutionTexture 1 403 40 0.842000 0.462000  0.000015 0.000013 0.000037 0.000073 0.000046 0.000024 
3416512 convolutionTexture 1 403 40 0.842000 0.770000  0.000018 0.000015 0.000041 0.000102 0.000049 0.000024 
3416512 convolutionTexture 1 403 40 0.842000 0.539000  0.000015 0.000013 0.000037 0.000071 0.000038 0.000021 
3416512 convolutionTexture 1 403 40 0.842000 0.694000  0.000135 0.000173 0.000415 0.000890 0.000494 0.000238 
3416576 convolutionTexture 1 403 40 0.842000 0.462000  0.000015 0.000014 0.000042 0.000117 0.000056 0.002680 
3416576 convolutionTexture 1 403 40 0.842000 0.617000  0.000073 0.000067 0.000184 0.000387 0.000210 0.000109 
3416640 convolutionTexture 1 403 40 0.842000 0.617000  0.000016 0.000014 0.000038 0.000076 0.000041 0.000022 
3416640 convolutionTexture 1 403 40 0.842000 0.694000  0.000069 0.000064 0.000177 0.000342 0.000183 0.000098 
3416704 convolutionTexture 1 403 40 0.842000 0.616000  0.000078 0.000075 0.000198 0.000426 0.000206 0.000106 
3416704 convolutionTexture 1 403 40 0.842000 0.540000  0.000071 0.000063 0.000177 0.000346 0.000179 0.000097 
3416704 convolutionTexture 1 403 40 0.842000 0.617000  -0.433658 0.477269 -0.096411 -0.433545 0.319711 0.104022 
3416768 convolutionTexture 1 403 40 0.842000 0.540000  0.000015 0.000013 0.000038 0.000072 0.000038 0.000021 
3416768 convolutionTexture 1 403 40 0.842000 0.616000  0.095552 0.033592 0.072653 0.096078 0.036879 0.016372 
3416832 convolutionTexture 1 403 40 0.842000 0.539000  0.000121 0.000132 0.000398 0.001096 0.000481 0.000243 
3416832 convolutionTexture 1 403 40 0.842000 0.617000  0.000116 0.000105 0.000371 0.000757 0.000438 0.000213 
3416896 convolutionTexture 1 403 40 0.842000 0.694000  0.000016 0.000014 0.000038 0.000072 0.000039 0.000021 
3416896 convolutionTexture 1 403 40 0.842000 0.617000  0.000019 0.000016 0.000043 0.000091 0.000047 0.000024 
3416896 convolutionTexture 1 403 40 0.842000 0.694000  0.000015 0.000014 0.000039 0.000082 0.000043 0.000022 
3416960 convolutionTexture 1 403 40 0.842000 0.694000  0.000109 0.000032 0.000088 0.000215 0.000084 0.000038 
3416960 convolutionTexture 1 403 40 0.842000 0.617000  0.000016 0.000014 0.000052 0.000110 0.000053 0.000029 
3417024 convolutionTexture 1 403 39 0.842000 0.770000  0.000015 0.000210 0.000476 0.000348 0.000206 0.000116 
3417024 convolutionTexture 1 403 39 0.842000 0.693000  0.000016 0.000014 0.000039 0.000076 0.000041 0.000022 
3417088 convolutionTexture 1 403 40 0.842000 0.539000  0.000015 0.000013 0.000037 0.000071 0.000038 0.000021 
3417088 convolutionTexture 1 403 40 0.842000 0.849000  0.000016 0.000014 0.000038 0.000078 0.000044 0.000022 
3417088 convolutionTexture 1 403 40 0.842000 0.540000  0.000014 0.000013 0.000037 0.000070 0.000038 0.000021 
3417152 convolutionTexture 1 403 40 0.842000 0.771000  0.000016 0.000014 0.000041 0.000089 0.000045 0.000023 
3417152 convolutionTexture 1 403 40 0.842000 0.617000  0.000578 0.000529 0.001455 0.002828 0.001552 0.000818 
3417216 convolutionTexture 1 403 40 0.842000 0.694000  0.000529 0.000492 0.001352 0.002723 0.001414 0.000755 
3417216 convolutionTexture 1 403 40 0.842000 0.617000  0.000546 0.000496 0.001357 0.002621 0.001441 0.000762 
3417216 convolutionTexture 1 403 40 0.842000 0.617000  0.000587 0.000476 0.001330 0.002733 0.001374 0.000730 
3417280 convolutionTexture 1 403 40 0.842000 0.770000  0.000493 0.000457 0.001260 0.002389 0.001319 0.000706 
3417280 convolutionTexture 1 403 40 0.842000 0.463000  0.000622 0.000448 0.001226 0.002516 0.001283 0.000681 
3417344 convolutionTexture 1 403 40 0.842000 0.617000  0.001745 0.000833 0.002071 0.004457 0.002117 0.001003 
3417344 convolutionTexture 1 403 40 0.842000 0.771000  0.000438 0.000419 0.001148 0.002332 0.001185 0.000634 
3417344 convolutionTexture 1 403 40 0.842000 0.616000  0.000704 0.000448 0.001214 0.002598 0.001307 0.000666 
3417408 convolutionTexture 1 403 40 0.842000 0.693000  0.000444 0.000402 0.001103 0.002139 0.001161 0.000618 
3417408 convolutionTexture 1 403 40 0.842000 0.539000  0.000439 0.000395 0.001086 0.002091 0.001147 0.000607 
3417472 convolutionTexture 1 403 40 0.842000 0.694000  0.000460 0.000564 0.001351 0.003175 0.001560 0.000857 
3417472 convolutionTexture 1 403 40 0.842000 0.539000  0.000385 0.000352 0.000973 0.001841 0.001004 0.000542 
3417472 convolutionTexture 1 403 40 0.842000 0.617000  0.000404 0.000390 0.001034 0.002328 0.001119 0.000581 
3417536 convolutionTexture 1 403 40 0.842000 0.539000  0.000358 0.000332 0.000929 0.001756 0.000948 0.000514 
3417536 convolutionTexture 1 403 40 0.842000 0.694000  0.000444 0.000363 0.000973 0.001991 0.001051 0.000541 
3417600 convolutionTexture 1 403 40 0.842000 0.694000  0.000417 0.000364 0.000965 0.001877 0.000981 0.000517 
3417600 convolutionTexture 1 403 40 0.842000 0.694000  0.000370 0.000336 0.000920 0.001793 0.000975 0.000516 
3417600 convolutionTexture 1 403 40 0.842000 0.695000  0.000437 0.000352 0.000934 0.001856 0.000955 0.000502 
3417664 convolutionTexture 1 403 40 0.842000 0.694000  0.000399 0.000329 0.000936 0.001881 0.000947 0.000504 
3417664 convolutionTexture 1 403 40 0.842000 0.616000  0.000436 0.000357 0.000974 0.002027 0.001059 0.000544 
3417728 convolutionTexture 1 403 40 0.842000 0.694000  0.000394 0.000566 0.001697 0.003250 0.001703 0.000811 
3417728 convolutionTexture 1 403 40 0.842000 0.694000  0.000352 0.000314 0.001101 0.002268 0.001117 0.000633 
3417792 convolutionTexture 1 403 40 0.842000 0.539000  0.000325 0.000292 0.000810 0.001771 0.000898 0.000467 
3417792 convolutionTexture 1 403 40 0.842000 0.617000  0.000707 0.000331 0.000894 0.002056 0.000924 0.000470 
3417792 convolutionTexture 1 403 40 0.842000 0.617000  0.000303 0.000278 0.000772 0.001484 0.000795 0.000428 
3417856 convolutionTexture 1 403 40 0.842000 0.617000  0.000333 0.000289 0.000793 0.001584 0.000857 0.000449 
3417856 convolutionTexture 1 403 40 0.842000 0.540000  0.000300 0.000271 0.000754 0.001448 0.000779 0.000419 
3417920 convolutionTexture 1 403 40 0.842000 0.693000  0.000380 0.000310 0.000843 0.001799 0.000903 0.000459 
3417920 convolutionTexture 1 403 40 0.842000 0.617000  0.000298 0.000262 0.000729 0.001704 0.000793 0.000415 
3417920 convolutionTexture 1 403 40 0.842000 0.694000  0.000298 0.000275 0.000764 0.001601 0.000794 0.000417 
3417984 convolutionTexture 1 403 40 0.842000 0.540000  0.000285 0.000256 0.000713 0.001373 0.000727 0.000395 
3417984 convolutionTexture 1 403 40 0.842000 0.772000  0.000359 0.000281 0.000773 0.001780 0.000904 0.000457 
3418048 convolutionTexture 1 403 40 0.842000 0.540000  0.000277 0.000257 0.000738 0.001508 0.000775 0.000413 
3418048 convolutionTexture 1 403 40 0.842000 0.616000  0.000281 0.000399 0.000957 0.002056 0.000949 0.000533 
3418048 convolutionTexture 1 403 40 0.842000 0.695000  0.000270 0.000242 0.000673 0.001280 0.000697 0.000373 
3418112 convolutionTexture 1 403 40 0.842000 0.616000  0.000276 0.000249 0.000681 0.001308 0.000721 0.000382 
3418112 convolutionTexture 1 403 40 0.842000 0.539000  0.000313 0.000257 0.000718 0.001577 0.000803 0.000407 
3418176 convolutionTexture 1 403 40 0.842000 0.539000  0.000304 0.000246 0.000691 0.001438 0.000756 0.000419 
3418176 convolutionTexture 1 403 40 0.842000 0.693000  0.000315 0.000249 0.000700 0.001523 0.000775 0.000398 
3418176 convolutionTexture 1 403 40 0.842000 0.462000  0.000324 0.000237 0.000653 0.001277 0.000663 0.000354 
3418240 convolutionTexture 1 403 40 0.842000 0.694000  0.000286 0.000246 0.000672 0.001340 0.000714 0.000373 
3418240 convolutionTexture 1 403 40 0.842000 0.463000  0.000243 0.000220 0.000615 0.001179 0.000631 0.000341 
3418304 convolutionTexture 1 403 40 0.842000 0.617000  0.000936 0.000834 0.002262 0.004831 0.002570 0.001313 
3418304 convolutionTexture 1 403 40 0.842000 0.540000  0.000075 0.000063 0.000176 0.000352 0.000184 0.000098 
3418304 convolutionTexture 1 403 40 0.842000 0.616000  0.000085 0.000067 0.000187 0.000415 0.000213 0.000109 
3418368 convolutionTexture 1 403 40 0.842000 0.463000  0.000070 0.000063 0.000175 0.000337 0.000179 0.000097 
3418368 convolutionTexture 1 403 40 0.842000 0.694000  0.000078 0.000128 0.000309 0.000699 0.000289 0.000137 
3418432 convolutionTexture 1 403 40 0.842000 0.771000  0.000241 0.000218 0.000614 0.002437 0.000936 0.000451 
3418432 convolutionTexture 1 403 40 0.842000 0.617000  0.000299 0.000240 0.000645 0.001362 0.000717 0.000368 
3418432 convolutionTexture 1 403 40 0.842000 0.617000  0.000062 0.000055 0.000157 0.000306 0.000200 0.000099 
3418496 convolutionTexture 1 403 40 0.842000 0.616000  0.000236 0.000314 0.000764 0.001769 0.000874 0.000490 
3418496 convolutionTexture 1 403 40 0.842000 0.617000  0.000290 0.000222 0.000606 0.001298 0.000671 0.000351 
3418560 convolutionTexture 1 403 40 0.842000 0.539000  0.000217 0.000195 0.000545 0.001051 0.000558 0.000301 
3418560 convolutionTexture 1 403 40 0.842000 0.694000  0.000352 0.000230 0.000661 0.001560 0.000722 0.000357 
3418624 convolutionTexture 1 403 39 0.842000 0.540000  0.000210 0.000191 0.000536 0.001020 0.000544 0.000295 
3418624 convolutionTexture 1 403 39 0.842000 0.616000  0.000223 0.000201 0.000713 0.001421 0.000708 0.000403 
3418688 convolutionTexture 1 403 40 0.842000 0.695000  0.000068 0.000061 0.000169 0.000325 0.000175 0.000094 
3418688 convolutionTexture 1 403 40 0.842000 0.694000  0.000071 0.000064 0.000226 0.000466 0.000277 0.000133 
3418688 convolutionTexture 1 403 40 0.842000 0.694000  0.000210 0.000191 0.000524 0.001051 0.000744 0.000358 
3418752 convolutionTexture 1 403 40 0.842000 0.617000  0.000208 0.000203 0.000563 0.001207 0.000597 0.000304 
3418752 convolutionTexture 1 403 40 0.842000 0.694000  0.000209 0.000187 0.000515 0.001005 0.000543 0.000289 
3418816 convolutionTexture 1 403 40 0.842000 0.693000  0.000239 0.000192 0.000545 0.001132 0.000599 0.000309 
3418816 convolutionTexture 1 403 40 0.842000 0.849000  0.000206 0.000185 0.000508 0.000981 0.000534 0.000285 
3418816 convolutionTexture 1 403 40 0.842000 0.617000  0.000195 0.000184 0.000504 0.000954 0.000529 0.000284 
3418880 convolutionTexture 1 403 40 0.842000 0.694000  0.000202 0.000181 0.000497 0.000952 0.000875 0.000405 
3418880 convolutionTexture 1 403 40 0.842000 0.770000  0.000235 0.000189 0.000519 0.001096 0.000573 0.000294 
3418944 convolutionTexture 1 403 40 0.842000 0.616000  0.000214 0.000180 0.000489 0.000964 0.000515 0.000273 
3418944 convolutionTexture 1 403 40 0.842000 0.540000  0.000180 0.000166 0.000465 0.000880 0.000473 0.000257 
3418944 convolutionTexture 1 403 40 0.842000 0.694000  0.000211 0.000181 0.000499 0.001054 0.000550 0.000284 
3419008 convolutionTexture 1 403 40 0.842000 0.540000  0.000175 0.000163 0.000458 0.000876 0.000467 0.000253 
3419008 convolutionTexture 1 403 39 0.842000 0.694000  0.000233 0.000184 0.000500 0.001040 0.000549 0.000282 
3419072 convolutionTexture 1 403 40 0.842000 0.694000  0.000184 0.000162 0.000456 0.000951 0.000480 0.000254 
3419072 convolutionTexture 1 403 40 0.842000 0.694000  0.000185 0.000169 0.000464 0.000898 0.000490 0.000260 
3419072 convolutionTexture 1 403 39 0.842000 0.616000  0.000203 0.000168 0.000469 0.001028 0.000494 0.000263 
3419136 convolutionTexture 1 403 40 0.842000 0.694000  0.000182 0.000161 0.000460 0.000954 0.000501 0.000262 
3419136 convolutionTexture 1 403 40 0.842000 0.540000  0.000205 0.000166 0.000461 0.000953 0.000480 0.000254 
3419200 convolutionTexture 1 403 40 0.842000 0.694000  0.000179 0.000163 0.000449 0.001177 0.000578 0.000330 
3419200 convolutionTexture 1 403 40 0.842000 0.695000  0.000196 0.000162 0.000684 0.001576 0.000634 0.000308 
3419264 convolutionTexture 1 403 40 0.842000 0.694000  0.000134 0.000108 0.000299 0.000624 0.000328 0.000168 
3419264 convolutionTexture 1 403 39 0.842000 0.693000  0.000181 0.000154 0.000452 0.001001 0.000498 0.000257 
3419264 convolutionTexture 1 403 40 0.842000 0.616000  0.000167 0.000225 0.000553 0.001072 0.000628 0.000313 
3419328 convolutionTexture 1 403 40 0.842000 0.694000  0.000177 0.000154 0.000422 0.000838 0.000454 0.000236 
3419328 convolutionTexture 1 403 40 0.842000 0.540000  0.000189 0.000158 0.000423 0.000828 0.000432 0.000229 
3419392 convolutionTexture 1 403 39 0.842000 0.693000  0.000164 0.000150 0.000416 0.000803 0.000438 0.000232 
3419392 convolutionTexture 1 403 39 0.842000 0.539000  0.000151 0.000156 0.000422 0.000828 0.000423 0.000225 
3419392 convolutionTexture 1 403 40 0.842000 0.695000  0.000168 0.000149 0.000431 0.000943 0.000452 0.000235 
3419456 convolutionTexture 1 403 40 0.842000 0.539000  0.000157 0.000147 0.000406 0.000771 0.000427 0.000227 
3419456 convolutionTexture 1 403 39 0.842000 0.695000  0.000182 0.000146 0.000408 0.000822 0.000418 0.000220 
3419520 convolutionTexture 1 403 40 0.842000 0.616000  0.000155 0.000210 0.000511 0.001207 0.000586 0.000291 
3419520 convolutionTexture 1 403 40 0.842000 0.694000  0.000192 0.000157 0.000424 0.000876 0.000464 0.000234 
3419584 convolutionTexture 1 403 40 0.842000 0.772000  0.000185 0.000172 0.000454 0.001003 0.000480 0.000244 
3419584 convolutionTexture 1 403 40 0.842000 0.694000  0.000152 0.000140 0.000399 0.000812 0.000435 0.000228 
3419584 convolutionTexture 1 403 40 0.842000 0.695000  0.000150 0.000133 0.000602 0.001276 0.000560 0.000274 
3419648 convolutionTexture 1 403 40 0.842000 0.772000  0.000161 0.000165 0.000428 0.000975 0.000471 0.000242 
3419648 convolutionTexture 1 403 40 0.842000 0.463000  0.000146 0.000131 0.000362 0.000699 0.000373 0.000202 
3419712 convolutionTexture 1 403 40 0.842000 0.694000  0.121078 0.036009 0.076112 0.121469 0.041127 0.017104 
3419712 convolutionTexture 1 403 40 0.842000 0.540000  0.000143 0.000129 0.000360 0.000686 0.000368 0.000200 
3419712 convolutionTexture 1 403 40 0.842000 0.616000  0.000154 0.000135 0.000372 0.000790 0.000417 0.000218 
3419776 convolutionTexture 1 403 40 0.842000 0.539000  0.000144 0.000127 0.000356 0.000683 0.000360 0.000197 
3419776 convolutionTexture 1 403 40 0.842000 0.694000  0.000155 0.000137 0.000384 0.000848 0.000430 0.000221 
3419840 convolutionTexture 1 403 40 0.842000 0.463000  0.000389 0.000146 0.000391 0.000931 0.000396 0.000205 
3419840 convolutionTexture 1 403 40 0.842000 0.617000  0.000177 0.000146 0.000404 0.000878 0.000437 0.000221 
3419840 convolutionTexture 1 403 40 0.842000 0.540000  0.000161 0.000131 0.000367 0.000759 0.000380 0.000202 
3419904 convolutionTexture 1 403 40 0.842000 0.540000  0.000171 0.000133 0.000370 0.000781 0.000414 0.000214 
3419904 convolutionTexture 1 403 40 0.842000 0.540000  0.000159 0.000130 0.000369 0.000810 0.000393 0.000207 
3419968 convolutionTexture 1 403 40 0.842000 0.617000  0.000210 0.000143 0.000381 0.000816 0.000409 0.000212 
3419968 convolutionTexture 1 403 40 0.842000 0.463000  0.000182 0.000128 0.000359 0.000742 0.000371 0.000195 
3419968 convolutionTexture 1 403 40 0.842000 0.616000  0.000222 0.000200 0.000546 0.001056 0.000584 0.000307 
3420032 convolutionTexture 1 403 40 0.842000 0.617000  0.000209 0.000186 0.000516 0.000992 0.000533 0.000286 
3420032 convolutionTexture 1 403 40 0.842000 0.616000  0.000095 0.000097 0.000258 0.000576 0.000284 0.000141 
3420096 convolutionTexture 1 403 40 0.842000 0.694000  0.000255 0.000125 0.000363 0.000890 0.000389 0.000193 
3420096 convolutionTexture 1 403 40 0.842000 0.616000  0.000199 0.000183 0.000506 0.000977 0.000537 0.000283 
3420160 convolutionTexture 1 403 40 0.842000 0.771000  0.000190 0.000172 0.000479 0.000912 0.000497 0.000266 
3420160 convolutionTexture 1 403 40 0.842000 0.617000  0.000193 0.000262 0.000636 0.001512 0.000730 0.000404 
3420160 convolutionTexture 1 403 39 0.842000 0.694000  0.000202 0.000178 0.000487 0.000958 0.000518 0.000273 
3420224 convolutionTexture 1 403 39 0.842000 0.616000  0.000191 0.000174 0.000483 0.000928 0.000512 0.000270 
3420224 convolutionTexture 1 403 40 0.842000 0.770000  0.000163 0.000113 0.000303 0.000626 0.000319 0.000165 
3420288 convolutionTexture 1 403 40 0.842000 0.539000  0.000130 0.000108 0.000292 0.000575 0.000298 0.000158 
3420288 convolutionTexture 1 403 40 0.842000 0.694000  0.000115 0.000104 0.000287 0.000561 0.000304 0.000161 
3420288 convolutionTexture 1 403 40 0.842000 0.462000  0.000129 0.000116 0.000302 0.000586 0.000308 0.000160 
3420352 convolutionTexture 1 403 40 0.842000 0.694000  0.000111 0.000103 0.000283 0.000544 0.000296 0.000158 
3420352 convolutionTexture 1 403 40 0.842000 0.462000  0.000110 0.000096 0.000269 0.000521 0.000275 0.000155 
3420416 convolutionTexture 1 403 39 0.842000 0.616000  0.000112 0.000101 0.000278 0.000548 0.000293 0.000156 
3420416 convolutionTexture 1 403 39 0.842000 0.539000  0.000108 0.000096 0.000267 0.000506 0.000271 0.000148 
3420416 convolutionTexture 1 403 40 0.842000 0.693000  0.000133 0.000107 0.000296 0.000647 0.000328 0.000168 
3420480 convolutionTexture 1 403 40 0.842000 0.539000  0.000106 0.000094 0.000264 0.000507 0.000270 0.000146 
3420480 convolutionTexture 1 403 40 0.842000 0.694000  0.000120 0.000103 0.000286 0.000590 0.000313 0.000163 
3420544 convolutionTexture 1 403 40 0.842000 0.539000  0.000105 0.000094 0.000262 0.000503 0.000268 0.000145 
3420544 convolutionTexture 1 403 40 0.842000 0.770000  0.000111 0.000102 0.000286 0.000617 0.000319 0.000163 
3420544 convolutionTexture 1 403 40 0.842000 0.539000  0.000101 0.000092 0.000258 0.000491 0.000262 0.000143 
3420608 convolutionTexture 1 403 40 0.842000 0.540000  0.000122 0.000101 0.000278 0.000624 0.000334 0.000168 
3420608 convolutionTexture 1 403 40 0.842000 0.462000  0.000119 0.000105 0.000279 0.000598 0.000287 0.000152 
3420672 convolutionTexture 1 403 40 0.842000 0.617000  0.000128 0.000102 0.000281 0.000606 0.000314 0.000160 
3420672 convolutionTexture 1 403 40 0.842000 0.540000  0.000102 0.000091 0.000254 0.000493 0.000259 0.000141 
3420736 convolutionTexture 1 403 40 0.842000 0.617000  0.000136 0.000102 0.000278 0.000599 0.000315 0.000158 
3420736 convolutionTexture 1 403 40 0.842000 0.540000  0.000150 0.000103 0.000281 0.000586 0.000291 0.000148 
3420736 convolutionTexture 1 403 40 0.842000 0.616000  0.000102 0.000138 0.000334 0.000655 0.000384 0.000190 
3420800 convolutionTexture 1 403 40 0.842000 0.617000  0.000135 0.000177 0.000427 0.001045 0.000502 0.000244 
3420800 convolutionTexture 1 403 40 0.842000 0.540000  0.000133 0.000098 0.000269 0.000586 0.000277 0.000144 
3420864 convolutionTexture 1 403 40 0.842000 0.617000  0.000140 0.000112 0.000295 0.000659 0.000314 0.000159 
3420864 convolutionTexture 1 403 40 0.842000 0.771000  0.000100 0.000096 0.000258 0.000551 0.000267 0.000149 
3420928 convolutionTexture 1 403 40 0.842000 0.617000  0.000120 0.000098 0.000263 0.000524 0.000275 0.000143 
3420928 convolutionTexture 1 403 39 0.842000 0.617000  0.000112 0.000091 0.000259 0.000521 0.000271 0.000141 
3420928 convolutionTexture 1 403 39 0.842000 0.616000  0.000113 0.000092 0.000255 0.000527 0.000280 0.000151 
3420992 convolutionTexture 1 403 40 0.842000 0.617000  0.000097 0.000085 0.000237 0.000460 0.000248 0.000132 
3420992 convolutionTexture 1 403 40 0.842000 0.617000  0.000096 0.000089 0.000245 0.000468 0.000257 0.000137 
3421056 convolutionTexture 1 403 40 0.842000 0.694000  0.000120 0.000095 0.000259 0.000553 0.000286 0.000147 
3421056 convolutionTexture 1 403 40 0.842000 0.616000  0.000114 0.000091 0.000245 0.000478 0.000252 0.000133 
3421056 convolutionTexture 1 403 40 0.842000 0.694000  0.000117 0.000094 0.000259 0.000561 0.000284 0.000146 
3421120 convolutionTexture 1 403 40 0.842000 0.770000  0.000113 0.000091 0.000243 0.000471 0.000247 0.000131 
3421120 convolutionTexture 1 403 40 0.842000 0.694000  0.000092 0.000086 0.000238 0.000492 0.000262 0.000137 
3421184 convolutionTexture 1 403 40 0.842000 0.694000  0.000089 0.000081 0.000228 0.000437 0.000234 0.000126 
3421184 convolutionTexture 1 403 40 0.842000 0.694000  0.000196 0.000105 0.000267 0.000731 0.000333 0.000183 
3421248 convolutionTexture 1 403 40 0.842000 0.539000  0.000039 0.000035 0.000097 0.000189 0.000101 0.000054 
3421248 convolutionTexture 1 403 40 0.842000 0.693000  0.000095 0.000084 0.000297 0.000619 0.000296 0.000170 
3421248 convolutionTexture 1 403 40 0.842000 0.617000  0.000090 0.000080 0.000222 0.000428 0.000231 0.000124 
3421312 convolutionTexture 1 403 40 0.842000 0.694000  0.000095 0.000083 0.000254 0.000550 0.000265 0.000135 
3421312 convolutionTexture 1 403 40 0.842000 0.462000  0.000087 0.000078 0.000219 0.000416 0.000223 0.000121 
3421376 convolutionTexture 1 403 40 0.842000 0.694000  0.000095 0.000083 0.000228 0.000447 0.000246 0.000128 
3421376 convolutionTexture 1 403 40 0.842000 0.463000  0.000087 0.000078 0.000218 0.000423 0.000221 0.000120 
3421440 convolutionTexture 1 403 39 0.842000 0.694000  0.000113 0.000088 0.000238 0.000495 0.000260 0.000134 
3421440 convolutionTexture 1 403 39 0.842000 0.540000  0.000087 0.000079 0.000224 0.000466 0.000232 0.000130 
3421440 convolutionTexture 1 403 40 0.842000 0.617000  0.000090 0.000119 0.000286 0.000711 0.000393 0.000185 
3421504 convolutionTexture 1 403 40 0.842000 0.539000  0.000017 0.000015 0.000042 0.000082 0.000054 0.000026 
3421504 convolutionTexture 1 403 40 0.842000 0.616000  0.000112 0.000087 0.000233 0.000501 0.000260 0.000132 
3421568 convolutionTexture 1 403 40 0.842000 0.616000  0.000084 0.000080 0.000219 0.000459 0.000230 0.000122 
3421568 convolutionTexture 1 403 40 0.842000 0.617000  0.000051 0.000038 0.000107 0.000228 0.000118 0.000060 
3421568 convolutionTexture 1 403 39 0.842000 0.540000  0.000081 0.000079 0.000216 0.000453 0.000223 0.000121 
3421632 convolutionTexture 1 403 40 0.842000 0.617000  0.000107 0.000098 0.000259 0.000877 0.000337 0.000157 
3421632 convolutionTexture 1 403 40 0.842000 0.694000  0.000082 0.000074 0.000212 0.000447 0.000234 0.000124 
3421696 convolutionTexture 1 403 40 0.842000 0.540000  0.000099 0.000082 0.000229 0.000478 0.000248 0.000129 
3421696 convolutionTexture 1 403 40 0.842000 0.695000  0.000085 0.000075 0.000333 0.000782 0.000369 0.000171 
3421696 convolutionTexture 1 403 40 0.842000 0.694000  0.000102 0.000080 0.000220 0.000454 0.000234 0.000123 
3421760 convolutionTexture 1 403 40 0.842000 0.540000  0.000091 0.000148 0.000349 0.000705 0.000328 0.000158 
3421760 convolutionTexture 1 403 40 0.842000 0.539000  0.000081 0.000072 0.000202 0.000394 0.000208 0.000112 
3421824 convolutionTexture 1 403 40 0.842000 0.695000  0.000086 0.000076 0.000209 0.000404 0.000219 0.000117 
3421824 convolutionTexture 1 403 39 0.842000 0.539000  0.000078 0.000072 0.000201 0.000381 0.000205 0.000111 
3421888 convolutionTexture 1 403 40 0.842000 0.693000  0.000872 0.000208 0.000649 0.001596 0.000536 0.000235 
3421888 convolutionTexture 1 403 40 0.842000 0.463000  0.000079 0.000071 0.000199 0.000383 0.000202 0.000110 
3421888 convolutionTexture 1 403 40 0.842000 0.694000  0.000084 0.000075 0.000207 0.000566 0.000271 0.000136 
3421952 convolutionTexture 1 403 40 0.842000 0.462000  0.032804 0.009389 0.020114 0.032950 0.010907 0.004887 
3421952 convolutionTexture 1 403 40 0.842000 0.616000  0.000082 0.000075 0.000208 0.000439 0.000234 0.000121 
3422016 convolutionTexture 1 403 40 0.842000 0.694000  0.000090 0.000074 0.000209 0.000427 0.000215 0.000114 
3422016 convolutionTexture 1 403 40 0.842000 0.617000  0.000082 0.000075 0.000204 0.000736 0.000335 0.000164 
3422016 convolutionTexture 1 403 39 0.842000 0.540000  0.000092 0.000074 0.000208 0.000428 0.000215 0.000114 
3422080 convolutionTexture 1 403 39 0.842000 0.616000  0.000079 0.000074 0.000202 0.000389 0.000258 0.000131 
3422080 convolutionTexture 1 403 39 0.842000 0.539000  0.000429 0.000144 0.000329 0.000707 0.000261 0.000137 
3422144 convolutionTexture 1 403 39 0.842000 0.617000  0.000091 0.000073 0.000206 0.000431 0.000229 0.000118 
3422144 convolutionTexture 1 403 39 0.842000 0.694000  0.000100 0.000078 0.000215 0.017071 0.006747 0.003085 
3422144 convolutionTexture 1 403 39 0.842000 0.616000  0.000094 0.000077 0.000211 0.000446 0.000233 0.000119 
3422208 convolutionTexture 1 403 40 0.842000 0.694000  0.000078 0.000072 0.000197 0.000384 0.000206 0.000110 
3422208 convolutionTexture 1 403 40 0.842000 0.539000  0.000075 0.000067 0.000188 0.000364 0.000192 0.000104 
3422272 convolutionTexture 1 403 40 0.842000 0.693000  0.000085 0.000076 0.000207 0.000422 0.000222 0.000115 
3422272 convolutionTexture 1 403 39 0.842000 0.540000  0.000036 0.000033 0.000092 0.000182 0.000094 0.000051 
3422336 convolutionTexture 1 403 40 0.842000 0.693000  0.000078 0.000070 0.000248 0.000515 0.000292 0.000141 
3422336 convolutionTexture 1 403 40 0.842000 0.462000  0.000073 0.000067 0.000184 0.000352 0.000191 0.000102 
3422336 convolutionTexture 1 403 39 0.842000 0.694000  0.000081 0.000069 0.000191 0.000384 0.000204 0.000106 
3422400 convolutionTexture 1 403 40 0.842000 0.540000  0.000073 0.000065 0.000182 0.000349 0.000187 0.000101 
3422400 convolutionTexture 1 403 40 0.842000 0.694000  0.000080 0.000072 0.000198 0.000404 0.000211 0.000108 
3422464 convolutionTexture 1 403 39 0.842000 0.617000  0.000094 0.000076 0.000208 0.000444 0.000229 0.000115 
3422464 convolutionTexture 1 403 39 0.842000 0.694000  0.000093 0.000078 0.000202 0.000434 0.000207 0.000109 
3422464 convolutionTexture 1 403 39 0.842000 0.694000  0.000086 0.000070 0.000188 0.000377 0.000192 0.000102 
3422528 convolutionTexture 1 403 40 0.842000 0.694000  0.000076 0.000068 0.000188 0.000364 0.000198 0.000105 
3422528 convolutionTexture 1 403 40 0.842000 0.540000  0.000068 0.000064 0.000179 0.000337 0.000181 0.000099 
3422592 convolutionTexture 1 403 39 0.842000 0.694000  0.000098 0.000072 0.000193 0.000388 0.000202 0.000105 
3422592 convolutionTexture 1 403 40 0.842000 0.539000  0.000068 0.000063 0.000177 0.000330 0.000180 0.000117 
3422592 convolutionTexture 1 403 40 0.842000 0.693000  0.000071 0.000066 0.000183 0.000351 0.000193 0.000102 
3422656 convolutionTexture 1 403 40 0.842000 0.540000  0.000067 0.000062 0.000175 0.000328 0.000184 0.000099 
3422656 convolutionTexture 1 403 40 0.842000 0.771000  0.000093 0.000073 0.000197 0.000438 0.000216 0.000111 
3422720 convolutionTexture 1 403 40 0.842000 0.540000  0.000069 0.000062 0.000173 0.000334 0.000176 0.000096 
3422720 convolutionTexture 1 403 40 0.842000 0.693000  0.000076 0.000067 0.000206 0.000484 0.000225 0.000112 
3422720 convolutionTexture 1 403 40 0.842000 0.539000  0.000069 0.000063 0.000175 0.000361 0.000183 0.000099 
3422784 convolutionTexture 1 403 40 0.842000 0.770000  0.000072 0.000066 0.000185 0.000386 0.000199 0.000104 
3422784 convolutionTexture 1 403 40 0.842000 0.540000  0.000068 0.000063 0.000178 0.000362 0.000185 0.000099 
3422848 convolutionTexture 1 403 40 0.842000 0.693000  0.000071 0.000065 0.000230 0.000462 0.000275 0.000133 
3422848 convolutionTexture 1 403 39 0.842000 0.540000  0.000066 0.000061 0.000180 0.000358 0.000185 0.000098 
3422912 convolutionTexture 1 403 40 0.842000 0.617000  0.000085 0.000071 0.000194 0.000404 0.000210 0.000108 
3422912 convolutionTexture 1 403 40 0.842000 0.770000  0.000068 0.000061 0.000169 0.000344 0.000182 0.000097 
3422912 convolutionTexture 1 403 40 0.842000 0.617000  0.000068 0.000064 0.000176 0.000336 0.000186 0.000099 
3422976 convolutionTexture 1 403 39 0.842000 0.694000  0.000078 0.000067 0.000180 0.000361 0.000190 0.000099 
3422976 convolutionTexture 1 403 39 0.842000 0.540000  0.000066 0.000060 0.000168 0.000318 0.000172 0.000093 
3423040 convolutionTexture 1 403 39 0.842000 0.617000  0.000076 0.000066 0.000181 0.000375 0.000200 0.000102 
3423040 convolutionTexture 1 403 39 0.842000 0.462000  0.000065 0.000113 0.000270 0.000527 0.000244 0.000122 
3423040 convolutionTexture 1 403 39 0.842000 0.693000  0.000070 0.000063 0.000173 0.000332 0.000182 0.000112 
3423104 convolutionTexture 1 403 40 0.842000 0.462000  0.000065 0.000059 0.000165 0.000311 0.000170 0.000091 
3423104 convolutionTexture 1 403 39 0.842000 0.617000  0.000069 0.000062 0.000170 0.000334 0.000179 0.000095 
3423168 convolutionTexture 1 403 39 0.842000 0.540000  0.000062 0.000058 0.000163 0.000313 0.000167 0.000090 
3423168 convolutionTexture 1 403 39 0.842000 0.693000  0.000067 0.000061 0.000169 0.000333 0.000177 0.000095 
3423168 convolutionTexture 1 403 39 0.842000 0.616000  0.000064 0.000058 0.000172 0.000372 0.000175 0.000092 
3423232 convolutionTexture 1 403 40 0.842000 0.693000  0.000069 0.000065 0.000182 0.000416 0.000200 0.000101 
3423232 convolutionTexture 1 403 39 0.842000 0.617000  0.000075 0.000059 0.000167 0.000366 0.000179 0.000095 
3423296 convolutionTexture 1 403 39 0.842000 0.617000  0.000066 0.000061 0.000216 0.000429 0.000248 0.000123 
3423296 convolutionTexture 1 403 40 0.842000 0.539000  0.000078 0.000059 0.000170 0.000353 0.000177 0.000093 
3423360 convolutionTexture 1 403 40 0.842000 0.693000  0.000069 0.000061 0.000166 0.000325 0.000177 0.000093 
3423360 convolutionTexture 1 403 40 0.842000 0.695000  0.007620 0.003300 0.007252 0.007893 0.003517 0.001718 
3423360 convolutionTexture 1 403 40 0.842000 0.694000  0.000078 0.000063 0.000176 0.000377 0.000194 0.000099 
3423424 convolutionTexture 1 403 40 0.842000 0.770000  0.000062 0.000058 0.000164 0.000340 0.000168 0.000090 
3423424 convolutionTexture 1 403 40 0.842000 0.693000  0.000066 0.000060 0.000163 0.000380 0.000245 0.000117 
3423488 convolutionTexture 1 403 40 0.842000 0.771000  0.000073 0.000059 0.000166 0.000342 0.000172 0.000091 
3423488 convolutionTexture 1 403 40 0.842000 0.616000  0.000075 0.000061 0.000171 0.000360 0.000188 0.000097 
3423488 convolutionTexture 1 403 40 0.842000 0.539000  0.000073 0.000059 0.000165 0.000341 0.000185 0.000100 
3423552 convolutionTexture 1 403 40 0.842000 0.616000  0.000078 0.000061 0.000169 0.000354 0.000187 0.000096 
3423552 convolutionTexture 1 403 40 0.842000 0.770000  0.000073 0.000058 0.000165 0.000334 0.000168 0.000088 
3423616 convolutionTexture 1 403 39 0.842000 0.694000  0.000065 0.000058 0.000160 0.000420 0.000208 0.000104 
3423616 convolutionTexture 1 403 39 0.842000 0.695000  0.000070 0.000059 0.000162 0.000334 0.000170 0.000089 
3423680 convolutionTexture 1 403 39 0.842000 0.616000  0.000063 0.000085 0.000205 0.000423 0.000240 0.000117 
3423680 convolutionTexture 1 403 39 0.842000 0.617000  0.000063 0.000057 0.000167 0.000362 0.000182 0.000093 
