#Timestamp	Benchmark	Run(#)	CPU Frequency (MHz)	CPU Temperature(C)	CPU Voltage(V)	CPU Power(W)	CPU_CYCLES	L1_DATA_CACHE_ACCESS	INSTRUCTIONS_RETIRED	BUS_CYCLES	L1I_CACHE_ACCESS	PREDICTABLE_BRANCH_SPECULATIVELY_EXECUTED
4857152 nbody 1 825 42 0.976000 1.388000  0.000029 0.000023 0.000062 0.000134 0.000066 0.000035 
4857152 nbody 1 825 42 0.976000 1.080000  0.000026 0.000021 0.000060 0.000123 0.000062 0.000033 
4857216 nbody 1 825 42 0.976000 1.234000  0.000007 0.000006 0.000016 0.000033 0.000020 0.000010 
4857216 nbody 1 825 42 0.976000 1.080000  0.000007 0.000006 0.000016 0.000032 0.000020 0.000010 
4857216 nbody 1 825 42 0.976000 1.156000  0.000007 0.000006 0.000016 0.000032 0.000020 0.000010 
4857280 nbody 1 825 42 0.976000 1.079000  0.000050 0.000025 0.000090 0.000294 0.000091 0.000042 
4857280 nbody 1 825 43 0.976000 1.233000  0.000032 0.000022 0.000061 0.000135 0.000064 0.000034 
4857280 nbody 1 825 43 0.976000 1.156000  0.000028 0.000022 0.000060 0.000137 0.000063 0.000033 
4857344 nbody 1 825 44 0.976000 1.229000  0.000008 0.000006 0.000016 0.000035 0.000021 0.000010 
4857344 nbody 1 825 44 0.976000 1.152000  0.000006 0.000005 0.000016 0.000031 0.000020 0.000010 
4857408 nbody 1 825 45 0.976000 0.922000  0.000006 0.000006 0.000016 0.000036 0.000020 0.000010 
4857408 nbody 1 825 45 0.976000 0.691000  0.000024 0.000022 0.000059 0.000122 0.000062 0.000033 
4857408 nbody 1 825 45 0.976000 0.922000  0.000025 0.000022 0.000062 0.000124 0.000066 0.000034 
4857472 nbody 1 825 45 0.976000 0.691000  0.000029 0.000022 0.000059 0.000123 0.000062 0.000033 
4857472 nbody 1 825 46 0.976000 0.999000  0.000029 0.000024 0.000065 0.000146 0.000071 0.000037 
4857472 nbody 1 825 47 0.976000 0.768000  0.000023 0.000021 0.000059 0.000122 0.000061 0.000033 
4857536 nbody 1 825 47 0.976000 0.845000  0.000029 0.000022 0.000063 0.000127 0.000065 0.000036 
4857536 nbody 1 825 47 0.976000 0.691000  0.000023 0.000021 0.000061 0.000393 0.000149 0.000066 
4857536 nbody 1 825 47 0.976000 0.999000  0.000035 0.000024 0.000066 0.000145 0.000071 0.000036 
4857600 nbody 1 825 47 0.976000 1.152000  0.000027 0.000023 0.000062 0.000133 0.000067 0.000035 
4857600 nbody 1 825 47 0.976000 0.998000  0.000030 0.000024 0.000064 0.000150 0.000072 0.000036 
4857664 nbody 1 825 47 0.976000 1.229000  0.000023 0.000022 0.000061 0.000122 0.000064 0.000034 
4857664 nbody 1 825 47 0.976000 0.768000  0.000028 0.000023 0.000063 0.000144 0.000071 0.000036 
4857664 nbody 1 825 47 0.976000 0.921000  0.000024 0.000021 0.000061 0.000126 0.000065 0.000034 
4857728 nbody 1 825 47 0.976000 0.768000  0.000029 0.000022 0.000062 0.000137 0.000070 0.000036 
4857728 nbody 1 825 47 0.976000 0.846000  0.000024 0.000022 0.000059 0.000122 0.000062 0.000033 
4857728 nbody 1 825 47 0.976000 0.768000  0.000035 0.000023 0.000062 0.000131 0.000063 0.000033 
4857792 nbody 1 825 47 0.976000 0.923000  0.000027 0.000023 0.000070 0.000181 0.000076 0.000038 
4857792 nbody 1 825 47 0.976000 0.768000  0.000022 0.000021 0.000058 0.000120 0.000059 0.000032 
4857792 nbody 1 825 48 0.976000 0.845000  0.000033 0.000023 0.000064 0.000143 0.000069 0.000037 
4857856 nbody 1 825 48 0.976000 1.230000  0.000022 0.000021 0.000058 0.000119 0.000059 0.000032 
4857856 nbody 1 825 48 0.976000 1.076000  0.000027 0.000022 0.000063 0.000184 0.000076 0.000038 
4857920 nbody 1 825 48 0.976000 0.691000  0.000029 0.000021 0.000059 0.000120 0.000059 0.000033 
4857920 nbody 1 825 48 0.976000 0.845000  0.000024 0.000021 0.000060 0.000169 0.000077 0.000044 
4857920 nbody 1 825 48 0.976000 0.768000  0.000023 0.000021 0.000058 0.000114 0.000061 0.000032 
4857984 nbody 1 825 48 0.976000 0.923000  0.000029 0.000022 0.000061 0.000124 0.000064 0.000033 
4857984 nbody 1 825 48 0.976000 0.768000  0.000023 0.000021 0.000057 0.000118 0.000060 0.000032 
4857984 nbody 1 825 48 0.976000 0.768000  0.000035 0.000023 0.000064 0.000143 0.000070 0.000035 
4858048 nbody 1 825 48 0.976000 0.691000  0.000029 0.000022 0.000060 0.000130 0.000061 0.000032 
4858048 nbody 1 825 48 0.976000 0.999000  0.000032 0.000022 0.000063 0.000144 0.000071 0.000036 
4858112 nbody 1 825 48 0.976000 0.691000  0.000024 0.000020 0.000057 0.000117 0.000059 0.000031 
4858112 nbody 1 825 48 0.976000 0.846000  0.000024 0.000022 0.000059 0.000123 0.000063 0.000033 
4858112 nbody 1 825 48 0.976000 0.691000  0.000183 0.000060 0.000136 0.000274 0.000110 0.000050 
4858176 nbody 1 825 49 0.976000 0.998000  0.000006 0.000005 0.000015 0.000030 0.000020 0.000010 
4858176 nbody 1 825 49 0.976000 0.845000  0.000023 0.000020 0.000056 0.000119 0.000059 0.000031 
4858176 nbody 1 825 49 0.976000 1.000000  0.000028 0.000021 0.000059 0.000121 0.000063 0.000033 
4858240 nbody 1 825 49 0.976000 1.229000  0.000022 0.000020 0.000056 0.000115 0.000058 0.000031 
4858240 nbody 1 825 49 0.976000 0.999000  0.000022 0.000021 0.000058 0.000120 0.000061 0.000032 
4858304 nbody 1 825 49 0.976000 0.768000  0.000027 0.000020 0.000056 0.000116 0.000058 0.000031 
4858304 nbody 1 825 49 0.976000 0.999000  0.000023 0.000021 0.000058 0.000120 0.000061 0.000032 
4858304 nbody 1 825 49 0.976000 1.152000  0.000022 0.000020 0.000055 0.000110 0.000059 0.000032 
4858368 nbody 1 825 49 0.976000 0.999000  0.000027 0.000021 0.000057 0.000120 0.000066 0.000034 
4858368 nbody 1 825 49 0.976000 0.921000  0.000022 0.000020 0.000055 0.000109 0.000058 0.000031 
4858368 nbody 1 825 49 0.976000 1.000000  0.000022 0.000021 0.000057 0.000113 0.000061 0.000032 
4858432 nbody 1 825 49 0.976000 0.691000  0.000022 0.000022 0.000061 0.000136 0.000061 0.000032 
4858432 nbody 1 825 49 0.976000 0.921000  0.000028 0.000021 0.000058 0.000120 0.000062 0.000032 
4858432 nbody 1 825 49 0.976000 0.691000  0.000027 0.000020 0.000055 0.000115 0.000058 0.000031 
4858496 nbody 1 825 49 0.976000 1.000000  0.000023 0.000020 0.000057 0.000114 0.000060 0.000032 
4858496 nbody 1 825 49 0.976000 0.691000  0.000022 0.000020 0.000054 0.000108 0.000057 0.000030 
4858560 nbody 1 825 49 0.976000 0.999000  0.000040 0.000023 0.000061 0.000133 0.000065 0.000033 
4858560 nbody 1 825 49 0.976000 1.382000  0.000029 0.000021 0.000057 0.000123 0.000062 0.000032 
4858560 nbody 1 825 49 0.976000 0.768000  0.000022 0.000020 0.000056 0.000111 0.000060 0.000031 
4858624 nbody 1 825 49 0.976000 1.152000  0.000023 0.000020 0.000056 0.000112 0.000060 0.000031 
4858624 nbody 1 825 49 0.976000 0.768000  0.000026 0.000022 0.000059 0.000153 0.000068 0.000034 
4858624 nbody 1 825 49 0.976000 0.768000  0.000023 0.000020 0.000056 0.000120 0.000062 0.000032 
4858688 nbody 1 825 49 0.976000 0.768000  0.000030 0.000022 0.000061 0.000135 0.000066 0.000033 
4858688 nbody 1 825 49 0.976000 0.846000  0.000033 0.000021 0.000059 0.000130 0.000064 0.000033 
4858752 nbody 1 825 49 0.976000 0.691000  0.000021 0.000019 0.000053 0.000111 0.000054 0.000029 
4858752 nbody 1 825 49 0.976000 0.768000  0.000026 0.000021 0.000058 0.000137 0.000065 0.000033 
4858752 nbody 1 825 49 0.976000 0.845000  0.000021 0.000019 0.000053 0.000106 0.000055 0.000029 
4858816 nbody 1 825 49 0.976000 0.922000  0.000029 0.000021 0.000059 0.000128 0.000066 0.000033 
4858816 nbody 1 825 49 0.976000 0.768000  0.000026 0.000019 0.000054 0.000110 0.000054 0.000029 
4858816 nbody 1 825 49 0.976000 0.846000  0.000170 0.000124 0.000328 0.000689 0.000246 0.000116 
4858880 nbody 1 825 49 0.976000 0.691000  0.000039 0.000033 0.000096 0.000216 0.000107 0.000053 
4858880 nbody 1 825 49 0.976000 0.922000  0.000022 0.000020 0.000055 0.000115 0.000059 0.000031 
4858944 nbody 1 825 49 0.976000 1.152000  0.000022 0.000019 0.000055 0.000108 0.000058 0.000031 
4858944 nbody 1 825 49 0.976000 0.768000  0.000022 0.000020 0.000055 0.000271 0.000087 0.000040 
4858944 nbody 1 825 49 0.976000 1.000000  0.000030 0.000021 0.000058 0.000130 0.000064 0.000032 
4859008 nbody 1 825 49 0.976000 0.768000  0.000026 0.000022 0.000058 0.000127 0.000061 0.000032 
4859008 nbody 1 825 49 0.976000 1.076000  0.000027 0.000020 0.000055 0.000121 0.000061 0.000031 
4859008 nbody 1 825 49 0.976000 0.845000  0.000023 0.000019 0.000052 0.000109 0.000054 0.000029 
4859072 nbody 1 825 49 0.976000 0.846000  0.000023 0.000021 0.000063 0.000150 0.000067 0.000034 
4859072 nbody 1 825 49 0.976000 0.768000  0.000020 0.000018 0.000052 0.000102 0.000053 0.000029 
4859136 nbody 1 825 49 0.976000 0.768000  0.000026 0.000020 0.000056 0.000121 0.000062 0.000031 
4859136 nbody 1 825 49 0.976000 0.768000  0.000020 0.000018 0.000052 0.000102 0.000053 0.000029 
4859136 nbody 1 825 49 0.976000 0.845000  0.000022 0.000019 0.000054 0.000157 0.000071 0.000035 
4859200 nbody 1 825 49 0.976000 0.768000  0.000034 0.000080 0.000180 0.000288 0.000115 0.000052 
4859200 nbody 1 825 49 0.976000 0.922000  0.000030 0.000023 0.000065 0.000135 0.000070 0.000036 
4859200 nbody 1 825 49 0.976000 0.845000  0.000023 0.000021 0.000058 0.000111 0.000059 0.000032 
4859264 nbody 1 825 49 0.976000 0.999000  0.000030 0.000023 0.000064 0.000135 0.000070 0.000036 
4859264 nbody 1 825 49 0.976000 0.845000  0.000024 0.000021 0.000058 0.000112 0.000059 0.000032 
4859328 nbody 1 825 49 0.976000 0.999000  0.000020 0.000020 0.000069 0.000174 0.000080 0.000039 
4859328 nbody 1 825 50 0.976000 0.768000  0.000027 0.000024 0.000062 0.000172 0.000066 0.000032 
4859328 nbody 1 825 50 0.976000 0.768000  0.000020 0.000018 0.000051 0.000101 0.000052 0.000028 
4859392 nbody 1 825 50 0.976000 0.921000  0.000026 0.000019 0.000054 0.000109 0.000060 0.000031 
4859392 nbody 1 825 50 0.976000 0.922000  0.000020 0.000018 0.000051 0.000106 0.000053 0.000028 
4859456 nbody 1 825 50 0.976000 0.922000  0.000026 0.000019 0.000054 0.000110 0.000059 0.000031 
4859456 nbody 1 825 50 0.976000 0.768000  0.000020 0.000018 0.000050 0.000101 0.000053 0.000028 
4859456 nbody 1 825 50 0.976000 0.921000  0.000025 0.000020 0.000055 0.000127 0.000062 0.000032 
4859520 nbody 1 825 49 0.976000 0.768000  0.000019 0.000018 0.000050 0.000104 0.000052 0.000028 
4859520 nbody 1 825 49 0.976000 0.923000  0.000022 0.000020 0.000055 0.000121 0.000059 0.000031 
4859520 nbody 1 825 49 0.976000 0.691000  0.000019 0.000018 0.000050 0.000102 0.000054 0.000029 
4859584 nbody 1 825 49 0.976000 1.000000  0.000028 0.000020 0.000056 0.000123 0.000061 0.000031 
4859584 nbody 1 825 49 0.976000 1.229000  0.000021 0.000018 0.000050 0.000114 0.000053 0.000028 
4859584 nbody 1 825 49 0.976000 0.769000  0.000020 0.000028 0.000068 0.000141 0.000079 0.000038 
4859648 nbody 1 825 49 0.976000 1.229000  0.000025 0.000020 0.000054 0.000119 0.000057 0.000030 
4859648 nbody 1 825 50 0.976000 0.691000  0.000025 0.000019 0.000052 0.000109 0.000056 0.000029 
4859712 nbody 1 825 50 0.976000 0.845000  0.000021 0.000018 0.000051 0.000099 0.000054 0.000028 
4859712 nbody 1 825 50 0.976000 0.922000  0.000019 0.000017 0.000050 0.000097 0.000051 0.000036 
4859712 nbody 1 825 50 0.976000 1.076000  0.000021 0.000019 0.000051 0.000107 0.000055 0.000029 
4859776 nbody 1 825 50 0.976000 0.768000  0.000024 0.000018 0.000050 0.000103 0.000051 0.000028 
4859776 nbody 1 825 50 0.976000 0.923000  0.000021 0.000019 0.000051 0.000102 0.000054 0.000028 
4859776 nbody 1 825 50 0.976000 0.845000  0.000019 0.000018 0.000049 0.000097 0.000051 0.000027 
4859840 nbody 1 825 50 0.976000 0.845000  0.000025 0.000019 0.000051 0.000112 0.000055 0.000029 
4859840 nbody 1 825 50 0.976000 0.691000  0.000019 0.000018 0.000049 0.000096 0.000051 0.000027 
4859904 nbody 1 825 50 0.976000 0.845000  0.000020 0.000018 0.000051 0.000101 0.000054 0.000028 
4859904 nbody 1 825 50 0.976000 0.768000  0.000019 0.000018 0.000049 0.000099 0.000051 0.000027 
4859904 nbody 1 825 50 0.976000 0.922000  0.000020 0.000019 0.000051 0.000106 0.000054 0.000028 
4859968 nbody 1 825 50 0.976000 0.845000  0.000019 0.000017 0.000049 0.000096 0.000050 0.000027 
4859968 nbody 1 825 50 0.976000 1.229000  0.000026 0.000019 0.000051 0.000107 0.000056 0.000029 
4859968 nbody 1 825 49 0.976000 0.768000  0.000022 0.000019 0.000051 0.000107 0.000054 0.000030 
4860032 nbody 1 825 49 0.976000 0.768000  0.000021 0.000018 0.000049 0.000097 0.000052 0.000028 
4860032 nbody 1 825 50 0.976000 0.691000  0.000043 0.000019 0.000051 0.000124 0.000053 0.000028 
4860096 nbody 1 825 50 0.976000 0.922000  0.000025 0.000019 0.000051 0.000106 0.000054 0.000028 
4860096 nbody 1 825 50 0.976000 0.691000  0.000027 0.000019 0.000052 0.000108 0.000053 0.000028 
4860096 nbody 1 825 50 0.976000 0.692000  0.000027 0.000019 0.000051 0.000105 0.000054 0.000028 
4860160 nbody 1 825 50 0.976000 0.768000  0.000018 0.000017 0.000048 0.000098 0.000049 0.000026 
4860160 nbody 1 825 50 0.976000 0.922000  0.000029 0.000019 0.000054 0.000121 0.000060 0.000030 
4860160 nbody 1 825 50 0.976000 0.768000  0.000019 0.000017 0.000048 0.000097 0.000049 0.000026 
4860224 nbody 1 825 50 0.976000 0.768000  0.000020 0.000023 0.000058 0.000132 0.000060 0.000030 
4860224 nbody 1 825 50 0.976000 0.768000  0.000020 0.000017 0.000048 0.000098 0.000050 0.000027 
4860224 nbody 1 825 50 0.976000 0.768000  0.000019 0.000019 0.000051 0.000108 0.000053 0.000028 
4860288 nbody 1 825 50 0.976000 0.768000  0.000019 0.000017 0.000048 0.000094 0.000049 0.000026 
4860288 nbody 1 825 50 0.976000 0.998000  0.000019 0.000018 0.000064 0.000134 0.000064 0.000036 
4860352 nbody 1 825 50 0.976000 0.845000  0.000030 0.000022 0.000060 0.000128 0.000239 0.000104 
4860352 nbody 1 825 50 0.976000 0.691000  0.000024 0.000019 0.000052 0.000119 0.000058 0.000030 
4860352 nbody 1 825 50 0.976000 0.692000  0.000024 0.000018 0.000056 0.000137 0.000057 0.000029 
4860416 nbody 1 825 50 0.976000 0.768000  0.000019 0.000017 0.000047 0.000095 0.000049 0.000026 
4860416 nbody 1 825 50 0.976000 0.923000  0.000020 0.000018 0.000049 0.000170 0.000068 0.000033 
4860480 nbody 1 825 50 0.976000 0.768000  0.000019 0.000017 0.000047 0.000175 0.000072 0.000035 
4860480 nbody 1 825 50 0.976000 0.845000  0.000024 0.000019 0.000054 0.000129 0.000060 0.000030 
4860480 nbody 1 825 50 0.976000 0.768000  0.000020 0.000017 0.000049 0.000108 0.000049 0.000026 
4860544 nbody 1 825 50 0.976000 0.999000  0.000025 0.000019 0.000053 0.000122 0.000058 0.000029 
4860544 nbody 1 825 50 0.976000 0.768000  0.000018 0.000018 0.000164 0.000273 0.000107 0.000047 
4860544 nbody 1 825 50 0.976000 0.922000  0.000028 0.000018 0.000051 0.000106 0.000053 0.000028 
4860608 nbody 1 825 50 0.976000 0.691000  0.000023 0.000017 0.000047 0.000097 0.000048 0.000026 
4860608 nbody 1 825 50 0.976000 1.000000  0.000019 0.000018 0.000048 0.000100 0.000051 0.000027 
4860608 nbody 1 825 50 0.976000 1.076000  0.000019 0.000016 0.000047 0.000093 0.000048 0.000026 
4860672 nbody 1 825 50 0.976000 0.999000  0.000023 0.000019 0.000050 0.000114 0.000056 0.000029 
4860672 nbody 1 825 50 0.976000 0.691000  0.000019 0.000018 0.000049 0.000102 0.000052 0.000027 
4860736 nbody 1 825 50 0.976000 0.691000  0.000024 0.000019 0.000053 0.000119 0.000058 0.000029 
4860736 nbody 1 825 50 0.976000 0.845000  0.000019 0.000017 0.000048 0.000099 0.000050 0.000027 
4860736 nbody 1 825 50 0.976000 0.691000  0.000019 0.000018 0.000051 0.000113 0.000056 0.000029 
4860800 nbody 1 825 50 0.976000 0.691000  0.000021 0.000017 0.000047 0.000095 0.000050 0.000027 
4860800 nbody 1 825 50 0.976000 0.691000  0.000018 0.000017 0.000046 0.000091 0.000048 0.000026 
4860800 nbody 1 825 50 0.976000 0.999000  0.000020 0.000017 0.000048 0.000098 0.000051 0.000027 
4860864 nbody 1 825 50 0.976000 0.768000  0.000018 0.000016 0.000046 0.000093 0.000051 0.000026 
4860864 nbody 1 825 50 0.976000 0.999000  0.000019 0.000017 0.000048 0.000094 0.000051 0.000027 
4860928 nbody 1 825 50 0.976000 0.691000  0.000018 0.000016 0.000045 0.000085 0.000046 0.000025 
4860928 nbody 1 825 50 0.976000 0.999000  0.000024 0.000028 0.000065 0.000169 0.000076 0.000040 
4860928 nbody 1 825 50 0.976000 0.691000  0.000018 0.000016 0.000046 0.000089 0.000050 0.000026 
4860992 nbody 1 825 50 0.976000 0.768000  0.000024 0.000019 0.000052 0.000116 0.000057 0.000029 
4860992 nbody 1 825 50 0.976000 0.691000  0.000025 0.000017 0.000048 0.000106 0.000048 0.000026 
4860992 nbody 1 825 50 0.976000 1.152000  0.000024 0.000019 0.000051 0.000108 0.000055 0.000028 
4861056 nbody 1 825 50 0.976000 1.152000  0.000019 0.000021 0.000053 0.000158 0.000057 0.000028 
4861056 nbody 1 825 50 0.976000 0.768000  0.000023 0.000017 0.000048 0.000099 0.000051 0.000026 
4861120 nbody 1 825 50 0.976000 1.075000  0.000018 0.000017 0.000047 0.000095 0.000050 0.000026 
4861120 nbody 1 825 50 0.976000 0.768000  0.000023 0.000018 0.000050 0.000105 0.000051 0.000027 
4861120 nbody 1 825 50 0.976000 1.000000  0.000019 0.000017 0.000047 0.000098 0.000050 0.000026 
4861184 nbody 1 825 50 0.976000 0.768000  0.000017 0.000016 0.000045 0.000093 0.000047 0.000025 
4861184 nbody 1 825 50 0.976000 0.692000  0.000026 0.000018 0.000050 0.000111 0.000058 0.000029 
4861184 nbody 1 825 50 0.976000 0.691000  0.000022 0.000016 0.000045 0.000094 0.000046 0.000025 
4861248 nbody 1 825 50 0.976000 0.768000  0.000018 0.000017 0.000047 0.000097 0.000050 0.000026 
4861248 nbody 1 825 50 0.976000 0.922000  0.000019 0.019026 0.040676 0.067956 0.021445 0.009523 
4861248 nbody 1 825 50 0.976000 0.768000  0.000020 0.000019 0.000052 0.000100 0.000055 0.000029 
4861312 nbody 1 825 50 0.976000 0.845000  0.000018 0.000016 0.000045 0.000092 0.000046 0.000026 
4861312 nbody 1 825 50 0.976000 0.999000  0.000024 0.000017 0.000046 0.000102 0.000051 0.000036 
4861376 nbody 1 825 50 0.976000 0.768000  0.000017 0.000017 0.000049 0.000107 0.000048 0.000026 
4861376 nbody 1 825 50 0.976000 1.075000  0.000020 0.000018 0.000048 0.000108 0.000053 0.000027 
4861376 nbody 1 825 50 0.976000 0.691000  0.000019 0.000017 0.000047 0.000098 0.000049 0.000026 
4861440 nbody 1 825 50 0.976000 0.768000  0.000025 0.000017 0.000048 0.000105 0.000052 0.000027 
4861440 nbody 1 825 50 0.976000 0.921000  0.000023 0.000017 0.000047 0.000097 0.000049 0.000026 
4861440 nbody 1 825 50 0.976000 0.691000  0.000026 0.000018 0.000049 0.000108 0.000054 0.000027 
4861504 nbody 1 825 50 0.976000 1.307000  0.000019 0.000017 0.000047 0.000105 0.000052 0.000027 
4861504 nbody 1 825 50 0.976000 0.768000  0.000017 0.000015 0.000044 0.000087 0.000045 0.000024 
4861504 nbody 1 825 50 0.976000 0.846000  0.000021 0.000016 0.000045 0.000093 0.000048 0.000026 
4861568 nbody 1 825 50 0.976000 0.768000  0.000017 0.000015 0.000043 0.000086 0.000045 0.000024 
4861568 nbody 1 825 50 0.976000 0.923000  0.000025 0.000018 0.000048 0.000108 0.000053 0.000027 
4861632 nbody 1 825 50 0.976000 0.768000  0.000020 0.000017 0.000048 0.000093 0.000050 0.000027 
4861632 nbody 1 825 51 0.976000 0.999000  0.000024 0.000019 0.000052 0.000111 0.000058 0.000029 
4861632 nbody 1 825 51 0.976000 0.768000  0.000020 0.000017 0.000048 0.000092 0.000049 0.000027 
4861696 nbody 1 825 51 0.976000 0.845000  0.000026 0.000018 0.000048 0.000107 0.000053 0.000027 
4861696 nbody 1 825 51 0.976000 0.691000  0.000017 0.000016 0.000043 0.000088 0.000045 0.000024 
4861696 nbody 1 825 51 0.976000 1.229000  0.000019 0.000017 0.000047 0.000105 0.000051 0.000026 
4861760 nbody 1 825 50 0.976000 0.768000  0.000016 0.000015 0.000044 0.000099 0.000045 0.000024 
4861760 nbody 1 825 50 0.976000 1.075000  0.000021 0.000017 0.000046 0.000106 0.000051 0.000026 
4861824 nbody 1 825 50 0.976000 0.768000  0.000016 0.000015 0.000043 0.000083 0.000043 0.000023 
4861824 nbody 1 825 50 0.976000 0.999000  0.000020 0.000017 0.000047 0.000107 0.000052 0.000027 
4861824 nbody 1 825 50 0.976000 0.768000  0.000017 0.000015 0.000045 0.000102 0.000050 0.000026 
4861888 nbody 1 825 50 0.976000 0.768000  0.000017 0.000016 0.000044 0.000121 0.000057 0.000032 
4861888 nbody 1 825 50 0.976000 1.152000  0.000018 0.000016 0.000044 0.000090 0.000047 0.000024 
4861888 nbody 1 825 50 0.976000 0.845000  0.000046 0.000024 0.000071 0.000147 0.000066 0.000222 
4861952 nbody 1 825 50 0.976000 0.999000  0.000021 0.000016 0.000044 0.000091 0.000047 0.000025 
4861952 nbody 1 825 50 0.976000 0.691000  0.000017 0.000015 0.000042 0.000088 0.000044 0.000023 
4862016 nbody 1 825 51 0.976000 0.923000  0.000024 0.000017 0.000047 0.000105 0.000051 0.000026 
4862016 nbody 1 825 51 0.976000 1.152000  0.000016 0.000015 0.000042 0.000083 0.000043 0.000023 
4862016 nbody 1 825 50 0.976000 0.845000  0.000018 0.000017 0.000046 0.000098 0.000051 0.000026 
4862080 nbody 1 825 50 0.976000 0.768000  0.000017 0.000015 0.000042 0.000084 0.000044 0.000023 
4862080 nbody 1 825 50 0.976000 1.152000  0.000017 0.000016 0.000057 0.000125 0.000058 0.000032 
4862144 nbody 1 825 50 0.976000 0.768000  0.000016 0.000015 0.000042 0.000091 0.000047 0.000025 
4862144 nbody 1 825 50 0.976000 0.845000  0.000023 0.000016 0.000045 0.000099 0.000049 0.000026 
4862144 nbody 1 825 50 0.976000 1.076000  0.000018 0.000016 0.000043 0.000090 0.000047 0.000024 
4862208 nbody 1 825 51 0.976000 0.768000  0.000019 0.000016 0.000044 0.000092 0.000047 0.000025 
4862208 nbody 1 825 51 0.976000 1.077000  0.042536 0.011357 0.024247 0.042611 0.013125 0.005598 
4862208 nbody 1 825 51 0.976000 0.999000  0.000020 0.000018 0.000048 0.000095 0.000051 0.000027 
4862272 nbody 1 825 51 0.976000 1.383000  0.000018 0.000015 0.000042 0.000084 0.000043 0.000023 
4862272 nbody 1 825 51 0.976000 1.075000  0.000016 0.000015 0.000042 0.000085 0.000044 0.000023 
4862336 nbody 1 825 51 0.976000 0.999000  0.000018 0.000016 0.000043 0.000091 0.000047 0.000024 
4862336 nbody 1 825 51 0.976000 0.768000  0.000017 0.000015 0.000041 0.000086 0.000043 0.000024 
4862336 nbody 1 825 51 0.976000 0.769000  0.000021 0.000016 0.000044 0.000091 0.000046 0.000024 
4862400 nbody 1 825 51 0.976000 0.768000  0.000016 0.000015 0.000041 0.000082 0.000043 0.000023 
4862400 nbody 1 825 51 0.976000 1.076000  0.000019 0.000017 0.000045 0.000104 0.000050 0.000026 
4862400 nbody 1 825 51 0.976000 0.691000  0.000016 0.000014 0.000041 0.000080 0.000042 0.000023 
4862464 nbody 1 825 51 0.976000 0.845000  0.000017 0.000016 0.000043 0.000089 0.000046 0.000024 
4862464 nbody 1 825 50 0.976000 0.691000  0.000016 0.000015 0.000041 0.000085 0.000043 0.000023 
4862528 nbody 1 825 50 0.976000 1.076000  0.000021 0.000016 0.000043 0.000089 0.000046 0.000024 
4862528 nbody 1 825 51 0.976000 0.691000  0.000016 0.000015 0.000041 0.000100 0.000047 0.000024 
4862528 nbody 1 825 51 0.976000 0.921000  0.000021 0.000016 0.000043 0.000089 0.000046 0.000024 
4862592 nbody 1 825 51 0.976000 0.999000  0.000020 0.000017 0.000046 0.000100 0.000047 0.000024 
4862592 nbody 1 825 51 0.976000 0.922000  0.000016 0.000016 0.000042 0.000087 0.000045 0.000024 
4862592 nbody 1 825 51 0.976000 0.768000  0.000016 0.000015 0.000041 0.000089 0.000042 0.000022 
4862656 nbody 1 825 50 0.976000 0.538000  0.000004 0.000004 0.000011 0.000021 0.000014 0.000007 
