#Timestamp	Benchmark	Run(#)	CPU Frequency (MHz)	CPU Temperature(C)	CPU Voltage(V)	CPU Power(W)	CPU_CYCLES	L1_DATA_CACHE_ACCESS	INSTRUCTIONS_RETIRED	BUS_CYCLES	L1I_CACHE_ACCESS	PREDICTABLE_BRANCH_SPECULATIVELY_EXECUTED
2767744 BlackScholes 1 307 36 0.842000 0.694000  0.000207 0.000187 0.000529 0.001141 0.000587 0.000306 
2767808 BlackScholes 1 307 36 0.842000 0.539000  0.000036 0.000032 0.000088 0.000172 0.000091 0.000049 
2767808 BlackScholes 1 307 36 0.842000 0.617000  0.000017 0.000015 0.000041 0.000083 0.000045 0.000023 
2767872 BlackScholes 1 307 36 0.842000 0.385000  0.000015 0.000014 0.000039 0.000075 0.000040 0.000022 
2767872 BlackScholes 1 307 36 0.842000 0.539000  0.000021 0.000016 0.000042 0.000087 0.000045 0.000023 
2767872 BlackScholes 1 307 36 0.842000 0.539000  0.000016 0.000014 0.000039 0.000075 0.000041 0.000022 
2767936 BlackScholes 1 307 36 0.842000 0.540000  0.354469 0.102344 0.212978 0.356580 0.121352 0.052766 
2767936 BlackScholes 1 307 36 0.842000 0.540000  0.000196 0.000179 0.000490 0.000934 0.000522 0.000275 
2768000 BlackScholes 1 307 36 0.842000 0.539000  0.000189 0.000167 0.000467 0.000901 0.000484 0.000259 
2768000 BlackScholes 1 307 36 0.842000 0.539000  0.000240 0.000185 0.000496 0.000983 0.000532 0.000275 
2768064 BlackScholes 1 307 36 0.842000 0.386000  0.000184 0.000166 0.000461 0.000878 0.000475 0.000256 
2768064 BlackScholes 1 307 36 0.842000 0.463000  0.000189 0.000174 0.000477 0.000915 0.000503 0.000310 
2768128 BlackScholes 1 307 36 0.842000 0.386000  0.000034 0.000018 0.000045 0.000097 0.000054 0.000027 
2768128 BlackScholes 1 307 36 0.842000 0.616000  0.000018 0.000015 0.000053 0.000105 0.000062 0.000030 
2768192 BlackScholes 1 307 36 0.842000 0.385000  0.000182 0.000164 0.000455 0.000865 0.000503 0.000264 
2768192 BlackScholes 1 307 36 0.842000 0.463000  0.000212 0.000173 0.000482 0.001005 0.000543 0.000279 
2768256 BlackScholes 1 307 36 0.842000 0.693000  0.000172 0.000159 0.000443 0.000840 0.000459 0.000246 
2768256 BlackScholes 1 307 36 0.842000 0.463000  0.000179 0.000167 0.000458 0.000868 0.000487 0.000258 
2768256 BlackScholes 1 307 36 0.842000 0.540000  0.000016 0.000014 0.000039 0.000076 0.000041 0.000022 
2768320 BlackScholes 1 307 36 0.842000 0.462000  0.000016 0.000015 0.000041 0.000079 0.000043 0.000023 
2768320 BlackScholes 1 307 36 0.842000 0.385000  0.000015 0.000014 0.000039 0.000075 0.000040 0.000022 
2768384 BlackScholes 1 307 36 0.842000 0.463000  0.000018 0.000015 0.000042 0.000087 0.000047 0.000024 
2768384 BlackScholes 1 307 36 0.842000 0.385000  0.000016 0.000014 0.000039 0.000074 0.000040 0.000022 
2768448 BlackScholes 1 307 36 0.842000 0.539000  0.000282 0.000179 0.000469 0.000991 0.000509 0.000258 
2768448 BlackScholes 1 307 36 0.842000 0.463000  0.000163 0.000147 0.000412 0.000775 0.000421 0.000228 
2768512 BlackScholes 1 307 36 0.842000 0.463000  0.000560 0.000248 0.000706 0.001478 0.000752 0.000365 
2768512 BlackScholes 1 307 36 0.842000 0.539000  0.000015 0.000014 0.000039 0.000075 0.000040 0.000022 
2768512 BlackScholes 1 307 36 0.842000 0.462000  0.000019 0.000015 0.000042 0.000091 0.000047 0.000024 
2768576 BlackScholes 1 307 36 0.842000 0.385000  0.000015 0.000014 0.000039 0.000074 0.000040 0.000022 
2768576 BlackScholes 1 307 36 0.842000 0.539000  0.000016 0.000015 0.000042 0.000084 0.000046 0.000034 
2768640 BlackScholes 1 307 36 0.842000 0.386000  0.000155 0.000141 0.000393 0.000749 0.000405 0.000218 
2768640 BlackScholes 1 307 36 0.842000 0.539000  0.000170 0.000149 0.000406 0.000788 0.000429 0.000228 
2768704 BlackScholes 1 307 36 0.842000 0.617000  0.000153 0.000139 0.000387 0.000734 0.000428 0.000224 
2768704 BlackScholes 1 307 36 0.842000 0.617000  0.000163 0.000147 0.000401 0.000777 0.000427 0.000225 
2768768 BlackScholes 1 307 36 0.842000 0.539000  0.000029 0.000027 0.000075 0.000250 0.000107 0.000051 
2768768 BlackScholes 1 307 36 0.842000 0.539000  0.000033 0.000028 0.000078 0.000155 0.000083 0.000044 
2768768 BlackScholes 1 307 36 0.842000 0.462000  0.000036 0.000031 0.000084 0.000178 0.000094 0.000047 
2768832 BlackScholes 1 307 36 0.842000 0.539000  0.000048 0.000032 0.000084 0.000161 0.000084 0.000044 
2768832 BlackScholes 1 307 36 0.842000 0.462000  0.000032 0.000029 0.000079 0.000163 0.000087 0.000046 
2768896 BlackScholes 1 307 36 0.842000 0.539000  0.000034 0.000028 0.000079 0.000161 0.000083 0.000044 
2768896 BlackScholes 1 307 36 0.842000 0.463000  0.000031 0.000028 0.000100 0.000202 0.000117 0.000057 
2768960 BlackScholes 1 307 36 0.842000 0.539000  0.000034 0.000027 0.000076 0.000154 0.000081 0.000043 
2768960 BlackScholes 1 307 36 0.842000 0.540000  0.000031 0.000028 0.000082 0.000170 0.000089 0.000046 
2768960 BlackScholes 1 307 36 0.842000 0.617000  0.000032 0.000028 0.000079 0.000157 0.000081 0.000043 
2769024 BlackScholes 1 307 36 0.842000 0.462000  0.000036 0.000029 0.000080 0.000167 0.000089 0.000046 
2769024 BlackScholes 1 307 36 0.842000 0.540000  0.000029 0.000027 0.000077 0.000150 0.000079 0.000042 
2769088 BlackScholes 1 307 36 0.842000 0.463000  0.000031 0.000044 0.000104 0.000216 0.000121 0.000058 
2769088 BlackScholes 1 307 36 0.842000 0.462000  0.000240 0.000403 0.000989 0.002144 0.000971 0.000466 
2769152 BlackScholes 1 307 36 0.842000 0.462000  0.001815 0.146471 0.326775 0.426938 0.117540 0.063669 
2769152 BlackScholes 1 307 36 0.842000 0.539000  0.000030 0.000028 0.000076 0.000148 0.000081 0.000043 
2769216 BlackScholes 1 307 36 0.842000 0.540000  0.000036 0.000030 0.000083 0.000169 0.000090 0.000047 
2769216 BlackScholes 1 307 36 0.842000 0.540000  0.000028 0.000029 0.000078 0.000153 0.000081 0.000043 
2769280 BlackScholes 1 307 36 0.842000 0.617000  0.000143 0.000118 0.000328 0.000690 0.000367 0.000187 
2769280 BlackScholes 1 307 36 0.842000 0.539000  0.000028 0.000029 0.000078 0.000155 0.000079 0.000042 
2769344 BlackScholes 1 307 36 0.842000 0.462000  0.000037 0.000030 0.000084 0.000179 0.000092 0.000047 
2769344 BlackScholes 1 307 36 0.842000 0.539000  0.000027 0.000026 0.000073 0.000137 0.000074 0.000040 
2769344 BlackScholes 1 307 36 0.842000 0.540000  0.000030 0.000027 0.000076 0.000145 0.000080 0.000042 
2769408 BlackScholes 1 307 36 0.842000 0.385000  0.000114 0.000103 0.000299 0.000589 0.000305 0.000162 
2769408 BlackScholes 1 307 36 0.842000 0.539000  0.000144 0.000114 0.000305 0.000616 0.000325 0.000170 
2769472 BlackScholes 1 307 36 0.842000 0.539000  0.000130 0.000113 0.000309 0.000642 0.000345 0.000179 
2769472 BlackScholes 1 307 36 0.842000 0.540000  0.035405 0.012869 0.028663 0.035464 0.011583 0.005921 
2769472 BlackScholes 1 307 36 0.842000 0.463000  0.000018 0.000015 0.000041 0.000084 0.000045 0.000023 
2769536 BlackScholes 1 307 36 0.842000 0.539000  0.000015 0.000013 0.000038 0.000071 0.000038 0.000021 
2769536 BlackScholes 1 307 36 0.842000 0.539000  0.000016 0.000021 0.000050 0.000123 0.000059 0.000032 
2769600 BlackScholes 1 307 36 0.842000 0.540000  0.000015 0.000013 0.000038 0.000071 0.000039 0.000021 
2769600 BlackScholes 1 307 36 0.842000 0.462000  0.000017 0.000015 0.000041 0.000084 0.000045 0.000023 
2769664 BlackScholes 1 307 36 0.842000 0.385000  0.000015 0.000013 0.000039 0.000078 0.000041 0.000021 
2769664 BlackScholes 1 307 36 0.842000 0.694000  0.000017 0.000014 0.000040 0.000085 0.000044 0.000023 
2769728 BlackScholes 1 307 36 0.842000 0.540000  0.000181 0.000164 0.000456 0.000865 0.000475 0.000254 
2769728 BlackScholes 1 307 36 0.842000 0.693000  0.000040 0.000030 0.000079 0.000201 0.000091 0.000046 
2769728 BlackScholes 1 307 36 0.842000 0.385000  0.000028 0.000025 0.000069 0.000131 0.000071 0.000038 
2769792 BlackScholes 1 307 36 0.842000 0.540000  0.003339 0.001237 0.002634 0.003403 0.001391 0.000628 
2769792 BlackScholes 1 307 36 0.842000 0.385000  0.000027 0.000025 0.000069 0.000131 0.000071 0.000038 
2769856 BlackScholes 1 307 36 0.842000 0.540000  0.000029 0.000027 0.000073 0.000155 0.000082 0.000042 
2769856 BlackScholes 1 307 36 0.842000 0.385000  0.000027 0.000025 0.000069 0.000131 0.000069 0.000038 
2769920 BlackScholes 1 307 36 0.842000 0.463000  0.000028 0.000026 0.000092 0.000182 0.000107 0.000052 
2769920 BlackScholes 1 307 36 0.842000 0.616000  0.000042 0.000029 0.000076 0.000155 0.000078 0.000040 
2769920 BlackScholes 1 307 36 0.842000 0.462000  0.000033 0.000027 0.000075 0.000150 0.000080 0.000042 
2769984 BlackScholes 1 307 36 0.842000 0.463000  0.000034 0.000028 0.000077 0.000160 0.000085 0.000043 
2769984 BlackScholes 1 307 36 0.842000 0.463000  0.000032 0.000027 0.000076 0.000154 0.000083 0.000043 
2770048 BlackScholes 1 307 36 0.842000 0.540000  0.000029 0.000026 0.000071 0.000137 0.000075 0.000040 
2770048 BlackScholes 1 307 36 0.842000 0.539000  0.000026 0.000024 0.000068 0.000128 0.000070 0.000038 
2770112 BlackScholes 1 307 36 0.842000 0.463000  0.000027 0.000026 0.000071 0.000136 0.000074 0.000040 
2770112 BlackScholes 1 307 36 0.842000 0.539000  0.000026 0.000024 0.000068 0.000128 0.000070 0.000038 
2770176 BlackScholes 1 307 36 0.842000 0.539000  0.011741 0.004391 0.009421 0.011801 0.004839 0.002184 
2770176 BlackScholes 1 307 36 0.842000 0.462000  0.000026 0.000024 0.000068 0.000128 0.000070 0.000038 
2770176 BlackScholes 1 307 36 0.842000 0.540000  0.000034 0.000027 0.000074 0.000156 0.000082 0.000042 
2770240 BlackScholes 1 307 36 0.842000 0.539000  0.000034 0.000027 0.000077 0.000161 0.000085 0.000043 
2770240 BlackScholes 1 307 36 0.842000 0.539000  0.000031 0.000025 0.000069 0.000140 0.000072 0.000040 
2770304 BlackScholes 1 307 36 0.842000 0.540000  0.000032 0.000026 0.000074 0.000152 0.000082 0.000042 
2770304 BlackScholes 1 307 36 0.842000 0.540000  0.000031 0.000026 0.000072 0.000144 0.000078 0.000042 
2770368 BlackScholes 1 307 36 0.842000 0.462000  0.000028 0.000026 0.000096 0.000200 0.000115 0.000054 
2770368 BlackScholes 1 307 36 0.842000 0.462000  0.000026 0.000025 0.000070 0.000139 0.000073 0.000039 
2770432 BlackScholes 1 307 36 0.842000 0.540000  0.000015 0.000015 0.000040 0.000085 0.000045 0.000023 
2770432 BlackScholes 1 307 36 0.842000 0.539000  0.000033 0.000025 0.000073 0.000141 0.000074 0.000039 
2770432 BlackScholes 1 307 36 0.842000 0.462000  0.000032 0.000026 0.000072 0.000150 0.000081 0.000041 
2770496 BlackScholes 1 307 36 0.842000 0.462000  0.000030 0.000028 0.000075 0.000149 0.000077 0.000040 
2770496 BlackScholes 1 307 36 0.842000 0.463000  0.000030 0.000026 0.000073 0.000153 0.000082 0.000042 
2770560 BlackScholes 1 307 36 0.842000 0.462000  0.000030 0.000025 0.000071 0.000142 0.000073 0.000039 
2770560 BlackScholes 1 307 36 0.842000 0.463000  0.000033 0.000042 0.000099 0.000254 0.000111 0.000059 
2770624 BlackScholes 1 307 36 0.842000 0.540000  0.000015 0.000013 0.000037 0.000072 0.000038 0.000020 
2770624 BlackScholes 1 307 36 0.842000 0.540000  0.000088 0.000040 0.000113 0.000258 0.000131 0.000060 
2770688 BlackScholes 1 307 36 0.842000 0.386000  0.000015 0.000013 0.000036 0.000070 0.000038 0.000020 
2770688 BlackScholes 1 307 36 0.842000 0.540000  0.000046 0.000029 0.000077 0.000167 0.000084 0.000042 
2770688 BlackScholes 1 307 36 0.842000 0.385000  0.000026 0.000024 0.000066 0.000126 0.000067 0.000037 
2770752 BlackScholes 1 307 36 0.842000 0.463000  0.000067 0.000037 0.000110 0.000224 0.000125 0.000059 
2770752 BlackScholes 1 307 36 0.842000 0.385000  0.000027 0.000025 0.000073 0.000141 0.000093 0.000045 
2770816 BlackScholes 1 307 36 0.842000 0.463000  0.000033 0.000026 0.000071 0.000154 0.000080 0.000041 
2770816 BlackScholes 1 307 36 0.842000 0.385000  0.000026 0.000027 0.000072 0.000145 0.000072 0.000038 
2770880 BlackScholes 1 307 36 0.842000 0.540000  0.000031 0.000026 0.000071 0.000145 0.000077 0.000040 
2770880 BlackScholes 1 307 36 0.842000 0.540000  0.000026 0.000024 0.000066 0.000123 0.000067 0.000036 
2770880 BlackScholes 1 307 36 0.842000 0.540000  0.000039 0.000027 0.000072 0.000144 0.000075 0.000039 
2770944 BlackScholes 1 307 36 0.842000 0.540000  0.000025 0.000024 0.000066 0.000124 0.000068 0.000036 
2770944 BlackScholes 1 307 36 0.842000 0.463000  0.000028 0.000025 0.000071 0.000150 0.000079 0.000040 
2771008 BlackScholes 1 307 36 0.842000 0.694000  0.000029 0.000024 0.000067 0.000129 0.000068 0.000036 
2771008 BlackScholes 1 307 36 0.842000 0.539000  0.000055 0.000028 0.000077 0.000176 0.000084 0.000042 
2771072 BlackScholes 1 307 36 0.842000 0.385000  0.000033 0.000027 0.000070 0.000139 0.000072 0.000038 
2771072 BlackScholes 1 307 36 0.842000 0.540000  0.000026 0.000023 0.000065 0.000124 0.000067 0.000036 
2771072 BlackScholes 1 307 36 0.842000 0.462000  0.000027 0.000045 0.000104 0.000228 0.000101 0.000054 
2771136 BlackScholes 1 307 36 0.842000 0.539000  0.000029 0.000025 0.000069 0.000137 0.000071 0.000038 
2771136 BlackScholes 1 307 36 0.842000 0.463000  3.489563 1.003829 2.147466 3.520064 1.208940 0.535404 
2771200 BlackScholes 1 307 36 0.842000 0.617000  0.000025 0.000025 0.000069 0.000139 0.000071 0.000038 
2771200 BlackScholes 1 307 36 0.842000 0.540000  0.000028 0.000029 0.000077 0.000174 0.000085 0.000043 
2771264 BlackScholes 1 307 36 0.842000 0.616000  0.003041 0.002778 0.007758 0.014741 0.007986 0.004299 
2771264 BlackScholes 1 307 36 0.842000 0.463000  0.127540 0.039436 0.073856 0.147475 0.055436 0.022877 
2771328 BlackScholes 1 307 36 0.842000 0.463000  0.000029 0.000024 0.000068 0.000137 0.000071 0.000037 
2771328 BlackScholes 1 307 36 0.842000 0.462000  0.000032 0.000026 0.000072 0.000153 0.000076 0.000041 
2771328 BlackScholes 1 307 36 0.842000 0.540000  0.000025 0.000024 0.000067 0.000132 0.000069 0.000037 
2771392 BlackScholes 1 307 36 0.842000 0.616000  0.157740 0.048149 0.099912 0.158124 0.054837 0.023194 
2771392 BlackScholes 1 307 36 0.842000 0.617000  0.557952 0.237450 0.518132 0.563105 0.265705 0.114472 
2771456 BlackScholes 1 307 36 0.842000 0.463000  0.000033 0.000026 0.000071 0.000150 0.000079 0.000040 
2771456 BlackScholes 1 307 36 0.842000 0.385000  0.000029 0.000024 0.000070 0.000138 0.000070 0.000037 
2771520 BlackScholes 1 307 36 0.842000 0.463000  0.000027 0.000024 0.000083 0.000214 0.000105 0.000056 
2771520 BlackScholes 1 307 36 0.842000 0.540000  0.000029 0.000024 0.000069 0.000143 0.000071 0.000037 
2771584 BlackScholes 1 307 36 0.842000 0.539000  0.000032 0.000025 0.000070 0.000145 0.000079 0.000040 
2771584 BlackScholes 1 307 36 0.842000 0.385000  0.000030 0.000024 0.000068 0.000136 0.000070 0.000037 
2771584 BlackScholes 1 307 36 0.842000 0.539000  0.000026 0.000024 0.000066 0.000129 0.000071 0.000037 
2771648 BlackScholes 1 307 36 0.842000 0.385000  0.000025 0.000023 0.000064 0.000119 0.000065 0.000035 
2771648 BlackScholes 1 307 36 0.842000 0.539000  0.000027 0.000024 0.000066 0.000130 0.000093 0.000051 
2771712 BlackScholes 1 307 36 0.842000 0.385000  0.000025 0.000023 0.000064 0.000162 0.000073 0.000038 
2771712 BlackScholes 1 307 36 0.842000 0.540000  0.000026 0.000024 0.000066 0.000194 0.000090 0.000044 
2771776 BlackScholes 1 307 36 0.842000 0.462000  0.000025 0.000023 0.000064 0.000120 0.000065 0.000035 
2771776 BlackScholes 1 307 36 0.842000 0.539000  0.000034 0.000026 0.000072 0.000157 0.000082 0.000040 
2771776 BlackScholes 1 307 36 0.842000 0.540000  0.000031 0.000025 0.000067 0.000130 0.011579 0.005093 
2771840 BlackScholes 1 307 36 0.842000 0.540000  0.000025 0.000023 0.000151 0.000299 0.000121 0.000059 
2771840 BlackScholes 1 307 36 0.842000 0.463000  0.000033 0.000025 0.000070 0.000174 0.000086 0.000043 
2771904 BlackScholes 1 307 36 0.842000 0.540000  0.000059 0.000037 0.000088 0.000198 0.000086 0.000042 
2771904 BlackScholes 1 307 36 0.842000 0.539000  0.000032 0.000026 0.000071 0.000147 0.000078 0.000039 
2771968 BlackScholes 1 307 36 0.842000 0.539000  0.000030 0.000024 0.000067 0.000135 0.000070 0.000037 
2771968 BlackScholes 1 307 36 0.842000 0.540000  0.000029 0.000024 0.000068 0.000140 0.000078 0.000039 
2772032 BlackScholes 1 307 36 0.842000 0.539000  0.000028 0.000023 0.000067 0.000133 0.000073 0.000037 
2772032 BlackScholes 1 307 36 0.842000 0.463000  0.000026 0.000035 0.000091 0.000261 0.000112 0.000059 
2772032 BlackScholes 1 307 36 0.842000 0.540000  0.000025 0.000024 0.000067 0.000135 0.000070 0.000037 
2772096 BlackScholes 1 307 36 0.842000 0.539000  0.000029 0.000024 0.000067 0.000137 0.000073 0.000038 
2772096 BlackScholes 1 307 36 0.842000 0.385000  0.000025 0.000023 0.000067 0.000138 0.000071 0.000036 
2772160 BlackScholes 1 307 36 0.842000 0.539000  0.000028 0.000025 0.000068 0.000137 0.000072 0.000037 
2772160 BlackScholes 1 307 36 0.842000 0.386000  0.000024 0.000022 0.000062 0.000117 0.000063 0.000034 
2772224 BlackScholes 1 307 36 0.842000 0.539000  0.000455 0.000413 0.001137 0.002935 0.001482 0.000835 
2772224 BlackScholes 1 307 36 0.842000 0.385000  0.000043 0.000027 0.000070 0.000137 0.000070 0.000036 
2772224 BlackScholes 1 307 36 0.842000 0.539000  0.000439 0.000392 0.001085 0.002159 0.001181 0.000604 
2772288 BlackScholes 1 307 36 0.842000 0.540000  0.000024 0.000022 0.000062 0.000117 0.000064 0.000035 
2772288 BlackScholes 1 307 36 0.842000 0.462000  0.000027 0.000024 0.000064 0.000126 0.000069 0.000036 
2772352 BlackScholes 1 307 36 0.842000 0.462000  0.000055 0.000030 0.000085 0.000194 0.000089 0.000044 
2772352 BlackScholes 1 307 36 0.842000 0.539000  0.000065 0.000028 0.000072 0.000166 0.000078 0.000039 
2772416 BlackScholes 1 307 36 0.842000 0.462000  0.000031 0.000025 0.000069 0.000142 0.000076 0.000039 
2772416 BlackScholes 1 307 36 0.842000 0.540000  0.000038 0.000025 0.000069 0.000141 0.000070 0.000037 
2772480 BlackScholes 1 307 36 0.842000 0.462000  0.000026 0.000025 0.000066 0.000176 0.000086 0.000048 
2772480 BlackScholes 1 307 36 0.842000 0.540000  0.000024 0.000022 0.000062 0.000118 0.000063 0.000039 
2772480 BlackScholes 1 307 36 0.842000 0.539000  0.000030 0.000024 0.000067 0.000141 0.000074 0.000038 
2772544 BlackScholes 1 307 36 0.842000 0.386000  0.000095 0.000081 0.000226 0.000449 0.000239 0.000125 
2772544 BlackScholes 1 307 36 0.842000 0.540000  0.000024 0.000023 0.000063 0.000124 0.000064 0.000035 
2772608 BlackScholes 1 307 36 0.842000 0.462000  0.000030 0.000026 0.000069 0.000144 0.000076 0.000039 
2772608 BlackScholes 1 307 36 0.842000 0.462000  0.000024 0.000023 0.000064 0.000130 0.000066 0.000036 
2772672 BlackScholes 1 307 36 0.842000 0.539000  0.000025 0.000026 0.000069 0.000153 0.000077 0.000039 
2772672 BlackScholes 1 307 36 0.842000 0.540000  0.000024 0.000022 0.000061 0.000116 0.000062 0.000034 
2772672 BlackScholes 1 307 36 0.842000 0.540000  0.000031 0.000025 0.000069 0.000145 0.000076 0.000039 
2772736 BlackScholes 1 307 36 0.842000 0.385000  0.000027 0.000023 0.000065 0.000129 0.000067 0.000036 
2772736 BlackScholes 1 307 36 0.842000 0.463000  0.001329 0.000344 0.000670 0.001443 0.000482 0.000198 
2772800 BlackScholes 1 307 36 0.842000 0.617000  0.000028 0.000022 0.000065 0.000126 0.000067 0.000035 
2772800 BlackScholes 1 307 36 0.842000 0.539000  0.000030 0.000024 0.000067 0.000135 0.000071 0.000037 
2772864 BlackScholes 1 307 36 0.842000 0.385000  0.000024 0.000022 0.000061 0.000114 0.000062 0.000034 
2772864 BlackScholes 1 307 36 0.842000 0.539000  0.000098 0.000078 0.000220 0.000482 0.000249 0.000127 
2772864 BlackScholes 1 307 36 0.842000 0.385000  0.000025 0.000022 0.000060 0.000117 0.000062 0.000034 
2772928 BlackScholes 1 307 36 0.842000 0.539000  0.000025 0.000026 0.000070 0.000146 0.000077 0.000038 
2772928 BlackScholes 1 307 36 0.842000 0.386000  0.000024 0.000022 0.000060 0.000117 0.000061 0.000033 
2772992 BlackScholes 1 307 36 0.842000 0.540000  0.000025 0.000023 0.000063 0.000121 0.000066 0.000035 
2772992 BlackScholes 1 307 36 0.842000 0.540000  0.000024 0.000022 0.000060 0.000116 0.000063 0.000034 
2773056 BlackScholes 1 307 36 0.842000 0.540000  0.000023 0.000022 0.000060 0.000115 0.000062 0.000034 
2773056 BlackScholes 1 307 36 0.842000 0.462000  0.000030 0.000024 0.000066 0.000136 0.000073 0.000038 
2773056 BlackScholes 1 307 36 0.842000 0.540000  0.000027 0.000023 0.000064 0.000124 0.000064 0.000034 
2773120 BlackScholes 1 307 36 0.842000 0.462000  0.000025 0.000023 0.000081 0.000165 0.000086 0.000042 
2773120 BlackScholes 1 307 36 0.842000 0.539000  0.000315 0.000290 0.000811 0.001544 0.000839 0.000450 
2773184 BlackScholes 1 307 36 0.842000 0.616000  0.000411 0.000307 0.000858 0.001896 0.000917 0.000480 
2773184 BlackScholes 1 307 36 0.842000 0.616000  0.000028 0.000023 0.000065 0.000143 0.000066 0.000035 
2773248 BlackScholes 1 307 36 0.842000 0.539000  0.075467 0.025549 0.054291 0.075920 0.027967 0.012450 
2773248 BlackScholes 1 307 36 0.842000 0.538000  0.000024 0.000021 0.000061 0.000126 0.000063 0.000034 
2773312 BlackScholes 1 307 36 0.842000 0.461000  0.000397 0.000313 0.000858 0.001833 0.000964 0.000493 
2773312 BlackScholes 1 307 37 0.842000 0.461000  0.000025 0.000021 0.000059 0.000114 0.000061 0.000033 
2773376 BlackScholes 1 307 37 0.842000 0.384000  0.000025 0.000023 0.000062 0.000123 0.000081 0.000040 
2773376 BlackScholes 1 307 37 0.842000 0.384000  0.000024 0.000021 0.000059 0.000116 0.000061 0.000033 
2773376 BlackScholes 1 307 37 0.842000 0.538000  0.000038 0.000024 0.000065 0.000149 0.000074 0.000037 
2773440 BlackScholes 1 307 37 0.842000 0.384000  0.000023 0.000021 0.000059 0.000114 0.000061 0.000033 
2773440 BlackScholes 1 307 37 0.842000 0.461000  0.118622 0.038624 0.081583 0.118960 0.042629 0.018787 
2773504 BlackScholes 1 307 37 0.842000 0.384000  0.000023 0.000021 0.000059 0.000113 0.000061 0.000033 
2773504 BlackScholes 1 307 37 0.842000 0.461000  0.000024 0.000022 0.000067 0.000170 0.000073 0.000036 
2773568 BlackScholes 1 307 37 0.842000 0.461000  0.000028 0.000023 0.000065 0.000139 0.000073 0.000039 
2773568 BlackScholes 1 307 37 0.842000 0.538000  0.000030 0.000023 0.000064 0.000128 0.000064 0.000034 
2773568 BlackScholes 1 307 38 0.842000 0.461000  0.000025 0.000024 0.000083 0.000184 0.000082 0.000049 
2773632 BlackScholes 1 307 37 0.842000 0.384000  0.000024 0.000021 0.000059 0.000113 0.000065 0.000034 
2773632 BlackScholes 1 307 37 0.842000 0.462000  0.000029 0.000026 0.000068 0.000168 0.000077 0.000038 
2773696 BlackScholes 1 307 38 0.842000 0.384000  0.000024 0.000021 0.000059 0.000114 0.000060 0.000032 
2773696 BlackScholes 1 307 38 0.842000 0.461000  0.000025 0.000022 0.000067 0.000135 0.000069 0.000035 
2773760 BlackScholes 1 307 38 0.842000 0.384000  0.000024 0.000021 0.000058 0.000114 0.000061 0.000032 
2773760 BlackScholes 1 307 38 0.842000 0.461000  0.000025 0.000022 0.000061 0.000120 0.000065 0.000034 
2773824 BlackScholes 1 307 38 0.842000 0.384000  0.000024 0.000021 0.000058 0.000111 0.000060 0.000032 
2773824 BlackScholes 1 307 38 0.842000 0.461000  0.003349 0.001157 0.002473 0.003446 0.001331 0.000587 
2773888 BlackScholes 1 307 38 0.842000 0.461000  0.000039 0.000029 0.000074 0.000164 0.000076 0.000038 
2773888 BlackScholes 1 307 38 0.842000 0.538000  0.232313 0.065106 0.139335 0.000000 0.000000 0.000000 
2773952 BlackScholes 1 307 38 0.842000 0.461000  0.000025 0.000032 0.000078 0.000162 0.007978 0.003450 
2773952 BlackScholes 1 307 38 0.842000 0.538000  0.000223 0.000207 0.000577 0.001100 0.000595 0.000321 
2773952 BlackScholes 1 307 38 0.842000 0.461000  0.000042 0.000026 0.000073 0.000167 0.000076 0.000039 
2774016 BlackScholes 1 307 38 0.842000 0.538000  0.000043 0.000025 0.000064 0.000134 0.000066 0.000034 
2774016 BlackScholes 1 307 38 0.842000 0.461000  0.000029 0.000023 0.000064 0.000135 0.000072 0.000036 
2774080 BlackScholes 1 307 38 0.842000 0.461000  0.049547 0.009507 0.019465 0.050386 0.012972 0.005257 
2774080 BlackScholes 1 307 38 0.842000 0.461000  0.000230 0.000207 0.000731 0.001553 0.000747 0.000000 
2774144 BlackScholes 1 307 38 0.842000 0.538000  0.000222 0.000162 0.000451 0.001049 0.000477 0.000236 
2774144 BlackScholes 1 307 38 0.842000 0.461000  0.000154 0.000114 0.000315 0.000710 0.000343 0.000172 
2774208 BlackScholes 1 307 38 0.842000 0.615000  0.000023 0.000031 0.000075 0.000160 0.000077 0.000038 
2774208 BlackScholes 1 307 38 0.842000 0.461000  0.000025 0.000022 0.000084 0.000201 0.000129 0.000057 
2774208 BlackScholes 1 307 38 0.842000 0.461000  0.000023 0.000020 0.000057 0.000109 0.000059 0.000032 
2774272 BlackScholes 1 307 38 0.842000 0.384000  0.000317 0.000208 0.000778 0.001920 0.000795 0.000419 
2774336 BlackScholes 1 307 38 0.842000 0.384000  0.000022 0.000021 0.000093 0.000199 0.000084 0.000042 
2774336 BlackScholes 1 307 38 0.842000 0.461000  0.000023 0.000022 0.000059 0.000116 0.000077 0.000038 
2774400 BlackScholes 1 307 38 0.842000 0.384000  0.000023 0.000020 0.000057 0.000109 0.000059 0.000032 
2774400 BlackScholes 1 307 38 0.842000 0.461000  0.000137 0.000106 0.000285 0.000572 0.000306 0.000158 
2774464 BlackScholes 1 307 38 0.842000 0.461000  0.000022 0.000020 0.000057 0.000107 0.000062 0.000033 
2774464 BlackScholes 1 307 39 0.842000 0.538000  0.000022 0.000032 0.000077 0.000162 0.000073 0.000037 
2774464 BlackScholes 1 307 38 0.842000 0.461000  0.000024 0.000021 0.000059 0.000115 0.000062 0.000033 
2774528 BlackScholes 1 307 38 0.842000 0.538000  0.082326 0.028669 0.061711 0.083046 0.032829 0.013448 
2774528 BlackScholes 1 307 38 0.842000 0.384000  0.000025 0.000022 0.000060 0.000130 0.000067 0.000034 
2774592 BlackScholes 1 307 38 0.842000 0.384000  0.000022 0.000020 0.000056 0.000128 0.000061 0.000032 
2774592 BlackScholes 1 307 38 0.842000 0.461000  0.000024 0.000021 0.000059 0.000117 0.000062 0.000033 
2774656 BlackScholes 1 307 38 0.842000 0.461000  0.000023 0.000023 0.000097 0.000182 0.000086 0.000043 
2774656 BlackScholes 1 307 38 0.842000 0.461000  0.002874 0.000893 0.001853 0.002967 0.001080 0.000445 
2774656 BlackScholes 1 307 38 0.842000 0.461000  0.000028 0.000027 0.000071 0.000154 0.000074 0.000036 
2774720 BlackScholes 1 307 38 0.842000 0.538000  0.000024 0.000021 0.000058 0.000116 0.000062 0.000033 
2774720 BlackScholes 1 307 39 0.842000 0.461000  0.000023 0.000021 0.000064 0.000130 0.000067 0.000034 
2774784 BlackScholes 1 307 38 0.842000 0.538000  0.000066 0.000061 0.000172 0.000325 0.000176 0.000095 
2774784 BlackScholes 1 307 38 0.842000 0.384000  0.000024 0.000021 0.000058 0.000125 0.000065 0.000034 
2774848 BlackScholes 1 307 38 0.842000 0.384000  0.000022 0.000020 0.000059 0.000131 0.000060 0.000032 
2774848 BlackScholes 1 307 38 0.842000 0.615000  0.000411 0.000283 0.000769 0.001965 0.000881 0.000431 
2774912 BlackScholes 1 307 38 0.842000 0.384000  0.000022 0.000020 0.000055 0.000107 0.000057 0.000031 
2774912 BlackScholes 1 307 38 0.842000 0.461000  0.000104 0.000136 0.000327 0.000692 0.000383 0.000187 
2774976 BlackScholes 1 307 39 0.842000 0.384000  0.000023 0.000023 0.000061 0.000131 0.000063 0.000032 
2774976 BlackScholes 1 307 39 0.842000 0.384000  0.000026 0.000022 0.000064 0.000146 0.000077 0.000038 
2774976 BlackScholes 1 307 39 0.842000 0.384000  0.000022 0.000020 0.000055 0.000108 0.000056 0.000030 
2775040 BlackScholes 1 307 39 0.842000 0.538000  0.000040 0.000024 0.000063 0.000136 0.000067 0.000034 
2775040 BlackScholes 1 307 39 0.842000 0.384000  0.000022 0.000020 0.000055 0.000109 0.000059 0.000031 
2775104 BlackScholes 1 307 39 0.842000 0.615000  0.000023 0.000021 0.000057 0.000113 0.000061 0.000032 
2775104 BlackScholes 1 307 39 0.842000 0.384000  0.000022 0.000020 0.000055 0.000109 0.000057 0.000031 
2775168 BlackScholes 1 307 39 0.842000 0.615000  0.000023 0.000021 0.000057 0.000131 0.000064 0.000033 
2775168 BlackScholes 1 307 39 0.842000 0.538000  0.000055 0.000025 0.000064 0.000138 0.000064 0.000033 
2775232 BlackScholes 1 307 39 0.842000 0.538000  0.000175 0.000154 0.000423 0.000832 0.000449 0.000237 
2775232 BlackScholes 1 307 39 0.842000 0.461000  0.000209 0.000162 0.000446 0.000938 0.000490 0.000250 
2775232 BlackScholes 1 307 39 0.842000 0.538000  0.086123 0.030889 0.065487 0.086496 0.033223 0.015203 
2775296 BlackScholes 1 307 39 0.842000 0.461000  0.000108 0.000087 0.000242 0.000523 0.000271 0.000139 
2775296 BlackScholes 1 307 39 0.842000 0.538000  0.000114 0.000083 0.000227 0.000459 0.000236 0.000125 
2775360 BlackScholes 1 307 39 0.842000 0.461000  0.000158 0.000147 0.004442 0.003156 0.001899 0.001078 
2775360 BlackScholes 1 307 39 0.842000 0.615000  0.014772 0.005047 0.010209 0.015401 0.005799 0.002568 
2775424 BlackScholes 1 307 39 0.842000 0.461000  0.000022 0.000020 0.000054 0.000106 0.000056 0.000030 
2775424 BlackScholes 1 307 39 0.842000 0.538000  0.000308 0.000111 0.000242 0.000392 0.000160 0.000102 
2775488 BlackScholes 1 307 39 0.842000 0.384000  0.000022 0.000019 0.000054 0.000104 0.000056 0.000030 
2775488 BlackScholes 1 307 39 0.842000 0.461000  0.000025 0.000021 0.000059 0.000120 0.000065 0.000033 
2775552 BlackScholes 1 307 39 0.842000 0.540000  0.000026 0.000020 0.000054 0.000111 0.000056 0.000030 
2775552 BlackScholes 1 307 39 0.842000 0.539000  0.000028 0.000022 0.000066 0.000152 0.000070 0.000035 
2775616 BlackScholes 1 307 39 0.842000 0.462000  0.000022 0.000019 0.000054 0.000107 0.000055 0.000030 
2775616 BlackScholes 1 307 38 0.842000 0.539000  0.000220 0.000155 0.000353 0.000818 0.000375 0.000201 
2775680 BlackScholes 1 307 38 0.842000 0.539000  0.000022 0.000019 0.000054 0.000108 0.000056 0.000030 
2775680 BlackScholes 1 307 38 0.842000 0.616000  0.000090 0.000080 0.000221 0.000439 0.000235 0.000124 
2775744 BlackScholes 1 307 38 0.842000 0.539000  0.000039 0.000030 0.000072 0.000164 0.000073 0.000035 
2775744 BlackScholes 1 307 38 0.842000 0.540000  0.000090 0.000089 0.000240 0.000532 0.000273 0.000133 
2775744 BlackScholes 1 307 38 0.842000 0.539000  0.000021 0.000019 0.000054 0.000103 0.000056 0.000030 
2775808 BlackScholes 1 307 38 0.842000 0.616000  0.000094 0.000081 0.000229 0.000464 0.000252 0.000129 
2775808 BlackScholes 1 307 38 0.842000 0.539000  0.000021 0.000019 0.000053 0.000101 0.000055 0.000030 
2775872 BlackScholes 1 307 38 0.842000 0.617000  0.000022 0.000022 0.000059 0.000120 0.000061 0.000032 
2775872 BlackScholes 1 307 37 0.842000 0.463000  0.000020 0.000019 0.000053 0.000116 0.000057 0.000030 
2775936 BlackScholes 1 307 38 0.842000 0.693000  0.000027 0.000021 0.000057 0.000136 0.000067 0.000034 
2775936 BlackScholes 1 307 38 0.842000 0.385000  0.000021 0.000019 0.000053 0.000108 0.000059 0.000036 
2776000 BlackScholes 1 307 38 0.842000 0.540000  0.000027 0.000022 0.000060 0.000124 0.000067 0.000034 
2776000 BlackScholes 1 307 37 0.842000 0.463000  0.199520 0.067566 0.146218 0.199649 0.074446 0.033725 
2776000 BlackScholes 1 307 37 0.842000 0.694000  0.000048 0.000025 0.000064 0.000143 0.000071 0.000035 
2776064 BlackScholes 1 307 37 0.842000 0.540000  0.027883 0.009553 0.019740 0.028193 0.010888 0.004841 
2776064 BlackScholes 1 307 37 0.842000 0.539000  0.000027 0.000021 0.000059 0.000122 0.000065 0.000046 
2776128 BlackScholes 1 307 37 0.842000 0.385000  0.000021 0.000020 0.000054 0.000108 0.000056 0.000030 
2776128 BlackScholes 1 307 37 0.842000 0.540000  0.000082 0.000075 0.000207 0.000400 0.000221 0.000117 
2776192 BlackScholes 1 307 37 0.842000 0.386000  0.000021 0.000019 0.000054 0.000122 0.000060 0.000035 
2776192 BlackScholes 1 307 37 0.842000 0.539000  0.000029 0.000096 0.000189 0.000538 0.000179 0.000069 
2776256 BlackScholes 1 307 37 0.842000 0.539000  0.000075 0.001384 0.002988 0.003337 0.001475 0.000688 
2776256 BlackScholes 1 307 37 0.842000 0.539000  0.000082 0.000075 0.110315 0.157910 0.057270 0.025754 
2776320 BlackScholes 1 307 36 0.842000 0.617000  0.000151 0.000120 0.000331 0.000695 0.000364 0.000184 
2776320 BlackScholes 1 307 37 0.842000 0.540000  0.000022 0.000020 0.000054 0.000108 0.000060 0.000032 
2776320 BlackScholes 1 307 37 0.842000 0.539000  0.007353 0.001972 0.003760 0.007785 0.002714 0.001116 
2776384 BlackScholes 1 307 37 0.842000 0.617000  0.000148 0.000117 0.000319 0.000666 0.000357 0.000187 
2776384 BlackScholes 1 307 37 0.842000 0.540000  0.000118 0.014508 0.031562 0.039174 0.015744 0.007246 
2776448 BlackScholes 1 307 37 0.842000 0.462000  0.000027 0.000021 0.000058 0.000122 0.000064 0.000033 
2776448 BlackScholes 1 307 37 0.842000 0.385000  0.000021 0.000019 0.000052 0.000099 0.000054 0.000029 
2776512 BlackScholes 1 307 37 0.842000 0.540000  0.004346 0.001383 0.003003 0.004483 0.001703 0.000706 
2776512 BlackScholes 1 307 37 0.842000 0.693000  0.000026 0.000020 0.000058 0.000121 0.000060 0.000031 
2776512 BlackScholes 1 307 36 0.842000 0.463000  0.000059 0.000029 0.000070 0.000172 0.000083 0.000045 
2776576 BlackScholes 1 307 37 0.842000 0.540000  0.046050 0.015573 0.033680 0.046333 0.017550 0.007978 
2776576 BlackScholes 1 307 37 0.842000 0.539000  0.000079 0.000071 0.000195 0.000376 0.000206 0.000119 
2776640 BlackScholes 1 307 37 0.842000 0.463000  0.000034 0.000022 0.000059 0.000124 0.000063 0.000033 
2776640 BlackScholes 1 307 37 0.842000 0.463000  0.000021 0.000020 0.000054 0.000103 0.000057 0.000030 
2776704 BlackScholes 1 307 37 0.842000 0.540000  0.000020 0.000020 0.000056 0.000118 0.000062 0.000032 
2776704 BlackScholes 1 307 37 0.842000 0.539000  0.000024 0.000021 0.000058 0.000121 0.000065 0.000033 
2776704 BlackScholes 1 307 37 0.842000 0.540000  0.000021 0.000019 0.000052 0.000100 0.000053 0.000029 
2776768 BlackScholes 1 307 37 0.842000 0.540000  0.000026 0.000021 0.000059 0.000120 0.000064 0.000034 
2776768 BlackScholes 1 307 37 0.842000 0.463000  0.000123 0.000038 0.000088 0.000207 0.000083 0.000044 
2776832 BlackScholes 1 307 37 0.842000 0.539000  0.096676 0.036881 0.081256 0.096784 0.040096 0.017644 
2776832 BlackScholes 1 307 37 0.842000 0.540000  0.000099 0.000092 0.000259 0.000486 0.000264 0.000143 
2776896 BlackScholes 1 307 37 0.842000 0.462000  0.000115 0.000099 0.000272 0.000528 0.000285 0.000151 
2776896 BlackScholes 1 307 37 0.842000 0.462000  0.378972 0.130370 0.309987 0.379278 0.124175 0.040933 
2776896 BlackScholes 1 307 37 0.842000 0.539000  0.000022 0.000020 0.000055 0.000119 0.000061 0.000031 
2776960 BlackScholes 1 307 37 0.842000 0.462000  0.000020 0.000027 0.000067 0.000140 0.000066 0.000034 
2776960 BlackScholes 1 307 37 0.842000 0.540000  0.000023 0.000030 0.000072 0.000162 0.000075 0.000037 
2777024 BlackScholes 1 307 37 0.842000 0.385000  0.000020 0.000018 0.000052 0.000098 0.000053 0.000029 
2777024 BlackScholes 1 307 37 0.842000 0.540000  0.000025 0.000029 0.000125 0.000299 0.000128 0.000056 
2777088 BlackScholes 1 307 36 0.842000 0.385000  0.000020 0.000018 0.000052 0.000103 0.000054 0.000029 
2777088 BlackScholes 1 307 36 0.842000 0.539000  0.000059 0.000029 0.000078 0.000195 0.000085 0.000040 
2777152 BlackScholes 1 307 36 0.842000 0.386000  0.000020 0.000018 0.000051 0.000097 0.000052 0.000028 
2777152 BlackScholes 1 307 37 0.842000 0.539000  0.000023 0.000020 0.000065 0.000299 0.000113 0.000055 
2777216 BlackScholes 1 307 37 0.842000 0.539000  0.000079 0.012939 0.028031 0.042916 0.014797 0.006375 
2777216 BlackScholes 1 307 36 0.842000 0.540000  0.000025 0.000021 0.000057 0.000119 0.000063 0.000032 
2777216 BlackScholes 1 307 36 0.842000 0.539000  0.000023 0.000019 0.000054 0.000112 0.000056 0.000030 
2777280 BlackScholes 1 307 37 0.842000 0.462000  0.000021 0.000029 0.000069 0.000139 0.000081 0.000039 
2777280 BlackScholes 1 307 37 0.842000 0.539000  0.000021 0.000019 0.000053 0.000103 0.000056 0.000030 
2777344 BlackScholes 1 307 37 0.842000 0.462000  0.000020 0.000018 0.000051 0.000096 0.000053 0.000028 
2777344 BlackScholes 1 307 37 0.842000 0.539000  0.000069 0.000064 0.000177 0.000341 0.000187 0.000099 
2777408 BlackScholes 1 307 36 0.842000 0.539000  0.000025 0.000020 0.000053 0.000104 0.000059 0.000030 
2777408 BlackScholes 1 307 37 0.842000 0.463000  0.000021 0.000019 0.000053 0.000104 0.000056 0.000030 
2777472 BlackScholes 1 307 37 0.842000 0.540000  0.000024 0.000021 0.000056 0.000118 0.000060 0.000030 
2777472 BlackScholes 1 307 36 0.842000 0.463000  0.000023 0.000019 0.000053 0.000119 0.000058 0.000030 
2777472 BlackScholes 1 307 37 0.842000 0.462000  0.000025 0.000020 0.000057 0.000123 0.000068 0.000033 
2777536 BlackScholes 1 307 37 0.842000 0.617000  0.000026 0.000020 0.000058 0.000124 0.000060 0.000031 
2777536 BlackScholes 1 307 37 0.842000 0.462000  0.000044 0.000024 0.000064 0.000135 0.000067 0.000034 
2777600 BlackScholes 1 307 36 0.842000 0.539000  0.000023 0.000019 0.000054 0.000107 0.000055 0.000030 
2777600 BlackScholes 1 307 36 0.842000 0.463000  0.000027 0.000020 0.000055 0.000115 0.000060 0.000031 
2777664 BlackScholes 1 307 36 0.842000 0.385000  0.000025 0.000020 0.000054 0.000106 0.000055 0.000029 
2777664 BlackScholes 1 307 36 0.842000 0.540000  0.000024 0.000021 0.000056 0.000117 0.000061 0.000032 
2777728 BlackScholes 1 307 36 0.842000 0.539000  0.000020 0.000019 0.000052 0.000107 0.000054 0.000029 
2777728 BlackScholes 1 307 36 0.842000 0.462000  0.000020 0.000019 0.000068 0.000131 0.000078 0.000038 
2777728 BlackScholes 1 307 36 0.842000 0.540000  0.000020 0.000018 0.000050 0.000103 0.000055 0.000029 
2777792 BlackScholes 1 307 36 0.842000 0.462000  0.000025 0.000023 0.000060 0.000133 0.000066 0.000033 
2777792 BlackScholes 1 307 36 0.842000 0.540000  0.000020 0.000019 0.000052 0.000107 0.000055 0.000029 
2777856 BlackScholes 1 307 36 0.842000 0.540000  0.000021 0.000028 0.000067 0.000161 0.000079 0.000043 
2777856 BlackScholes 1 307 37 0.842000 0.539000  0.000082 0.000063 0.000168 0.000333 0.000182 0.000093 
2777920 BlackScholes 1 307 36 0.842000 0.385000  0.000020 0.000020 0.000053 0.000108 0.000054 0.000028 
2777920 BlackScholes 1 307 36 0.842000 0.617000  0.000021 0.000019 0.000052 0.000101 0.000055 0.000029 
2777984 BlackScholes 1 307 36 0.842000 0.463000  0.000020 0.000018 0.000050 0.000094 0.000052 0.000028 
2777984 BlackScholes 1 307 36 0.842000 0.462000  0.000039 0.000036 0.000100 0.000193 0.000106 0.000056 
2777984 BlackScholes 1 307 36 0.842000 0.539000  0.000020 0.000018 0.000050 0.000095 0.000051 0.000028 
2778048 BlackScholes 1 307 36 0.842000 0.616000  0.000022 0.000019 0.000052 0.000101 0.000055 0.000029 
2778048 BlackScholes 1 307 36 0.842000 0.539000  0.000028 0.000022 0.000057 0.000120 0.000058 0.000029 
2778112 BlackScholes 1 307 36 0.842000 0.540000  0.000022 0.000019 0.000053 0.000108 0.000058 0.000030 
2778112 BlackScholes 1 307 36 0.842000 0.462000  0.000025 0.000020 0.000055 0.000114 0.000059 0.000030 
2778176 BlackScholes 1 307 37 0.842000 0.540000  0.000023 0.000019 0.000055 0.000110 0.000055 0.000029 
2778176 BlackScholes 1 307 37 0.842000 0.462000  0.000022 0.000019 0.000055 0.000110 0.000058 0.000030 
2778176 BlackScholes 1 307 36 0.842000 0.617000  0.000059 0.000054 0.000150 0.000287 0.000190 0.000097 
2778240 BlackScholes 1 307 36 0.842000 0.539000  0.000023 0.000019 0.000053 0.000108 0.000059 0.000031 
2778240 BlackScholes 1 307 36 0.842000 0.617000  0.000021 0.000019 0.000071 0.000148 0.000081 0.000039 
2778304 BlackScholes 1 307 36 0.842000 0.385000  0.000020 0.000018 0.000049 0.000094 0.000051 0.000027 
2778304 BlackScholes 1 307 37 0.842000 0.616000  0.000021 0.000019 0.000051 0.000100 0.000054 0.000029 
2778368 BlackScholes 1 307 37 0.842000 0.463000  0.000020 0.000018 0.000049 0.000093 0.000051 0.000027 
2778368 BlackScholes 1 307 36 0.842000 0.540000  0.000023 0.000018 0.000050 0.000100 0.000053 0.000028 
2778432 BlackScholes 1 307 36 0.842000 0.463000  0.000024 0.000020 0.000054 0.000111 0.000059 0.000030 
2778432 BlackScholes 1 307 36 0.842000 0.386000  0.000026 0.000020 0.000055 0.000118 0.000058 0.000030 
2778432 BlackScholes 1 307 36 0.842000 0.463000  0.000020 0.000018 0.000051 0.000097 0.000054 0.000028 
2778496 BlackScholes 1 307 36 0.842000 0.539000  0.037483 0.012612 0.026989 0.037750 0.014077 0.006263 
2778496 BlackScholes 1 307 36 0.842000 0.462000  0.000025 0.000020 0.000054 0.000111 0.000060 0.000030 
2778560 BlackScholes 1 307 36 0.842000 0.694000  0.000025 0.000020 0.000055 0.000119 0.000058 0.000030 
2778560 BlackScholes 1 307 36 0.842000 0.463000  0.000020 0.000027 0.000065 0.019877 0.006348 0.002628 
2778624 BlackScholes 1 307 36 0.842000 0.617000  0.050723 0.017274 0.036775 0.050950 0.019243 0.008581 
2778624 BlackScholes 1 307 36 0.842000 0.540000  0.000019 0.000018 0.000049 0.000092 0.000050 0.000027 
2778688 BlackScholes 1 307 36 0.842000 0.616000  0.000058 0.000054 0.000149 0.000292 0.000157 0.000083 
2778688 BlackScholes 1 307 36 0.842000 0.462000  0.000070 0.000059 0.000171 0.000346 0.000172 0.000086 
2778688 BlackScholes 1 307 36 0.842000 0.462000  0.000059 0.000053 0.000147 0.000284 0.000155 0.000082 
2778752 BlackScholes 1 307 36 0.842000 0.463000  0.000019 0.000017 0.000048 0.000091 0.000050 0.000027 
2778752 BlackScholes 1 307 36 0.842000 0.616000  0.000020 0.000018 0.000050 0.000097 0.000053 0.000032 
2778816 BlackScholes 1 307 36 0.842000 0.617000  0.000019 0.000017 0.000048 0.000089 0.000049 0.000027 
2778816 BlackScholes 1 307 36 0.842000 0.540000  0.000019 0.000020 0.000053 0.000113 0.000055 0.000028 
2778880 BlackScholes 1 307 36 0.842000 0.617000  0.000024 0.000020 0.000054 0.000112 0.000060 0.000031 
2778880 BlackScholes 1 307 36 0.842000 0.540000  0.000022 0.000018 0.000051 0.000104 0.000053 0.000028 
2778880 BlackScholes 1 307 36 0.842000 0.540000  0.000024 0.000020 0.000053 0.000111 0.000059 0.000030 
2778944 BlackScholes 1 307 36 0.842000 0.462000  0.000022 0.000018 0.000051 0.000104 0.000053 0.000028 
2778944 BlackScholes 1 307 36 0.842000 0.462000  0.000034 0.000021 0.000055 0.000138 0.000065 0.000033 
2779008 BlackScholes 1 307 36 0.842000 0.386000  0.000021 0.000018 0.000051 0.000100 0.000053 0.000028 
2779008 BlackScholes 1 307 36 0.842000 0.540000  0.000025 0.000019 0.000053 0.000113 0.000059 0.000030 
2779072 BlackScholes 1 307 36 0.842000 0.385000  0.000019 0.000017 0.000048 0.000091 0.000049 0.000026 
2779072 BlackScholes 1 307 36 0.842000 0.462000  0.000024 0.000019 0.000054 0.000111 0.000060 0.000030 
2779136 BlackScholes 1 307 36 0.842000 0.617000  0.000045 0.000036 0.000097 0.000197 0.000103 0.000054 
2779136 BlackScholes 1 307 36 0.842000 0.693000  0.000056 0.000058 0.000155 0.000338 0.000174 0.000085 
2779200 BlackScholes 1 307 36 0.842000 0.616000  0.000061 0.000050 0.000137 0.000261 0.000141 0.000075 
2779200 BlackScholes 1 307 36 0.842000 0.463000  0.000020 0.000018 0.000049 0.000094 0.000052 0.000027 
2779200 BlackScholes 1 307 36 0.842000 0.540000  0.000021 0.000018 0.000054 0.000111 0.000054 0.000028 
2779264 BlackScholes 1 307 36 0.842000 0.462000  0.000019 0.000018 0.000049 0.000094 0.000052 0.000028 
2779264 BlackScholes 1 307 36 0.842000 0.539000  0.000019 0.000017 0.000047 0.000090 0.000049 0.000026 
2779328 BlackScholes 1 307 36 0.842000 0.539000  0.000020 0.000019 0.000052 0.000123 0.000059 0.000030 
2779328 BlackScholes 1 307 36 0.842000 0.462000  0.000018 0.000017 0.000047 0.000088 0.000048 0.000026 
2779328 BlackScholes 1 307 36 0.842000 0.462000  0.000018 0.000017 0.000048 0.000093 0.000049 0.000026 
2779392 BlackScholes 1 307 36 0.842000 0.463000  0.000025 0.000020 0.000057 0.000122 0.000062 0.000031 
2779392 BlackScholes 1 307 36 0.842000 0.617000  0.000019 0.000018 0.000051 0.000105 0.000055 0.000028 
2779456 BlackScholes 1 307 36 0.842000 0.462000  0.000020 0.000026 0.000063 0.000128 0.005500 0.001897 
2779456 BlackScholes 1 307 36 0.842000 0.539000  0.000049 0.000046 0.000127 0.000240 0.000132 0.000071 
2779520 BlackScholes 1 307 36 0.842000 0.462000  0.000019 0.000018 0.000049 0.000092 0.000051 0.000028 
2779520 BlackScholes 1 307 36 0.842000 0.540000  0.000019 0.000017 0.000047 0.000089 0.000049 0.000027 
2779520 BlackScholes 1 307 37 0.842000 0.462000  0.000021 0.000019 0.000052 0.000108 0.000057 0.000029 
2779584 BlackScholes 1 307 36 0.842000 0.385000  0.000018 0.000017 0.000047 0.000090 0.000047 0.000026 
2779584 BlackScholes 1 307 36 0.842000 0.616000  0.000022 0.000019 0.000053 0.000115 0.000058 0.000030 
2779648 BlackScholes 1 307 36 0.842000 0.463000  0.000058 0.000022 0.000057 0.000127 0.000057 0.000029 
2779648 BlackScholes 1 307 36 0.842000 0.540000  0.000047 0.000035 0.000096 0.000205 0.000108 0.000054 
2779712 BlackScholes 1 307 36 0.842000 0.617000  0.000066 0.000052 0.000136 0.000314 0.000142 0.000067 
2779712 BlackScholes 1 307 36 0.842000 0.462000  0.000043 0.000035 0.000096 0.000200 0.000113 0.000056 
2779776 BlackScholes 1 307 37 0.842000 0.617000  0.000019 0.000017 0.000048 0.000093 0.000051 0.000027 
2779776 BlackScholes 1 307 37 0.842000 0.539000  0.000022 0.000019 0.000052 0.000106 0.000057 0.000029 
2779776 BlackScholes 1 307 36 0.842000 0.540000  0.000020 0.000019 0.000050 0.000098 0.000051 0.000027 
2779840 BlackScholes 1 307 36 0.842000 0.616000  0.000022 0.000025 0.000063 0.000152 0.000070 0.000033 
2779840 BlackScholes 1 307 36 0.842000 0.616000  0.000021 0.000018 0.000049 0.000101 0.000050 0.000027 
2779904 BlackScholes 1 307 36 0.842000 0.463000  0.000022 0.000019 0.000050 0.000105 0.000054 0.000028 
2779904 BlackScholes 1 307 36 0.842000 0.616000  0.000019 0.000018 0.000049 0.000102 0.000055 0.000028 
2779968 BlackScholes 1 307 36 0.842000 0.616000  0.000021 0.000018 0.000051 0.000106 0.000056 0.000028 
2779968 BlackScholes 1 307 36 0.842000 0.540000  0.000021 0.000019 0.000050 0.000100 0.000051 0.000027 
2780032 BlackScholes 1 307 37 0.842000 0.539000  0.000022 0.000019 0.000051 0.000106 0.000056 0.000029 
2780032 BlackScholes 1 307 36 0.842000 0.540000  0.000018 0.000018 0.000050 0.000103 0.000052 0.000027 
2780032 BlackScholes 1 307 36 0.842000 0.463000  0.000023 0.000018 0.000050 0.000106 0.000056 0.000029 
2780096 BlackScholes 1 307 36 0.842000 0.462000  0.000018 0.000017 0.000048 0.000095 0.000052 0.000027 
2780096 BlackScholes 1 307 36 0.842000 0.462000  0.000050 0.000026 0.000061 0.000149 0.000072 0.000039 
2780160 BlackScholes 1 307 36 0.842000 0.540000  0.032804 0.009796 0.020396 0.033035 0.011436 0.004834 
2780160 BlackScholes 1 307 37 0.842000 0.540000  0.000036 0.000032 0.000087 0.000169 0.000093 0.000049 
2780224 BlackScholes 1 307 36 0.842000 0.616000  0.000023 0.000018 0.000049 0.000099 0.000051 0.000027 
2780224 BlackScholes 1 307 36 0.842000 0.540000  0.000019 0.000017 0.000048 0.000093 0.000049 0.000026 
2780224 BlackScholes 1 307 36 0.842000 0.386000  0.000017 0.000016 0.000046 0.000086 0.000046 0.000025 
2780288 BlackScholes 1 307 36 0.842000 0.540000  0.000021 0.000018 0.000050 0.000100 0.000054 0.000028 
2780288 BlackScholes 1 307 36 0.842000 0.386000  0.000018 0.000016 0.000046 0.000086 0.000046 0.000025 
2780352 BlackScholes 1 307 37 0.842000 0.617000  0.000020 0.000017 0.000048 0.000130 0.000063 0.000032 
2780352 BlackScholes 1 307 37 0.842000 0.385000  0.000018 0.000016 0.000046 0.000087 0.000047 0.000025 
2780416 BlackScholes 1 307 37 0.842000 0.540000  0.000019 0.000026 0.000062 0.000135 0.000074 0.000035 
2780416 BlackScholes 1 307 36 0.842000 0.385000  0.000056 0.000039 0.000107 0.000245 0.000116 0.000060 
2780416 BlackScholes 1 307 36 0.842000 0.540000  0.000042 0.000033 0.000090 0.000190 0.000099 0.000051 
2780480 BlackScholes 1 307 37 0.842000 0.616000  0.000018 0.000016 0.000045 0.000089 0.000048 0.000026 
2780480 BlackScholes 1 307 37 0.842000 0.540000  0.000021 0.000019 0.000050 0.000107 0.000055 0.000028 
2780544 BlackScholes 1 307 36 0.842000 0.385000  0.000018 0.000016 0.000045 0.000089 0.000047 0.000025 
2780544 BlackScholes 1 307 36 0.842000 0.540000  0.000029 0.000020 0.000053 0.000114 0.000057 0.000029 
2780608 BlackScholes 1 307 36 0.842000 0.462000  0.000017 0.000016 0.000045 0.000085 0.000047 0.000025 
2780608 BlackScholes 1 307 36 0.842000 0.540000  0.000021 0.000018 0.000049 0.000101 0.000053 0.000028 
2780608 BlackScholes 1 307 36 0.842000 0.463000  0.000018 0.000016 0.000045 0.000088 0.000046 0.000029 
2780672 BlackScholes 1 307 36 0.842000 0.617000  0.000021 0.000018 0.000050 0.000122 0.000058 0.000029 
2780672 BlackScholes 1 307 36 0.842000 0.385000  0.000018 0.000016 0.000045 0.000088 0.000046 0.000025 
2780736 BlackScholes 1 307 36 0.842000 0.540000  0.000019 0.000017 0.000061 0.000134 0.000071 0.000035 
2780736 BlackScholes 1 307 36 0.842000 0.463000  0.000082 0.000027 0.000063 0.000153 0.000063 0.000030 
2780800 BlackScholes 1 307 36 0.842000 0.616000  0.594025 0.208761 0.524465 0.594192 0.191101 0.059891 
2780800 BlackScholes 1 307 36 0.842000 0.385000  0.000017 0.000016 0.000045 0.000084 0.000046 0.000025 
2780800 BlackScholes 1 307 36 0.842000 0.540000  0.000020 0.000017 0.000047 0.000094 0.000051 0.000026 
2780864 BlackScholes 1 307 36 0.842000 0.462000  0.596036 0.209674 0.525972 0.596078 0.192195 0.060570 
2780864 BlackScholes 1 307 36 0.842000 0.693000  0.000043 0.000040 0.000109 0.000213 0.000116 0.000061 
2780928 BlackScholes 1 307 36 0.842000 0.462000  0.000017 0.000016 0.000045 0.000088 0.000047 0.000025 
2780928 BlackScholes 1 307 37 0.842000 0.540000  0.000023 0.000018 0.000049 0.000116 0.000055 0.000028 
2780992 BlackScholes 1 307 36 0.842000 0.463000  0.000017 0.000016 0.000045 0.000090 0.000048 0.000025 
2780992 BlackScholes 1 307 36 0.842000 0.539000  0.000018 0.000017 0.000046 0.000091 0.000049 0.000026 
2780992 BlackScholes 1 307 37 0.842000 0.462000  0.000022 0.000018 0.000049 0.000102 0.000054 0.000028 
2781056 BlackScholes 1 307 36 0.842000 0.539000  0.000019 0.000017 0.000046 0.000092 0.000049 0.000026 
2781056 BlackScholes 1 307 36 0.842000 0.540000  0.000022 0.000018 0.000047 0.000093 0.000049 0.000026 
2781120 BlackScholes 1 307 36 0.842000 0.539000  0.000020 0.000017 0.000047 0.000089 0.000047 0.000025 
2781120 BlackScholes 1 307 36 0.842000 0.463000  0.000035 0.000019 0.000052 0.000118 0.000058 0.000029 
2781184 BlackScholes 1 307 36 0.842000 0.540000  0.000017 0.000016 0.000045 0.000086 0.000046 0.000025 
2781184 BlackScholes 1 307 36 0.842000 0.616000  0.000018 0.000022 0.000055 0.000135 0.000073 0.000035 
2781248 BlackScholes 1 307 36 0.842000 0.539000  0.000032 0.000029 0.000080 0.000161 0.000086 0.000045 
2781248 BlackScholes 1 307 36 0.842000 0.540000  0.000017 0.000016 0.000046 0.000090 0.000047 0.000025 
2781248 BlackScholes 1 307 36 0.842000 0.540000  0.000019 0.000018 0.000048 0.000102 0.000053 0.000026 
2781312 BlackScholes 1 307 36 0.842000 0.539000  0.000017 0.000016 0.000044 0.000083 0.000046 0.000025 
2781312 BlackScholes 1 307 36 0.842000 0.617000  0.000040 0.000031 0.000082 0.000166 0.000089 0.000046 
2781376 BlackScholes 1 307 36 0.842000 0.540000  0.000017 0.000016 0.000044 0.000083 0.000045 0.000024 
2781376 BlackScholes 1 307 36 0.842000 0.539000  0.000018 0.000017 0.000046 0.000088 0.000048 0.000027 
2781440 BlackScholes 1 307 36 0.842000 0.540000  0.000017 0.000016 0.000044 0.000084 0.000045 0.000024 
2781440 BlackScholes 1 307 36 0.842000 0.616000  0.000020 0.000017 0.000048 0.000098 0.000053 0.000027 
2781440 BlackScholes 1 307 36 0.842000 0.462000  0.000017 0.000016 0.000044 0.000083 0.000045 0.000024 
2781504 BlackScholes 1 307 36 0.842000 0.616000  0.000021 0.000017 0.000048 0.000099 0.000053 0.000027 
2781504 BlackScholes 1 307 36 0.842000 0.539000  0.000020 0.000017 0.000046 0.000093 0.000049 0.000026 
2781568 BlackScholes 1 307 36 0.842000 0.540000  0.000018 0.000017 0.000046 0.000091 0.000049 0.000026 
2781568 BlackScholes 1 307 36 0.842000 0.385000  0.000017 0.000016 0.000044 0.000087 0.000046 0.000025 
2781632 BlackScholes 1 307 36 0.842000 0.540000  0.000028 0.000019 0.000064 0.000134 0.000064 0.000032 
2781632 BlackScholes 1 307 36 0.842000 0.385000  0.000019 0.000017 0.000046 0.000096 0.000048 0.000026 
2781696 BlackScholes 1 307 36 0.842000 0.539000  0.000018 0.000017 0.000059 0.000118 0.000058 0.000033 
2781696 BlackScholes 1 307 37 0.842000 0.539000  0.000017 0.000017 0.000046 0.000093 0.000047 0.000025 
2781760 BlackScholes 1 307 36 0.842000 0.539000  0.000048 0.000025 0.000075 0.000153 0.000079 0.000038 
2781760 BlackScholes 1 307 36 0.842000 0.386000  0.000017 0.000016 0.000044 0.000081 0.000045 0.000024 
2781824 BlackScholes 1 307 36 0.842000 0.539000  0.000019 0.000017 0.000045 0.000088 0.000049 0.000025 
2781824 BlackScholes 1 307 36 0.842000 0.385000  0.000017 0.000016 0.000044 0.000081 0.000045 0.000024 
2781824 BlackScholes 1 307 36 0.842000 0.539000  0.000018 0.000016 0.000046 0.000093 0.000050 0.000026 
2781888 BlackScholes 1 307 36 0.842000 0.463000  0.000022 0.000017 0.000049 0.000103 0.000054 0.000027 
2781888 BlackScholes 1 307 36 0.842000 0.616000  0.000017 0.000017 0.000046 0.000093 0.000050 0.000026 
2781952 BlackScholes 1 307 36 0.842000 0.462000  0.000018 0.000016 0.000058 0.000120 0.000059 0.000033 
2781952 BlackScholes 1 307 36 0.842000 0.539000  0.000020 0.000016 0.000046 0.000093 0.000048 0.000026 
2782016 BlackScholes 1 307 36 0.842000 0.540000  0.000021 0.000017 0.000078 0.000174 0.000076 0.000036 
2782016 BlackScholes 1 307 36 0.842000 0.540000  0.000018 0.000016 0.000044 0.000090 0.000047 0.000026 
2782016 BlackScholes 1 307 36 0.842000 0.539000  0.000021 0.000017 0.000047 0.000095 0.000049 0.000026 
2782080 BlackScholes 1 307 36 0.842000 0.385000  0.000017 0.000015 0.000043 0.000082 0.000044 0.000024 
2782080 BlackScholes 1 307 36 0.842000 0.539000  0.000018 0.000016 0.000045 0.000150 0.000074 0.000035 
2782144 BlackScholes 1 307 36 0.842000 0.385000  0.000017 0.000015 0.000043 0.000083 0.000044 0.000024 
2782144 BlackScholes 1 307 36 0.842000 0.540000  0.000017 0.000016 0.000045 0.000086 0.000047 0.000025 
2782208 BlackScholes 1 307 36 0.842000 0.539000  0.000017 0.000015 0.000043 0.000081 0.000044 0.000024 
2782208 BlackScholes 1 307 36 0.842000 0.539000  0.084100 0.029921 0.065024 0.084244 0.033077 0.014658 
2782208 BlackScholes 1 307 36 0.842000 0.616000  0.000044 0.000038 0.000105 0.000217 0.000116 0.000059 
2782272 BlackScholes 1 307 36 0.842000 0.540000  0.000019 0.000016 0.000046 0.000093 0.000047 0.000025 
2782272 BlackScholes 1 307 36 0.842000 0.462000  0.000018 0.000024 0.000058 0.000141 0.000068 0.000229 
2782336 BlackScholes 1 307 36 0.842000 0.617000  0.000018 0.000016 0.000045 0.000087 0.000057 0.000029 
2782336 BlackScholes 1 307 37 0.842000 0.539000  0.000017 0.000015 0.000043 0.000082 0.000044 0.000024 
2782400 BlackScholes 1 307 37 0.842000 0.540000  0.000018 0.000024 0.000057 0.000136 0.000066 0.000037 
2782400 BlackScholes 1 307 36 0.842000 0.463000  0.000052 0.000037 0.000100 0.000235 0.000101 0.000050 
2782464 BlackScholes 1 307 36 0.842000 0.540000  0.000031 0.000030 0.000081 0.000183 0.000089 0.000044 
2782464 BlackScholes 1 307 36 0.842000 0.616000  0.000044 0.000033 0.000093 0.000197 0.000096 0.000053 
2782528 BlackScholes 1 307 36 0.842000 0.462000  0.000040 0.000036 0.000102 0.000228 0.000115 0.000061 
2782528 BlackScholes 1 307 36 0.842000 0.539000  0.000017 0.000015 0.000043 0.000086 0.000045 0.000024 
2782592 BlackScholes 1 307 37 0.842000 0.540000  0.000018 0.000016 0.000044 0.000086 0.000047 0.000025 
2782592 BlackScholes 1 307 36 0.842000 0.539000  0.000085 0.000033 0.000076 0.000155 0.000070 0.000034 
2782656 BlackScholes 1 307 36 0.842000 0.540000  0.000017 0.000015 0.000042 0.000082 0.000044 0.000028 
2782656 BlackScholes 1 307 36 0.842000 0.539000  0.000021 0.000017 0.000046 0.000098 0.000051 0.000026 
2782656 BlackScholes 1 307 36 0.842000 0.539000  0.000019 0.000017 0.000048 0.000099 0.000054 0.000027 
2782720 BlackScholes 1 307 36 0.842000 0.462000  0.000017 0.000016 0.000044 0.000090 0.000047 0.000025 
2782720 BlackScholes 1 307 37 0.842000 0.462000  0.000020 0.000017 0.000046 0.000095 0.000051 0.000026 
2782784 BlackScholes 1 307 37 0.842000 0.539000  0.000019 0.000016 0.000047 0.000158 0.000066 0.000031 
2782784 BlackScholes 1 307 37 0.842000 0.617000  0.000017 0.000025 0.000077 0.000175 0.000082 0.000038 
2782848 BlackScholes 1 307 36 0.842000 0.540000  0.019872 0.005341 0.010995 0.020151 0.006444 0.002657 
2782848 BlackScholes 1 307 37 0.842000 0.462000  0.000020 0.000016 0.000045 0.000094 0.000051 0.000026 
2782848 BlackScholes 1 307 37 0.842000 0.694000  0.000017 0.000015 0.000043 0.000086 0.000045 0.000024 
2782912 BlackScholes 1 307 37 0.842000 0.462000  0.000038 0.000035 0.000095 0.000181 0.000101 0.000053 
2782912 BlackScholes 1 307 37 0.842000 0.617000  0.000019 0.000016 0.000045 0.000091 0.000046 0.000025 
2782976 BlackScholes 1 307 36 0.842000 0.462000  0.000021 0.000017 0.000046 0.000103 0.000052 0.000027 
2782976 BlackScholes 1 307 36 0.842000 0.462000  0.000019 0.000016 0.000045 0.000089 0.000046 0.000025 
2783040 BlackScholes 1 307 36 0.842000 0.617000  0.000022 0.000017 0.000046 0.000097 0.000050 0.000026 
2783040 BlackScholes 1 307 37 0.842000 0.385000  0.000019 0.000016 0.000046 0.000095 0.000048 0.000025 
2783104 BlackScholes 1 307 37 0.842000 0.462000  0.000017 0.000017 0.000047 0.000101 0.000052 0.000026 
2783104 BlackScholes 1 307 37 0.842000 0.617000  0.000019 0.000017 0.000046 0.000097 0.000048 0.000026 
2783104 BlackScholes 1 307 37 0.842000 0.462000  0.000017 0.000016 0.000044 0.000110 0.000056 0.000028 
2783168 BlackScholes 1 307 37 0.842000 0.539000  0.017652 0.008156 0.017937 0.017791 0.008338 0.003952 
2783168 BlackScholes 1 307 37 0.842000 0.463000  0.000037 0.000037 0.000099 0.000214 0.000111 0.000057 
2783232 BlackScholes 1 307 36 0.842000 0.386000  0.000034 0.000032 0.000090 0.000170 0.000091 0.000050 
2783232 BlackScholes 1 307 36 0.842000 0.463000  0.000044 0.000036 0.000101 0.000206 0.000111 0.000057 
2783296 BlackScholes 1 307 36 0.842000 0.540000  0.000016 0.000015 0.000043 0.000084 0.000045 0.000030 
2783296 BlackScholes 1 307 36 0.842000 0.616000  0.000018 0.000016 0.000043 0.000111 0.000056 0.000033 
2783296 BlackScholes 1 307 36 0.842000 0.539000  0.051594 0.014809 0.030672 0.051770 0.017184 0.007299 
2783360 BlackScholes 1 307 36 0.842000 0.539000  0.000045 0.000037 0.000099 0.000206 0.000108 0.000055 
2783360 BlackScholes 1 307 36 0.842000 0.539000  0.000034 0.000032 0.000089 0.000172 0.000090 0.000049 
2783424 BlackScholes 1 307 36 0.842000 0.462000  0.000027 0.000024 0.000067 0.000142 0.000078 0.000040 
2783424 BlackScholes 1 307 36 0.842000 0.539000  0.000027 0.000024 0.000067 0.000129 0.000071 0.000037 
2783488 BlackScholes 1 307 36 0.842000 0.540000  0.000025 0.000023 0.000064 0.000121 0.000066 0.000047 
2783488 BlackScholes 1 307 37 0.842000 0.539000  0.000041 0.000023 0.000069 0.000154 0.000077 0.000036 
2783552 BlackScholes 1 307 37 0.842000 0.616000  0.000035 0.000032 0.000089 0.000168 0.000091 0.000049 
2783552 BlackScholes 1 307 36 0.842000 0.539000  0.000017 0.000017 0.000045 0.000096 0.000060 0.000029 
2783552 BlackScholes 1 307 36 0.842000 0.616000  0.000017 0.000015 0.000042 0.000089 0.000048 0.000025 
2783616 BlackScholes 1 307 36 0.842000 0.539000  0.000021 0.000017 0.000046 0.000095 0.000050 0.000026 
2783616 BlackScholes 1 307 37 0.842000 0.617000  0.000020 0.000017 0.000046 0.000089 0.000047 0.000024 
2783680 BlackScholes 1 307 37 0.842000 0.462000  0.000017 0.000015 0.000041 0.000080 0.000043 0.000023 
2783680 BlackScholes 1 307 37 0.842000 0.617000  0.000009 0.000008 0.000024 0.000046 0.000031 0.000015 
2783744 BlackScholes 1 307 37 0.842000 0.385000  0.093000 0.029377 0.067485 0.093168 0.030319 0.011133 
2783744 BlackScholes 1 307 37 0.842000 0.540000  0.000021 0.000018 0.000046 0.000095 0.000050 0.000026 
2783808 BlackScholes 1 307 37 0.842000 0.771000  0.000016 0.000016 0.000046 0.000106 0.000048 0.000025 
2783808 BlackScholes 1 307 36 0.842000 0.540000  0.000019 0.000017 0.000046 0.000096 0.000051 0.000026 
2783872 BlackScholes 1 307 36 0.842000 0.462000  0.000019 0.000016 0.000044 0.000088 0.000045 0.000024 
2783872 BlackScholes 1 307 36 0.842000 0.540000  0.000096 0.000057 0.000143 0.000267 0.000124 0.000065 
2783936 BlackScholes 1 307 36 0.842000 0.540000  0.000020 0.000016 0.000043 0.000086 0.000047 0.000024 
2783936 BlackScholes 1 307 36 0.842000 0.386000  0.000017 0.000039 0.000089 0.000180 0.000074 0.000034 
2784000 BlackScholes 1 307 36 0.842000 0.616000  0.000017 0.000015 0.000043 0.000082 0.000045 0.000024 
2784000 BlackScholes 1 307 36 0.842000 0.386000  0.000016 0.000015 0.000041 0.000077 0.000042 0.000023 
2784064 BlackScholes 1 307 36 0.842000 0.617000  0.021198 0.005953 0.012677 0.021333 0.007221 0.003107 
2784064 BlackScholes 1 307 36 0.842000 0.539000  0.000020 0.000017 0.000046 0.000095 0.000050 0.000026 
2784064 BlackScholes 1 307 36 0.842000 0.540000  0.000016 0.000015 0.000042 0.000086 0.000044 0.000024 
2784128 BlackScholes 1 307 36 0.842000 0.462000  0.000017 0.000016 0.000043 0.000082 0.000046 0.000024 
2784128 BlackScholes 1 307 36 0.842000 0.385000  0.000024 0.000022 0.000067 0.000138 0.000068 0.000036 
2784192 BlackScholes 1 307 36 0.842000 0.539000  0.000032 0.000019 0.000049 0.000116 0.000056 0.000027 
2784192 BlackScholes 1 307 36 0.842000 0.386000  0.000016 0.000015 0.000041 0.000077 0.000042 0.000023 
2784256 BlackScholes 1 307 36 0.842000 0.616000  0.000017 0.000015 0.000042 0.000081 0.000045 0.000024 
2784256 BlackScholes 1 307 36 0.842000 0.385000  0.033371 0.009636 0.020444 0.033407 0.011464 0.004969 
2784256 BlackScholes 1 307 37 0.842000 0.540000  0.000041 0.000064 0.000150 0.000354 0.000142 0.000067 
2784320 BlackScholes 1 307 36 0.842000 0.463000  0.000019 0.000016 0.000044 0.000088 0.000046 0.000024 
2784320 BlackScholes 1 307 36 0.842000 0.617000  0.000018 0.000015 0.000043 0.000086 0.000044 0.000024 
2784384 BlackScholes 1 307 36 0.842000 0.539000  0.000017 0.000015 0.000054 0.000255 0.000097 0.000041 
2784384 BlackScholes 1 307 36 0.842000 0.616000  0.000016 0.000014 0.000041 0.000081 0.000043 0.000023 
2784448 BlackScholes 1 307 36 0.842000 0.693000  0.000020 0.000016 0.000043 0.000089 0.000047 0.000024 
2784448 BlackScholes 1 307 36 0.842000 0.616000  0.000016 0.000015 0.000041 0.000077 0.000043 0.000023 
2784448 BlackScholes 1 307 36 0.842000 0.617000  0.000021 0.000017 0.000045 0.000098 0.000051 0.000026 
2784512 BlackScholes 1 307 36 0.842000 0.386000  0.000015 0.000014 0.000041 0.000077 0.000042 0.000024 
2784512 BlackScholes 1 307 36 0.842000 0.616000  0.020733 0.006045 0.012803 0.020866 0.007035 0.003127 
2784576 BlackScholes 1 307 36 0.842000 0.385000  0.000032 0.000030 0.000083 0.000155 0.000085 0.000046 
2784576 BlackScholes 1 307 36 0.842000 0.617000  0.000044 0.000033 0.000091 0.000199 0.000104 0.000052 
2784640 BlackScholes 1 307 36 0.842000 0.616000  0.000015 0.000014 0.000041 0.000076 0.000041 0.000022 
2784640 BlackScholes 1 307 36 0.842000 0.616000  0.000018 0.000022 0.000054 0.000115 0.000067 0.000032 
2784640 BlackScholes 1 307 36 0.842000 0.540000  0.000016 0.000014 0.000040 0.000077 0.000041 0.000023 
2784704 BlackScholes 1 307 36 0.842000 0.540000  0.000017 0.000026 0.000062 0.000140 0.000063 0.000030 
2784704 BlackScholes 1 307 36 0.842000 0.385000  0.000015 0.000015 0.000040 0.000077 0.000041 0.000023 
2784768 BlackScholes 1 307 36 0.842000 0.539000  0.000017 0.000015 0.000042 0.000089 0.000048 0.000024 
2784768 BlackScholes 1 307 36 0.842000 0.463000  0.000016 0.000014 0.000040 0.000076 0.000041 0.000022 
2784832 BlackScholes 1 307 36 0.842000 0.540000  0.035036 0.012743 0.027334 0.035175 0.014140 0.006145 
2784832 BlackScholes 1 307 36 0.842000 0.386000  0.000025 0.000022 0.000060 0.000117 0.000062 0.000033 
2784896 BlackScholes 1 307 36 0.842000 0.540000  0.000017 0.000023 0.000060 0.000139 0.000062 0.000038 
2784896 BlackScholes 1 307 36 0.842000 0.540000  0.000018 0.000015 0.000043 0.000086 0.000044 0.000024 
2784960 BlackScholes 1 307 36 0.842000 0.462000  0.000019 0.000017 0.000044 0.000093 0.000049 0.000025 
2784960 BlackScholes 1 307 36 0.842000 0.540000  0.000018 0.000016 0.000043 0.000096 0.000046 0.000024 
2784960 BlackScholes 1 307 36 0.842000 0.540000  0.000020 0.000016 0.000045 0.000092 0.000048 0.000025 
2785024 BlackScholes 1 307 37 0.842000 0.616000  0.000018 0.000015 0.000043 0.000085 0.000044 0.000023 
2785024 BlackScholes 1 307 36 0.842000 0.463000  0.000034 0.000045 0.000107 0.000260 0.000126 0.000068 
2785088 BlackScholes 1 307 36 0.842000 0.540000  0.000016 0.000015 0.000042 0.000078 0.000044 0.000023 
2785088 BlackScholes 1 307 36 0.842000 0.463000  0.000017 0.000015 0.000042 0.007206 0.002487 0.001065 
2785152 BlackScholes 1 307 36 0.842000 0.693000  0.000027 0.000023 0.000065 0.000132 0.000071 0.000037 
2785152 BlackScholes 1 307 36 0.842000 0.540000  0.000016 0.000014 0.000040 0.000076 0.000041 0.000022 
2785216 BlackScholes 1 307 36 0.842000 0.617000  0.000018 0.000016 0.000044 0.000090 0.000048 0.000025 
2785216 BlackScholes 1 307 36 0.842000 0.385000  0.000015 0.000014 0.000040 0.000074 0.000040 0.000023 
2785280 BlackScholes 1 307 36 0.842000 0.539000  0.000016 0.000015 0.000041 0.000079 0.000044 0.000023 
2785280 BlackScholes 1 307 36 0.842000 0.463000  0.000016 0.000029 0.000083 0.000150 0.000067 0.000033 
2785280 BlackScholes 1 307 37 0.842000 0.540000  0.000016 0.000015 0.000041 0.000081 0.000043 0.000023 
2785344 BlackScholes 1 307 36 0.842000 0.462000  0.000042 0.000026 0.000070 0.000151 0.000077 0.000040 
2785344 BlackScholes 1 307 36 0.842000 0.540000  0.000024 0.000022 0.000062 0.000120 0.000087 0.000044 
2785408 BlackScholes 1 307 36 0.842000 0.540000  0.000017 0.000170 0.000389 0.000803 0.000284 0.000119 
2785408 BlackScholes 1 307 36 0.842000 0.539000  0.000017 0.000015 0.000041 0.000106 0.000053 0.000027 
2785472 BlackScholes 1 307 36 0.842000 0.385000  0.000016 0.000014 0.000039 0.000076 0.000040 0.000022 
2785472 BlackScholes 1 307 36 0.842000 0.539000  0.000017 0.000022 0.000053 0.000139 0.000064 0.000034 
2785536 BlackScholes 1 307 36 0.842000 0.386000  0.005841 0.001870 0.003905 0.006018 0.002229 0.000979 
2785536 BlackScholes 1 307 36 0.842000 0.462000  0.000018 0.000016 0.000043 0.000089 0.000048 0.000024 
2785600 BlackScholes 1 307 36 0.842000 0.540000  0.000016 0.000014 0.000041 0.000095 0.000046 0.000023 
2785600 BlackScholes 1 307 36 0.842000 0.462000  0.000018 0.000015 0.000043 0.000087 0.000046 0.000024 
2785600 BlackScholes 1 307 36 0.842000 0.617000  0.000020 0.000015 0.000043 0.000083 0.000042 0.000023 
2785664 BlackScholes 1 307 36 0.842000 0.462000  0.000016 0.000015 0.000053 0.000104 0.000061 0.000030 
2785664 BlackScholes 1 307 36 0.842000 0.539000  0.000016 0.000015 0.000042 0.000084 0.000046 0.000023 
2785728 BlackScholes 1 307 36 0.842000 0.539000  0.000019 0.000015 0.000043 0.000089 0.000048 0.000024 
2785728 BlackScholes 1 307 36 0.842000 0.463000  0.000020 0.000016 0.000044 0.000103 0.000046 0.000024 
2785792 BlackScholes 1 307 36 0.842000 0.617000  0.000037 0.000024 0.000064 0.000129 0.000068 0.000035 
2785792 BlackScholes 1 307 36 0.842000 0.616000  0.000015 0.000015 0.000041 0.000084 0.000043 0.000023 
2785792 BlackScholes 1 307 36 0.842000 0.540000  0.000046 0.000022 0.000052 0.000131 0.000062 0.000033 
2785856 BlackScholes 1 307 36 0.842000 0.462000  0.004452 0.001690 0.003630 0.004637 0.001872 0.000862 
2785856 BlackScholes 1 307 36 0.842000 0.539000  0.000024 0.000022 0.000060 0.000117 0.000065 0.000034 
2785920 BlackScholes 1 307 37 0.842000 0.617000  0.000033 0.000031 0.000081 0.000169 0.000076 0.000038 
2785920 BlackScholes 1 307 36 0.842000 0.540000  0.000024 0.000022 0.000060 0.000116 0.000064 0.000034 
2785984 BlackScholes 1 307 36 0.842000 0.540000  0.000015 0.000014 0.000041 0.000087 0.000045 0.000023 
2785984 BlackScholes 1 307 36 0.842000 0.540000  0.000020 0.000016 0.000044 0.000092 0.000049 0.000025 
2786048 BlackScholes 1 307 36 0.842000 0.539000  0.000017 0.000015 0.000041 0.000092 0.000047 0.000024 
2786048 BlackScholes 1 307 36 0.842000 0.540000  0.053179 0.017264 0.037016 0.053296 0.019441 0.008710 
2786112 BlackScholes 1 307 37 0.842000 0.617000  0.000015 0.000015 0.000041 0.000084 0.000043 0.000023 
2786112 BlackScholes 1 307 36 0.842000 0.539000  0.000020 0.000016 0.000044 0.000091 0.000048 0.000024 
2786112 BlackScholes 1 307 36 0.842000 0.616000  0.000020 0.000016 0.000044 0.000093 0.000046 0.000024 
2786176 BlackScholes 1 307 36 0.842000 0.539000  0.000020 0.000016 0.000043 0.000096 0.000049 0.000025 
2786176 BlackScholes 1 307 36 0.842000 0.617000  0.000015 0.000014 0.000041 0.000082 0.000043 0.000023 
2786240 BlackScholes 1 307 36 0.842000 0.617000  0.000018 0.000019 0.000050 0.000114 0.000052 0.000026 
2786240 BlackScholes 1 307 36 0.842000 0.540000  0.016041 0.005084 0.010798 0.016210 0.005840 0.002435 
2786304 BlackScholes 1 307 36 0.842000 0.540000  0.000028 0.000023 0.000060 0.000122 0.000066 0.000034 
2786304 BlackScholes 1 307 36 0.842000 0.540000  0.000023 0.000020 0.000056 0.000118 0.000062 0.000033 
