#Timestamp	Benchmark	Run(#)	CPU Frequency (MHz)	CPU Temperature(C)	CPU Voltage(V)	CPU Power(W)	CPU_CYCLES	L1_DATA_CACHE_ACCESS	INSTRUCTIONS_RETIRED	BUS_CYCLES	L1I_CACHE_ACCESS	PREDICTABLE_BRANCH_SPECULATIVELY_EXECUTED
5327680 BlackScholes 1 1132 44 1.072000 0.770000  0.000007 0.000006 0.000017 0.000034 0.000022 0.000011 
5327744 BlackScholes 1 1132 44 1.072000 0.926000  0.000032 0.000024 0.000066 0.000147 0.000073 0.000038 
5327744 BlackScholes 1 1132 44 1.072000 1.464000  0.000028 0.000023 0.000062 0.000138 0.000069 0.000036 
5327808 BlackScholes 1 1132 45 1.072000 1.388000  0.000028 0.000023 0.000064 0.000130 0.000073 0.000038 
5327808 BlackScholes 1 1132 45 1.072000 1.081000  0.000031 0.000025 0.000069 0.000151 0.000076 0.000039 
5327808 BlackScholes 1 1132 45 1.072000 1.389000  0.000026 0.000023 0.000064 0.000125 0.000068 0.000036 
5327872 BlackScholes 1 1132 45 1.072000 1.003000  0.000025 0.000022 0.000062 0.000118 0.000064 0.000034 
5327872 BlackScholes 1 1132 45 1.072000 1.389000  0.000034 0.000025 0.000068 0.000149 0.000075 0.000038 
5327872 BlackScholes 1 1132 45 1.072000 1.079000  0.000033 0.000024 0.000106 0.000256 0.000097 0.000048 
5327936 BlackScholes 1 1132 45 1.072000 0.926000  0.000028 0.000023 0.000064 0.000138 0.000071 0.000037 
5327936 BlackScholes 1 1132 45 1.072000 1.156000  0.000028 0.000023 0.000080 0.000273 0.000087 0.000041 
5327936 BlackScholes 1 1132 45 1.072000 0.925000  0.000028 0.000022 0.000061 0.000129 0.000066 0.000035 
5328000 BlackScholes 1 1132 45 1.072000 1.464000  0.000025 0.000023 0.000063 0.000123 0.000066 0.000036 
5328000 BlackScholes 1 1132 45 1.072000 1.233000  0.000028 0.000023 0.000068 0.000167 0.000099 0.000049 
5328064 BlackScholes 1 1132 45 1.072000 1.079000  0.000032 0.000024 0.000067 0.000141 0.000075 0.000038 
5328064 BlackScholes 1 1132 45 1.072000 1.311000  0.000019 0.000015 0.000043 0.000089 0.000056 0.000027 
5328064 BlackScholes 1 1132 45 1.072000 1.002000  0.000025 0.000023 0.000064 0.000139 0.000072 0.000037 
5328128 BlackScholes 1 1132 45 1.072000 0.924000  0.000031 0.000024 0.000067 0.000141 0.000072 0.000037 
5328128 BlackScholes 1 1132 45 1.072000 1.467000  0.025313 0.006398 0.013780 0.025486 0.007496 0.003266 
5328128 BlackScholes 1 1132 45 1.072000 0.925000  0.000032 0.000031 0.000074 0.000177 0.000076 0.000037 
5328192 BlackScholes 1 1132 45 1.072000 1.156000  0.000026 0.000033 0.000080 0.000175 0.000081 0.000046 
5328192 BlackScholes 1 1132 45 1.072000 1.003000  0.000024 0.000022 0.000060 0.000119 0.000065 0.000034 
5328256 BlackScholes 1 1132 45 1.072000 1.002000  0.000029 0.000024 0.000066 0.000144 0.000077 0.000038 
5328256 BlackScholes 1 1132 45 1.072000 1.388000  0.000064 0.000086 0.000208 0.000533 0.000239 0.000118 
5328256 BlackScholes 1 1132 45 1.072000 0.926000  0.000026 0.000022 0.000061 0.000120 0.000079 0.000040 
5328320 BlackScholes 1 1132 45 1.072000 1.078000  0.000024 0.000022 0.000115 0.000273 0.000117 0.000055 
5328320 BlackScholes 1 1132 45 1.072000 1.309000  0.000025 0.000022 0.000061 0.000117 0.000064 0.000034 
5328320 BlackScholes 1 1132 45 1.072000 1.003000  0.000024 0.000021 0.000058 0.000116 0.000059 0.000032 
5328384 BlackScholes 1 1132 45 1.072000 1.079000  0.000024 0.000022 0.000060 0.000116 0.000063 0.000034 
5328384 BlackScholes 1 1132 45 1.072000 1.002000  0.000025 0.000022 0.000060 0.000117 0.000064 0.000034 
5328448 BlackScholes 1 1132 45 1.072000 1.312000  0.000024 0.000022 0.000060 0.000115 0.000063 0.000034 
5328448 BlackScholes 1 1132 45 1.072000 1.156000  0.000026 0.000022 0.000060 0.000124 0.000065 0.000034 
5328448 BlackScholes 1 1132 45 1.072000 1.079000  0.000029 0.000022 0.002873 0.004342 0.001544 0.000705 
5328512 BlackScholes 1 1132 45 1.072000 1.387000  0.000026 0.000022 0.000061 0.000131 0.000067 0.000035 
5328512 BlackScholes 1 1132 45 1.072000 0.925000  0.000023 0.000020 0.000057 0.000112 0.000058 0.000032 
5328512 BlackScholes 1 1132 45 1.072000 1.002000  0.000076 0.000061 0.000163 0.000334 0.000168 0.000088 
5328576 BlackScholes 1 1132 45 1.072000 0.926000  0.000025 0.000022 0.000059 0.000117 0.000063 0.000033 
5328576 BlackScholes 1 1132 45 1.072000 0.926000  0.000026 0.000021 0.000061 0.000130 0.000067 0.000035 
5328576 BlackScholes 1 1132 45 1.072000 1.620000  0.000027 0.000022 0.000061 0.000132 0.000067 0.000035 
5328640 BlackScholes 1 1132 45 1.072000 0.926000  0.000023 0.000020 0.000057 0.000112 0.000058 0.000031 
5328640 BlackScholes 1 1132 45 1.072000 1.312000  0.000071 0.000031 0.000076 0.000164 0.000088 0.000043 
5328704 BlackScholes 1 1132 44 1.072000 0.925000  0.000085 0.000063 0.000169 0.000381 0.000189 0.000096 
5328704 BlackScholes 1 1132 44 1.072000 0.926000  0.045950 0.011352 0.024436 0.046056 0.013036 0.005841 
5328704 BlackScholes 1 1132 45 1.072000 1.542000  0.000024 0.000021 0.000058 0.000114 0.000062 0.000032 
5328768 BlackScholes 1 1132 45 1.072000 0.925000  0.000024 0.000020 0.000056 0.000111 0.000058 0.000031 
5328768 BlackScholes 1 1132 45 1.072000 1.312000  0.000023 0.000021 0.000057 0.000155 0.000075 0.000042 
5328768 BlackScholes 1 1132 45 1.072000 0.925000  0.000024 0.000021 0.000270 0.000774 0.000203 0.000090 
5328832 BlackScholes 1 1132 45 1.072000 0.925000  0.000024 0.000021 0.000075 0.000158 0.000075 0.000042 
5328832 BlackScholes 1 1132 45 1.072000 1.310000  0.000024 0.000021 0.000058 0.000112 0.000061 0.000032 
5328832 BlackScholes 1 1132 45 1.072000 0.926000  0.000023 0.000020 0.000055 0.000107 0.000057 0.000031 
5328896 BlackScholes 1 1132 45 1.072000 1.155000  0.000023 0.000021 0.000057 0.000112 0.000061 0.000032 
5328896 BlackScholes 1 1132 45 1.072000 0.925000  0.000023 0.000020 0.000055 0.000106 0.000057 0.000030 
5328960 BlackScholes 1 1132 45 1.072000 1.771000  0.000023 0.000021 0.000057 0.000109 0.000060 0.000032 
5328960 BlackScholes 1 1132 45 1.072000 1.079000  0.000024 0.000039 0.000093 0.000249 0.000086 0.000043 
5328960 BlackScholes 1 1132 45 1.072000 0.925000  0.000025 0.000021 0.000059 0.000126 0.000065 0.000034 
5329024 BlackScholes 1 1132 45 1.072000 1.311000  0.000024 0.000021 0.000057 0.000111 0.000060 0.000032 
5329024 BlackScholes 1 1132 45 1.072000 0.925000  0.000022 0.000020 0.000054 0.000103 0.000056 0.000030 
5329024 BlackScholes 1 1132 45 1.072000 1.543000  0.000029 0.000022 0.000060 0.000129 0.000066 0.000033 
5329088 BlackScholes 1 1132 45 1.072000 1.002000  0.000023 0.000019 0.000054 0.000105 0.000055 0.000030 
5329088 BlackScholes 1 1132 45 1.072000 1.312000  0.000023 0.000020 0.000056 0.000109 0.000059 0.000032 
5329088 BlackScholes 1 1132 45 1.072000 1.234000  0.000023 0.000020 0.000056 0.000109 0.000059 0.000031 
5329152 BlackScholes 1 1132 45 1.072000 1.002000  0.000024 0.000020 0.000056 0.000115 0.000059 0.000031 
5329152 BlackScholes 1 1132 45 1.072000 1.773000  0.000028 0.000021 0.000056 0.000123 0.000060 0.000031 
5329216 BlackScholes 1 1132 45 1.072000 1.076000  0.000025 0.000020 0.000057 0.000130 0.000065 0.000034 
5329216 BlackScholes 1 1132 45 1.072000 0.769000  0.000026 0.000020 0.000055 0.000116 0.000059 0.000031 
5329216 BlackScholes 1 1132 45 1.072000 0.538000  0.000022 0.000019 0.000053 0.000106 0.000054 0.000029 
5329280 BlackScholes 1 1132 46 1.072000 0.615000  0.000025 0.000020 0.000055 0.000117 0.000058 0.000031 
5329280 BlackScholes 1 1132 46 1.072000 0.538000  0.020289 0.003714 0.007928 0.020375 0.004322 0.001915 
5329280 BlackScholes 1 1132 46 1.072000 0.923000  0.000024 0.000021 0.000056 0.000121 0.000060 0.000031 
5329344 BlackScholes 1 1132 46 1.072000 0.615000  0.000023 0.000019 0.000053 0.000108 0.000054 0.000029 
5329344 BlackScholes 1 1132 46 1.072000 0.769000  0.000087 0.000029 0.000071 0.000176 0.000084 0.000040 
5329344 BlackScholes 1 1132 47 1.072000 0.615000  0.000023 0.000019 0.000053 0.000104 0.000055 0.000029 
5329408 BlackScholes 1 1132 47 1.072000 1.154000  0.000007 0.000005 0.000014 0.000033 0.000018 0.000009 
5329408 BlackScholes 1 1132 47 1.072000 0.615000  0.000022 0.000019 0.000053 0.000103 0.000054 0.000029 
5329472 BlackScholes 1 1132 47 1.072000 0.692000  0.000025 0.000020 0.000055 0.000110 0.000074 0.000036 
5329472 BlackScholes 1 1132 47 1.072000 0.538000  0.000023 0.000019 0.000052 0.000106 0.000055 0.000029 
5329472 BlackScholes 1 1132 47 1.072000 0.923000  0.000047 0.000023 0.000060 0.000143 0.000065 0.000033 
5329536 BlackScholes 1 1132 47 1.072000 1.230000  0.000023 0.000019 0.000052 0.000104 0.000094 0.000051 
5329536 BlackScholes 1 1132 47 1.072000 1.000000  0.000028 0.000021 0.000059 0.000129 0.000063 0.000032 
5329536 BlackScholes 1 1132 47 1.072000 0.692000  0.000024 0.000019 0.000052 0.000110 0.000053 0.000029 
5329600 BlackScholes 1 1132 47 1.072000 0.923000  0.000026 0.000021 0.000057 0.000127 0.000062 0.000032 
5329600 BlackScholes 1 1132 47 1.072000 0.615000  0.000022 0.000019 0.000052 0.000106 0.000053 0.000029 
5329600 BlackScholes 1 1132 47 1.072000 1.307000  0.000026 0.000021 0.000056 0.000123 0.000062 0.000032 
5329664 BlackScholes 1 1132 48 1.072000 0.615000  0.000026 0.000020 0.000054 0.000114 0.000058 0.000030 
5329664 BlackScholes 1 1132 48 1.072000 0.615000  0.000024 0.000020 0.000055 0.000122 0.000061 0.000032 
5329728 BlackScholes 1 1132 48 1.072000 0.769000  0.000025 0.000019 0.000055 0.000148 0.000066 0.000033 
5329728 BlackScholes 1 1132 48 1.072000 0.615000  0.000022 0.000018 0.000052 0.000103 0.000053 0.000028 
5329728 BlackScholes 1 1132 48 1.072000 0.615000  0.000027 0.000019 0.000056 0.000128 0.000062 0.000032 
5329792 BlackScholes 1 1132 48 1.072000 0.692000  0.000022 0.000019 0.000052 0.000101 0.000053 0.000029 
5329792 BlackScholes 1 1132 48 1.072000 0.923000  0.000024 0.000019 0.000053 0.000107 0.000056 0.000030 
5329792 BlackScholes 1 1132 48 1.072000 0.769000  0.000022 0.000018 0.000051 0.000100 0.000052 0.000028 
5329856 BlackScholes 1 1132 48 1.072000 0.846000  0.000023 0.000019 0.000053 0.000107 0.000056 0.000030 
5329856 BlackScholes 1 1132 48 1.072000 0.615000  0.000022 0.000018 0.000051 0.000102 0.000053 0.000028 
5329856 BlackScholes 1 1132 48 1.072000 0.615000  0.000023 0.000019 0.000053 0.000106 0.000057 0.000030 
5329920 BlackScholes 1 1132 47 1.072000 0.615000  0.000021 0.000018 0.000051 0.000103 0.000052 0.000028 
5329920 BlackScholes 1 1132 47 1.072000 0.923000  0.000026 0.000019 0.000058 0.000148 0.000062 0.000031 
5329920 BlackScholes 1 1132 48 1.072000 0.615000  0.000021 0.000026 0.000065 0.000179 0.000063 0.000032 
5329984 BlackScholes 1 1132 48 1.072000 0.923000  0.000025 0.000022 0.000059 0.000140 0.000062 0.000032 
5329984 BlackScholes 1 1132 48 1.072000 0.538000  0.000021 0.000018 0.000050 0.000099 0.000051 0.000028 
5330048 BlackScholes 1 1132 48 1.072000 0.923000  0.000027 0.000021 0.000056 0.000122 0.000059 0.000031 
5330048 BlackScholes 1 1132 48 1.072000 1.230000  0.000022 0.000018 0.000050 0.000106 0.000051 0.000028 
5330048 BlackScholes 1 1132 48 1.072000 0.846000  0.000025 0.000020 0.000056 0.000124 0.000061 0.000032 
5330112 BlackScholes 1 1132 48 1.072000 1.230000  0.000049 0.000023 0.000060 0.000149 0.000065 0.000033 
5330112 BlackScholes 1 1132 48 1.072000 0.769000  0.000026 0.000020 0.000056 0.000124 0.000061 0.000032 
5330112 BlackScholes 1 1132 48 1.072000 1.153000  0.000023 0.000019 0.000053 0.000118 0.000059 0.000031 
5330176 BlackScholes 1 1132 48 1.072000 0.692000  0.000026 0.000020 0.000055 0.000120 0.000060 0.000031 
5330176 BlackScholes 1 1132 48 1.072000 1.230000  0.096235 0.018115 0.038949 0.096332 0.020772 0.009039 
5330176 BlackScholes 1 1132 48 1.072000 0.615000  0.000007 0.000005 0.000014 0.000030 0.000017 0.000008 
5330240 BlackScholes 1 1132 48 1.072000 0.615000  0.000007 0.000005 0.000014 0.000031 0.000017 0.000008 
5330240 BlackScholes 1 1132 48 1.072000 0.769000  0.097633 0.018339 0.039370 0.097713 0.021073 0.009154 
5330304 BlackScholes 1 1132 48 1.072000 0.846000  0.000022 0.000028 0.000067 0.000152 0.000077 0.000038 
5330304 BlackScholes 1 1132 48 1.072000 0.769000  0.000023 0.000020 0.000054 0.000363 0.000121 0.000053 
5330304 BlackScholes 1 1132 48 1.072000 1.000000  0.000024 0.000019 0.000053 0.000118 0.000059 0.000030 
5330368 BlackScholes 1 1132 48 1.072000 0.692000  0.000022 0.000018 0.000050 0.000102 0.000051 0.000027 
5330368 BlackScholes 1 1132 48 1.072000 1.076000  0.000026 0.000020 0.000054 0.000117 0.000058 0.000030 
5330368 BlackScholes 1 1132 48 1.072000 0.615000  0.000022 0.000018 0.000049 0.000101 0.000051 0.000027 
5330432 BlackScholes 1 1132 48 1.072000 0.846000  0.000026 0.000019 0.000053 0.000121 0.000059 0.000030 
5330432 BlackScholes 1 1132 48 1.072000 0.538000  0.164952 0.035977 0.076357 0.165155 0.040928 0.017895 
5330496 BlackScholes 1 1132 48 1.072000 1.077000  0.000064 0.000050 0.000139 0.000305 0.000149 0.000077 
5330496 BlackScholes 1 1132 48 1.072000 0.923000  0.000021 0.000018 0.000049 0.000100 0.000050 0.000027 
5330496 BlackScholes 1 1132 48 1.072000 0.846000  0.000020 0.000018 0.000050 0.000098 0.000053 0.000028 
5330560 BlackScholes 1 1132 48 1.072000 0.615000  0.000021 0.000018 0.000049 0.000098 0.000051 0.000027 
5330560 BlackScholes 1 1132 48 1.072000 0.923000  0.000021 0.000018 0.000051 0.000101 0.000054 0.000028 
5330560 BlackScholes 1 1132 48 1.072000 1.153000  0.000027 0.000020 0.000054 0.000121 0.000061 0.000030 
5330624 BlackScholes 1 1132 49 1.072000 0.923000  0.000021 0.000019 0.000053 0.000118 0.000059 0.000030 
5330624 BlackScholes 1 1132 49 1.072000 1.076000  0.000025 0.000019 0.000053 0.000116 0.000060 0.000030 
5330624 BlackScholes 1 1132 49 1.072000 0.615000  0.000027 0.000019 0.000052 0.000116 0.000056 0.000029 
5330688 BlackScholes 1 1132 48 1.072000 1.307000  0.000021 0.000018 0.000050 0.000103 0.000053 0.000028 
5330688 BlackScholes 1 1132 48 1.072000 0.538000  0.000024 0.000019 0.000053 0.000116 0.000058 0.000030 
5330688 BlackScholes 1 1132 49 1.072000 0.846000  0.000024 0.000019 0.000051 0.000120 0.000056 0.000029 
5330752 BlackScholes 1 1132 49 1.072000 0.615000  0.000024 0.000019 0.000052 0.000116 0.000068 0.000032 
5330752 BlackScholes 1 1132 48 1.072000 0.615000  0.000046 0.000022 0.000056 0.000137 0.000057 0.000030 
5330816 BlackScholes 1 1132 48 1.072000 0.615000  0.000040 0.000019 0.000051 0.000116 0.000052 0.000027 
5330816 BlackScholes 1 1132 48 1.072000 0.769000  0.000031 0.000019 0.000053 0.000120 0.000056 0.000029 
5330816 BlackScholes 1 1132 48 1.072000 0.692000  0.000020 0.000017 0.000048 0.000097 0.000048 0.000026 
5330880 BlackScholes 1 1132 48 1.072000 0.924000  0.000021 0.000018 0.000050 0.000111 0.000055 0.000029 
5330880 BlackScholes 1 1132 48 1.072000 0.615000  0.000020 0.000017 0.000047 0.000099 0.000048 0.000026 
5330880 BlackScholes 1 1132 48 1.072000 0.769000  0.000021 0.000026 0.000064 0.000149 0.000075 0.000037 
5330944 BlackScholes 1 1132 48 1.072000 0.615000  0.000022 0.000017 0.000047 0.000099 0.000049 0.000026 
5330944 BlackScholes 1 1132 48 1.072000 0.923000  0.000084 0.000026 0.000063 0.000162 0.000064 0.000036 
5331008 BlackScholes 1 1132 48 1.072000 0.538000  0.000051 0.000020 0.000181 0.000366 0.000121 0.000052 
5331008 BlackScholes 1 1132 49 1.072000 0.846000  0.000022 0.000018 0.000050 0.000107 0.000055 0.000028 
5331008 BlackScholes 1 1132 49 1.072000 0.538000  0.000021 0.000017 0.000047 0.000094 0.000048 0.000026 
5331072 BlackScholes 1 1132 49 1.072000 0.769000  0.000023 0.000018 0.000050 0.000110 0.000055 0.000028 
5331072 BlackScholes 1 1132 49 1.072000 0.923000  0.000020 0.000017 0.000047 0.000097 0.000048 0.000026 
5331072 BlackScholes 1 1132 49 1.072000 0.846000  0.000023 0.000018 0.000050 0.000111 0.000054 0.000028 
5331136 BlackScholes 1 1132 49 1.072000 0.692000  0.000020 0.000017 0.000047 0.000092 0.000048 0.000026 
5331136 BlackScholes 1 1132 49 1.072000 0.846000  0.000021 0.000018 0.000048 0.000096 0.000051 0.000027 
5331136 BlackScholes 1 1132 48 1.072000 0.538000  0.000019 0.000017 0.000046 0.000091 0.000047 0.000026 
5331200 BlackScholes 1 1132 48 1.072000 0.923000  0.000023 0.000018 0.000050 0.000111 0.000054 0.000028 
5331200 BlackScholes 1 1132 48 1.072000 0.615000  0.000020 0.000016 0.000046 0.000092 0.000047 0.000025 
5331264 BlackScholes 1 1132 48 1.072000 0.923000  0.000023 0.000018 0.000054 0.000133 0.000057 0.000029 
5331264 BlackScholes 1 1132 48 1.072000 1.307000  0.000019 0.000016 0.000046 0.000093 0.000047 0.000027 
5331264 BlackScholes 1 1132 49 1.072000 1.000000  0.000039 0.000020 0.000054 0.000124 0.000057 0.000029 
5331328 BlackScholes 1 1132 49 1.072000 1.384000  0.000020 0.000016 0.000046 0.000096 0.000050 0.000026 
5331328 BlackScholes 1 1132 48 1.072000 0.615000  0.000022 0.000017 0.000048 0.000104 0.000053 0.000028 
5331328 BlackScholes 1 1132 48 1.072000 0.692000  0.000020 0.000017 0.000047 0.000097 0.000050 0.000026 
5331392 BlackScholes 1 1132 49 1.072000 0.538000  0.000022 0.000018 0.000050 0.000107 0.000054 0.000028 
5331392 BlackScholes 1 1132 49 1.072000 1.230000  0.000020 0.000017 0.000047 0.000098 0.000049 0.000026 
5331392 BlackScholes 1 1132 49 1.072000 0.615000  0.000023 0.000018 0.000050 0.000104 0.000053 0.000028 
5331456 BlackScholes 1 1132 49 1.072000 0.692000  0.000024 0.000018 0.000050 0.000111 0.000056 0.000028 
5331456 BlackScholes 1 1132 49 1.072000 0.538000  0.000020 0.000016 0.000045 0.000098 0.000047 0.000025 
5331456 BlackScholes 1 1132 48 1.072000 0.846000  0.000024 0.000017 0.000047 0.000105 0.000051 0.000027 
5331520 BlackScholes 1 1132 48 1.072000 0.538000  0.000019 0.000016 0.000045 0.000092 0.000046 0.000025 
5331520 BlackScholes 1 1132 48 1.072000 1.387000  0.000023 0.000019 0.000050 0.000115 0.000052 0.000031 
5331584 BlackScholes 1 1132 48 1.072000 1.079000  0.000019 0.000016 0.000045 0.000092 0.000046 0.000025 
5331584 BlackScholes 1 1132 48 1.072000 1.309000  0.000019 0.000017 0.000047 0.000091 0.000050 0.000026 
5331584 BlackScholes 1 1132 47 1.072000 1.619000  0.000021 0.000017 0.000049 0.000108 0.000054 0.000028 
5331648 BlackScholes 1 1132 47 1.072000 1.003000  0.000024 0.000019 0.000050 0.000106 0.000054 0.000028 
5331648 BlackScholes 1 1132 47 1.072000 1.543000  0.000025 0.000019 0.000050 0.000110 0.000055 0.000028 
5331648 BlackScholes 1 1132 47 1.072000 1.080000  0.000021 0.000016 0.000050 0.000209 0.000065 0.000033 
5331712 BlackScholes 1 1132 47 1.072000 1.308000  0.000022 0.000017 0.000046 0.000099 0.000051 0.000027 
5331712 BlackScholes 1 1132 47 1.072000 1.002000  -0.370364 0.499010 -0.932371 -0.370242 0.509175 0.223427 
5331712 BlackScholes 1 1132 46 1.072000 1.080000  0.000019 0.000017 0.000047 0.000090 0.000049 0.000026 
5331776 BlackScholes 1 1132 46 1.072000 1.387000  0.000019 0.000017 0.000046 0.000090 0.000049 0.000026 
5331776 BlackScholes 1 1132 46 1.072000 1.002000  0.061279 0.013666 0.029354 0.061348 0.015258 0.006767 
5331840 BlackScholes 1 1132 46 1.072000 1.002000  0.000022 0.000018 0.000049 0.000105 0.000054 0.000028 
5331840 BlackScholes 1 1132 46 1.072000 1.002000  0.000019 0.000017 0.000046 0.000091 0.000050 0.000026 
5331840 BlackScholes 1 1132 46 1.072000 1.002000  0.000018 0.000017 0.000046 0.000089 0.000049 0.000026 
5331904 BlackScholes 1 1132 46 1.072000 1.541000  0.000019 0.000017 0.000046 0.000089 0.000049 0.000026 
5331904 BlackScholes 1 1132 46 1.072000 1.155000  0.067148 0.015130 0.032439 0.067384 0.016986 0.007529 
5331904 BlackScholes 1 1132 46 1.072000 1.618000  0.000022 0.000018 0.000048 0.000104 0.000052 0.000027 
5331968 BlackScholes 1 1132 45 1.072000 1.003000  0.000018 0.000016 0.000044 0.000086 0.000046 0.000025 
5331968 BlackScholes 1 1132 45 1.072000 1.002000  0.000019 0.000018 0.000052 0.000140 0.000057 0.000028 
5331968 BlackScholes 1 1132 45 1.072000 1.003000  0.003741 0.001200 0.002572 0.003827 0.001346 0.000620 
5332032 BlackScholes 1 1132 46 1.072000 1.002000  0.000024 0.000018 0.000049 0.000108 0.000055 0.000028 
5332032 BlackScholes 1 1132 46 1.072000 1.080000  0.000019 0.000017 0.000046 0.000090 0.000049 0.000026 
5332032 BlackScholes 1 1132 45 1.072000 1.003000  0.005311 0.001501 0.003149 0.005396 0.001746 0.000777 
5332096 BlackScholes 1 1132 45 1.072000 1.311000  0.000018 0.000017 0.000046 0.000089 0.000049 0.000026 
5332096 BlackScholes 1 1132 45 1.072000 1.003000  0.000019 0.000017 0.000046 0.000093 0.000048 0.000025 
5332160 BlackScholes 1 1132 45 1.072000 1.003000  0.000024 0.000018 0.000048 0.000106 0.000054 0.000028 
5332160 BlackScholes 1 1132 45 1.072000 1.464000  0.000024 0.000020 0.000051 0.000130 0.000057 0.000039 
5332160 BlackScholes 1 1132 45 1.072000 1.003000  0.000018 0.000016 0.000044 0.000086 0.000045 0.000024 
5332224 BlackScholes 1 1132 45 1.072000 1.079000  0.000019 0.000017 0.000046 0.000088 0.000048 0.000025 
5332224 BlackScholes 1 1132 45 1.072000 0.925000  0.018694 0.004801 0.010251 0.018761 0.005568 0.002426 
5332224 BlackScholes 1 1132 45 1.072000 1.312000  0.000018 0.000017 0.000045 0.000087 0.000048 0.000025 
5332288 BlackScholes 1 1132 45 1.072000 1.002000  0.000018 0.000016 0.000045 0.000087 0.000048 0.000025 
5332288 BlackScholes 1 1132 45 1.072000 1.001000  0.000018 0.000016 0.000045 0.000087 0.000048 0.000025 
5332288 BlackScholes 1 1132 45 1.072000 1.541000  0.000019 0.000017 0.000047 0.000102 0.000052 0.000027 
5332352 BlackScholes 1 1132 45 1.072000 1.002000  0.000017 0.000015 0.000043 0.000085 0.000045 0.000024 
5332352 BlackScholes 1 1132 45 1.072000 1.464000  0.000019 0.000016 0.000045 0.000089 0.000048 0.000025 
5332352 BlackScholes 1 1132 45 1.072000 1.002000  0.000023 0.000018 0.000049 0.000108 0.000054 0.000027 
5332416 BlackScholes 1 1132 45 1.072000 1.464000  0.000023 0.000018 0.000048 0.000105 0.000054 0.000027 
5332416 BlackScholes 1 1132 45 1.072000 1.620000  0.000020 0.000016 0.000046 0.000096 0.000051 0.000026 
5332480 BlackScholes 1 1132 45 1.072000 1.387000  0.000017 0.000015 0.000043 0.000084 0.000044 0.000024 
5332480 BlackScholes 1 1132 45 1.072000 1.389000  0.000018 0.000016 0.000045 0.000087 0.000047 0.000025 
5332480 BlackScholes 1 1132 45 1.072000 1.002000  -0.327227 0.490774 -0.887299 -0.327111 0.502014 0.220221 
5332544 BlackScholes 1 1132 45 1.072000 1.001000  0.000018 0.000016 0.000045 0.000087 0.000047 0.000025 
5332544 BlackScholes 1 1132 45 1.072000 1.002000  0.000018 0.000016 0.000045 0.000088 0.000047 0.000025 
5332544 BlackScholes 1 1132 45 1.072000 0.925000  0.000021 0.000017 0.000047 0.000103 0.000052 0.000027 
5332608 BlackScholes 1 1132 45 1.072000 1.620000  0.000022 0.000017 0.000048 0.000104 0.000051 0.000026 
5332608 BlackScholes 1 1132 45 1.072000 1.002000  0.000017 0.000015 0.000043 0.000083 0.000044 0.000024 
5332608 BlackScholes 1 1132 45 1.072000 1.389000  0.000021 0.000017 0.000047 0.000101 0.000051 0.000026 
5332672 BlackScholes 1 1132 45 1.072000 1.003000  0.000019 0.000016 0.000045 0.000088 0.000048 0.000025 
5332672 BlackScholes 1 1132 45 1.072000 1.156000  0.000019 0.000016 0.000045 0.000095 0.000049 0.000026 
5332672 BlackScholes 1 1132 45 1.072000 1.155000  0.000019 0.000017 0.000047 0.000099 0.000050 0.000026 
5332736 BlackScholes 1 1132 45 1.072000 0.926000  0.000017 0.000015 0.000043 0.000084 0.000043 0.000024 
5332736 BlackScholes 1 1132 45 1.072000 1.388000  0.000019 0.000017 0.000047 0.000104 0.000052 0.000026 
5332800 BlackScholes 1 1132 45 1.072000 0.926000  0.000019 0.000016 0.000044 0.000086 0.000057 0.000029 
5332800 BlackScholes 1 1132 45 1.072000 1.080000  0.000020 0.000031 0.000073 0.000179 0.000072 0.000035 
5332800 BlackScholes 1 1132 45 1.072000 1.466000  0.000020 0.000016 0.000045 0.000095 0.000049 0.000026 
5332864 BlackScholes 1 1132 45 1.072000 1.002000  0.000022 0.000016 0.000043 0.000089 0.000044 0.000025 
5332864 BlackScholes 1 1132 45 1.072000 1.389000  0.000022 0.000017 0.000047 0.000101 0.000051 0.000026 
5332864 BlackScholes 1 1132 45 1.072000 1.002000  0.000024 0.000017 0.000047 0.000105 0.000052 0.000027 
5332928 BlackScholes 1 1132 45 1.072000 1.002000  0.000091 0.000031 0.000073 0.000172 0.000070 0.000034 
5332928 BlackScholes 1 1132 45 1.072000 1.698000  0.000018 0.000023 0.000056 0.000115 0.000065 0.000032 
5332992 BlackScholes 1 1132 45 1.072000 1.158000  -0.253649 0.479818 -0.803200 -0.253441 0.492030 0.216118 
5332992 BlackScholes 1 1132 45 1.072000 0.926000  0.000017 0.000016 0.000044 0.000083 0.000046 0.000024 
5332992 BlackScholes 1 1132 45 1.072000 1.387000  0.000018 0.000016 0.000044 0.000085 0.000046 0.000024 
5333056 BlackScholes 1 1132 45 1.072000 1.003000  0.052911 0.011415 0.024035 0.052981 0.013831 0.005874 
5333056 BlackScholes 1 1132 45 1.072000 1.310000  0.000025 0.000019 0.000051 0.000126 0.000054 0.000027 
5333056 BlackScholes 1 1132 45 1.072000 1.003000  0.000018 0.000016 0.000044 0.000084 0.000046 0.000024 
5333120 BlackScholes 1 1132 45 1.072000 1.311000  0.000017 0.000016 0.000043 0.000084 0.000046 0.000024 
5333120 BlackScholes 1 1132 45 1.072000 1.619000  0.000021 0.000016 0.000073 0.000211 0.000068 0.000033 
5333120 BlackScholes 1 1132 45 1.072000 1.002000  0.000020 0.000017 0.000046 0.000098 0.000050 0.000026 
5333184 BlackScholes 1 1132 44 1.072000 1.388000  0.000021 0.000017 0.000046 0.000098 0.000050 0.000025 
5333184 BlackScholes 1 1132 45 1.072000 1.002000  0.000017 0.000015 0.000042 0.000081 0.000043 0.000023 
5333184 BlackScholes 1 1132 45 1.072000 1.078000  0.000020 0.000016 0.000045 0.000096 0.000050 0.000025 
5333248 BlackScholes 1 1132 45 1.072000 0.925000  0.000018 0.000016 0.000044 0.000089 0.000047 0.000024 
5333248 BlackScholes 1 1132 45 1.072000 0.925000  0.000019 0.000016 0.000045 0.000096 0.000049 0.000025 
5333312 BlackScholes 1 1132 45 1.072000 1.388000  0.000040 0.000019 0.000049 0.000115 0.000052 0.000026 
5333312 BlackScholes 1 1132 45 1.072000 0.925000  0.000017 0.000015 0.000042 0.000089 0.000043 0.000024 
5333312 BlackScholes 1 1132 44 1.072000 1.003000  0.000020 0.000016 0.000045 0.000098 0.000050 0.000026 
5333376 BlackScholes 1 1132 44 1.072000 0.926000  0.000019 0.000017 0.000045 0.000099 0.000068 0.000034 
5333376 BlackScholes 1 1132 45 1.072000 0.925000  0.000022 0.000016 0.000046 0.000098 0.000049 0.000025 
5333376 BlackScholes 1 1132 45 1.072000 1.080000  0.000039 0.000023 0.000067 0.000129 0.000071 0.000035 
5333440 BlackScholes 1 1132 45 1.072000 0.926000  0.000023 0.000017 0.000045 0.000099 0.000050 0.000025 
5333440 BlackScholes 1 1132 45 1.072000 1.467000  0.000019 0.000016 0.000044 0.000094 0.000048 0.000025 
5333440 BlackScholes 1 1132 45 1.072000 1.542000  0.000018 0.000016 0.000043 0.000083 0.000045 0.000024 
5333504 BlackScholes 1 1132 45 1.072000 1.002000  0.000018 0.000015 0.000042 0.000082 0.000045 0.000024 
5333504 BlackScholes 1 1132 45 1.072000 1.387000  0.000018 0.000016 0.000043 0.000084 0.000046 0.000024 
5333568 BlackScholes 1 1132 45 1.072000 0.926000  0.000063 0.000026 0.000074 0.000254 0.000077 0.000038 
5333568 BlackScholes 1 1132 45 1.072000 1.543000  0.000021 0.000016 0.000045 0.000097 0.000049 0.000025 
5333568 BlackScholes 1 1132 45 1.072000 0.926000  0.000023 0.000016 0.000044 0.000098 0.000048 0.000024 
5333632 BlackScholes 1 1132 44 1.072000 0.925000  0.000021 0.000017 0.000045 0.000095 0.000048 0.000025 
5333632 BlackScholes 1 1132 44 1.072000 1.464000  0.000021 0.000016 0.000044 0.000094 0.000049 0.000025 
5333632 BlackScholes 1 1132 44 1.072000 1.156000  0.000033 0.000016 0.000043 0.000115 0.000046 0.000024 
5333696 BlackScholes 1 1132 44 1.072000 1.080000  0.000018 0.000016 0.000044 0.000093 0.000048 0.000025 
5333696 BlackScholes 1 1132 45 1.072000 1.003000  0.000019 0.000016 0.000044 0.000094 0.000048 0.000025 
5333696 BlackScholes 1 1132 45 1.072000 0.926000  0.000021 0.000020 0.000051 0.000117 0.000054 0.000026 
5333760 BlackScholes 1 1132 45 1.072000 1.156000  0.000018 0.000015 0.000042 0.000082 0.000045 0.000023 
5333760 BlackScholes 1 1132 45 1.072000 1.002000  0.000016 0.000014 0.000040 0.000080 0.000042 0.000022 
5333760 BlackScholes 1 1132 45 1.072000 1.311000  0.000017 0.000015 0.000042 0.000081 0.000044 0.000023 
5333824 BlackScholes 1 1132 45 1.072000 1.080000  0.000017 0.000015 0.000042 0.000081 0.000044 0.000023 
5333824 BlackScholes 1 1132 45 1.072000 1.157000  0.000017 0.000015 0.000042 0.000080 0.000044 0.000023 
5333888 BlackScholes 1 1132 45 1.072000 1.388000  0.000019 0.000015 0.000043 0.000091 0.000046 0.000024 
5333888 BlackScholes 1 1132 45 1.072000 1.081000  0.000016 0.000014 0.000040 0.000077 0.000040 0.000022 
5333888 BlackScholes 1 1132 45 1.072000 1.232000  0.000021 0.000016 0.000044 0.000094 0.000048 0.000025 
5333952 BlackScholes 1 1132 45 1.072000 0.926000  0.000017 0.000015 0.000041 0.000079 0.000043 0.000023 
5333952 BlackScholes 1 1132 45 1.072000 1.308000  0.000038 0.000018 0.000048 0.000114 0.000052 0.000026 
5333952 BlackScholes 1 1132 44 1.072000 1.464000  0.000017 0.000015 0.000041 0.000080 0.000044 0.000023 
5334016 BlackScholes 1 1132 44 1.072000 1.002000  0.000017 0.000015 0.000041 0.000080 0.000043 0.000023 
5334016 BlackScholes 1 1132 45 1.072000 1.310000  0.000018 0.000015 0.000042 0.000090 0.000045 0.000024 
5334016 BlackScholes 1 1132 45 1.072000 1.003000  0.000018 0.000018 0.000050 0.000156 0.000061 0.000030 
5334080 BlackScholes 1 1132 45 1.072000 1.388000  0.000016 0.000015 0.000041 0.000078 0.000043 0.000023 
5334080 BlackScholes 1 1132 45 1.072000 1.078000  0.000018 0.000015 0.000041 0.000082 0.000043 0.000023 
5334144 BlackScholes 1 1132 45 1.072000 0.925000  0.000021 0.000016 0.000044 0.000096 0.000048 0.000033 
5334144 BlackScholes 1 1132 45 1.072000 1.003000  0.000017 0.000015 0.000041 0.000079 0.000043 0.000023 
5334144 BlackScholes 1 1132 45 1.072000 1.079000  0.000016 0.000014 0.000039 0.000074 0.000040 0.000022 
5334208 BlackScholes 1 1132 44 1.072000 1.311000  0.000019 0.000015 0.000042 0.000089 0.000046 0.000024 
5334208 BlackScholes 1 1132 44 1.072000 1.080000  0.000016 0.000014 0.000039 0.000076 0.000040 0.000022 
5334208 BlackScholes 1 1132 45 1.072000 1.157000  0.000017 0.000015 0.000042 0.000090 0.000046 0.000024 
5334272 BlackScholes 1 1132 45 1.072000 1.464000  0.000018 0.000015 0.000041 0.000104 0.000047 0.000024 
5334272 BlackScholes 1 1132 44 1.072000 0.925000  0.000019 0.000016 0.000043 0.000089 0.000045 0.000023 
5334272 BlackScholes 1 1132 45 1.072000 1.388000  0.000018 0.000015 0.000041 0.000088 0.000045 0.000023 
5334336 BlackScholes 1 1132 45 1.072000 1.003000  0.000015 0.000014 0.000039 0.000083 0.000040 0.000023 
5334336 BlackScholes 1 1132 45 1.072000 1.462000  0.000020 0.000015 0.000042 0.000087 0.000045 0.000026 
5334336 BlackScholes 1 1132 45 1.072000 1.233000  0.000017 0.000015 0.000040 0.000079 0.000043 0.000022 
5334400 BlackScholes 1 1132 45 1.072000 1.234000  0.000017 0.000015 0.000040 0.000079 0.000042 0.000022 
5334400 BlackScholes 1 1132 45 1.072000 1.618000  0.000017 0.000014 0.000040 0.000079 0.000042 0.000022 
5334464 BlackScholes 1 1132 45 1.072000 1.387000  0.000016 0.000014 0.000038 0.000076 0.000040 0.000021 
5334464 BlackScholes 1 1132 45 1.072000 1.312000  0.000017 0.000014 0.000040 0.000079 0.000043 0.000022 
5334464 BlackScholes 1 1132 45 1.072000 0.926000  0.000016 0.000014 0.000039 0.000085 0.000044 0.000023 
