#Timestamp	Benchmark	Run(#)	CPU Frequency (MHz)	CPU Temperature(C)	CPU Voltage(V)	CPU Power(W)	CPU_CYCLES	L1_DATA_CACHE_ACCESS	INSTRUCTIONS_RETIRED	BUS_CYCLES	L1I_CACHE_ACCESS	PREDICTABLE_BRANCH_SPECULATIVELY_EXECUTED
2884736 convolutionTexture 1 307 38 0.842000 0.617000  0.000144 0.000134 0.000387 0.000731 0.000481 0.000241 
2884736 convolutionTexture 1 307 38 0.842000 0.617000  0.000008 0.000007 0.000020 0.000039 0.000025 0.000012 
2884736 convolutionTexture 1 307 38 0.842000 0.539000  0.000008 0.000007 0.000020 0.000039 0.000026 0.000013 
2884800 convolutionTexture 1 307 38 0.842000 0.616000  0.000736 0.000622 0.002241 0.005266 0.002561 0.001252 
2884800 convolutionTexture 1 307 38 0.842000 0.617000  0.000650 0.000561 0.001567 0.003067 0.001617 0.000869 
2884864 convolutionTexture 1 307 38 0.842000 0.617000  0.001525 0.001394 0.004827 0.008931 0.003430 0.001810 
2884864 convolutionTexture 1 307 38 0.842000 0.539000  0.000770 0.000585 0.001576 0.003448 0.001749 0.000897 
2884928 convolutionTexture 1 307 38 0.842000 0.694000  0.000497 0.000158 0.000418 0.001030 0.000676 0.000290 
2884928 convolutionTexture 1 307 38 0.842000 0.694000  0.000127 0.000116 0.000422 0.000957 0.000478 0.000230 
2884992 convolutionTexture 1 307 38 0.842000 0.617000  0.000517 0.000659 0.001584 0.003125 0.001945 0.001040 
2884992 convolutionTexture 1 307 38 0.842000 0.694000  0.027216 0.009638 0.023483 0.027247 0.010428 0.005221 
2885056 convolutionTexture 1 307 38 0.842000 0.616000  0.000007 0.000007 0.000020 0.000037 0.000025 0.000012 
2885056 convolutionTexture 1 307 38 0.842000 0.539000  0.000007 0.000007 0.000020 0.000036 0.000024 0.000012 
2885120 convolutionTexture 1 307 38 0.842000 0.693000  0.000007 0.000007 0.000019 0.000036 0.000024 0.000013 
2885120 convolutionTexture 1 307 38 0.842000 0.617000  0.000560 0.000436 0.001220 0.002579 0.001344 0.000684 
2885120 convolutionTexture 1 307 38 0.842000 0.540000  0.000105 0.000103 0.000296 0.000553 0.000375 0.000185 
2885184 convolutionTexture 1 307 38 0.842000 0.616000  0.000103 0.000099 0.000288 0.000537 0.000356 0.000178 
2885184 convolutionTexture 1 307 38 0.842000 0.540000  0.000097 0.000098 0.000281 0.000516 0.000345 0.000174 
2885184 convolutionTexture 1 307 38 0.842000 0.695000  0.000108 0.000097 0.000278 0.000525 0.000343 0.000173 
2885248 convolutionTexture 1 307 38 0.842000 0.695000  0.000413 0.000551 0.001343 0.002710 0.001582 0.000873 
2885248 convolutionTexture 1 307 38 0.842000 0.540000  0.000413 0.000368 0.001010 0.002126 0.001076 0.000567 
2885312 convolutionTexture 1 307 38 0.842000 0.617000  0.000399 0.000362 0.000996 0.001920 0.001069 0.000561 
2885312 convolutionTexture 1 307 38 0.842000 0.617000  0.001352 0.233483 0.537719 0.746246 0.257409 0.120146 
2885376 convolutionTexture 1 307 38 0.842000 0.617000  0.000277 0.000251 0.000688 0.001320 0.000727 0.000387 
2885376 convolutionTexture 1 307 38 0.842000 0.617000  0.000257 0.000232 0.000650 0.001230 0.000662 0.000359 
2885440 convolutionTexture 1 307 38 0.842000 0.617000  0.000325 0.000255 0.000684 0.001370 0.000714 0.000376 
2885440 convolutionTexture 1 307 38 0.842000 0.694000  0.026081 0.012893 0.028450 0.027100 0.013033 0.006479 
2885440 convolutionTexture 1 307 38 0.842000 0.462000  0.000264 0.000232 0.000639 0.001243 0.000688 0.000356 
2885504 convolutionTexture 1 307 38 0.842000 0.540000  0.000327 0.000294 0.000834 0.001746 0.000927 0.000481 
2885504 convolutionTexture 1 307 38 0.842000 0.462000  0.000396 0.000331 0.000917 0.001849 0.000968 0.000502 
2885568 convolutionTexture 1 307 38 0.842000 0.462000  0.039687 0.011869 0.026769 0.039843 0.014504 0.005672 
2885568 convolutionTexture 1 307 38 0.842000 0.539000  0.000031 0.000027 0.001565 0.000989 0.000629 0.000365 
2885632 convolutionTexture 1 307 38 0.842000 0.540000  0.000032 0.000038 0.000093 0.000220 0.000106 0.000059 
2885632 convolutionTexture 1 307 38 0.842000 0.462000  0.001246 0.000544 0.001308 0.002474 0.001186 0.000592 
2885696 convolutionTexture 1 307 38 0.842000 0.617000  0.000034 0.000027 0.000073 0.000143 0.000078 0.000041 
2885696 convolutionTexture 1 307 38 0.842000 0.385000  0.000300 0.000273 0.000762 0.001455 0.000779 0.000421 
2885760 convolutionTexture 1 307 38 0.842000 0.539000  0.000525 0.000387 0.000876 0.001981 0.000936 0.000500 
2885760 convolutionTexture 1 307 38 0.842000 0.385000  0.000283 0.000262 0.000774 0.001643 0.000794 0.000417 
2885824 convolutionTexture 1 307 38 0.842000 0.539000  0.000298 0.000272 0.000752 0.001441 0.000980 0.000488 
2885824 convolutionTexture 1 307 38 0.842000 0.386000  0.000788 0.000452 0.001279 0.003280 0.001379 0.000653 
2885888 convolutionTexture 1 307 38 0.842000 0.617000  0.000283 0.000264 0.000721 0.001804 0.000924 0.000529 
2885888 convolutionTexture 1 307 38 0.842000 0.616000  0.000267 0.000243 0.000698 0.001423 0.000753 0.000394 
2885888 convolutionTexture 1 307 38 0.842000 0.539000  0.000518 0.000306 0.000811 0.001733 0.000880 0.000437 
2885952 convolutionTexture 1 307 38 0.842000 0.540000  0.000277 0.000251 0.000696 0.001383 0.000736 0.000388 
2885952 convolutionTexture 1 307 38 0.842000 0.463000  0.000307 0.000272 0.000749 0.001531 0.000798 0.000402 
2886016 convolutionTexture 1 307 38 0.842000 0.540000  0.084224 0.021668 0.046269 0.086035 0.027669 0.011706 
2886016 convolutionTexture 1 307 38 0.842000 0.617000  0.000290 0.000250 0.000697 0.001451 0.000773 0.000387 
2886080 convolutionTexture 1 307 38 0.842000 0.616000  0.095781 0.024566 0.051411 0.096669 0.031228 0.013089 
2886080 convolutionTexture 1 307 38 0.842000 0.540000  0.000240 0.000223 0.000622 0.001170 0.000641 0.000457 
2886144 convolutionTexture 1 307 38 0.842000 0.539000  0.000617 0.000341 0.001013 0.001954 0.001072 0.000523 
2886144 convolutionTexture 1 307 38 0.842000 0.385000  0.000241 0.000218 0.000606 0.001142 0.000624 0.000336 
2886144 convolutionTexture 1 307 38 0.842000 0.616000  0.000187 0.000167 0.000467 0.000889 0.000480 0.000258 
2886208 convolutionTexture 1 307 38 0.842000 0.540000  0.000293 0.000237 0.000656 0.001351 0.000714 0.000364 
2886208 convolutionTexture 1 307 38 0.842000 0.462000  0.000226 0.000207 0.000575 0.001101 0.000624 0.000329 
2886272 convolutionTexture 1 307 38 0.842000 0.539000  0.000286 0.000230 0.000680 0.001502 0.000738 0.000367 
2886272 convolutionTexture 1 307 38 0.842000 0.694000  0.000230 0.000200 0.000558 0.001090 0.000571 0.000309 
2886336 convolutionTexture 1 307 38 0.842000 0.462000  0.000435 0.000243 0.000645 0.001450 0.000725 0.000361 
2886336 convolutionTexture 1 307 38 0.842000 0.539000  0.000228 0.000207 0.000569 0.001099 0.000595 0.000318 
2886400 convolutionTexture 1 307 38 0.842000 0.539000  0.000217 0.000206 0.000732 0.001415 0.001772 0.000978 
2886400 convolutionTexture 1 307 38 0.842000 0.617000  0.085966 0.029850 0.063701 0.086621 0.033003 0.014955 
2886400 convolutionTexture 1 307 38 0.842000 0.463000  0.000256 0.000210 0.000572 0.001195 0.000639 0.000330 
2886464 convolutionTexture 1 307 38 0.842000 0.539000  0.000241 0.000220 0.000820 0.002128 0.000970 0.000481 
2886464 convolutionTexture 1 307 38 0.842000 0.693000  0.000008 0.000006 0.000018 0.000038 0.000024 0.000011 
2886528 convolutionTexture 1 307 38 0.842000 0.617000  0.000207 0.000186 0.000597 0.001198 0.000600 0.000310 
2886528 convolutionTexture 1 307 38 0.842000 0.692000  0.000213 0.000195 0.000781 0.001600 0.000878 0.000417 
2886592 convolutionTexture 1 307 38 0.842000 0.538000  0.000277 0.000192 0.000547 0.001166 0.000675 0.000341 
2886592 convolutionTexture 1 307 38 0.842000 0.462000  0.000257 0.000207 0.000598 0.001367 0.000665 0.000326 
2886656 convolutionTexture 1 307 38 0.842000 0.461000  0.000198 0.000178 0.000498 0.000942 0.000516 0.000276 
2886656 convolutionTexture 1 307 38 0.842000 0.539000  0.000207 0.000215 0.000586 0.001285 0.000620 0.000310 
2886656 convolutionTexture 1 307 39 0.842000 0.539000  0.000191 0.000174 0.000486 0.000957 0.000496 0.000268 
2886720 convolutionTexture 1 307 39 0.842000 0.617000  0.000196 0.000180 0.000497 0.000955 0.000524 0.000278 
2886720 convolutionTexture 1 307 39 0.842000 0.462000  0.000196 0.000169 0.000473 0.000938 0.000485 0.000261 
2886784 convolutionTexture 1 307 38 0.842000 0.540000  0.000244 0.000188 0.000502 0.000994 0.000541 0.000279 
2886784 convolutionTexture 1 307 38 0.842000 0.539000  0.000178 0.000170 0.000473 0.000914 0.000480 0.000259 
2886784 convolutionTexture 1 307 38 0.842000 0.540000  0.000209 0.000206 0.000532 0.001081 0.000540 0.000280 
2886848 convolutionTexture 1 307 38 0.842000 0.540000  0.000190 0.000174 0.000477 0.000901 0.000503 0.000267 
2886848 convolutionTexture 1 307 38 0.842000 0.616000  0.000176 0.000163 0.000455 0.000871 0.000462 0.000252 
2886912 convolutionTexture 1 307 38 0.842000 0.539000  0.000198 0.000344 0.000805 0.001610 0.000736 0.000358 
2886912 convolutionTexture 1 307 38 0.842000 0.386000  0.000176 0.000175 0.000469 0.000923 0.000487 0.000255 
2886976 convolutionTexture 1 307 38 0.842000 0.539000  0.000187 0.000165 0.000456 0.001198 0.000548 0.000273 
2886976 convolutionTexture 1 307 38 0.842000 0.385000  0.000172 0.000155 0.000435 0.000828 0.000448 0.000241 
2887040 convolutionTexture 1 307 38 0.842000 0.616000  0.000224 0.000172 0.000462 0.000910 0.000495 0.000257 
2887040 convolutionTexture 1 307 38 0.842000 0.385000  0.000167 0.000153 0.000430 0.000813 0.000439 0.000237 
2887040 convolutionTexture 1 307 38 0.842000 0.616000  0.000192 0.000237 0.000572 0.001380 0.000664 0.000363 
2887104 convolutionTexture 1 307 38 0.842000 0.462000  0.000268 0.000172 0.000455 0.000912 0.000472 0.000244 
2887104 convolutionTexture 1 307 38 0.842000 0.694000  0.000221 0.000167 0.000449 0.000876 0.000476 0.000248 
2887168 convolutionTexture 1 307 38 0.842000 0.462000  0.000160 0.000149 0.000417 0.000778 0.000426 0.000231 
2887168 convolutionTexture 1 307 38 0.842000 0.540000  0.037980 0.012390 0.025788 0.038008 0.013941 0.005844 
2887168 convolutionTexture 1 307 38 0.842000 0.540000  0.000158 0.000148 0.000415 0.000780 0.000423 0.000229 
2887232 convolutionTexture 1 307 38 0.842000 0.617000  0.000185 0.000158 0.000431 0.000822 0.000455 0.000241 
2887232 convolutionTexture 1 307 38 0.842000 0.616000  0.000169 0.000154 0.000486 0.001220 0.000587 0.002567 
2887296 convolutionTexture 1 307 38 0.842000 0.539000  0.000165 0.000153 0.000421 0.000799 0.000443 0.000235 
2887296 convolutionTexture 1 307 38 0.842000 0.540000  0.000156 0.000145 0.000402 0.000756 0.000416 0.000223 
2887360 convolutionTexture 1 307 38 0.842000 0.540000  0.000164 0.000150 0.000410 0.000777 0.000439 0.000230 
2887360 convolutionTexture 1 307 38 0.842000 0.617000  0.000150 0.000139 0.000390 0.000737 0.000396 0.000216 
2887424 convolutionTexture 1 307 38 0.842000 0.540000  0.000160 0.000147 0.000403 0.000769 0.000467 0.000238 
2887424 convolutionTexture 1 307 38 0.842000 0.616000  0.000150 0.000138 0.000385 0.000726 0.000393 0.000214 
2887488 convolutionTexture 1 307 38 0.842000 0.617000  0.000161 0.000145 0.000398 0.000773 0.000423 0.000223 
2887488 convolutionTexture 1 307 38 0.842000 0.539000  0.000147 0.000137 0.000381 0.000805 0.000423 0.000220 
2887488 convolutionTexture 1 307 38 0.842000 0.693000  0.000189 0.000154 0.000424 0.000900 0.000468 0.000240 
2887552 convolutionTexture 1 307 38 0.842000 0.386000  0.000151 0.000135 0.000375 0.000749 0.000387 0.000208 
2887552 convolutionTexture 1 307 38 0.842000 0.539000  0.360786 0.119207 0.257245 0.361253 0.134053 0.058616 
2887616 convolutionTexture 1 307 38 0.842000 0.540000  0.000146 0.000134 0.000374 0.000702 0.000384 0.000207 
2887616 convolutionTexture 1 307 38 0.842000 0.616000  0.000168 0.000139 0.000382 0.000756 0.000395 0.000212 
2887680 convolutionTexture 1 307 38 0.842000 0.385000  0.000140 0.000141 0.000385 0.000796 0.000393 0.000207 
2887680 convolutionTexture 1 307 38 0.842000 0.385000  0.000150 0.000136 0.000384 0.000822 0.000413 0.000251 
2887680 convolutionTexture 1 307 38 0.842000 0.539000  0.000145 0.000130 0.000360 0.000691 0.000371 0.000200 
2887744 convolutionTexture 1 307 38 0.842000 0.616000  0.000147 0.000137 0.000376 0.000730 0.000401 0.000210 
2887744 convolutionTexture 1 307 38 0.842000 0.386000  0.000136 0.000127 0.000355 0.000747 0.000389 0.000204 
2887808 convolutionTexture 1 307 38 0.842000 0.693000  0.000358 0.000196 0.000584 0.001140 0.000622 0.000302 
2887808 convolutionTexture 1 307 38 0.842000 0.386000  0.000138 0.000127 0.000352 0.000667 0.000366 0.000195 
2887872 convolutionTexture 1 307 38 0.842000 0.539000  0.000148 0.000132 0.000361 0.000703 0.000381 0.000202 
2887872 convolutionTexture 1 307 38 0.842000 0.539000  0.000158 0.000236 0.000673 0.001252 0.000549 0.000274 
2887936 convolutionTexture 1 307 38 0.842000 0.540000  0.000141 0.000154 0.000401 0.001019 0.000442 0.000218 
2887936 convolutionTexture 1 307 38 0.842000 0.616000  0.000168 0.000141 0.000387 0.000750 0.000395 0.000202 
2887936 convolutionTexture 1 307 38 0.842000 0.539000  0.000145 0.000189 0.000454 0.001120 0.000532 0.000289 
2888000 convolutionTexture 1 307 38 0.842000 0.538000  0.079548 0.027278 0.056588 0.079643 0.029304 0.012312 
2888000 convolutionTexture 1 307 38 0.842000 0.539000  0.000025 0.000023 0.000064 0.000124 0.000068 0.000037 
2888064 convolutionTexture 1 307 38 0.842000 0.539000  0.000133 0.000121 0.000336 0.000633 0.000348 0.000187 
2888064 convolutionTexture 1 307 38 0.842000 0.539000  0.000029 0.000024 0.000065 0.000126 0.000069 0.000036 
2888128 convolutionTexture 1 307 38 0.842000 0.386000  0.000128 0.000118 0.000328 0.000616 0.000336 0.000181 
2888128 convolutionTexture 1 307 38 0.842000 0.693000  0.000393 0.000159 0.000406 0.001060 0.000451 0.000220 
2888192 convolutionTexture 1 307 38 0.842000 0.462000  0.000125 0.000116 0.000324 0.000613 0.000331 0.000179 
2888192 convolutionTexture 1 307 38 0.842000 0.539000  0.000143 0.000127 0.000360 0.000774 0.000389 0.000258 
2888192 convolutionTexture 1 307 38 0.842000 0.540000  0.000128 0.000115 0.000546 0.001367 0.000536 0.000245 
2888256 convolutionTexture 1 307 38 0.842000 0.540000  0.436349 0.148322 0.315575 0.436770 0.162210 0.069669 
2888256 convolutionTexture 1 307 38 0.842000 0.463000  0.000124 0.000114 0.000318 0.000592 0.000324 0.000177 
2888320 convolutionTexture 1 307 38 0.842000 0.540000  0.000123 0.000113 0.000318 0.000598 0.000323 0.000176 
2888320 convolutionTexture 1 307 38 0.842000 0.540000  0.000146 0.000123 0.007744 0.005452 0.003337 0.001486 
2888384 convolutionTexture 1 307 38 0.842000 0.617000  0.000136 0.000128 0.000354 0.000775 0.000364 0.000188 
2888384 convolutionTexture 1 307 38 0.842000 0.540000  0.000128 0.000118 0.000323 0.000613 0.000341 0.000180 
2888384 convolutionTexture 1 307 38 0.842000 0.539000  0.019155 0.006118 0.012970 0.019367 0.007017 0.002996 
2888448 convolutionTexture 1 307 38 0.842000 0.617000  0.000153 0.000124 0.000334 0.000680 0.000363 0.000185 
2888448 convolutionTexture 1 307 38 0.842000 0.385000  0.000164 0.000122 0.000344 0.000738 0.000367 0.000188 
2888512 convolutionTexture 1 307 38 0.842000 0.540000  0.000127 0.000149 0.000396 0.000906 0.000424 0.000205 
2888512 convolutionTexture 1 307 38 0.842000 0.539000  0.000160 0.000122 0.000327 0.000678 0.000338 0.000179 
2888576 convolutionTexture 1 307 38 0.842000 0.540000  0.000125 0.000177 0.000423 0.001047 0.000491 0.000267 
2888576 convolutionTexture 1 307 38 0.842000 0.617000  118.238258 67.525314 144.101883 118.261864 52.359867 20.229397 
2888640 convolutionTexture 1 307 38 0.842000 0.693000  0.000143 0.000120 0.000332 0.000683 0.000369 0.000187 
2888640 convolutionTexture 1 307 38 0.842000 0.539000  0.000125 0.000113 0.000310 0.000608 0.000327 0.000173 
2888640 convolutionTexture 1 307 38 0.842000 0.540000  0.033167 0.013029 0.026273 0.033192 0.012600 0.004857 
2888704 convolutionTexture 1 307 38 0.842000 0.539000  0.000025 0.000023 0.000062 0.000120 0.000066 0.000035 
2888704 convolutionTexture 1 307 38 0.842000 0.616000  0.000115 0.000106 0.000296 0.000558 0.000303 0.000164 
2888768 convolutionTexture 1 307 38 0.842000 0.540000  0.000126 0.000237 0.000534 0.001464 0.000633 0.000283 
2888768 convolutionTexture 1 307 38 0.842000 0.539000  0.000164 0.000114 0.000309 0.000612 0.000316 0.000166 
2888832 convolutionTexture 1 307 38 0.842000 0.617000  0.000146 0.000117 0.000322 0.000661 0.000349 0.000180 
2888832 convolutionTexture 1 307 38 0.842000 0.540000  0.000112 0.000104 0.000290 0.000542 0.000296 0.000160 
2888832 convolutionTexture 1 307 38 0.842000 0.693000  0.003716 0.001978 0.005850 0.011602 0.006347 0.003047 
2888896 convolutionTexture 1 307 38 0.842000 0.539000  0.000108 0.000102 0.000291 0.000574 0.000297 0.000159 
2888896 convolutionTexture 1 307 38 0.842000 0.540000  0.001328 0.001175 0.003244 0.006327 0.003481 0.001806 
2888960 convolutionTexture 1 307 38 0.842000 0.462000  0.000205 0.000116 0.000303 0.000625 0.000313 0.000162 
2888960 convolutionTexture 1 307 38 0.842000 0.540000  0.000114 0.000105 0.000289 0.000559 0.000303 0.000161 
2889024 convolutionTexture 1 307 38 0.842000 0.539000  0.000156 0.000135 0.000349 0.000764 0.000349 0.000174 
2889024 convolutionTexture 1 307 38 0.842000 0.540000  0.000136 0.000109 0.000298 0.000646 0.000333 0.000172 
2889024 convolutionTexture 1 307 38 0.842000 0.540000  0.000133 0.000109 0.000290 0.000565 0.000298 0.000157 
2889088 convolutionTexture 1 307 38 0.842000 0.539000  0.000106 0.000098 0.000273 0.000514 0.000279 0.000151 
2889088 convolutionTexture 1 307 38 0.842000 0.617000  0.000115 0.000105 0.000289 0.000599 0.000327 0.000167 
2889152 convolutionTexture 1 307 38 0.842000 0.616000  0.000133 0.000109 0.000303 0.000631 0.000333 0.000169 
2889152 convolutionTexture 1 307 38 0.842000 0.540000  0.000126 0.000102 0.000280 0.000553 0.000284 0.000152 
2889216 convolutionTexture 1 307 38 0.842000 0.616000  0.000114 0.000102 0.000279 0.000539 0.000296 0.000161 
2889216 convolutionTexture 1 307 38 0.842000 0.539000  0.000131 0.000112 0.000303 0.000596 0.000320 0.000165 
2889216 convolutionTexture 1 307 38 0.842000 0.616000  0.000121 0.000101 0.000283 0.000566 0.000295 0.000156 
2889280 convolutionTexture 1 307 38 0.842000 0.540000  0.000132 0.000106 0.000297 0.000603 0.000310 0.000159 
2889280 convolutionTexture 1 307 38 0.842000 0.462000  0.000100 0.000094 0.000263 0.000498 0.000269 0.000146 
2889344 convolutionTexture 1 307 38 0.842000 0.540000  0.000114 0.000102 0.000287 0.000580 0.000309 0.000161 
2889344 convolutionTexture 1 307 38 0.842000 0.540000  0.000099 0.000092 0.000274 0.000537 0.000277 0.000146 
2889408 convolutionTexture 1 307 38 0.842000 0.539000  0.000126 0.000100 0.000270 0.000535 0.000287 0.000151 
2889408 convolutionTexture 1 307 38 0.842000 0.386000  0.000099 0.000092 0.000256 0.000488 0.000264 0.000142 
2889408 convolutionTexture 1 307 38 0.842000 0.539000  0.000126 0.000101 0.000296 0.000652 0.000316 0.000159 
2889472 convolutionTexture 1 307 38 0.842000 0.617000  0.000098 0.000091 0.000254 0.000480 0.000260 0.000140 
2889472 convolutionTexture 1 307 38 0.842000 0.539000  0.000104 0.000095 0.000270 0.000539 0.000290 0.000152 
2889536 convolutionTexture 1 307 38 0.842000 0.463000  0.000107 0.000090 0.000252 0.000485 0.000293 0.000149 
2889536 convolutionTexture 1 307 38 0.842000 0.617000  0.000114 0.000096 0.000455 0.000953 0.000441 0.000209 
2889600 convolutionTexture 1 307 38 0.842000 0.540000  0.000100 0.000090 0.000251 0.000479 0.000256 0.000140 
2889600 convolutionTexture 1 307 38 0.842000 0.540000  0.000126 0.000100 0.000267 0.000531 0.000287 0.000159 
2889600 convolutionTexture 1 307 38 0.842000 0.385000  0.000097 0.000089 0.000248 0.000475 0.000253 0.000137 
2889664 convolutionTexture 1 307 38 0.842000 0.539000  0.000103 0.000094 0.000258 0.000498 0.000272 0.000144 
2889664 convolutionTexture 1 307 38 0.842000 0.386000  0.000097 0.000088 0.000246 0.000475 0.000253 0.000137 
2889728 convolutionTexture 1 307 38 0.842000 0.539000  0.000124 0.000103 0.000280 0.000595 0.000308 0.000155 
2889728 convolutionTexture 1 307 38 0.842000 0.385000  0.000099 0.000088 0.000245 0.000466 0.000254 0.000136 
2889728 convolutionTexture 1 307 38 0.842000 0.539000  0.000117 0.000095 0.000294 0.000719 0.000328 0.000160 
2889792 convolutionTexture 1 307 38 0.842000 0.540000  0.000095 0.000086 0.000242 0.000519 0.000265 0.000139 
2889792 convolutionTexture 1 307 38 0.842000 0.617000  0.000101 0.000091 0.000251 0.000479 0.000267 0.000140 
2889856 convolutionTexture 1 307 38 0.842000 0.385000  0.000093 0.000086 0.000240 0.000450 0.000244 0.000133 
2889856 convolutionTexture 1 307 38 0.842000 0.539000  0.000369 0.000139 0.000345 0.000829 0.000368 0.000173 
2889920 convolutionTexture 1 307 38 0.842000 0.540000  0.000108 0.000090 0.000247 0.000535 0.000262 0.000140 
2889920 convolutionTexture 1 307 38 0.842000 0.540000  0.000100 0.000090 0.000317 0.000663 0.000383 0.000184 
2889984 convolutionTexture 1 307 38 0.842000 0.616000  0.659599 0.382394 0.763175 0.659845 0.304977 0.108479 
2889984 convolutionTexture 1 307 38 0.842000 0.539000  0.000117 0.000071 0.000189 0.000409 0.000206 0.000103 
2889984 convolutionTexture 1 307 38 0.842000 0.539000  0.000061 0.000057 0.000158 0.000298 0.000161 0.000088 
2890048 convolutionTexture 1 307 38 0.842000 0.540000  0.000085 0.000065 0.000174 0.000372 0.000194 0.000099 
2890048 convolutionTexture 1 307 38 0.842000 0.539000  0.000061 0.000056 0.000157 0.000301 0.000162 0.000087 
2890112 convolutionTexture 1 307 38 0.842000 0.539000  0.000186 0.000100 0.000270 0.000617 0.000303 0.000149 
2890112 convolutionTexture 1 307 38 0.842000 0.617000  0.000120 0.000098 0.000259 0.000554 0.000287 0.000148 
2890112 convolutionTexture 1 307 38 0.842000 0.539000  0.000117 0.000097 0.000267 0.000541 0.000276 0.000141 
2890176 convolutionTexture 1 307 38 0.842000 0.617000  0.000097 0.000087 0.000241 0.000478 0.000257 0.000135 
2890176 convolutionTexture 1 307 38 0.842000 0.540000  0.000107 0.000085 0.000236 0.000458 0.000242 0.000129 
2890240 convolutionTexture 1 307 38 0.842000 0.616000  0.000120 0.000093 0.000254 0.000529 0.000264 0.000140 
2890240 convolutionTexture 1 307 38 0.842000 0.539000  0.000095 0.000087 0.000240 0.000457 0.000252 0.000134 
2890304 convolutionTexture 1 307 38 0.842000 0.540000  0.000092 0.000089 0.000258 0.000535 0.000265 0.000138 
2890304 convolutionTexture 1 307 38 0.842000 0.540000  0.000121 0.000093 0.000252 0.000536 0.000286 0.000141 
2890304 convolutionTexture 1 307 38 0.842000 0.617000  0.000109 0.000086 0.000246 0.000543 0.000265 0.000137 
2890368 convolutionTexture 1 307 38 0.842000 0.540000  0.000113 0.000092 0.000250 0.000526 0.000276 0.000142 
2890368 convolutionTexture 1 307 38 0.842000 0.616000  0.000088 0.000081 0.000226 0.000426 0.000232 0.000125 
2890432 convolutionTexture 1 307 38 0.842000 0.539000  0.000109 0.000087 0.000245 0.000522 0.000271 0.000140 
2890432 convolutionTexture 1 307 38 0.842000 0.385000  0.000091 0.000087 0.000237 0.000511 0.000243 0.000128 
2890496 convolutionTexture 1 307 38 0.842000 0.539000  0.000094 0.000085 0.000233 0.000448 0.000247 0.000131 
2890496 convolutionTexture 1 307 38 0.842000 0.462000  0.000089 0.000080 0.000223 0.000432 0.000230 0.000123 
2890560 convolutionTexture 1 307 38 0.842000 0.540000  0.000112 0.000137 0.000348 0.000687 0.000319 0.000178 
2890560 convolutionTexture 1 307 38 0.842000 0.385000  0.000085 0.000079 0.000221 0.000415 0.000225 0.000122 
2890560 convolutionTexture 1 307 38 0.842000 0.616000  0.000268 0.000242 0.000863 0.001757 0.001002 0.000491 
2890624 convolutionTexture 1 307 38 0.842000 0.540000  0.000055 0.000050 0.000140 0.000277 0.000142 0.000077 
2890624 convolutionTexture 1 307 38 0.842000 0.617000  0.000251 0.000251 0.000699 0.001523 0.000780 0.000393 
2890688 convolutionTexture 1 307 38 0.842000 0.539000  0.000244 0.000458 0.001018 0.002475 0.000994 0.000461 
2890688 convolutionTexture 1 307 38 0.842000 0.540000  0.000238 0.000226 0.000808 0.001526 0.000788 0.000460 
2890752 convolutionTexture 1 307 38 0.842000 0.539000  0.000057 0.000053 0.000144 0.000276 0.000154 0.000081 
2890752 convolutionTexture 1 307 38 0.842000 0.540000  0.000063 0.000054 0.000146 0.000280 0.000153 0.000081 
2890816 convolutionTexture 1 307 38 0.842000 0.539000  0.000055 0.000049 0.000138 0.000260 0.000140 0.000076 
2890816 convolutionTexture 1 307 38 0.842000 0.540000  0.000100 0.000081 0.000220 0.000450 0.000244 0.000125 
2890816 convolutionTexture 1 307 38 0.842000 0.617000  0.000093 0.000076 0.000215 0.000428 0.000220 0.000116 
2890880 convolutionTexture 1 307 38 0.842000 0.540000  0.000082 0.000076 0.000207 0.000534 0.000274 0.000153 
2890880 convolutionTexture 1 307 38 0.842000 0.617000  0.000077 0.000071 0.000197 0.000375 0.000213 0.000114 
2890944 convolutionTexture 1 307 38 0.842000 0.539000  0.000091 0.000077 0.000214 0.000438 0.000239 0.000123 
2890944 convolutionTexture 1 307 38 0.842000 0.539000  0.000076 0.000072 0.000200 0.000386 0.000203 0.000109 
2891008 convolutionTexture 1 307 38 0.842000 0.539000  0.000247 0.000216 0.000583 0.001201 0.000636 0.000325 
2891008 convolutionTexture 1 307 38 0.842000 0.617000  0.000089 0.000074 0.000221 0.000477 0.000223 0.000115 
2891072 convolutionTexture 1 307 38 0.842000 0.540000  0.000078 0.000107 0.000260 0.000600 0.000326 0.000158 
2891072 convolutionTexture 1 307 38 0.842000 0.539000  0.000086 0.000077 0.000212 0.000436 0.000231 0.000120 
2891136 convolutionTexture 1 307 38 0.842000 0.539000  0.000078 0.000069 0.000196 0.000788 0.000312 0.000142 
2891136 convolutionTexture 1 307 38 0.842000 0.540000  0.166527 0.101046 0.198359 0.166609 0.077467 0.026529 
2891136 convolutionTexture 1 307 38 0.842000 0.462000  0.000020 0.000018 0.000050 0.000095 0.000052 0.000028 
2891200 convolutionTexture 1 307 38 0.842000 0.540000  0.000092 0.000076 0.000214 0.000441 0.000231 0.000119 
2891200 convolutionTexture 1 307 38 0.842000 0.539000  0.000075 0.000069 0.000191 0.000364 0.000195 0.000106 
2891264 convolutionTexture 1 307 38 0.842000 0.616000  0.000262 0.000104 0.000260 0.000624 0.000278 0.000133 
2891264 convolutionTexture 1 307 38 0.842000 0.693000  0.000073 0.000068 0.000189 0.000358 0.000194 0.000105 
2891328 convolutionTexture 1 307 38 0.842000 0.616000  0.000095 0.000090 0.000237 0.000568 0.000254 0.000124 
2891328 convolutionTexture 1 307 38 0.842000 0.617000  0.000076 0.000067 0.000188 0.000362 0.000193 0.000105 
2891392 convolutionTexture 1 307 38 0.842000 0.540000  0.000237 0.000101 0.000257 0.000598 0.000270 0.000130 
2891392 convolutionTexture 1 307 38 0.842000 0.462000  0.000073 0.000067 0.000187 0.000358 0.000191 0.000104 
2891456 convolutionTexture 1 307 38 0.842000 0.616000  0.000091 0.000073 0.000196 0.000387 0.000232 0.000117 
2891456 convolutionTexture 1 307 38 0.842000 0.617000  0.000083 0.000070 0.000196 0.000396 0.000203 0.000108 
2891456 convolutionTexture 1 307 38 0.842000 0.540000  0.000077 0.000070 0.000192 0.000367 0.000203 0.000107 
2891520 convolutionTexture 1 307 38 0.842000 0.616000  0.000096 0.000076 0.000211 0.000426 0.000207 0.000109 
2891520 convolutionTexture 1 307 38 0.842000 0.539000  0.000075 0.000069 0.000190 0.000494 0.000247 0.000124 
2891584 convolutionTexture 1 307 38 0.842000 0.540000  0.332605 0.280860 0.544369 0.333219 0.187515 0.057334 
2891584 convolutionTexture 1 307 38 0.842000 0.540000  0.000075 0.000069 0.000189 0.000360 0.000199 0.000106 
2891648 convolutionTexture 1 307 38 0.842000 0.617000  0.000070 0.000066 0.000188 0.000375 0.000197 0.000105 
2891648 convolutionTexture 1 307 38 0.842000 0.539000  0.000075 0.000069 0.000187 0.000358 0.000199 0.000105 
2891648 convolutionTexture 1 307 38 0.842000 0.616000  0.000083 0.000068 0.000194 0.000411 0.000205 0.000108 
2891712 convolutionTexture 1 307 38 0.842000 0.539000  0.000076 0.000068 0.000186 0.000365 0.000198 0.000104 
2891712 convolutionTexture 1 307 38 0.842000 0.385000  0.000071 0.000064 0.000178 0.000343 0.000183 0.000099 
2891776 convolutionTexture 1 307 38 0.842000 0.540000  0.000074 0.000067 0.000185 0.000355 0.000195 0.000107 
2891776 convolutionTexture 1 307 38 0.842000 0.463000  0.000068 0.000063 0.000177 0.000332 0.000180 0.000098 
2891776 convolutionTexture 1 307 38 0.842000 0.539000  0.000084 0.000069 0.000187 0.000370 0.000198 0.000104 
2891840 convolutionTexture 1 307 38 0.842000 0.540000  0.000086 0.000071 0.000198 0.000410 0.000220 0.000112 
2891840 convolutionTexture 1 307 38 0.842000 0.617000  0.000079 0.000065 0.000186 0.000362 0.000191 0.000102 
2891904 convolutionTexture 1 307 38 0.842000 0.540000  0.000072 0.000066 0.000182 0.000345 0.000191 0.000102 
2891904 convolutionTexture 1 307 38 0.842000 0.694000  0.000068 0.000062 0.000184 0.000391 0.000187 0.000099 
2891968 convolutionTexture 1 307 38 0.842000 0.540000  0.000087 0.000068 0.000185 0.000362 0.000196 0.000102 
2891968 convolutionTexture 1 307 38 0.842000 0.386000  0.000068 0.000062 0.000173 0.000324 0.000176 0.000096 
2891968 convolutionTexture 1 307 38 0.842000 0.617000  0.000070 0.000065 0.000180 0.000343 0.000188 0.000100 
2892032 convolutionTexture 1 307 38 0.842000 0.540000  0.000068 0.000062 0.000172 0.000326 0.000178 0.000096 
2892032 convolutionTexture 1 307 38 0.842000 0.540000  0.000067 0.000062 0.000183 0.000361 0.000186 0.000098 
2892096 convolutionTexture 1 307 38 0.842000 0.616000  0.037628 0.010835 0.022493 0.037700 0.012632 0.005329 
2892096 convolutionTexture 1 307 38 0.842000 0.617000  0.000021 0.000019 0.000052 0.000104 0.000057 0.000029 
2892160 convolutionTexture 1 307 38 0.842000 0.540000  0.000019 0.000017 0.000048 0.000090 0.000050 0.000027 
2892160 convolutionTexture 1 307 38 0.842000 0.616000  0.000020 0.000018 0.000050 0.000097 0.000053 0.000032 
2892160 convolutionTexture 1 307 38 0.842000 0.539000  0.000022 0.000025 0.001243 0.000789 0.000497 0.000287 
2892224 convolutionTexture 1 307 38 0.842000 0.616000  0.000026 0.000020 0.000053 0.000133 0.000063 0.000031 
2892224 convolutionTexture 1 307 38 0.842000 0.616000  0.000019 0.000017 0.000048 0.000093 0.000049 0.000026 
2892288 convolutionTexture 1 307 38 0.842000 0.539000  0.000020 0.000018 0.000064 0.000127 0.000075 0.000036 
2892288 convolutionTexture 1 307 38 0.842000 0.385000  0.000031 0.000022 0.000068 0.000158 0.000094 0.000051 
2892352 convolutionTexture 1 307 38 0.842000 0.540000  0.000121 0.000105 0.000292 0.000600 0.000308 0.000157 
2892352 convolutionTexture 1 307 38 0.842000 0.616000  0.000105 0.000098 0.000271 0.000526 0.000295 0.000154 
2892416 convolutionTexture 1 307 38 0.842000 0.540000  0.004779 0.001146 0.002264 0.004798 0.001447 0.000581 
2892416 convolutionTexture 1 307 38 0.842000 0.617000  0.000020 0.000026 0.000063 0.000149 0.000074 0.000036 
2892480 convolutionTexture 1 307 38 0.842000 0.462000  0.000033 0.000019 0.000051 0.000106 0.000053 0.000027 
2892480 convolutionTexture 1 307 38 0.842000 0.617000  0.000024 0.000019 0.000052 0.000110 0.000057 0.000030 
2892544 convolutionTexture 1 307 38 0.842000 0.385000  0.000018 0.000017 0.000047 0.000090 0.000048 0.000026 
2892544 convolutionTexture 1 307 38 0.842000 0.539000  0.000081 0.000114 0.000271 0.000578 0.000253 0.000127 
2892544 convolutionTexture 1 307 38 0.842000 0.386000  0.000072 0.000061 0.000171 0.000348 0.000173 0.000094 
2892608 convolutionTexture 1 307 38 0.842000 0.540000  0.000106 0.000142 0.000349 0.001486 0.000710 0.000315 
2892608 convolutionTexture 1 307 38 0.842000 0.463000  0.000102 0.000093 0.000258 0.000496 0.000264 0.000143 
2892672 convolutionTexture 1 307 38 0.842000 0.539000  0.000108 0.000098 0.000272 0.000543 0.000296 0.000155 
2892672 convolutionTexture 1 307 38 0.842000 0.539000  0.000390 0.000175 0.000421 0.000785 0.000374 0.000189 
2892736 convolutionTexture 1 307 38 0.842000 0.539000  0.013718 0.007223 0.014459 0.013792 0.006163 0.002333 
2892736 convolutionTexture 1 307 38 0.842000 0.385000  0.000018 0.000017 0.000046 0.000089 0.000048 0.000026 
2892736 convolutionTexture 1 307 38 0.842000 0.539000  0.000071 0.000063 0.000176 0.000361 0.000196 0.000099 
2892800 convolutionTexture 1 307 38 0.842000 0.540000  0.000090 0.000062 0.000170 0.000333 0.000171 0.000091 
2892800 convolutionTexture 1 307 38 0.842000 0.539000  0.000071 0.000062 0.000172 0.000342 0.000182 0.000095 
2892864 convolutionTexture 1 307 38 0.842000 0.539000  0.000075 0.000065 0.000175 0.000361 0.000191 0.000099 
2892864 convolutionTexture 1 307 38 0.842000 0.540000  0.000067 0.000061 0.000166 0.000319 0.000175 0.000093 
2892928 convolutionTexture 1 307 38 0.842000 0.540000  0.000062 0.000057 0.000160 0.000298 0.000164 0.000088 
2892928 convolutionTexture 1 307 38 0.842000 0.539000  0.000062 0.000057 0.000159 0.000302 0.000161 0.000088 
2892928 convolutionTexture 1 307 38 0.842000 0.540000  0.000075 0.000065 0.000176 0.000364 0.000195 0.000100 
2892992 convolutionTexture 1 307 38 0.842000 0.617000  0.000071 0.000059 0.000167 0.000344 0.000172 0.000092 
2892992 convolutionTexture 1 307 38 0.842000 0.539000  0.000074 0.000065 0.000178 0.000369 0.000218 0.000110 
2893056 convolutionTexture 1 307 38 0.842000 0.540000  0.000082 0.000063 0.000176 0.000377 0.000184 0.000096 
2893056 convolutionTexture 1 307 38 0.842000 0.540000  0.000065 0.000059 0.000211 0.000417 0.000249 0.000121 
2893120 convolutionTexture 1 307 38 0.842000 0.617000  0.000060 0.000056 0.000156 0.000368 0.000173 0.000091 
2893120 convolutionTexture 1 307 38 0.842000 0.540000  0.022207 0.014275 0.027940 0.022282 0.010785 0.003659 
2893120 convolutionTexture 1 307 38 0.842000 0.385000  0.000062 0.000056 0.000156 0.000299 0.000162 0.000086 
2893184 convolutionTexture 1 307 38 0.842000 0.540000  0.000080 0.000062 0.000166 0.000328 0.000177 0.000092 
2893184 convolutionTexture 1 307 38 0.842000 0.463000  0.000061 0.000055 0.000155 0.000291 0.000158 0.000086 
2893248 convolutionTexture 1 307 38 0.842000 0.617000  0.000079 0.000061 0.000165 0.000322 0.000174 0.000091 
2893248 convolutionTexture 1 307 38 0.842000 0.385000  0.000060 0.000055 0.000235 0.000554 0.000226 0.000107 
2893312 convolutionTexture 1 307 38 0.842000 0.463000  0.000075 0.000067 0.000185 0.000399 0.000193 0.000098 
2893312 convolutionTexture 1 307 38 0.842000 0.463000  0.000060 0.000055 0.000153 0.000289 0.000157 0.000085 
2893312 convolutionTexture 1 307 38 0.842000 0.616000  0.000064 0.000085 0.000205 0.000502 0.000242 0.000130 
2893376 convolutionTexture 1 307 38 0.842000 0.616000  0.000101 0.000092 0.000255 0.000490 0.000264 0.000142 
2893376 convolutionTexture 1 307 38 0.842000 0.540000  0.000063 0.000058 0.000207 0.000413 0.000207 0.000105 
2893440 convolutionTexture 1 307 38 0.842000 0.616000  0.000059 0.000054 0.000151 0.000287 0.000155 0.000084 
2893440 convolutionTexture 1 307 38 0.842000 0.539000  0.000061 0.000057 0.000157 0.000302 0.000165 0.000087 
2893504 convolutionTexture 1 307 38 0.842000 0.385000  0.000059 0.000054 0.000151 0.000284 0.000154 0.000083 
2893504 convolutionTexture 1 307 38 0.842000 0.540000  0.000067 0.000063 0.000165 0.000354 0.000174 0.000089 
2893504 convolutionTexture 1 307 38 0.842000 0.616000  0.000058 0.000053 0.000150 0.000282 0.000153 0.000083 
2893568 convolutionTexture 1 307 38 0.842000 0.617000  0.000065 0.000083 0.000201 0.000485 0.000233 0.000128 
2893568 convolutionTexture 1 307 38 0.842000 0.539000  0.325738 0.236428 0.465301 0.325776 0.169717 0.055955 
2893632 convolutionTexture 1 307 38 0.842000 0.540000  0.000040 0.000035 0.000097 0.000191 0.000102 0.000063 
2893632 convolutionTexture 1 307 38 0.842000 0.462000  0.000063 0.000054 0.000149 0.000287 0.000154 0.000083 
2893696 convolutionTexture 1 307 38 0.842000 0.540000  0.000062 0.000056 0.000163 0.000446 0.000212 0.000103 
2893696 convolutionTexture 1 307 38 0.842000 0.462000  0.000059 0.000053 0.000148 0.000283 0.000152 0.000082 
2893760 convolutionTexture 1 307 38 0.842000 0.540000  0.000063 0.000055 0.000153 0.000299 0.000161 0.000085 
2893760 convolutionTexture 1 307 38 0.842000 0.539000  0.000057 0.000052 0.000147 0.000280 0.000152 0.000082 
2893760 convolutionTexture 1 307 38 0.842000 0.540000  0.000060 0.000055 0.000152 0.000295 0.000159 0.000085 
2893824 convolutionTexture 1 307 38 0.842000 0.539000  0.000066 0.000057 0.000155 0.189403 0.077643 0.027938 
2893824 convolutionTexture 1 307 38 0.842000 0.616000  0.000079 0.000061 0.000166 0.000366 0.000186 0.000094 
2893888 convolutionTexture 1 307 38 0.842000 0.462000  0.000069 0.000060 0.000160 0.000323 0.000166 0.000085 
2893888 convolutionTexture 1 307 38 0.842000 0.617000  0.000071 0.000054 0.000148 0.000300 0.000152 0.000082 
2893952 convolutionTexture 1 307 38 0.842000 0.540000  0.000076 0.000058 0.000160 0.000342 0.000179 0.000091 
2893952 convolutionTexture 1 307 38 0.842000 0.539000  0.000066 0.000055 0.000156 0.000313 0.000166 0.000086 
2894016 convolutionTexture 1 307 38 0.842000 0.539000  0.000096 0.000063 0.000168 0.000367 0.000186 0.000093 
2894016 convolutionTexture 1 307 38 0.842000 0.617000  0.000058 0.000054 0.000149 0.000310 0.000156 0.000085 
2894016 convolutionTexture 1 307 38 0.842000 0.540000  0.000060 0.000080 0.000192 0.000471 0.000225 0.000122 
2894080 convolutionTexture 1 307 38 0.842000 0.540000  0.000056 0.000051 0.000143 0.000268 0.000146 0.000079 
2894080 convolutionTexture 1 307 38 0.842000 0.617000  0.000060 0.000054 0.000148 0.000289 0.000156 0.000083 
2894144 convolutionTexture 1 307 38 0.842000 0.539000  0.000055 0.000051 0.000142 0.000268 0.000145 0.000079 
2894144 convolutionTexture 1 307 38 0.842000 0.539000  0.000056 0.000052 0.000147 0.000294 0.000155 0.000082 
2894208 convolutionTexture 1 307 38 0.842000 0.616000  0.000059 0.000053 0.000147 0.000280 0.000154 0.000082 
2894208 convolutionTexture 1 307 38 0.842000 0.617000  0.000056 0.000050 0.000141 0.000269 0.000146 0.000078 
2894208 convolutionTexture 1 307 38 0.842000 0.694000  0.115892 0.035784 0.077491 0.116256 0.041275 0.018084 
2894272 convolutionTexture 1 307 38 0.842000 0.616000  0.000056 0.000050 0.000140 0.000270 0.000144 0.000077 
2894272 convolutionTexture 1 307 38 0.842000 0.539000  0.000060 0.000053 0.000145 0.000288 0.000154 0.000081 
2894336 convolutionTexture 1 307 38 0.842000 0.539000  0.126074 0.040515 0.087688 0.126168 0.045917 0.020337 
2894336 convolutionTexture 1 307 38 0.842000 0.617000  0.000087 0.000080 0.000223 0.000425 0.000229 0.000123 
2894400 convolutionTexture 1 307 38 0.842000 0.539000  0.000058 0.000053 0.000145 0.000279 0.000153 0.000081 
2894400 convolutionTexture 1 307 38 0.842000 0.617000  0.000073 0.000056 0.000159 0.000342 0.000161 0.000084 
2894400 convolutionTexture 1 307 38 0.842000 0.539000  0.000058 0.000058 0.000159 0.000348 0.000178 0.000089 
2894464 convolutionTexture 1 307 38 0.842000 0.616000  0.000054 0.000051 0.000143 0.000287 0.000149 0.000079 
2894464 convolutionTexture 1 307 38 0.842000 0.540000  0.000279 0.000113 0.000287 0.000506 0.000228 0.000115 
2894528 convolutionTexture 1 307 38 0.842000 0.616000  0.000062 0.000052 0.000146 0.000295 0.000150 0.000080 
2894528 convolutionTexture 1 307 38 0.842000 0.540000  0.000021 0.000017 0.000046 0.000098 0.000052 0.000026 
2894592 convolutionTexture 1 307 38 0.842000 0.540000  0.000052 0.000051 0.000142 0.000273 0.000150 0.000079 
2894592 convolutionTexture 1 307 38 0.842000 0.539000  0.000073 0.000054 0.000150 0.000324 0.000171 0.000086 
2894656 convolutionTexture 1 307 38 0.842000 0.540000  0.000062 0.000050 0.000138 0.000286 0.000237 0.000107 
2894656 convolutionTexture 1 307 38 0.842000 0.616000  0.000097 0.000079 0.000222 0.000461 0.000243 0.000125 
2894656 convolutionTexture 1 307 38 0.842000 0.617000  0.000080 0.000073 0.000206 0.000388 0.000210 0.000114 
2894720 convolutionTexture 1 307 38 0.842000 0.540000  0.000085 0.000113 0.000275 0.000556 0.000317 0.000156 
2894720 convolutionTexture 1 307 38 0.842000 0.694000  0.000060 0.000051 0.000142 0.000287 0.000149 0.000078 
2894784 convolutionTexture 1 307 38 0.842000 0.540000  0.000069 0.000052 0.000145 0.000301 0.000159 0.000081 
2894784 convolutionTexture 1 307 38 0.842000 0.616000  0.000051 0.000050 0.000138 0.000284 0.000143 0.000076 
2894848 convolutionTexture 1 307 38 0.842000 0.617000  0.000056 0.000050 0.000138 0.000351 0.000178 0.000101 
2894848 convolutionTexture 1 307 38 0.842000 0.617000  0.000060 0.000050 0.000140 0.000282 0.000146 0.000077 
2894848 convolutionTexture 1 307 38 0.842000 0.463000  0.000065 0.000053 0.000142 0.000308 0.000159 0.000081 
2894912 convolutionTexture 1 307 38 0.842000 0.463000  0.000052 0.000047 0.000131 0.000264 0.000138 0.000074 
2894912 convolutionTexture 1 307 38 0.842000 0.617000  0.000304 0.000146 0.000444 0.000892 0.000373 0.000179 
2894976 convolutionTexture 1 307 38 0.842000 0.617000  0.000052 0.000047 0.000130 0.000269 0.000176 0.000087 
2894976 convolutionTexture 1 307 38 0.842000 0.540000  0.000149 0.000079 0.000252 0.000499 0.000244 0.000128 
2895040 convolutionTexture 1 307 38 0.842000 0.463000  0.000081 0.000052 0.000139 0.000282 0.000141 0.000074 
2895040 convolutionTexture 1 307 38 0.842000 0.617000  0.000069 0.000074 0.000177 0.000451 0.000206 0.000111 
2895104 convolutionTexture 1 307 38 0.842000 0.463000  0.000051 0.000051 0.000137 0.000273 0.000140 0.000074 
2895104 convolutionTexture 1 307 38 0.842000 0.540000  0.000055 0.000049 0.000134 0.000266 0.000143 0.000075 
2895168 convolutionTexture 1 307 38 0.842000 0.463000  0.000051 0.000046 0.000129 0.000245 0.000133 0.000072 
2895168 convolutionTexture 1 307 38 0.842000 0.616000  0.000050 0.000046 0.000128 0.000245 0.000132 0.000071 
2895168 convolutionTexture 1 307 38 0.842000 0.616000  0.000053 0.000048 0.000133 0.000253 0.000140 0.000074 
2895232 convolutionTexture 1 307 38 0.842000 0.617000  0.000066 0.000051 0.000140 0.000285 0.000143 0.000075 
2895232 convolutionTexture 1 307 38 0.842000 0.540000  0.000067 0.000052 0.000141 0.000294 0.000154 0.000084 
2895296 convolutionTexture 1 307 38 0.842000 0.617000  0.000050 0.000048 0.000148 0.000305 0.000152 0.000077 
2895296 convolutionTexture 1 307 38 0.842000 0.540000  0.000030 0.000040 0.000097 0.000235 0.000113 0.000061 
2895360 convolutionTexture 1 307 38 0.842000 0.616000  0.000057 0.000048 0.000134 0.000272 0.000139 0.000074 
2895360 convolutionTexture 1 307 38 0.842000 0.617000  0.000380 0.000282 0.000581 0.001047 0.000471 0.000217 
2895360 convolutionTexture 1 307 38 0.842000 0.617000  0.000058 0.000048 0.000133 0.000271 0.000138 0.000073 
2895424 convolutionTexture 1 307 38 0.842000 0.540000  0.000064 0.000050 0.000139 0.000291 0.000153 0.000078 
2895424 convolutionTexture 1 307 38 0.842000 0.617000  0.000049 0.000045 0.000159 0.000402 0.000171 0.000094 
2895488 convolutionTexture 1 307 38 0.842000 0.539000  0.004165 0.001668 0.003630 0.004293 0.001839 0.000880 
2895488 convolutionTexture 1 307 38 0.842000 0.616000  0.000030 0.000026 0.000091 0.000206 0.000090 0.000045 
2895552 convolutionTexture 1 307 38 0.842000 0.540000  0.000060 0.000051 0.000147 0.000336 0.000166 0.000082 
2895552 convolutionTexture 1 307 38 0.842000 0.462000  0.000050 0.000046 0.000129 0.000261 0.000135 0.000072 
2895616 convolutionTexture 1 307 38 0.842000 0.540000  0.000030 0.000027 0.000097 0.000191 0.000096 0.000055 
2895616 convolutionTexture 1 307 38 0.842000 0.617000  0.000057 0.000048 0.000140 0.000288 0.000143 0.000074 
2895616 convolutionTexture 1 307 38 0.842000 0.617000  0.000055 0.000047 0.000129 0.000262 0.000143 0.000075 
2895680 convolutionTexture 1 307 38 0.842000 0.463000  0.000049 0.000044 0.000123 0.000236 0.000126 0.000068 
2895680 convolutionTexture 1 307 38 0.842000 0.540000  0.000059 0.000050 0.000138 0.000304 0.000152 0.000077 
2895744 convolutionTexture 1 307 38 0.842000 0.463000  0.000353 0.000116 0.000265 0.000539 0.000222 0.000108 
2895744 convolutionTexture 1 307 38 0.842000 0.540000  0.000057 0.000047 0.000128 0.000250 0.000135 0.000071 
2895808 convolutionTexture 1 307 38 0.842000 0.540000  0.000049 0.000044 0.000122 0.000232 0.000125 0.000067 
2895808 convolutionTexture 1 307 38 0.842000 0.539000  0.000051 0.000046 0.000126 0.000246 0.000133 0.000071 
2895808 convolutionTexture 1 307 38 0.842000 0.540000  0.242879 0.149677 0.288103 0.243115 0.104974 0.033114 
2895872 convolutionTexture 1 307 38 0.842000 0.616000  0.000157 0.000085 0.000254 0.000503 0.000273 0.000131 
2895872 convolutionTexture 1 307 38 0.842000 0.540000  0.000047 0.000043 0.000121 0.000234 0.000124 0.000067 
2895936 convolutionTexture 1 307 38 0.842000 0.540000  0.000051 0.000046 0.000126 0.000334 0.000164 0.000098 
2895936 convolutionTexture 1 307 38 0.842000 0.540000  0.000047 0.000043 0.000121 0.000232 0.000124 0.000067 
2896000 convolutionTexture 1 307 38 0.842000 0.616000  0.000050 0.000045 0.000125 0.000265 0.000137 0.000071 
2896000 convolutionTexture 1 307 38 0.842000 0.463000  0.000048 0.000043 0.000120 0.000229 0.000123 0.000066 
2896064 convolutionTexture 1 307 38 0.842000 0.616000  0.000050 0.000046 0.000125 0.000239 0.000139 0.000072 
2896064 convolutionTexture 1 307 38 0.842000 0.539000  0.000045 0.000043 0.000120 0.000229 0.000122 0.000066 
2896064 convolutionTexture 1 307 38 0.842000 0.540000  0.000049 0.000045 0.000124 0.000242 0.000131 0.000070 
2896128 convolutionTexture 1 307 38 0.842000 0.539000  0.000047 0.000043 0.000119 0.000227 0.000122 0.000066 
2896128 convolutionTexture 1 307 38 0.842000 0.616000  0.000205 0.000074 0.000223 0.000407 0.000183 0.000102 
2896192 convolutionTexture 1 307 38 0.842000 0.463000  0.000047 0.000042 0.000119 0.000228 0.000121 0.000066 
2896192 convolutionTexture 1 307 38 0.842000 0.617000  0.000056 0.000048 0.000130 0.000273 0.000139 0.000081 
2896192 convolutionTexture 1 307 38 0.842000 0.616000  0.000045 0.000042 0.000118 0.000226 0.000121 0.000068 
2896256 convolutionTexture 1 307 38 0.842000 0.540000  0.000049 0.000045 0.000123 0.000242 0.000130 0.000069 
2896256 convolutionTexture 1 307 38 0.842000 0.540000  0.000046 0.000042 0.000118 0.000223 0.000120 0.000065 
2896320 convolutionTexture 1 307 38 0.842000 0.616000  0.000052 0.000045 0.000122 0.000251 0.000141 0.000071 
2896320 convolutionTexture 1 307 38 0.842000 0.540000  0.000046 0.000042 0.000118 0.000225 0.000120 0.000065 
2896384 convolutionTexture 1 307 38 0.842000 0.539000  0.000051 0.000044 0.000122 0.000246 0.000129 0.000068 
2896384 convolutionTexture 1 307 38 0.842000 0.616000  0.000057 0.000047 0.000124 0.000246 0.000129 0.000067 
2896384 convolutionTexture 1 307 38 0.842000 0.617000  0.000118 0.000064 0.000192 0.000377 0.000204 0.000114 
2896448 convolutionTexture 1 307 38 0.842000 0.616000  0.073955 0.021939 0.045733 0.074029 0.024925 0.010605 
2896448 convolutionTexture 1 307 38 0.842000 0.617000  0.000060 0.000049 0.000132 0.000283 0.000145 0.000073 
2896512 convolutionTexture 1 307 38 0.842000 0.463000  0.000047 0.000041 0.000116 0.000225 0.000119 0.000064 
2896512 convolutionTexture 1 307 38 0.842000 0.616000  0.000052 0.000046 0.000125 0.000256 0.000146 0.000074 
2896576 convolutionTexture 1 307 38 0.842000 0.540000  0.000045 0.000041 0.000116 0.000222 0.000118 0.000064 
2896576 convolutionTexture 1 307 38 0.842000 0.617000  0.000047 0.000043 0.000120 0.000232 0.000126 0.000067 
2896640 convolutionTexture 1 307 38 0.842000 0.462000  0.000045 0.000041 0.000115 0.000218 0.000117 0.000063 
2896640 convolutionTexture 1 307 38 0.842000 0.540000  0.000048 0.000221 0.000499 0.001186 0.000349 0.000157 
2896704 convolutionTexture 1 307 38 0.842000 0.463000  0.000045 0.000041 0.000115 0.000216 0.000116 0.000063 
2896704 convolutionTexture 1 307 38 0.842000 0.540000  0.000045 0.000042 0.000119 0.000246 0.000123 0.000067 
2896704 convolutionTexture 1 307 38 0.842000 0.539000  0.000054 0.000045 0.000122 0.000260 0.000138 0.000070 
2896768 convolutionTexture 1 307 38 0.842000 0.616000  0.000059 0.000046 0.000128 0.000272 0.000130 0.000067 
2896768 convolutionTexture 1 307 38 0.842000 0.540000  0.000048 0.000063 0.000152 0.000312 0.000178 0.000087 
2896832 convolutionTexture 1 307 38 0.842000 0.616000  0.000052 0.000043 0.000120 0.000245 0.000124 0.000065 
2896832 convolutionTexture 1 307 38 0.842000 0.540000  0.000047 0.000042 0.000117 0.000225 0.000123 0.000065 
2896896 convolutionTexture 1 307 38 0.842000 0.462000  0.000068 0.000045 0.000119 0.000238 0.000124 0.000064 
2896896 convolutionTexture 1 307 38 0.842000 0.616000  0.000047 0.000043 0.000119 0.000243 0.000130 0.000068 
2896960 convolutionTexture 1 307 38 0.842000 0.462000  0.000045 0.000040 0.000112 0.000216 0.000114 0.000062 
2896960 convolutionTexture 1 307 38 0.842000 0.694000  0.000058 0.000044 0.000123 0.000262 0.000131 0.000066 
2896960 convolutionTexture 1 307 38 0.842000 0.540000  0.000043 0.000040 0.000112 0.000213 0.000114 0.000062 
2897024 convolutionTexture 1 307 38 0.842000 0.539000  0.000113 0.000061 0.000183 0.000361 0.000195 0.000095 
2897024 convolutionTexture 1 307 38 0.842000 0.539000  0.093688 0.028475 0.059825 0.093747 0.032281 0.013699 
2897088 convolutionTexture 1 307 38 0.842000 0.617000  0.000018 0.000015 0.000042 0.000087 0.000046 0.000024 
2897088 convolutionTexture 1 307 38 0.842000 0.539000  0.000044 0.000040 0.000111 0.000214 0.000114 0.000061 
2897152 convolutionTexture 1 307 38 0.842000 0.694000  0.000046 0.000042 0.000116 0.000228 0.000122 0.000065 
2897152 convolutionTexture 1 307 38 0.842000 0.463000  0.000044 0.000040 0.000111 0.000212 0.000115 0.000061 
2897152 convolutionTexture 1 307 38 0.842000 0.616000  0.000056 0.000051 0.000139 0.000273 0.000149 0.000077 
2897216 convolutionTexture 1 307 38 0.842000 0.540000  0.000046 0.000039 0.000110 0.000209 0.000113 0.000061 
2897216 convolutionTexture 1 307 38 0.842000 0.617000  0.000050 0.000047 0.000133 0.000250 0.000135 0.000073 
2897280 convolutionTexture 1 307 38 0.842000 0.540000  0.000063 0.000051 0.000138 0.000276 0.000149 0.000079 
2897280 convolutionTexture 1 307 38 0.842000 0.540000  0.000051 0.000047 0.000132 0.000293 0.000142 0.000076 
2897280 convolutionTexture 1 307 38 0.842000 0.617000  0.000055 0.000050 0.000137 0.000264 0.000144 0.000077 
2897344 convolutionTexture 1 307 38 0.842000 0.540000  0.000050 0.000047 0.000131 0.000249 0.000134 0.000073 
2897344 convolutionTexture 1 307 38 0.842000 0.616000  0.000053 0.000044 0.000122 0.000256 0.000134 0.000068 
2897408 convolutionTexture 1 307 38 0.842000 0.616000  0.000051 0.000041 0.000111 0.000231 0.000118 0.000062 
2897408 convolutionTexture 1 307 38 0.842000 0.540000  0.000045 0.000041 0.000143 0.000297 0.000144 0.000082 
2897472 convolutionTexture 1 307 38 0.842000 0.616000  0.000049 0.000042 0.000113 0.000237 0.000117 0.000063 
2897472 convolutionTexture 1 307 38 0.842000 0.540000  0.000045 0.000059 0.000143 0.000341 0.000165 0.000081 
2897536 convolutionTexture 1 307 38 0.842000 0.540000  0.000049 0.000041 0.000335 0.000793 0.000282 0.000122 
2897536 convolutionTexture 1 307 38 0.842000 0.694000  0.000013 0.000012 0.000035 0.000068 0.000044 0.000022 
2897600 convolutionTexture 1 307 38 0.842000 0.617000  0.000043 0.000039 0.000108 0.000223 0.000124 0.000064 
2897600 convolutionTexture 1 307 38 0.842000 0.540000  0.000044 0.000040 0.000110 0.000210 0.000126 0.000067 
2897600 convolutionTexture 1 307 38 0.842000 0.616000  0.000041 0.000040 0.000111 0.000226 0.000115 0.000061 
2897664 convolutionTexture 1 307 38 0.842000 0.540000  0.000052 0.000043 0.000117 0.000305 0.000157 0.000075 
2897664 convolutionTexture 1 307 38 0.842000 0.617000  0.000047 0.000039 0.000107 0.000208 0.000109 0.000058 
2897728 convolutionTexture 1 307 38 0.842000 0.540000  0.000054 0.000042 0.000118 0.000249 0.000130 0.000066 
2897728 convolutionTexture 1 307 38 0.842000 0.617000  0.000040 0.000041 0.000113 0.000236 0.000117 0.000061 
2897792 convolutionTexture 1 307 38 0.842000 0.539000  0.000072 0.000045 0.000122 0.000263 0.000132 0.000067 
2897792 convolutionTexture 1 307 38 0.842000 0.617000  0.000043 0.000038 0.000107 0.000220 0.000112 0.000059 
2897856 convolutionTexture 1 307 38 0.842000 0.539000  0.004334 0.000975 0.001965 0.004377 0.001271 0.000518 
2897856 convolutionTexture 1 307 38 0.842000 0.462000  0.000042 0.000037 0.000103 0.000220 0.000114 0.000059 
2897856 convolutionTexture 1 307 38 0.842000 0.617000  0.000041 0.000037 0.000103 0.000197 0.000106 0.000057 
2897920 convolutionTexture 1 307 38 0.842000 0.540000  0.000051 0.000041 0.000113 0.000235 0.000126 0.000064 
2897920 convolutionTexture 1 307 38 0.842000 0.540000  0.000046 0.000039 0.000111 0.000218 0.000113 0.000059 
2897984 convolutionTexture 1 307 38 0.842000 0.539000  0.000064 0.000050 0.000137 0.000288 0.000151 0.000078 
2897984 convolutionTexture 1 307 38 0.842000 0.539000  0.000040 0.000038 0.000106 0.000219 0.000111 0.000059 
2898048 convolutionTexture 1 307 38 0.842000 0.540000  0.000052 0.000047 0.000130 0.000344 0.000171 0.000096 
2898048 convolutionTexture 1 307 38 0.842000 0.540000  0.000043 0.000038 0.000107 0.000268 0.000126 0.000064 
2898112 convolutionTexture 1 307 38 0.842000 0.616000  0.000047 0.000039 0.000107 0.000206 0.000113 0.000059 
2898112 convolutionTexture 1 307 38 0.842000 0.617000  0.000040 0.000039 0.000106 0.000218 0.000111 0.000059 
2898112 convolutionTexture 1 307 38 0.842000 0.539000  0.000042 0.000038 0.000136 0.000275 0.000137 0.000077 
2898176 convolutionTexture 1 307 38 0.842000 0.539000  0.015971 0.004775 0.010138 0.016159 0.005544 0.002438 
2898176 convolutionTexture 1 307 38 0.842000 0.539000  0.000051 0.000041 0.000110 0.000227 0.000118 0.000061 
2898240 convolutionTexture 1 307 38 0.842000 0.617000  0.000040 0.000038 0.000105 0.000217 0.000108 0.000058 
2898240 convolutionTexture 1 307 38 0.842000 0.539000  0.000042 0.000038 0.000104 0.000207 0.000130 0.000075 
2898304 convolutionTexture 1 307 38 0.842000 0.463000  0.000040 0.000036 0.000100 0.000194 0.000102 0.000056 
2898304 convolutionTexture 1 307 38 0.842000 0.539000  0.000042 0.000056 0.000134 0.000272 0.000158 0.000076 
2898304 convolutionTexture 1 307 38 0.842000 0.462000  0.030187 0.009207 0.019464 0.030375 0.010525 0.004631 
2898368 convolutionTexture 1 307 38 0.842000 0.616000  0.000048 0.000039 0.000109 0.000231 0.000123 0.000062 
2898368 convolutionTexture 1 307 38 0.842000 0.539000  0.000048 0.000037 0.000106 0.000226 0.000112 0.000059 
2898432 convolutionTexture 1 307 38 0.842000 0.462000  0.000051 0.000041 0.000111 0.000233 0.000122 0.000063 
2898432 convolutionTexture 1 307 38 0.842000 0.694000  0.000045 0.000038 0.000105 0.000214 0.000108 0.000058 
2898496 convolutionTexture 1 307 38 0.842000 0.617000  0.000041 0.000037 0.000103 0.000261 0.000131 0.000075 
2898496 convolutionTexture 1 307 38 0.842000 0.617000  0.000040 0.000039 0.000107 0.000226 0.000112 0.000058 
2898496 convolutionTexture 1 307 38 0.842000 0.540000  0.000049 0.000039 0.000106 0.000215 0.000115 0.000066 
2898560 convolutionTexture 1 307 38 0.842000 0.617000  0.000055 0.000041 0.000112 0.000232 0.000122 0.000063 
2898560 convolutionTexture 1 307 38 0.842000 0.540000  0.000049 0.014828 0.031422 0.049511 0.016932 0.007456 
2898624 convolutionTexture 1 307 38 0.842000 0.616000  0.000042 0.000037 0.000101 0.000198 0.000108 0.000057 
2898624 convolutionTexture 1 307 38 0.842000 0.616000  0.000046 0.000039 0.000109 0.000211 0.000110 0.000057 
2898688 convolutionTexture 1 307 38 0.842000 0.540000  0.000044 0.000038 0.000105 0.000220 0.000111 0.000059 
2898688 convolutionTexture 1 307 38 0.842000 0.540000  0.000049 0.000039 0.000106 0.000223 0.000117 0.000060 
2898752 convolutionTexture 1 307 38 0.842000 0.463000  0.000040 0.000035 0.000097 0.000185 0.000100 0.000054 
2898752 convolutionTexture 1 307 38 0.842000 0.617000  0.000048 0.000037 0.000104 0.000215 0.000112 0.000058 
2898816 convolutionTexture 1 307 38 0.842000 0.616000  0.000037 0.000034 0.000096 0.000181 0.000098 0.000053 
2898816 convolutionTexture 1 307 38 0.842000 0.462000  0.000019 0.000016 0.000043 0.000088 0.000045 0.000023 
2898880 convolutionTexture 1 307 38 0.842000 0.463000  0.000016 0.000014 0.000039 0.000147 0.000060 0.000030 
2898880 convolutionTexture 1 307 38 0.842000 0.540000  0.000019 0.000015 0.000042 0.000087 0.000046 0.000024 
2898880 convolutionTexture 1 307 38 0.842000 0.617000  0.000042 0.000036 0.000101 0.000205 0.000104 0.000055 
2898944 convolutionTexture 1 307 38 0.842000 0.616000  0.000047 0.000038 0.000106 0.000221 0.000116 0.000060 
2898944 convolutionTexture 1 307 38 0.842000 0.616000  0.000036 0.000036 0.000100 0.000201 0.000103 0.000055 
2899008 convolutionTexture 1 307 38 0.842000 0.540000  0.000040 0.000056 0.000132 0.000331 0.000155 0.000083 
2899008 convolutionTexture 1 307 38 0.842000 0.616000  0.000050 0.000063 0.000153 0.000364 0.000176 0.000087 
2899072 convolutionTexture 1 307 38 0.842000 0.462000  0.000038 0.000033 0.000094 0.000182 0.000096 0.000052 
2899072 convolutionTexture 1 307 38 0.842000 0.616000  0.000050 0.000043 0.000121 0.000257 0.000133 0.000069 
2899136 convolutionTexture 1 307 38 0.842000 0.847000  0.000046 0.000040 0.000112 0.000219 0.000116 0.000062 
2899136 convolutionTexture 1 307 38 0.842000 0.616000  0.000046 0.000040 0.000182 0.000378 0.000169 0.000083 
2899200 convolutionTexture 1 307 38 0.842000 0.617000  0.000016 0.000013 0.000037 0.000076 0.000039 0.000021 
2899200 convolutionTexture 1 307 38 0.842000 0.693000  0.000016 0.000014 0.000039 0.000086 0.000045 0.000023 
2899264 convolutionTexture 1 307 38 0.842000 0.694000  0.000042 0.000034 0.000096 0.000196 0.000100 0.000052 
2899264 convolutionTexture 1 307 38 0.842000 0.539000  0.000049 0.000037 0.000099 0.000220 0.000111 0.000056 
2899328 convolutionTexture 1 307 38 0.842000 0.539000  0.000040 0.000034 0.000094 0.000184 0.000098 0.000052 
2899328 convolutionTexture 1 307 38 0.842000 0.540000  0.000051 0.000036 0.000097 0.000201 0.000103 0.000053 
2899392 convolutionTexture 1 307 38 0.842000 0.694000  0.000040 0.000034 0.000096 0.000193 0.000099 0.000053 
2899392 convolutionTexture 1 307 38 0.842000 0.540000  0.000039 0.000034 0.000094 0.000271 0.000128 0.000063 
2899392 convolutionTexture 1 307 38 0.842000 0.462000  0.000041 0.000034 0.000096 0.000195 0.000099 0.000052 
2899456 convolutionTexture 1 307 38 0.842000 0.539000  0.000048 0.000036 0.000099 0.000214 0.000109 0.000056 
2899456 convolutionTexture 1 307 38 0.842000 0.462000  0.000036 0.000034 0.000094 0.000193 0.000098 0.000052 
2899520 convolutionTexture 1 307 38 0.842000 0.617000  0.000039 0.000034 0.000093 0.000190 0.000102 0.000053 
2899520 convolutionTexture 1 307 38 0.842000 0.616000  0.000041 0.000034 0.000095 0.000194 0.000101 0.000052 
2899584 convolutionTexture 1 307 38 0.842000 0.539000  0.000040 0.000033 0.000092 0.000192 0.000099 0.000052 
2899584 convolutionTexture 1 307 38 0.842000 0.462000  0.000083 0.000039 0.000104 0.000245 0.000111 0.000056 
2899648 convolutionTexture 1 307 38 0.842000 0.540000  0.000038 0.000034 0.000093 0.000247 0.000122 0.000060 
2899648 convolutionTexture 1 307 38 0.842000 0.617000  0.046353 0.015606 0.034006 0.046521 0.017411 0.007681 
2899648 convolutionTexture 1 307 38 0.842000 0.540000  0.000044 0.000040 0.000111 0.000210 0.000117 0.000062 
2899712 convolutionTexture 1 307 38 0.842000 0.463000  0.000042 0.000036 0.000100 0.000220 0.000106 0.000055 
2899712 convolutionTexture 1 307 38 0.842000 0.616000  0.000042 0.000035 0.000097 0.000206 0.000110 0.000056 
2899776 convolutionTexture 1 307 38 0.842000 0.694000  0.000035 0.000034 0.000092 0.000210 0.000100 0.000052 
2899776 convolutionTexture 1 307 38 0.842000 0.540000  0.000037 0.000034 0.000092 0.000243 0.000121 0.000067 
2899776 convolutionTexture 1 307 38 0.842000 0.462000  0.000036 0.000033 0.000095 0.000204 0.000101 0.000052 
2899840 convolutionTexture 1 307 38 0.842000 0.540000  0.000088 0.000049 0.000146 0.000281 0.000155 0.000075 
2899904 convolutionTexture 1 307 38 0.842000 0.617000  0.022041 0.007081 0.014958 0.022170 0.008003 0.003503 
2899904 convolutionTexture 1 307 38 0.842000 0.616000  0.000037 0.000033 0.000092 0.000179 0.000098 0.000051 
2899904 convolutionTexture 1 307 38 0.842000 0.540000  0.000045 0.000034 0.000097 0.000202 0.000182 0.000107 
2899968 convolutionTexture 1 307 38 0.842000 0.617000  0.000036 0.000033 0.000118 0.000231 0.000117 0.000067 
2899968 convolutionTexture 1 307 38 0.842000 0.539000  0.000015 0.000014 0.000038 0.000074 0.000040 0.000021 
2900032 convolutionTexture 1 307 38 0.842000 0.540000  1.126360 0.363756 0.690754 1.273135 0.493360 0.212962 
2900032 convolutionTexture 1 307 38 0.842000 0.617000  0.012352 0.009420 0.030669 0.072185 0.032929 0.015789 
2900096 convolutionTexture 1 307 38 0.842000 0.462000  0.000035 0.000031 0.000087 0.000167 0.000090 0.000048 
2900096 convolutionTexture 1 307 38 0.842000 0.617000  0.000018 0.000024 0.000060 0.000117 0.000069 0.000034 
2900160 convolutionTexture 1 307 38 0.842000 0.463000  0.000040 0.000035 0.000098 0.000210 0.000103 0.000053 
2900160 convolutionTexture 1 307 38 0.842000 0.616000  0.000037 0.000049 0.000116 0.000288 0.000137 0.000074 
2900224 convolutionTexture 1 307 38 0.842000 0.616000  0.060223 0.026945 0.053767 0.060475 0.022866 0.008327 
2900224 convolutionTexture 1 307 38 0.842000 0.540000  0.000041 0.000038 0.000104 0.000198 0.000110 0.000058 
2900288 convolutionTexture 1 307 38 0.842000 0.617000  0.000035 0.000043 0.000109 0.000265 0.000113 0.000055 
2900288 convolutionTexture 1 307 38 0.842000 0.540000  0.000036 0.000033 0.000090 0.000187 0.000106 0.000054 
2900288 convolutionTexture 1 307 38 0.842000 0.617000  0.000037 0.000031 0.000086 0.000172 0.000089 0.000048 
2900352 convolutionTexture 1 307 38 0.842000 0.540000  0.000264 0.000194 0.010763 0.018416 0.006075 0.002592 
2900352 convolutionTexture 1 307 38 0.842000 0.617000  0.000036 0.000034 0.000093 0.000248 0.000113 0.000056 
2900416 convolutionTexture 1 307 38 0.842000 0.463000  0.000034 0.000031 0.000086 0.000163 0.000088 0.000047 
2900416 convolutionTexture 1 307 38 0.842000 0.540000  0.000036 0.000032 0.000089 0.000177 0.000114 0.000058 
2900480 convolutionTexture 1 307 38 0.842000 0.463000  0.875575 0.266257 0.554136 0.883561 0.306042 0.132966 
2900480 convolutionTexture 1 307 38 0.842000 0.616000  0.000044 0.000038 0.000101 0.000212 0.000107 0.000054 
2900544 convolutionTexture 1 307 38 0.842000 0.617000  0.000039 0.000032 0.000091 0.000184 0.000094 0.000050 
2900544 convolutionTexture 1 307 38 0.842000 0.539000  0.000045 0.000036 0.000097 0.000206 0.000106 0.000054 
2900544 convolutionTexture 1 307 38 0.842000 0.462000  0.000033 0.000031 0.000088 0.000178 0.000092 0.000049 
2900608 convolutionTexture 1 307 38 0.842000 0.462000  0.000036 0.000036 0.000096 0.000237 0.000106 0.000053 
2900608 convolutionTexture 1 307 38 0.842000 0.540000  0.000042 0.000031 0.000088 0.000183 0.000091 0.000048 
2900672 convolutionTexture 1 307 38 0.842000 0.617000  0.000042 0.000033 0.000092 0.000197 0.000101 0.000051 
2900672 convolutionTexture 1 307 38 0.842000 0.462000  0.000034 0.000031 0.000085 0.000164 0.000087 0.000047 
2900736 convolutionTexture 1 307 38 0.842000 0.539000  0.000044 0.000035 0.000093 0.000196 0.000101 0.000052 
2900736 convolutionTexture 1 307 38 0.842000 0.540000  0.000044 0.000032 0.000089 0.000181 0.000090 0.000048 
2900800 convolutionTexture 1 307 38 0.842000 0.540000  0.000041 0.000034 0.000096 0.000200 0.000105 0.000053 
2900800 convolutionTexture 1 307 38 0.842000 0.694000  0.000038 0.000032 0.000089 0.000184 0.000100 0.000051 
2900864 convolutionTexture 1 307 38 0.842000 0.539000  0.000043 0.000035 0.000093 0.000195 0.000102 0.000052 
2900864 convolutionTexture 1 307 38 0.842000 0.694000  0.000043 0.000032 0.000092 0.000194 0.000094 0.000049 
2900864 convolutionTexture 1 307 38 0.842000 0.540000  0.000043 0.000039 0.000100 0.000216 0.000109 0.000054 
2900928 convolutionTexture 1 307 38 0.842000 0.616000  0.000038 0.000031 0.000088 0.000174 0.000089 0.000048 
2900928 convolutionTexture 1 307 38 0.842000 0.539000  0.000044 0.000033 0.000093 0.000198 0.000104 0.000052 
2900992 convolutionTexture 1 307 38 0.842000 0.616000  0.000032 0.000030 0.000086 0.000173 0.000090 0.000048 
2900992 convolutionTexture 1 307 38 0.842000 0.540000  0.000035 0.000031 0.000111 0.000229 0.000114 0.000064 
2901056 convolutionTexture 1 307 38 0.842000 0.540000  0.000043 0.000033 0.000094 0.000199 0.000096 0.000049 
2901056 convolutionTexture 1 307 38 0.842000 0.540000  0.042788 0.017072 0.034199 0.042881 0.015562 0.005845 
2901120 convolutionTexture 1 307 38 0.842000 0.540000  0.000036 0.000031 0.000086 0.000171 0.000091 0.000048 
2901120 convolutionTexture 1 307 38 0.842000 0.539000  0.000033 0.000029 0.000082 0.000160 0.000086 0.000045 
2901184 convolutionTexture 1 307 38 0.842000 0.617000  0.000039 0.000034 0.000093 0.000209 0.000105 0.000052 
2901184 convolutionTexture 1 307 38 0.842000 0.540000  0.000032 0.000029 0.000082 0.000155 0.000084 0.000045 
2901184 convolutionTexture 1 307 38 0.842000 0.539000  0.000032 0.000029 0.000082 0.000159 0.000083 0.000045 
2901248 convolutionTexture 1 307 38 0.842000 0.539000  0.000041 0.000034 0.000092 0.000190 0.000099 0.000065 
2901248 convolutionTexture 1 307 38 0.842000 0.617000  0.000038 0.000032 0.000090 0.000183 0.000091 0.000048 
2901312 convolutionTexture 1 307 38 0.842000 0.694000  0.000405 0.000370 0.001091 0.002330 0.001213 0.000614 
2901312 convolutionTexture 1 307 38 0.842000 0.540000  0.000716 0.000514 0.001312 0.002753 0.001278 0.000648 
2901376 convolutionTexture 1 307 38 0.842000 0.540000  0.000467 0.000378 0.001039 0.002125 0.001121 0.000576 
2901376 convolutionTexture 1 307 38 0.842000 0.540000  0.000039 0.000032 0.000343 0.000795 0.000237 0.000108 
2901440 convolutionTexture 1 307 38 0.842000 0.540000  0.000032 0.000029 0.000080 0.000154 0.000083 0.000045 
2901440 convolutionTexture 1 307 38 0.842000 0.616000  0.000034 0.000031 0.000084 0.000163 0.000088 0.000054 
2901440 convolutionTexture 1 307 38 0.842000 0.462000  0.000031 0.000029 0.000084 0.000169 0.000086 0.000045 
2901504 convolutionTexture 1 307 38 0.842000 0.616000  0.090974 0.022020 0.044067 0.092985 0.028606 0.011335 
2901504 convolutionTexture 1 307 38 0.842000 0.539000  0.000032 0.000029 0.000080 0.000155 0.000083 0.000044 
2901568 convolutionTexture 1 307 38 0.842000 0.616000  0.000037 0.000031 0.000089 0.000192 0.000098 0.000050 
2901568 convolutionTexture 1 307 38 0.842000 0.463000  0.000032 0.000031 0.000085 0.000182 0.000086 0.000045 
2901632 convolutionTexture 1 307 38 0.842000 0.694000  0.000035 0.000052 0.000120 0.000290 0.000143 0.000066 
2901632 convolutionTexture 1 307 38 0.842000 0.463000  0.000037 0.000030 0.000086 0.000173 0.000089 0.000046 
2901696 convolutionTexture 1 307 38 0.842000 0.539000  0.000039 0.000032 0.000090 0.000190 0.000104 0.000052 
2901696 convolutionTexture 1 307 38 0.842000 0.539000  0.000031 0.000028 0.000079 0.000153 0.000082 0.000044 
2901696 convolutionTexture 1 307 38 0.842000 0.540000  0.000035 0.000044 0.000107 0.000261 0.000122 0.000067 
2901760 convolutionTexture 1 307 38 0.842000 0.463000  0.243008 0.078191 0.165294 0.244083 0.090486 0.037170 
2901760 convolutionTexture 1 307 38 0.842000 0.616000  0.000373 0.000279 0.000748 0.001490 0.000801 0.000414 
2901824 convolutionTexture 1 307 38 0.842000 0.462000  0.000031 0.000028 0.000079 0.000152 0.000082 0.000044 
2901824 convolutionTexture 1 307 38 0.842000 0.616000  0.069865 0.025742 0.052681 0.069933 0.025328 0.010233 
2901888 convolutionTexture 1 307 38 0.842000 0.540000  0.000033 0.000030 0.000082 0.000158 0.000087 0.000046 
2901888 convolutionTexture 1 307 38 0.842000 0.616000  0.000035 0.000032 0.000086 0.000176 0.000092 0.000047 
2901952 convolutionTexture 1 307 38 0.842000 0.616000  0.000038 0.000030 0.000086 0.000228 0.000106 0.000051 
2901952 convolutionTexture 1 307 38 0.842000 0.539000  0.000031 0.000028 0.000079 0.000151 0.000080 0.000043 
2901952 convolutionTexture 1 307 38 0.842000 0.539000  0.000041 0.000031 0.000087 0.000202 0.000102 0.000051 
2902016 convolutionTexture 1 307 38 0.842000 0.616000  0.000035 0.000030 0.000083 0.000163 0.000083 0.000045 
2902016 convolutionTexture 1 307 38 0.842000 0.539000  0.134188 0.036733 0.076434 0.135158 0.044701 0.018879 
2902080 convolutionTexture 1 307 38 0.842000 0.616000  0.000609 0.000334 0.000990 0.001951 0.001016 0.000534 
2902080 convolutionTexture 1 307 38 0.842000 0.462000  0.000032 0.000028 0.000078 0.000150 0.000081 0.000043 
2902144 convolutionTexture 1 307 38 0.842000 0.539000  0.000037 0.000029 0.000079 0.000158 0.000084 0.000045 
2902144 convolutionTexture 1 307 38 0.842000 0.462000  0.000031 0.000028 0.000078 0.000152 0.000080 0.000043 
2902208 convolutionTexture 1 307 38 0.842000 0.616000  0.000033 0.000047 0.000144 0.000258 0.000122 0.000061 
2902208 convolutionTexture 1 307 38 0.842000 0.463000  0.000031 0.000028 0.000082 0.000167 0.000084 0.000044 
2902272 convolutionTexture 1 307 38 0.842000 0.693000  0.000034 0.000029 0.000105 0.000232 0.000121 0.000063 
2902272 convolutionTexture 1 307 38 0.842000 0.540000  0.000364 0.000251 0.000736 0.001789 0.000822 0.000574 
2902272 convolutionTexture 1 307 38 0.842000 0.539000  0.000035 0.000030 0.000083 0.000220 0.000100 0.000050 
2902336 convolutionTexture 1 307 38 0.842000 0.617000  0.000035 0.000029 0.000082 0.000169 0.000086 0.000046 
2902336 convolutionTexture 1 307 38 0.842000 0.617000  0.000031 0.000042 0.000103 0.000247 0.000118 0.000063 
2902400 convolutionTexture 1 307 38 0.842000 0.694000  0.000033 0.000029 0.000080 0.000157 0.000085 0.000045 
2902400 convolutionTexture 1 307 38 0.842000 0.616000  0.000031 0.000027 0.000077 0.000148 0.000078 0.000042 
2902464 convolutionTexture 1 307 38 0.842000 0.540000  0.000032 0.000029 0.000080 0.000212 0.000105 0.000059 
2902464 convolutionTexture 1 307 38 0.842000 0.539000  0.000031 0.000027 0.000077 0.000148 0.000079 0.000042 
2902528 convolutionTexture 1 307 38 0.842000 0.694000  0.000034 0.000030 0.000083 0.000171 0.000091 0.000047 
2902528 convolutionTexture 1 307 38 0.842000 0.616000  0.000203 0.000175 0.000484 0.000970 0.000513 0.000279 
2902592 convolutionTexture 1 307 38 0.842000 0.617000  0.000219 0.000191 0.000529 0.001085 0.000574 0.000295 
2902592 convolutionTexture 1 307 38 0.842000 0.462000  0.092526 0.032584 0.067354 0.092588 0.033139 0.013718 
2902592 convolutionTexture 1 307 38 0.842000 0.539000  0.000008 0.000007 0.000020 0.000039 0.000026 0.000013 
