#Timestamp	Benchmark	Run(#)	CPU Frequency (MHz)	CPU Temperature(C)	CPU Voltage(V)	CPU Power(W)	CPU_CYCLES	L1_DATA_CACHE_ACCESS	INSTRUCTIONS_RETIRED	BUS_CYCLES	L1I_CACHE_ACCESS	PREDICTABLE_BRANCH_SPECULATIVELY_EXECUTED
4339008 nbody 1 614 41 0.919000 1.080000  0.000019 0.000015 0.000042 0.000090 0.000044 0.000023 
4339072 nbody 1 614 41 0.919000 0.925000  0.000004 0.000004 0.000011 0.000022 0.000014 0.000007 
4339072 nbody 1 614 41 0.919000 0.924000  0.000019 0.000016 0.000043 0.000088 0.000046 0.000024 
4339136 nbody 1 614 41 0.919000 1.080000  0.000019 0.000020 0.000054 0.000136 0.000059 0.000029 
4339136 nbody 1 614 41 0.919000 0.771000  0.000018 0.000014 0.000040 0.000081 0.000041 0.000022 
4339136 nbody 1 614 41 0.919000 0.925000  0.000017 0.000015 0.000041 0.000081 0.000043 0.000023 
4339200 nbody 1 614 41 0.919000 0.848000  0.000022 0.000015 0.000043 0.000095 0.000045 0.000024 
4339200 nbody 1 614 41 0.919000 0.926000  0.000017 0.000014 0.000039 0.000084 0.000043 0.000022 
4339264 nbody 1 614 41 0.919000 0.848000  0.000020 0.000015 0.000043 0.000093 0.000045 0.000023 
4339264 nbody 1 614 41 0.919000 1.002000  0.000021 0.000017 0.000045 0.000106 0.000048 0.000024 
4339264 nbody 1 614 41 0.919000 0.768000  0.000018 0.000014 0.000041 0.000086 0.000041 0.000022 
4339328 nbody 1 614 41 0.919000 1.000000  0.000004 0.000004 0.000011 0.000021 0.000014 0.000007 
4339328 nbody 1 614 41 0.919000 0.768000  0.000016 0.000014 0.000041 0.000085 0.000041 0.000022 
4339328 nbody 1 614 41 0.919000 0.769000  0.000016 0.000015 0.000041 0.000084 0.000045 0.000023 
4339392 nbody 1 614 41 0.919000 0.614000  0.000016 0.000016 0.000042 0.000091 0.000044 0.000023 
4339392 nbody 1 614 41 0.919000 0.769000  0.000027 0.000018 0.000053 0.000165 0.000058 0.000028 
4339456 nbody 1 614 42 0.919000 0.538000  0.000015 0.000014 0.000040 0.000081 0.000041 0.000022 
4339456 nbody 1 614 42 0.919000 0.614000  0.000019 0.000016 0.000045 0.000098 0.000048 0.000025 
4339456 nbody 1 614 42 0.919000 0.538000  0.000018 0.000014 0.000040 0.000080 0.000041 0.000022 
4339520 nbody 1 614 42 0.919000 0.691000  0.000016 0.000022 0.000054 0.000119 0.000055 0.000031 
4339520 nbody 1 614 42 0.919000 0.538000  0.000015 0.000014 0.000040 0.000079 0.000041 0.000022 
4339584 nbody 1 614 42 0.919000 0.614000  0.000023 0.000017 0.000046 0.000102 0.000050 0.000025 
4339584 nbody 1 614 42 0.919000 0.614000  0.000015 0.000014 0.000040 0.000080 0.000041 0.000022 
4339584 nbody 1 614 43 0.919000 0.845000  0.000131 0.000089 0.000250 0.000616 0.000242 0.000109 
4339648 nbody 1 614 43 0.919000 0.768000  0.000017 0.000022 0.000053 0.000137 0.000062 0.000034 
4339648 nbody 1 614 43 0.919000 0.769000  0.000021 0.000016 0.000044 0.000096 0.000047 0.000024 
4339712 nbody 1 614 43 0.919000 0.692000  0.000015 0.000014 0.000040 0.000086 0.000044 0.000023 
4339712 nbody 1 614 43 0.919000 0.614000  0.000015 0.000014 0.000039 0.000081 0.000040 0.000022 
4339712 nbody 1 614 43 0.919000 0.691000  0.000019 0.000015 0.000042 0.000086 0.000044 0.000023 
4339776 nbody 1 614 43 0.919000 0.691000  0.000019 0.000014 0.000040 0.000080 0.000041 0.000022 
4339776 nbody 1 614 43 0.919000 0.845000  0.000019 0.000015 0.000041 0.000089 0.000043 0.000023 
4339840 nbody 1 614 43 0.919000 0.922000  0.000022 0.000016 0.000044 0.000099 0.000048 0.000025 
4339840 nbody 1 614 43 0.919000 0.922000  0.000018 0.000015 0.000044 0.000099 0.000048 0.000025 
4339840 nbody 1 614 43 0.919000 0.614000  0.000019 0.000015 0.000041 0.000115 0.000054 0.000027 
4339904 nbody 1 614 43 0.919000 0.845000  0.000019 0.000015 0.000041 0.000085 0.000044 0.000023 
4339904 nbody 1 614 43 0.919000 0.615000  0.000019 0.000015 0.000041 0.000083 0.000044 0.000023 
4339904 nbody 1 614 43 0.919000 0.921000  0.000016 0.000015 0.000041 0.000122 0.000068 0.000032 
4339968 nbody 1 614 43 0.919000 0.614000  0.000021 0.000017 0.000044 0.000092 0.000046 0.000023 
4339968 nbody 1 614 43 0.919000 0.846000  0.000018 0.000016 0.000042 0.000144 0.000061 0.000035 
4340032 nbody 1 614 43 0.919000 0.614000  0.000015 0.000014 0.000039 0.000079 0.000040 0.000022 
4340032 nbody 1 614 43 0.919000 0.692000  0.000018 0.000015 0.000041 0.000086 0.000043 0.000023 
4340032 nbody 1 614 43 0.919000 0.614000  0.000018 0.000014 0.000040 0.000079 0.000040 0.000022 
4340096 nbody 1 614 43 0.919000 0.768000  0.000016 0.000014 0.000039 0.000089 0.000046 0.000033 
4340096 nbody 1 614 43 0.919000 0.768000  0.000015 0.000014 0.000039 0.000080 0.000040 0.000022 
4340096 nbody 1 614 43 0.919000 0.768000  0.000020 0.000016 0.000042 0.000091 0.000045 0.000023 
4340160 nbody 1 614 44 0.919000 0.692000  0.000015 0.000014 0.000039 0.000078 0.000040 0.000022 
4340160 nbody 1 614 44 0.919000 0.692000  0.000022 0.000015 0.000042 0.000092 0.000045 0.000023 
4340224 nbody 1 614 44 0.919000 0.691000  0.000018 0.000014 0.000039 0.000079 0.000040 0.000021 
4340224 nbody 1 614 44 0.919000 0.768000  0.000125 0.000055 0.000123 0.000280 0.000106 0.000048 
4340288 nbody 1 614 44 0.919000 0.999000  0.000015 0.000014 0.000038 0.000081 0.000042 0.000022 
4340288 nbody 1 614 44 0.919000 0.768000  0.000018 0.000015 0.000043 0.000095 0.000047 0.000024 
4340288 nbody 1 614 43 0.919000 0.999000  0.000015 0.000014 0.000039 0.000079 0.000040 0.000021 
4340352 nbody 1 614 43 0.919000 0.923000  0.000021 0.000015 0.000043 0.000093 0.000047 0.000024 
4340352 nbody 1 614 44 0.919000 0.922000  0.000020 0.000016 0.000043 0.000096 0.000046 0.000023 
4340352 nbody 1 614 44 0.919000 0.846000  0.000019 0.000015 0.000043 0.000095 0.000047 0.000024 
4340416 nbody 1 614 44 0.919000 0.845000  0.000016 0.000014 0.000040 0.000082 0.000043 0.000022 
4340416 nbody 1 614 44 0.919000 0.691000  0.000021 0.000016 0.000043 0.000098 0.000048 0.000024 
4340480 nbody 1 614 44 0.919000 0.846000  0.001277 0.000301 0.000613 0.001296 0.000396 0.000154 
4340480 nbody 1 614 44 0.919000 0.614000  0.000015 0.000014 0.000039 0.000079 0.000040 0.000021 
4340480 nbody 1 614 44 0.919000 0.615000  0.000019 0.000016 0.000043 0.000094 0.000047 0.000024 
4340544 nbody 1 614 44 0.919000 0.614000  0.000015 0.000014 0.000038 0.000077 0.000039 0.000021 
4340544 nbody 1 614 44 0.919000 0.845000  0.000019 0.000014 0.000041 0.000092 0.000046 0.000024 
4340608 nbody 1 614 44 0.919000 0.614000  0.000018 0.000014 0.000039 0.000077 0.000039 0.000021 
4340608 nbody 1 614 44 0.919000 0.769000  0.000019 0.000015 0.000040 0.000111 0.000052 0.000026 
4340608 nbody 1 614 44 0.919000 0.614000  0.000018 0.000014 0.000039 0.000078 0.000040 0.000021 
4340672 nbody 1 614 44 0.919000 0.768000  0.000018 0.000014 0.000040 0.000081 0.000043 0.000022 
4340672 nbody 1 614 44 0.919000 0.614000  0.000015 0.000013 0.000037 0.000074 0.000039 0.000021 
4340672 nbody 1 614 44 0.919000 0.768000  0.000042 0.000018 0.000051 0.000136 0.000053 0.000026 
4340736 nbody 1 614 44 0.919000 0.614000  0.000023 0.000014 0.000040 0.000082 0.000040 0.000021 
4340736 nbody 1 614 44 0.919000 0.768000  0.000015 0.000015 0.000041 0.000083 0.000045 0.000023 
4340800 nbody 1 614 44 0.919000 0.614000  0.000014 0.000014 0.000038 0.000076 0.000039 0.000021 
4340800 nbody 1 614 44 0.919000 0.921000  0.000018 0.000014 0.000040 0.000106 0.000051 0.000026 
4340800 nbody 1 614 44 0.919000 0.922000  0.000015 0.000014 0.000039 0.000075 0.000040 0.000021 
4340864 nbody 1 614 44 0.919000 0.768000  0.000019 0.000015 0.000042 0.000089 0.000046 0.000024 
4340864 nbody 1 614 44 0.919000 0.614000  0.000016 0.000014 0.000038 0.000075 0.000039 0.000021 
4340928 nbody 1 614 44 0.919000 0.768000  0.000144 0.000089 0.000241 0.001127 0.000520 0.000271 
4340928 nbody 1 614 44 0.919000 0.768000  0.000019 0.000014 0.000039 0.000082 0.000042 0.000022 
4340992 nbody 1 614 44 0.919000 0.538000  0.000195 0.000070 0.000154 0.000258 0.000103 0.000046 
4340992 nbody 1 614 44 0.919000 0.691000  0.000017 0.000014 0.000041 0.000090 0.000045 0.000023 
4340992 nbody 1 614 44 0.919000 0.999000  0.000014 0.000013 0.000037 0.000072 0.000040 0.000021 
4341056 nbody 1 614 44 0.919000 0.768000  0.000019 0.000014 0.000041 0.000091 0.000044 0.000023 
4341056 nbody 1 614 44 0.919000 0.691000  0.000027 0.000017 0.000045 0.000104 0.000046 0.000023 
4341120 nbody 1 614 44 0.919000 0.768000  0.050821 0.047885 0.131169 0.266953 0.139738 0.073837 
4341120 nbody 1 614 44 0.919000 0.845000  1.271023 0.298948 0.647664 1.272171 0.361909 0.165160 
4341120 nbody 1 614 44 0.919000 0.614000  0.014602 0.013931 0.038590 0.078081 0.039846 0.021484 
4341184 nbody 1 614 44 0.919000 0.691000  0.010784 0.008887 0.024558 0.056020 0.027000 0.013725 
4341184 nbody 1 614 44 0.919000 0.845000  0.005583 0.005160 0.014653 0.029856 0.014967 0.007972 
4341248 nbody 1 614 44 0.919000 0.846000  0.005557 0.004331 0.015109 0.032129 0.017523 0.008447 
4341248 nbody 1 614 44 0.919000 0.614000  0.004109 0.003068 0.008655 0.017980 0.008915 0.004755 
4341248 nbody 1 614 44 0.919000 0.921000  0.002919 0.002730 0.007636 0.015309 0.008068 0.004208 
4341312 nbody 1 614 44 0.919000 0.614000  0.002501 0.002293 0.006457 0.013403 0.006662 0.003518 
4341312 nbody 1 614 44 0.919000 0.845000  0.002655 0.002082 0.005951 0.012016 0.006190 0.003254 
4341312 nbody 1 614 44 0.919000 0.614000  0.002232 0.001793 0.005354 0.011002 0.005500 0.002853 
4341376 nbody 1 614 44 0.919000 0.768000  0.001925 0.001715 0.004753 0.013392 0.005918 0.002937 
4341376 nbody 1 614 44 0.919000 0.691000  0.001735 0.001473 0.004152 0.009955 0.004753 0.002517 
4341440 nbody 1 614 44 0.919000 0.768000  0.001841 0.001437 0.003983 0.007996 0.004217 0.002202 
4341440 nbody 1 614 44 0.919000 1.075000  0.001568 0.001183 0.003326 0.006900 0.003466 0.001832 
4341440 nbody 1 614 45 0.919000 0.845000  0.001208 0.001152 0.003226 0.006448 0.003419 0.001773 
4341504 nbody 1 614 45 0.919000 0.614000  0.001111 0.001014 0.002824 0.005788 0.002952 0.001594 
4341504 nbody 1 614 44 0.919000 0.922000  0.001046 0.001004 0.002813 0.005597 0.003227 0.001647 
4341568 nbody 1 614 44 0.919000 0.614000  0.001210 0.000916 0.002579 0.005186 0.002675 0.001405 
4341568 nbody 1 614 44 0.919000 0.768000  0.001317 0.000975 0.002673 0.005961 0.002973 0.001491 
4341568 nbody 1 614 44 0.919000 0.614000  0.000925 0.000829 0.002401 0.004997 0.002451 0.001293 
4341632 nbody 1 614 44 0.919000 0.768000  0.000907 0.000834 0.002275 0.004742 0.002472 0.001288 
4341632 nbody 1 614 45 0.919000 0.614000  0.000966 0.000749 0.002112 0.004161 0.002162 0.001154 
4341632 nbody 1 614 45 0.919000 0.921000  0.000784 0.001060 0.002625 0.005468 0.003060 0.001661 
4341696 nbody 1 614 45 0.919000 0.614000  0.000705 0.000654 0.001811 0.003669 0.001870 0.001010 
4341696 nbody 1 614 44 0.919000 0.769000  0.000969 0.000758 0.002085 0.005074 0.002252 0.001119 
4341760 nbody 1 614 44 0.919000 0.922000  0.000699 0.000642 0.001752 0.003636 0.001887 0.000982 
4341760 nbody 1 614 44 0.919000 0.614000  0.000647 0.000617 0.002202 0.004590 0.002533 0.001251 
4341760 nbody 1 614 44 0.919000 0.692000  0.000758 0.000580 0.001610 0.003411 0.001744 0.000905 
4341824 nbody 1 614 44 0.919000 0.614000  0.000688 0.000535 0.001514 0.003040 0.001559 0.000833 
4341824 nbody 1 614 45 0.919000 0.921000  0.000632 0.000674 0.001756 0.004349 0.001916 0.000939 
4341888 nbody 1 614 45 0.919000 0.614000  0.000524 0.000498 0.001390 0.002816 0.001428 0.000772 
4341888 nbody 1 614 45 0.919000 0.768000  0.000561 0.000771 0.001835 0.004086 0.002179 0.001050 
4341888 nbody 1 614 45 0.919000 0.614000  0.000520 0.000462 0.001283 0.002547 0.001352 0.000732 
4341952 nbody 1 614 45 0.919000 0.846000  0.000614 0.000485 0.001347 0.002779 0.001436 0.000752 
4341952 nbody 1 614 45 0.919000 0.614000  0.000492 0.000458 0.001253 0.002613 0.001292 0.000691 
4341952 nbody 1 614 45 0.919000 0.845000  0.000504 0.000479 0.001278 0.002792 0.001380 0.000711 
4342016 nbody 1 614 45 0.919000 0.614000  0.000465 0.000425 0.001171 0.002394 0.001221 0.000654 
4342016 nbody 1 614 45 0.919000 0.614000  0.000474 0.000435 0.001209 0.002433 0.001279 0.000666 
4342080 nbody 1 614 45 0.919000 0.614000  0.000449 0.000403 0.001110 0.009007 0.002918 0.001230 
4342080 nbody 1 614 45 0.919000 0.768000  0.000437 0.000412 0.001121 0.002276 0.001210 0.000631 
4342080 nbody 1 614 45 0.919000 0.614000  0.000414 0.000378 0.001070 0.002151 0.001092 0.000584 
4342144 nbody 1 614 45 0.919000 0.845000  0.000404 0.000388 0.001061 0.002158 0.001129 0.000598 
4342144 nbody 1 614 45 0.919000 0.845000  0.000472 0.000361 0.001018 0.002038 0.001079 0.000562 
4342208 nbody 1 614 45 0.919000 0.691000  0.000401 0.000370 0.001010 0.002065 0.001076 0.000571 
4342208 nbody 1 614 45 0.919000 0.614000  0.000505 0.000392 0.001042 0.002274 0.001043 0.000550 
4342208 nbody 1 614 45 0.919000 0.845000  0.000372 0.000353 0.000965 0.001960 0.001042 0.000543 
4342272 nbody 1 614 45 0.919000 0.614000  0.000362 0.000325 0.000898 0.001855 0.000938 0.000501 
4342272 nbody 1 614 45 0.919000 0.768000  0.000480 0.000358 0.001076 0.002399 0.001133 0.000567 
4342272 nbody 1 614 45 0.919000 0.999000  0.000408 0.000313 0.000885 0.001760 0.000906 0.000486 
4342336 nbody 1 614 45 0.919000 0.614000  0.000470 0.000338 0.000954 0.002170 0.001046 0.000533 
4342336 nbody 1 614 45 0.919000 0.691000  0.000326 0.000298 0.000825 0.001731 0.000904 0.000470 
4342400 nbody 1 614 45 0.919000 0.768000  0.000383 0.000319 0.000877 0.001934 0.000962 0.000496 
4342400 nbody 1 614 45 0.919000 0.845000  0.000311 0.000315 0.000863 0.001813 0.000862 0.000459 
4342400 nbody 1 614 45 0.919000 0.845000  0.000502 0.000332 0.000902 0.002065 0.000987 0.000500 
4342464 nbody 1 614 45 0.919000 0.922000  0.000454 0.000333 0.000864 0.001901 0.000888 0.000460 
4342464 nbody 1 614 45 0.919000 0.768000  0.000359 0.000283 0.001028 0.002153 0.001197 0.000576 
4342464 nbody 1 614 45 0.919000 0.691000  0.000296 0.000276 0.000763 0.001531 0.000810 0.000422 
4342528 nbody 1 614 45 0.919000 0.769000  0.000352 0.000280 0.000777 0.001712 0.000843 0.000428 
4342528 nbody 1 614 45 0.919000 0.922000  0.000281 0.000259 0.000704 0.001460 0.000751 0.000397 
4342592 nbody 1 614 45 0.919000 0.614000  0.000275 0.000255 0.000709 0.001420 0.000748 0.000390 
4342592 nbody 1 614 45 0.919000 0.769000  0.000258 0.000247 0.000693 0.001402 0.000728 0.000382 
4342592 nbody 1 614 45 0.919000 0.614000  0.000370 0.000273 0.000747 0.001670 0.000807 0.000398 
4342656 nbody 1 614 45 0.919000 0.692000  0.000275 0.000263 0.001087 0.002293 0.000961 0.000543 
4342656 nbody 1 614 45 0.919000 0.614000  0.000423 0.000255 0.000680 0.001438 0.000693 0.000425 
4342656 nbody 1 614 45 0.919000 0.768000  0.000258 0.000237 0.000642 0.001312 0.000697 0.000362 
4342720 nbody 1 614 45 0.919000 0.691000  0.000285 0.000250 0.000658 0.001433 0.000683 0.000352 
4342720 nbody 1 614 45 0.919000 0.769000  1.162803 0.287679 0.621861 1.163111 0.343100 0.154107 
4342784 nbody 1 614 45 0.919000 0.614000  0.000230 0.000215 0.000600 0.001202 0.000647 0.000345 
4342784 nbody 1 614 45 0.919000 0.691000  0.000333 0.000242 0.000658 0.001478 0.000724 0.000368 
4342784 nbody 1 614 45 0.919000 0.691000  0.000224 0.000211 0.000583 0.001184 0.000601 0.000324 
4342848 nbody 1 614 45 0.919000 0.614000  0.000278 0.000231 0.000641 0.001750 0.000784 0.000379 
4342848 nbody 1 614 45 0.919000 0.998000  0.000265 0.000207 0.000581 0.001154 0.000597 0.000318 
4342912 nbody 1 614 45 0.919000 0.768000  0.000276 0.000217 0.000773 0.001653 0.000783 0.000438 
4342912 nbody 1 614 45 0.919000 0.922000  0.000256 0.000223 0.000608 0.001291 0.000609 0.000320 
4342912 nbody 1 614 45 0.919000 0.768000  0.000271 0.000214 0.000577 0.001212 0.000703 0.000350 
4342976 nbody 1 614 45 0.919000 0.691000  0.000327 0.000222 0.000591 0.001288 0.000591 0.000312 
4342976 nbody 1 614 45 0.919000 0.768000  0.000282 0.000234 0.000624 0.001434 0.000667 0.000334 
4342976 nbody 1 614 45 0.919000 0.922000  0.000217 0.000199 0.000545 0.001138 0.000573 0.000305 
4343040 nbody 1 614 45 0.919000 0.768000  0.000254 0.000295 0.000710 0.001534 0.000837 0.000401 
4343040 nbody 1 614 45 0.919000 0.845000  0.000249 0.000192 0.000535 0.001134 0.000569 0.000298 
4343104 nbody 1 614 45 0.919000 0.614000  0.000283 0.000211 0.000576 0.001289 0.000625 0.000314 
4343104 nbody 1 614 45 0.919000 0.691000  0.000234 0.000186 0.000533 0.001186 0.000562 0.000294 
4343104 nbody 1 614 45 0.919000 0.614000  0.000232 0.000185 0.000515 0.001036 0.000547 0.000284 
4343168 nbody 1 614 45 0.919000 0.922000  0.000325 0.000214 0.000623 0.001455 0.000642 0.000310 
4343168 nbody 1 614 45 0.919000 0.768000  0.000226 0.000179 0.000499 0.001027 0.000528 0.000277 
4343232 nbody 1 614 45 0.919000 0.845000  0.000187 0.000168 0.000463 0.000919 0.000499 0.000262 
4343232 nbody 1 614 45 0.919000 0.768000  0.000089 0.000081 0.000222 0.000433 0.000238 0.000125 
4343232 nbody 1 614 45 0.919000 0.922000  0.000244 0.000332 0.000786 0.001718 0.000703 0.000343 
4343296 nbody 1 614 45 0.919000 0.999000  0.000203 0.000172 0.000482 0.001034 0.000527 0.000269 
4343296 nbody 1 614 45 0.919000 0.922000  0.000210 0.000170 0.000460 0.000956 0.000488 0.000255 
4343296 nbody 1 614 45 0.919000 0.769000  0.000232 0.000172 0.000465 0.001036 0.000514 0.000260 
4343360 nbody 1 614 45 0.919000 0.691000  0.000203 0.000162 0.000438 0.000908 0.000501 0.000253 
4343360 nbody 1 614 45 0.919000 0.614000  0.000160 0.000149 0.000410 0.000826 0.000428 0.000228 
4343424 nbody 1 614 45 0.919000 0.845000  1.123940 0.272088 0.585137 1.124163 0.326779 0.146715 
4343424 nbody 1 614 45 0.919000 0.614000  0.000185 0.000145 0.000410 0.000797 0.000423 0.000226 
4343424 nbody 1 614 45 0.919000 0.846000  0.000046 0.000037 0.000105 0.000214 0.000135 0.000065 
4343488 nbody 1 614 45 0.919000 0.614000  0.000149 0.000141 0.000401 0.000798 0.000413 0.000219 
4343488 nbody 1 614 45 0.919000 0.768000  0.000193 0.000150 0.000415 0.000845 0.000436 0.000228 
4343552 nbody 1 614 45 0.919000 0.614000  0.000178 0.000140 0.000395 0.000780 0.000404 0.000215 
4343552 nbody 1 614 45 0.919000 0.692000  0.000158 0.000147 0.000400 0.000821 0.000427 0.000225 
4343552 nbody 1 614 45 0.919000 0.691000  0.000149 0.000138 0.000381 0.000784 0.000399 0.000213 
4343616 nbody 1 614 45 0.919000 0.691000  0.000189 0.000145 0.000400 0.000865 0.000432 0.000225 
4343616 nbody 1 614 45 0.919000 0.691000  0.000146 0.000135 0.000374 0.001391 0.000561 0.000279 
4343616 nbody 1 614 45 0.919000 0.769000  0.000153 0.000141 0.000391 0.000783 0.000414 0.000216 
4343680 nbody 1 614 45 0.919000 0.615000  0.000145 0.000133 0.000367 0.000747 0.000387 0.000205 
4343680 nbody 1 614 45 0.919000 0.769000  0.000156 0.000135 0.000370 0.000754 0.000505 0.000297 
4343744 nbody 1 614 45 0.919000 0.614000  0.000139 0.000130 0.000359 0.000727 0.000374 0.000201 
4343744 nbody 1 614 45 0.919000 0.845000  0.000147 0.000136 0.000367 0.000750 0.000394 0.000207 
4343744 nbody 1 614 45 0.919000 0.614000  0.000133 0.000126 0.000350 0.000716 0.000364 0.000194 
4343808 nbody 1 614 45 0.919000 0.845000  0.000170 0.000133 0.000368 0.000750 0.000388 0.000206 
4343808 nbody 1 614 45 0.919000 0.614000  0.000140 0.000130 0.000357 0.000724 0.000378 0.000200 
4343808 nbody 1 614 45 0.919000 0.922000  0.000163 0.000122 0.000344 0.000717 0.000356 0.000188 
4343872 nbody 1 614 45 0.919000 0.768000  0.000162 0.000127 0.000378 0.000824 0.000407 0.000205 
4343872 nbody 1 614 45 0.919000 0.614000  0.000164 0.000119 0.000335 0.000738 0.000371 0.000190 
4343936 nbody 1 614 45 0.919000 0.845000  0.000158 0.000123 0.000341 0.000684 0.000359 0.000190 
4343936 nbody 1 614 45 0.919000 0.922000  0.000176 0.000134 0.000364 0.000820 0.000551 0.000265 
4343936 nbody 1 614 45 0.919000 0.769000  0.000169 0.000129 0.000356 0.000792 0.000386 0.000197 
4344000 nbody 1 614 45 0.919000 0.846000  0.000160 0.000130 0.000351 0.001190 0.000528 0.000254 
4344000 nbody 1 614 45 0.919000 0.614000  0.000145 0.000112 0.000315 0.000641 0.000326 0.000173 
4344064 nbody 1 614 45 0.919000 0.691000  0.000166 0.000125 0.000348 0.000780 0.000377 0.000192 
4344064 nbody 1 614 45 0.919000 0.614000  0.000117 0.000110 0.000305 0.000615 0.000314 0.000170 
4344064 nbody 1 614 45 0.919000 0.921000  0.000136 0.000120 0.000333 0.000721 0.000363 0.000184 
4344128 nbody 1 614 45 0.919000 0.614000  0.000141 0.000109 0.000308 0.000620 0.000314 0.000168 
4344128 nbody 1 614 45 0.919000 0.769000  0.000125 0.000170 0.000407 0.001085 0.000482 0.000258 
4344128 nbody 1 614 45 0.919000 0.614000  0.000120 0.000108 0.000303 0.000611 0.000315 0.000166 
4344192 nbody 1 614 45 0.919000 0.768000  0.000149 0.000136 0.000345 0.000809 0.000368 0.000184 
4344192 nbody 1 614 45 0.919000 0.538000  0.000112 0.000107 0.000296 0.000598 0.000308 0.000164 
4344256 nbody 1 614 45 0.919000 0.845000  0.000143 0.000112 0.000310 0.000641 0.000327 0.000172 
4344256 nbody 1 614 45 0.919000 0.614000  0.000012 0.000011 0.000031 0.000062 0.000040 0.000019 
4344256 nbody 1 614 45 0.919000 0.768000  0.000119 0.000109 0.000298 0.000609 0.000316 0.000167 
4344320 nbody 1 614 45 0.919000 0.614000  0.000135 0.000111 0.000309 0.002036 0.000764 0.000325 
4344320 nbody 1 614 45 0.919000 0.768000  0.000135 0.000107 0.000296 0.000585 0.000311 0.000164 
4344384 nbody 1 614 45 0.919000 0.614000  0.000130 0.000100 0.000282 0.000557 0.000289 0.000154 
4344384 nbody 1 614 45 0.919000 0.768000  0.000113 0.000104 0.000283 0.000575 0.000302 0.000159 
4344384 nbody 1 614 46 0.919000 0.614000  0.000166 0.000464 0.001046 0.001746 0.000702 0.000304 
4344448 nbody 1 614 45 0.919000 0.768000  0.000131 0.000110 0.000299 0.000647 0.000326 0.000167 
4344448 nbody 1 614 45 0.919000 0.768000  0.000103 0.000096 0.000265 0.000536 0.000273 0.000147 
4344448 nbody 1 614 45 0.919000 0.691000  0.000114 0.000103 0.000295 0.000652 0.000328 0.000166 
4344512 nbody 1 614 45 0.919000 0.768000  0.000130 0.000099 0.000278 0.000584 0.000292 0.000154 
4344512 nbody 1 614 45 0.919000 0.768000  0.000136 0.000103 0.000276 0.000591 0.000297 0.000153 
4344576 nbody 1 614 46 0.919000 0.845000  0.000139 0.000100 0.000281 0.000631 0.000314 0.000159 
4344576 nbody 1 614 46 0.919000 0.614000  0.000110 0.000099 0.000274 0.000555 0.000295 0.000154 
