#Timestamp	Benchmark	Run(#)	CPU Frequency (MHz)	CPU Temperature(C)	CPU Voltage(V)	CPU Power(W)	CPU_CYCLES	L1_DATA_CACHE_ACCESS	INSTRUCTIONS_RETIRED	BUS_CYCLES	L1I_CACHE_ACCESS	PREDICTABLE_BRANCH_SPECULATIVELY_EXECUTED
4356864 transpose 1 710 42 0.919000 1.079000  0.000031 0.000025 0.000068 0.000149 0.000078 0.000039 
4622464 transpose 1 710 42 0.919000 0.925000  0.000022 0.000021 0.000056 0.000132 0.000063 0.000032 
4622464 transpose 1 710 42 0.919000 1.002000  0.000005 0.000005 0.000013 0.000027 0.000017 0.000008 
4622528 transpose 1 710 42 0.919000 0.847000  0.002471 0.000433 0.000891 0.002595 0.000620 0.000245 
4622528 transpose 1 710 42 0.919000 0.925000  0.000026 0.000020 0.000055 0.000124 0.000059 0.000031 
4622528 transpose 1 710 42 0.919000 0.848000  0.000028 0.000021 0.000059 0.000137 0.000063 0.000032 
4622592 transpose 1 710 43 0.919000 1.079000  0.000025 0.000020 0.000055 0.000129 0.000059 0.000031 
4622592 transpose 1 710 43 0.919000 0.616000  0.000020 0.000017 0.000049 0.000094 0.000049 0.000027 
4622592 transpose 1 710 43 0.919000 0.694000  0.000024 0.000019 0.000053 0.000111 0.000057 0.000030 
4622656 transpose 1 710 42 0.919000 0.616000  0.000086 0.000024 0.000062 0.000177 0.000062 0.000031 
4622656 transpose 1 710 42 0.919000 0.847000  0.000020 0.000018 0.000065 0.000157 0.000078 0.000038 
4622720 transpose 1 710 43 0.919000 0.617000  0.000021 0.000018 0.000051 0.000099 0.000054 0.000028 
4622720 transpose 1 710 43 0.919000 0.616000  0.000025 0.000020 0.000054 0.000113 0.000059 0.000030 
4622720 transpose 1 710 43 0.919000 1.155000  0.000021 0.000019 0.000051 0.000110 0.000054 0.000028 
4622784 transpose 1 710 43 0.919000 0.694000  0.000020 0.000017 0.000054 0.000111 0.000053 0.000028 
4622784 transpose 1 710 43 0.919000 0.847000  0.000026 0.000019 0.000053 0.000117 0.000058 0.000030 
4622784 transpose 1 710 43 0.919000 0.540000  0.000021 0.000017 0.000049 0.000106 0.000050 0.000027 
4622848 transpose 1 710 43 0.919000 0.770000  0.000027 0.000020 0.000053 0.000115 0.000057 0.000030 
4622848 transpose 1 710 43 0.919000 1.002000  0.000023 0.000020 0.000053 0.000115 0.000057 0.000029 
4622912 transpose 1 710 42 0.919000 0.769000  0.000025 0.000019 0.000056 0.000131 0.000060 0.000031 
4622912 transpose 1 710 42 0.919000 1.156000  0.000025 0.000019 0.000052 0.000115 0.000057 0.000029 
4622912 transpose 1 710 43 0.919000 0.694000  0.000025 0.000019 0.000053 0.000112 0.000056 0.000030 
4622976 transpose 1 710 43 0.919000 0.848000  0.000037 0.000031 0.000104 0.000248 0.000107 0.000053 
4622976 transpose 1 710 43 0.919000 0.540000  0.000020 0.000017 0.000048 0.000094 0.000050 0.000027 
4622976 transpose 1 710 42 0.919000 0.848000  0.000055 0.000044 0.000122 0.000265 0.000136 0.000070 
4623040 transpose 1 710 42 0.919000 0.539000  0.000020 0.000017 0.000048 0.000095 0.000050 0.000027 
4623040 transpose 1 710 42 0.919000 0.771000  0.000021 0.000018 0.000050 0.000098 0.000052 0.000028 
4623104 transpose 1 710 42 0.919000 0.539000  0.000024 0.000018 0.000050 0.000107 0.000052 0.000028 
4623104 transpose 1 710 42 0.919000 0.771000  0.000022 0.000018 0.000050 0.000105 0.000053 0.000028 
4623104 transpose 1 710 42 0.919000 0.539000  0.000020 0.000018 0.000049 0.000095 0.000051 0.000027 
4623168 transpose 1 710 42 0.919000 0.616000  0.000025 0.000019 0.000053 0.000112 0.000058 0.000030 
4623168 transpose 1 710 43 0.919000 0.771000  0.000020 0.000018 0.000049 0.000096 0.000052 0.000028 
4623168 transpose 1 710 43 0.919000 0.617000  0.000024 0.000019 0.000050 0.000110 0.000053 0.000028 
4623232 transpose 1 710 42 0.919000 0.849000  0.000020 0.000018 0.000049 0.000095 0.000052 0.000028 
4623232 transpose 1 710 42 0.919000 0.462000  0.000019 0.000017 0.000048 0.000091 0.000049 0.000026 
4623296 transpose 1 710 43 0.919000 0.770000  0.000025 0.000018 0.000055 0.000134 0.000060 0.000032 
4623296 transpose 1 710 43 0.919000 0.462000  0.000019 0.000017 0.000047 0.000096 0.000048 0.000026 
4623296 transpose 1 710 43 0.919000 0.616000  0.000022 0.000022 0.000061 0.000189 0.000067 0.000032 
4623360 transpose 1 710 43 0.919000 0.539000  0.000019 0.000017 0.000047 0.000091 0.000047 0.000026 
4623360 transpose 1 710 43 0.919000 0.770000  0.000034 0.000029 0.000080 0.000159 0.000086 0.000045 
4623360 transpose 1 710 43 0.919000 0.539000  0.000019 0.000017 0.000047 0.000091 0.000049 0.000026 
4623424 transpose 1 710 43 0.919000 0.693000  0.000020 0.000018 0.000049 0.000095 0.000064 0.000032 
4623424 transpose 1 710 43 0.919000 0.539000  0.000035 0.000029 0.000079 0.000167 0.000091 0.000046 
4623488 transpose 1 710 43 0.919000 0.849000  0.000024 0.000018 0.000056 0.000132 0.000059 0.000030 
4623488 transpose 1 710 43 0.919000 1.079000  0.000021 0.000026 0.000063 0.000135 0.000076 0.000036 
4623488 transpose 1 710 43 0.919000 0.694000  0.000019 0.000017 0.000047 0.000091 0.000048 0.000026 
4623552 transpose 1 710 43 0.919000 1.080000  0.000020 0.000018 0.000048 0.000094 0.000051 0.000027 
4623552 transpose 1 710 43 0.919000 0.694000  0.000019 0.000017 0.000049 0.000112 0.000051 0.000026 
4623616 transpose 1 710 43 0.919000 0.849000  0.000024 0.000019 0.000051 0.000111 0.000057 0.000029 
4623616 transpose 1 710 43 0.919000 1.081000  0.000020 0.000017 0.000048 0.000093 0.000051 0.000027 
4623616 transpose 1 710 42 0.919000 0.771000  0.000033 0.000029 0.000078 0.000155 0.000084 0.000044 
4623680 transpose 1 710 43 0.919000 0.925000  0.000020 0.000017 0.000048 0.000095 0.000050 0.000027 
4623680 transpose 1 710 43 0.919000 0.694000  0.000019 0.000017 0.000048 0.000094 0.000050 0.000027 
4623680 transpose 1 710 42 0.919000 1.081000  0.000021 0.000018 0.000049 0.000103 0.000053 0.000027 
4623744 transpose 1 710 42 0.919000 0.694000  0.000019 0.000016 0.000046 0.000089 0.000046 0.000025 
4623744 transpose 1 710 42 0.919000 0.925000  0.000024 0.000019 0.000050 0.000106 0.000054 0.000028 
4623808 transpose 1 710 42 0.919000 0.694000  0.000027 0.000017 0.000048 0.000113 0.000049 0.000026 
4623808 transpose 1 710 42 0.919000 0.923000  0.000019 0.000017 0.000047 0.000092 0.000050 0.000026 
4623808 transpose 1 710 43 0.919000 1.080000  0.000021 0.000018 0.000051 0.000108 0.000052 0.000027 
4623872 transpose 1 710 43 0.919000 0.616000  0.000022 0.000018 0.000050 0.000107 0.000055 0.000029 
4623872 transpose 1 710 43 0.919000 0.769000  0.500944 0.208438 0.382595 0.501012 0.173829 0.077345 
4623872 transpose 1 710 43 0.919000 0.692000  0.000025 0.000018 0.000049 0.000108 0.000054 0.000028 
4623936 transpose 1 710 43 0.919000 0.769000  0.000021 0.000018 0.000049 0.000108 0.000054 0.000028 
4623936 transpose 1 710 43 0.919000 0.539000  0.000026 0.000018 0.000051 0.000109 0.000055 0.000029 
4624000 transpose 1 710 43 0.919000 0.923000  0.000020 0.000017 0.000047 0.000093 0.000051 0.000026 
4624000 transpose 1 710 43 0.919000 0.461000  0.000022 0.000018 0.000048 0.000100 0.000050 0.000026 
4624000 transpose 1 710 43 0.919000 0.693000  0.000042 0.000039 0.000108 0.000212 0.000115 0.000061 
4624064 transpose 1 710 43 0.919000 0.461000  0.000019 0.000016 0.000045 0.000096 0.000047 0.000025 
4624064 transpose 1 710 43 0.919000 0.925000  0.000019 0.000025 0.000060 0.000140 0.000068 0.000038 
4624064 transpose 1 710 43 0.919000 0.694000  0.000018 0.000016 0.000045 0.000088 0.000046 0.000025 
4624128 transpose 1 710 43 0.919000 1.002000  0.000037 0.000019 0.000055 0.000139 0.000059 0.000029 
4624128 transpose 1 710 43 0.919000 0.772000  0.000018 0.000016 0.000045 0.000097 0.000046 0.000025 
4624192 transpose 1 710 43 0.919000 0.924000  0.000022 0.000018 0.000049 0.000102 0.000052 0.000027 
4624192 transpose 1 710 43 0.919000 1.157000  0.000018 0.000017 0.000047 0.000093 0.000049 0.000026 
4624192 transpose 1 710 43 0.919000 0.848000  0.000024 0.000019 0.000050 0.000109 0.000055 0.000028 
4624256 transpose 1 710 43 0.919000 1.003000  0.000023 0.000019 0.000051 0.000116 0.000055 0.000028 
4624256 transpose 1 710 43 0.919000 0.693000  0.000021 0.000018 0.000050 0.000106 0.000052 0.000027 
4624256 transpose 1 710 43 0.919000 1.002000  0.000019 0.000017 0.000052 0.000169 0.000065 0.000035 
4624320 transpose 1 710 43 0.919000 0.693000  0.000018 0.000016 0.000046 0.000093 0.000047 0.000025 
4624320 transpose 1 710 43 0.919000 0.925000  0.000034 0.000027 0.000073 0.000161 0.000083 0.000042 
4624384 transpose 1 710 43 0.919000 0.694000  0.030250 0.010274 0.021983 0.030411 0.011019 0.005104 
4624384 transpose 1 710 43 0.919000 0.771000  0.000024 0.000018 0.000047 0.000099 0.000048 0.000025 
4624384 transpose 1 710 42 0.919000 0.847000  0.000018 0.000017 0.000046 0.000090 0.000048 0.000026 
4624448 transpose 1 710 42 0.919000 0.462000  0.000021 0.000017 0.000049 0.000102 0.000053 0.000027 
4624448 transpose 1 710 42 0.919000 0.847000  0.000020 0.000017 0.000048 0.000100 0.000052 0.000027 
4624448 transpose 1 710 43 0.919000 0.462000  0.000021 0.000018 0.000049 0.000101 0.000053 0.000027 
4624512 transpose 1 710 43 0.919000 0.539000  0.000030 0.000026 0.000070 0.000142 0.000076 0.000039 
4624512 transpose 1 710 43 0.919000 0.462000  0.001070 0.000291 0.000551 0.001174 0.000404 0.000166 
4624576 transpose 1 710 43 0.919000 0.693000  0.000019 0.000017 0.000046 0.000088 0.000048 0.000026 
4624576 transpose 1 710 43 0.919000 0.462000  0.000017 0.000016 0.000044 0.000084 0.000045 0.000024 
4624576 transpose 1 710 43 0.919000 0.616000  0.000020 0.000017 0.000046 0.000097 0.000052 0.000027 
4624640 transpose 1 710 43 0.919000 0.539000  0.000018 0.000016 0.000044 0.000084 0.000045 0.000024 
4624640 transpose 1 710 43 0.919000 0.693000  0.000018 0.000016 0.000045 0.000087 0.000048 0.000025 
4624640 transpose 1 710 43 0.919000 0.539000  0.000018 0.000016 0.000044 0.000090 0.000046 0.000025 
4624704 transpose 1 710 43 0.919000 0.770000  0.000019 0.000017 0.000045 0.000088 0.000049 0.000025 
4624704 transpose 1 710 43 0.919000 0.462000  0.000022 0.000016 0.000045 0.000092 0.000047 0.000026 
4624768 transpose 1 710 43 0.919000 0.770000  0.000027 0.000025 0.000069 0.000133 0.000074 0.000038 
4624768 transpose 1 710 43 0.919000 0.462000  0.000018 0.000016 0.000043 0.000083 0.000045 0.000024 
4624768 transpose 1 710 43 0.919000 0.693000  0.000022 0.000018 0.000049 0.000105 0.000054 0.000027 
4624832 transpose 1 710 43 0.919000 0.462000  0.000017 0.000015 0.000043 0.000088 0.000046 0.000025 
4624832 transpose 1 710 43 0.919000 0.693000  0.000021 0.000017 0.000047 0.000116 0.000055 0.000028 
4624832 transpose 1 710 43 0.919000 0.770000  0.000018 0.000016 0.000045 0.000086 0.000047 0.000025 
4624896 transpose 1 710 43 0.919000 0.692000  0.000023 0.000018 0.000047 0.000104 0.000053 0.000027 
4624896 transpose 1 710 43 0.919000 1.002000  0.000023 0.000017 0.000047 0.000101 0.000052 0.000027 
4624896 transpose 1 710 43 0.919000 0.925000  0.000017 0.000015 0.000043 0.000085 0.000044 0.000024 
4624960 transpose 1 710 43 0.919000 0.925000  0.000019 0.000016 0.000046 0.000099 0.000051 0.000027 
4624960 transpose 1 710 43 0.919000 0.694000  0.000020 0.000016 0.000045 0.000103 0.000047 0.000025 
4625024 transpose 1 710 43 0.919000 0.925000  0.000018 0.000016 0.000045 0.000086 0.000047 0.000029 
4625024 transpose 1 710 43 0.919000 1.079000  0.000040 0.000035 0.000096 0.000188 0.000099 0.000053 
4625024 transpose 1 710 43 0.919000 0.848000  0.000025 0.000017 0.000048 0.000109 0.000054 0.000027 
4625088 transpose 1 710 43 0.919000 0.771000  0.000019 0.000017 0.000047 0.000102 0.000049 0.000026 
4625088 transpose 1 710 43 0.919000 0.849000  0.000021 0.000017 0.000046 0.000097 0.000049 0.000026 
4625152 transpose 1 710 43 0.919000 1.080000  0.000018 0.000016 0.000044 0.000086 0.000047 0.000029 
4625152 transpose 1 710 43 0.919000 0.849000  0.000017 0.000015 0.000043 0.000081 0.000044 0.000024 
4625152 transpose 1 710 43 0.919000 1.003000  0.000018 0.000016 0.000044 0.000086 0.000046 0.000025 
4625216 transpose 1 710 43 0.919000 0.693000  0.048730 0.013951 0.029960 0.049111 0.015614 0.006783 
4625216 transpose 1 710 43 0.919000 0.693000  0.000024 0.000017 0.000047 0.000104 0.000053 0.000027 
4625216 transpose 1 710 43 0.919000 0.462000  0.000039 0.000034 0.000095 0.000186 0.000097 0.000053 
4625280 transpose 1 710 43 0.919000 0.693000  0.000050 0.000038 0.000104 0.000225 0.000115 0.000060 
4625280 transpose 1 710 43 0.919000 0.846000  0.000019 0.000015 0.000042 0.000094 0.000046 0.000024 
4625344 transpose 1 710 43 0.919000 0.923000  0.000020 0.000016 0.000044 0.000100 0.000048 0.000025 
4625344 transpose 1 710 43 0.919000 1.001000  0.000019 0.000016 0.000044 0.000090 0.000047 0.000025 
4625344 transpose 1 710 43 0.919000 0.924000  0.000020 0.000016 0.000046 0.000102 0.000051 0.000026 
4625408 transpose 1 710 43 0.919000 0.847000  0.076655 0.020897 0.044592 0.076758 0.023157 0.010168 
4625408 transpose 1 710 43 0.919000 0.692000  0.000023 0.000019 0.000051 0.000120 0.000055 0.000028 
4625472 transpose 1 710 43 0.919000 0.693000  0.000042 0.000031 0.000070 0.000166 0.000074 0.000040 
4625472 transpose 1 710 43 0.919000 0.616000  0.000018 0.000015 0.000042 0.000082 0.000044 0.000023 
4625472 transpose 1 710 43 0.919000 0.770000  0.083794 0.022730 0.048378 0.083908 0.025219 0.011100 
4625536 transpose 1 710 43 0.919000 0.769000  0.000018 0.000015 0.000042 0.000088 0.000043 0.000023 
4625536 transpose 1 710 43 0.919000 1.002000  0.000021 0.000017 0.000046 0.000097 0.000049 0.000026 
4625536 transpose 1 710 43 0.919000 0.694000  0.000017 0.000015 0.000042 0.000082 0.000046 0.000024 
4625600 transpose 1 710 43 0.919000 0.924000  0.000022 0.000017 0.000046 0.000101 0.000051 0.000026 
4625600 transpose 1 710 43 0.919000 0.770000  0.000021 0.000017 0.000046 0.000101 0.000051 0.000026 
4625664 transpose 1 710 43 0.919000 0.771000  0.000032 0.000019 0.000049 0.000105 0.000051 0.000026 
4625664 transpose 1 710 43 0.919000 1.080000  0.000018 0.000018 0.000048 0.000106 0.000049 0.000025 
4625664 transpose 1 710 43 0.919000 1.002000  0.000022 0.000016 0.000044 0.000096 0.000045 0.000024 
4625728 transpose 1 710 43 0.919000 1.002000  0.000018 0.000023 0.000056 0.000123 0.000066 0.000032 
4625728 transpose 1 710 43 0.919000 0.771000  0.103971 0.028603 0.060752 0.104194 0.031743 0.013968 
4625728 transpose 1 710 43 0.919000 0.925000  0.000023 0.000017 0.000046 0.000099 0.000051 0.000026 
4625792 transpose 1 710 42 0.919000 0.770000  0.000023 0.000017 0.000046 0.000098 0.000051 0.000026 
4625792 transpose 1 710 42 0.919000 0.926000  0.000022 0.000016 0.000045 0.000099 0.000050 0.000026 
4625856 transpose 1 710 43 0.919000 1.080000  0.000019 0.000016 0.000045 0.000094 0.000049 0.000025 
4625856 transpose 1 710 43 0.919000 0.772000  0.000018 0.000015 0.000041 0.000083 0.000042 0.000023 
4625856 transpose 1 710 43 0.919000 0.770000  0.111490 0.030652 0.064942 0.111625 0.034041 0.014968 
4625920 transpose 1 710 43 0.919000 0.693000  0.000017 0.000015 0.000044 0.000107 0.000045 0.000024 
4625920 transpose 1 710 43 0.919000 0.770000  0.000019 0.000016 0.000044 0.000091 0.000046 0.000024 
4625920 transpose 1 710 43 0.919000 0.616000  0.000016 0.000015 0.000041 0.000083 0.000042 0.000023 
4625984 transpose 1 710 43 0.919000 0.693000  0.000019 0.000016 0.000043 0.000088 0.000045 0.000024 
4625984 transpose 1 710 43 0.919000 0.462000  0.000017 0.000015 0.000041 0.000108 0.000044 0.000023 
4626048 transpose 1 710 43 0.919000 0.847000  0.000020 0.000016 0.000045 0.000096 0.000049 0.000025 
4626048 transpose 1 710 43 0.919000 0.539000  0.000018 0.000017 0.000046 0.000131 0.000047 0.000024 
4626048 transpose 1 710 43 0.919000 0.693000  0.000021 0.000016 0.000044 0.000093 0.000047 0.000025 
4626112 transpose 1 710 43 0.919000 0.462000  0.000027 0.000017 0.000045 0.000098 0.000045 0.000024 
4626112 transpose 1 710 43 0.919000 0.693000  0.000020 0.000016 0.000045 0.000096 0.000050 0.000025 
4626112 transpose 1 710 43 0.919000 0.539000  0.000017 0.000015 0.000045 0.000097 0.000045 0.000024 
4626176 transpose 1 710 43 0.919000 0.693000  0.000125 0.000091 0.000250 0.000577 0.000278 0.000149 
4626176 transpose 1 710 43 0.919000 1.002000  0.140473 0.036048 0.076092 0.140575 0.040547 0.017691 
4626240 transpose 1 710 43 0.919000 0.772000  0.000016 0.000015 0.000041 0.000079 0.000042 0.000023 
4626240 transpose 1 710 43 0.919000 0.926000  0.000017 0.000015 0.000042 0.000084 0.000046 0.000024 
4626240 transpose 1 710 43 0.919000 1.002000  0.000016 0.000015 0.000041 0.000080 0.000042 0.000022 
4626304 transpose 1 710 43 0.919000 0.771000  0.000017 0.000023 0.000055 0.000119 0.000064 0.000031 
4626304 transpose 1 710 43 0.919000 0.693000  0.000019 0.000017 0.000045 0.000095 0.000049 0.000032 
4626368 transpose 1 710 43 0.919000 0.925000  0.000019 0.000016 0.000044 0.000092 0.000048 0.000025 
4626368 transpose 1 710 43 0.919000 1.079000  0.000017 0.000015 0.000043 0.000088 0.000045 0.000028 
4626368 transpose 1 710 43 0.919000 0.849000  0.000017 0.000015 0.000041 0.000079 0.000042 0.000022 
4626432 transpose 1 710 43 0.919000 1.002000  0.000042 0.000018 0.000105 0.000337 0.000108 0.000046 
4626432 transpose 1 710 43 0.919000 0.693000  0.000017 0.000015 0.000041 0.000087 0.000044 0.000023 
4626496 transpose 1 710 43 0.919000 0.925000  0.000017 0.000015 0.000042 0.000083 0.033759 0.014584 
4626496 transpose 1 710 42 0.919000 0.694000  0.000020 0.000016 0.000045 0.000101 0.000049 0.000025 
4626496 transpose 1 710 42 0.919000 0.462000  0.000021 0.000016 0.000045 0.000094 0.000048 0.000025 
4626560 transpose 1 710 42 0.919000 0.847000  0.000017 0.000015 0.000042 0.000116 0.000047 0.000024 
4626560 transpose 1 710 43 0.919000 0.539000  0.000032 0.000018 0.000046 0.000096 0.000046 0.000024 
4626560 transpose 1 710 43 0.919000 0.693000  0.000018 0.000015 0.000042 0.000086 0.000045 0.000023 
4626624 transpose 1 710 43 0.919000 0.616000  0.000016 0.000014 0.000040 0.000077 0.000042 0.000022 
4626624 transpose 1 710 43 0.919000 1.001000  0.000021 0.000016 0.000043 0.000096 0.000047 0.000024 
4626688 transpose 1 710 43 0.919000 0.693000  0.000016 0.000014 0.000040 0.000078 0.000041 0.000022 
4626688 transpose 1 710 43 0.919000 0.539000  0.000018 0.000015 0.000042 0.000087 0.000054 0.000027 
4626688 transpose 1 710 43 0.919000 0.462000  0.000017 0.000014 0.000041 0.000083 0.000042 0.000022 
4626752 transpose 1 710 43 0.919000 0.770000  0.000017 0.000015 0.000042 0.000082 0.000044 0.000023 
4626752 transpose 1 710 43 0.919000 0.539000  0.000016 0.000014 0.000040 0.000077 0.000042 0.000023 
4626752 transpose 1 710 43 0.919000 0.693000  0.000017 0.000015 0.000042 0.000082 0.000053 0.000031 
4626816 transpose 1 710 43 0.919000 0.539000  0.000018 0.000015 0.000041 0.000095 0.000042 0.000023 
4626816 transpose 1 710 43 0.919000 0.925000  0.000083 0.000042 0.000090 0.000192 0.000085 0.000044 
4626880 transpose 1 710 43 0.919000 1.003000  0.000017 0.000015 0.000041 0.000081 0.000044 0.000023 
4626880 transpose 1 710 43 0.919000 0.693000  0.000021 0.000016 0.000044 0.000096 0.000049 0.000025 
4626880 transpose 1 710 43 0.919000 1.156000  0.000021 0.000016 0.000044 0.000094 0.000048 0.000025 
4626944 transpose 1 710 43 0.919000 0.771000  0.000016 0.000014 0.000040 0.000076 0.000040 0.000022 
4626944 transpose 1 710 43 0.919000 1.079000  0.000017 0.000023 0.000055 0.000132 0.000064 0.000031 
4627008 transpose 1 710 43 0.919000 0.848000  0.000034 0.000031 0.000085 0.000166 0.000089 0.000047 
4627008 transpose 1 710 43 0.919000 0.693000  0.000021 0.000016 0.000043 0.000094 0.000048 0.000025 
4627008 transpose 1 710 43 0.919000 1.002000  0.000016 0.000015 0.000041 0.000079 0.000044 0.000027 
4627072 transpose 1 710 43 0.919000 0.694000  0.000016 0.000014 0.000039 0.000076 0.000041 0.000022 
4627072 transpose 1 710 42 0.919000 1.004000  0.000017 0.000015 0.000041 0.000080 0.000043 0.000023 
4627136 transpose 1 710 42 0.919000 0.694000  0.000016 0.000014 0.000041 0.000085 0.000042 0.000023 
4627136 transpose 1 710 43 0.919000 0.924000  0.000019 0.000016 0.000043 0.000092 0.000047 0.000024 
4627136 transpose 1 710 43 0.919000 0.461000  0.000016 0.000014 0.000039 0.000077 0.000040 0.000022 
4627200 transpose 1 710 43 0.919000 0.846000  0.000016 0.000022 0.000054 0.000118 0.000062 0.000030 
4627200 transpose 1 710 43 0.919000 0.461000  0.000016 0.000014 0.000041 0.000095 0.000044 0.000023 
4627200 transpose 1 710 43 0.919000 0.847000  0.000017 0.000015 0.000041 0.000079 0.000043 0.000023 
4627264 transpose 1 710 43 0.919000 0.538000  0.000016 0.000014 0.000039 0.000075 0.000040 0.000022 
4627264 transpose 1 710 43 0.919000 0.692000  0.000044 0.000017 0.000046 0.000121 0.000051 0.000025 
4627328 transpose 1 710 43 0.919000 0.769000  0.000022 0.000015 0.000040 0.000081 0.000041 0.000022 
4627328 transpose 1 710 43 0.919000 0.693000  0.000022 0.000016 0.000043 0.000095 0.000048 0.000024 
4627328 transpose 1 710 43 0.919000 0.461000  0.000018 0.000014 0.000040 0.000084 0.000040 0.000022 
4627392 transpose 1 710 43 0.919000 0.926000  0.000021 0.000016 0.000043 0.000093 0.000048 0.000024 
4627392 transpose 1 710 43 0.919000 1.002000  0.000016 0.000015 0.000040 0.000079 0.000042 0.000023 
4627392 transpose 1 710 43 0.919000 0.848000  0.000016 0.000015 0.000040 0.000077 0.000042 0.000023 
4627456 transpose 1 710 43 0.919000 1.156000  0.000016 0.000015 0.000040 0.000077 0.000042 0.000022 
4627456 transpose 1 710 43 0.919000 0.694000  0.000015 0.000014 0.000039 0.000074 0.000039 0.000021 
4627520 transpose 1 710 43 0.919000 0.925000  0.000069 0.000024 0.000057 0.000132 0.000056 0.000027 
4627520 transpose 1 710 43 0.919000 0.693000  0.000019 0.000015 0.000040 0.000084 0.000041 0.000022 
4627520 transpose 1 710 43 0.919000 1.001000  0.000016 0.000015 0.000040 0.000078 0.000042 0.000023 
4627584 transpose 1 710 43 0.919000 0.772000  0.000021 0.000015 0.000042 0.000095 0.000047 0.000024 
4627584 transpose 1 710 43 0.919000 0.693000  0.000020 0.000024 0.000056 0.000182 0.000064 0.000028 
4627584 transpose 1 710 43 0.919000 1.158000  0.000020 0.000016 0.000042 0.000090 0.000046 0.000024 
4627648 transpose 1 710 43 0.919000 0.771000  0.000016 0.000014 0.000038 0.000075 0.000039 0.000021 
4627648 transpose 1 710 43 0.919000 1.002000  0.000016 0.000022 0.000052 0.000113 0.000061 0.000030 
4627648 transpose 1 710 43 0.919000 0.539000  0.000016 0.000014 0.000038 0.000074 0.000039 0.000021 
4627712 transpose 1 710 43 0.919000 0.693000  0.000018 0.000015 0.000041 0.000087 0.000045 0.000023 
4627712 transpose 1 710 43 0.919000 0.462000  0.000016 0.000014 0.000038 0.000078 0.000040 0.000022 
4627776 transpose 1 710 43 0.919000 0.847000  0.000019 0.000015 0.000043 0.000092 0.000048 0.000024 
4627776 transpose 1 710 43 0.919000 0.462000  0.000015 0.000014 0.000038 0.000073 0.000039 0.000021 
4627776 transpose 1 710 43 0.919000 0.693000  0.000018 0.000014 0.000041 0.000087 0.000045 0.000024 
4627840 transpose 1 710 43 0.919000 0.616000  0.000015 0.000014 0.000038 0.000072 0.000039 0.000021 
4627840 transpose 1 710 43 0.919000 0.692000  0.000016 0.000014 0.000040 0.000103 0.000052 0.000026 
4627840 transpose 1 710 43 0.919000 0.539000  0.000005 0.000005 0.000013 0.000027 0.000017 0.000008 
4627904 transpose 1 710 43 0.919000 0.693000  0.000016 0.000015 0.000041 0.000085 0.000047 0.000024 
4627904 transpose 1 710 43 0.919000 0.462000  0.000018 0.000014 0.000039 0.000075 0.000039 0.000021 
4627968 transpose 1 710 43 0.919000 0.693000  0.000016 0.000014 0.000040 0.000077 0.000042 0.000030 
4627968 transpose 1 710 43 0.919000 0.462000  0.055305 0.013951 0.030039 0.055422 0.016109 0.007063 
4627968 transpose 1 710 43 0.919000 0.693000  0.000020 0.000015 0.000042 0.000090 0.000047 0.000024 
4628032 transpose 1 710 43 0.919000 0.847000  0.000015 0.000014 0.000038 0.000072 0.000039 0.000021 
4628032 transpose 1 710 43 0.919000 0.770000  0.000020 0.000016 0.000043 0.000091 0.000047 0.000024 
4628032 transpose 1 710 43 0.919000 0.539000  0.000019 0.000016 0.000043 0.000097 0.000046 0.000023 
4628096 transpose 1 710 43 0.919000 0.693000  0.000016 0.000014 0.000051 0.000101 0.000058 0.000029 
4628096 transpose 1 710 43 0.919000 0.847000  0.000016 0.000014 0.000039 0.000077 0.000042 0.000022 
4628160 transpose 1 710 43 0.919000 0.462000  0.000016 0.000014 0.000041 0.000086 0.000045 0.000023 
4628160 transpose 1 710 43 0.919000 0.770000  0.000021 0.000015 0.000042 0.000091 0.000047 0.000024 
4628160 transpose 1 710 43 0.919000 0.539000  0.000017 0.000013 0.000038 0.000085 0.000039 0.000021 
4628224 transpose 1 710 43 0.919000 0.925000  0.000020 0.000015 0.000041 0.000090 0.000046 0.000024 
4628224 transpose 1 710 43 0.919000 0.770000  0.000015 0.000013 0.000038 0.000073 0.000038 0.000021 
4628224 transpose 1 710 43 0.919000 1.003000  0.000019 0.000014 0.000041 0.000090 0.000045 0.000023 
4628288 transpose 1 710 43 0.919000 0.847000  0.000019 0.000014 0.000039 0.000086 0.000041 0.000022 
4628288 transpose 1 710 43 0.919000 1.157000  0.000020 0.000015 0.000041 0.000107 0.000048 0.000024 
4628352 transpose 1 710 43 0.919000 0.694000  0.000016 0.000014 0.000044 0.000091 0.000045 0.000023 
4628352 transpose 1 710 43 0.919000 0.924000  0.000020 0.000015 0.000041 0.000097 0.000046 0.000023 
4628352 transpose 1 710 43 0.919000 1.078000  0.000017 0.000014 0.000039 0.000089 0.000043 0.000023 
4628416 transpose 1 710 43 0.919000 0.694000  0.000019 0.000015 0.000040 0.000079 0.000041 0.000021 
4628416 transpose 1 710 43 0.919000 1.002000  0.000016 0.000020 0.000050 0.000120 0.000058 0.000028 
4628416 transpose 1 710 43 0.919000 0.693000  0.000016 0.000016 0.000042 0.000120 0.000043 0.000022 
4628480 transpose 1 710 42 0.919000 0.925000  0.000016 0.000014 0.000039 0.000075 0.000041 0.000022 
4628480 transpose 1 710 42 0.919000 0.771000  0.000016 0.000014 0.000038 0.000081 0.000041 0.000021 
4628544 transpose 1 710 43 0.919000 0.926000  0.000032 0.000017 0.000076 0.000202 0.000071 0.000033 
4628544 transpose 1 710 43 0.919000 1.079000  0.000016 0.000014 0.000039 0.000075 0.000041 0.000022 
4628544 transpose 1 710 43 0.919000 0.848000  0.000019 0.000014 0.000053 0.000124 0.000062 0.000029 
