#Timestamp	Benchmark	Run(#)	CPU Frequency (MHz)	CPU Temperature(C)	CPU Voltage(V)	CPU Power(W)	CPU_CYCLES	L1_DATA_CACHE_ACCESS	INSTRUCTIONS_RETIRED	BUS_CYCLES	L1I_CACHE_ACCESS	PREDICTABLE_BRANCH_SPECULATIVELY_EXECUTED
5171584 SobolQRNG 1 1036 47 1.053000 1.388000  -0.195043 3.881781 7.385554 -0.194677 4.692720 1.896221 
5171648 SobolQRNG 1 1036 47 1.053000 1.233000  0.000076 0.000053 0.000142 0.000324 0.000161 0.000081 
5171648 SobolQRNG 1 1036 47 1.053000 1.233000  0.000069 0.000050 0.000138 0.000288 0.000147 0.000077 
5171712 SobolQRNG 1 1036 47 1.053000 1.233000  0.000057 0.000046 0.000134 0.000329 0.000156 0.000079 
5171712 SobolQRNG 1 1036 46 1.053000 1.770000  0.000059 0.000049 0.000138 0.000315 0.000151 0.000078 
5171712 SobolQRNG 1 1036 46 1.053000 1.542000  0.000058 0.000047 0.000131 0.000297 0.000147 0.000076 
5171776 SobolQRNG 1 1036 47 1.053000 1.154000  0.000053 0.000044 0.000123 0.000242 0.000129 0.000071 
5171776 SobolQRNG 1 1036 47 1.053000 1.155000  0.000056 0.000047 0.000133 0.000310 0.000152 0.000078 
5171776 SobolQRNG 1 1036 46 1.053000 1.388000  0.000058 0.000047 0.000131 0.000291 0.000145 0.000076 
5171840 SobolQRNG 1 1036 46 1.053000 1.233000  0.000056 0.000046 0.000129 0.000271 0.000141 0.000074 
5171840 SobolQRNG 1 1036 46 1.053000 1.232000  0.000055 0.000045 0.000130 0.000282 0.000143 0.000074 
5171840 SobolQRNG 1 1036 46 1.053000 1.002000  0.000048 0.000042 0.000119 0.000230 0.000120 0.000065 
5171904 SobolQRNG 1 1036 46 1.053000 1.233000  0.000053 0.000045 0.000123 0.000248 0.000129 0.000069 
5171904 SobolQRNG 1 1036 46 1.053000 1.079000  0.000050 0.000043 0.000123 0.000270 0.000125 0.000067 
5171904 SobolQRNG 1 1036 46 1.053000 1.233000  0.000058 0.000045 0.000128 0.000281 0.000138 0.000071 
5171968 SobolQRNG 1 1036 47 1.053000 1.002000  0.000051 0.000044 0.000121 0.000252 0.000128 0.000068 
5171968 SobolQRNG 1 1036 47 1.053000 0.924000  0.000050 0.000044 0.000121 0.000241 0.000128 0.000068 
5172032 SobolQRNG 1 1036 46 1.053000 1.464000  0.010616 0.003891 0.008898 0.010850 0.004120 0.001754 
5172032 SobolQRNG 1 1036 46 1.053000 1.079000  0.000049 0.000041 0.000115 0.000238 0.000116 0.000064 
5172032 SobolQRNG 1 1036 47 1.053000 1.156000  0.000061 0.000046 0.000126 0.000300 0.000139 0.000071 
5172096 SobolQRNG 1 1036 46 1.053000 0.925000  0.000080 0.000048 0.000126 0.000295 0.000128 0.000066 
5172096 SobolQRNG 1 1036 46 1.053000 1.232000  0.000056 0.000043 0.000120 0.000264 0.000131 0.000068 
5172096 SobolQRNG 1 1036 46 1.053000 1.541000  0.000051 0.000043 0.000117 0.000241 0.000125 0.000066 
5172160 SobolQRNG 1 1036 46 1.053000 1.233000  0.000049 0.000042 0.000117 0.000232 0.000122 0.000065 
5172160 SobolQRNG 1 1036 46 1.053000 1.464000  0.000051 0.000042 0.000116 0.000252 0.000125 0.000066 
5172160 SobolQRNG 1 1036 46 1.053000 0.925000  0.000048 0.000040 0.000111 0.000229 0.000114 0.000061 
5172224 SobolQRNG 1 1036 46 1.053000 1.233000  0.000056 0.000042 0.000118 0.000250 0.000130 0.000068 
5172224 SobolQRNG 1 1036 46 1.053000 0.925000  0.000045 0.000040 0.000111 0.000236 0.000114 0.000062 
5172288 SobolQRNG 1 1036 46 1.053000 1.233000  0.000062 0.000043 0.000121 0.000276 0.000132 0.000068 
5172288 SobolQRNG 1 1036 46 1.053000 0.925000  0.000046 0.000047 0.000122 0.000274 0.000127 0.000065 
5172288 SobolQRNG 1 1036 46 1.053000 0.925000  0.000046 0.000040 0.000116 0.000258 0.000136 0.000068 
5172352 SobolQRNG 1 1036 47 1.053000 1.464000  0.000052 0.000040 0.000112 0.000237 0.000119 0.000063 
5172352 SobolQRNG 1 1036 47 1.053000 1.002000  0.000047 0.000039 0.000107 0.000216 0.000111 0.000060 
5172352 SobolQRNG 1 1036 47 1.053000 1.233000  0.000046 0.000042 0.000114 0.000254 0.000127 0.000065 
5172416 SobolQRNG 1 1036 47 1.053000 1.002000  0.000072 0.000041 0.000113 0.000266 0.000115 0.000061 
5172416 SobolQRNG 1 1036 47 1.053000 1.311000  0.000046 0.000040 0.000110 0.000222 0.000116 0.000062 
5172416 SobolQRNG 1 1036 47 1.053000 0.925000  0.000058 0.000042 0.000117 0.000262 0.000128 0.000066 
5172480 SobolQRNG 1 1036 47 1.053000 1.155000  0.000049 0.000060 0.000144 0.000354 0.000170 0.000081 
5172480 SobolQRNG 1 1036 47 1.053000 1.696000  0.000046 0.000040 0.000109 0.000213 0.000116 0.000061 
5172480 SobolQRNG 1 1036 47 1.053000 1.002000  0.000042 0.000037 0.000105 0.000203 0.000106 0.000058 
5172544 SobolQRNG 1 1036 47 1.053000 1.696000  0.000049 0.000040 0.000114 0.000244 0.000124 0.000064 
5172544 SobolQRNG 1 1036 47 1.053000 1.002000  0.000053 0.000041 0.000112 0.000245 0.000126 0.000064 
5172608 SobolQRNG 1 1036 47 1.053000 1.080000  0.000052 0.000041 0.000115 0.000245 0.000122 0.000064 
5172608 SobolQRNG 1 1036 47 1.053000 1.542000  0.000046 0.000041 0.000114 0.000246 0.000127 0.000065 
5172608 SobolQRNG 1 1036 47 1.053000 1.002000  0.000051 0.000040 0.000108 0.000218 0.000110 0.000059 
5172672 SobolQRNG 1 1036 47 1.053000 1.464000  0.000044 0.000057 0.000139 0.000296 0.000160 0.000079 
5172672 SobolQRNG 1 1036 47 1.053000 1.003000  0.000043 0.000038 0.000105 0.000226 0.000111 0.000059 
5172672 SobolQRNG 1 1036 47 1.053000 1.388000  0.000052 0.000040 0.000113 0.000244 0.000122 0.000063 
5172736 SobolQRNG 1 1036 47 1.053000 1.002000  0.000051 0.000042 0.000113 0.000238 0.000121 0.000063 
5172736 SobolQRNG 1 1036 47 1.053000 1.003000  0.000044 0.000039 0.000106 0.000205 0.000112 0.000059 
5172736 SobolQRNG 1 1036 47 1.053000 1.542000  0.000059 0.000041 0.000112 0.000257 0.000126 0.000064 
5172800 SobolQRNG 1 1036 47 1.053000 1.002000  0.000041 0.000036 0.000103 0.000210 0.000108 0.000057 
5172800 SobolQRNG 1 1036 47 1.053000 1.390000  0.000050 0.000040 0.000111 0.000233 0.000124 0.000063 
5172864 SobolQRNG 1 1036 47 1.053000 1.002000  0.000043 0.000038 0.000104 0.000206 0.000109 0.000058 
5172864 SobolQRNG 1 1036 47 1.053000 1.233000  0.000044 0.000038 0.000105 0.000227 0.000114 0.000060 
5172864 SobolQRNG 1 1036 47 1.053000 1.001000  0.000043 0.000038 0.000104 0.000202 0.000110 0.000058 
5172928 SobolQRNG 1 1036 47 1.053000 1.003000  0.000043 0.000038 0.000104 0.000206 0.000109 0.000058 
5172928 SobolQRNG 1 1036 47 1.053000 1.157000  0.000074 0.000041 0.000112 0.000263 0.000121 0.000062 
5172928 SobolQRNG 1 1036 47 1.053000 1.003000  0.000043 0.000037 0.000103 0.000204 0.000108 0.000057 
5172992 SobolQRNG 1 1036 47 1.053000 1.002000  0.000042 0.000055 0.000133 0.000277 0.000153 0.000076 
5172992 SobolQRNG 1 1036 47 1.053000 1.618000  0.000043 0.000037 0.000102 0.000198 0.000109 0.000057 
5172992 SobolQRNG 1 1036 47 1.053000 1.002000  0.000040 0.000035 0.000098 0.000189 0.000100 0.000054 
5173056 SobolQRNG 1 1036 47 1.053000 1.541000  0.000041 0.000037 0.000101 0.000196 0.000107 0.000057 
5173056 SobolQRNG 1 1036 47 1.053000 1.080000  0.000041 0.000037 0.000101 0.000222 0.000105 0.000056 
5173120 SobolQRNG 1 1036 47 1.053000 1.389000  0.000048 0.000039 0.000106 0.000228 0.000114 0.000059 
5173120 SobolQRNG 1 1036 47 1.053000 1.003000  0.000041 0.000037 0.000101 0.000211 0.000108 0.000057 
5173120 SobolQRNG 1 1036 47 1.053000 1.078000  0.000045 0.000038 0.000107 0.000234 0.000117 0.000061 
5173184 SobolQRNG 1 1036 47 1.053000 1.311000  0.000042 0.000037 0.000101 0.000197 0.000107 0.000056 
5173184 SobolQRNG 1 1036 47 1.053000 1.001000  0.000042 0.000035 0.000104 0.000239 0.000106 0.000056 
5173184 SobolQRNG 1 1036 47 1.053000 1.387000  0.000061 0.000039 0.000118 0.000288 0.000125 0.000063 
5173248 SobolQRNG 1 1036 46 1.053000 1.156000  0.000054 0.000035 0.000098 0.000205 0.000098 0.000053 
5173248 SobolQRNG 1 1036 47 1.053000 1.388000  0.000051 0.000038 0.000105 0.000224 0.000112 0.000058 
5173248 SobolQRNG 1 1036 47 1.053000 1.620000  0.000041 0.000036 0.000100 0.000202 0.000105 0.000056 
5173312 SobolQRNG 1 1036 47 1.053000 1.001000  0.000042 0.000036 0.000129 0.000286 0.000131 0.000073 
5173312 SobolQRNG 1 1036 47 1.053000 1.466000  0.000044 0.000037 0.000107 0.000240 0.000118 0.000060 
5173376 SobolQRNG 1 1036 46 1.053000 1.003000  0.000039 0.000034 0.000095 0.000188 0.000097 0.000052 
5173376 SobolQRNG 1 1036 46 1.053000 1.310000  0.000045 0.000035 0.000102 0.000219 0.000108 0.000057 
5173376 SobolQRNG 1 1036 46 1.053000 1.002000  0.000041 0.000036 0.000100 0.000212 0.000111 0.000058 
5173440 SobolQRNG 1 1036 47 1.053000 1.388000  0.000044 0.000037 0.000102 0.000216 0.000108 0.000057 
5173440 SobolQRNG 1 1036 47 1.053000 1.464000  0.000039 0.000035 0.000097 0.000193 0.000102 0.000054 
5173440 SobolQRNG 1 1036 46 1.053000 1.002000  0.000042 0.000036 0.000101 0.000213 0.000108 0.000057 
5173504 SobolQRNG 1 1036 46 1.053000 1.543000  0.000041 0.000035 0.000097 0.000195 0.000104 0.000054 
5173504 SobolQRNG 1 1036 46 1.053000 1.002000  0.000038 0.000064 0.000152 0.000343 0.000138 0.000069 
5173504 SobolQRNG 1 1036 46 1.053000 1.234000  0.000040 0.000035 0.000097 0.000188 0.000102 0.000054 
5173568 SobolQRNG 1 1036 46 1.053000 1.003000  0.000049 0.000039 0.000101 0.000225 0.000104 0.000054 
5173568 SobolQRNG 1 1036 46 1.053000 1.311000  0.000039 0.000035 0.000096 0.000184 0.000101 0.000054 
5173568 SobolQRNG 1 1036 46 1.053000 1.002000  0.000039 0.000035 0.000095 0.000188 0.000101 0.000053 
5173632 SobolQRNG 1 1036 46 1.053000 1.002000  0.000039 0.000035 0.000095 0.000185 0.000101 0.000053 
5173632 SobolQRNG 1 1036 46 1.053000 1.543000  0.000043 0.000035 0.000099 0.000219 0.000111 0.000057 
5173696 SobolQRNG 1 1036 46 1.053000 1.157000  0.000037 0.000032 0.000091 0.000179 0.000094 0.000050 
5173696 SobolQRNG 1 1036 46 1.053000 1.466000  0.000040 0.000038 0.000108 0.000264 0.000116 0.000058 
5173696 SobolQRNG 1 1036 46 1.053000 1.002000  0.000038 0.000034 0.000094 0.000185 0.000098 0.000052 
5173760 SobolQRNG 1 1036 46 1.053000 1.078000  0.000041 0.000034 0.000095 0.000206 0.000106 0.000056 
5173760 SobolQRNG 1 1036 46 1.053000 1.079000  0.000039 0.000034 0.000094 0.000182 0.000098 0.000052 
5173760 SobolQRNG 1 1036 46 1.053000 1.079000  0.000039 0.000034 0.000093 0.000182 0.000099 0.000052 
5173824 SobolQRNG 1 1036 46 1.053000 1.157000  0.000042 0.000035 0.000097 0.000207 0.000105 0.000054 
5173824 SobolQRNG 1 1036 46 1.053000 1.003000  0.000038 0.000033 0.000093 0.000198 0.000096 0.000051 
5173824 SobolQRNG 1 1036 46 1.053000 1.542000  0.000047 0.000036 0.000099 0.000218 0.000110 0.000056 
5173888 SobolQRNG 1 1036 46 1.053000 1.002000  0.000037 0.000033 0.000092 0.000180 0.000097 0.000051 
5173888 SobolQRNG 1 1036 46 1.053000 1.002000  0.000039 0.000033 0.000093 0.000198 0.000102 0.000054 
5173888 SobolQRNG 1 1036 46 1.053000 1.465000  0.000038 0.000034 0.000097 0.000207 0.000106 0.000055 
5173952 SobolQRNG 1 1036 46 1.053000 1.079000  0.000048 0.000035 0.000094 0.000190 0.000096 0.000051 
5173952 SobolQRNG 1 1036 46 1.053000 1.389000  0.000037 0.000049 0.000119 0.000252 0.000137 0.000067 
5174016 SobolQRNG 1 1036 46 1.053000 1.003000  0.000046 0.000033 0.000094 0.000215 0.000097 0.000051 
5174016 SobolQRNG 1 1036 46 1.053000 1.002000  0.000039 0.000033 0.000091 0.000183 0.000098 0.000052 
5174016 SobolQRNG 1 1036 46 1.053000 1.003000  0.000040 0.000033 0.000090 0.000183 0.000093 0.000049 
5174080 SobolQRNG 1 1036 46 1.053000 1.003000  0.000047 0.000036 0.000097 0.000207 0.000105 0.000054 
5174080 SobolQRNG 1 1036 46 1.053000 1.466000  0.000037 0.000033 0.000091 0.000176 0.000096 0.000051 
5174080 SobolQRNG 1 1036 46 1.053000 1.002000  0.000037 0.000031 0.000087 0.000172 0.000090 0.000048 
5174144 SobolQRNG 1 1036 46 1.053000 1.388000  0.000038 0.000033 0.000090 0.000177 0.000096 0.000051 
5174144 SobolQRNG 1 1036 46 1.053000 1.003000  0.000046 0.000037 0.000097 0.000255 0.000100 0.000051 
5174144 SobolQRNG 1 1036 46 1.053000 1.001000  0.000045 0.000035 0.000097 0.000213 0.000106 0.000055 
5174208 SobolQRNG 1 1036 46 1.053000 1.002000  0.000035 0.000032 0.000090 0.000179 0.000094 0.000050 
5174208 SobolQRNG 1 1036 46 1.053000 1.079000  0.000039 0.000033 0.000093 0.000199 0.000101 0.000052 
5174272 SobolQRNG 1 1036 46 1.053000 1.389000  0.000039 0.000033 0.000093 0.000196 0.000102 0.000052 
5174272 SobolQRNG 1 1036 46 1.053000 1.003000  0.000036 0.000032 0.000089 0.000190 0.000092 0.000049 
5174272 SobolQRNG 1 1036 46 1.053000 1.389000  0.000043 0.000034 0.000092 0.000201 0.000102 0.000053 
5174336 SobolQRNG 1 1036 46 1.053000 1.081000  0.000037 0.000032 0.000089 0.000176 0.000093 0.000050 
5174336 SobolQRNG 1 1036 46 1.053000 1.002000  0.000040 0.000033 0.000094 0.000202 0.000107 0.000054 
5174336 SobolQRNG 1 1036 46 1.053000 1.464000  0.000037 0.000032 0.000089 0.000174 0.000094 0.000050 
5174400 SobolQRNG 1 1036 46 1.053000 1.002000  0.000034 0.000030 0.000085 0.000166 0.000087 0.000047 
5174400 SobolQRNG 1 1036 46 1.053000 1.080000  0.000036 0.000032 0.000114 0.000240 0.000113 0.000061 
5174400 SobolQRNG 1 1036 46 1.053000 1.002000  0.000042 0.000033 0.000091 0.000206 0.000104 0.000052 
5174464 SobolQRNG 1 1036 46 1.053000 1.003000  0.000046 0.000034 0.000093 0.000208 0.000104 0.000053 
5174464 SobolQRNG 1 1036 46 1.053000 1.620000  0.000036 0.000032 0.000088 0.000171 0.000093 0.000049 
5174528 SobolQRNG 1 1036 46 1.053000 0.925000  0.000181 0.000155 0.000429 0.000853 0.000448 0.000238 
5174528 SobolQRNG 1 1036 46 1.053000 1.388000  0.000036 0.000032 0.000088 0.000172 0.000092 0.000049 
5174528 SobolQRNG 1 1036 46 1.053000 1.002000  0.000040 0.000031 0.000088 0.000194 0.000099 0.000051 
5174592 SobolQRNG 1 1036 46 1.053000 1.002000  0.000039 0.000034 0.000094 0.000200 0.000101 0.000052 
5174592 SobolQRNG 1 1036 46 1.053000 1.389000  0.000037 0.000032 0.000090 0.000198 0.000096 0.000050 
5174592 SobolQRNG 1 1036 46 1.053000 1.311000  0.000035 0.000030 0.000084 0.000163 0.000086 0.000046 
5174656 SobolQRNG 1 1036 46 1.053000 1.465000  0.000046 0.000034 0.000092 0.000201 0.000099 0.000051 
5174656 SobolQRNG 1 1036 46 1.053000 1.002000  0.000033 0.000030 0.000083 0.000179 0.000085 0.000046 
5174656 SobolQRNG 1 1036 46 1.053000 1.002000  0.000041 0.000033 0.000091 0.000197 0.000100 0.000052 
5174720 SobolQRNG 1 1036 46 1.053000 1.003000  0.000036 0.000031 0.000086 0.000172 0.000090 0.000048 
5174720 SobolQRNG 1 1036 46 1.053000 1.002000  0.000038 0.000031 0.000088 0.000190 0.000097 0.000051 
5174784 SobolQRNG 1 1036 46 1.053000 1.311000  0.000036 0.000046 0.000113 0.000253 0.000113 0.000064 
5174784 SobolQRNG 1 1036 46 1.053000 1.002000  0.000039 0.000031 0.000086 0.000187 0.000091 0.000047 
5174784 SobolQRNG 1 1036 46 1.053000 1.311000  0.000044 0.000034 0.000092 0.000195 0.000098 0.000051 
5174848 SobolQRNG 1 1036 46 1.053000 1.233000  0.000036 0.000031 0.000086 0.000173 0.000091 0.000048 
5174848 SobolQRNG 1 1036 46 1.053000 1.002000  0.000038 0.000032 0.000090 0.000195 0.000099 0.000052 
5174848 SobolQRNG 1 1036 46 1.053000 1.541000  0.000036 0.000031 0.000089 0.000202 0.000097 0.000050 
5174912 SobolQRNG 1 1036 46 1.053000 1.311000  0.000033 0.000029 0.000082 0.000159 0.000083 0.000045 
5174912 SobolQRNG 1 1036 46 1.053000 1.467000  0.000247 0.000142 0.000307 0.000556 0.000256 0.000120 
5174912 SobolQRNG 1 1036 46 1.053000 1.541000  0.000016 0.000015 0.000040 0.000080 0.000043 0.000023 
5174976 SobolQRNG 1 1036 46 1.053000 1.003000  0.000041 0.000032 0.000089 0.000191 0.000097 0.000050 
5174976 SobolQRNG 1 1036 46 1.053000 1.465000  0.000037 0.000030 0.000087 0.000188 0.000097 0.000050 
5175040 SobolQRNG 1 1036 46 1.053000 1.002000  0.000040 0.000032 0.000086 0.000170 0.000087 0.000046 
5175040 SobolQRNG 1 1036 46 1.053000 1.465000  0.000034 0.000045 0.000109 0.000270 0.000124 0.000062 
5175040 SobolQRNG 1 1036 46 1.053000 1.081000  0.000034 0.000029 0.000080 0.000163 0.000084 0.000045 
5175104 SobolQRNG 1 1036 46 1.053000 1.002000  0.000040 0.000031 0.000086 0.000188 0.000095 0.000050 
5175104 SobolQRNG 1 1036 46 1.053000 1.004000  0.000047 0.000032 0.000354 0.001036 0.000266 0.000115 
5175104 SobolQRNG 1 1036 46 1.053000 1.080000  0.000043 0.000032 0.000086 0.000173 0.000087 0.000046 
5175168 SobolQRNG 1 1036 46 1.053000 1.465000  0.000035 0.000030 0.000108 0.000241 0.000109 0.000061 
5175168 SobolQRNG 1 1036 46 1.053000 1.312000  0.000038 0.000029 0.000081 0.000182 0.000084 0.000045 
5175232 SobolQRNG 1 1036 46 1.053000 1.311000  0.000040 0.000032 0.000085 0.000173 0.000091 0.000048 
5175232 SobolQRNG 1 1036 46 1.053000 1.004000  0.000034 0.000030 0.000082 0.000160 0.000086 0.000046 
5175232 SobolQRNG 1 1036 46 1.053000 1.079000  0.000034 0.000030 0.000107 0.000227 0.000105 0.000061 
5175296 SobolQRNG 1 1036 46 1.053000 1.390000  0.000037 0.000031 0.000085 0.000189 0.000096 0.000049 
5175296 SobolQRNG 1 1036 46 1.053000 1.079000  0.000042 0.000030 0.000083 0.000181 0.000085 0.000045 
5175296 SobolQRNG 1 1036 46 1.053000 1.156000  0.000042 0.000032 0.000088 0.000193 0.000097 0.000050 
5175360 SobolQRNG 1 1036 46 1.053000 1.002000  0.000034 0.000030 0.000082 0.000162 0.000086 0.000046 
5175360 SobolQRNG 1 1036 46 1.053000 1.078000  0.000034 0.000030 0.000105 0.000225 0.000105 0.000060 
5175360 SobolQRNG 1 1036 46 1.053000 1.156000  0.000034 0.000030 0.000085 0.000210 0.000097 0.000049 
5175424 SobolQRNG 1 1036 46 1.053000 1.464000  0.000038 0.000030 0.000089 0.000190 0.000089 0.000046 
5175424 SobolQRNG 1 1036 46 1.053000 1.080000  0.000033 0.000029 0.000081 0.000220 0.000104 0.000052 
5175488 SobolQRNG 1 1036 46 1.053000 1.002000  0.479934 0.113994 0.240137 0.480640 0.130521 0.055556 
5175488 SobolQRNG 1 1036 46 1.053000 1.309000  0.000033 0.000029 0.000081 0.000158 0.000085 0.000045 
5175488 SobolQRNG 1 1036 46 1.053000 1.002000  0.000033 0.000029 0.000080 0.000161 0.000085 0.000045 
5175552 SobolQRNG 1 1036 46 1.053000 1.079000  0.000039 0.000031 0.000086 0.000192 0.000095 0.000048 
5175552 SobolQRNG 1 1036 46 1.053000 1.541000  0.000034 0.000029 0.000080 0.000156 0.000085 0.000045 
5175552 SobolQRNG 1 1036 46 1.053000 1.002000  0.000033 0.000028 0.000077 0.000152 0.000079 0.000043 
5175616 SobolQRNG 1 1036 46 1.053000 1.465000  0.000042 0.000031 0.000085 0.000189 0.000095 0.000048 
5175616 SobolQRNG 1 1036 46 1.053000 1.003000  0.000041 0.000028 0.000080 0.000169 0.000081 0.000043 
5175616 SobolQRNG 1 1036 46 1.053000 1.389000  0.000033 0.000029 0.000079 0.000155 0.000084 0.000044 
5175680 SobolQRNG 1 1036 46 1.053000 1.080000  0.000033 0.000029 0.000079 0.000158 0.000083 0.000044 
5175680 SobolQRNG 1 1036 46 1.053000 1.156000  0.000032 0.000029 0.000079 0.000155 0.000082 0.000044 
5175680 SobolQRNG 1 1036 46 1.053000 1.695000  0.000033 0.000029 0.000078 0.000155 0.000083 0.000044 
5175744 SobolQRNG 1 1036 46 1.053000 1.079000  0.000033 0.000027 0.000075 0.000149 0.000077 0.000042 
5175744 SobolQRNG 1 1036 46 1.053000 1.309000  0.000032 0.000028 0.000078 0.000154 0.000082 0.000044 
5175808 SobolQRNG 1 1036 46 1.053000 1.081000  0.000030 0.000027 0.000077 0.000163 0.000079 0.000042 
5175808 SobolQRNG 1 1036 46 1.053000 1.389000  0.000038 0.000030 0.000083 0.000190 0.000092 0.000047 
5175808 SobolQRNG 1 1036 46 1.053000 1.695000  0.000031 0.000029 0.000078 0.000156 0.000082 0.000044 
5175872 SobolQRNG 1 1036 46 1.053000 1.079000  0.000042 0.000030 0.000083 0.000185 0.000091 0.000047 
5175872 SobolQRNG 1 1036 46 1.053000 1.388000  0.000046 0.000029 0.000084 0.000199 0.000091 0.000089 
5175872 SobolQRNG 1 1036 46 1.053000 1.156000  0.000378 0.000127 0.000286 0.000512 0.000186 0.000082 
5175936 SobolQRNG 1 1036 46 1.053000 1.387000  0.000046 0.000029 0.000081 0.000181 0.000087 0.000045 
5175936 SobolQRNG 1 1036 46 1.053000 1.312000  0.000035 0.000028 0.000077 0.000156 0.000081 0.000043 
5176000 SobolQRNG 1 1036 46 1.053000 1.233000  0.000032 0.000028 0.000076 0.000165 0.000086 0.000045 
5176000 SobolQRNG 1 1036 46 1.053000 1.541000  0.000077 0.000053 0.000146 0.000301 0.000132 0.000070 
5176000 SobolQRNG 1 1036 46 1.053000 1.157000  0.588099 0.139872 0.294253 0.588377 0.159744 0.068372 
5176064 SobolQRNG 1 1036 46 1.053000 1.466000  0.000076 0.000067 0.000183 0.000365 0.000195 0.000103 
5176064 SobolQRNG 1 1036 46 1.053000 1.080000  0.000031 0.000028 0.000076 0.000151 0.000081 0.000043 
5176064 SobolQRNG 1 1036 46 1.053000 1.078000  0.000036 0.000029 0.000081 0.000179 0.000090 0.000046 
5176128 SobolQRNG 1 1036 46 1.053000 1.620000  0.000075 0.000040 0.000120 0.000239 0.000129 0.000062 
5176128 SobolQRNG 1 1036 46 1.053000 1.080000  0.000031 0.000026 0.000073 0.000145 0.000076 0.000042 
5176128 SobolQRNG 1 1036 46 1.053000 1.233000  0.000031 0.000028 0.000076 0.000147 0.000080 0.000042 
5176192 SobolQRNG 1 1036 46 1.053000 1.003000  0.000029 0.000027 0.000076 0.000159 0.000078 0.000042 
5176192 SobolQRNG 1 1036 46 1.053000 1.389000  0.000039 0.000029 0.000081 0.000180 0.000089 0.000045 
5176256 SobolQRNG 1 1036 46 1.053000 1.620000  0.000031 0.000027 0.000075 0.000150 0.000079 0.000042 
5176256 SobolQRNG 1 1036 46 1.053000 1.080000  0.000031 0.000027 0.000098 0.000214 0.000096 0.000055 
5176256 SobolQRNG 1 1036 46 1.053000 1.618000  0.000033 0.000028 0.000078 0.000165 0.000084 0.000043 
5176320 SobolQRNG 1 1036 46 1.053000 1.080000  0.000029 0.000026 0.000072 0.000141 0.000073 0.000040 
5176320 SobolQRNG 1 1036 46 1.053000 1.466000  0.000034 0.000027 0.000076 0.000168 0.000084 0.000043 
5176320 SobolQRNG 1 1036 46 1.053000 1.080000  0.000036 0.000027 0.000075 0.000161 0.000076 0.000041 
5176384 SobolQRNG 1 1036 46 1.053000 0.926000  0.000039 0.000029 0.000080 0.000178 0.000088 0.000046 
5176384 SobolQRNG 1 1036 46 1.053000 1.079000  0.000029 0.000026 0.000072 0.000139 0.000073 0.000040 
5176384 SobolQRNG 1 1036 46 1.053000 1.079000  0.000031 0.000027 0.000096 0.000212 0.000096 0.000055 
5176448 SobolQRNG 1 1036 46 1.053000 1.389000  0.000031 0.000027 0.000074 0.000146 0.000078 0.000045 
5176448 SobolQRNG 1 1036 46 1.053000 1.079000  0.000029 0.000025 0.000071 0.000144 0.000072 0.000039 
5176448 SobolQRNG 1 1036 46 1.053000 1.389000  0.000030 0.000027 0.000074 0.000144 0.000077 0.000041 
5176512 SobolQRNG 1 1036 46 1.053000 1.002000  0.000031 0.000025 0.000071 0.000142 0.000077 0.000041 
5176512 SobolQRNG 1 1036 46 1.053000 1.311000  0.000039 0.000029 0.000078 0.000172 0.000086 0.000044 
5176576 SobolQRNG 1 1036 46 1.053000 1.388000  0.000045 0.000028 0.000079 0.000179 0.000086 0.000044 
5176576 SobolQRNG 1 1036 46 1.053000 1.079000  0.000033 0.000027 0.000077 0.000169 0.000085 0.000044 
5176576 SobolQRNG 1 1036 46 1.053000 1.464000  0.000033 0.000027 0.000075 0.000164 0.000082 0.000043 
5176640 SobolQRNG 1 1036 46 1.053000 1.079000  0.000042 0.000026 0.000072 0.000187 0.000078 0.000041 
5176640 SobolQRNG 1 1036 46 1.053000 1.388000  0.000034 0.000028 0.000078 0.000174 0.000085 0.000044 
5176640 SobolQRNG 1 1036 46 1.053000 1.079000  0.000030 0.000027 0.000073 0.000144 0.000077 0.000041 
5176704 SobolQRNG 1 1036 46 1.053000 1.157000  0.000030 0.000026 0.000094 0.000208 0.000095 0.000054 
5176704 SobolQRNG 1 1036 46 1.053000 1.465000  0.000031 0.000027 0.000074 0.000160 0.000080 0.000042 
5176704 SobolQRNG 1 1036 45 1.053000 1.079000  0.000028 0.000025 0.000070 0.000136 0.000071 0.000039 
5176768 SobolQRNG 1 1036 45 1.053000 1.390000  0.000045 0.000031 0.000081 0.000194 0.000086 0.000044 
5176768 SobolQRNG 1 1036 46 1.053000 1.079000  0.000030 0.000026 0.000072 0.000160 0.000074 0.000040 
5176832 SobolQRNG 1 1036 46 1.053000 1.389000  0.000030 0.000038 0.000093 0.000201 0.000109 0.000053 
5176832 SobolQRNG 1 1036 46 1.053000 1.003000  0.000032 0.000026 0.000074 0.000161 0.000082 0.000043 
5176832 SobolQRNG 1 1036 46 1.053000 1.079000  0.000038 0.000032 0.000083 0.000192 0.000086 0.000043 
5176896 SobolQRNG 1 1036 46 1.053000 1.312000  0.000032 0.000026 0.000073 0.000154 0.000079 0.000042 
5176896 SobolQRNG 1 1036 45 1.053000 1.079000  0.000029 0.000024 0.000074 0.000171 0.000075 0.000039 
5176896 SobolQRNG 1 1036 45 1.053000 1.389000  0.000029 0.000026 0.000071 0.000138 0.000113 0.000054 
5176960 SobolQRNG 1 1036 45 1.053000 1.003000  0.000029 0.000026 0.000070 0.000137 0.000074 0.000039 
5176960 SobolQRNG 1 1036 46 1.053000 1.158000  0.000031 0.000026 0.000073 0.000153 0.000079 0.000041 
5176960 SobolQRNG 1 1036 46 1.053000 1.541000  0.000031 0.000027 0.000074 0.000164 0.000083 0.000043 
5177024 SobolQRNG 1 1036 46 1.053000 1.388000  0.000029 0.000024 0.000067 0.000135 0.000069 0.000037 
5177024 SobolQRNG 1 1036 46 1.053000 1.464000  0.000029 0.000025 0.000070 0.000137 0.000073 0.000039 
5177088 SobolQRNG 1 1036 46 1.053000 1.079000  0.000027 0.000025 0.000068 0.000147 0.000071 0.000038 
5177088 SobolQRNG 1 1036 46 1.053000 1.387000  0.000029 0.000025 0.000070 0.000137 0.000073 0.000039 
5177088 SobolQRNG 1 1036 46 1.053000 1.080000  0.000028 0.000025 0.000069 0.000135 0.000072 0.000039 
5177152 SobolQRNG 1 1036 46 1.053000 1.081000  0.000028 0.000025 0.000069 0.000136 0.000073 0.000039 
5177152 SobolQRNG 1 1036 46 1.053000 1.464000  0.000038 0.000028 0.000074 0.000161 0.000080 0.000041 
5177152 SobolQRNG 1 1036 46 1.053000 1.081000  0.000029 0.000024 0.000066 0.000133 0.000068 0.000037 
5177216 SobolQRNG 1 1036 46 1.053000 1.389000  0.000029 0.000025 0.000069 0.000134 0.000073 0.000038 
5177216 SobolQRNG 1 1036 46 1.053000 1.081000  0.000028 0.000024 0.000068 0.000139 0.000073 0.000039 
5177216 SobolQRNG 1 1036 46 1.053000 1.080000  0.000030 0.000025 0.000070 0.000150 0.000077 0.000040 
5177280 SobolQRNG 1 1036 46 1.053000 1.544000  0.000031 0.000025 0.000070 0.000155 0.000076 0.000040 
5177280 SobolQRNG 1 1036 46 1.053000 1.155000  0.000028 0.000026 0.000071 0.000155 0.000077 0.000039 
5177344 SobolQRNG 1 1036 46 1.053000 1.465000  0.000028 0.000025 0.000068 0.000158 0.000077 0.000040 
5177344 SobolQRNG 1 1036 46 1.053000 1.081000  0.000041 0.000024 0.000067 0.000160 0.000071 0.000038 
5177344 SobolQRNG 1 1036 46 1.053000 1.466000  0.000200 0.000147 0.000401 0.000960 0.000459 0.000243 
5177408 SobolQRNG 1 1036 46 1.053000 1.698000  0.000029 0.000025 0.000068 0.000136 0.000072 0.000038 
5177408 SobolQRNG 1 1036 46 1.053000 1.078000  0.000034 0.000026 0.000072 0.000161 0.000080 0.000041 
5177408 SobolQRNG 1 1036 46 1.053000 1.465000  0.000031 0.000025 0.000071 0.000153 0.000078 0.000040 
5177472 SobolQRNG 1 1036 46 1.053000 1.079000  0.000026 0.000023 0.000065 0.000127 0.000065 0.000036 
5177472 SobolQRNG 1 1036 46 1.053000 1.234000  0.000199 0.000145 0.000396 0.000796 0.000336 0.000159 
5177536 SobolQRNG 1 1036 46 1.053000 1.157000  0.360436 0.078866 0.164721 0.360641 0.092036 0.038818 
5177536 SobolQRNG 1 1036 46 1.053000 1.077000  0.000036 0.000027 0.000073 0.000164 0.000082 0.000041 
5177536 SobolQRNG 1 1036 46 1.053000 1.775000  0.000028 0.000024 0.000067 0.000132 0.000070 0.000037 
5177600 SobolQRNG 1 1036 46 1.053000 1.079000  0.000035 0.000024 0.000066 0.000150 0.000069 0.000037 
5177600 SobolQRNG 1 1036 46 1.053000 1.464000  0.000028 0.000024 0.000067 0.000135 0.000071 0.000037 
5177600 SobolQRNG 1 1036 46 1.053000 1.079000  0.000051 0.000028 0.000072 0.000157 0.000077 0.000039 
5177664 SobolQRNG 1 1036 46 1.053000 1.155000  0.000033 0.000025 0.000069 0.000149 0.000074 0.000039 
5177664 SobolQRNG 1 1036 46 1.053000 1.079000  0.000034 0.000025 0.000069 0.000166 0.000076 0.000039 
5177664 SobolQRNG 1 1036 46 1.053000 1.002000  0.000030 0.000026 0.000071 0.000151 0.000075 0.000039 
5177728 SobolQRNG 1 1036 46 1.053000 1.463000  0.000028 0.000024 0.000066 0.000131 0.000070 0.000037 
5177728 SobolQRNG 1 1036 46 1.053000 1.080000  0.000028 0.000024 0.000066 0.000149 0.000068 0.000036 
5177792 SobolQRNG 1 1036 46 1.053000 1.232000  0.000033 0.000025 0.000070 0.000157 0.000077 0.000040 
5177792 SobolQRNG 1 1036 46 1.053000 1.156000  0.000027 0.000024 0.000066 0.000129 0.000069 0.000037 
5177792 SobolQRNG 1 1036 46 1.053000 1.079000  0.000027 0.000024 0.000066 0.000128 0.000069 0.000037 
5177856 SobolQRNG 1 1036 46 1.053000 1.464000  0.000047 0.000040 0.000109 0.000217 0.000179 0.000085 
5177856 SobolQRNG 1 1036 46 1.053000 1.080000  0.000026 0.000022 0.000063 0.000126 0.000064 0.000035 
5177856 SobolQRNG 1 1036 46 1.053000 1.234000  0.000028 0.000024 0.000066 0.000130 0.000069 0.000037 
5177920 SobolQRNG 1 1036 46 1.053000 1.157000  0.000027 0.000023 0.000065 0.000138 0.000068 0.000036 
5177920 SobolQRNG 1 1036 45 1.053000 1.155000  0.000030 0.000025 0.000068 0.000149 0.000075 0.000038 
5177920 SobolQRNG 1 1036 45 1.053000 1.541000  0.000026 0.000024 0.000065 0.000130 0.000069 0.000036 
5177984 SobolQRNG 1 1036 45 1.053000 1.003000  0.000030 0.000024 0.000066 0.000145 0.000074 0.000038 
5177984 SobolQRNG 1 1036 46 1.053000 1.388000  0.000028 0.000024 0.000065 0.000129 0.000069 0.000036 
5177984 SobolQRNG 1 1036 46 1.053000 0.925000  0.000026 0.000022 0.000063 0.000124 0.000065 0.000035 
5178048 SobolQRNG 1 1036 45 1.053000 1.313000  0.000027 0.000024 0.000065 0.000125 0.000068 0.000036 
5178048 SobolQRNG 1 1036 45 1.053000 0.925000  0.000032 0.000025 0.000068 0.000139 0.000070 0.000037 
5178112 SobolQRNG 1 1036 46 1.053000 0.924000  0.000029 0.000024 0.000070 0.000160 0.000074 0.000038 
5178112 SobolQRNG 1 1036 45 1.053000 0.926000  0.000027 0.000038 0.000117 0.000306 0.000107 0.000052 
