#Timestamp	Benchmark	Run(#)	CPU Frequency (MHz)	CPU Temperature(C)	CPU Voltage(V)	CPU Power(W)	CPU_CYCLES	L1_DATA_CACHE_ACCESS	INSTRUCTIONS_RETIRED	BUS_CYCLES	L1I_CACHE_ACCESS	PREDICTABLE_BRANCH_SPECULATIVELY_EXECUTED
6229632 convolutionTexture 1 1632 52 1.188000 2.159000  0.000011 0.000004 0.000011 0.000034 0.000014 0.000007 
6229696 convolutionTexture 1 1632 52 1.188000 2.928000  0.000021 0.000015 0.000041 0.000094 0.000043 0.000023 
6229696 convolutionTexture 1 1632 52 1.188000 2.544000  0.000005 0.000004 0.000011 0.000024 0.000013 0.000007 
6229696 convolutionTexture 1 1632 53 1.188000 2.698000  0.000029 0.000016 0.000043 0.000128 0.000048 0.000025 
6229760 convolutionTexture 1 1632 53 1.188000 2.775000  0.000020 0.000014 0.000039 0.000088 0.000040 0.000022 
6229760 convolutionTexture 1 1632 53 1.188000 2.928000  0.000019 0.000015 0.000041 0.000099 0.000045 0.000023 
6229760 convolutionTexture 1 1632 53 1.188000 3.083000  0.000018 0.000016 0.000042 0.000092 0.000046 0.000024 
6229824 convolutionTexture 1 1632 54 1.188000 2.005000  0.000020 0.000015 0.000041 0.000084 0.000042 0.000022 
6229824 convolutionTexture 1 1632 54 1.188000 2.544000  0.000018 0.000015 0.000041 0.000090 0.000045 0.000023 
6229824 convolutionTexture 1 1632 53 1.188000 1.851000  0.000017 0.000015 0.000040 0.000081 0.000042 0.000022 
6229888 convolutionTexture 1 1632 53 1.188000 1.851000  0.000017 0.000015 0.000040 0.000080 0.000043 0.000023 
6229888 convolutionTexture 1 1632 53 1.188000 1.928000  0.000017 0.000015 0.000040 0.000080 0.000043 0.000022 
6229888 convolutionTexture 1 1632 53 1.188000 1.850000  0.190872 0.110025 0.386704 0.190937 -0.061570 0.372339 
6229952 convolutionTexture 1 1632 53 1.188000 2.622000  0.000017 0.000015 0.000040 0.000079 0.000043 0.000023 
6229952 convolutionTexture 1 1632 53 1.188000 1.928000  0.000017 0.000015 0.000040 0.000079 0.000043 0.000022 
6229952 convolutionTexture 1 1632 53 1.188000 2.003000  0.000020 0.000015 0.000042 0.000092 0.000047 0.000024 
6230016 convolutionTexture 1 1632 53 1.188000 1.850000  0.000019 0.000014 0.000041 0.000088 0.000045 0.000023 
6230016 convolutionTexture 1 1632 53 1.188000 1.928000  0.000018 0.000015 0.000041 0.000087 0.000043 0.000022 
6230080 convolutionTexture 1 1632 53 1.188000 2.622000  0.000019 0.000015 0.000041 0.000219 0.000066 0.000031 
6230080 convolutionTexture 1 1632 53 1.188000 1.231000  0.000015 0.000014 0.000038 0.000074 0.000039 0.000021 
6230080 convolutionTexture 1 1632 53 1.188000 1.308000  0.000019 0.000015 0.000041 0.000091 0.000045 0.000023 
6230144 convolutionTexture 1 1632 53 1.188000 1.077000  0.000016 0.000014 0.000038 0.000074 0.000039 0.000021 
6230144 convolutionTexture 1 1632 54 1.188000 1.846000  0.000023 0.000014 0.000043 0.000111 0.000047 0.000024 
6230144 convolutionTexture 1 1632 54 1.188000 1.000000  0.000017 0.000014 0.000039 0.000078 0.000042 0.000022 
6230208 convolutionTexture 1 1632 54 1.188000 1.693000  0.000021 0.000014 0.000040 0.000095 0.000044 0.000023 
6230208 convolutionTexture 1 1632 55 1.188000 2.929000  0.000018 0.000015 0.000041 0.000091 0.000045 0.000023 
6230208 convolutionTexture 1 1632 55 1.188000 2.005000  0.000015 0.000013 0.000038 0.000073 0.000038 0.000021 
6230272 convolutionTexture 1 1632 55 1.188000 2.236000  0.000016 0.000014 0.000039 0.000077 0.000042 0.000022 
6230272 convolutionTexture 1 1632 55 1.188000 2.005000  0.000018 0.000014 0.000039 0.000080 0.000042 0.000022 
6230272 convolutionTexture 1 1632 54 1.188000 2.005000  0.000016 0.000014 0.000039 0.000077 0.000041 0.000022 
6230336 convolutionTexture 1 1632 54 1.188000 3.007000  0.000018 0.000015 0.000040 0.000092 0.000045 0.000023 
6230336 convolutionTexture 1 1632 54 1.188000 2.005000  0.000015 0.000013 0.000038 0.000074 0.000039 0.000021 
6230336 convolutionTexture 1 1632 54 1.188000 2.851000  0.000020 0.000015 0.000041 0.000092 0.000047 0.000024 
6230400 convolutionTexture 1 1632 54 1.188000 2.005000  0.000016 0.000014 0.000039 0.000077 0.000041 0.000022 
6230400 convolutionTexture 1 1632 54 1.188000 2.082000  0.000119 0.000085 0.000175 0.000327 0.000142 0.000065 
6230400 convolutionTexture 1 1632 54 1.188000 3.160000  0.000017 0.000014 0.000039 0.000079 0.000041 0.000022 
6230464 convolutionTexture 1 1632 54 1.188000 2.005000  0.000019 0.000013 0.000037 0.000088 0.000039 0.000021 
6230464 convolutionTexture 1 1632 54 1.188000 2.694000  0.000019 0.000015 0.000041 0.000091 0.000045 0.000023 
6230528 convolutionTexture 1 1632 54 1.188000 2.005000  0.000018 0.000014 0.000040 0.000090 0.000044 0.000023 
6230528 convolutionTexture 1 1632 54 1.188000 2.005000  0.000017 0.000014 0.000040 0.000091 0.000045 0.000023 
6230528 convolutionTexture 1 1632 54 1.188000 2.540000  0.000018 0.000015 0.000040 0.000087 0.000044 0.000023 
6230592 convolutionTexture 1 1632 54 1.188000 2.005000  0.000016 0.000014 0.000039 0.000076 0.000041 0.000022 
6230592 convolutionTexture 1 1632 54 1.188000 2.005000  0.000019 0.000015 0.000040 0.000088 0.000045 0.000023 
6230592 convolutionTexture 1 1632 54 1.188000 2.622000  0.000018 0.000015 0.000040 0.000090 0.000044 0.000023 
6230656 convolutionTexture 1 1632 54 1.188000 2.005000  0.000018 0.000013 0.000037 0.000091 0.000039 0.000021 
6230656 convolutionTexture 1 1632 54 1.188000 2.159000  0.000019 0.000014 0.000040 0.000087 0.000043 0.000022 
6230656 convolutionTexture 1 1632 54 1.188000 2.005000  0.000018 0.000014 0.000040 0.000088 0.000044 0.000023 
6230720 convolutionTexture 1 1632 54 1.188000 2.005000  0.000017 0.000015 0.000040 0.000089 0.000043 0.000023 
6230720 convolutionTexture 1 1632 54 1.188000 2.618000  0.000016 0.000014 0.000050 0.000107 0.000057 0.000028 
6230720 convolutionTexture 1 1632 54 1.188000 2.005000  0.000016 0.000014 0.000039 0.000075 0.000041 0.000022 
6230784 convolutionTexture 1 1632 54 1.188000 2.005000  0.000016 0.000014 0.000038 0.000074 0.000040 0.000021 
6230784 convolutionTexture 1 1632 54 1.188000 3.083000  0.000017 0.000014 0.000038 0.000076 0.000041 0.000021 
6230784 convolutionTexture 1 1632 54 1.188000 2.694000  0.223177 0.114096 0.389198 0.223245 -0.049269 0.361687 
6230848 convolutionTexture 1 1632 54 1.188000 2.774000  0.000015 0.000014 0.000038 0.000075 0.000041 0.000021 
6230848 convolutionTexture 1 1632 54 1.188000 2.005000  0.000016 0.000014 0.000038 0.000076 0.000041 0.000021 
6230848 convolutionTexture 1 1632 54 1.188000 2.005000  0.000015 0.000014 0.000038 0.000074 0.000041 0.000021 
6230912 convolutionTexture 1 1632 54 1.188000 2.464000  0.000016 0.000014 0.000038 0.000075 0.000040 0.000021 
6230912 convolutionTexture 1 1632 54 1.188000 2.082000  0.000016 0.000013 0.000037 0.000084 0.000039 0.000021 
6230976 convolutionTexture 1 1632 53 1.188000 2.314000  0.000018 0.000015 0.000040 0.000089 0.000044 0.000023 
6230976 convolutionTexture 1 1632 53 1.188000 2.543000  0.000017 0.000015 0.000041 0.000093 0.000046 0.000024 
6230976 convolutionTexture 1 1632 53 1.188000 2.005000  0.000555 0.000146 0.000277 0.000618 0.000201 0.000086 
6231040 convolutionTexture 1 1632 54 1.188000 2.775000  0.000227 0.000095 0.000249 0.000621 0.000270 0.000141 
6231040 convolutionTexture 1 1632 54 1.188000 2.005000  0.000020 0.000015 0.000043 0.000100 0.000049 0.000025 
6231040 convolutionTexture 1 1632 54 1.188000 2.005000  0.003208 0.002828 0.007912 0.015175 0.008114 0.004370 
6231104 convolutionTexture 1 1632 54 1.188000 2.622000  0.001849 0.001612 0.004437 0.008650 0.004692 0.002479 
6231104 convolutionTexture 1 1632 54 1.188000 2.005000  0.001706 0.001487 0.004061 0.007978 0.004360 0.002276 
6231104 convolutionTexture 1 1632 54 1.188000 2.853000  0.001336 0.001167 0.003211 0.006234 0.003393 0.001795 
6231168 convolutionTexture 1 1632 53 1.188000 3.160000  0.001217 0.000993 0.002710 0.006069 0.002996 0.001545 
6231168 convolutionTexture 1 1632 53 1.188000 2.005000  0.004709 0.001029 0.002076 0.004776 0.001252 0.000538 
6231168 convolutionTexture 1 1632 54 1.188000 2.693000  0.001004 0.000896 0.002475 0.004766 0.002599 0.001384 
6231232 convolutionTexture 1 1632 54 1.188000 2.005000  0.005970 0.001254 0.002505 0.006047 0.001548 0.000652 
6231232 convolutionTexture 1 1632 53 1.188000 2.082000  0.001176 0.000904 0.002481 0.005370 0.002687 0.001382 
6231296 convolutionTexture 1 1632 53 1.188000 2.620000  0.000849 0.000739 0.002018 0.003996 0.002144 0.001130 
6231296 convolutionTexture 1 1632 53 1.188000 2.005000  0.010346 0.002168 0.004789 0.014758 0.003891 0.001746 
6231296 convolutionTexture 1 1632 53 1.188000 2.005000  0.000723 0.000619 0.001698 0.003351 0.001803 0.000950 
6231360 convolutionTexture 1 1632 53 1.188000 3.163000  0.000766 0.000593 0.001644 0.003593 0.001821 0.000938 
6231360 convolutionTexture 1 1632 53 1.188000 2.158000  0.000755 0.000586 0.001641 0.003544 0.001753 0.000915 
6231360 convolutionTexture 1 1632 53 1.188000 2.543000  0.000696 0.000550 0.001518 0.003450 0.001728 0.000878 
6231424 convolutionTexture 1 1632 52 1.188000 2.693000  0.000548 0.000469 0.001291 0.002912 0.001366 0.000720 
6231424 convolutionTexture 1 1632 52 1.188000 2.004000  0.000598 0.000468 0.001283 0.002833 0.001430 0.000730 
6231424 convolutionTexture 1 1632 51 1.188000 2.005000  0.000505 0.000433 0.001184 0.002327 0.001255 0.000664 
6231488 convolutionTexture 1 1632 51 1.188000 2.237000  0.000478 0.000420 0.001154 0.002243 0.001216 0.000647 
6231488 convolutionTexture 1 1632 51 1.188000 3.236000  0.000448 0.000393 0.001120 0.002466 0.001218 0.000626 
6231488 convolutionTexture 1 1632 52 1.188000 2.236000  0.000500 0.000359 0.001011 0.002250 0.001059 0.000577 
6231552 convolutionTexture 1 1632 52 1.188000 2.770000  0.000538 0.000404 0.001097 0.002404 0.001181 0.000603 
6231552 convolutionTexture 1 1632 52 1.188000 2.312000  0.000395 0.000355 0.001028 0.002311 0.001154 0.000600 
6231552 convolutionTexture 1 1632 52 1.188000 2.236000  0.000432 0.000355 0.001002 0.002131 0.001083 0.000569 
6231616 convolutionTexture 1 1632 52 1.188000 2.544000  0.000421 0.000349 0.000965 0.001921 0.001544 0.000746 
6231616 convolutionTexture 1 1632 52 1.188000 2.236000  0.000520 0.000390 0.001041 0.002466 0.001041 0.000539 
6231616 convolutionTexture 1 1632 52 1.188000 2.236000  0.000494 0.000352 0.000945 0.002124 0.001026 0.000531 
6231680 convolutionTexture 1 1632 52 1.188000 2.236000  0.000373 0.000319 0.000874 0.001782 0.000939 0.000493 
6231680 convolutionTexture 1 1632 52 1.188000 2.236000  0.000376 0.000317 0.000890 0.001894 0.000962 0.000503 
6231680 convolutionTexture 1 1632 52 1.188000 2.926000  0.000369 0.000305 0.000848 0.001899 0.000926 0.000484 
6231744 convolutionTexture 1 1632 52 1.188000 2.236000  0.000399 0.000266 0.000754 0.001649 0.000768 0.000412 
6231744 convolutionTexture 1 1632 52 1.188000 2.771000  0.000303 0.000250 0.000840 0.002297 0.000891 0.000433 
6231808 convolutionTexture 1 1632 52 1.188000 2.236000  0.000306 0.000247 0.000700 0.001515 0.000760 0.000392 
6231808 convolutionTexture 1 1632 51 1.188000 2.159000  0.000334 0.000262 0.000717 0.001557 0.000774 0.000396 
6231808 convolutionTexture 1 1632 51 1.188000 3.007000  0.000279 0.000240 0.000662 0.001315 0.000701 0.000371 
6231872 convolutionTexture 1 1632 51 1.188000 2.236000  0.000261 0.000232 0.000642 0.001425 0.000672 0.000361 
6231872 convolutionTexture 1 1632 51 1.188000 2.313000  0.000329 0.000249 0.000686 0.001495 0.000750 0.000384 
6231872 convolutionTexture 1 1632 52 1.188000 2.390000  0.000316 0.000233 0.000639 0.001422 0.000679 0.000357 
6231936 convolutionTexture 1 1632 52 1.188000 2.236000  0.000321 0.000245 0.000680 0.001520 0.000745 0.000384 
6231936 convolutionTexture 1 1632 51 1.188000 2.005000  0.000258 0.000222 0.000609 0.001201 0.000644 0.000341 
6231936 convolutionTexture 1 1632 52 1.188000 2.235000  0.000244 0.000207 0.000578 0.001143 0.000598 0.000320 
6232000 convolutionTexture 1 1632 52 1.188000 3.082000  0.000304 0.000224 0.000601 0.001323 0.000649 0.000337 
6232000 convolutionTexture 1 1632 53 1.188000 2.235000  0.000246 0.000208 0.000589 0.001321 0.000653 0.000338 
6232000 convolutionTexture 1 1632 53 1.188000 2.234000  0.000468 0.000246 0.000644 0.001477 0.000681 0.000341 
6232064 convolutionTexture 1 1632 52 1.188000 3.160000  0.000237 0.000200 0.000549 0.001083 0.000583 0.000307 
6232064 convolutionTexture 1 1632 52 1.188000 2.160000  0.000217 0.000188 0.000522 0.001041 0.000539 0.000289 
6232064 convolutionTexture 1 1632 52 1.188000 2.776000  0.000213 0.000193 0.000538 0.001171 0.000598 0.000308 
6232128 convolutionTexture 1 1632 52 1.188000 2.236000  0.000221 0.000191 0.000525 0.001054 0.000555 0.000298 
6232128 convolutionTexture 1 1632 51 1.188000 2.236000  0.000245 0.000200 0.000547 0.001194 0.000606 0.000311 
6232128 convolutionTexture 1 1632 51 1.188000 2.853000  0.000241 0.000189 0.000523 0.001152 0.000578 0.000298 
6232192 convolutionTexture 1 1632 52 1.188000 2.313000  0.000199 0.000173 0.000483 0.000946 0.000494 0.000268 
6232192 convolutionTexture 1 1632 52 1.188000 2.544000  0.000224 0.000179 0.000497 0.001079 0.000535 0.000281 
6232192 convolutionTexture 1 1632 52 1.188000 2.237000  0.000185 0.000163 0.000448 0.001336 0.000540 0.000269 
6232256 convolutionTexture 1 1632 52 1.188000 2.159000  0.000212 0.000169 0.000465 0.001008 0.000497 0.000261 
6232256 convolutionTexture 1 1632 52 1.188000 3.160000  0.000183 0.000160 0.000440 0.000876 0.000468 0.000246 
6232320 convolutionTexture 1 1632 52 1.188000 2.235000  1.540283 1.049703 2.019996 1.540707 0.697063 0.211347 
6232320 convolutionTexture 1 1632 52 1.188000 2.851000  0.000231 0.000168 0.000463 0.001016 0.000493 0.000254 
6232320 convolutionTexture 1 1632 52 1.188000 2.235000  0.000197 0.000156 0.000432 0.000966 0.000455 0.000240 
6232384 convolutionTexture 1 1632 52 1.188000 2.467000  0.000212 0.000158 0.000443 0.000969 0.000478 0.000248 
6232384 convolutionTexture 1 1632 52 1.188000 3.080000  0.000517 0.000167 0.000460 0.001296 0.000495 0.000253 
6232384 convolutionTexture 1 1632 52 1.188000 2.236000  0.000171 0.000144 0.000411 0.000917 0.000417 0.000225 
6232448 convolutionTexture 1 1632 52 1.188000 2.390000  0.000184 0.000150 0.000425 0.000940 0.000470 0.000243 
6232448 convolutionTexture 1 1632 52 1.188000 2.236000  0.000177 0.000148 0.000414 0.000851 0.000439 0.000232 
6232448 convolutionTexture 1 1632 52 1.188000 2.236000  0.000833 0.000354 0.000892 0.001718 0.000850 0.000407 
6232512 convolutionTexture 1 1632 52 1.188000 2.699000  0.000167 0.000144 0.000398 0.000788 0.000420 0.000222 
6232512 convolutionTexture 1 1632 52 1.188000 2.313000  0.000161 0.000140 0.000434 0.001096 0.000444 0.000226 
6232512 convolutionTexture 1 1632 52 1.188000 2.312000  0.000168 0.000140 0.000384 0.000776 0.000406 0.000215 
6232576 convolutionTexture 1 1632 52 1.188000 1.773000  0.000175 0.000138 0.000378 0.000801 0.000399 0.000211 
6232576 convolutionTexture 1 1632 52 1.188000 2.929000  0.000196 0.000147 0.000396 0.001008 0.000428 0.000216 
6232576 convolutionTexture 1 1632 52 1.188000 3.313000  0.000151 0.000129 0.000360 0.000731 0.000407 0.000209 
6232640 convolutionTexture 1 1632 52 1.188000 2.236000  0.000146 0.000122 0.000343 0.000691 0.000349 0.000189 
6232640 convolutionTexture 1 1632 52 1.188000 3.239000  0.000192 0.000136 0.000370 0.000830 0.000403 0.000209 
6232640 convolutionTexture 1 1632 52 1.188000 2.236000  0.000181 0.000137 0.000374 0.000836 0.000412 0.000211 
6232704 convolutionTexture 1 1632 52 1.188000 2.236000  0.000192 0.000136 0.000369 0.000838 0.000400 0.000206 
6232704 convolutionTexture 1 1632 52 1.188000 3.082000  0.000196 0.000136 0.000365 0.000931 0.000423 0.000210 
6232704 convolutionTexture 1 1632 52 1.188000 2.236000  0.000168 0.000130 0.000347 0.000708 0.000353 0.000188 
6232768 convolutionTexture 1 1632 52 1.188000 2.775000  0.000142 0.000123 0.000339 0.000670 0.000361 0.000190 
6232768 convolutionTexture 1 1632 52 1.188000 2.236000  0.000143 0.000116 0.000324 0.000645 0.000334 0.000180 
6232832 convolutionTexture 1 1632 52 1.188000 2.237000  0.000136 0.000120 0.000329 0.000646 0.000347 0.000184 
6232832 convolutionTexture 1 1632 52 1.188000 2.314000  0.000168 0.000126 0.000344 0.000756 0.000372 0.000190 
6232832 convolutionTexture 1 1632 52 1.188000 2.236000  0.000126 0.000111 0.000308 0.000604 0.000315 0.000171 
6232896 convolutionTexture 1 1632 52 1.188000 3.007000  0.000134 0.000116 0.000318 0.000629 0.000337 0.000179 
6232896 convolutionTexture 1 1632 52 1.188000 2.313000  0.000140 0.000115 0.000314 0.000650 0.000337 0.000177 
6232896 convolutionTexture 1 1632 52 1.188000 2.313000  0.000151 0.000119 0.000324 0.000716 0.000356 0.000183 
6232960 convolutionTexture 1 1632 52 1.188000 3.083000  0.000144 0.000117 0.000322 0.000730 0.000362 0.000185 
6232960 convolutionTexture 1 1632 52 1.188000 2.159000  0.000167 0.000124 0.000341 0.000750 0.000351 0.000179 
6232960 convolutionTexture 1 1632 52 1.188000 2.776000  0.000172 0.000120 0.000325 0.000743 0.000357 0.000181 
6233024 convolutionTexture 1 1632 52 1.188000 2.390000  0.000147 0.000117 0.000319 0.000688 0.000342 0.000178 
6233024 convolutionTexture 1 1632 52 1.188000 2.313000  0.000142 0.000112 0.000312 0.000689 0.000340 0.000177 
6233024 convolutionTexture 1 1632 52 1.188000 3.393000  0.000118 0.000105 0.000300 0.000639 0.000322 0.000171 
6233088 convolutionTexture 1 1632 52 1.188000 2.313000  0.000130 0.000108 0.000300 0.000668 0.000329 0.000173 
6233088 convolutionTexture 1 1632 52 1.188000 2.775000  0.000126 0.000108 0.000297 0.000600 0.000317 0.000167 
6233088 convolutionTexture 1 1632 52 1.188000 2.390000  0.000121 0.000106 0.000297 0.000670 0.000326 0.000169 
6233152 convolutionTexture 1 1632 52 1.188000 2.544000  0.000132 0.000107 0.000293 0.000607 0.000311 0.000164 
6233152 convolutionTexture 1 1632 52 1.188000 2.005000  0.000126 0.000105 0.000294 0.000689 0.000318 0.000166 
