#Timestamp	Benchmark	Run(#)	CPU Frequency (MHz)	CPU Temperature(C)	CPU Voltage(V)	CPU Power(W)	CPU_CYCLES	L1_DATA_CACHE_ACCESS	INSTRUCTIONS_RETIRED	BUS_CYCLES	L1I_CACHE_ACCESS	PREDICTABLE_BRANCH_SPECULATIVELY_EXECUTED
6331904 BlackScholes 1 1734 52 1.226000 2.930000  -1.954083 0.972727 2.051345 -1.953976 1.103046 0.471688 
6331904 BlackScholes 1 1734 51 1.226000 1.928000  0.000103 0.000088 0.000238 0.000474 0.000256 0.000134 
6331968 BlackScholes 1 1734 51 1.226000 2.467000  0.000112 0.000085 0.000237 0.000524 0.000264 0.000136 
6331968 BlackScholes 1 1734 51 1.226000 2.851000  0.000112 0.000086 0.000236 0.000535 0.000262 0.000134 
6331968 BlackScholes 1 1734 51 1.226000 2.313000  0.000094 0.000080 0.000221 0.000428 0.000227 0.000123 
6332032 BlackScholes 1 1734 52 1.226000 2.928000  0.000048 0.000038 0.000106 0.000236 0.000117 0.000060 
6332032 BlackScholes 1 1734 52 1.226000 2.082000  0.000043 0.000037 0.000101 0.000205 0.000107 0.000056 
6332032 BlackScholes 1 1734 52 1.226000 2.160000  0.000046 0.000037 0.000103 0.000228 0.000112 0.000058 
6332096 BlackScholes 1 1734 52 1.226000 2.466000  0.000045 0.000036 0.000101 0.000229 0.000112 0.000057 
6332096 BlackScholes 1 1734 52 1.226000 2.314000  0.000055 0.000035 0.000095 0.000202 0.000098 0.000052 
6332160 BlackScholes 1 1734 51 1.226000 3.313000  0.000044 0.000036 0.000100 0.000219 0.000108 0.000056 
6332160 BlackScholes 1 1734 51 1.226000 2.005000  0.000042 0.000035 0.000100 0.000226 0.000110 0.000056 
6332160 BlackScholes 1 1734 51 1.226000 2.082000  0.000048 0.000036 0.000101 0.000231 0.000111 0.000057 
6332224 BlackScholes 1 1734 51 1.226000 2.619000  0.000041 0.000035 0.000096 0.000194 0.000103 0.000054 
6332224 BlackScholes 1 1734 51 1.226000 2.083000  0.000042 0.000033 0.000092 0.000194 0.000101 0.000054 
6332224 BlackScholes 1 1734 51 1.226000 2.001000  0.000044 0.000035 0.000100 0.000217 0.000109 0.000056 
6332288 BlackScholes 1 1734 51 1.226000 2.083000  0.000042 0.000035 0.000095 0.000189 0.000102 0.000053 
6332288 BlackScholes 1 1734 51 1.226000 2.237000  0.000040 0.000035 0.000095 0.000190 0.000101 0.000053 
6332288 BlackScholes 1 1734 51 1.226000 3.003000  0.000040 0.000034 0.000094 0.000187 0.000100 0.000053 
6332352 BlackScholes 1 1734 51 1.226000 2.160000  0.000039 0.000033 0.000090 0.000188 0.000100 0.000053 
6332352 BlackScholes 1 1734 51 1.226000 2.390000  0.000039 0.000034 0.000096 0.000217 0.000106 0.000055 
6332352 BlackScholes 1 1734 51 1.226000 3.468000  0.000041 0.000034 0.000093 0.000185 0.000099 0.000052 
6332416 BlackScholes 1 1734 51 1.226000 2.005000  0.000037 0.000032 0.000090 0.000174 0.000093 0.000050 
6332416 BlackScholes 1 1734 51 1.226000 3.084000  0.000038 0.000034 0.000093 0.000200 0.000100 0.000052 
6332416 BlackScholes 1 1734 51 1.226000 2.005000  0.000051 0.000036 0.000096 0.000207 0.000103 0.000053 
6332480 BlackScholes 1 1734 51 1.226000 2.315000  0.000038 0.000033 0.000092 0.000181 0.000098 0.000052 
6332480 BlackScholes 1 1734 51 1.226000 3.468000  0.000041 0.000034 0.000092 0.000185 0.000098 0.000051 
6332544 BlackScholes 1 1734 51 1.226000 2.005000  0.000039 0.000032 0.000088 0.000174 0.000091 0.000049 
6332544 BlackScholes 1 1734 51 1.226000 2.312000  0.000040 0.000033 0.000091 0.000185 0.000097 0.000051 
6332544 BlackScholes 1 1734 51 1.226000 2.004000  0.000046 0.000034 0.000092 0.000189 0.000097 0.000051 
6332608 BlackScholes 1 1734 51 1.226000 2.005000  0.000039 0.000033 0.000091 0.000181 0.000097 0.000051 
6332608 BlackScholes 1 1734 51 1.226000 3.933000  0.000043 0.000033 0.000093 0.000213 0.000102 0.000052 
6332608 BlackScholes 1 1734 51 1.226000 2.005000  0.000044 0.000033 0.000090 0.000185 0.000092 0.000049 
6332672 BlackScholes 1 1734 51 1.226000 2.852000  0.000038 0.000034 0.000092 0.000200 0.000100 0.000051 
6332672 BlackScholes 1 1734 51 1.226000 2.083000  0.000047 0.000035 0.000096 0.000211 0.000104 0.000054 
6332672 BlackScholes 1 1734 51 1.226000 2.005000  0.000043 0.000034 0.000093 0.000209 0.000103 0.000053 
6332736 BlackScholes 1 1734 51 1.226000 2.005000  0.000042 0.000033 0.000091 0.000201 0.000099 0.000051 
6332736 BlackScholes 1 1734 51 1.226000 2.002000  0.000042 0.000033 0.000092 0.000206 0.000101 0.000052 
6332736 BlackScholes 1 1734 52 1.226000 3.083000  0.000044 0.000034 0.000094 0.000215 0.000104 0.000053 
6332800 BlackScholes 1 1734 52 1.226000 2.005000  0.000042 0.000033 0.000089 0.000183 0.000094 0.000050 
6332800 BlackScholes 1 1734 52 1.226000 2.005000  0.000040 0.000032 0.000090 0.000203 0.000101 0.000052 
6332800 BlackScholes 1 1734 52 1.226000 3.237000  0.000042 0.000033 0.000092 0.000202 0.000100 0.000051 
6332864 BlackScholes 1 1734 52 1.226000 2.005000  0.000041 0.000033 0.000093 0.000200 0.000100 0.000051 
6332864 BlackScholes 1 1734 52 1.226000 2.698000  0.000387 0.000191 0.000448 0.001150 0.000356 0.000163 
6332928 BlackScholes 1 1734 52 1.226000 2.234000  0.000041 0.000030 0.000084 0.000197 0.000091 0.000049 
6332928 BlackScholes 1 1734 52 1.226000 1.153000  0.000042 0.000033 0.000092 0.000208 0.000101 0.000051 
6332928 BlackScholes 1 1734 52 1.226000 1.153000  0.000040 0.000030 0.000084 0.000183 0.000088 0.000047 
6332992 BlackScholes 1 1734 53 1.226000 1.692000  0.000039 0.000031 0.000088 0.000196 0.000096 0.000050 
6332992 BlackScholes 1 1734 54 1.226000 1.153000  0.000038 0.000030 0.000083 0.000174 0.000085 0.000046 
6332992 BlackScholes 1 1734 54 1.226000 1.768000  0.000246 0.000185 0.000506 0.001147 0.000567 0.000302 
6333056 BlackScholes 1 1734 53 1.226000 2.305000  0.000042 0.000031 0.000086 0.000197 0.000092 0.000048 
6333056 BlackScholes 1 1734 53 1.226000 1.153000  0.000039 0.000031 0.000088 0.000202 0.000097 0.000050 
6333056 BlackScholes 1 1734 53 1.226000 2.306000  0.000036 0.000030 0.000085 0.000184 0.000093 0.000050 
6333120 BlackScholes 1 1734 53 1.226000 1.153000  0.000044 0.000033 0.000091 0.000233 0.000105 0.000053 
6333120 BlackScholes 1 1734 54 1.226000 2.154000  0.000038 0.000030 0.000086 0.000211 0.000096 0.000049 
6333120 BlackScholes 1 1734 54 1.226000 1.692000  0.000045 0.000033 0.000086 0.000185 0.000089 0.000047 
6333184 BlackScholes 1 1734 54 1.226000 1.616000  0.000039 0.000031 0.000087 0.000226 0.000097 0.000050 
6333184 BlackScholes 1 1734 54 1.226000 1.230000  0.000036 0.000029 0.000081 0.000177 0.000084 0.000045 
6333184 BlackScholes 1 1734 54 1.226000 1.615000  0.000038 0.000030 0.000086 0.000197 0.000094 0.000049 
6333248 BlackScholes 1 1734 54 1.226000 1.230000  0.000038 0.000029 0.000081 0.000169 0.000084 0.000045 
6333248 BlackScholes 1 1734 54 1.226000 1.693000  0.000037 0.000030 0.000085 0.000198 0.000093 0.000048 
6333312 BlackScholes 1 1734 54 1.226000 1.230000  0.000036 0.000037 0.000094 0.000236 0.000095 0.000049 
6333312 BlackScholes 1 1734 54 1.226000 2.229000  0.000036 0.000030 0.000084 0.000202 0.000095 0.000049 
6333312 BlackScholes 1 1734 54 1.226000 1.153000  0.000035 0.000028 0.000080 0.000165 0.000082 0.000044 
6333376 BlackScholes 1 1734 55 1.226000 1.922000  0.000244 0.000177 0.000483 0.001108 0.000539 0.000291 
6333376 BlackScholes 1 1734 55 1.226000 1.152000  0.000065 0.000053 0.000149 0.000338 0.000164 0.000084 
6333376 BlackScholes 1 1734 54 1.226000 1.230000  0.000231 0.000135 0.000291 0.000529 0.000243 0.000114 
6333440 BlackScholes 1 1734 54 1.226000 1.307000  0.000041 0.000030 0.000081 0.000178 0.000087 0.000045 
6333440 BlackScholes 1 1734 54 1.226000 1.384000  0.000032 0.000029 0.000081 0.000160 0.000085 0.000045 
6333440 BlackScholes 1 1734 54 1.226000 1.307000  0.000040 0.000029 0.000080 0.000175 0.000088 0.000045 
6333504 BlackScholes 1 1734 55 1.226000 1.230000  0.000032 0.000029 0.000080 0.000157 0.000084 0.000045 
6333504 BlackScholes 1 1734 55 1.226000 1.307000  0.000038 0.000029 0.000079 0.000166 0.000085 0.000045 
6333568 BlackScholes 1 1734 55 1.226000 1.153000  0.000035 0.000027 0.000083 0.000217 0.000085 0.000044 
6333568 BlackScholes 1 1734 54 1.226000 1.692000  0.000035 0.000029 0.000079 0.000164 0.000084 0.000044 
6333568 BlackScholes 1 1734 54 1.226000 1.461000  0.000034 0.000027 0.000076 0.000156 0.000079 0.000042 
6333632 BlackScholes 1 1734 54 1.226000 1.923000  0.000042 0.000030 0.000080 0.000194 0.000090 0.000045 
6333632 BlackScholes 1 1734 54 1.226000 1.153000  0.000035 0.000027 0.000075 0.000157 0.000077 0.000041 
6333632 BlackScholes 1 1734 55 1.226000 1.770000  0.000036 0.000028 0.000078 0.000162 0.000083 0.000044 
6333696 BlackScholes 1 1734 55 1.226000 1.230000  0.000035 0.000027 0.000074 0.000151 0.000077 0.000041 
6333696 BlackScholes 1 1734 55 1.226000 2.000000  0.000036 0.000028 0.000077 0.000162 0.000082 0.000043 
6333696 BlackScholes 1 1734 54 1.226000 1.307000  0.000036 0.000026 0.000074 0.000201 0.000083 0.000043 
6333760 BlackScholes 1 1734 54 1.226000 1.768000  0.000031 0.000028 0.000076 0.000157 0.000086 0.000044 
6333760 BlackScholes 1 1734 54 1.226000 1.230000  0.000057 0.000049 0.000142 0.000319 0.000150 0.000079 
6333760 BlackScholes 1 1734 54 1.226000 1.923000  0.000212 0.000160 0.000438 0.000980 0.000488 0.000261 
6333824 BlackScholes 1 1734 55 1.226000 2.385000  0.000034 0.000026 0.000075 0.000181 0.000085 0.000044 
6333824 BlackScholes 1 1734 55 1.226000 1.230000  0.000034 0.000028 0.000077 0.000175 0.000086 0.000043 
6333888 BlackScholes 1 1734 54 1.226000 2.229000  0.000034 0.000027 0.000074 0.000156 0.000079 0.000041 
6333888 BlackScholes 1 1734 55 1.226000 1.230000  0.000032 0.000039 0.000095 0.000215 0.000110 0.000054 
6333888 BlackScholes 1 1734 55 1.226000 2.460000  0.000093 0.000031 0.000081 0.000233 0.000085 0.000043 
6333952 BlackScholes 1 1734 55 1.226000 1.153000  0.000031 0.000026 0.000071 0.000150 0.000073 0.000039 
6333952 BlackScholes 1 1734 55 1.226000 1.847000  0.000035 0.000027 0.000073 0.000153 0.000078 0.000041 
6333952 BlackScholes 1 1734 55 1.226000 1.230000  0.000031 0.000025 0.000070 0.000140 0.000072 0.000039 
6334016 BlackScholes 1 1734 55 1.226000 1.614000  0.000035 0.000026 0.000072 0.000156 0.000077 0.000041 
6334016 BlackScholes 1 1734 55 1.226000 1.230000  0.000031 0.000029 0.000076 0.000202 0.000077 0.000040 
6334016 BlackScholes 1 1734 55 1.226000 1.691000  0.000032 0.000025 0.000072 0.000165 0.000078 0.000041 
6334080 BlackScholes 1 1734 55 1.226000 1.384000  0.000031 0.000025 0.000069 0.000141 0.000071 0.000038 
6334080 BlackScholes 1 1734 55 1.226000 1.922000  0.000069 0.000030 0.000079 0.000202 0.000084 0.000043 
6334080 BlackScholes 1 1734 55 1.226000 1.153000  0.000030 0.000025 0.000069 0.000145 0.000071 0.000038 
6334144 BlackScholes 1 1734 55 1.226000 1.846000  0.000033 0.000026 0.000073 0.000168 0.000079 0.000041 
6334144 BlackScholes 1 1734 55 1.226000 1.153000  0.000065 0.000028 0.000074 0.000182 0.000075 0.000039 
6334144 BlackScholes 1 1734 55 1.226000 1.846000  0.000035 0.000027 0.000074 0.000172 0.000081 0.000042 
6334208 BlackScholes 1 1734 55 1.226000 1.153000  0.000035 0.000026 0.000078 0.000207 0.000085 0.000042 
6334208 BlackScholes 1 1734 55 1.226000 2.000000  0.000034 0.000026 0.000071 0.000161 0.000076 0.000040 
6334208 BlackScholes 1 1734 55 1.226000 2.384000  0.000034 0.000026 0.000071 0.000175 0.000079 0.000041 
6334272 BlackScholes 1 1734 55 1.226000 1.461000  0.000034 0.000026 0.000073 0.000162 0.000079 0.000041 
6334272 BlackScholes 1 1734 55 1.226000 1.616000  0.000037 0.000031 0.000080 0.000228 0.000085 0.000043 
6334336 BlackScholes 1 1734 55 1.226000 1.153000  0.000033 0.000026 0.000078 0.000203 0.000084 0.000042 
6334336 BlackScholes 1 1734 55 1.226000 1.154000  0.000033 0.000025 0.000069 0.000260 0.000081 0.000041 
6334336 BlackScholes 1 1734 55 1.226000 1.153000  0.000034 0.000025 0.000069 0.000144 0.000071 0.000038 
6334400 BlackScholes 1 1734 54 1.226000 1.154000  0.000032 0.000025 0.000069 0.000171 0.000076 0.000039 
6334400 BlackScholes 1 1734 54 1.226000 1.230000  0.000029 0.000024 0.000066 0.000138 0.000068 0.000037 
6334400 BlackScholes 1 1734 55 1.226000 1.154000  0.000031 0.000025 0.000069 0.000157 0.000078 0.000040 
6334464 BlackScholes 1 1734 55 1.226000 1.230000  0.000032 0.000023 0.000066 0.000139 0.000068 0.000036 
6334464 BlackScholes 1 1734 55 1.226000 1.462000  0.000031 0.000023 0.000067 0.000155 0.000077 0.000040 
6334464 BlackScholes 1 1734 55 1.226000 1.230000  0.000029 0.000023 0.000065 0.000133 0.000068 0.000036 
6334528 BlackScholes 1 1734 55 1.226000 1.691000  0.000030 0.000025 0.000069 0.000156 0.000075 0.000039 
6334528 BlackScholes 1 1734 55 1.226000 1.230000  0.000030 0.000023 0.000099 0.000361 0.000091 0.000045 
6334528 BlackScholes 1 1734 55 1.226000 1.614000  0.000197 0.000090 0.000203 0.000383 0.000179 0.000083 
6334592 BlackScholes 1 1734 55 1.226000 1.230000  0.000203 0.000039 0.000093 0.000314 0.000088 0.000043 
6334592 BlackScholes 1 1734 55 1.226000 1.461000  0.000037 0.000026 0.000071 0.000162 0.000078 0.000040 
6334592 BlackScholes 1 1734 55 1.226000 1.307000  0.000033 0.000024 0.000067 0.000180 0.000086 0.000043 
6334656 BlackScholes 1 1734 55 1.226000 1.538000  0.000029 0.000024 0.000086 0.000187 0.000099 0.000049 
6334656 BlackScholes 1 1734 55 1.226000 2.000000  0.000029 0.000024 0.000067 0.000140 0.000072 0.000037 
6334720 BlackScholes 1 1734 55 1.226000 2.229000  0.000028 0.000024 0.000066 0.000135 0.000071 0.000037 
6334720 BlackScholes 1 1734 55 1.226000 1.846000  0.000032 0.000028 0.000080 0.000242 0.000085 0.000042 
6334720 BlackScholes 1 1734 55 1.226000 1.307000  0.000029 0.000027 0.000071 0.000193 0.000072 0.000037 
6334784 BlackScholes 1 1734 55 1.226000 1.846000  0.000028 0.000023 0.000066 0.000154 0.000074 0.000038 
6334784 BlackScholes 1 1734 55 1.226000 1.538000  0.000030 0.000025 0.000067 0.000143 0.000069 0.000036 
6334784 BlackScholes 1 1734 55 1.226000 1.693000  0.000072 0.000026 0.000070 0.000187 0.000073 0.000038 
6334848 BlackScholes 1 1734 55 1.226000 1.230000  0.000029 0.000023 0.000063 0.000130 0.000065 0.000035 
6334848 BlackScholes 1 1734 55 1.226000 1.385000  0.000033 0.000024 0.000066 0.000154 0.000073 0.000038 
6334848 BlackScholes 1 1734 55 1.226000 1.384000  0.000027 0.000022 0.000063 0.000130 0.000065 0.000035 
6334912 BlackScholes 1 1734 55 1.226000 1.307000  0.000028 0.000024 0.000066 0.000154 0.000073 0.000038 
6334912 BlackScholes 1 1734 56 1.226000 1.307000  0.000031 0.000023 0.000067 0.000175 0.000069 0.000036 
6334912 BlackScholes 1 1734 56 1.226000 1.231000  0.000028 0.000024 0.000066 0.000150 0.000073 0.000038 
6334976 BlackScholes 1 1734 55 1.226000 1.461000  0.000029 0.000022 0.000062 0.000130 0.000065 0.000035 
6334976 BlackScholes 1 1734 55 1.226000 1.385000  0.000033 0.000025 0.000069 0.000153 0.000075 0.000038 
6334976 BlackScholes 1 1734 55 1.226000 1.230000  0.000027 0.000022 0.000062 0.000126 0.000064 0.000034 
6335040 BlackScholes 1 1734 55 1.226000 1.923000  0.000034 0.000025 0.000070 0.000165 0.000078 0.000039 
6335040 BlackScholes 1 1734 55 1.226000 1.384000  0.000029 0.000022 0.000062 0.000135 0.000064 0.000034 
6335104 BlackScholes 1 1734 55 1.226000 1.153000  0.000029 0.000023 0.000065 0.000152 0.000072 0.000037 
6335104 BlackScholes 1 1734 55 1.226000 1.230000  0.000036 0.000025 0.000068 0.000156 0.000075 0.000038 
6335104 BlackScholes 1 1734 55 1.226000 1.153000  0.000065 0.000045 0.000101 0.000238 0.000109 0.000058 
6335168 BlackScholes 1 1734 55 1.226000 2.229000  0.000032 0.000023 0.000064 0.000140 0.000068 0.000036 
6335168 BlackScholes 1 1734 55 1.226000 1.153000  0.000027 0.000023 0.000063 0.000131 0.000067 0.000036 
6335168 BlackScholes 1 1734 55 1.226000 1.384000  0.000032 0.000023 0.000063 0.000136 0.000068 0.000036 
6335232 BlackScholes 1 1734 55 1.226000 1.307000  0.000026 0.000023 0.000063 0.000123 0.000066 0.000035 
6335232 BlackScholes 1 1734 55 1.226000 1.307000  0.000030 0.000023 0.000063 0.000132 0.000067 0.000035 
6335232 BlackScholes 1 1734 55 1.226000 1.538000  0.000027 0.000022 0.000060 0.000130 0.000063 0.000034 
6335296 BlackScholes 1 1734 55 1.226000 1.692000  0.000030 0.000023 0.000062 0.000129 0.000066 0.000035 
6335296 BlackScholes 1 1734 55 1.226000 1.230000  0.000028 0.000022 0.000060 0.000128 0.000062 0.000033 
6335296 BlackScholes 1 1734 55 1.226000 2.929000  0.000027 0.000023 0.000062 0.000129 0.000066 0.000035 
6335360 BlackScholes 1 1734 55 1.226000 2.235000  0.000031 0.000023 0.000062 0.000129 0.000064 0.000034 
6335360 BlackScholes 1 1734 54 1.226000 2.620000  0.000025 0.000022 0.000062 0.000140 0.000070 0.000036 
6335360 BlackScholes 1 1734 54 1.226000 3.313000  0.000026 0.000022 0.000061 0.000123 0.000066 0.000034 
6335424 BlackScholes 1 1734 54 1.226000 2.235000  0.000024 0.000021 0.000059 0.000116 0.000061 0.000033 
6335424 BlackScholes 1 1734 54 1.226000 2.929000  0.000025 0.000022 0.000061 0.000122 0.000066 0.000035 
6335488 BlackScholes 1 1734 54 1.226000 2.236000  0.000025 0.000022 0.000061 0.000120 0.000065 0.000034 
6335488 BlackScholes 1 1734 54 1.226000 2.236000  0.000025 0.000022 0.000061 0.000119 0.000065 0.000034 
6335488 BlackScholes 1 1734 54 1.226000 2.236000  0.000076 0.000061 0.000172 0.000396 0.000190 0.000097 
6335552 BlackScholes 1 1734 53 1.226000 2.235000  0.000024 0.000021 0.000058 0.000113 0.000060 0.000032 
6335552 BlackScholes 1 1734 53 1.226000 3.697000  0.000068 0.000059 0.000163 0.000318 0.000172 0.000091 
6335552 BlackScholes 1 1734 53 1.226000 2.158000  0.000034 0.000023 0.000063 0.000141 0.000069 0.000035 
6335616 BlackScholes 1 1734 53 1.226000 2.312000  0.000032 0.000023 0.000063 0.000141 0.000069 0.000035 
6335616 BlackScholes 1 1734 54 1.226000 3.390000  0.000028 0.000023 0.000062 0.000136 0.000067 0.000034 
6335616 BlackScholes 1 1734 53 1.226000 2.235000  0.000024 0.000020 0.000057 0.000112 0.000058 0.000032 
6335680 BlackScholes 1 1734 53 1.226000 2.924000  0.000026 0.000022 0.000061 0.000133 0.000068 0.000035 
6335680 BlackScholes 1 1734 54 1.226000 2.235000  0.000030 0.000022 0.000061 0.000137 0.000066 0.000034 
6335680 BlackScholes 1 1734 54 1.226000 2.236000  0.000029 0.000023 0.000063 0.000142 0.000068 0.000035 
6335744 BlackScholes 1 1734 53 1.226000 2.465000  0.000006 0.000005 0.000015 0.000033 0.000019 0.000010 
6335744 BlackScholes 1 1734 53 1.226000 2.389000  0.000136 0.000047 0.000116 0.000474 0.000103 0.000048 
6335744 BlackScholes 1 1734 53 1.226000 2.235000  0.000027 0.000022 0.000060 0.000180 0.000069 0.000035 
6335808 BlackScholes 1 1734 53 1.226000 2.235000  0.000060 0.000025 0.000067 0.000174 0.000072 0.000036 
6335808 BlackScholes 1 1734 53 1.226000 2.159000  0.000033 0.000023 0.000062 0.000140 0.000069 0.000035 
6335808 BlackScholes 1 1734 53 1.226000 3.232000  0.000031 0.000023 0.000063 0.000146 0.000069 0.000035 
6335872 BlackScholes 1 1734 53 1.226000 2.159000  0.000026 0.000021 0.000058 0.000118 0.000062 0.000032 
6335872 BlackScholes 1 1734 53 1.226000 2.158000  0.000025 0.000021 0.000060 0.000130 0.000065 0.000034 
6335936 BlackScholes 1 1734 53 1.226000 3.313000  0.000025 0.000021 0.000058 0.000116 0.000062 0.000033 
6335936 BlackScholes 1 1734 53 1.226000 2.235000  0.000023 0.000020 0.000056 0.000108 0.000058 0.000031 
6335936 BlackScholes 1 1734 53 1.226000 2.543000  0.000027 0.000022 0.000060 0.000131 0.000065 0.000034 
6336000 BlackScholes 1 1734 53 1.226000 2.312000  0.000024 0.000021 0.000057 0.000114 0.000061 0.000032 
6336000 BlackScholes 1 1734 53 1.226000 2.158000  0.000023 0.000021 0.000057 0.000113 0.000061 0.000032 
6336000 BlackScholes 1 1734 53 1.226000 2.928000  0.000027 0.000021 0.000059 0.000130 0.000065 0.000033 
6336064 BlackScholes 1 1734 53 1.226000 2.236000  0.000028 0.000035 0.000103 0.000647 0.000129 0.000057 
6336064 BlackScholes 1 1734 54 1.226000 2.544000  0.000024 0.000021 0.000057 0.000113 0.000060 0.000032 
6336064 BlackScholes 1 1734 53 1.226000 3.393000  0.000028 0.000021 0.000057 0.000126 0.000061 0.000032 
6336128 BlackScholes 1 1734 53 1.226000 2.312000  0.000027 0.000021 0.000059 0.000129 0.000064 0.000033 
6336128 BlackScholes 1 1734 53 1.226000 3.005000  0.000025 0.000021 0.000057 0.000113 0.000060 0.000032 
6336128 BlackScholes 1 1734 53 1.226000 2.235000  0.113399 0.029745 0.064309 0.113631 0.032578 0.014705 
6336192 BlackScholes 1 1734 53 1.226000 2.158000  0.000024 0.000021 0.000056 0.000112 0.000060 0.000032 
6336192 BlackScholes 1 1734 53 1.226000 2.159000  0.393135 0.065300 0.138543 0.393271 0.075189 0.032696 
6336192 BlackScholes 1 1734 52 1.226000 2.159000  0.000023 0.000021 0.000056 0.000111 0.000060 0.000032 
6336256 BlackScholes 1 1734 52 1.226000 2.851000  0.000023 0.000021 0.000056 0.000111 0.000061 0.000032 
6336256 BlackScholes 1 1734 53 1.226000 2.235000  0.394912 0.065630 0.139129 0.395040 0.075659 0.032866 
6336256 BlackScholes 1 1734 52 1.226000 2.926000  0.000023 0.000020 0.000056 0.000110 0.000060 0.000031 
6336320 BlackScholes 1 1734 52 1.226000 2.699000  0.000033 0.000021 0.000057 0.000124 0.000061 0.000032 
6336320 BlackScholes 1 1734 52 1.226000 2.159000  0.000030 0.000022 0.000059 0.000133 0.000065 0.000033 
6336320 BlackScholes 1 1734 52 1.226000 3.236000  0.000024 0.000020 0.000056 0.000111 0.000059 0.000031 
6336384 BlackScholes 1 1734 52 1.226000 2.159000  0.000025 0.000019 0.000053 0.000108 0.000058 0.000030 
6336384 BlackScholes 1 1734 52 1.226000 2.623000  0.000024 0.000020 0.000057 0.000128 0.000063 0.000032 
6336448 BlackScholes 1 1734 52 1.226000 2.158000  0.411409 0.069796 0.147921 0.411544 0.080514 0.034932 
6336448 BlackScholes 1 1734 52 1.226000 2.390000  0.000023 0.000020 0.000055 0.000108 0.000068 0.000033 
6336448 BlackScholes 1 1734 52 1.226000 3.079000  0.000028 0.000021 0.000058 0.000127 0.000063 0.000032 
6336512 BlackScholes 1 1734 52 1.226000 2.158000  0.000026 0.000019 0.000059 0.000149 0.000059 0.000031 
6336512 BlackScholes 1 1734 53 1.226000 2.159000  0.000025 0.000020 0.000054 0.000110 0.000056 0.000030 
6336512 BlackScholes 1 1734 53 1.226000 2.236000  0.000063 0.000024 0.000063 0.000170 0.000067 0.000034 
6336576 BlackScholes 1 1734 53 1.226000 2.236000  0.000025 0.000020 0.000056 0.000120 0.000061 0.000032 
6336576 BlackScholes 1 1734 52 1.226000 2.928000  0.000024 0.000020 0.000055 0.000109 0.000058 0.000031 
6336576 BlackScholes 1 1734 52 1.226000 2.390000  0.000024 0.000020 0.000055 0.000108 0.000059 0.000031 
6336640 BlackScholes 1 1734 52 1.226000 2.236000  0.000023 0.000020 0.000055 0.000108 0.000059 0.000031 
6336640 BlackScholes 1 1734 52 1.226000 2.235000  0.000026 0.000020 0.000056 0.000128 0.000064 0.000032 
6336640 BlackScholes 1 1734 52 1.226000 2.236000  0.000021 0.000019 0.000052 0.000102 0.000053 0.000029 
6336704 BlackScholes 1 1734 52 1.226000 2.466000  0.000024 0.000020 0.000056 0.000120 0.000060 0.000031 
6336704 BlackScholes 1 1734 52 1.226000 2.236000  0.000023 0.000020 0.000054 0.000112 0.000057 0.000030 
6336704 BlackScholes 1 1734 52 1.226000 2.159000  0.000022 0.000020 0.000054 0.000107 0.000058 0.000030 
6336768 BlackScholes 1 1734 52 1.226000 2.774000  0.000023 0.000020 0.000054 0.000107 0.000058 0.000030 
6336768 BlackScholes 1 1734 52 1.226000 2.313000  0.437330 0.075442 0.159732 0.437462 0.087196 0.037794 
6336832 BlackScholes 1 1734 52 1.226000 2.848000  0.000023 0.000020 0.000054 0.000106 0.000057 0.000030 
6336832 BlackScholes 1 1734 52 1.226000 2.159000  0.000026 0.000020 0.000054 0.000144 0.000059 0.000030 
6336832 BlackScholes 1 1734 52 1.226000 2.390000  0.000022 0.000019 0.000054 0.000105 0.000057 0.000030 
6336896 BlackScholes 1 1734 52 1.226000 3.083000  0.000025 0.000020 0.000054 0.000120 0.000060 0.000031 
6336896 BlackScholes 1 1734 52 1.226000 2.313000  0.000021 0.000018 0.000051 0.000102 0.000052 0.000029 
6336896 BlackScholes 1 1734 51 1.226000 2.159000  0.000024 0.000021 0.000055 0.000124 0.000060 0.000031 
6336960 BlackScholes 1 1734 51 1.226000 3.163000  0.000025 0.000019 0.000053 0.000120 0.000057 0.000030 
6336960 BlackScholes 1 1734 52 1.226000 2.313000  0.000026 0.000020 0.000057 0.000122 0.000061 0.000031 
6336960 BlackScholes 1 1734 52 1.226000 3.468000  0.000023 0.000019 0.000053 0.000105 0.000056 0.000030 
6337024 BlackScholes 1 1734 52 1.226000 2.159000  0.000022 0.000018 0.000051 0.000102 0.000052 0.000028 
6337024 BlackScholes 1 1734 52 1.226000 2.698000  0.000023 0.000022 0.000058 0.000145 0.000062 0.000032 
6337024 BlackScholes 1 1734 52 1.226000 2.159000  0.000025 0.000019 0.000053 0.000115 0.000056 0.000029 
6337088 BlackScholes 1 1734 52 1.226000 2.159000  0.000028 0.000021 0.000056 0.000125 0.000061 0.000031 
6337088 BlackScholes 1 1734 52 1.226000 3.082000  0.000022 0.000019 0.000052 0.000104 0.000056 0.000029 
6337088 BlackScholes 1 1734 52 1.226000 2.622000  0.000077 0.000023 0.000059 0.000167 0.000062 0.000032 
6337152 BlackScholes 1 1734 52 1.226000 3.854000  0.000025 0.000019 0.000054 0.000122 0.000060 0.000031 
6337152 BlackScholes 1 1734 52 1.226000 3.160000  0.000026 0.000019 0.000055 0.000122 0.000060 0.000031 
6337152 BlackScholes 1 1734 52 1.226000 2.699000  0.000025 0.000019 0.000054 0.000120 0.000058 0.000030 
6337216 BlackScholes 1 1734 52 1.226000 2.235000  0.000022 0.000019 0.000052 0.000105 0.000056 0.000029 
