#Timestamp	Benchmark	Run(#)	CPU Frequency (MHz)	CPU Temperature(C)	CPU Voltage(V)	CPU Power(W)	CPU_CYCLES	L1_DATA_CACHE_ACCESS	INSTRUCTIONS_RETIRED	BUS_CYCLES	L1I_CACHE_ACCESS	PREDICTABLE_BRANCH_SPECULATIVELY_EXECUTED
5836288 nbody 1 1326 47 1.111000 1.695000  0.000109 0.000047 0.000130 0.000412 0.000130 0.000067 
5836288 nbody 1 1326 47 1.111000 1.927000  0.000039 0.000031 0.000085 0.000185 0.000090 0.000048 
5836288 nbody 1 1326 47 1.111000 1.773000  0.000038 0.000029 0.000081 0.000182 0.000084 0.000047 
5836352 nbody 1 1326 47 1.111000 2.312000  0.000039 0.000030 0.000084 0.000199 0.000095 0.000049 
5836352 nbody 1 1326 47 1.111000 1.850000  0.000055 0.000036 0.000092 0.000270 0.000096 0.000049 
5836352 nbody 1 1326 47 1.111000 2.466000  0.000038 0.000029 0.000082 0.000195 0.000089 0.000046 
5836416 nbody 1 1326 47 1.111000 2.313000  0.000034 0.000030 0.000114 0.000300 0.000116 0.000065 
5836416 nbody 1 1326 48 1.111000 1.306000  0.000033 0.000029 0.000087 0.000190 0.000088 0.000048 
5836480 nbody 1 1326 49 1.111000 1.307000  0.000067 0.000033 0.000087 0.000229 0.000097 0.000049 
5836480 nbody 1 1326 49 1.111000 1.075000  0.000063 0.000031 0.000084 0.000215 0.000090 0.000047 
5836480 nbody 1 1326 50 1.111000 1.153000  0.000034 0.000030 0.000094 0.000245 0.000100 0.000052 
5836544 nbody 1 1326 50 1.111000 0.999000  0.000032 0.000028 0.000085 0.000192 0.000085 0.000047 
5836544 nbody 1 1326 51 1.111000 1.307000  0.000036 0.000033 0.000090 0.000219 0.000103 0.000051 
5836544 nbody 1 1326 51 1.111000 0.999000  0.000031 0.000027 0.000083 0.000179 0.000083 0.000044 
5836608 nbody 1 1326 51 1.111000 1.536000  0.000036 0.000032 0.000088 0.000209 0.000100 0.000049 
5836608 nbody 1 1326 51 1.111000 1.075000  0.000035 0.000027 0.000082 0.000171 0.000083 0.000044 
5836608 nbody 1 1326 52 1.111000 1.537000  0.000037 0.000035 0.000090 0.000251 0.000102 0.000051 
5836672 nbody 1 1326 51 1.111000 1.767000  0.000030 0.000046 0.000110 0.000340 0.000103 0.000053 
5836672 nbody 1 1326 51 1.111000 1.460000  0.000035 0.000029 0.000087 0.000202 0.000098 0.000049 
5836672 nbody 1 1326 52 1.111000 1.843000  0.000144 0.000038 0.000096 0.000281 0.000102 0.000049 
5836736 nbody 1 1326 52 1.111000 0.999000  0.000032 0.000029 0.000103 0.000224 0.000122 0.000058 
5836736 nbody 1 1326 52 1.111000 1.690000  0.000033 0.000029 0.000080 0.000166 0.000086 0.000044 
5836800 nbody 1 1326 52 1.111000 0.998000  0.000031 0.000028 0.000085 0.000182 0.000088 0.000047 
5836800 nbody 1 1326 52 1.111000 1.539000  0.000064 0.000032 0.000085 0.000185 0.000093 0.000047 
5836800 nbody 1 1326 53 1.111000 1.382000  0.000060 0.000030 0.000079 0.000379 0.000126 0.000060 
5836864 nbody 1 1326 53 1.111000 1.308000  0.000032 0.000031 0.000082 0.000182 0.000091 0.000046 
5836864 nbody 1 1326 53 1.111000 1.152000  0.000030 0.000030 0.000081 0.000175 0.000086 0.000044 
5836864 nbody 1 1326 53 1.111000 1.307000  0.000033 0.000028 0.000083 0.000183 0.000086 0.000046 
5836928 nbody 1 1326 53 1.111000 1.229000  0.000031 0.000030 0.000080 0.000174 0.000085 0.000044 
5836928 nbody 1 1326 53 1.111000 1.076000  0.000037 0.000049 0.000114 0.000322 0.000120 0.000057 
5836928 nbody 1 1326 53 1.111000 0.999000  0.000029 0.000026 0.000072 0.000167 0.000078 0.000041 
5836992 nbody 1 1326 53 1.111000 1.461000  0.000037 0.000029 0.000086 0.000202 0.000092 0.000048 
5836992 nbody 1 1326 53 1.111000 0.999000  0.000029 0.000026 0.000072 0.000170 0.000079 0.000042 
5837056 nbody 1 1326 53 1.111000 1.075000  0.000034 0.000030 0.000083 0.000240 0.000093 0.000047 
5837056 nbody 1 1326 53 1.111000 0.999000  0.000033 0.000031 0.000082 0.000196 0.000098 0.000048 
5837056 nbody 1 1326 53 1.111000 0.998000  0.000039 0.000032 0.000085 0.000245 0.000096 0.000048 
5837120 nbody 1 1326 53 1.111000 0.999000  0.000036 0.000031 0.000083 0.000230 0.000092 0.000047 
5837120 nbody 1 1326 53 1.111000 1.076000  0.000035 0.000029 0.000084 0.000198 0.000090 0.000047 
5837120 nbody 1 1326 53 1.111000 1.384000  0.000064 0.000031 0.000089 0.000231 0.000092 0.000048 
5837184 nbody 1 1326 53 1.111000 0.999000  0.000059 0.000028 0.000075 0.000200 0.000080 0.000042 
5837184 nbody 1 1326 53 1.111000 1.383000  0.000033 0.000030 0.000083 0.000202 0.000094 0.000046 
5837184 nbody 1 1326 53 1.111000 1.075000  0.000029 0.000025 0.000075 0.000167 0.000076 0.000042 
5837248 nbody 1 1326 53 1.111000 1.383000  0.000032 0.000031 0.000082 0.000190 0.000090 0.000046 
5837248 nbody 1 1326 53 1.111000 0.999000  0.000029 0.000028 0.000076 0.000164 0.000076 0.000049 
5837248 nbody 1 1326 53 1.111000 1.075000  0.000034 0.000027 0.000082 0.000199 0.000089 0.000046 
5837312 nbody 1 1326 53 1.111000 1.076000  0.000028 0.000025 0.000076 0.000177 0.000085 0.000044 
5837312 nbody 1 1326 53 1.111000 1.076000  0.000032 0.000029 0.000079 0.000186 0.000088 0.000044 
5837376 nbody 1 1326 53 1.111000 1.076000  0.000060 0.000030 0.000078 0.000202 0.000085 0.000043 
5837376 nbody 1 1326 53 1.111000 1.152000  0.000034 0.000031 0.000082 0.000192 0.000089 0.000045 
5837376 nbody 1 1326 53 1.111000 1.075000  0.000029 0.000026 0.000075 0.000172 0.000079 0.000042 
5837440 nbody 1 1326 53 1.111000 1.075000  0.000036 0.000031 0.000081 0.000188 0.000090 0.000045 
5837440 nbody 1 1326 53 1.111000 1.306000  0.000036 0.000026 0.000081 0.000196 0.000092 0.000046 
5837440 nbody 1 1326 53 1.111000 1.076000  0.000027 0.000027 0.000073 0.000160 0.000077 0.000040 
5837504 nbody 1 1326 53 1.111000 1.152000  0.000037 0.000027 0.000081 0.000197 0.000090 0.000045 
5837504 nbody 1 1326 53 1.111000 1.152000  0.000028 0.000024 0.000067 0.000131 0.000069 0.000037 
5837504 nbody 1 1326 53 1.111000 0.999000  0.000033 0.000030 0.000078 0.000219 0.000088 0.000044 
5837568 nbody 1 1326 53 1.111000 0.999000  0.000030 0.000028 0.000073 0.000172 0.000073 0.000040 
5837568 nbody 1 1326 53 1.111000 1.230000  0.000117 0.000058 0.000142 0.000371 0.000153 0.000070 
5837568 nbody 1 1326 54 1.111000 0.999000  0.000028 0.000024 0.000066 0.000154 0.000072 0.000038 
5837632 nbody 1 1326 54 1.111000 1.384000  0.000036 0.000030 0.000079 0.000222 0.000091 0.000045 
5837632 nbody 1 1326 53 1.111000 1.076000  0.000059 0.000029 0.000075 0.000167 0.000077 0.000040 
5837696 nbody 1 1326 53 1.111000 1.076000  0.000061 0.000029 0.000080 0.000205 0.000081 0.000043 
5837696 nbody 1 1326 53 1.111000 1.843000  0.000028 0.000028 0.000073 0.000170 0.000080 0.000041 
5837696 nbody 1 1326 53 1.111000 1.152000  0.000061 0.000029 0.000083 0.000208 0.000085 0.000044 
5837760 nbody 1 1326 54 1.111000 1.076000  0.000027 0.000027 0.000073 0.000199 0.000083 0.000042 
5837760 nbody 1 1326 54 1.111000 1.076000  0.000031 0.000029 0.000074 0.000165 0.000078 0.000040 
5837760 nbody 1 1326 54 1.111000 1.153000  0.000033 0.000026 0.000076 0.000186 0.000082 0.000043 
5837824 nbody 1 1326 54 1.111000 1.076000  0.000027 0.000023 0.000065 0.000157 0.000071 0.000046 
5837824 nbody 1 1326 54 1.111000 1.076000  0.000226 0.000048 0.000112 0.000371 0.000116 0.000053 
5837824 nbody 1 1326 54 1.111000 1.076000  0.000054 0.000026 0.000070 0.000154 0.000070 0.000037 
5837888 nbody 1 1326 54 1.111000 1.536000  0.000029 0.000028 0.000075 0.000177 0.000084 0.000043 
5837888 nbody 1 1326 54 1.111000 0.998000  0.000026 0.000026 0.000070 0.000153 0.000070 0.000038 
5837888 nbody 1 1326 54 1.111000 1.613000  0.000033 0.000029 0.000077 0.000186 0.000086 0.000043 
5837952 nbody 1 1326 54 1.111000 1.076000  0.000058 0.000028 0.000074 0.000201 0.000083 0.000042 
5837952 nbody 1 1326 54 1.111000 1.076000  0.000028 0.000027 0.000099 0.000268 0.000104 0.000051 
5838016 nbody 1 1326 54 1.111000 1.766000  0.000027 0.000024 0.000070 0.000160 0.000073 0.000039 
5838016 nbody 1 1326 54 1.111000 1.075000  0.000031 0.000028 0.000074 0.000196 0.000082 0.000041 
5838016 nbody 1 1326 54 1.111000 2.228000  0.000053 0.000027 0.000070 0.000181 0.000077 0.000039 
5838080 nbody 1 1326 54 1.111000 0.999000  0.000035 0.000028 0.000074 0.000179 0.000085 0.000042 
5838080 nbody 1 1326 54 1.111000 1.692000  0.000054 0.000027 0.000072 0.000194 0.000081 0.000041 
5838080 nbody 1 1326 54 1.111000 0.999000  0.000053 0.000026 0.000069 0.000173 0.000072 0.000037 
5838144 nbody 1 1326 54 1.111000 1.306000  0.000028 0.000027 0.000074 0.000265 0.000102 0.000050 
5838144 nbody 1 1326 54 1.111000 0.998000  0.000054 0.000026 0.000068 0.000176 0.000071 0.000037 
5838144 nbody 1 1326 54 1.111000 1.382000  0.000033 0.000028 0.000074 0.000177 0.000084 0.000041 
5838208 nbody 1 1326 54 1.111000 1.075000  0.000025 0.000022 0.000066 0.000150 0.000067 0.000037 
5838208 nbody 1 1326 54 1.111000 1.539000  0.000053 0.000027 0.000079 0.000207 0.000081 0.000042 
5838208 nbody 1 1326 54 1.111000 1.076000  0.000052 0.000025 0.000067 0.000175 0.000070 0.000037 
5838272 nbody 1 1326 54 1.111000 1.613000  0.000056 0.000027 0.000078 0.000201 0.000083 0.000042 
5838272 nbody 1 1326 54 1.111000 1.996000  0.000032 0.000024 0.000071 0.000171 0.000079 0.000056 
5838336 nbody 1 1326 54 1.111000 1.075000  0.000033 0.000028 0.000074 0.000174 0.000082 0.000041 
5838336 nbody 1 1326 54 1.111000 1.460000  0.000055 0.000027 0.000077 0.000197 0.000080 0.000041 
5838336 nbody 1 1326 54 1.111000 0.999000  0.000049 0.000024 0.000065 0.000171 0.000069 0.000036 
5838400 nbody 1 1326 54 1.111000 0.999000  0.000028 0.000026 0.000070 0.000195 0.000080 0.000040 
5838400 nbody 1 1326 54 1.111000 1.152000  0.000050 0.000024 0.000064 0.000166 0.000067 0.000035 
5838400 nbody 1 1326 54 1.111000 1.614000  0.000031 0.000027 0.000072 0.000197 0.000080 0.000040 
5838464 nbody 1 1326 54 1.111000 1.152000  0.000024 0.000021 0.000065 0.000141 0.000126 0.000060 
5838464 nbody 1 1326 54 1.111000 1.306000  0.000027 0.000027 0.000072 0.000193 0.000079 0.000039 
5838464 nbody 1 1326 54 1.111000 1.075000  0.000024 0.000025 0.000068 0.000167 0.000078 0.000039 
5838528 nbody 1 1326 54 1.111000 0.999000  0.000027 0.000023 0.000069 0.000160 0.000079 0.000040 
5838528 nbody 1 1326 54 1.111000 1.844000  0.000026 0.000023 0.000063 0.000133 0.000067 0.000035 
5838528 nbody 1 1326 54 1.111000 1.076000  0.000025 0.000022 0.000062 0.000170 0.000081 0.000040 
5838592 nbody 1 1326 54 1.111000 1.077000  0.000026 0.000022 0.000062 0.000133 0.000067 0.000035 
5838592 nbody 1 1326 54 1.111000 1.076000  0.000025 0.000022 0.000063 0.000128 0.000066 0.000035 
5838656 nbody 1 1326 54 1.111000 1.460000  0.000025 0.000023 0.000062 0.000129 0.000066 0.000035 
5838656 nbody 1 1326 54 1.111000 1.075000  0.000024 0.000022 0.000060 0.000123 0.000062 0.000033 
5838656 nbody 1 1326 54 1.111000 1.306000  0.000026 0.000022 0.000061 0.000128 0.000066 0.000034 
5838720 nbody 1 1326 54 1.111000 1.076000  0.000024 0.000021 0.000060 0.000122 0.000062 0.000033 
5838720 nbody 1 1326 54 1.111000 1.229000  0.000025 0.000022 0.000062 0.000130 0.000070 0.000036 
5838720 nbody 1 1326 54 1.111000 1.076000  0.000033 0.000022 0.000059 0.000125 0.000063 0.000063 
5838784 nbody 1 1326 54 1.111000 1.307000  0.000025 0.000022 0.000060 0.000127 0.000065 0.000034 
5838784 nbody 1 1326 55 1.111000 1.075000  0.000074 0.000023 0.000069 0.000200 0.000074 0.000036 
5838784 nbody 1 1326 55 1.111000 1.384000  0.000025 0.000022 0.000061 0.000125 0.000065 0.000034 
5838848 nbody 1 1326 55 1.111000 1.152000  0.000024 0.000021 0.000058 0.000112 0.000060 0.000033 
5838848 nbody 1 1326 55 1.111000 1.383000  0.000038 0.000023 0.000062 0.000133 0.000066 0.000034 
5838848 nbody 1 1326 54 1.111000 0.999000  0.000033 0.000021 0.000059 0.000141 0.000067 0.000034 
5838912 nbody 1 1326 54 1.111000 1.152000  0.000032 0.000023 0.000064 0.000149 0.000071 0.000036 
5838912 nbody 1 1326 54 1.111000 0.999000  0.000029 0.000024 0.000064 0.000142 0.000067 0.000035 
5838912 nbody 1 1326 54 1.111000 1.076000  0.000029 0.000023 0.000063 0.000141 0.000069 0.000035 
5838976 nbody 1 1326 54 1.111000 1.537000  0.000031 0.000022 0.000060 0.000127 0.000064 0.000034 
5838976 nbody 1 1326 54 1.111000 1.075000  0.000026 0.000023 0.000064 0.000146 0.000071 0.000036 
5839040 nbody 1 1326 54 1.111000 1.076000  0.000035 0.000022 0.000062 0.000151 0.000072 0.000036 
5839040 nbody 1 1326 54 1.111000 1.229000  0.000026 0.000023 0.000062 0.000138 0.000069 0.000035 
5839040 nbody 1 1326 54 1.111000 1.384000  0.000026 0.000023 0.000061 0.000142 0.000069 0.000036 
5839104 nbody 1 1326 54 1.111000 1.537000  0.000023 0.000020 0.000056 0.000109 0.000059 0.000032 
5839104 nbody 1 1326 54 1.111000 1.307000  0.000027 0.000022 0.000061 0.000136 0.000066 0.000035 
5839104 nbody 1 1326 54 1.111000 1.536000  0.000024 0.000020 0.000056 0.000118 0.000060 0.000032 
5839168 nbody 1 1326 54 1.111000 1.537000  0.000147 0.000044 0.000102 0.000258 0.000099 0.000047 
5839168 nbody 1 1326 54 1.111000 1.152000  0.000023 0.000020 0.000057 0.000117 0.000059 0.000031 
5839168 nbody 1 1326 54 1.111000 1.615000  0.000023 0.000021 0.000059 0.000121 0.000063 0.000033 
5839232 nbody 1 1326 54 1.111000 1.076000  0.000032 0.000022 0.000059 0.000122 0.000065 0.000034 
5839232 nbody 1 1326 54 1.111000 1.306000  0.000030 0.000022 0.000059 0.000119 0.000063 0.000033 
5839232 nbody 1 1326 54 1.111000 1.767000  0.000024 0.000022 0.000059 0.000121 0.000062 0.000033 
5839296 nbody 1 1326 55 1.111000 1.075000  0.000031 0.000021 0.000058 0.000122 0.000064 0.000033 
5839296 nbody 1 1326 54 1.111000 1.693000  0.000025 0.000021 0.000060 0.000145 0.000070 0.000035 
5839360 nbody 1 1326 54 1.111000 1.075000  0.000030 0.000023 0.000063 0.000143 0.000070 0.000036 
5839360 nbody 1 1326 55 1.111000 1.383000  0.000034 0.000022 0.000060 0.000146 0.000067 0.000034 
5839360 nbody 1 1326 55 1.111000 1.076000  0.000027 0.000022 0.000059 0.000124 0.000060 0.000032 
5839424 nbody 1 1326 54 1.111000 1.306000  0.000036 0.000022 0.000062 0.000149 0.000068 0.000035 
5839424 nbody 1 1326 54 1.111000 0.999000  0.000029 0.000020 0.000056 0.000113 0.000057 0.000031 
5839424 nbody 1 1326 54 1.111000 1.152000  0.000023 0.000021 0.000057 0.000118 0.000061 0.000032 
5839488 nbody 1 1326 54 1.111000 1.076000  0.000025 0.000020 0.000057 0.000132 0.000059 0.000031 
5839488 nbody 1 1326 55 1.111000 1.153000  0.000031 0.000023 0.000062 0.000167 0.000066 0.000033 
5839488 nbody 1 1326 55 1.111000 0.999000  0.000023 0.000019 0.000055 0.000113 0.000056 0.000030 
5839552 nbody 1 1326 55 1.111000 1.538000  0.000023 0.000021 0.000056 0.000146 0.000064 0.000033 
5839552 nbody 1 1326 55 1.111000 1.076000  0.000023 0.000019 0.000054 0.000128 0.000060 0.000031 
5839552 nbody 1 1326 55 1.111000 1.613000  0.000023 0.000023 0.000060 0.000131 0.000065 0.000033 
5839616 nbody 1 1326 55 1.111000 1.229000  0.000023 0.000022 0.000059 0.000129 0.000063 0.000032 
5839616 nbody 1 1326 55 1.111000 1.536000  0.000022 0.000023 0.000059 0.000130 0.000062 0.000033 
5839616 nbody 1 1326 55 1.111000 1.690000  0.000022 0.000019 0.000058 0.000126 0.000058 0.000031 
5839680 nbody 1 1326 55 1.111000 1.459000  0.000022 0.000023 0.000060 0.000130 0.000065 0.000033 
5839680 nbody 1 1326 55 1.111000 0.999000  0.000022 0.000019 0.000058 0.000127 0.000058 0.000031 
5839744 nbody 1 1326 55 1.111000 1.460000  0.000027 0.000020 0.000060 0.000143 0.000066 0.000034 
5839744 nbody 1 1326 55 1.111000 0.999000  0.000023 0.000020 0.000059 0.000133 0.000061 0.000033 
5839744 nbody 1 1326 55 1.111000 0.998000  0.000027 0.000021 0.000062 0.000148 0.000071 0.000035 
5839808 nbody 1 1326 55 1.111000 1.075000  0.000022 0.000020 0.000059 0.000133 0.000061 0.000033 
5839808 nbody 1 1326 55 1.111000 0.998000  0.000024 0.000022 0.000060 0.000211 0.000070 0.000036 
5839808 nbody 1 1326 55 1.111000 1.767000  0.000023 0.000019 0.000054 0.000115 0.000058 0.000030 
5839872 nbody 1 1326 55 1.111000 1.075000  0.000024 0.000022 0.000060 0.000145 0.000068 0.000034 
5839872 nbody 1 1326 55 1.111000 1.385000  0.000025 0.000023 0.000061 0.000168 0.000070 0.000034 
5839872 nbody 1 1326 55 1.111000 1.075000  0.000042 0.000020 0.000055 0.000141 0.000058 0.000030 
5839936 nbody 1 1326 55 1.111000 1.383000  0.000023 0.000022 0.000060 0.000143 0.000067 0.000034 
5839936 nbody 1 1326 55 1.111000 1.152000  0.000021 0.000018 0.000051 0.000119 0.000055 0.000029 
5840000 nbody 1 1326 55 1.111000 1.459000  0.000026 0.000023 0.000062 0.000150 0.000069 0.000035 
5840000 nbody 1 1326 55 1.111000 0.999000  0.000020 0.000018 0.000056 0.000122 0.000056 0.000031 
5840000 nbody 1 1326 55 1.111000 1.536000  0.000055 0.000022 0.000064 0.000164 0.000066 0.000035 
5840064 nbody 1 1326 55 1.111000 1.228000  0.000021 0.000018 0.000054 0.000118 0.000054 0.000029 
5840064 nbody 1 1326 55 1.111000 1.460000  0.000027 0.000020 0.000060 0.000143 0.000067 0.000034 
5840064 nbody 1 1326 55 1.111000 1.075000  0.000023 0.000019 0.000053 0.000128 0.000059 0.000030 
5840128 nbody 1 1326 55 1.111000 0.999000  0.000025 0.000023 0.000060 0.000164 0.000068 0.000033 
5840128 nbody 1 1326 55 1.111000 1.920000  0.000021 0.000019 0.000056 0.000126 0.000058 0.000030 
5840128 nbody 1 1326 55 1.111000 1.076000  0.000027 0.000020 0.000062 0.000148 0.000069 0.000034 
5840192 nbody 1 1326 55 1.111000 1.843000  0.000023 0.000022 0.000058 0.000138 0.000065 0.000033 
5840192 nbody 1 1326 55 1.111000 1.152000  0.000026 0.000020 0.000057 0.000128 0.000057 0.000031 
5840192 nbody 1 1326 55 1.111000 1.460000  0.000045 0.000021 0.000058 0.000162 0.000066 0.000034 
5840256 nbody 1 1326 55 1.111000 0.998000  0.000021 0.000018 0.000050 0.000119 0.000055 0.000029 
5840256 nbody 1 1326 55 1.111000 1.306000  0.000025 0.000019 0.000057 0.000139 0.000065 0.000033 
5840320 nbody 1 1326 55 1.111000 0.999000  0.000022 0.000018 0.000062 0.000163 0.000060 0.000031 
5840320 nbody 1 1326 55 1.111000 1.153000  0.000064 0.000023 0.000065 0.000184 0.000072 0.000036 
5840320 nbody 1 1326 55 1.111000 0.998000  0.000020 0.000020 0.000054 0.000118 0.000057 0.000030 
5840384 nbody 1 1326 55 1.111000 1.613000  0.000025 0.000022 0.000058 0.000135 0.000064 0.000032 
5840384 nbody 1 1326 55 1.111000 1.075000  0.000020 0.000018 0.000053 0.000119 0.000053 0.000029 
5840384 nbody 1 1326 55 1.111000 1.539000  0.495280 0.113662 0.244468 0.495403 0.131060 0.058273 
5840448 nbody 1 1326 55 1.111000 1.075000  0.000021 0.000019 0.000055 0.000122 0.000057 0.000031 
5840448 nbody 1 1326 55 1.111000 1.076000  0.000024 0.000022 0.000058 0.000159 0.000065 0.000032 
5840448 nbody 1 1326 55 1.111000 1.997000  0.000022 0.000021 0.000057 0.000238 0.000088 0.000042 
5840512 nbody 1 1326 55 1.111000 1.152000  0.000022 0.000019 0.000057 0.000135 0.000062 0.000032 
5840512 nbody 1 1326 55 1.111000 0.999000  0.000022 0.000022 0.000058 0.000136 0.000064 0.000032 
5840512 nbody 1 1326 55 1.111000 0.999000  0.000019 0.000019 0.000052 0.000120 0.000055 0.000029 
5840576 nbody 1 1326 55 1.111000 1.076000  0.000021 0.000019 0.000055 0.000131 0.000062 0.000031 
5840576 nbody 1 1326 55 1.111000 1.076000  0.000021 0.000020 0.000053 0.000119 0.000055 0.000029 
5840640 nbody 1 1326 55 1.111000 1.616000  0.000026 0.000019 0.000057 0.000138 0.000065 0.000032 
5840640 nbody 1 1326 55 1.111000 0.999000  0.000020 0.000019 0.000052 0.000112 0.000052 0.000037 
5840640 nbody 1 1326 55 1.111000 1.536000  0.000024 0.000019 0.000054 0.000122 0.000059 0.000030 
5840704 nbody 1 1326 55 1.111000 1.152000  0.000020 0.000017 0.000048 0.000099 0.000050 0.000027 
5840704 nbody 1 1326 55 1.111000 1.229000  0.000028 0.000019 0.000051 0.000108 0.000053 0.000028 
5840704 nbody 1 1326 55 1.111000 1.075000  0.000019 0.000020 0.000053 0.000111 0.000054 0.000028 
5840768 nbody 1 1326 55 1.111000 1.536000  0.000021 0.000019 0.000053 0.000118 0.000058 0.000030 
5840768 nbody 1 1326 55 1.111000 1.229000  0.000025 0.000018 0.000049 0.000099 0.000050 0.000027 
5840768 nbody 1 1326 55 1.111000 1.306000  0.000020 0.000018 0.000052 0.000118 0.000058 0.000030 
5840832 nbody 1 1326 55 1.111000 1.076000  0.000020 0.000017 0.000048 0.000094 0.000050 0.000027 
5840832 nbody 1 1326 55 1.111000 1.076000  0.000021 0.000018 0.000052 0.000113 0.000056 0.000029 
5840832 nbody 1 1326 55 1.111000 1.076000  0.000021 0.000018 0.000050 0.000105 0.000053 0.000028 
5840896 nbody 1 1326 55 1.111000 1.075000  0.000020 0.000027 0.000065 0.000167 0.000075 0.000037 
5840896 nbody 1 1326 55 1.111000 0.998000  0.000020 0.000018 0.000050 0.000104 0.000053 0.000028 
5840896 nbody 1 1326 55 1.111000 1.075000  0.000020 0.000019 0.000053 0.000119 0.000057 0.000030 
5840960 nbody 1 1326 55 1.111000 1.230000  0.000020 0.000018 0.000050 0.000154 0.000059 0.000030 
5840960 nbody 1 1326 55 1.111000 1.076000  0.000024 0.000019 0.000052 0.000114 0.000054 0.000028 
5841024 nbody 1 1326 55 1.111000 1.383000  0.000021 0.000018 0.000051 0.000116 0.000056 0.000029 
5841024 nbody 1 1326 55 1.111000 1.229000  0.000019 0.000017 0.000048 0.000096 0.000049 0.000026 
5841024 nbody 1 1326 55 1.111000 1.614000  0.000020 0.000018 0.000050 0.000103 0.000053 0.000032 
5841088 nbody 1 1326 55 1.111000 0.999000  0.000019 0.000020 0.000052 0.000123 0.000054 0.000028 
5841088 nbody 1 1326 55 1.111000 1.537000  0.000021 0.000018 0.000050 0.000104 0.000053 0.000028 
5841088 nbody 1 1326 55 1.111000 1.306000  0.000020 0.000017 0.000048 0.000097 0.000049 0.000026 
5841152 nbody 1 1326 55 1.111000 1.614000  0.000114 0.000035 0.000083 0.000233 0.000083 0.000039 
5841152 nbody 1 1326 55 1.111000 1.537000  0.000020 0.000017 0.000048 0.000097 0.000049 0.000026 
5841152 nbody 1 1326 55 1.111000 1.537000  0.000019 0.000018 0.000049 0.000100 0.000052 0.000027 
5841216 nbody 1 1326 55 1.111000 1.229000  0.000026 0.000017 0.000047 0.000099 0.000049 0.000026 
5841216 nbody 1 1326 55 1.111000 0.921000  0.000020 0.000018 0.000048 0.000099 0.000052 0.000027 
5841216 nbody 1 1326 55 1.111000 1.076000  0.000019 0.000017 0.000046 0.000097 0.000048 0.000026 
5841280 nbody 1 1326 55 1.111000 1.461000  0.000019 0.000018 0.000048 0.000101 0.000052 0.000027 
5841280 nbody 1 1326 55 1.111000 1.920000  0.000019 0.000017 0.000047 0.000095 0.000048 0.000026 
5841280 nbody 1 1326 55 1.111000 1.307000  0.000019 0.000018 0.000049 0.000100 0.000052 0.000027 
5841344 nbody 1 1326 55 1.111000 1.767000  0.000021 0.000018 0.000049 0.000099 0.000053 0.000028 
5841344 nbody 1 1326 55 1.111000 1.461000  0.000019 0.000017 0.000048 0.000099 0.000051 0.000027 
5841408 nbody 1 1326 55 1.111000 1.843000  0.000026 0.000018 0.000048 0.000099 0.000052 0.000027 
5841408 nbody 1 1326 55 1.111000 1.306000  0.000019 0.000017 0.000047 0.000098 0.000051 0.000027 
5841408 nbody 1 1326 55 1.111000 1.767000  0.000020 0.000018 0.000048 0.000115 0.000056 0.000028 
5841472 nbody 1 1326 55 1.111000 1.152000  0.000028 0.000018 0.000052 0.000120 0.000056 0.000028 
5841472 nbody 1 1326 55 1.111000 1.767000  0.000055 0.000021 0.000053 0.000136 0.000055 0.000028 
5841472 nbody 1 1326 55 1.111000 1.076000  0.000025 0.000018 0.000048 0.000097 0.000051 0.000027 
5841536 nbody 1 1326 55 1.111000 0.999000  0.000034 0.000018 0.000051 0.000129 0.000058 0.000029 
5841536 nbody 1 1326 55 1.111000 0.998000  0.000029 0.000017 0.000047 0.000099 0.000049 0.000026 
5841536 nbody 1 1326 55 1.111000 0.999000  0.000026 0.000017 0.000048 0.000112 0.000054 0.000028 
5841600 nbody 1 1326 55 1.111000 0.999000  0.000018 0.000016 0.000046 0.000093 0.000047 0.000025 
5841600 nbody 1 1326 55 1.111000 1.691000  0.000019 0.000020 0.000052 0.000115 0.000054 0.000028 
5841600 nbody 1 1326 55 1.111000 1.152000  0.000019 0.000017 0.000046 0.000094 0.000047 0.000025 
5841664 nbody 1 1326 55 1.111000 1.461000  0.000019 0.000017 0.000051 0.000128 0.000053 0.000027 
5841664 nbody 1 1326 55 1.111000 0.999000  0.000018 0.000016 0.000050 0.000115 0.000051 0.000027 
5841664 nbody 1 1326 55 1.111000 1.538000  0.000018 0.000017 0.000047 0.000096 0.000050 0.000026 
5841728 nbody 1 1326 55 1.111000 0.999000  0.000018 0.000016 0.000045 0.000093 0.000047 0.000025 
5841728 nbody 1 1326 55 1.111000 1.076000  0.000020 0.000017 0.000046 0.000095 0.000049 0.000026 
