#Timestamp	Benchmark	Run(#)	CPU Frequency (MHz)	CPU Temperature(C)	CPU Voltage(V)	CPU Power(W)	CPU_CYCLES	L1_DATA_CACHE_ACCESS	INSTRUCTIONS_RETIRED	BUS_CYCLES	L1I_CACHE_ACCESS	PREDICTABLE_BRANCH_SPECULATIVELY_EXECUTED
4960384 convolutionTexture 1 921 44 1.015000 1.002000  0.000007 0.000005 0.000014 0.000031 0.000018 0.000009 
4960384 convolutionTexture 1 921 44 1.015000 1.234000  0.046339 0.013394 0.028696 0.046368 0.014718 0.006665 
4960448 convolutionTexture 1 921 44 1.015000 1.388000  0.000006 0.000005 0.000014 0.000031 0.000019 0.000009 
4960448 convolutionTexture 1 921 44 1.015000 1.156000  0.000026 0.000021 0.000056 0.000122 0.000060 0.000036 
4960448 convolutionTexture 1 921 44 1.015000 1.233000  0.000028 0.000021 0.000056 0.000131 0.000063 0.000032 
4960512 convolutionTexture 1 921 44 1.015000 1.387000  0.000024 0.000019 0.000052 0.000110 0.000054 0.000029 
4960512 convolutionTexture 1 921 44 1.015000 1.464000  0.000024 0.000020 0.000054 0.000125 0.000060 0.000032 
4960512 convolutionTexture 1 921 45 1.015000 1.233000  0.000024 0.000019 0.000052 0.000109 0.000054 0.000029 
4960576 convolutionTexture 1 921 44 1.015000 1.080000  0.000028 0.000021 0.000058 0.000128 0.000064 0.000033 
4960576 convolutionTexture 1 921 44 1.015000 0.848000  0.000020 0.000018 0.000055 0.000113 0.000055 0.000029 
4960576 convolutionTexture 1 921 44 1.015000 1.080000  0.000028 0.000021 0.000057 0.000124 0.000063 0.000033 
4960640 convolutionTexture 1 921 44 1.015000 0.770000  0.000022 0.000019 0.000053 0.000106 0.000056 0.000030 
4960640 convolutionTexture 1 921 44 1.015000 1.079000  0.000025 0.000020 0.000056 0.000119 0.000061 0.000031 
4960704 convolutionTexture 1 921 44 1.015000 1.310000  0.000023 0.000019 0.000054 0.000115 0.000069 0.000034 
4960704 convolutionTexture 1 921 44 1.015000 0.772000  0.000023 0.000020 0.000056 0.000119 0.000060 0.000030 
4960704 convolutionTexture 1 921 44 1.015000 1.234000  0.000021 0.000019 0.000053 0.000103 0.000056 0.000030 
4960768 convolutionTexture 1 921 44 1.015000 0.771000  0.000021 0.000018 0.000051 0.000098 0.000053 0.000028 
4960768 convolutionTexture 1 921 44 1.015000 1.080000  0.000021 0.000019 0.000053 0.000102 0.000056 0.000030 
4960768 convolutionTexture 1 921 44 1.015000 0.771000  0.000023 0.000019 0.000053 0.000104 0.000056 0.000030 
4960832 convolutionTexture 1 921 44 1.015000 0.770000  0.000025 0.000020 0.000058 0.000128 0.000063 0.000032 
4960832 convolutionTexture 1 921 44 1.015000 0.771000  0.000022 0.000020 0.000056 0.000118 0.000061 0.000032 
4960832 convolutionTexture 1 921 44 1.015000 0.925000  0.000024 0.000019 0.000052 0.000103 0.000054 0.000028 
4960896 convolutionTexture 1 921 44 1.015000 1.157000  0.000022 0.000019 0.000052 0.000102 0.000056 0.000029 
4960896 convolutionTexture 1 921 44 1.015000 0.771000  0.000032 0.000020 0.000054 0.000128 0.000056 0.000029 
4960896 convolutionTexture 1 921 44 1.015000 1.157000  0.000022 0.000019 0.000052 0.000104 0.000056 0.000029 
4960960 convolutionTexture 1 921 44 1.015000 0.771000  0.000021 0.000019 0.000052 0.000103 0.000055 0.000029 
4960960 convolutionTexture 1 921 44 1.015000 0.847000  0.000026 0.000021 0.000055 0.000119 0.000061 0.000031 
4961024 convolutionTexture 1 921 44 1.015000 1.156000  0.000026 0.000020 0.000056 0.000123 0.000062 0.000032 
4961024 convolutionTexture 1 921 44 1.015000 1.002000  0.000020 0.000018 0.000050 0.000098 0.000051 0.000030 
4961024 convolutionTexture 1 921 45 1.015000 1.233000  0.000027 0.000020 0.000055 0.000119 0.000062 0.000032 
4961088 convolutionTexture 1 921 45 1.015000 0.538000  0.000020 0.000018 0.000050 0.000095 0.000051 0.000028 
4961088 convolutionTexture 1 921 46 1.015000 0.846000  0.000021 0.000019 0.000053 0.000112 0.000058 0.000030 
4961088 convolutionTexture 1 921 46 1.015000 0.615000  0.000019 0.000018 0.000050 0.000094 0.000050 0.000027 
4961152 convolutionTexture 1 921 46 1.015000 0.692000  0.000025 0.000020 0.000054 0.000119 0.000059 0.000031 
4961152 convolutionTexture 1 921 46 1.015000 0.538000  0.000021 0.000019 0.000057 0.000130 0.000058 0.000030 
4961216 convolutionTexture 1 921 47 1.015000 0.925000  0.000022 0.000023 0.000072 0.000179 0.000082 0.000039 
4961216 convolutionTexture 1 921 46 1.015000 1.388000  0.000021 0.000019 0.000051 0.000100 0.000054 0.000029 
4961216 convolutionTexture 1 921 46 1.015000 0.848000  0.000020 0.000018 0.000049 0.000096 0.000052 0.000027 
4961280 convolutionTexture 1 921 45 1.015000 1.155000  0.000022 0.000019 0.000053 0.000114 0.000059 0.000030 
4961280 convolutionTexture 1 921 45 1.015000 0.848000  0.000021 0.000019 0.000051 0.000101 0.000054 0.000029 
4961280 convolutionTexture 1 921 46 1.015000 1.001000  0.000020 0.000019 0.000051 0.000099 0.000054 0.000029 
4961344 convolutionTexture 1 921 46 1.015000 1.311000  0.000022 0.000019 0.000054 0.000116 0.000059 0.000031 
4961344 convolutionTexture 1 921 45 1.015000 0.848000  0.000019 0.000018 0.000049 0.000094 0.000050 0.000027 
4961408 convolutionTexture 1 921 45 1.015000 1.310000  0.000021 0.000019 0.000051 0.000099 0.000054 0.000029 
4961408 convolutionTexture 1 921 45 1.015000 0.848000  1.648775 0.378528 0.798240 1.650097 0.442211 0.188981 
4961408 convolutionTexture 1 921 45 1.015000 0.847000  0.000025 0.000020 0.000054 0.000117 0.000060 0.000031 
4961472 convolutionTexture 1 921 45 1.015000 0.849000  0.000022 0.000018 0.000051 0.000102 0.000055 0.000028 
4961472 convolutionTexture 1 921 45 1.015000 0.848000  0.000025 0.000019 0.000054 0.000116 0.000059 0.000031 
4961472 convolutionTexture 1 921 45 1.015000 1.311000  0.000025 0.000020 0.000055 0.000121 0.000061 0.000031 
4961536 convolutionTexture 1 921 45 1.015000 0.848000  0.000019 0.000017 0.000049 0.000093 0.000049 0.000027 
4961536 convolutionTexture 1 921 45 1.015000 1.233000  0.000020 0.000018 0.000051 0.000097 0.000054 0.000028 
4961536 convolutionTexture 1 921 45 1.015000 1.233000  0.000025 0.000018 0.000051 0.000106 0.000053 0.000028 
4961600 convolutionTexture 1 921 45 1.015000 1.155000  0.000024 0.000020 0.000053 0.000112 0.000058 0.000030 
4961600 convolutionTexture 1 921 45 1.015000 0.849000  1.516840 0.358480 0.756585 1.517455 0.416638 0.178815 
4961664 convolutionTexture 1 921 45 1.015000 0.848000  0.000035 0.000022 0.000057 0.000127 0.000063 0.000032 
4961664 convolutionTexture 1 921 45 1.015000 1.464000  0.000022 0.000019 0.000052 0.000111 0.000057 0.000029 
4961664 convolutionTexture 1 921 45 1.015000 1.309000  0.000019 0.000017 0.000048 0.000094 0.000050 0.000027 
4961728 convolutionTexture 1 921 45 1.015000 1.234000  0.000144 0.000068 0.000138 0.000277 0.000123 0.000063 
4961728 convolutionTexture 1 921 45 1.015000 0.847000  0.000027 0.000023 0.000057 0.000146 0.000063 0.000032 
4961728 convolutionTexture 1 921 45 1.015000 0.848000  0.000025 0.000019 0.000054 0.000115 0.000059 0.000031 
4961792 convolutionTexture 1 921 45 1.015000 1.156000  0.000021 0.000018 0.000050 0.000099 0.000054 0.000028 
4961792 convolutionTexture 1 921 45 1.015000 1.002000  1.466301 0.350978 0.739966 1.467330 0.406726 0.174770 
4961856 convolutionTexture 1 921 45 1.015000 1.233000  0.000025 0.000023 0.000060 0.000161 0.000067 0.000033 
4961856 convolutionTexture 1 921 45 1.015000 1.465000  0.000021 0.000018 0.000050 0.000100 0.000053 0.000028 
4961856 convolutionTexture 1 921 45 1.015000 0.847000  0.000020 0.000018 0.000050 0.000096 0.000053 0.000028 
4961920 convolutionTexture 1 921 45 1.015000 1.234000  0.000022 0.000019 0.000053 0.000117 0.000060 0.000031 
4961920 convolutionTexture 1 921 45 1.015000 0.848000  0.000019 0.000017 0.000048 0.000093 0.000051 0.000027 
4961920 convolutionTexture 1 921 45 1.015000 1.078000  0.000019 0.000027 0.000069 0.000211 0.000094 0.000045 
4961984 convolutionTexture 1 921 45 1.015000 1.388000  0.000024 0.000019 0.000052 0.000113 0.000057 0.000029 
4961984 convolutionTexture 1 921 45 1.015000 0.848000  0.000025 0.000019 0.000053 0.000113 0.000058 0.000030 
4961984 convolutionTexture 1 921 45 1.015000 1.309000  0.000025 0.000019 0.000053 0.000116 0.000059 0.000030 
4962048 convolutionTexture 1 921 45 1.015000 0.849000  0.000018 0.000017 0.000048 0.000091 0.000049 0.000026 
4962048 convolutionTexture 1 921 45 1.015000 1.156000  0.000151 0.000108 0.000298 0.000688 0.000288 0.000131 
4962112 convolutionTexture 1 921 45 1.015000 1.543000  1.397545 0.335209 0.705385 1.398099 0.388516 0.166636 
4962112 convolutionTexture 1 921 44 1.015000 0.849000  0.000025 0.000019 0.000050 0.000100 0.000052 0.000027 
4962112 convolutionTexture 1 921 44 1.015000 1.311000  0.000022 0.000019 0.000052 0.000115 0.000058 0.000030 
4962176 convolutionTexture 1 921 45 1.015000 1.157000  0.000029 0.000019 0.000051 0.000117 0.000053 0.000028 
4962176 convolutionTexture 1 921 45 1.015000 1.156000  0.000019 0.000018 0.000049 0.000094 0.000052 0.000028 
4962176 convolutionTexture 1 921 45 1.015000 0.849000  0.000023 0.000018 0.000050 0.000100 0.000051 0.000027 
4962240 convolutionTexture 1 921 45 1.015000 0.848000  0.000023 0.000018 0.000051 0.000107 0.000057 0.000029 
4962240 convolutionTexture 1 921 45 1.015000 1.386000  0.000021 0.000019 0.000051 0.000110 0.000057 0.000029 
4962304 convolutionTexture 1 921 45 1.015000 0.925000  0.000018 0.000017 0.000047 0.000089 0.000048 0.000026 
4962304 convolutionTexture 1 921 45 1.015000 1.310000  0.000020 0.000018 0.000049 0.000094 0.000052 0.000027 
4962304 convolutionTexture 1 921 44 1.015000 0.926000  0.000019 0.000017 0.000053 0.000111 0.000054 0.000028 
4962368 convolutionTexture 1 921 44 1.015000 1.002000  0.000024 0.000019 0.000052 0.000111 0.000057 0.000029 
4962368 convolutionTexture 1 921 45 1.015000 0.925000  0.000019 0.000018 0.000049 0.000095 0.000052 0.000027 
4962368 convolutionTexture 1 921 44 1.015000 0.849000  0.000024 0.000019 0.000052 0.000110 0.000057 0.000029 
4962432 convolutionTexture 1 921 44 1.015000 1.387000  0.000021 0.000018 0.000052 0.000110 0.000057 0.000029 
4962432 convolutionTexture 1 921 45 1.015000 0.925000  0.000019 0.000017 0.000047 0.000091 0.000048 0.000026 
4962496 convolutionTexture 1 921 45 1.015000 1.156000  0.000139 0.000105 0.000286 0.000644 0.000323 0.000171 
4962496 convolutionTexture 1 921 44 1.015000 0.848000  0.000021 0.000018 0.000048 0.000099 0.000052 0.000027 
4962496 convolutionTexture 1 921 44 1.015000 0.847000  0.000022 0.000019 0.000051 0.000107 0.000059 0.000030 
4962560 convolutionTexture 1 921 44 1.015000 1.157000  0.000023 0.000019 0.000051 0.000112 0.000057 0.000029 
4962560 convolutionTexture 1 921 44 1.015000 0.848000  0.000019 0.000017 0.000048 0.000094 0.000051 0.000027 
4962560 convolutionTexture 1 921 44 1.015000 0.847000  0.000020 0.000018 0.000062 0.000130 0.000073 0.000035 
4962624 convolutionTexture 1 921 45 1.015000 1.002000  0.000025 0.000018 0.000055 0.000137 0.000061 0.000030 
4962624 convolutionTexture 1 921 45 1.015000 0.847000  0.000021 0.000018 0.000050 0.000104 0.000055 0.000029 
4962688 convolutionTexture 1 921 44 1.015000 1.466000  0.000021 0.000018 0.000050 0.000107 0.000055 0.000029 
4962688 convolutionTexture 1 921 45 1.015000 0.847000  0.000018 0.000016 0.000046 0.000087 0.000047 0.000025 
4962688 convolutionTexture 1 921 45 1.015000 1.312000  0.000020 0.000017 0.000048 0.000094 0.000063 0.000031 
4962752 convolutionTexture 1 921 45 1.015000 0.849000  0.000025 0.000017 0.000047 0.000097 0.000049 0.000026 
4962752 convolutionTexture 1 921 45 1.015000 0.848000  0.000023 0.000018 0.000048 0.000098 0.000051 0.000027 
4962752 convolutionTexture 1 921 45 1.015000 0.849000  0.000021 0.000018 0.000050 0.000107 0.000056 0.000029 
4962816 convolutionTexture 1 921 45 1.015000 0.849000  0.000024 0.000019 0.000051 0.000109 0.000056 0.000029 
4962816 convolutionTexture 1 921 45 1.015000 1.310000  0.000019 0.000026 0.000062 0.000133 0.000075 0.000036 
4962880 convolutionTexture 1 921 44 1.015000 0.847000  0.000019 0.000016 0.000047 0.000100 0.000053 0.000028 
4962880 convolutionTexture 1 921 44 1.015000 0.847000  0.000021 0.000020 0.000053 0.000121 0.000057 0.000029 
4962880 convolutionTexture 1 921 45 1.015000 1.157000  0.000020 0.000017 0.000048 0.000094 0.000051 0.000027 
4962944 convolutionTexture 1 921 45 1.015000 0.925000  0.000019 0.000017 0.000047 0.000092 0.000051 0.000027 
4962944 convolutionTexture 1 921 45 1.015000 1.234000  0.000019 0.000017 0.000047 0.000092 0.000054 0.000028 
4962944 convolutionTexture 1 921 44 1.015000 0.849000  0.000019 0.000028 0.000076 0.000240 0.000077 0.000040 
4963008 convolutionTexture 1 921 44 1.015000 1.234000  0.000019 0.000017 0.000047 0.000091 0.000050 0.000026 
4963008 convolutionTexture 1 921 45 1.015000 0.848000  0.000019 0.000017 0.000047 0.000091 0.000050 0.000026 
4963008 convolutionTexture 1 921 45 1.015000 0.848000  0.000022 0.000018 0.000049 0.000103 0.000053 0.000028 
4963072 convolutionTexture 1 921 45 1.015000 1.312000  0.000020 0.000017 0.000049 0.000102 0.000053 0.000027 
4963072 convolutionTexture 1 921 45 1.015000 0.848000  0.000018 0.000016 0.000045 0.000086 0.000046 0.000025 
4963136 convolutionTexture 1 921 44 1.015000 1.232000  0.000020 0.000017 0.000048 0.000103 0.000053 0.000027 
4963136 convolutionTexture 1 921 44 1.015000 0.848000  0.000019 0.000017 0.000047 0.000090 0.000050 0.000026 
4963136 convolutionTexture 1 921 44 1.015000 1.001000  0.000023 0.000018 0.000049 0.000104 0.000054 0.000028 
4963200 convolutionTexture 1 921 44 1.015000 1.467000  0.000021 0.000017 0.000048 0.000102 0.000052 0.000027 
4963200 convolutionTexture 1 921 44 1.015000 0.848000  1.266134 0.308421 0.648588 1.266446 0.356702 0.152316 
4963200 convolutionTexture 1 921 44 1.015000 1.157000  0.000093 0.000111 0.000268 0.000639 0.000310 0.000169 
4963264 convolutionTexture 1 921 45 1.015000 0.849000  0.188061 0.049962 0.110234 0.188234 0.057736 0.025460 
4963264 convolutionTexture 1 921 45 1.015000 0.926000  0.000023 0.000018 0.000049 0.000107 0.000056 0.000028 
4963328 convolutionTexture 1 921 45 1.015000 1.234000  0.000026 0.000021 0.000057 0.000126 0.000064 0.000032 
4963328 convolutionTexture 1 921 45 1.015000 0.924000  0.000018 0.000016 0.000045 0.000086 0.000046 0.000025 
4963328 convolutionTexture 1 921 45 1.015000 1.311000  0.000037 0.000022 0.000059 0.000165 0.000060 0.000030 
4963392 convolutionTexture 1 921 45 1.015000 1.235000  0.000019 0.000017 0.000046 0.000089 0.000049 0.000026 
4963392 convolutionTexture 1 921 45 1.015000 0.925000  0.000020 0.000017 0.000046 0.000091 0.000049 0.000026 
4963392 convolutionTexture 1 921 44 1.015000 1.232000  0.000019 0.000017 0.000046 0.000091 0.000049 0.000026 
4963456 convolutionTexture 1 921 44 1.015000 0.925000  0.000018 0.000016 0.000044 0.000087 0.000045 0.000024 
4963456 convolutionTexture 1 921 44 1.015000 1.156000  0.000027 0.000021 0.000056 0.000121 0.000061 0.000031 
4963520 convolutionTexture 1 921 44 1.015000 0.925000  0.000022 0.000019 0.000053 0.000106 0.000056 0.000029 
4963520 convolutionTexture 1 921 44 1.015000 1.001000  0.000022 0.000017 0.000048 0.000105 0.000054 0.000027 
4963520 convolutionTexture 1 921 45 1.015000 1.311000  0.000019 0.000017 0.000046 0.000090 0.000048 0.000026 
4963584 convolutionTexture 1 921 45 1.015000 0.925000  0.000018 0.000016 0.000044 0.000085 0.000045 0.000024 
4963584 convolutionTexture 1 921 44 1.015000 1.386000  0.000021 0.000017 0.000048 0.000108 0.000054 0.000028 
4963584 convolutionTexture 1 921 44 1.015000 0.926000  0.000034 0.000023 0.000081 0.000254 0.000083 0.000042 
4963648 convolutionTexture 1 921 44 1.015000 1.155000  0.000020 0.000017 0.000051 0.000122 0.000056 0.000028 
4963648 convolutionTexture 1 921 44 1.015000 1.541000  0.000019 0.000017 0.000045 0.000090 0.000049 0.000026 
4963648 convolutionTexture 1 921 44 1.015000 0.926000  0.000023 0.000017 0.000048 0.000104 0.000053 0.000027 
4963712 convolutionTexture 1 921 44 1.015000 1.309000  0.000019 0.000019 0.000052 0.000124 0.000057 0.000028 
4963712 convolutionTexture 1 921 44 1.015000 0.925000  0.000085 0.000030 0.000077 0.000278 0.000085 0.000039 
4963776 convolutionTexture 1 921 45 1.015000 0.925000  0.000022 0.000017 0.000047 0.000104 0.000055 0.000028 
4963776 convolutionTexture 1 921 45 1.015000 1.079000  0.000018 0.000016 0.000045 0.000087 0.000048 0.000025 
4963776 convolutionTexture 1 921 45 1.015000 0.925000  0.000018 0.000016 0.000045 0.000116 0.000058 0.000033 
4963840 convolutionTexture 1 921 44 1.015000 1.389000  0.000019 0.000016 0.000045 0.000089 0.000052 0.000026 
4963840 convolutionTexture 1 921 44 1.015000 1.002000  0.000018 0.000015 0.000043 0.000084 0.000044 0.000024 
4963904 convolutionTexture 1 921 44 1.015000 1.156000  0.000023 0.000018 0.000048 0.000108 0.000054 0.000027 
4963904 convolutionTexture 1 921 44 1.015000 0.926000  0.113839 0.037022 0.080537 0.114126 0.039945 0.018141 
4963904 convolutionTexture 1 921 45 1.015000 0.926000  0.117017 0.037741 0.081890 0.117309 0.040885 0.018525 
4963968 convolutionTexture 1 921 44 1.015000 1.311000  0.000077 0.000066 0.000182 0.000356 0.000193 0.000102 
4963968 convolutionTexture 1 921 44 1.015000 0.925000  0.000071 0.000063 0.000174 0.000335 0.000179 0.000097 
4963968 convolutionTexture 1 921 45 1.015000 1.155000  0.000023 0.000017 0.000047 0.000105 0.000053 0.000027 
4964032 convolutionTexture 1 921 45 1.015000 0.925000  0.000018 0.000015 0.000043 0.000084 0.000044 0.000024 
4964032 convolutionTexture 1 921 44 1.015000 1.233000  0.000018 0.000016 0.000045 0.000087 0.000047 0.000025 
4964032 convolutionTexture 1 921 44 1.015000 0.925000  0.000019 0.000016 0.000044 0.000087 0.000047 0.000025 
4964096 convolutionTexture 1 921 44 1.015000 0.926000  0.000019 0.000016 0.000044 0.000087 0.000048 0.000025 
4964096 convolutionTexture 1 921 44 1.015000 1.234000  0.000019 0.000016 0.000044 0.000087 0.000047 0.000026 
4964160 convolutionTexture 1 921 44 1.015000 0.925000  0.000017 0.000015 0.000042 0.000084 0.000043 0.000023 
4964160 convolutionTexture 1 921 44 1.015000 1.464000  0.000020 0.000017 0.000051 0.000128 0.000056 0.000029 
4964160 convolutionTexture 1 921 44 1.015000 1.002000  0.000018 0.000016 0.000044 0.000086 0.000047 0.000025 
4964224 convolutionTexture 1 921 44 1.015000 0.925000  0.000020 0.000016 0.000045 0.000096 0.000049 0.000026 
4964224 convolutionTexture 1 921 44 1.015000 1.310000  0.000022 0.000017 0.000046 0.000102 0.000051 0.000026 
4964224 convolutionTexture 1 921 44 1.015000 0.926000  0.000017 0.000015 0.000042 0.000083 0.000043 0.000023 
4964288 convolutionTexture 1 921 44 1.015000 1.002000  0.000021 0.000017 0.000046 0.000102 0.000052 0.000026 
4964288 convolutionTexture 1 921 44 1.015000 0.926000  0.000018 0.000016 0.000044 0.000086 0.000047 0.000025 
4964352 convolutionTexture 1 921 44 1.015000 0.925000  0.000018 0.000023 0.000056 0.000517 0.000271 0.000149 
4964352 convolutionTexture 1 921 44 1.015000 1.309000  0.000068 0.000060 0.000165 0.000323 0.000176 0.000093 
4964352 convolutionTexture 1 921 44 1.015000 1.081000  0.000032 0.000024 0.000061 0.000223 0.000075 0.000036 
4964416 convolutionTexture 1 921 45 1.015000 1.156000  0.000017 0.000016 0.000043 0.000085 0.000046 0.000024 
4964416 convolutionTexture 1 921 45 1.015000 1.541000  0.000018 0.000016 0.000043 0.000086 0.000046 0.000024 
4964416 convolutionTexture 1 921 45 1.015000 1.078000  0.000018 0.000016 0.000043 0.000084 0.000046 0.000024 
4964480 convolutionTexture 1 921 45 1.015000 1.234000  0.000018 0.000016 0.000043 0.000086 0.000047 0.000024 
4964480 convolutionTexture 1 921 45 1.015000 0.926000  0.000017 0.000015 0.000042 0.000149 0.000063 0.000031 
4964544 convolutionTexture 1 921 44 1.015000 1.311000  0.000018 0.000016 0.000043 0.000085 0.000046 0.000024 
4964544 convolutionTexture 1 921 44 1.015000 0.925000  0.000017 0.000015 0.000041 0.000080 0.000043 0.000023 
4964544 convolutionTexture 1 921 44 1.015000 1.080000  0.000022 0.000017 0.000045 0.000100 0.000051 0.000026 
4964608 convolutionTexture 1 921 44 1.015000 1.388000  0.000018 0.000016 0.000043 0.000084 0.000046 0.000024 
4964608 convolutionTexture 1 921 44 1.015000 0.925000  0.000017 0.000016 0.000043 0.000083 0.000046 0.000024 
4964608 convolutionTexture 1 921 44 1.015000 1.234000  0.000018 0.000016 0.000043 0.000084 0.000046 0.000024 
4964672 convolutionTexture 1 921 44 1.015000 0.925000  0.000017 0.000021 0.000053 0.000117 0.000051 0.000026 
4964672 convolutionTexture 1 921 44 1.015000 1.544000  0.000023 0.000017 0.000045 0.000100 0.000051 0.000026 
4964736 convolutionTexture 1 921 44 1.015000 1.001000  0.049133 0.014681 0.032009 0.049374 0.016705 0.007344 
4964736 convolutionTexture 1 921 44 1.015000 0.925000  0.000019 0.000016 0.000044 0.000096 0.000049 0.000025 
4964736 convolutionTexture 1 921 44 1.015000 0.925000  0.000018 0.000016 0.000043 0.000083 0.000045 0.000024 
4964800 convolutionTexture 1 921 44 1.015000 0.925000  0.000021 0.000017 0.000046 0.000098 0.000050 0.000026 
4964800 convolutionTexture 1 921 44 1.015000 1.310000  0.000019 0.000016 0.000044 0.000094 0.000048 0.000025 
4964800 convolutionTexture 1 921 44 1.015000 1.002000  0.000017 0.000015 0.000041 0.000079 0.000042 0.000023 
4964864 convolutionTexture 1 921 44 1.015000 1.003000  0.000018 0.000015 0.000042 0.000084 0.000045 0.000024 
4964864 convolutionTexture 1 921 44 1.015000 0.926000  0.000017 0.000015 0.000041 0.000080 0.000042 0.000022 
4964864 convolutionTexture 1 921 44 1.015000 0.926000  0.000019 0.000017 0.000050 0.000128 0.000056 0.000027 
4964928 convolutionTexture 1 921 44 1.015000 0.926000  0.000017 0.000015 0.000042 0.000083 0.000045 0.000024 
4964928 convolutionTexture 1 921 44 1.015000 0.925000  0.000017 0.000015 0.000042 0.000081 0.000045 0.000024 
4964992 convolutionTexture 1 921 44 1.015000 1.233000  0.000018 0.000015 0.000042 0.000082 0.000044 0.000023 
4964992 convolutionTexture 1 921 44 1.015000 1.002000  0.000016 0.000014 0.000040 0.000078 0.000041 0.000022 
4964992 convolutionTexture 1 921 44 1.015000 1.311000  0.000020 0.000016 0.000044 0.000122 0.000053 0.000027 
4965056 convolutionTexture 1 921 44 1.015000 0.925000  0.097616 0.029081 0.063433 0.097855 0.033011 0.014315 
4965056 convolutionTexture 1 921 44 1.015000 0.926000  0.000020 0.000016 0.000044 0.000097 0.000049 0.000025 
4965056 convolutionTexture 1 921 44 1.015000 1.544000  0.000019 0.000015 0.000042 0.000091 0.000047 0.000024 
4965120 convolutionTexture 1 921 44 1.015000 0.925000  0.000016 0.000014 0.000040 0.000078 0.000042 0.000022 
4965120 convolutionTexture 1 921 44 1.015000 1.308000  0.000016 0.000015 0.000042 0.000081 0.000044 0.000024 
4965120 convolutionTexture 1 921 44 1.015000 0.926000  0.000017 0.000015 0.000042 0.000082 0.000044 0.000023 
4965184 convolutionTexture 1 921 44 1.015000 1.312000  0.000021 0.000016 0.000044 0.000094 0.000049 0.000025 
4965184 convolutionTexture 1 921 44 1.015000 1.388000  0.000017 0.000015 0.000042 0.000082 0.000044 0.000023 
4965248 convolutionTexture 1 921 44 1.015000 1.003000  0.000017 0.000014 0.000040 0.000079 0.000041 0.000022 
4965248 convolutionTexture 1 921 44 1.015000 1.157000  0.000018 0.000015 0.000041 0.000083 0.000044 0.000023 
4965248 convolutionTexture 1 921 44 1.015000 0.925000  0.000017 0.000014 0.000040 0.000078 0.000041 0.000022 
4965312 convolutionTexture 1 921 44 1.015000 1.157000  0.000019 0.000016 0.000043 0.000096 0.000049 0.000025 
4965312 convolutionTexture 1 921 44 1.015000 1.233000  0.000022 0.000016 0.000045 0.000100 0.000050 0.000025 
4965312 convolutionTexture 1 921 44 1.015000 1.002000  0.000020 0.000016 0.000043 0.000092 0.000047 0.000024 
4965376 convolutionTexture 1 921 44 1.015000 1.387000  0.000018 0.000015 0.000042 0.000090 0.000046 0.000024 
4965376 convolutionTexture 1 921 44 1.015000 0.925000  0.000016 0.000014 0.000040 0.000078 0.000041 0.000022 
4965440 convolutionTexture 1 921 44 1.015000 1.233000  0.000017 0.000015 0.000041 0.000080 0.000043 0.000023 
4965440 convolutionTexture 1 921 44 1.015000 0.925000  0.000016 0.000015 0.000041 0.000091 0.000046 0.000024 
4965440 convolutionTexture 1 921 44 1.015000 1.157000  0.000020 0.000016 0.000047 0.000122 0.000054 0.000026 
4965504 convolutionTexture 1 921 44 1.015000 1.464000  0.000022 0.000015 0.000042 0.000088 0.000044 0.000023 
4965504 convolutionTexture 1 921 45 1.015000 1.079000  0.000021 0.000016 0.000043 0.000088 0.000044 0.000023 
4965504 convolutionTexture 1 921 45 1.015000 1.312000  0.000017 0.000015 0.000053 0.000110 0.000053 0.000030 
4965568 convolutionTexture 1 921 45 1.015000 0.926000  0.160504 0.048206 0.104803 0.160713 0.054268 0.023758 
4965568 convolutionTexture 1 921 44 1.015000 1.233000  0.000004 0.000004 0.000011 0.000025 0.000014 0.000007 
4965568 convolutionTexture 1 921 44 1.015000 1.311000  0.000017 0.000015 0.000041 0.000080 0.000043 0.000023 
4965632 convolutionTexture 1 921 44 1.015000 1.003000  0.000021 0.000016 0.000043 0.000094 0.000048 0.000025 
4965632 convolutionTexture 1 921 44 1.015000 1.388000  0.000017 0.000015 0.000041 0.000080 0.000043 0.000023 
4965696 convolutionTexture 1 921 44 1.015000 0.926000  0.000016 0.000014 0.000039 0.000076 0.000040 0.000022 
4965696 convolutionTexture 1 921 44 1.015000 1.235000  0.000017 0.000015 0.000041 0.000080 0.000043 0.000023 
4965696 convolutionTexture 1 921 44 1.015000 0.926000  0.000016 0.000014 0.000040 0.000087 0.000045 0.000023 
4965760 convolutionTexture 1 921 44 1.015000 1.002000  0.000019 0.000015 0.000043 0.000092 0.000046 0.000024 
4965760 convolutionTexture 1 921 44 1.015000 0.926000  0.000020 0.000015 0.000044 0.000134 0.000051 0.000025 
4965760 convolutionTexture 1 921 44 1.015000 0.925000  0.000020 0.000016 0.000044 0.000092 0.000045 0.000023 
4965824 convolutionTexture 1 921 44 1.015000 1.312000  0.000017 0.000015 0.000040 0.000080 0.000043 0.000023 
4965824 convolutionTexture 1 921 44 1.015000 1.156000  0.000015 0.000014 0.000043 0.000089 0.000043 0.000023 
4965824 convolutionTexture 1 921 44 1.015000 1.156000  0.000017 0.000015 0.000040 0.000079 0.000043 0.000023 
4965888 convolutionTexture 1 921 44 1.015000 0.925000  0.000016 0.000014 0.000039 0.000074 0.000040 0.000021 
4965888 convolutionTexture 1 921 44 1.015000 1.234000  0.000016 0.000015 0.000040 0.000078 0.000042 0.000023 
4965952 convolutionTexture 1 921 44 1.015000 0.925000  0.000017 0.000015 0.000040 0.000078 0.000042 0.000022 
4965952 convolutionTexture 1 921 44 1.015000 0.925000  0.000016 0.000015 0.000040 0.000078 0.000042 0.000022 
4965952 convolutionTexture 1 921 44 1.015000 1.309000  0.000017 0.000015 0.000040 0.000079 0.000043 0.000022 
4966016 convolutionTexture 1 921 44 1.015000 0.925000  0.000016 0.000014 0.000038 0.000081 0.000040 0.000021 
4966016 convolutionTexture 1 921 44 1.015000 1.543000  0.000016 0.000015 0.000040 0.000078 0.000042 0.000022 
4966016 convolutionTexture 1 921 44 1.015000 0.926000  0.000017 0.000014 0.000040 0.000077 0.000042 0.000022 
4966080 convolutionTexture 1 921 44 1.015000 0.926000  0.000020 0.000015 0.000042 0.000093 0.000047 0.000024 
4966080 convolutionTexture 1 921 44 1.015000 1.002000  0.000018 0.000015 0.000042 0.000089 0.000045 0.000023 
4966144 convolutionTexture 1 921 44 1.015000 0.926000  0.000015 0.000014 0.000038 0.000074 0.000039 0.000021 
4966144 convolutionTexture 1 921 44 1.015000 0.926000  0.000019 0.000015 0.000042 0.000092 0.000046 0.000023 
4966144 convolutionTexture 1 921 44 1.015000 1.004000  0.000088 0.000027 0.000063 0.000149 0.000056 0.000029 
4966208 convolutionTexture 1 921 44 1.015000 1.233000  0.000018 0.000015 0.000041 0.000088 0.000045 0.000023 
4966208 convolutionTexture 1 921 44 1.015000 1.156000  0.000032 0.000016 0.000047 0.000127 0.000050 0.000025 
4966208 convolutionTexture 1 921 44 1.015000 0.925000  0.000018 0.000018 0.000045 0.000102 0.000046 0.000023 
4966272 convolutionTexture 1 921 44 1.015000 1.309000  0.000016 0.000014 0.000039 0.000078 0.000042 0.000022 
4966272 convolutionTexture 1 921 44 1.015000 1.080000  0.000044 0.000023 0.000057 0.000176 0.000054 0.000026 
4966336 convolutionTexture 1 921 44 1.015000 1.387000  0.000017 0.000014 0.000041 0.000090 0.000046 0.000024 
4966336 convolutionTexture 1 921 44 1.015000 1.541000  0.241241 0.070312 0.151929 0.241473 0.079154 0.034804 
4966336 convolutionTexture 1 921 44 1.015000 1.389000  0.000019 0.000015 0.000042 0.000089 0.000044 0.000022 
4966400 convolutionTexture 1 921 44 1.015000 1.464000  0.000041 0.000019 0.000047 0.000155 0.000054 0.000027 
4966400 convolutionTexture 1 921 44 1.015000 1.081000  0.000043 0.000021 0.000057 0.000178 0.000059 0.000031 
