#Timestamp	Benchmark	Run(#)	CPU Frequency (MHz)	CPU Temperature(C)	CPU Voltage(V)	CPU Power(W)	CPU_CYCLES	L1_DATA_CACHE_ACCESS	INSTRUCTIONS_RETIRED	BUS_CYCLES	L1I_CACHE_ACCESS	PREDICTABLE_BRANCH_SPECULATIVELY_EXECUTED
4344576 radixSortThrust 1 614 46 0.919000 0.926000  0.000131 0.000097 0.000275 0.000634 0.000309 0.000157 
4344640 radixSortThrust 1 614 45 0.919000 0.617000  0.000100 0.000089 0.000248 0.000487 0.000263 0.000181 
4344640 radixSortThrust 1 614 45 0.919000 0.848000  0.000129 0.000101 0.000272 0.000580 0.000302 0.000155 
4344704 radixSortThrust 1 614 45 0.919000 0.616000  0.000101 0.000092 0.000255 0.000494 0.000268 0.000142 
4344704 radixSortThrust 1 614 45 0.919000 0.616000  0.000117 0.000096 0.000263 0.000555 0.000291 0.000151 
4344704 radixSortThrust 1 614 44 0.919000 0.925000  0.000098 0.000091 0.000251 0.000481 0.000262 0.000140 
4344768 radixSortThrust 1 614 44 0.919000 0.616000  0.000122 0.000096 0.000274 0.000592 0.000300 0.000151 
4344768 radixSortThrust 1 614 44 0.919000 0.848000  0.000100 0.000089 0.000247 0.000479 0.000256 0.000137 
4344832 radixSortThrust 1 614 44 0.919000 0.617000  0.000092 0.000084 0.000236 0.000447 0.000240 0.000130 
4344832 radixSortThrust 1 614 44 0.919000 0.848000  0.000100 0.000089 0.000245 0.000487 0.000259 0.000137 
4344832 radixSortThrust 1 614 44 0.919000 0.694000  0.000091 0.000084 0.000235 0.000443 0.000240 0.000130 
4344896 radixSortThrust 1 614 44 0.919000 0.847000  0.000097 0.000088 0.000244 0.000468 0.000257 0.000136 
4344896 radixSortThrust 1 614 44 0.919000 0.693000  0.000092 0.000083 0.000233 0.000447 0.000238 0.000129 
4344896 radixSortThrust 1 614 44 0.919000 0.770000  0.000097 0.000129 0.000316 0.000662 0.000365 0.000178 
4344960 radixSortThrust 1 614 44 0.919000 0.617000  0.000117 0.000094 0.000260 0.000534 0.000271 0.000138 
4344960 radixSortThrust 1 614 43 0.919000 0.770000  0.000117 0.000092 0.000251 0.000530 0.000277 0.000143 
4345024 radixSortThrust 1 614 43 0.919000 0.926000  0.000095 0.000085 0.000236 0.000458 0.000250 0.000132 
4345024 radixSortThrust 1 614 43 0.919000 0.771000  0.000094 0.000085 0.000235 0.000456 0.000250 0.000131 
4345024 radixSortThrust 1 614 43 0.919000 0.848000  0.090742 0.029710 0.061135 0.090925 0.033205 0.014775 
4345088 radixSortThrust 1 614 43 0.919000 0.617000  0.000088 0.000080 0.000223 0.000419 0.000231 0.000165 
4345088 radixSortThrust 1 614 43 0.919000 0.925000  0.000105 0.000088 0.000261 0.000575 0.000281 0.000139 
4345088 radixSortThrust 1 614 43 0.919000 0.694000  0.000088 0.000079 0.000220 0.000433 0.000226 0.000121 
4345152 radixSortThrust 1 614 43 0.919000 0.847000  0.000113 0.000088 0.000241 0.000514 0.000270 0.000137 
4345152 radixSortThrust 1 614 43 0.919000 0.617000  0.000100 0.000080 0.000227 0.000465 0.000234 0.000124 
4345216 radixSortThrust 1 614 43 0.919000 0.770000  0.000109 0.000086 0.000240 0.000506 0.000258 0.000134 
4345216 radixSortThrust 1 614 43 0.919000 0.617000  0.000091 0.000081 0.000225 0.000443 0.000237 0.000127 
4345216 radixSortThrust 1 614 43 0.919000 0.925000  0.000103 0.000086 0.000237 0.000497 0.000261 0.000135 
4345280 radixSortThrust 1 614 43 0.919000 0.924000  0.000124 0.000090 0.000239 0.000507 0.000263 0.000132 
4345280 radixSortThrust 1 614 43 0.919000 0.539000  0.000100 0.000084 0.000232 0.000487 0.000254 0.000133 
4345280 radixSortThrust 1 614 43 0.919000 0.848000  0.000107 0.000083 0.000233 0.000501 0.000260 0.000133 
4345344 radixSortThrust 1 614 43 0.919000 0.540000  0.000083 0.000075 0.000211 0.000406 0.000214 0.000116 
4345344 radixSortThrust 1 614 43 0.919000 0.849000  0.000108 0.000084 0.000232 0.000484 0.000254 0.000132 
4345408 radixSortThrust 1 614 43 0.919000 0.617000  0.000081 0.000075 0.000210 0.000396 0.000214 0.000116 
4345408 radixSortThrust 1 614 43 0.919000 0.770000  -0.144707 0.622096 -0.206754 -0.144615 0.463506 0.246689 
4345408 radixSortThrust 1 614 43 0.919000 0.539000  0.000080 0.000076 0.000212 0.000425 0.000221 0.000119 
4345472 radixSortThrust 1 614 43 0.919000 0.771000  0.000100 0.000080 0.000223 0.000467 0.000248 0.000129 
4345472 radixSortThrust 1 614 43 0.919000 0.617000  0.000102 0.000080 0.000224 0.000474 0.000246 0.000126 
4345472 radixSortThrust 1 614 43 0.919000 0.925000  0.000095 0.000081 0.000223 0.000457 0.000244 0.000126 
4345536 radixSortThrust 1 614 43 0.919000 0.925000  0.000082 0.000077 0.000213 0.000407 0.000223 0.000119 
4345536 radixSortThrust 1 614 43 0.919000 0.693000  0.000104 0.000083 0.000231 0.000485 0.000251 0.000129 
4345600 radixSortThrust 1 614 43 0.919000 0.847000  0.000112 0.000145 0.000362 0.000741 0.000299 0.000173 
4345600 radixSortThrust 1 614 43 0.919000 0.540000  0.000078 0.000072 0.000202 0.000378 0.000205 0.000112 
4345600 radixSortThrust 1 614 43 0.919000 0.848000  0.000090 0.000080 0.000223 0.000847 0.000358 0.000171 
4345664 radixSortThrust 1 614 43 0.919000 0.539000  0.000080 0.000072 0.000201 0.000382 0.000209 0.000112 
4345664 radixSortThrust 1 614 43 0.919000 0.617000  0.000084 0.000076 0.000208 0.000399 0.000220 0.000116 
4345664 radixSortThrust 1 614 43 0.919000 0.540000  0.000096 0.000075 0.000211 0.000439 0.000219 0.000115 
4345728 radixSortThrust 1 614 43 0.919000 0.772000  0.000219 0.000092 0.000250 0.000610 0.000270 0.000132 
4345728 radixSortThrust 1 614 42 0.919000 0.540000  0.000098 0.000078 0.000211 0.000461 0.000242 0.000121 
4345792 radixSortThrust 1 614 42 0.919000 0.926000  0.000078 0.000074 0.000203 0.000384 0.000214 0.000114 
4345792 radixSortThrust 1 614 42 0.919000 0.848000  0.000080 0.000073 0.000326 0.000636 0.000301 0.000149 
4345792 radixSortThrust 1 614 43 0.919000 0.540000  0.000090 0.000077 0.000215 0.000453 0.000237 0.000119 
4345856 radixSortThrust 1 614 43 0.919000 0.847000  0.000077 0.000072 0.000199 0.000383 0.000208 0.000111 
4345856 radixSortThrust 1 614 42 0.919000 0.540000  0.000099 0.000080 0.000218 0.000462 0.000239 0.000122 
4345856 radixSortThrust 1 614 42 0.919000 0.926000  0.000099 0.000080 0.000217 0.000457 0.000238 0.000122 
4345920 radixSortThrust 1 614 42 0.919000 0.539000  0.000088 0.000078 0.000213 0.000442 0.000234 0.000120 
4345920 radixSortThrust 1 614 42 0.919000 0.849000  0.000097 0.000076 0.000208 0.000443 0.000232 0.000117 
4345984 radixSortThrust 1 614 42 0.919000 0.693000  0.000091 0.000071 0.000194 0.000375 0.000198 0.000105 
4345984 radixSortThrust 1 614 42 0.919000 0.849000  0.000079 0.000071 0.000195 0.000371 0.000205 0.000109 
4345984 radixSortThrust 1 614 42 0.919000 0.540000  0.000075 0.000067 0.000186 0.000360 0.000189 0.000103 
4346048 radixSortThrust 1 614 42 0.919000 0.617000  0.000078 0.000113 0.000349 0.000631 0.000286 0.000146 
4346048 radixSortThrust 1 614 42 0.919000 0.539000  0.000073 0.000068 0.000189 0.000382 0.000195 0.000105 
4346048 radixSortThrust 1 614 42 0.919000 0.694000  0.000096 0.000075 0.000204 0.000423 0.000221 0.000114 
4346112 radixSortThrust 1 614 42 0.919000 0.694000  0.000090 0.000070 0.000195 0.000411 0.000199 0.000106 
4346112 radixSortThrust 1 614 42 0.919000 0.771000  0.000092 0.000075 0.000207 0.000433 0.000227 0.000117 
4346176 radixSortThrust 1 614 42 0.919000 0.849000  0.000077 0.000069 0.000190 0.000371 0.000200 0.000106 
4346176 radixSortThrust 1 614 42 0.919000 0.617000  0.000073 0.000068 0.000190 0.000476 0.000240 0.000138 
4346176 radixSortThrust 1 614 42 0.919000 0.925000  0.000075 0.000068 0.000188 0.000367 0.000198 0.000105 
4346240 radixSortThrust 1 614 42 0.919000 0.848000  0.000069 0.000064 0.000180 0.000335 0.000184 0.000100 
4346240 radixSortThrust 1 614 42 0.919000 0.848000  0.000076 0.000068 0.000187 0.000366 0.000202 0.000105 
4346240 radixSortThrust 1 614 42 0.919000 0.695000  0.000071 0.000064 0.000179 0.000342 0.000184 0.000099 
4346304 radixSortThrust 1 614 42 0.919000 0.848000  0.000074 0.000067 0.000186 0.000353 0.000196 0.000103 
4346304 radixSortThrust 1 614 42 0.919000 0.540000  0.000070 0.000065 0.000181 0.000380 0.000189 0.000101 
4346368 radixSortThrust 1 614 42 0.919000 0.770000  0.000025 0.000020 0.000054 0.000117 0.000061 0.000030 
4346368 radixSortThrust 1 614 42 0.919000 0.540000  0.000072 0.000066 0.000183 0.000354 0.000192 0.000102 
4346368 radixSortThrust 1 614 42 0.919000 0.694000  0.000073 0.000066 0.000236 0.000477 0.000277 0.000134 
4346432 radixSortThrust 1 614 42 0.919000 0.925000  0.000084 0.000066 0.000182 0.000361 0.000193 0.000101 
4346432 radixSortThrust 1 614 42 0.919000 0.540000  0.000067 0.000062 0.000173 0.000327 0.000177 0.000096 
4346496 radixSortThrust 1 614 42 0.919000 0.847000  0.008739 0.002670 0.005749 0.008823 0.003076 0.001246 
4346496 radixSortThrust 1 614 42 0.919000 0.540000  0.000066 0.000062 0.000173 0.000323 0.000176 0.000096 
4346496 radixSortThrust 1 614 42 0.919000 0.848000  0.000024 0.000019 0.000052 0.000109 0.000058 0.000029 
4346560 radixSortThrust 1 614 42 0.919000 0.539000  0.000067 0.000063 0.000174 0.000343 0.000181 0.000096 
4346560 radixSortThrust 1 614 42 0.919000 0.694000  0.000085 0.000074 0.000199 0.000434 0.000217 0.000110 
4346560 radixSortThrust 1 614 42 0.919000 0.539000  0.000081 0.000062 0.000177 0.000354 0.000179 0.000095 
4346624 radixSortThrust 1 614 42 0.919000 0.925000  0.000069 0.000066 0.000180 0.000370 0.000192 0.000102 
4346624 radixSortThrust 1 614 42 0.919000 0.848000  0.000052 0.000041 0.000111 0.000237 0.000123 0.000062 
4346688 radixSortThrust 1 614 42 0.919000 0.925000  0.000084 0.000069 0.000188 0.000394 0.000209 0.000106 
4346688 radixSortThrust 1 614 42 0.919000 0.848000  0.012933 0.003950 0.008232 0.013075 0.004455 0.001937 
4346688 radixSortThrust 1 614 42 0.919000 0.540000  0.000066 0.000060 0.000169 0.000324 0.000174 0.000093 
4346752 radixSortThrust 1 614 42 0.919000 0.847000  0.000082 0.000068 0.000187 0.000392 0.000207 0.000106 
4346752 radixSortThrust 1 614 42 0.919000 0.539000  0.000079 0.000064 0.000178 0.000360 0.000183 0.000096 
4346752 radixSortThrust 1 614 42 0.919000 0.772000  0.000024 0.000021 0.000055 0.000119 0.000059 0.000030 
4346816 radixSortThrust 1 614 42 0.919000 0.617000  0.000081 0.000067 0.000187 0.000381 0.000196 0.000101 
4346816 radixSortThrust 1 614 42 0.919000 0.925000  0.000091 0.000067 0.000196 0.000489 0.000212 0.000106 
4346880 radixSortThrust 1 614 42 0.919000 0.771000  0.000077 0.000063 0.000173 0.000338 0.000183 0.000097 
4346880 radixSortThrust 1 614 42 0.919000 0.617000  0.000111 0.000072 0.000192 0.000428 0.000203 0.000101 
4346880 radixSortThrust 1 614 42 0.919000 0.848000  0.000068 0.000062 0.000170 0.000335 0.000181 0.000095 
4346944 radixSortThrust 1 614 42 0.919000 0.848000  0.000087 0.000065 0.000172 0.000352 0.000177 0.000093 
4346944 radixSortThrust 1 614 42 0.919000 1.001000  0.000021 0.000015 0.000044 0.000096 0.000056 0.000027 
4346944 radixSortThrust 1 614 42 0.919000 0.847000  0.000018 0.000015 0.000044 0.000089 0.000054 0.000027 
4347008 radixSortThrust 1 614 42 0.919000 1.156000  0.000020 0.000015 0.000043 0.000091 0.000054 0.000027 
4347008 radixSortThrust 1 614 42 0.919000 0.924000  0.000070 0.000059 0.000166 0.000363 0.000188 0.000098 
4347072 radixSortThrust 1 614 42 0.919000 0.769000  0.000020 0.000015 0.000043 0.000094 0.000055 0.000027 
4347072 radixSortThrust 1 614 42 0.919000 0.538000  0.000018 0.000015 0.000043 0.000086 0.000055 0.000027 
4347072 radixSortThrust 1 614 42 0.919000 0.692000  0.000095 0.000062 0.000169 0.000404 0.000185 0.000096 
4347136 radixSortThrust 1 614 43 0.919000 0.539000  0.000019 0.000015 0.000042 0.000091 0.000053 0.000026 
4347136 radixSortThrust 1 614 43 0.919000 0.693000  0.000019 0.000015 0.000045 0.000104 0.000056 0.000027 
4347136 radixSortThrust 1 614 42 0.919000 0.925000  0.000018 0.000015 0.000042 0.000087 0.000052 0.000026 
4347200 radixSortThrust 1 614 42 0.919000 1.156000  0.000020 0.000014 0.000044 0.000101 0.000055 0.000026 
4347200 radixSortThrust 1 614 42 0.919000 1.002000  0.000065 0.000060 0.000161 0.000348 0.000196 0.000097 
4347264 radixSortThrust 1 614 42 0.919000 0.846000  0.000068 0.000054 0.000154 0.000369 0.000170 0.000090 
4347264 radixSortThrust 1 614 42 0.919000 0.615000  0.000082 0.000062 0.000171 0.000410 0.000185 0.000095 
4347264 radixSortThrust 1 614 43 0.919000 0.693000  0.000077 0.000060 0.000167 0.000356 0.000172 0.000090 
4347328 radixSortThrust 1 614 43 0.919000 0.615000  0.000020 0.000014 0.000041 0.000089 0.000052 0.000025 
4347328 radixSortThrust 1 614 43 0.919000 1.154000  0.000066 0.000070 0.000180 0.000494 0.000188 0.000094 
4347328 radixSortThrust 1 614 43 0.919000 0.925000  0.000065 0.000058 0.000159 0.000330 0.000169 0.000088 
4347392 radixSortThrust 1 614 43 0.919000 1.077000  0.000082 0.000060 0.000167 0.000386 0.000175 0.000091 
4347392 radixSortThrust 1 614 42 0.919000 0.461000  0.000082 0.000059 0.000164 0.000395 0.000176 0.000094 
4347456 radixSortThrust 1 614 42 0.919000 0.693000  0.000018 0.000014 0.000040 0.000084 0.000052 0.000025 
4347456 radixSortThrust 1 614 42 0.919000 0.615000  0.000019 0.000014 0.000040 0.000086 0.000050 0.000025 
4347456 radixSortThrust 1 614 42 0.919000 0.693000  0.063518 0.015555 0.032912 0.063606 0.017881 0.007679 
4347520 radixSortThrust 1 614 42 0.919000 1.077000  0.000031 0.000026 0.000062 0.000139 0.000061 0.000035 
4347520 radixSortThrust 1 614 43 0.919000 1.002000  0.000020 0.000014 0.000040 0.000102 0.000052 0.000025 
4347520 radixSortThrust 1 614 43 0.919000 0.769000  0.000149 0.000028 0.000070 0.000237 0.000075 0.000033 
4347584 radixSortThrust 1 614 43 0.919000 0.617000  0.000062 0.000052 0.000155 0.000348 0.000156 0.000083 
4347584 radixSortThrust 1 614 43 0.919000 0.615000  0.000079 0.000057 0.000161 0.000367 0.000176 0.000091 
4347648 radixSortThrust 1 614 43 0.919000 0.462000  0.000062 0.000053 0.000148 0.000314 0.000153 0.000082 
4347648 radixSortThrust 1 614 43 0.919000 0.693000  0.000063 0.000054 0.000194 0.000438 0.000198 0.000112 
4347648 radixSortThrust 1 614 43 0.919000 1.156000  0.000062 0.000055 0.000152 0.000312 0.000163 0.000086 
4347712 radixSortThrust 1 614 43 0.919000 0.848000  0.000067 0.015482 0.032288 0.061830 0.017283 0.007579 
4347712 radixSortThrust 1 614 43 0.919000 0.616000  0.000005 0.000004 0.000011 0.000025 0.000015 0.000007 
4347776 radixSortThrust 1 614 43 0.919000 0.462000  0.000057 0.000055 0.000149 0.000363 0.000155 0.000081 
4347776 radixSortThrust 1 614 43 0.919000 1.002000  0.000104 0.000055 0.000149 0.000370 0.000159 0.000083 
4347840 radixSortThrust 1 614 43 0.919000 0.539000  0.000062 0.000050 0.000144 0.000344 0.000143 0.000078 
4347840 radixSortThrust 1 614 43 0.919000 0.615000  0.000016 0.000013 0.000038 0.000076 0.000047 0.000023 
4347840 radixSortThrust 1 614 43 0.919000 0.461000  0.000016 0.000013 0.000038 0.000075 0.000048 0.000023 
4347904 radixSortThrust 1 614 43 0.919000 0.847000  0.000071 0.000055 0.000153 0.000390 0.000169 0.000085 
4347904 radixSortThrust 1 614 43 0.919000 0.539000  0.000058 0.000050 0.000140 0.000299 0.000145 0.000077 
4347904 radixSortThrust 1 614 43 0.919000 0.617000  0.000070 0.000053 0.000148 0.000327 0.000160 0.000082 
4347968 radixSortThrust 1 614 43 0.919000 1.079000  0.000026 0.000014 0.000040 0.000085 0.000049 0.000024 
4347968 radixSortThrust 1 614 43 0.919000 0.771000  0.000060 0.000051 0.000141 0.000421 0.000192 0.000098 
4348032 radixSortThrust 1 614 43 0.919000 0.848000  0.000015 0.000013 0.000036 0.000074 0.000049 0.000023 
4348032 radixSortThrust 1 614 43 0.919000 0.692000  0.000004 0.000004 0.000011 0.000023 0.000014 0.000009 
4348032 radixSortThrust 1 614 43 0.919000 0.538000  0.000018 0.000013 0.000036 0.000085 0.000046 0.000024 
4348096 radixSortThrust 1 614 43 0.919000 0.615000  0.000087 0.000053 0.000141 0.000328 0.000145 0.000076 
4348096 radixSortThrust 1 614 43 0.919000 0.616000  0.006693 0.001437 0.003142 0.006757 0.001781 0.000753 
4348160 radixSortThrust 1 614 43 0.919000 1.002000  0.000016 0.000013 0.000036 0.000076 0.000046 0.000022 
4348160 radixSortThrust 1 614 43 0.919000 1.002000  0.000013 0.000014 0.000038 0.000081 0.000046 0.000023 
4348160 radixSortThrust 1 614 43 0.919000 0.924000  0.170838 0.042484 0.098404 0.170975 0.049549 0.021960 
4348224 radixSortThrust 1 614 43 0.919000 0.615000  0.000037 0.000031 0.000091 0.000221 0.000094 0.000050 
4348224 radixSortThrust 1 614 43 0.919000 0.847000  0.000036 0.000031 0.000084 0.000172 0.000090 0.000047 
4348224 radixSortThrust 1 614 43 0.919000 0.923000  0.000017 0.000012 0.000035 0.000077 0.000046 0.000022 
4348288 radixSortThrust 1 614 43 0.919000 0.693000  0.000017 0.000012 0.000035 0.000077 0.000044 0.000022 
4348288 radixSortThrust 1 614 43 0.919000 1.001000  0.000066 0.000051 0.000139 0.000308 0.000156 0.000080 
4348352 radixSortThrust 1 614 43 0.919000 0.847000  0.010902 0.002082 0.004719 0.010939 0.002611 0.001097 
4348352 radixSortThrust 1 614 43 0.919000 1.002000  0.000092 0.000051 0.000138 0.000331 0.000149 0.000077 
4348352 radixSortThrust 1 614 43 0.919000 0.539000  0.000065 0.000050 0.000144 0.000327 0.000155 0.000082 
4348416 radixSortThrust 1 614 43 0.919000 0.615000  0.000017 0.000012 0.000035 0.000075 0.000044 0.000022 
4348416 radixSortThrust 1 614 43 0.919000 0.770000  0.000065 0.000049 0.000133 0.000289 0.000200 0.000096 
4348416 radixSortThrust 1 614 43 0.919000 1.002000  0.000056 0.000048 0.000132 0.000261 0.000140 0.000074 
4348480 radixSortThrust 1 614 43 0.919000 0.771000  0.040334 0.010099 0.022659 0.040415 0.011632 0.005096 
4348480 radixSortThrust 1 614 43 0.919000 1.002000  0.000015 0.000012 0.000034 0.000072 0.000044 0.000021 
4348544 radixSortThrust 1 614 43 0.919000 0.616000  0.000015 0.000012 0.000034 0.000072 0.000044 0.000021 
4348544 radixSortThrust 1 614 43 0.919000 0.461000  0.000014 0.000012 0.000034 0.000067 0.000043 0.000021 
4348544 radixSortThrust 1 614 43 0.919000 0.770000  0.000066 0.000048 0.000131 0.000293 0.000138 0.000077 
4348608 radixSortThrust 1 614 43 0.919000 0.692000  0.000064 0.000046 0.000134 0.000329 0.000138 0.000072 
4348608 radixSortThrust 1 614 43 0.919000 0.847000  0.000057 0.000047 0.000130 0.000270 0.000141 0.000073 
4348608 radixSortThrust 1 614 43 0.919000 1.002000  0.000016 0.000012 0.000034 0.000074 0.000043 0.000021 
4348672 radixSortThrust 1 614 43 0.919000 0.923000  0.000063 0.000049 0.000136 0.000302 0.000153 0.000077 
4348672 radixSortThrust 1 614 43 0.919000 1.002000  0.000013 0.000012 0.000033 0.000065 0.000042 0.000021 
4348736 radixSortThrust 1 614 43 0.919000 0.769000  0.000056 0.000047 0.000131 0.000300 0.000137 0.000072 
4348736 radixSortThrust 1 614 43 0.919000 0.615000  0.062461 0.015842 0.035338 0.062494 0.018105 0.007956 
4348736 radixSortThrust 1 614 43 0.919000 0.616000  0.000054 0.000046 0.000127 0.000251 0.000133 0.000071 
4348800 radixSortThrust 1 614 43 0.919000 0.692000  0.000050 0.000044 0.000124 0.000250 0.000129 0.000069 
4348800 radixSortThrust 1 614 43 0.919000 0.616000  0.000052 0.000046 0.000126 0.000259 0.000140 0.000073 
4348800 radixSortThrust 1 614 43 0.919000 0.923000  0.000058 0.000044 0.000123 0.000251 0.000125 0.000067 
4348864 radixSortThrust 1 614 43 0.919000 0.848000  0.000061 0.000046 0.000126 0.000504 0.000162 0.000079 
4348864 radixSortThrust 1 614 43 0.919000 0.615000  0.057149 0.013507 0.032124 0.057183 0.016110 0.007049 
4348928 radixSortThrust 1 614 43 0.919000 0.539000  0.000014 0.000011 0.000033 0.000068 0.000042 0.000020 
4348928 radixSortThrust 1 614 43 0.919000 0.692000  0.079157 0.019549 0.042786 0.079175 0.022214 0.009683 
4348928 radixSortThrust 1 614 43 0.919000 0.615000  0.000016 0.000011 0.000033 0.000071 0.000042 0.000020 
4348992 radixSortThrust 1 614 43 0.919000 0.461000  0.081709 0.020080 0.043972 0.081726 0.022893 0.009963 
4348992 radixSortThrust 1 614 43 0.919000 0.848000  0.000057 0.000045 0.000128 0.000299 0.000158 0.000078 
4349056 radixSortThrust 1 614 43 0.919000 0.925000  0.000014 0.000011 0.000032 0.000067 0.000041 0.000020 
4349056 radixSortThrust 1 614 43 0.919000 1.079000  0.000014 0.000011 0.000035 0.000079 0.000043 0.000021 
4349056 radixSortThrust 1 614 43 0.919000 0.616000  0.000012 0.000011 0.000032 0.000063 0.000040 0.000020 
4349120 radixSortThrust 1 614 43 0.919000 0.771000  0.000051 0.000045 0.000153 0.000334 0.000157 0.000086 
4349120 radixSortThrust 1 614 43 0.919000 0.616000  0.000057 0.000044 0.000123 0.000244 0.000127 0.000068 
4349120 radixSortThrust 1 614 43 0.919000 0.925000  0.000059 0.000050 0.000136 0.000294 0.000150 0.000076 
4349184 radixSortThrust 1 614 43 0.919000 0.616000  0.000048 0.000044 0.000122 0.000284 0.000136 0.000070 
4349184 radixSortThrust 1 614 43 0.919000 0.616000  0.000060 0.000049 0.000134 0.000280 0.000147 0.000075 
4349184 radixSortThrust 1 614 42 0.919000 0.926000  0.000050 0.000045 0.000122 0.000234 0.000130 0.000068 
4349248 radixSortThrust 1 614 43 0.919000 0.617000  0.000045 0.000042 0.000117 0.000218 0.000119 0.000065 
4349248 radixSortThrust 1 614 43 0.919000 0.925000  0.000053 0.000045 0.000126 0.000258 0.000138 0.000072 
4349312 radixSortThrust 1 614 42 0.919000 0.694000  0.000046 0.000042 0.000116 0.000222 0.000119 0.000064 
4349312 radixSortThrust 1 614 42 0.919000 0.848000  0.000049 0.000065 0.000156 0.000384 0.000184 0.000124 
4349312 radixSortThrust 1 614 42 0.919000 0.694000  0.000056 0.000044 0.000121 0.000250 0.000125 0.000066 
4349376 radixSortThrust 1 614 42 0.919000 0.770000  0.000058 0.000047 0.000130 0.000467 0.000202 0.000095 
4349376 radixSortThrust 1 614 42 0.919000 0.926000  0.000047 0.000043 0.000119 0.000229 0.000125 0.000067 
4349440 radixSortThrust 1 614 42 0.919000 0.540000  0.000046 0.000043 0.000119 0.000225 0.000125 0.000067 
4349440 radixSortThrust 1 614 42 0.919000 1.003000  0.000057 0.000045 0.000124 0.000347 0.000155 0.000075 
4349440 radixSortThrust 1 614 42 0.919000 0.617000  0.000044 0.000041 0.000114 0.000214 0.000116 0.000063 
4349504 radixSortThrust 1 614 42 0.919000 0.848000  0.000047 0.000043 0.000118 0.000264 0.000139 0.000072 
4349504 radixSortThrust 1 614 42 0.919000 0.617000  0.000045 0.000040 0.000113 0.000217 0.000115 0.000062 
4349504 radixSortThrust 1 614 42 0.919000 0.849000  0.000047 0.000062 0.000151 0.000304 0.000177 0.000086 
4349568 radixSortThrust 1 614 42 0.919000 0.617000  0.000046 0.000042 0.000117 0.000242 0.000122 0.000064 
4349568 radixSortThrust 1 614 42 0.919000 0.770000  0.000058 0.000046 0.000127 0.000271 0.000141 0.000071 
4349632 radixSortThrust 1 614 42 0.919000 1.003000  0.000048 0.000042 0.000117 0.000230 0.000123 0.000065 
4349632 radixSortThrust 1 614 42 0.919000 0.847000  0.000047 0.000042 0.000117 0.000226 0.000124 0.000065 
4349632 radixSortThrust 1 614 42 0.919000 0.849000  0.000016 0.000014 0.000039 0.000087 0.000046 0.000023 
4349696 radixSortThrust 1 614 42 0.919000 0.694000  0.000045 0.000040 0.000111 0.000211 0.000113 0.000061 
4349696 radixSortThrust 1 614 42 0.919000 0.848000  0.000046 0.000042 0.000115 0.000456 0.000182 0.000084 
4349696 radixSortThrust 1 614 42 0.919000 0.694000  0.000043 0.000039 0.000110 0.000210 0.000113 0.000061 
4349760 radixSortThrust 1 614 42 0.919000 0.771000  0.000372 0.000199 0.000426 0.000780 0.000359 0.000165 
4349760 radixSortThrust 1 614 42 0.919000 0.616000  0.000052 0.000040 0.000114 0.000234 0.000117 0.000062 
4349824 radixSortThrust 1 614 42 0.919000 0.770000  0.000056 0.000044 0.000122 0.000260 0.000134 0.000067 
4349824 radixSortThrust 1 614 42 0.919000 1.002000  0.000044 0.000041 0.000113 0.000223 0.000120 0.000064 
4349824 radixSortThrust 1 614 42 0.919000 0.540000  0.000051 0.000042 0.000120 0.000252 0.000131 0.000068 
4349888 radixSortThrust 1 614 42 0.919000 0.925000  0.000051 0.000043 0.000118 0.000247 0.000130 0.000067 
4349888 radixSortThrust 1 614 42 0.919000 0.693000  0.000044 0.000039 0.000109 0.000208 0.000112 0.000060 
4349952 radixSortThrust 1 614 42 0.919000 0.847000  0.000045 0.000063 0.000151 0.000321 0.000150 0.000084 
4349952 radixSortThrust 1 614 42 0.919000 0.694000  0.000045 0.000040 0.000110 0.000231 0.000113 0.000061 
4349952 radixSortThrust 1 614 42 0.919000 0.771000  0.000051 0.000042 0.000118 0.000247 0.000130 0.000071 
4350016 radixSortThrust 1 614 42 0.919000 0.926000  0.000051 0.000041 0.000112 0.000222 0.000118 0.000063 
4350016 radixSortThrust 1 614 42 0.919000 0.770000  0.000044 0.000040 0.000111 0.000211 0.000117 0.000062 
4350080 radixSortThrust 1 614 42 0.919000 0.926000  0.000049 0.000042 0.000117 0.000243 0.000130 0.000067 
4350080 radixSortThrust 1 614 42 0.919000 0.540000  0.000042 0.000038 0.000106 0.000203 0.000121 0.000063 
4350080 radixSortThrust 1 614 42 0.919000 0.849000  0.000045 0.000040 0.000110 0.000212 0.000116 0.000061 
4350144 radixSortThrust 1 614 42 0.919000 0.770000  0.000042 0.000038 0.000106 0.000200 0.000109 0.000059 
4350144 radixSortThrust 1 614 42 0.919000 0.849000  0.000055 0.000043 0.000116 0.000245 0.000129 0.000066 
4350144 radixSortThrust 1 614 42 0.919000 0.617000  0.000043 0.000038 0.000105 0.000206 0.000156 0.000077 
4350208 radixSortThrust 1 614 42 0.919000 0.617000  0.000049 0.000041 0.000115 0.000237 0.000134 0.000071 
