#Timestamp	Benchmark	Run(#)	CPU Frequency (MHz)	CPU Temperature(C)	CPU Voltage(V)	CPU Power(W)	CPU_CYCLES	L1_DATA_CACHE_ACCESS	INSTRUCTIONS_RETIRED	BUS_CYCLES	L1I_CACHE_ACCESS	PREDICTABLE_BRANCH_SPECULATIVELY_EXECUTED
6203648 particles 1 1632 54 1.188000 2.312000  0.000179 0.000140 0.000451 0.001292 0.000518 0.000243 
6203712 particles 1 1632 54 1.188000 1.850000  0.000144 0.000123 0.000347 0.000695 0.000359 0.000191 
6203712 particles 1 1632 56 1.188000 2.693000  0.000164 0.000130 0.000363 0.000792 0.000394 0.000209 
6203712 particles 1 1632 56 1.188000 2.005000  0.000143 0.000123 0.000342 0.000666 0.000351 0.000189 
6203776 particles 1 1632 55 1.188000 1.773000  0.000157 0.000129 0.000353 0.000750 0.000387 0.000202 
6203776 particles 1 1632 54 1.188000 1.928000  0.000155 0.000128 0.000356 0.000801 0.000393 0.000204 
6203776 particles 1 1632 54 1.188000 3.083000  0.000265 0.000136 0.000372 0.000929 0.000389 0.000199 
6203840 particles 1 1632 54 1.188000 3.544000  0.000238 0.000135 0.000373 0.001094 0.000402 0.000206 
6203840 particles 1 1632 54 1.188000 3.314000  0.000148 0.000120 0.000331 0.000729 0.000365 0.000190 
6203904 particles 1 1632 54 1.188000 3.314000  0.000170 0.000110 0.000318 0.000779 0.000347 0.000182 
6203904 particles 1 1632 54 1.188000 3.391000  0.000129 0.000106 0.000295 0.000604 0.000304 0.000163 
6203904 particles 1 1632 54 1.188000 2.930000  0.000139 0.000112 0.000309 0.000695 0.000335 0.000176 
6203968 particles 1 1632 54 1.188000 2.005000  0.000133 0.000103 0.000295 0.000674 0.000300 0.000160 
6203968 particles 1 1632 53 1.188000 1.619000  0.000122 0.000108 0.000297 0.000576 0.000315 0.000166 
6203968 particles 1 1632 53 1.188000 2.388000  0.000120 0.000099 0.000276 0.000548 0.000291 0.000158 
6204032 particles 1 1632 54 1.188000 2.386000  0.000133 0.000102 0.000286 0.000659 0.000312 0.000162 
6204032 particles 1 1632 54 1.188000 2.541000  0.000113 0.000093 0.000264 0.000569 0.000274 0.000145 
6204032 particles 1 1632 54 1.188000 1.694000  0.000113 0.000097 0.000266 0.000529 0.000286 0.000153 
6204096 particles 1 1632 54 1.188000 2.462000  0.000195 0.000105 0.000283 0.000669 0.000299 0.000163 
6204096 particles 1 1632 54 1.188000 2.155000  0.000122 0.000098 0.000270 0.000619 0.000296 0.000153 
6204096 particles 1 1632 55 1.188000 3.005000  0.000118 0.000091 0.000265 0.000616 0.000285 0.000151 
6204160 particles 1 1632 55 1.188000 2.232000  0.001032 0.000567 0.001550 0.004231 0.001741 0.002098 
6204160 particles 1 1632 55 1.188000 2.693000  0.000137 0.000093 0.000257 0.000584 0.000276 0.000142 
6204224 particles 1 1632 54 1.188000 2.004000  0.000106 0.000091 0.000245 0.000595 0.000253 0.000132 
6204224 particles 1 1632 54 1.188000 2.156000  0.000099 0.000087 0.000242 0.000503 0.000268 0.000138 
6204224 particles 1 1632 55 1.188000 2.314000  0.000156 0.000084 0.000232 0.000520 0.000238 0.000127 
6204288 particles 1 1632 55 1.188000 1.926000  0.000146 0.000087 0.000241 0.000576 0.000272 0.000140 
6204288 particles 1 1632 55 1.188000 2.386000  0.000151 0.000087 0.000235 0.000540 0.000249 0.000129 
6204288 particles 1 1632 55 1.188000 2.309000  0.000098 0.000085 0.000231 0.000501 0.000247 0.000129 
6204352 particles 1 1632 55 1.188000 2.847000  0.000097 0.000082 0.000291 0.000655 0.000296 0.000167 
6204352 particles 1 1632 55 1.188000 2.385000  0.000088 0.000076 0.000211 0.000414 0.000218 0.000117 
6204352 particles 1 1632 55 1.188000 1.463000  0.000132 0.000083 0.000223 0.000514 0.000236 0.000122 
6204416 particles 1 1632 54 1.188000 2.388000  0.000089 0.000077 0.000210 0.000496 0.000220 0.000116 
6204416 particles 1 1632 54 1.188000 2.387000  0.000118 0.000076 0.000208 0.000509 0.000224 0.000117 
6204416 particles 1 1632 55 1.188000 2.154000  0.000089 0.000069 0.000197 0.000437 0.000204 0.000108 
6204480 particles 1 1632 55 1.188000 2.696000  0.000092 0.000073 0.000201 0.000464 0.000230 0.000117 
6204480 particles 1 1632 54 1.188000 2.698000  0.000197 0.000135 0.000367 0.000828 0.000397 0.000206 
6204544 particles 1 1632 54 1.188000 3.002000  0.000086 0.000069 0.000189 0.000389 0.000203 0.000106 
6204544 particles 1 1632 55 1.188000 1.773000  0.000342 0.000252 0.000684 0.001529 0.000764 0.000390 
6204544 particles 1 1632 54 1.188000 2.002000  0.000264 0.000231 0.000627 0.001381 0.000694 0.000362 
6204608 particles 1 1632 54 1.188000 2.154000  0.000082 0.000066 0.000182 0.000395 0.000198 0.000102 
6204608 particles 1 1632 55 1.188000 1.539000  0.000087 0.000071 0.000189 0.000456 0.000202 0.000103 
6204608 particles 1 1632 55 1.188000 2.002000  0.000143 0.000071 0.000191 0.000478 0.000215 0.000106 
6204672 particles 1 1632 54 1.188000 2.386000  0.000079 0.000062 0.000171 0.000395 0.000194 0.000099 
6204672 particles 1 1632 54 1.188000 1.926000  0.000079 0.000102 0.000248 0.000747 0.000256 0.000119 
6204672 particles 1 1632 54 1.188000 2.308000  0.000068 0.000056 0.000156 0.000314 0.000160 0.000086 
6204736 particles 1 1632 54 1.188000 2.771000  0.000076 0.000062 0.000166 0.000427 0.000191 0.000097 
6204736 particles 1 1632 55 1.188000 1.463000  0.000102 0.000056 0.000159 0.000382 0.000161 0.000086 
6204736 particles 1 1632 55 1.188000 2.465000  0.000080 0.000057 0.000158 0.000350 0.000168 0.000088 
6204800 particles 1 1632 55 1.188000 3.230000  0.000107 0.000062 0.000168 0.000412 0.000184 0.000094 
6204800 particles 1 1632 55 1.188000 2.077000  0.000071 0.000060 0.000161 0.000361 0.000174 0.000091 
6204800 particles 1 1632 55 1.188000 2.385000  0.000092 0.000057 0.000158 0.000422 0.000181 0.000093 
6204864 particles 1 1632 54 1.188000 1.541000  0.000066 0.000054 0.000149 0.000329 0.000155 0.000082 
6204864 particles 1 1632 54 1.188000 2.309000  0.000216 0.000064 0.000169 0.000494 0.000183 0.000093 
6204928 particles 1 1632 55 1.188000 1.924000  0.000086 0.000056 0.000152 0.000351 0.000156 0.000082 
6204928 particles 1 1632 55 1.188000 1.771000  0.000068 0.000055 0.000154 0.000340 0.000168 0.000087 
6204928 particles 1 1632 54 1.188000 2.078000  0.000074 0.000053 0.000144 0.000299 0.000150 0.000079 
6204992 particles 1 1632 54 1.188000 1.541000  0.000066 0.000053 0.000151 0.000386 0.000167 0.000086 
6204992 particles 1 1632 54 1.188000 2.926000  0.000074 0.000055 0.000152 0.000385 0.000168 0.000085 
6204992 particles 1 1632 54 1.188000 2.770000  0.000063 0.000055 0.000152 0.000385 0.000169 0.000085 
6205056 particles 1 1632 54 1.188000 2.772000  0.000081 0.000052 0.000145 0.000393 0.000153 0.000079 
6205056 particles 1 1632 55 1.188000 1.771000  0.000055 0.000049 0.000135 0.000284 0.000137 0.000074 
6205056 particles 1 1632 55 1.188000 1.925000  0.000093 0.000054 0.000150 0.000390 0.000160 0.000082 
6205120 particles 1 1632 54 1.188000 1.770000  0.000081 0.000050 0.000139 0.000367 0.000148 0.000076 
6205120 particles 1 1632 54 1.188000 1.695000  0.000085 0.000050 0.000139 0.000318 0.000151 0.000077 
6205120 particles 1 1632 54 1.188000 1.772000  0.000053 0.000046 0.000127 0.000256 0.000131 0.000070 
6205184 particles 1 1632 54 1.188000 1.773000  0.000055 0.000048 0.000141 0.000382 0.000158 0.000080 
6205184 particles 1 1632 54 1.188000 1.846000  0.000065 0.000049 0.000132 0.000296 0.000141 0.000074 
6205184 particles 1 1632 54 1.188000 1.848000  0.000058 0.000047 0.000132 0.000298 0.000147 0.000076 
6205248 particles 1 1632 54 1.188000 2.159000  0.000083 0.000048 0.000133 0.000308 0.000142 0.000074 
6205248 particles 1 1632 54 1.188000 1.696000  0.000070 0.000047 0.000131 0.000309 0.000146 0.000075 
6205312 particles 1 1632 54 1.188000 2.771000  0.000188 0.000071 0.000172 0.000561 0.000206 0.000108 
6205312 particles 1 1632 55 1.188000 2.003000  0.000053 0.000045 0.000124 0.000279 0.000131 0.000070 
6205312 particles 1 1632 55 1.188000 2.156000  0.000087 0.000049 0.000136 0.000337 0.000151 0.000076 
6205376 particles 1 1632 54 1.188000 2.156000  0.000058 0.000052 0.000142 0.000366 0.000155 0.000077 
6205376 particles 1 1632 54 1.188000 1.772000  0.000075 0.000046 0.000129 0.000323 0.000142 0.000073 
6205376 particles 1 1632 54 1.188000 2.851000  0.000054 0.000045 0.000123 0.000250 0.000132 0.000069 
6205440 particles 1 1632 54 1.188000 2.003000  0.000096 0.000049 0.000136 0.000361 0.000145 0.000074 
6205440 particles 1 1632 54 1.188000 2.157000  0.000383 0.000055 0.000139 0.000592 0.000148 0.000072 
6205440 particles 1 1632 54 1.188000 2.232000  0.000048 0.000041 0.000115 0.000228 0.000119 0.000064 
6205504 particles 1 1632 54 1.188000 2.233000  0.000053 0.000043 0.000123 0.000286 0.000138 0.000070 
6205504 particles 1 1632 54 1.188000 2.154000  0.624496 0.099917 0.212442 0.624707 0.130300 0.053873 
6205504 particles 1 1632 54 1.188000 2.467000  0.000075 0.000048 0.000130 0.000314 0.000143 0.000073 
6205568 particles 1 1632 55 1.188000 2.696000  0.000051 0.000040 0.000111 0.000227 0.000116 0.000062 
6205568 particles 1 1632 55 1.188000 1.850000  0.000051 0.000042 0.000118 0.000260 0.000131 0.000068 
6205632 particles 1 1632 55 1.188000 1.926000  0.000056 0.000042 0.000119 0.000280 0.000135 0.000068 
6205632 particles 1 1632 54 1.188000 1.772000  0.000056 0.000042 0.000119 0.000273 0.000132 0.000067 
6205632 particles 1 1632 54 1.188000 2.849000  0.000062 0.000043 0.000120 0.000269 0.000132 0.000066 
6205696 particles 1 1632 54 1.188000 2.155000  0.000063 0.000041 0.000111 0.000262 0.000114 0.000060 
6205696 particles 1 1632 54 1.188000 2.386000  0.000044 0.000039 0.000107 0.000240 0.000120 0.000063 
6205696 particles 1 1632 54 1.188000 2.236000  0.000055 0.000038 0.000105 0.000241 0.000113 0.000060 
6205760 particles 1 1632 54 1.188000 2.464000  0.000279 0.000068 0.000163 0.000512 0.000169 0.000078 
6205760 particles 1 1632 54 1.188000 2.234000  0.000051 0.000039 0.000109 0.000249 0.000124 0.000063 
6205760 particles 1 1632 54 1.188000 2.462000  0.000043 0.000038 0.000107 0.000234 0.000120 0.000063 
6205824 particles 1 1632 54 1.188000 2.462000  0.000045 0.000042 0.000111 0.000285 0.000120 0.000061 
6205824 particles 1 1632 55 1.188000 1.696000  0.000049 0.000038 0.000105 0.000214 0.000111 0.000059 
6205824 particles 1 1632 55 1.188000 2.617000  0.000042 0.000038 0.000104 0.000204 0.000110 0.000058 
6205888 particles 1 1632 54 1.188000 2.694000  0.000058 0.000038 0.000106 0.000274 0.000111 0.000059 
6205888 particles 1 1632 54 1.188000 2.851000  0.000045 0.000038 0.000103 0.000208 0.000114 0.000059 
6205888 particles 1 1632 55 1.188000 2.694000  0.000059 0.000038 0.000109 0.000292 0.000114 0.000059 
6205952 particles 1 1632 55 1.188000 2.310000  0.000040 0.000037 0.000103 0.000245 0.000116 0.000060 
6205952 particles 1 1632 55 1.188000 1.617000  0.000056 0.000036 0.000102 0.000233 0.000103 0.000055 
6206016 particles 1 1632 55 1.188000 2.386000  0.000065 0.000040 0.000114 0.000305 0.000120 0.000062 
6206016 particles 1 1632 55 1.188000 2.232000  0.000057 0.000037 0.000120 0.000381 0.000129 0.000062 
6206016 particles 1 1632 55 1.188000 2.694000  0.000051 0.000036 0.000104 0.000264 0.000116 0.000060 
6206080 particles 1 1632 55 1.188000 2.928000  0.000052 0.000037 0.000102 0.000229 0.000115 0.000058 
6206080 particles 1 1632 55 1.188000 2.385000  0.000044 0.000036 0.000099 0.000219 0.000109 0.000058 
6206080 particles 1 1632 55 1.188000 2.616000  0.000051 0.000037 0.000101 0.000239 0.000115 0.000059 
6206144 particles 1 1632 55 1.188000 2.463000  0.000045 0.000035 0.000100 0.000222 0.000109 0.000056 
6206144 particles 1 1632 55 1.188000 2.385000  0.000051 0.000037 0.000101 0.000247 0.000112 0.000057 
6206144 particles 1 1632 54 1.188000 2.157000  0.000039 0.000035 0.000098 0.000235 0.000101 0.000053 
6206208 particles 1 1632 54 1.188000 2.540000  0.000043 0.000036 0.000099 0.000235 0.000111 0.000056 
6206208 particles 1 1632 54 1.188000 1.925000  0.000055 0.000035 0.000095 0.000200 0.000102 0.000053 
6206208 particles 1 1632 55 1.188000 2.003000  0.000043 0.000038 0.000105 0.000324 0.000115 0.000058 
6206272 particles 1 1632 55 1.188000 3.079000  0.000044 0.000034 0.000096 0.000222 0.000109 0.000055 
6206272 particles 1 1632 54 1.188000 2.308000  0.000046 0.000034 0.000094 0.000238 0.000104 0.000053 
6206272 particles 1 1632 54 1.188000 2.462000  0.000057 0.000036 0.000098 0.000251 0.000106 0.000055 
6206336 particles 1 1632 54 1.188000 2.155000  0.000037 0.000031 0.000087 0.000171 0.000091 0.000049 
6206336 particles 1 1632 54 1.188000 2.694000  0.000040 0.000032 0.000094 0.000218 0.000104 0.000054 
6206400 particles 1 1632 55 1.188000 2.155000  0.000056 0.000034 0.000094 0.000234 0.000093 0.000049 
6206400 particles 1 1632 54 1.188000 2.310000  0.000052 0.000035 0.000098 0.000248 0.000109 0.000054 
6206400 particles 1 1632 54 1.188000 2.926000  0.000044 0.000036 0.000098 0.000249 0.000106 0.000053 
6206464 particles 1 1632 54 1.188000 2.540000  0.000046 0.000039 0.000109 0.000253 0.000122 0.000063 
6206464 particles 1 1632 54 1.188000 1.924000  0.000038 0.000031 0.000086 0.000175 0.000092 0.000048 
6206464 particles 1 1632 54 1.188000 1.542000  0.000064 0.000034 0.000095 0.000267 0.000101 0.000051 
6206528 particles 1 1632 54 1.188000 3.233000  0.000037 0.000031 0.000086 0.000173 0.000091 0.000048 
6206528 particles 1 1632 55 1.188000 2.001000  0.000038 0.000033 0.000090 0.000229 0.000097 0.000051 
6206528 particles 1 1632 55 1.188000 1.849000  0.000056 0.000033 0.000091 0.000221 0.000095 0.000049 
6206592 particles 1 1632 55 1.188000 2.154000  0.000035 0.000029 0.000083 0.000177 0.000085 0.000045 
6206592 particles 1 1632 55 1.188000 2.461000  0.000035 0.000031 0.000084 0.000171 0.000091 0.000048 
6206592 particles 1 1632 55 1.188000 1.924000  0.000036 0.000029 0.000081 0.000175 0.000088 0.000046 
6206656 particles 1 1632 54 1.188000 2.311000  0.000038 0.000030 0.000085 0.000187 0.000092 0.000049 
6206656 particles 1 1632 54 1.188000 1.926000  0.000034 0.000033 0.000087 0.000189 0.000090 0.000047 
6206656 particles 1 1632 54 1.188000 2.695000  0.000037 0.000030 0.000085 0.000190 0.000095 0.000049 
6206720 particles 1 1632 54 1.188000 3.157000  0.000057 0.000033 0.000090 0.000217 0.000095 0.000049 
6206720 particles 1 1632 55 1.188000 2.003000  0.000042 0.000029 0.000084 0.000190 0.000090 0.000048 
6206784 particles 1 1632 55 1.188000 2.464000  0.000036 0.000030 0.000088 0.000231 0.000097 0.000050 
6206784 particles 1 1632 55 1.188000 2.005000  0.000064 0.000033 0.000088 0.000222 0.000096 0.000050 
6206784 particles 1 1632 55 1.188000 2.385000  0.000036 0.000030 0.000083 0.000183 0.000089 0.000047 
6206848 particles 1 1632 54 1.188000 1.618000  0.000033 0.000028 0.000078 0.000155 0.000081 0.000043 
6206848 particles 1 1632 54 1.188000 1.694000  0.000038 0.000029 0.000083 0.000193 0.000093 0.000047 
6206848 particles 1 1632 54 1.188000 2.154000  0.000039 0.000028 0.000079 0.000201 0.000086 0.000045 
6206912 particles 1 1632 54 1.188000 2.308000  0.000039 0.000030 0.000083 0.000183 0.000092 0.000047 
6206912 particles 1 1632 54 1.188000 2.309000  0.000039 0.000028 0.000078 0.000192 0.000083 0.000044 
6206912 particles 1 1632 54 1.188000 1.541000  0.000041 0.000030 0.000082 0.000184 0.000091 0.000047 
6206976 particles 1 1632 54 1.188000 1.926000  0.000050 0.000029 0.000078 0.000189 0.000084 0.000044 
6206976 particles 1 1632 54 1.188000 1.616000  0.000044 0.000030 0.000082 0.000203 0.000088 0.000046 
6206976 particles 1 1632 54 1.188000 1.693000  0.000055 0.000031 0.000083 0.000204 0.000092 0.000047 
6207040 particles 1 1632 54 1.188000 1.925000  0.000039 0.000030 0.000080 0.000180 0.000089 0.000045 
6207040 particles 1 1632 54 1.188000 2.847000  0.000034 0.000028 0.000077 0.000170 0.000086 0.000044 
6207040 particles 1 1632 54 1.188000 2.386000  0.000039 0.000029 0.000079 0.000181 0.000092 0.000046 
6207104 particles 1 1632 55 1.188000 1.924000  0.000042 0.000029 0.000080 0.000205 0.000084 0.000044 
6207104 particles 1 1632 55 1.188000 2.231000  0.000042 0.000027 0.000076 0.000195 0.000080 0.000043 
6207104 particles 1 1632 54 1.188000 2.385000  0.000039 0.000029 0.000078 0.000170 0.000086 0.000044 
6207168 particles 1 1632 54 1.188000 1.618000  0.000031 0.000026 0.000071 0.000141 0.000074 0.000039 
6207168 particles 1 1632 54 1.188000 2.079000  0.000033 0.000027 0.000075 0.000163 0.000083 0.000042 
6207232 particles 1 1632 54 1.188000 1.695000  0.000055 0.000030 0.000080 0.000208 0.000081 0.000042 
6207232 particles 1 1632 54 1.188000 2.385000  0.000037 0.000028 0.000077 0.000179 0.000084 0.000043 
6207232 particles 1 1632 54 1.188000 2.233000  0.000049 0.000027 0.000073 0.000179 0.000076 0.000040 
6207296 particles 1 1632 54 1.188000 1.618000  0.000059 0.000031 0.000084 0.000255 0.000091 0.000046 
6207296 particles 1 1632 54 1.188000 2.695000  0.000037 0.000026 0.000074 0.000175 0.000079 0.000041 
6207296 particles 1 1632 54 1.188000 2.232000  0.000034 0.000026 0.000071 0.000177 0.000080 0.000041 
6207360 particles 1 1632 54 1.188000 2.619000  0.000035 0.000028 0.000077 0.000186 0.000084 0.000042 
6207360 particles 1 1632 54 1.188000 2.234000  0.291507 0.046726 0.099375 0.291648 0.061389 0.025640 
6207360 particles 1 1632 54 1.188000 2.387000  0.000035 0.000027 0.000075 0.000182 0.000084 0.000043 
6207424 particles 1 1632 54 1.188000 2.003000  0.000029 0.000026 0.001079 0.001094 0.000465 0.000259 
6207424 particles 1 1632 54 1.188000 2.310000  0.000032 0.000026 0.000071 0.000156 0.000077 0.000040 
6207424 particles 1 1632 54 1.188000 2.078000  0.000036 0.000024 0.000067 0.000172 0.000071 0.000038 
6207488 particles 1 1632 54 1.188000 2.388000  0.000029 0.000025 0.000071 0.000155 0.000077 0.000040 
6207488 particles 1 1632 54 1.188000 2.770000  0.000035 0.000024 0.000067 0.000147 0.000070 0.000037 
6207552 particles 1 1632 54 1.188000 2.538000  0.000030 0.000025 0.000068 0.000148 0.000071 0.000038 
6207552 particles 1 1632 54 1.188000 2.235000  0.000032 0.000024 0.000065 0.000139 0.000068 0.000036 
6207552 particles 1 1632 54 1.188000 1.928000  0.000029 0.000025 0.000069 0.000149 0.000073 0.000038 
6207616 particles 1 1632 55 1.188000 3.156000  0.000036 0.000024 0.000067 0.000161 0.000071 0.000038 
6207616 particles 1 1632 55 1.188000 2.231000  0.000029 0.000024 0.000086 0.000175 0.000087 0.000049 
6207616 particles 1 1632 54 1.188000 3.233000  0.000046 0.000053 0.000125 0.000322 0.000118 0.000055 
6207680 particles 1 1632 54 1.188000 2.078000  0.000041 0.000027 0.000071 0.000173 0.000078 0.000040 
6207680 particles 1 1632 54 1.188000 2.155000  0.000030 0.000024 0.000067 0.000147 0.000073 0.000038 
6207680 particles 1 1632 54 1.188000 1.773000  0.000037 0.000024 0.000065 0.000148 0.000067 0.000035 
6207744 particles 1 1632 54 1.188000 1.770000  0.000031 0.000024 0.000068 0.000153 0.000073 0.000040 
6207744 particles 1 1632 55 1.188000 2.154000  0.000038 0.000025 0.000069 0.000165 0.000072 0.000037 
6207744 particles 1 1632 55 1.188000 1.617000  0.000030 0.000024 0.000065 0.000164 0.000074 0.000038 
6207808 particles 1 1632 54 1.188000 2.078000  0.000026 0.000022 0.000062 0.000119 0.000064 0.000034 
6207808 particles 1 1632 54 1.188000 2.078000  0.000026 0.000023 0.000066 0.000156 0.000069 0.000036 
6207808 particles 1 1632 55 1.188000 2.002000  0.000036 0.000024 0.000066 0.000173 0.000068 0.000036 
6207872 particles 1 1632 55 1.188000 1.539000  0.000028 0.000024 0.000066 0.000146 0.000070 0.000036 
6207872 particles 1 1632 55 1.188000 2.464000  0.000028 0.000022 0.000061 0.000128 0.000062 0.000034 
6207936 particles 1 1632 55 1.188000 2.771000  0.000030 0.000024 0.000065 0.000151 0.000071 0.000037 
6207936 particles 1 1632 55 1.188000 3.229000  0.000045 0.000025 0.000067 0.000164 0.000072 0.000036 
6207936 particles 1 1632 54 1.188000 1.850000  0.000030 0.000023 0.000064 0.000144 0.000073 0.000037 
6208000 particles 1 1632 54 1.188000 2.464000  0.000029 0.000023 0.000064 0.000152 0.000072 0.000036 
6208000 particles 1 1632 55 1.188000 1.540000  0.000029 0.000022 0.000063 0.000138 0.000069 0.000036 
6208000 particles 1 1632 55 1.188000 2.538000  0.000038 0.000024 0.000083 0.000190 0.000096 0.000046 
6208064 particles 1 1632 55 1.188000 2.388000  0.407110 0.064804 0.138423 0.407219 0.086470 0.035665 
6208064 particles 1 1632 54 1.188000 1.463000  0.000029 0.000022 0.000061 0.000170 0.000080 0.000045 
6208128 particles 1 1632 54 1.188000 2.540000  0.000031 0.000023 0.000063 0.000152 0.000071 0.000036 
6208128 particles 1 1632 54 1.188000 1.847000  0.000030 0.000023 0.000064 0.000142 0.000070 0.000035 
6208128 particles 1 1632 54 1.188000 2.156000  0.000025 0.000023 0.000062 0.000130 0.000065 0.000034 
6208192 particles 1 1632 54 1.188000 2.002000  0.000026 0.000022 0.000077 0.000163 0.000091 0.000044 
6208192 particles 1 1632 54 1.188000 2.774000  0.000027 0.000022 0.000063 0.000143 0.000070 0.000036 
6208192 particles 1 1632 54 1.188000 2.001000  0.000026 0.000022 0.000077 0.000153 0.000089 0.000044 
6208256 particles 1 1632 54 1.188000 2.080000  0.000027 0.000032 0.000077 0.000210 0.000090 0.000044 
6208256 particles 1 1632 54 1.188000 1.540000  0.000268 0.000060 0.000131 0.000384 0.000121 0.000055 
6208256 particles 1 1632 54 1.188000 2.541000  0.000025 0.000021 0.000059 0.000126 0.000064 0.000033 
6208320 particles 1 1632 54 1.188000 2.540000  0.000033 0.000020 0.000056 0.000135 0.000060 0.000032 
6208320 particles 1 1632 55 1.188000 2.462000  0.000026 0.000021 0.000058 0.000118 0.000063 0.000033 
6208384 particles 1 1632 54 1.188000 2.154000  0.000027 0.000021 0.000059 0.000135 0.000064 0.000033 
6208384 particles 1 1632 54 1.188000 1.541000  0.000085 0.000025 0.000066 0.000217 0.000074 0.000037 
6208384 particles 1 1632 54 1.188000 2.462000  0.000034 0.000022 0.000061 0.000156 0.000066 0.000034 
6208448 particles 1 1632 54 1.188000 2.541000  0.000024 0.000020 0.000055 0.000111 0.000057 0.000031 
6208448 particles 1 1632 54 1.188000 2.539000  0.000027 0.000022 0.000058 0.000152 0.000066 0.000033 
6208448 particles 1 1632 54 1.188000 1.849000  0.000031 0.000020 0.000058 0.000148 0.000060 0.000032 
6208512 particles 1 1632 54 1.188000 2.310000  0.000026 0.000021 0.000058 0.000128 0.000064 0.000032 
6208512 particles 1 1632 54 1.188000 2.616000  0.000024 0.000019 0.000054 0.000109 0.000057 0.000030 
6208512 particles 1 1632 54 1.188000 1.926000  0.000030 0.000022 0.000060 0.000142 0.000066 0.000034 
6208576 particles 1 1632 54 1.188000 2.926000  0.000025 0.000021 0.000060 0.000161 0.000067 0.000034 
6208576 particles 1 1632 54 1.188000 2.385000  0.000024 0.000020 0.000056 0.000140 0.000063 0.000032 
6208576 particles 1 1632 55 1.188000 1.616000  0.000025 0.000022 0.000060 0.000148 0.000068 0.000034 
6208640 particles 1 1632 55 1.188000 1.924000  0.000024 0.000020 0.000054 0.000110 0.000056 0.000031 
6208640 particles 1 1632 54 1.188000 1.771000  0.000036 0.000021 0.000056 0.000123 0.000059 0.000031 
6208640 particles 1 1632 54 1.188000 2.077000  0.000034 0.000020 0.000055 0.000130 0.000056 0.000030 
6208704 particles 1 1632 54 1.188000 2.926000  0.000034 0.000021 0.000059 0.000161 0.000067 0.000033 
6208704 particles 1 1632 54 1.188000 1.693000  0.000024 0.000019 0.000052 0.000107 0.000054 0.000029 
6208768 particles 1 1632 54 1.188000 2.080000  0.000026 0.000020 0.000059 0.000142 0.000063 0.000032 
6208768 particles 1 1632 54 1.188000 1.693000  0.000069 0.000022 0.000057 0.000159 0.000058 0.000030 
6208768 particles 1 1632 54 1.188000 2.079000  0.000033 0.000021 0.000059 0.000155 0.000063 0.000032 
6208832 particles 1 1632 54 1.188000 2.693000  0.000038 0.000020 0.000055 0.000126 0.000059 0.000031 
6208832 particles 1 1632 54 1.188000 1.849000  0.000028 0.000020 0.000057 0.000139 0.000063 0.000032 
6208832 particles 1 1632 54 1.188000 2.464000  0.000026 0.000020 0.000055 0.000122 0.000060 0.000031 
6208896 particles 1 1632 54 1.188000 2.388000  0.000022 0.000016 0.000043 0.000092 0.000046 0.000024 
6208896 particles 1 1632 54 1.188000 2.233000  0.000028 0.000020 0.000056 0.000135 0.000061 0.000031 
6208896 particles 1 1632 54 1.188000 2.154000  0.000025 0.000019 0.000051 0.000110 0.000053 0.000028 
6208960 particles 1 1632 54 1.188000 2.616000  0.000027 0.000020 0.000054 0.000125 0.000060 0.000031 
6208960 particles 1 1632 54 1.188000 2.154000  0.000022 0.000018 0.000050 0.000104 0.000052 0.000028 
6208960 particles 1 1632 54 1.188000 1.926000  0.000027 0.000020 0.000053 0.000117 0.000057 0.000030 
6209024 particles 1 1632 54 1.188000 2.541000  0.000022 0.000018 0.000052 0.000139 0.000059 0.000030 
6209024 particles 1 1632 54 1.188000 1.694000  0.000024 0.000019 0.000052 0.000137 0.000060 0.000031 
6209088 particles 1 1632 54 1.188000 3.003000  0.000030 0.000019 0.000053 0.000140 0.000058 0.000030 
6209088 particles 1 1632 54 1.188000 1.926000  0.000024 0.000019 0.000053 0.000118 0.000058 0.000030 
6209088 particles 1 1632 54 1.188000 2.002000  0.000021 0.000018 0.000050 0.000100 0.000054 0.000028 
6209152 particles 1 1632 54 1.188000 1.770000  0.000019 0.000017 0.000048 0.000092 0.000049 0.000026 
6209152 particles 1 1632 54 1.188000 2.309000  0.000026 0.000019 0.000052 0.000115 0.000057 0.000029 
6209152 particles 1 1632 54 1.188000 1.694000  0.000028 0.000019 0.000050 0.000123 0.000052 0.000027 
6209216 particles 1 1632 54 1.188000 2.002000  0.000033 0.000019 0.000052 0.000121 0.000059 0.000030 
6209216 particles 1 1632 54 1.188000 2.618000  0.000023 0.000018 0.000049 0.000107 0.000053 0.000028 
6209216 particles 1 1632 54 1.188000 1.696000  0.000174 0.000108 0.000294 0.000838 0.000284 0.000126 
6209280 particles 1 1632 54 1.188000 2.695000  0.000028 0.000019 0.000052 0.000130 0.000058 0.000029 
6209280 particles 1 1632 54 1.188000 1.771000  0.000024 0.000018 0.000051 0.000127 0.000056 0.000029 
6209280 particles 1 1632 55 1.188000 2.003000  0.000033 0.000018 0.000051 0.000129 0.000057 0.000029 
6209344 particles 1 1632 55 1.188000 1.693000  0.000020 0.000017 0.000046 0.000092 0.000071 0.000035 
6209344 particles 1 1632 55 1.188000 2.618000  0.000021 0.000026 0.000062 0.000155 0.000072 0.000039 
6209344 particles 1 1632 54 1.188000 2.387000  0.000029 0.000018 0.000049 0.000119 0.000056 0.000030 
6209408 particles 1 1632 54 1.188000 2.770000  0.000022 0.000017 0.000049 0.000113 0.000056 0.000029 
6209408 particles 1 1632 54 1.188000 2.153000  0.000021 0.000017 0.000047 0.000102 0.000050 0.000026 
6209472 particles 1 1632 54 1.188000 2.154000  0.000161 0.000025 0.000062 0.000249 0.000065 0.000031 
6209472 particles 1 1632 54 1.188000 2.541000  0.000022 0.000017 0.000049 0.000111 0.000055 0.000028 
6209472 particles 1 1632 54 1.188000 2.617000  0.000020 0.000016 0.000046 0.000102 0.000048 0.000025 
6209536 particles 1 1632 54 1.188000 2.002000  0.000020 0.000017 0.000060 0.000124 0.000070 0.000034 
6209536 particles 1 1632 54 1.188000 2.540000  0.098642 0.015728 0.032343 0.098718 0.020002 0.008216 
6209536 particles 1 1632 54 1.188000 2.155000  0.000027 0.000017 0.000050 0.000119 0.000054 0.000028 
6209600 particles 1 1632 54 1.188000 2.541000  0.000021 0.000017 0.000047 0.000125 0.000055 0.000028 
6209600 particles 1 1632 54 1.188000 2.154000  0.000021 0.000016 0.000047 0.000113 0.000052 0.000027 
6209600 particles 1 1632 54 1.188000 1.618000  0.000068 0.000019 0.000052 0.000171 0.000059 0.000028 
6209664 particles 1 1632 54 1.188000 1.540000  0.000019 0.000016 0.000044 0.000087 0.000045 0.000024 
6209664 particles 1 1632 54 1.188000 2.307000  0.000030 0.000018 0.000049 0.000123 0.000054 0.000027 
6209664 particles 1 1632 54 1.188000 2.385000  0.000028 0.000016 0.000045 0.000114 0.000048 0.000025 
6209728 particles 1 1632 54 1.188000 2.077000  0.000021 0.000017 0.000046 0.000105 0.000054 0.000027 
6209728 particles 1 1632 54 1.188000 2.463000  0.000029 0.000017 0.000048 0.000128 0.000049 0.000025 
6209792 particles 1 1632 54 1.188000 1.926000  0.000029 0.000017 0.000048 0.000128 0.000051 0.000026 
6209792 particles 1 1632 54 1.188000 2.695000  0.000037 0.000018 0.000050 0.000134 0.000053 0.000027 
6209792 particles 1 1632 54 1.188000 2.692000  0.000025 0.000017 0.000046 0.000106 0.000051 0.000026 
6209856 particles 1 1632 54 1.188000 2.619000  0.000032 0.000017 0.000046 0.000121 0.000053 0.000027 
6209856 particles 1 1632 54 1.188000 2.157000  0.000021 0.000017 0.000046 0.000101 0.000051 0.000026 
6209856 particles 1 1632 54 1.188000 2.539000  0.000022 0.000018 0.000050 0.000134 0.000054 0.000027 
6209920 particles 1 1632 54 1.188000 2.308000  0.000023 0.000016 0.000043 0.000091 0.000045 0.000024 
6209920 particles 1 1632 54 1.188000 1.771000  0.000021 0.000016 0.000044 0.000105 0.000050 0.000025 
6209920 particles 1 1632 54 1.188000 2.079000  0.000020 0.000015 0.000042 0.000089 0.000043 0.000023 
6209984 particles 1 1632 54 1.188000 2.310000  0.000037 0.000018 0.000047 0.000117 0.000054 0.000027 
6209984 particles 1 1632 54 1.188000 1.618000  0.000018 0.000015 0.000042 0.000099 0.000044 0.000023 
6209984 particles 1 1632 54 1.188000 1.771000  0.000019 0.000016 0.000045 0.000114 0.000049 0.000026 
6210048 particles 1 1632 54 1.188000 1.541000  0.000017 0.000015 0.000041 0.000085 0.000043 0.000023 
6210048 particles 1 1632 54 1.188000 1.695000  0.000018 0.000016 0.000043 0.000093 0.000045 0.000024 
6210048 particles 1 1632 54 1.188000 2.461000  0.000018 0.000016 0.000044 0.000101 0.000046 0.000024 
6210112 particles 1 1632 54 1.188000 1.617000  0.000019 0.000016 0.000043 0.000100 0.000047 0.000025 
6210112 particles 1 1632 54 1.188000 2.848000  0.000018 0.000015 0.000043 0.000097 0.000046 0.000024 
6210112 particles 1 1632 54 1.188000 2.310000  0.000027 0.000016 0.000045 0.000111 0.000050 0.000025 
6210176 particles 1 1632 55 1.188000 2.001000  0.000021 0.000016 0.000044 0.000098 0.000048 0.000024 
6210176 particles 1 1632 55 1.188000 2.000000  0.000018 0.000014 0.000041 0.000094 0.000042 0.000022 
6210240 particles 1 1632 55 1.188000 2.307000  0.000026 0.000016 0.000046 0.000120 0.000051 0.000025 
6210240 particles 1 1632 55 1.188000 2.847000  0.000024 0.000016 0.000043 0.000110 0.000045 0.000024 
6210240 particles 1 1632 55 1.188000 3.077000  0.000021 0.000015 0.000043 0.000104 0.000049 0.000025 
6210304 particles 1 1632 55 1.188000 2.384000  0.000019 0.000015 0.000042 0.000096 0.000047 0.000024 
6210304 particles 1 1632 55 1.188000 2.153000  0.000018 0.000015 0.000043 0.000106 0.000047 0.000024 
6210304 particles 1 1632 55 1.188000 2.696000  0.000025 0.000016 0.000044 0.000114 0.000049 0.000027 
6210368 particles 1 1632 55 1.188000 2.156000  0.000021 0.000015 0.000043 0.000103 0.000046 0.000023 
6210368 particles 1 1632 55 1.188000 2.925000  0.000017 0.000015 0.000042 0.000100 0.000046 0.000024 
6210368 particles 1 1632 54 1.188000 1.926000  0.000017 0.000015 0.000040 0.000083 0.000041 0.000022 
6210432 particles 1 1632 54 1.188000 2.081000  0.000033 0.000017 0.000044 0.000101 0.000056 0.000028 
6210432 particles 1 1632 55 1.188000 1.848000  0.000018 0.000015 0.000043 0.000113 0.000047 0.000024 
6210432 particles 1 1632 55 1.188000 1.539000  0.000019 0.000015 0.000041 0.000086 0.000044 0.000023 
6210496 particles 1 1632 55 1.188000 1.923000  0.000020 0.000015 0.000043 0.000098 0.000048 0.000024 
6210496 particles 1 1632 55 1.188000 1.849000  0.000018 0.000014 0.000040 0.000086 0.000041 0.000022 
6210560 particles 1 1632 54 1.188000 2.771000  0.000019 0.000016 0.000046 0.000132 0.000051 0.000025 
6210560 particles 1 1632 54 1.188000 2.004000  0.000023 0.000014 0.000039 0.000083 0.000041 0.000022 
6210560 particles 1 1632 54 1.188000 2.311000  0.000018 0.000015 0.000040 0.000091 0.000044 0.000023 
6210624 particles 1 1632 54 1.188000 2.234000  0.000024 0.000022 0.000052 0.000148 0.000062 0.000030 
6210624 particles 1 1632 54 1.188000 2.159000  0.000017 0.000014 0.000051 0.000102 0.000059 0.000029 
6210624 particles 1 1632 54 1.188000 2.928000  0.000022 0.000015 0.000041 0.000102 0.000043 0.000022 
6210688 particles 1 1632 54 1.188000 2.234000  0.000024 0.000015 0.000052 0.000110 0.000061 0.000030 
6210688 particles 1 1632 54 1.188000 2.848000  0.000023 0.000015 0.000040 0.000090 0.000043 0.000022 
6210688 particles 1 1632 54 1.188000 1.541000  0.000021 0.000014 0.000040 0.000104 0.000041 0.000022 
6210752 particles 1 1632 54 1.188000 1.925000  0.000018 0.000014 0.000040 0.000097 0.000043 0.000023 
6210752 particles 1 1632 55 1.188000 2.770000  0.000027 0.000015 0.000041 0.000113 0.000042 0.000022 
6210752 particles 1 1632 55 1.188000 2.077000  0.000017 0.000014 0.000050 0.000102 0.000059 0.000029 
6210816 particles 1 1632 54 1.188000 2.695000  0.000017 0.000013 0.000037 0.000079 0.000043 0.000022 
6210816 particles 1 1632 54 1.188000 1.695000  0.000087 0.000017 0.000046 0.000180 0.000050 0.000025 
6210880 particles 1 1632 54 1.188000 1.616000  0.000020 0.000016 0.000042 0.000107 0.000047 0.000023 
6210880 particles 1 1632 54 1.188000 1.924000  0.000017 0.000014 0.000040 0.000096 0.000047 0.000024 
6210880 particles 1 1632 54 1.188000 2.462000  0.000019 0.000014 0.000040 0.000090 0.000045 0.000023 
6210944 particles 1 1632 54 1.188000 2.540000  0.000015 0.000013 0.000037 0.000072 0.000038 0.000020 
6210944 particles 1 1632 54 1.188000 2.614000  0.000018 0.000014 0.000040 0.000095 0.000045 0.000023 
6210944 particles 1 1632 54 1.188000 1.849000  1.358125 0.213334 0.447078 1.358325 0.276914 0.113455 
6211008 particles 1 1632 54 1.188000 2.464000  0.000018 0.000014 0.000039 0.000090 0.000044 0.000022 
6211008 particles 1 1632 54 1.188000 1.695000  0.000025 0.000015 0.000041 0.000095 0.000045 0.000023 
6211008 particles 1 1632 54 1.188000 2.234000  0.000030 0.000015 0.000042 0.000107 0.000045 0.000023 
6211072 particles 1 1632 55 1.188000 3.236000  0.000018 0.000014 0.000041 0.000107 0.000045 0.000023 
6211072 particles 1 1632 55 1.188000 2.618000  0.019698 0.017241 0.047529 0.097371 0.050991 0.027389 
6211072 particles 1 1632 54 1.188000 2.308000  0.011254 0.006107 0.016844 0.041751 0.018122 0.009393 
6211136 particles 1 1632 54 1.188000 2.309000  0.003973 0.003538 0.009925 0.019755 0.010083 0.005480 
6211136 particles 1 1632 55 1.188000 2.231000  0.003370 0.002739 0.007496 0.016417 0.008159 0.004697 
6211136 particles 1 1632 54 1.188000 2.001000  0.002391 0.002026 0.005638 0.011035 0.005863 0.003131 
6211200 particles 1 1632 54 1.188000 2.539000  0.001679 0.001361 0.003750 0.008143 0.004210 0.002166 
6211200 particles 1 1632 54 1.188000 2.924000  0.001694 0.001024 0.002739 0.006718 0.003095 0.001586 
6211200 particles 1 1632 54 1.188000 2.078000  0.000968 0.000760 0.002087 0.004684 0.002311 0.001189 
6211264 particles 1 1632 54 1.188000 2.080000  0.001001 0.000698 0.001952 0.004392 0.002234 0.001116 
6211264 particles 1 1632 54 1.188000 1.693000  5.753632 1.091353 2.326128 5.754571 1.344252 0.571684 
6211328 particles 1 1632 54 1.188000 2.465000  0.000719 0.000557 0.001574 0.003657 0.001720 0.000897 
6211328 particles 1 1632 54 1.188000 1.541000  0.000577 0.000476 0.001324 0.002983 0.001454 0.000758 
6211328 particles 1 1632 54 1.188000 2.463000  0.000561 0.000474 0.001671 0.004139 0.001709 0.000957 
6211392 particles 1 1632 54 1.188000 2.618000  0.000253 0.000194 0.000540 0.001187 0.000563 0.000300 
6211392 particles 1 1632 54 1.188000 2.847000  0.000469 0.000365 0.000996 0.002030 0.001065 0.000555 
6211392 particles 1 1632 54 1.188000 1.386000  0.000560 0.000358 0.000979 0.002162 0.001058 0.000559 
6211456 particles 1 1632 54 1.188000 2.694000  0.000435 0.000324 0.000914 0.002248 0.000992 0.000504 
6211456 particles 1 1632 54 1.188000 3.461000  0.000465 0.000305 0.000900 0.002468 0.000979 0.000486 
6211456 particles 1 1632 54 1.188000 2.233000  0.000393 0.000294 0.000820 0.002282 0.000861 0.000425 
6211520 particles 1 1632 54 1.188000 1.540000  0.000195 0.000164 0.000449 0.000910 0.000476 0.000252 
6211520 particles 1 1632 54 1.188000 2.155000  0.000215 0.000154 0.000427 0.000904 0.000440 0.000237 
6211520 particles 1 1632 54 1.188000 2.311000  0.000183 0.000155 0.000438 0.000910 0.000456 0.000245 
6211584 particles 1 1632 54 1.188000 2.002000  0.000232 0.000181 0.000501 0.001146 0.000545 0.000283 
6211584 particles 1 1632 54 1.188000 2.079000  0.000202 0.000176 0.000476 0.000995 0.000506 0.000267 
6211648 particles 1 1632 54 1.188000 2.770000  0.000230 0.000168 0.000463 0.001147 0.000523 0.000267 
6211648 particles 1 1632 54 1.188000 1.694000  0.000201 0.000166 0.000456 0.001019 0.000501 0.000258 
6211648 particles 1 1632 54 1.188000 2.695000  0.000190 0.000158 0.000434 0.001066 0.000504 0.000253 
6211712 particles 1 1632 54 1.188000 2.002000  0.000403 0.000174 0.000457 0.001160 0.000505 0.000252 
6211712 particles 1 1632 54 1.188000 3.082000  0.000170 0.000145 0.000398 0.000790 0.000424 0.000223 
6211712 particles 1 1632 54 1.188000 2.156000  0.000162 0.000137 0.000385 0.000845 0.000431 0.000220 
6211776 particles 1 1632 54 1.188000 1.772000  0.000223 0.000143 0.000388 0.000952 0.000433 0.000219 
6211776 particles 1 1632 54 1.188000 1.693000  0.000146 0.000126 0.000349 0.000741 0.000372 0.000197 
6211776 particles 1 1632 54 1.188000 2.615000  0.000268 0.000142 0.000388 0.001022 0.000406 0.000209 
6211840 particles 1 1632 54 1.188000 2.156000  0.000236 0.000132 0.000373 0.001018 0.000391 0.000201 
6211840 particles 1 1632 54 1.188000 1.616000  0.000207 0.000133 0.000368 0.000880 0.000384 0.000199 
6211840 particles 1 1632 55 1.188000 2.078000  0.000154 0.000128 0.000347 0.000764 0.000390 0.000200 
6211904 particles 1 1632 55 1.188000 2.848000  0.000235 0.000128 0.000356 0.000930 0.000387 0.000197 
6211904 particles 1 1632 55 1.188000 2.616000  0.000144 0.000122 0.000334 0.000676 0.000357 0.000187 
6211904 particles 1 1632 55 1.188000 1.541000  0.000221 0.000179 0.000428 0.001108 0.000494 0.000241 
6211968 particles 1 1632 54 1.188000 2.307000  0.000134 0.000114 0.000413 0.000902 0.000472 0.000231 
6211968 particles 1 1632 54 1.188000 2.003000  0.000194 0.000109 0.000300 0.000739 0.000317 0.000169 
6212032 particles 1 1632 54 1.188000 1.465000  0.000121 0.000108 0.000307 0.000684 0.000349 0.000179 
6212032 particles 1 1632 54 1.188000 2.309000  0.000147 0.000122 0.000325 0.001151 0.000380 0.000186 
6212032 particles 1 1632 54 1.188000 1.770000  0.000136 0.000111 0.000307 0.000719 0.000331 0.000170 
6212096 particles 1 1632 54 1.188000 3.003000  0.000130 0.000104 0.000293 0.000672 0.000334 0.000169 
6212096 particles 1 1632 54 1.188000 2.465000  0.000114 0.000094 0.000261 0.000538 0.000271 0.000145 
6212096 particles 1 1632 54 1.188000 2.310000  0.000124 0.000096 0.000275 0.000613 0.000312 0.000156 
6212160 particles 1 1632 54 1.188000 2.080000  0.000150 0.000094 0.000256 0.000591 0.000260 0.000139 
6212160 particles 1 1632 54 1.188000 2.616000  0.000153 0.000103 0.000292 0.000850 0.000321 0.000159 
6212160 particles 1 1632 54 1.188000 2.154000  0.000103 0.000086 0.000242 0.000481 0.000249 0.000134 
6212224 particles 1 1632 54 1.188000 2.617000  0.000586 0.000218 0.000547 0.001403 0.000531 0.000273 
6212224 particles 1 1632 54 1.188000 1.539000  0.000162 0.000092 0.000257 0.000660 0.000288 0.000145 
6212224 particles 1 1632 54 1.188000 2.694000  0.000157 0.000093 0.000252 0.000633 0.000271 0.000142 
6212288 particles 1 1632 55 1.188000 1.385000  0.000133 0.000089 0.000242 0.000538 0.000253 0.000132 
6212288 particles 1 1632 55 1.188000 1.462000  0.000127 0.000090 0.000248 0.000608 0.000257 0.000134 
6212352 particles 1 1632 55 1.188000 2.616000  0.000131 0.000087 0.000240 0.000623 0.000261 0.000135 
6212352 particles 1 1632 55 1.188000 2.157000  0.000097 0.000077 0.000216 0.000457 0.000221 0.000119 
6212352 particles 1 1632 55 1.188000 2.538000  0.000134 0.000086 0.000234 0.000555 0.000254 0.000130 
6212416 particles 1 1632 55 1.188000 2.005000  0.000168 0.000083 0.000226 0.000667 0.000228 0.000120 
6212416 particles 1 1632 55 1.188000 2.308000  0.000122 0.000082 0.000221 0.000492 0.000278 0.000141 
6212416 particles 1 1632 54 1.188000 2.846000  0.000169 0.000082 0.000222 0.000583 0.000246 0.000126 
6212480 particles 1 1632 54 1.188000 2.464000  0.000082 0.000078 0.000213 0.000636 0.000248 0.000124 
6212480 particles 1 1632 55 1.188000 2.542000  0.000128 0.000080 0.000214 0.001788 0.000480 0.000236 
6212480 particles 1 1632 55 1.188000 2.540000  0.000101 0.000076 0.000203 0.000471 0.000212 0.000111 
6212544 particles 1 1632 54 1.188000 2.464000  0.000098 0.000074 0.000208 0.000473 0.000233 0.000120 
6212544 particles 1 1632 54 1.188000 1.693000  0.000098 0.000072 0.000197 0.000448 0.000210 0.000111 
6212608 particles 1 1632 54 1.188000 1.773000  0.000955 0.000456 0.001217 0.003651 0.001256 0.000560 
6212608 particles 1 1632 54 1.188000 1.847000  0.000084 0.000070 0.000190 0.000386 0.000208 0.000109 
6212608 particles 1 1632 54 1.188000 1.618000  0.000076 0.000065 0.000181 0.000349 0.000205 0.000106 
6212672 particles 1 1632 54 1.188000 2.234000  0.000089 0.000070 0.000196 0.000446 0.000223 0.000113 
6212672 particles 1 1632 54 1.188000 2.462000  0.000126 0.000067 0.000184 0.000402 0.000186 0.000100 
6212672 particles 1 1632 54 1.188000 2.156000  0.000086 0.000069 0.000192 0.000440 0.000214 0.000109 
6212736 particles 1 1632 54 1.188000 2.233000  0.000088 0.000074 0.000196 0.000475 0.000208 0.000105 
6212736 particles 1 1632 54 1.188000 1.772000  0.000084 0.000065 0.000181 0.000404 0.000201 0.000104 
6212736 particles 1 1632 54 1.188000 2.770000  0.000094 0.000067 0.000185 0.000482 0.000207 0.000105 
6212800 particles 1 1632 54 1.188000 2.155000  0.000099 0.000061 0.000170 0.000418 0.000178 0.000093 
6212800 particles 1 1632 54 1.188000 1.847000  0.000073 0.000062 0.000169 0.000337 0.000180 0.000095 
6212800 particles 1 1632 54 1.188000 2.005000  0.000093 0.000062 0.000172 0.000464 0.000181 0.000095 
6212864 particles 1 1632 54 1.188000 2.079000  0.000069 0.000088 0.000219 0.000620 0.000255 0.000123 
6212864 particles 1 1632 54 1.188000 1.849000  0.000070 0.000082 0.000200 0.000539 0.000233 0.000127 
6212928 particles 1 1632 54 1.188000 2.385000  0.000066 0.000059 0.000166 0.000417 0.000187 0.000096 
6212928 particles 1 1632 54 1.188000 2.772000  0.000087 0.000060 0.000171 0.000435 0.000192 0.000097 
6212928 particles 1 1632 54 1.188000 1.693000  0.000098 0.000062 0.000173 0.000440 0.000188 0.000097 
6212992 particles 1 1632 54 1.188000 3.154000  0.000074 0.000061 0.000165 0.000361 0.000176 0.000092 
6212992 particles 1 1632 54 1.188000 2.308000  0.000080 0.000059 0.000156 0.000325 0.000161 0.000085 
6212992 particles 1 1632 54 1.188000 2.003000  0.000097 0.000059 0.000162 0.000391 0.000185 0.000096 
6213056 particles 1 1632 54 1.188000 1.539000  0.000062 0.000055 0.000154 0.000377 0.000155 0.000082 
6213056 particles 1 1632 54 1.188000 2.156000  0.000108 0.000057 0.000158 0.000405 0.000171 0.000087 
6213056 particles 1 1632 54 1.188000 2.387000  0.000086 0.000061 0.000164 0.000442 0.000178 0.000093 
6213120 particles 1 1632 54 1.188000 1.924000  0.000088 0.000058 0.000159 0.000419 0.000175 0.000088 
6213120 particles 1 1632 54 1.188000 2.464000  0.000063 0.000050 0.000184 0.000611 0.000191 0.000091 
6213120 particles 1 1632 54 1.188000 1.618000  0.000072 0.000052 0.000145 0.000335 0.000149 0.000080 
6213184 particles 1 1632 54 1.188000 1.925000  0.000066 0.000055 0.000149 0.000342 0.000164 0.000084 
6213184 particles 1 1632 54 1.188000 1.849000  0.000081 0.000053 0.000145 0.000333 0.000148 0.000078 
6213184 particles 1 1632 54 1.188000 2.233000  0.000072 0.000052 0.000146 0.000323 0.000162 0.000082 
6213248 particles 1 1632 54 1.188000 2.002000  0.000059 0.000049 0.000136 0.000288 0.000140 0.000074 
6213248 particles 1 1632 54 1.188000 1.540000  0.000072 0.000052 0.000146 0.000339 0.000157 0.000080 
6213312 particles 1 1632 54 1.188000 2.617000  0.000059 0.000050 0.000135 0.000274 0.000145 0.000076 
6213312 particles 1 1632 54 1.188000 2.079000  0.000064 0.000049 0.000137 0.000305 0.000150 0.000077 
6213312 particles 1 1632 54 1.188000 2.309000  0.000071 0.000051 0.000139 0.000314 0.000152 0.000077 
6213376 particles 1 1632 54 1.188000 2.156000  0.000051 0.000045 0.000126 0.000247 0.000128 0.000070 
6213376 particles 1 1632 54 1.188000 2.156000  0.000439 0.000288 0.000712 0.001583 0.000558 0.000265 
6213376 particles 1 1632 54 1.188000 2.386000  0.000083 0.000052 0.000142 0.000381 0.000154 0.000078 
6213440 particles 1 1632 54 1.188000 3.002000  0.000078 0.000051 0.000145 0.000389 0.000153 0.000077 
6213440 particles 1 1632 54 1.188000 2.928000  0.000089 0.000053 0.000146 0.000431 0.000160 0.000080 
6213440 particles 1 1632 54 1.188000 2.236000  0.000076 0.000047 0.000129 0.000300 0.000129 0.000069 
6213504 particles 1 1632 54 1.188000 2.309000  0.000420 0.000276 0.000751 0.002103 0.000861 0.000450 
6213504 particles 1 1632 54 1.188000 2.001000  -0.176129 0.186284 0.393656 -0.176036 0.238264 0.098922 
6213568 particles 1 1632 54 1.188000 2.387000  0.000022 0.000018 0.000051 0.000116 0.000058 0.000029 
6213568 particles 1 1632 54 1.188000 2.618000  0.000021 0.000021 0.000056 0.000159 0.000062 0.000031 
6213568 particles 1 1632 54 1.188000 2.002000  0.000020 0.000017 0.000047 0.000094 0.000048 0.000026 
6213632 particles 1 1632 54 1.188000 2.541000  0.000056 0.000046 0.000127 0.000296 0.000142 0.000072 
6213632 particles 1 1632 54 1.188000 2.003000  0.000066 0.000045 0.000128 0.000350 0.000132 0.000069 
6213632 particles 1 1632 54 1.188000 3.002000  0.000056 0.000046 0.000131 0.000382 0.000146 0.000072 
6213696 particles 1 1632 54 1.188000 2.388000  0.000076 0.000046 0.000129 0.000320 0.000144 0.000073 
6213696 particles 1 1632 54 1.188000 1.924000  0.000099 0.000049 0.000129 0.000316 0.000144 0.000071 
6213696 particles 1 1632 54 1.188000 2.926000  0.000023 0.000017 0.000047 0.000108 0.000053 0.000028 
6213760 particles 1 1632 53 1.188000 2.540000  0.000085 0.000046 0.000161 0.000447 0.000158 0.000078 
6213760 particles 1 1632 54 1.188000 3.080000  0.000049 0.000041 0.000146 0.000310 0.000171 0.000084 
6213824 particles 1 1632 54 1.188000 1.694000  0.000047 0.000039 0.000108 0.000214 0.000111 0.000060 
6213824 particles 1 1632 54 1.188000 2.308000  0.000054 0.000041 0.000115 0.000258 0.000128 0.000065 
6213824 particles 1 1632 54 1.188000 2.388000  0.000045 0.000038 0.000106 0.000209 0.000109 0.000059 
6213888 particles 1 1632 54 1.188000 1.694000  0.000098 0.000046 0.000123 0.000305 0.000128 0.000064 
6213888 particles 1 1632 54 1.188000 1.696000  0.000068 0.000038 0.000108 0.000256 0.000111 0.000059 
6213888 particles 1 1632 54 1.188000 1.694000  0.000050 0.000040 0.000110 0.000276 0.000123 0.000063 
6213952 particles 1 1632 54 1.188000 1.770000  0.000043 0.000038 0.000104 0.000241 0.000108 0.000058 
6213952 particles 1 1632 54 1.188000 1.693000  0.000047 0.000037 0.000105 0.000235 0.000120 0.000062 
6213952 particles 1 1632 54 1.188000 2.462000  0.000074 0.000039 0.000115 0.000445 0.000138 0.000069 
6214016 particles 1 1632 54 1.188000 1.850000  0.000046 0.000038 0.000107 0.000239 0.000120 0.000062 
6214016 particles 1 1632 54 1.188000 3.155000  0.000049 0.000038 0.000106 0.000236 0.000116 0.000061 
6214016 particles 1 1632 54 1.188000 2.540000  0.000043 0.000036 0.000100 0.000199 0.000102 0.000056 
6214080 particles 1 1632 54 1.188000 2.079000  0.000379 0.000231 0.000640 0.001692 0.000710 0.000373 
6214080 particles 1 1632 54 1.188000 3.543000  0.000047 0.000038 0.000109 0.000266 0.000121 0.000062 
6214144 particles 1 1632 54 1.188000 1.694000  0.000050 0.000037 0.000106 0.000240 0.000119 0.000061 
6214144 particles 1 1632 54 1.188000 2.156000  0.000061 0.000039 0.000108 0.000265 0.000115 0.000060 
6214144 particles 1 1632 54 1.188000 2.156000  0.000046 0.000035 0.000099 0.000239 0.000102 0.000056 
6214208 particles 1 1632 54 1.188000 2.463000  0.000049 0.000037 0.000101 0.000223 0.000107 0.000056 
6214208 particles 1 1632 54 1.188000 2.078000  0.000050 0.000037 0.000105 0.000264 0.000119 0.000061 
6214208 particles 1 1632 54 1.188000 1.772000  0.000044 0.000036 0.000100 0.000265 0.000128 0.000073 
6214272 particles 1 1632 54 1.188000 2.770000  0.000047 0.000037 0.000101 0.000226 0.000113 0.000057 
6214272 particles 1 1632 54 1.188000 2.155000  0.000042 0.000036 0.000098 0.000226 0.000100 0.000053 
6214272 particles 1 1632 54 1.188000 2.464000  0.000043 0.000035 0.000095 0.000205 0.000107 0.000056 
6214336 particles 1 1632 54 1.188000 2.080000  0.000046 0.000033 0.000092 0.000190 0.000095 0.000051 
6214336 particles 1 1632 54 1.188000 2.157000  0.000051 0.000036 0.000124 0.000267 0.000146 0.000071 
6214400 particles 1 1632 54 1.188000 3.155000  0.000054 0.000037 0.000102 0.000247 0.000107 0.000055 
6214400 particles 1 1632 54 1.188000 2.309000  0.000050 0.000035 0.000096 0.000235 0.000109 0.000056 
6214400 particles 1 1632 54 1.188000 2.696000  0.000042 0.000036 0.000097 0.000214 0.000106 0.000054 
6214464 particles 1 1632 54 1.188000 2.155000  0.000053 0.000036 0.000098 0.000240 0.000112 0.000056 
6214464 particles 1 1632 54 1.188000 1.463000  0.000049 0.000034 0.000096 0.000211 0.000105 0.000054 
6214464 particles 1 1632 54 1.188000 1.618000  0.000040 0.000032 0.000088 0.000183 0.000091 0.000049 
6214528 particles 1 1632 54 1.188000 1.463000  0.000041 0.000033 0.000092 0.000206 0.000103 0.000054 
6214528 particles 1 1632 54 1.188000 2.155000  0.000017 0.000014 0.000039 0.000078 0.000041 0.000022 
6214528 particles 1 1632 54 1.188000 2.770000  0.000042 0.000033 0.000091 0.000201 0.000101 0.000053 
6214592 particles 1 1632 54 1.188000 2.464000  0.000055 0.000032 0.000089 0.000218 0.000090 0.000048 
6214592 particles 1 1632 54 1.188000 2.308000  0.000054 0.000033 0.000094 0.000226 0.000101 0.000052 
6214592 particles 1 1632 54 1.188000 1.696000  0.000041 0.000033 0.000093 0.000326 0.000106 0.000055 
6214656 particles 1 1632 54 1.188000 2.694000  0.000041 0.000032 0.000090 0.000197 0.000100 0.000051 
6214656 particles 1 1632 54 1.188000 2.310000  0.000038 0.000032 0.000088 0.000213 0.000101 0.000052 
6214656 particles 1 1632 54 1.188000 2.233000  0.000052 0.000032 0.000088 0.000224 0.000091 0.000048 
6214720 particles 1 1632 54 1.188000 2.232000  0.000040 0.000032 0.000090 0.000198 0.000099 0.000051 
6214720 particles 1 1632 54 1.188000 1.693000  0.000036 0.000031 0.000089 0.000221 0.000095 0.000050 
6214784 particles 1 1632 54 1.188000 1.925000  0.000039 0.000032 0.000088 0.000199 0.000101 0.000051 
6214784 particles 1 1632 54 1.188000 2.312000  0.000038 0.000035 0.000118 0.000302 0.000118 0.000066 
6214784 particles 1 1632 54 1.188000 2.232000  0.000077 0.000034 0.000089 0.000308 0.000118 0.000058 
6214848 particles 1 1632 54 1.188000 1.539000  0.000096 0.000050 0.000116 0.000333 0.000134 0.000071 
6214848 particles 1 1632 54 1.188000 2.154000  0.000047 0.000030 0.000082 0.000180 0.000084 0.000045 
6214848 particles 1 1632 54 1.188000 1.695000  0.000107 0.000044 0.000107 0.000294 0.000126 0.000068 
6214912 particles 1 1632 54 1.188000 1.849000  0.000062 0.000032 0.000086 0.000196 0.000089 0.000047 
6214912 particles 1 1632 54 1.188000 1.616000  0.000128 0.000045 0.000108 0.000260 0.000130 0.000069 
6214912 particles 1 1632 54 1.188000 3.155000  0.000066 0.000034 0.000095 0.000267 0.000100 0.000050 
6214976 particles 1 1632 54 1.188000 2.385000  0.000040 0.000030 0.000083 0.000187 0.000092 0.000048 
6214976 particles 1 1632 54 1.188000 2.387000  0.000073 0.000035 0.000094 0.000252 0.000100 0.000050 
6215040 particles 1 1632 54 1.188000 1.616000  0.000045 0.000030 0.000082 0.000214 0.000084 0.000044 
6215040 particles 1 1632 54 1.188000 2.077000  0.000039 0.000029 0.000081 0.000188 0.000087 0.000047 
6215040 particles 1 1632 54 1.188000 1.695000  0.000043 0.000028 0.000078 0.000163 0.000081 0.000043 
6215104 particles 1 1632 54 1.188000 2.003000  0.000033 0.000031 0.000089 0.000245 0.000098 0.000050 
6215104 particles 1 1632 54 1.188000 1.924000  0.000042 0.000031 0.000085 0.000221 0.000095 0.000048 
6215104 particles 1 1632 54 1.188000 2.616000  0.000056 0.000031 0.000086 0.000221 0.000093 0.000047 
6215168 particles 1 1632 54 1.188000 1.848000  0.000044 0.000030 0.000082 0.000200 0.000088 0.000046 
6215168 particles 1 1632 54 1.188000 2.080000  0.000035 0.000028 0.000077 0.000154 0.000083 0.000043 
6215168 particles 1 1632 54 1.188000 2.616000  0.000034 0.000028 0.000099 0.000197 0.000114 0.000056 
6215232 particles 1 1632 54 1.188000 2.157000  0.000023 0.000021 0.000066 0.000229 0.000075 0.000036 
6215232 particles 1 1632 54 1.188000 2.309000  0.000034 0.000028 0.000077 0.000154 0.000081 0.000050 
6215232 particles 1 1632 54 1.188000 3.157000  0.000046 0.000030 0.000083 0.000303 0.000106 0.000059 
6215296 particles 1 1632 54 1.188000 2.231000  0.000031 0.000026 0.000074 0.000158 0.000075 0.000041 
6215296 particles 1 1632 54 1.188000 2.542000  0.000034 0.000028 0.000078 0.000171 0.000085 0.000044 
6215360 particles 1 1632 54 1.188000 1.618000  0.000043 0.000027 0.000080 0.000214 0.000084 0.000042 
6215360 particles 1 1632 54 1.188000 2.616000  0.000042 0.000028 0.000081 0.000200 0.000089 0.000044 
6215360 particles 1 1632 54 1.188000 2.233000  0.000031 0.000027 0.000073 0.000145 0.000078 0.000041 
6215424 particles 1 1632 54 1.188000 2.080000  0.000035 0.000027 0.000073 0.000206 0.000095 0.000047 
6215424 particles 1 1632 54 1.188000 2.771000  0.000032 0.000027 0.000077 0.000186 0.000085 0.000043 
6215424 particles 1 1632 54 1.188000 2.309000  0.000030 0.000025 0.000070 0.000137 0.000072 0.000039 
6215488 particles 1 1632 54 1.188000 2.308000  0.000044 0.000028 0.000079 0.000212 0.000087 0.000045 
6215488 particles 1 1632 54 1.188000 2.234000  0.000046 0.000026 0.000071 0.000171 0.000072 0.000039 
6215488 particles 1 1632 54 1.188000 2.231000  0.000040 0.000029 0.000082 0.000245 0.000089 0.000044 
6215552 particles 1 1632 54 1.188000 1.693000  0.000039 0.000026 0.000072 0.000178 0.000077 0.000041 
6215552 particles 1 1632 54 1.188000 2.310000  0.000033 0.000025 0.000072 0.000173 0.000079 0.000041 
6215552 particles 1 1632 54 1.188000 2.617000  0.000033 0.000025 0.000073 0.000189 0.000081 0.000043 
6215616 particles 1 1632 54 1.188000 1.618000  0.000039 0.000025 0.000070 0.000154 0.000073 0.000038 
6215616 particles 1 1632 54 1.188000 1.924000  0.000035 0.000026 0.000073 0.000165 0.000083 0.000042 
6215680 particles 1 1632 54 1.188000 2.310000  0.000031 0.000025 0.000069 0.000152 0.000076 0.000040 
6215680 particles 1 1632 54 1.188000 2.386000  0.000102 0.000039 0.000096 0.000234 0.000098 0.000048 
6215680 particles 1 1632 54 1.188000 2.695000  0.000048 0.000027 0.000074 0.000192 0.000082 0.000041 
6215744 particles 1 1632 54 1.188000 2.157000  0.000033 0.000026 0.000070 0.000156 0.000073 0.000038 
6215744 particles 1 1632 54 1.188000 1.848000  0.000033 0.000027 0.000073 0.000168 0.000081 0.000041 
6215744 particles 1 1632 54 1.188000 2.156000  0.000028 0.000023 0.000065 0.000130 0.000067 0.000036 
6215808 particles 1 1632 54 1.188000 2.157000  0.000027 0.000024 0.000068 0.000174 0.000077 0.000040 
6215808 particles 1 1632 54 1.188000 1.617000  0.000029 0.000024 0.000068 0.000185 0.000072 0.000038 
6215808 particles 1 1632 54 1.188000 2.156000  0.000029 0.000026 0.000072 0.000217 0.000080 0.000040 
6215872 particles 1 1632 54 1.188000 2.001000  0.000031 0.000025 0.000068 0.000148 0.000076 0.000039 
6215872 particles 1 1632 54 1.188000 2.695000  0.000032 0.000025 0.000069 0.000172 0.000075 0.000039 
6215872 particles 1 1632 54 1.188000 2.543000  0.000028 0.000023 0.000067 0.000148 0.000073 0.000038 
6215936 particles 1 1632 54 1.188000 1.847000  0.000033 0.000023 0.000066 0.000172 0.000070 0.000037 
6215936 particles 1 1632 54 1.188000 2.234000  0.000035 0.000025 0.000068 0.000221 0.000081 0.000040 
6215936 particles 1 1632 54 1.188000 2.080000  0.000033 0.000023 0.000064 0.000142 0.000065 0.000035 
6216000 particles 1 1632 54 1.188000 1.695000  0.000031 0.000024 0.000067 0.000147 0.000074 0.000038 
6216000 particles 1 1632 54 1.188000 2.387000  1.444779 0.242400 0.515584 1.445121 0.314963 0.130093 
6216064 particles 1 1632 54 1.188000 1.771000  0.000103 0.000080 0.000221 0.000469 0.000233 0.000123 
6216064 particles 1 1632 54 1.188000 1.696000  0.000093 0.000076 0.000212 0.000438 0.000218 0.000117 
6216064 particles 1 1632 54 1.188000 1.928000  0.000096 0.000082 0.000222 0.000519 0.000251 0.000127 
6216128 particles 1 1632 54 1.188000 2.157000  0.000032 0.000024 0.000066 0.000148 0.000072 0.000037 
6216128 particles 1 1632 54 1.188000 2.156000  0.000036 0.000025 0.000069 0.000155 0.000079 0.000039 
6216128 particles 1 1632 53 1.188000 1.695000  0.000028 0.000023 0.000063 0.000138 0.000069 0.000036 
6216192 particles 1 1632 53 1.188000 2.232000  0.000035 0.000023 0.000062 0.000130 0.000065 0.000034 
6216192 particles 1 1632 54 1.188000 2.002000  0.000028 0.000023 0.000083 0.000197 0.000083 0.000047 
6216192 particles 1 1632 54 1.188000 2.616000  0.000039 0.000023 0.000064 0.000160 0.000066 0.000035 
6216256 particles 1 1632 54 1.188000 2.155000  0.000021 0.000017 0.000048 0.000109 0.000054 0.000028 
6216256 particles 1 1632 54 1.188000 1.772000  0.000027 0.000018 0.000048 0.000112 0.000053 0.000027 
6216256 particles 1 1632 54 1.188000 2.542000  0.000020 0.000017 0.000047 0.000103 0.000052 0.000027 
6216320 particles 1 1632 54 1.188000 2.617000  0.000023 0.000017 0.000047 0.000108 0.000053 0.000027 
6216320 particles 1 1632 54 1.188000 2.155000  0.000022 0.000017 0.000046 0.000103 0.000052 0.000028 
6216320 particles 1 1632 54 1.188000 2.079000  0.000025 0.000021 0.000059 0.000121 0.000064 0.000033 
6216384 particles 1 1632 54 1.188000 2.002000  0.000026 0.000021 0.000057 0.000135 0.000060 0.000032 
6216384 particles 1 1632 54 1.188000 2.619000  0.000038 0.000024 0.000063 0.000151 0.000069 0.000035 
6216448 particles 1 1632 54 1.188000 2.078000  0.000024 0.000021 0.000057 0.000122 0.000060 0.000032 
6216448 particles 1 1632 54 1.188000 2.387000  0.000027 0.000022 0.000060 0.000137 0.000069 0.000035 
6216448 particles 1 1632 54 1.188000 2.696000  0.000029 0.000022 0.000061 0.000133 0.000067 0.000034 
6216512 particles 1 1632 54 1.188000 2.311000  0.000033 0.000022 0.000060 0.000134 0.000062 0.000033 
6216512 particles 1 1632 54 1.188000 2.464000  0.000024 0.000023 0.000061 0.000149 0.000066 0.000034 
6216512 particles 1 1632 54 1.188000 2.386000  0.000023 0.000020 0.000055 0.000106 0.000056 0.000030 
6216576 particles 1 1632 54 1.188000 2.157000  0.000023 0.000020 0.000056 0.000123 0.000064 0.000033 
6216576 particles 1 1632 54 1.188000 1.847000  0.000024 0.000020 0.000058 0.000153 0.000060 0.000031 
6216576 particles 1 1632 53 1.188000 1.696000  0.000028 0.000023 0.000060 0.000139 0.000065 0.000033 
6216640 particles 1 1632 53 1.188000 2.925000  0.000042 0.000021 0.000059 0.000142 0.000065 0.000033 
6216640 particles 1 1632 53 1.188000 2.079000  0.000026 0.000020 0.000055 0.000126 0.000062 0.000032 
6216640 particles 1 1632 53 1.188000 3.079000  0.000025 0.000020 0.000056 0.000122 0.000064 0.000034 
6216704 particles 1 1632 54 1.188000 2.463000  0.000037 0.000023 0.000062 0.000180 0.000070 0.000035 
6216704 particles 1 1632 54 1.188000 2.232000  0.000026 0.000020 0.000055 0.000122 0.000059 0.000031 
6216704 particles 1 1632 54 1.188000 1.850000  0.000023 0.000022 0.000057 0.000128 0.000061 0.000032 
6216768 particles 1 1632 54 1.188000 2.463000  0.000026 0.000021 0.000060 0.000154 0.000065 0.000033 
6216768 particles 1 1632 54 1.188000 2.618000  0.000034 0.000019 0.000056 0.000137 0.000061 0.000031 
6216832 particles 1 1632 54 1.188000 2.618000  0.000060 0.000026 0.000075 0.000247 0.000075 0.000037 
6216832 particles 1 1632 54 1.188000 2.236000  0.000035 0.000021 0.000059 0.000157 0.000067 0.000034 
6216832 particles 1 1632 54 1.188000 2.157000  0.000027 0.000021 0.000058 0.000186 0.000070 0.000036 
6216896 particles 1 1632 54 1.188000 2.079000  0.000023 0.000019 0.000055 0.000118 0.000060 0.000031 
6216896 particles 1 1632 54 1.188000 1.848000  0.000022 0.000018 0.000051 0.000103 0.000053 0.000028 
6216896 particles 1 1632 54 1.188000 1.695000  0.000022 0.000019 0.000056 0.000132 0.000062 0.000032 
6216960 particles 1 1632 54 1.188000 2.770000  0.000035 0.000021 0.000059 0.000157 0.000064 0.000033 
6216960 particles 1 1632 54 1.188000 1.924000  0.000024 0.000019 0.000053 0.000131 0.000059 0.000030 
6216960 particles 1 1632 54 1.188000 3.543000  0.000024 0.000019 0.000053 0.000110 0.000056 0.000029 
6217024 particles 1 1632 54 1.188000 2.467000  0.000022 0.000019 0.000053 0.000116 0.000059 0.000030 
6217024 particles 1 1632 54 1.188000 2.463000  0.000023 0.000019 0.000067 0.000146 0.000078 0.000039 
6217024 particles 1 1632 54 1.188000 2.155000  0.000026 0.000019 0.000193 0.000400 0.000127 0.000056 
6217088 particles 1 1632 54 1.188000 2.082000  0.000040 0.000022 0.000059 0.000164 0.000064 0.000032 
6217088 particles 1 1632 54 1.188000 2.154000  0.000030 0.000018 0.000050 0.000110 0.000052 0.000028 
6217088 particles 1 1632 54 1.188000 1.770000  0.000023 0.000019 0.000053 0.000118 0.000060 0.000030 
6217152 particles 1 1632 54 1.188000 2.465000  0.000023 0.000019 0.000053 0.000120 0.000060 0.000031 
6217152 particles 1 1632 54 1.188000 2.618000  0.000034 0.000019 0.000052 0.000131 0.000059 0.000030 
6217216 particles 1 1632 54 1.188000 2.849000  0.000023 0.000018 0.000065 0.000136 0.000065 0.000037 
6217216 particles 1 1632 54 1.188000 2.310000  0.000022 0.000017 0.000048 0.000097 0.000050 0.000027 
6217216 particles 1 1632 54 1.188000 2.543000  0.000032 0.000020 0.000056 0.000152 0.000062 0.000031 
6217280 particles 1 1632 54 1.188000 2.080000  0.000023 0.000017 0.000048 0.000097 0.000049 0.000026 
6217280 particles 1 1632 54 1.188000 2.309000  0.000032 0.000020 0.000053 0.000155 0.000057 0.000029 
6217280 particles 1 1632 54 1.188000 1.694000  0.000023 0.000017 0.000047 0.000098 0.000049 0.000026 
6217344 particles 1 1632 54 1.188000 2.078000  0.000022 0.000018 0.000063 0.000126 0.000063 0.000036 
6217344 particles 1 1632 54 1.188000 2.539000  0.000056 0.000023 0.000059 0.000177 0.000064 0.000031 
6217344 particles 1 1632 54 1.188000 2.003000  0.000022 0.000018 0.000052 0.000131 0.000058 0.000031 
6217408 particles 1 1632 54 1.188000 2.543000  0.000022 0.000018 0.000051 0.000116 0.000058 0.000029 
6217408 particles 1 1632 54 1.188000 2.080000  0.000024 0.000018 0.000048 0.000159 0.000058 0.000031 
6217408 particles 1 1632 54 1.188000 2.387000  0.000028 0.000018 0.000051 0.000136 0.000056 0.000029 
6217472 particles 1 1632 54 1.188000 2.002000  0.000021 0.000018 0.000049 0.000117 0.000052 0.000028 
6217472 particles 1 1632 54 1.188000 2.617000  0.000023 0.000018 0.000051 0.000156 0.000060 0.000032 
6217536 particles 1 1632 54 1.188000 2.385000  0.000045 0.000021 0.000059 0.000183 0.000061 0.000030 
6217536 particles 1 1632 54 1.188000 2.234000  0.000021 0.000017 0.000048 0.000105 0.000053 0.000028 
6217536 particles 1 1632 54 1.188000 1.847000  0.000024 0.000018 0.000048 0.000114 0.000050 0.000026 
6217600 particles 1 1632 54 1.188000 1.771000  0.000027 0.000018 0.000050 0.000127 0.000052 0.000027 
6217600 particles 1 1632 54 1.188000 2.464000  0.170195 0.026827 0.056711 0.170255 0.035579 0.014608 
6217600 particles 1 1632 54 1.188000 2.462000  0.000020 0.000017 0.000047 0.000094 0.000050 0.000026 
6217664 particles 1 1632 54 1.188000 2.309000  0.000025 0.000017 0.000047 0.000128 0.000049 0.000026 
6217664 particles 1 1632 54 1.188000 2.618000  0.000023 0.000025 0.000064 0.000158 0.000074 0.000036 
6217664 particles 1 1632 55 1.188000 1.849000  0.000027 0.000017 0.000047 0.000102 0.000050 0.000026 
6217728 particles 1 1632 55 1.188000 2.158000  0.000041 0.000017 0.000054 0.000172 0.000054 0.000027 
6217728 particles 1 1632 54 1.188000 2.384000  0.000020 0.000017 0.000061 0.000144 0.000061 0.000034 
6217792 particles 1 1632 54 1.188000 2.311000  0.000019 0.000016 0.000044 0.000087 0.000045 0.000024 
6217792 particles 1 1632 54 1.188000 2.770000  0.000020 0.000016 0.000047 0.000108 0.000053 0.000027 
6217792 particles 1 1632 54 1.188000 2.311000  0.000021 0.000017 0.000047 0.000107 0.000054 0.000027 
6217856 particles 1 1632 54 1.188000 2.231000  0.000021 0.000017 0.000047 0.000107 0.000053 0.000027 
6217856 particles 1 1632 54 1.188000 2.387000  0.000133 0.000096 0.000263 0.000638 0.000249 0.000117 
6217856 particles 1 1632 54 1.188000 2.001000  0.000022 0.000384 0.000898 0.000831 0.000377 0.000214 
6217920 particles 1 1632 55 1.188000 2.080000  0.000026 0.000017 0.000048 0.000128 0.000052 0.000027 
6217920 particles 1 1632 55 1.188000 2.156000  0.000020 0.000016 0.000045 0.000106 0.000047 0.000025 
6217920 particles 1 1632 55 1.188000 2.462000  0.000021 0.000016 0.000045 0.000105 0.000051 0.000026 
6217984 particles 1 1632 55 1.188000 2.079000  -2.092449 0.328850 0.633013 -2.092200 0.400856 0.161561 
6217984 particles 1 1632 55 1.188000 2.003000  0.000023 0.000017 0.000046 0.000103 0.000051 0.000030 
6217984 particles 1 1632 54 1.188000 2.156000  0.000018 0.000015 0.000043 0.000091 0.000044 0.000024 
6218048 particles 1 1632 54 1.188000 2.616000  0.000019 0.000016 0.000045 0.000102 0.000052 0.000026 
6218048 particles 1 1632 54 1.188000 2.770000  0.000020 0.000016 0.000046 0.000100 0.000050 0.000026 
6218112 particles 1 1632 54 1.188000 1.850000  0.000020 0.000016 0.000044 0.000094 0.000049 0.000026 
6218112 particles 1 1632 54 1.188000 2.385000  0.000020 0.000015 0.000045 0.000118 0.000054 0.000027 
6218112 particles 1 1632 54 1.188000 1.925000  0.000019 0.000016 0.000045 0.000101 0.000051 0.000026 
6218176 particles 1 1632 54 1.188000 1.771000  0.000024 0.000017 0.000045 0.000127 0.000052 0.000026 
6218176 particles 1 1632 54 1.188000 2.693000  0.000019 0.000015 0.000041 0.000108 0.000045 0.000024 
6218176 particles 1 1632 54 1.188000 2.157000  0.000020 0.000016 0.000044 0.000106 0.000049 0.000025 
6218240 particles 1 1632 55 1.188000 2.232000  0.000019 0.000016 0.000044 0.000090 0.000046 0.000024 
6218240 particles 1 1632 55 1.188000 2.462000  0.000065 0.000020 0.000052 0.000163 0.000053 0.000027 
6218240 particles 1 1632 55 1.188000 3.080000  0.000085 0.000024 0.000058 0.000184 0.000061 0.000039 
6218304 particles 1 1632 55 1.188000 2.386000  0.000041 0.000017 0.000044 0.000108 0.000044 0.000023 
6218304 particles 1 1632 55 1.188000 2.002000  0.000028 0.000016 0.000043 0.000102 0.000053 0.000028 
6218368 particles 1 1632 55 1.188000 2.309000  0.714531 0.123781 0.261187 0.714636 0.158407 0.065938 
6218368 particles 1 1632 55 1.188000 2.616000  0.000020 0.000015 0.000042 0.000098 0.000048 0.000024 
6218368 particles 1 1632 54 1.188000 2.617000  4.602371 0.763909 1.628295 4.603717 0.986201 0.407863 
6218432 particles 1 1632 54 1.188000 1.539000  0.000020 0.000016 0.000044 0.000099 0.000048 0.000024 
6218432 particles 1 1632 54 1.188000 1.694000  0.000020 0.000015 0.000044 0.000120 0.000057 0.000028 
6218432 particles 1 1632 54 1.188000 2.155000  0.000041 0.000017 0.000044 0.000109 0.000044 0.000023 
6218496 particles 1 1632 55 1.188000 2.695000  0.000021 0.000015 0.000043 0.000098 0.000046 0.000024 
6218496 particles 1 1632 55 1.188000 2.925000  0.000017 0.000015 0.000044 0.000116 0.000051 0.000026 
6218496 particles 1 1632 54 1.188000 2.310000  0.000019 0.000015 0.000042 0.000149 0.000054 0.000027 
6218560 particles 1 1632 55 1.188000 2.616000  0.000020 0.000014 0.000054 0.000178 0.000053 0.000027 
6218560 particles 1 1632 55 1.188000 2.386000  0.000017 0.000016 0.000043 0.000345 0.000076 0.000036 
6218624 particles 1 1632 54 1.188000 2.693000  0.000017 0.000015 0.000042 0.000094 0.000046 0.000024 
6218624 particles 1 1632 54 1.188000 2.232000  0.000017 0.000016 0.000044 0.000109 0.000050 0.000025 
6218624 particles 1 1632 54 1.188000 2.155000  0.000017 0.000021 0.000056 0.000178 0.000055 0.000028 
6218688 particles 1 1632 54 1.188000 2.693000  0.000005 0.000004 0.000011 0.000022 0.000013 0.000007 
6218688 particles 1 1632 54 1.188000 2.388000  0.000004 0.000004 0.000011 0.000022 0.000013 0.000009 
6218688 particles 1 1632 54 1.188000 2.463000  0.000004 0.000006 0.000015 0.000051 0.000017 0.000008 
6218752 particles 1 1632 54 1.188000 2.080000  0.000195 0.000045 0.000081 0.000212 0.000064 0.000028 
6218752 particles 1 1632 54 1.188000 2.231000  0.000007 0.000024 0.000046 0.000190 0.000038 0.000016 
6218752 particles 1 1632 54 1.188000 2.464000  0.000009 0.000004 0.000016 0.000053 0.000017 0.000008 
6218816 particles 1 1632 54 1.188000 1.541000  0.000052 0.000014 0.000029 0.000115 0.000026 0.000011 
6218816 particles 1 1632 54 1.188000 3.001000  0.000005 0.000004 0.000010 0.000025 0.000013 0.000006 
6218816 particles 1 1632 54 1.188000 1.924000  0.000023 0.000006 0.000015 0.000062 0.000016 0.000008 
6218880 particles 1 1632 54 1.188000 1.924000  0.000005 0.000004 0.000010 0.000022 0.000013 0.000006 
6218880 particles 1 1632 54 1.188000 1.386000  0.000004 0.000004 0.000010 0.000021 0.000013 0.000006 
6218880 particles 1 1632 55 1.188000 2.309000  0.000005 0.000004 0.000011 0.000029 0.000014 0.000007 
6218944 particles 1 1632 55 1.188000 2.387000  0.000017 0.000013 0.000038 0.000083 0.000041 0.000022 
6218944 particles 1 1632 54 1.188000 2.463000  0.000017 0.000022 0.000054 0.000146 0.000063 0.000030 
6219008 particles 1 1632 54 1.188000 2.615000  0.000019 0.000015 0.000040 0.000089 0.000042 0.000022 
6219008 particles 1 1632 55 1.188000 1.772000  0.000016 0.000015 0.000040 0.000090 0.000043 0.000022 
6219008 particles 1 1632 55 1.188000 2.234000  0.000020 0.000015 0.000042 0.000109 0.000047 0.000024 
6219072 particles 1 1632 55 1.188000 2.233000  0.000018 0.000014 0.000040 0.000106 0.000042 0.000022 
6219072 particles 1 1632 55 1.188000 2.080000  0.000020 0.000014 0.000040 0.000088 0.000045 0.000023 
6219072 particles 1 1632 54 1.188000 2.155000  0.000016 0.000013 0.000037 0.000072 0.000038 0.000021 
6219136 particles 1 1632 54 1.188000 1.926000  0.000021 0.000015 0.000042 0.000109 0.000044 0.000023 
6219136 particles 1 1632 54 1.188000 2.156000  0.000018 0.000014 0.000038 0.000093 0.000041 0.000021 
6219136 particles 1 1632 54 1.188000 2.156000  0.000018 0.000014 0.000040 0.000100 0.000044 0.000023 
6219200 particles 1 1632 54 1.188000 2.159000  0.000016 0.000013 0.000037 0.000071 0.000038 0.000020 
6219200 particles 1 1632 54 1.188000 1.541000  0.000019 0.000014 0.000040 0.000099 0.000045 0.000023 
6219200 particles 1 1632 54 1.188000 1.539000  0.000016 0.000014 0.000039 0.000087 0.000043 0.000022 
6219264 particles 1 1632 55 1.188000 2.235000  0.000023 0.000015 0.000042 0.000110 0.000046 0.000023 
6219264 particles 1 1632 55 1.188000 1.463000  0.000017 0.000014 0.000039 0.000100 0.000044 0.000023 
6219328 particles 1 1632 54 1.188000 2.309000  0.000015 0.000013 0.000036 0.000072 0.000038 0.000020 
6219328 particles 1 1632 55 1.188000 2.385000  0.033231 0.025080 0.070869 0.177566 0.077039 0.040459 
6219328 particles 1 1632 55 1.188000 1.694000  0.008144 0.006671 0.018574 0.037025 0.019090 0.010315 
6219392 particles 1 1632 54 1.188000 2.387000  0.004940 0.003056 0.008516 0.019706 0.009368 0.004763 
6219392 particles 1 1632 54 1.188000 2.079000  0.002190 0.001652 0.004513 0.010038 0.005020 0.002513 
6219392 particles 1 1632 54 1.188000 1.926000  0.001667 0.001365 0.003863 0.008595 0.004230 0.002214 
6219456 particles 1 1632 54 1.188000 2.080000  0.001508 0.001276 0.003680 0.009622 0.003924 0.001991 
6219456 particles 1 1632 55 1.188000 2.156000  0.000360 0.000269 0.000767 0.001657 0.000978 0.000481 
6219456 particles 1 1632 55 1.188000 2.465000  0.001683 0.001024 0.002855 0.007264 0.003328 0.001719 
6219520 particles 1 1632 54 1.188000 1.695000  0.001080 0.000864 0.002444 0.005924 0.002550 0.001355 
6219520 particles 1 1632 54 1.188000 2.156000  0.001210 0.000802 0.002283 0.005546 0.002524 0.001311 
6219520 particles 1 1632 54 1.188000 1.926000  0.001102 0.000737 0.002061 0.005470 0.002216 0.001140 
6219584 particles 1 1632 54 1.188000 2.770000  0.001084 0.000707 0.001914 0.004639 0.002065 0.001047 
6219584 particles 1 1632 54 1.188000 2.385000  0.000954 0.000574 0.001572 0.003568 0.001713 0.000878 
6219584 particles 1 1632 54 1.188000 2.848000  0.000624 0.000474 0.001318 0.002999 0.001441 0.000741 
6219648 particles 1 1632 54 1.188000 2.232000  0.000654 0.000443 0.001215 0.003249 0.001298 0.000663 
6219648 particles 1 1632 54 1.188000 1.616000  0.000699 0.000419 0.001138 0.002829 0.001191 0.000603 
6219648 particles 1 1632 54 1.188000 2.002000  0.000508 0.000371 0.001023 0.002418 0.001147 0.000585 
6219712 particles 1 1632 54 1.188000 2.157000  0.000570 0.000322 0.000887 0.001915 0.000906 0.000491 
6219712 particles 1 1632 54 1.188000 2.233000  0.000499 0.000343 0.000944 0.002362 0.001027 0.000520 
6219776 particles 1 1632 54 1.188000 2.388000  0.000350 0.000300 0.000835 0.001872 0.000859 0.000459 
6219776 particles 1 1632 55 1.188000 2.618000  0.000494 0.000335 0.000920 0.002543 0.000954 0.000491 
6219776 particles 1 1632 55 1.188000 2.387000  0.000367 0.000295 0.000842 0.002070 0.000885 0.000457 
6219840 particles 1 1632 54 1.188000 1.847000  0.000348 0.000288 0.000803 0.001958 0.000883 0.000456 
6219840 particles 1 1632 54 1.188000 2.695000  0.000373 0.000266 0.000776 0.001990 0.000852 0.000435 
6219840 particles 1 1632 55 1.188000 2.155000  0.000400 0.000254 0.000721 0.001746 0.000749 0.000399 
6219904 particles 1 1632 55 1.188000 2.383000  0.000451 0.000292 0.000810 0.002351 0.000868 0.000439 
6219904 particles 1 1632 54 1.188000 1.849000  0.000274 0.000230 0.000640 0.001346 0.000686 0.000366 
6219904 particles 1 1632 54 1.188000 2.465000  0.000272 0.000234 0.000641 0.001272 0.000684 0.000359 
6219968 particles 1 1632 54 1.188000 2.078000  0.000358 0.000227 0.000634 0.001680 0.000701 0.000359 
6219968 particles 1 1632 54 1.188000 2.925000  0.000260 0.000208 0.000589 0.001335 0.000660 0.000342 
6219968 particles 1 1632 54 1.188000 2.463000  0.000314 0.000209 0.000586 0.001535 0.000662 0.000343 
6220032 particles 1 1632 54 1.188000 1.770000  0.000259 0.000205 0.000571 0.001382 0.000615 0.000325 
6220032 particles 1 1632 54 1.188000 2.309000  0.000270 0.000207 0.000556 0.001241 0.000610 0.000311 
6220096 particles 1 1632 54 1.188000 1.926000  0.000312 0.000187 0.000531 0.001366 0.000554 0.000291 
6220096 particles 1 1632 54 1.188000 1.850000  0.000219 0.000189 0.000656 0.001392 0.000807 0.000383 
6220096 particles 1 1632 54 1.188000 2.234000  0.000219 0.000182 0.000518 0.001283 0.000551 0.000289 
6220160 particles 1 1632 54 1.188000 1.773000  0.000289 0.000179 0.000515 0.001237 0.000547 0.000284 
6220160 particles 1 1632 54 1.188000 1.925000  0.000335 0.000179 0.000531 0.001563 0.000577 0.000292 
6220160 particles 1 1632 55 1.188000 2.693000  0.000185 0.000164 0.000463 0.001132 0.000489 0.000259 
6220224 particles 1 1632 55 1.188000 2.310000  0.001432 0.001021 0.002757 0.007025 0.003069 0.001623 
6220224 particles 1 1632 54 1.188000 2.078000  0.000246 0.000153 0.000423 0.000904 0.000443 0.000238 
6220288 particles 1 1632 55 1.188000 1.772000  0.000253 0.000160 0.000444 0.001179 0.000487 0.000250 
6220288 particles 1 1632 55 1.188000 2.462000  0.000181 0.000153 0.000420 0.000845 0.000450 0.000236 
6220288 particles 1 1632 54 1.188000 2.079000  0.000367 0.000168 0.000443 0.001110 0.000482 0.000245 
6220352 particles 1 1632 54 1.188000 2.852000  0.000252 0.000156 0.000427 0.001083 0.000454 0.000230 
6220352 particles 1 1632 54 1.188000 2.154000  0.000241 0.000138 0.000381 0.000916 0.000400 0.000210 
6220352 particles 1 1632 54 1.188000 2.311000  0.000261 0.000147 0.000396 0.001042 0.000417 0.000216 
6220416 particles 1 1632 54 1.188000 1.619000  0.000155 0.000125 0.000347 0.000735 0.000360 0.000192 
6220416 particles 1 1632 54 1.188000 2.309000  0.000179 0.000130 0.000372 0.000955 0.000403 0.000210 
6220416 particles 1 1632 54 1.188000 1.849000  0.000198 0.000136 0.000376 0.000860 0.000393 0.000207 
6220480 particles 1 1632 55 1.188000 2.311000  0.000155 0.000127 0.000347 0.000783 0.000364 0.000191 
6220480 particles 1 1632 55 1.188000 2.003000  0.000224 0.000125 0.000343 0.000860 0.000380 0.000196 
6220480 particles 1 1632 55 1.188000 2.618000  0.000141 0.000124 0.000346 0.001100 0.000396 0.000201 
6220544 particles 1 1632 55 1.188000 2.081000  0.000136 0.000113 0.000316 0.000632 0.000322 0.000176 
6220544 particles 1 1632 54 1.188000 2.543000  0.000179 0.000123 0.000332 0.000789 0.000356 0.000185 
6220544 particles 1 1632 54 1.188000 1.541000  0.000134 0.000108 0.000303 0.000612 0.000311 0.000167 
6220608 particles 1 1632 55 1.188000 2.232000  0.000147 0.000117 0.000326 0.000770 0.000348 0.000183 
6220608 particles 1 1632 55 1.188000 2.230000  0.000133 0.000113 0.000315 0.000699 0.000353 0.000182 
6220672 particles 1 1632 54 1.188000 2.079000  0.000131 0.000110 0.000306 0.000687 0.000332 0.000171 
6220672 particles 1 1632 54 1.188000 2.310000  0.000226 0.000118 0.000334 0.001030 0.000363 0.000184 
6220672 particles 1 1632 54 1.188000 2.311000  0.000167 0.000107 0.000289 0.000606 0.000300 0.000158 
6220736 particles 1 1632 55 1.188000 2.156000  0.000133 0.000107 0.000293 0.000664 0.000332 0.000168 
6220736 particles 1 1632 55 1.188000 1.695000  0.000112 0.000099 0.000273 0.000616 0.000288 0.000152 
6220736 particles 1 1632 54 1.188000 2.233000  0.000122 0.000097 0.000277 0.000658 0.000318 0.000162 
6220800 particles 1 1632 54 1.188000 2.231000  0.000110 0.000093 0.000260 0.000508 0.000268 0.000145 
6220800 particles 1 1632 55 1.188000 2.385000  0.000137 0.000101 0.000276 0.000624 0.000301 0.000154 
6220800 particles 1 1632 55 1.188000 2.310000  0.000122 0.000096 0.000270 0.000643 0.000297 0.000153 
6220864 particles 1 1632 54 1.188000 2.153000  0.000143 0.000098 0.000274 0.000710 0.000297 0.000154 
6220864 particles 1 1632 54 1.188000 3.083000  0.000207 0.000110 0.000308 0.001001 0.000337 0.000165 
6220864 particles 1 1632 54 1.188000 2.616000  0.000191 0.000107 0.000298 0.000925 0.000317 0.000156 
6220928 particles 1 1632 54 1.188000 2.463000  0.000108 0.000090 0.000258 0.000581 0.000288 0.000149 
6220928 particles 1 1632 54 1.188000 1.693000  0.166159 0.207128 0.421527 0.166230 0.262327 0.107156 
6220928 particles 1 1632 54 1.188000 2.080000  0.000043 0.000036 0.000215 0.000646 0.000242 0.000108 
6220992 particles 1 1632 54 1.188000 2.385000  0.000053 0.000038 0.000103 0.000235 0.000112 0.000057 
6220992 particles 1 1632 54 1.188000 1.385000  0.000830 0.000536 0.001468 0.003668 0.001653 0.000881 
6221056 particles 1 1632 55 1.188000 1.848000  0.000143 0.000093 0.000257 0.000672 0.000290 0.000147 
6221056 particles 1 1632 55 1.188000 1.695000  0.000096 0.000080 0.000222 0.000448 0.000232 0.000123 
6221056 particles 1 1632 54 1.188000 2.617000  0.000106 0.000085 0.000241 0.000535 0.000257 0.000133 
6221120 particles 1 1632 54 1.188000 1.847000  0.000140 0.000080 0.000226 0.000544 0.000241 0.000127 
6221120 particles 1 1632 54 1.188000 2.002000  0.000096 0.000084 0.000229 0.000522 0.000252 0.000128 
6221120 particles 1 1632 54 1.188000 1.773000  0.000150 0.000083 0.000229 0.000610 0.000229 0.000121 
6221184 particles 1 1632 55 1.188000 1.541000  0.000094 0.000077 0.000216 0.000483 0.000243 0.000126 
6221184 particles 1 1632 54 1.188000 2.079000  0.000096 0.000078 0.000217 0.000510 0.000239 0.000124 
6221248 particles 1 1632 54 1.188000 2.310000  0.000094 0.000079 0.000228 0.000577 0.000248 0.000127 
6221248 particles 1 1632 54 1.188000 2.156000  0.000090 0.000075 0.000265 0.000528 0.000304 0.000151 
6221248 particles 1 1632 54 1.188000 2.467000  0.000083 0.000069 0.000193 0.000383 0.000197 0.000106 
6221312 particles 1 1632 54 1.188000 2.311000  0.000110 0.000073 0.000206 0.000492 0.000224 0.000115 
6221312 particles 1 1632 54 1.188000 2.155000  0.000084 0.000067 0.000187 0.000390 0.000191 0.000104 
6221312 particles 1 1632 55 1.188000 2.387000  0.000083 0.000074 0.000206 0.000511 0.000230 0.000117 
6221376 particles 1 1632 55 1.188000 2.537000  0.000087 0.000070 0.000191 0.000398 0.000202 0.000107 
6221376 particles 1 1632 55 1.188000 1.616000  0.000079 0.000069 0.000190 0.000382 0.000199 0.000106 
6221376 particles 1 1632 55 1.188000 3.080000  0.000111 0.000075 0.000210 0.000570 0.000230 0.000115 
6221440 particles 1 1632 55 1.188000 2.077000  0.000088 0.000068 0.000192 0.000466 0.000218 0.000110 
6221440 particles 1 1632 55 1.188000 2.080000  0.000562 0.000142 0.000328 0.000943 0.000318 0.000149 
6221440 particles 1 1632 55 1.188000 1.847000  0.000072 0.000062 0.000177 0.000379 0.000181 0.000097 
6221504 particles 1 1632 55 1.188000 2.462000  0.000073 0.000063 0.000184 0.000402 0.000201 0.000105 
6221504 particles 1 1632 55 1.188000 2.541000  0.000125 0.000066 0.000185 0.000473 0.000187 0.000099 
6221504 particles 1 1632 54 1.188000 1.848000  0.000120 0.000068 0.000185 0.000469 0.000197 0.000102 
6221568 particles 1 1632 54 1.188000 1.695000  0.000083 0.000064 0.000178 0.000409 0.000198 0.000103 
6221568 particles 1 1632 54 1.188000 2.233000  0.000524 0.000370 0.001012 0.002568 0.001152 0.000609 
6221632 particles 1 1632 55 1.188000 1.772000  0.000102 0.000092 0.000224 0.000498 0.000259 0.000126 
6221632 particles 1 1632 55 1.188000 2.001000  0.000069 0.000058 0.000161 0.000323 0.000168 0.000090 
6221632 particles 1 1632 54 1.188000 2.540000  0.000080 0.000061 0.000168 0.000411 0.000203 0.000102 
6221696 particles 1 1632 54 1.188000 2.541000  0.000093 0.000063 0.000173 0.000418 0.000189 0.000106 
6221696 particles 1 1632 54 1.188000 2.695000  0.000076 0.000060 0.000168 0.000367 0.000187 0.000096 
6221696 particles 1 1632 54 1.188000 2.926000  0.000073 0.000058 0.000165 0.000407 0.000178 0.000091 
6221760 particles 1 1632 54 1.188000 1.694000  0.000072 0.000058 0.000156 0.000320 0.000162 0.000085 
6221760 particles 1 1632 54 1.188000 1.694000  0.000068 0.000058 0.000163 0.000395 0.000179 0.000090 
6221760 particles 1 1632 54 1.188000 2.693000  0.000077 0.000054 0.000153 0.000356 0.000162 0.000086 
6221824 particles 1 1632 54 1.188000 2.080000  0.000128 0.000060 0.000164 0.000430 0.000175 0.000090 
6221824 particles 1 1632 54 1.188000 1.924000  0.000059 0.000051 0.000143 0.000310 0.000148 0.000080 
6221824 particles 1 1632 54 1.188000 2.156000  0.000073 0.000057 0.000154 0.000383 0.000178 0.000089 
6221888 particles 1 1632 54 1.188000 3.232000  0.000086 0.000055 0.000150 0.000332 0.000160 0.000084 
6221888 particles 1 1632 54 1.188000 2.157000  0.000212 0.000085 0.000205 0.000507 0.000210 0.000101 
6221952 particles 1 1632 54 1.188000 2.539000  0.000069 0.000061 0.000160 0.000411 0.000179 0.000088 
6221952 particles 1 1632 54 1.188000 2.308000  0.000066 0.000052 0.000140 0.000296 0.000144 0.000076 
6221952 particles 1 1632 55 1.188000 2.619000  0.000066 0.000055 0.000146 0.000340 0.000164 0.000083 
6222016 particles 1 1632 55 1.188000 1.540000  0.000054 0.000048 0.000134 0.000260 0.000137 0.000074 
6222016 particles 1 1632 55 1.188000 2.079000  0.000073 0.000050 0.000139 0.000336 0.000165 0.000082 
6222016 particles 1 1632 55 1.188000 1.464000  0.000079 0.000049 0.000133 0.000308 0.000140 0.000074 
6222080 particles 1 1632 54 1.188000 2.155000  0.000059 0.000049 0.000174 0.000344 0.000204 0.000100 
6222080 particles 1 1632 54 1.188000 2.156000  0.000080 0.000050 0.000141 0.000414 0.000145 0.000075 
6222080 particles 1 1632 54 1.188000 1.541000  0.000057 0.000074 0.000179 0.000519 0.000204 0.000099 
6222144 particles 1 1632 54 1.188000 2.157000  0.000063 0.000049 0.000136 0.000345 0.000151 0.000077 
6222144 particles 1 1632 54 1.188000 1.926000  0.000060 0.000048 0.000135 0.000303 0.000151 0.000078 
6222144 particles 1 1632 55 1.188000 2.313000  0.000076 0.000049 0.000137 0.000355 0.000149 0.000077 
6222208 particles 1 1632 55 1.188000 2.309000  0.000051 0.000043 0.000122 0.000246 0.000124 0.000067 
6222208 particles 1 1632 54 1.188000 2.541000  0.001136 0.000351 0.000913 0.002982 0.001102 0.000535 
6222272 particles 1 1632 54 1.188000 2.155000  0.000071 0.000048 0.000129 0.000303 0.000141 0.000073 
6222272 particles 1 1632 54 1.188000 1.772000  0.000166 0.000067 0.000160 0.001191 0.000276 0.000134 
6222272 particles 1 1632 54 1.188000 2.696000  0.000052 0.000044 0.000120 0.000244 0.000132 0.000069 
6222336 particles 1 1632 54 1.188000 2.002000  0.000049 0.000041 0.000115 0.000228 0.000117 0.000066 
6222336 particles 1 1632 54 1.188000 2.079000  0.000053 0.000043 0.000130 0.000308 0.000197 0.000095 
6222336 particles 1 1632 54 1.188000 2.618000  0.000047 0.000047 0.000124 0.000280 0.000131 0.000068 
6222400 particles 1 1632 54 1.188000 2.001000  0.000052 0.000042 0.000119 0.000262 0.000134 0.000069 
6222400 particles 1 1632 54 1.188000 3.232000  0.000055 0.000044 0.000120 0.000269 0.000132 0.000068 
6222464 particles 1 1632 54 1.188000 2.540000  0.000055 0.000043 0.000117 0.000275 0.000132 0.000067 
6222464 particles 1 1632 55 1.188000 2.156000  0.000123 0.000047 0.000126 0.000373 0.000139 0.000070 
6222464 particles 1 1632 55 1.188000 1.772000  0.000054 0.000042 0.000112 0.000233 0.000117 0.000061 
6222528 particles 1 1632 55 1.188000 2.851000  0.000068 0.000044 0.000122 0.000320 0.000125 0.000065 
6222528 particles 1 1632 55 1.188000 2.695000  0.000056 0.000038 0.000107 0.000249 0.000113 0.000059 
6222528 particles 1 1632 55 1.188000 2.311000  0.000046 0.000038 0.000108 0.000262 0.000123 0.000064 
6222592 particles 1 1632 55 1.188000 2.541000  0.000048 0.000037 0.000114 0.000299 0.000115 0.000060 
6222592 particles 1 1632 55 1.188000 3.078000  0.000063 0.000040 0.000113 0.000267 0.000121 0.000063 
6222592 particles 1 1632 55 1.188000 2.386000  0.000062 0.000038 0.000104 0.000238 0.000107 0.000057 
6222656 particles 1 1632 55 1.188000 1.925000  0.000047 0.000041 0.000111 0.000251 0.000122 0.000062 
6222656 particles 1 1632 55 1.188000 2.157000  0.000059 0.000040 0.000112 0.000297 0.000114 0.000059 
6222656 particles 1 1632 55 1.188000 1.618000  0.000046 0.000038 0.000111 0.000271 0.000119 0.000061 
6222720 particles 1 1632 55 1.188000 2.388000  0.000048 0.000057 0.000135 0.000329 0.000161 0.000077 
6222720 particles 1 1632 55 1.188000 1.617000  0.000047 0.000038 0.000134 0.000270 0.000158 0.000077 
6222784 particles 1 1632 55 1.188000 2.231000  0.000080 0.000043 0.000117 0.000348 0.000127 0.000065 
6222784 particles 1 1632 55 1.188000 2.386000  0.000063 0.000040 0.000108 0.000255 0.000119 0.000062 
6222784 particles 1 1632 55 1.188000 2.310000  0.000045 0.000036 0.000105 0.000253 0.000116 0.000060 
6222848 particles 1 1632 55 1.188000 2.155000  0.000055 0.000038 0.000106 0.000272 0.000110 0.000058 
6222848 particles 1 1632 55 1.188000 1.924000  0.000066 0.000038 0.000108 0.000259 0.000118 0.000061 
6222848 particles 1 1632 55 1.188000 2.078000  0.000057 0.000036 0.000099 0.000223 0.000104 0.000056 
6222912 particles 1 1632 55 1.188000 2.079000  0.000063 0.000038 0.000104 0.000246 0.000109 0.000057 
6222912 particles 1 1632 54 1.188000 2.542000  0.000047 0.000036 0.000103 0.000229 0.000113 0.000058 
6222912 particles 1 1632 54 1.188000 1.926000  0.000057 0.000037 0.000099 0.000224 0.000106 0.000057 
6222976 particles 1 1632 54 1.188000 1.616000  0.000065 0.000037 0.000101 0.000248 0.000108 0.000055 
6222976 particles 1 1632 54 1.188000 1.848000  0.000071 0.000037 0.000103 0.000275 0.000109 0.000056 
6222976 particles 1 1632 55 1.188000 1.618000  0.000067 0.000034 0.000096 0.000332 0.000114 0.000058 
6223040 particles 1 1632 55 1.188000 2.078000  0.000054 0.000037 0.000099 0.000221 0.000103 0.000054 
6223040 particles 1 1632 54 1.188000 2.539000  0.000044 0.000035 0.000097 0.000220 0.000104 0.000054 
6223040 particles 1 1632 55 1.188000 1.925000  0.000040 0.000033 0.000091 0.000188 0.000095 0.000050 
6223104 particles 1 1632 55 1.188000 2.772000  0.000083 0.000038 0.000104 0.000262 0.000114 0.000058 
6223104 particles 1 1632 54 1.188000 1.925000  0.000046 0.000032 0.000091 0.000207 0.000094 0.000050 
6223168 particles 1 1632 54 1.188000 2.232000  0.000041 0.000035 0.000096 0.000215 0.000103 0.000053 
6223168 particles 1 1632 54 1.188000 1.617000  0.000057 0.000033 0.000093 0.000238 0.000097 0.000051 
6223168 particles 1 1632 54 1.188000 2.078000  0.000051 0.000034 0.000093 0.000196 0.000109 0.000055 
6223232 particles 1 1632 54 1.188000 2.001000  0.849171 0.141530 0.300680 0.849328 0.182337 0.076006 
6223232 particles 1 1632 54 1.188000 2.617000  0.000044 0.000034 0.000092 0.000200 0.000096 0.000050 
6223232 particles 1 1632 54 1.188000 3.077000  0.000059 0.000036 0.000096 0.000259 0.000101 0.000052 
6223296 particles 1 1632 54 1.188000 2.233000  0.000135 0.000045 0.000115 0.000371 0.000123 0.000059 
6223296 particles 1 1632 54 1.188000 3.080000  0.000041 0.000033 0.000089 0.000187 0.000095 0.000050 
6223296 particles 1 1632 55 1.188000 1.694000  0.000065 0.000035 0.000096 0.000243 0.000101 0.000052 
6223360 particles 1 1632 55 1.188000 2.772000  0.000055 0.000033 0.000090 0.000200 0.000094 0.000050 
6223360 particles 1 1632 54 1.188000 1.541000  -1.161257 0.779978 -1.439754 -1.161081 0.995281 0.407673 
6223360 particles 1 1632 54 1.188000 2.001000  0.000038 0.000032 0.000087 0.000207 0.000098 0.000051 
6223424 particles 1 1632 54 1.188000 2.311000  0.000051 0.000031 0.000087 0.000202 0.000088 0.000047 
6223424 particles 1 1632 54 1.188000 2.309000  0.000037 0.000032 0.000111 0.000220 0.000128 0.000063 
6223424 particles 1 1632 54 1.188000 2.157000  0.000052 0.000030 0.000085 0.000195 0.000088 0.000047 
6223488 particles 1 1632 54 1.188000 1.618000  0.000040 0.000031 0.000090 0.000277 0.000103 0.000052 
6223488 particles 1 1632 54 1.188000 2.231000  0.000046 0.000032 0.000090 0.000243 0.000090 0.000048 
6223552 particles 1 1632 54 1.188000 1.693000  0.000039 0.000046 0.000109 0.000260 0.000129 0.000062 
6223552 particles 1 1632 54 1.188000 2.386000  0.000034 0.000030 0.000084 0.000165 0.000088 0.000047 
6223552 particles 1 1632 54 1.188000 1.924000  0.000093 0.000049 0.000134 0.000410 0.000151 0.000070 
6223616 particles 1 1632 54 1.188000 2.461000  0.000038 0.000030 0.000084 0.000190 0.000094 0.000050 
6223616 particles 1 1632 54 1.188000 1.771000  0.000037 0.000028 0.000078 0.000159 0.000081 0.000043 
6223616 particles 1 1632 54 1.188000 1.619000  0.000038 0.000030 0.000085 0.000193 0.000096 0.000049 
6223680 particles 1 1632 54 1.188000 2.387000  0.000074 0.000035 0.000095 0.000312 0.000102 0.000050 
6223680 particles 1 1632 54 1.188000 2.233000  0.000044 0.000029 0.000081 0.000216 0.000090 0.000047 
6223680 particles 1 1632 54 1.188000 1.926000  0.000075 0.000033 0.000091 0.000253 0.000095 0.000048 
6223744 particles 1 1632 54 1.188000 2.155000  0.000036 0.000029 0.000083 0.000188 0.000092 0.000047 
6223744 particles 1 1632 54 1.188000 2.618000  0.000038 0.000029 0.000081 0.000187 0.000089 0.000046 
6223808 particles 1 1632 54 1.188000 2.463000  0.000041 0.000030 0.000085 0.000199 0.000093 0.000047 
6223808 particles 1 1632 54 1.188000 1.849000  0.000049 0.000031 0.000093 0.000325 0.000107 0.000051 
6223808 particles 1 1632 54 1.188000 1.770000  0.000040 0.000026 0.000076 0.000180 0.000078 0.000041 
6223872 particles 1 1632 55 1.188000 2.388000  0.000035 0.000028 0.000078 0.000168 0.000084 0.000044 
6223872 particles 1 1632 55 1.188000 2.000000  0.000045 0.000028 0.000080 0.000205 0.000082 0.000043 
6223872 particles 1 1632 55 1.188000 1.925000  0.000034 0.000028 0.000077 0.000164 0.000082 0.000043 
6223936 particles 1 1632 55 1.188000 2.387000  0.000047 0.000027 0.000074 0.000162 0.000076 0.000040 
6223936 particles 1 1632 54 1.188000 2.847000  0.000041 0.000029 0.000078 0.000180 0.000088 0.000045 
6223936 particles 1 1632 54 1.188000 1.617000  0.000033 0.000026 0.000074 0.000171 0.000079 0.000042 
6224000 particles 1 1632 55 1.188000 2.463000  0.000038 0.000029 0.000080 0.000193 0.000086 0.000044 
6224000 particles 1 1632 55 1.188000 2.154000  0.000036 0.000027 0.000082 0.000214 0.000087 0.000044 
6224000 particles 1 1632 55 1.188000 1.771000  0.000035 0.000027 0.000075 0.000166 0.000084 0.000042 
6224064 particles 1 1632 54 1.188000 2.311000  0.000031 0.000026 0.000072 0.000145 0.000076 0.000040 
6224064 particles 1 1632 54 1.188000 1.770000  0.000032 0.000026 0.000072 0.000184 0.000093 0.000053 
6224064 particles 1 1632 55 1.188000 2.308000  0.000041 0.000027 0.000075 0.000185 0.000079 0.000041 
6224128 particles 1 1632 55 1.188000 2.386000  0.000031 0.000025 0.000068 0.000139 0.000071 0.000038 
6224128 particles 1 1632 55 1.188000 2.616000  0.000031 0.000026 0.000071 0.000142 0.000076 0.000039 
6224192 particles 1 1632 55 1.188000 1.540000  0.000039 0.000025 0.000070 0.000173 0.000076 0.000039 
6224192 particles 1 1632 55 1.188000 2.308000  0.000033 0.000032 0.000088 0.000300 0.000095 0.000046 
6224192 particles 1 1632 55 1.188000 2.233000  0.000044 0.000027 0.000075 0.000200 0.000084 0.000042 
6224256 particles 1 1632 55 1.188000 2.002000  0.000038 0.000026 0.000072 0.000169 0.000080 0.000040 
6224256 particles 1 1632 55 1.188000 3.080000  0.000035 0.000025 0.000068 0.000163 0.000072 0.000043 
6224256 particles 1 1632 55 1.188000 2.387000  0.000063 0.000035 0.000089 0.000303 0.000095 0.000045 
6224320 particles 1 1632 55 1.188000 3.082000  0.000039 0.000025 0.000070 0.000178 0.000074 0.000039 
6224320 particles 1 1632 55 1.188000 2.157000  0.000045 0.000026 0.000075 0.000192 0.000080 0.000041 
6224320 particles 1 1632 55 1.188000 2.695000  0.000029 0.000025 0.000069 0.000157 0.000084 0.000041 
6224384 particles 1 1632 55 1.188000 2.154000  0.000028 0.000023 0.000064 0.000128 0.000066 0.000035 
6224384 particles 1 1632 55 1.188000 2.770000  0.000031 0.000030 0.000080 0.000226 0.000086 0.000042 
6224384 particles 1 1632 55 1.188000 1.618000  0.000033 0.000024 0.000067 0.000155 0.000073 0.000038 
6224448 particles 1 1632 55 1.188000 1.695000  0.000029 0.000025 0.000068 0.000195 0.000081 0.000042 
6224448 particles 1 1632 55 1.188000 2.619000  0.000026 0.000025 0.000068 0.000151 0.000074 0.000038 
6224512 particles 1 1632 55 1.188000 1.541000  0.000096 0.000040 0.000242 0.001175 0.000188 0.000083 
6224512 particles 1 1632 55 1.188000 2.540000  0.000037 0.000026 0.000070 0.000171 0.000074 0.000038 
6224512 particles 1 1632 55 1.188000 2.616000  0.000037 0.000024 0.000067 0.000175 0.000068 0.000036 
6224576 particles 1 1632 55 1.188000 2.385000  0.000048 0.000025 0.000072 0.000213 0.000076 0.000039 
6224576 particles 1 1632 55 1.188000 2.077000  0.000030 0.000022 0.000063 0.000152 0.000067 0.000036 
6224576 particles 1 1632 55 1.188000 2.463000  0.000029 0.000024 0.000067 0.000150 0.000075 0.000038 
6224640 particles 1 1632 55 1.188000 2.234000  0.000028 0.000023 0.000063 0.000129 0.000067 0.000035 
6224640 particles 1 1632 55 1.188000 1.927000  0.000026 0.000025 0.000071 0.000195 0.000078 0.000039 
6224640 particles 1 1632 55 1.188000 2.000000  0.000028 0.000038 0.000090 0.000299 0.000094 0.000045 
6224704 particles 1 1632 55 1.188000 1.540000  0.000026 0.000021 0.000060 0.000127 0.000062 0.000033 
6224704 particles 1 1632 54 1.188000 2.618000  0.000047 0.000024 0.000067 0.000162 0.000073 0.000037 
6224704 particles 1 1632 54 1.188000 2.388000  0.000035 0.000022 0.000061 0.000137 0.000064 0.000034 
6224768 particles 1 1632 55 1.188000 1.695000  0.000029 0.000023 0.000063 0.000153 0.000072 0.000037 
6224768 particles 1 1632 55 1.188000 1.925000  0.000026 0.000022 0.000061 0.000124 0.000066 0.000034 
6224768 particles 1 1632 55 1.188000 1.924000  0.000038 0.000022 0.000063 0.000150 0.000069 0.000036 
6224832 particles 1 1632 55 1.188000 2.002000  0.000034 0.000024 0.000065 0.000171 0.000071 0.000036 
6224832 particles 1 1632 55 1.188000 2.462000  0.000031 0.000022 0.000062 0.000150 0.000072 0.000036 
6224896 particles 1 1632 55 1.188000 1.616000  0.000028 0.000028 0.000073 0.000216 0.000078 0.000039 
6224896 particles 1 1632 55 1.188000 1.693000  0.000035 0.000023 0.000068 0.000187 0.000072 0.000037 
6224896 particles 1 1632 55 1.188000 2.156000  0.000028 0.000022 0.000060 0.000137 0.000068 0.000035 
6224960 particles 1 1632 55 1.188000 1.770000  0.000035 0.000022 0.000062 0.000165 0.000065 0.000034 
6224960 particles 1 1632 55 1.188000 2.078000  0.000035 0.000023 0.000064 0.000171 0.000067 0.000035 
6224960 particles 1 1632 55 1.188000 2.156000  0.000028 0.000022 0.000062 0.000146 0.000069 0.000036 
6225024 particles 1 1632 55 1.188000 1.464000  0.000030 0.000022 0.000061 0.000134 0.000067 0.000035 
6225024 particles 1 1632 55 1.188000 2.002000  0.000027 0.000022 0.000061 0.000134 0.000068 0.000035 
6225024 particles 1 1632 55 1.188000 1.847000  0.000034 0.000021 0.000057 0.000137 0.000059 0.000033 
6225088 particles 1 1632 55 1.188000 2.541000  0.000027 0.000021 0.000060 0.000129 0.000065 0.000034 
6225088 particles 1 1632 55 1.188000 2.077000  0.000028 0.000021 0.000062 0.000181 0.000066 0.000035 
6225088 particles 1 1632 55 1.188000 1.695000  0.000027 0.000021 0.000060 0.000135 0.000068 0.000034 
6225152 particles 1 1632 55 1.188000 2.157000  0.000025 0.000027 0.000068 0.000204 0.000070 0.000035 
6225152 particles 1 1632 55 1.188000 1.925000  0.000024 0.000021 0.000058 0.000121 0.000062 0.000032 
6225216 particles 1 1632 55 1.188000 1.771000  0.000058 0.000026 0.000070 0.000235 0.000073 0.000036 
6225216 particles 1 1632 55 1.188000 2.848000  0.000023 0.000021 0.000058 0.000125 0.000061 0.000033 
6225216 particles 1 1632 55 1.188000 1.848000  0.000024 0.000020 0.000058 0.000131 0.000062 0.000033 
6225280 particles 1 1632 55 1.188000 1.541000  0.000031 0.000227 0.000489 0.000955 0.000272 0.000112 
6225280 particles 1 1632 55 1.188000 2.234000  -16.698545 4.963985 10.602851 -16.691986 6.328716 2.650353 
6225280 particles 1 1632 55 1.188000 1.618000  0.000746 0.000612 0.001684 0.003640 0.001837 0.000945 
6225344 particles 1 1632 55 1.188000 2.462000  0.000025 0.000021 0.000058 0.000134 0.000065 0.000034 
6225344 particles 1 1632 55 1.188000 2.157000  0.000027 0.000021 0.000059 0.000135 0.000065 0.000034 
