#Timestamp	Benchmark	Run(#)	CPU Frequency (MHz)	CPU Temperature(C)	CPU Voltage(V)	CPU Power(W)	CPU_CYCLES	L1_DATA_CACHE_ACCESS	INSTRUCTIONS_RETIRED	BUS_CYCLES	L1I_CACHE_ACCESS	PREDICTABLE_BRANCH_SPECULATIVELY_EXECUTED
5916992 convolutionTexture 1 1428 49 1.130000 1.928000  0.002105 0.000302 0.000588 0.002150 0.000410 0.000165 
5916992 convolutionTexture 1 1428 49 1.130000 2.234000  0.000027 0.000017 0.000048 0.000121 0.000054 0.000028 
5917056 convolutionTexture 1 1428 49 1.130000 2.158000  0.000049 0.000037 0.000098 0.000337 0.000110 0.000057 
5917056 convolutionTexture 1 1428 49 1.130000 2.312000  0.000072 0.000038 0.000107 0.000334 0.000112 0.000057 
5917056 convolutionTexture 1 1428 49 1.130000 2.082000  0.000053 0.000033 0.000092 0.000332 0.000103 0.000054 
5917120 convolutionTexture 1 1428 50 1.130000 2.540000  0.000039 0.000034 0.000094 0.000185 0.000100 0.000052 
5917120 convolutionTexture 1 1428 50 1.130000 1.388000  0.000039 0.000034 0.000093 0.000191 0.000099 0.000052 
5917184 convolutionTexture 1 1428 50 1.130000 1.388000  0.000039 0.000034 0.000093 0.000222 0.000109 0.000055 
5917184 convolutionTexture 1 1428 50 1.130000 1.387000  0.000043 0.000036 0.000097 0.000215 0.000106 0.000055 
5917184 convolutionTexture 1 1428 50 1.130000 1.464000  0.000036 0.000032 0.000089 0.000175 0.000092 0.000050 
5917248 convolutionTexture 1 1428 50 1.130000 2.006000  0.000266 0.000201 0.000548 0.001268 0.000550 0.000250 
5917248 convolutionTexture 1 1428 50 1.130000 2.389000  -0.300652 0.157682 -0.761004 -0.300527 -0.287036 0.460455 
5917248 convolutionTexture 1 1428 50 1.130000 1.542000  0.000049 0.000036 0.000095 0.000197 0.000098 0.000051 
5917312 convolutionTexture 1 1428 50 1.130000 1.695000  0.000042 0.000034 0.000095 0.000205 0.000104 0.000054 
5917312 convolutionTexture 1 1428 50 1.130000 1.618000  0.000036 0.000032 0.000090 0.000194 0.000093 0.000050 
5917312 convolutionTexture 1 1428 50 1.130000 2.083000  0.000049 0.000036 0.000096 0.000209 0.000104 0.000054 
5917376 convolutionTexture 1 1428 50 1.130000 1.388000  0.000052 0.000035 0.000093 0.000213 0.000104 0.000053 
5917376 convolutionTexture 1 1428 50 1.130000 1.388000  0.000042 0.000033 0.000092 0.000196 0.000101 0.000053 
5917376 convolutionTexture 1 1428 50 1.130000 2.157000  0.000041 0.000032 0.000092 0.000210 0.000098 0.000052 
5917440 convolutionTexture 1 1428 50 1.130000 0.769000  0.000036 0.000031 0.000087 0.000175 0.000090 0.000049 
5917440 convolutionTexture 1 1428 50 1.130000 1.232000  0.000044 0.000033 0.000094 0.000220 0.000103 0.000053 
5917440 convolutionTexture 1 1428 51 1.130000 0.846000  0.000035 0.000031 0.000087 0.000167 0.000089 0.000048 
5917504 convolutionTexture 1 1428 51 1.130000 0.923000  0.000702 0.000267 0.000670 0.001543 0.000523 0.000224 
5917504 convolutionTexture 1 1428 51 1.130000 0.769000  0.000037 0.000031 0.000086 0.000188 0.000097 0.000051 
5917568 convolutionTexture 1 1428 52 1.130000 0.847000  0.000043 0.000034 0.000092 0.000227 0.000099 0.000052 
5917568 convolutionTexture 1 1428 52 1.130000 1.619000  0.000039 0.000048 0.000115 0.000266 0.000119 0.000066 
5917568 convolutionTexture 1 1428 51 1.130000 1.543000  0.000036 0.000033 0.058860 0.138394 0.032102 0.013490 
5917632 convolutionTexture 1 1428 51 1.130000 1.928000  0.000048 0.000035 0.000093 0.000205 0.000102 0.000052 
5917632 convolutionTexture 1 1428 51 1.130000 1.542000  0.000037 0.000032 0.000089 0.000177 0.000094 0.000050 
5917632 convolutionTexture 1 1428 51 1.130000 1.543000  0.000035 0.000032 0.000114 0.000229 0.000114 0.000065 
5917696 convolutionTexture 1 1428 51 1.130000 2.466000  0.000042 0.000033 0.000092 0.000206 0.000101 0.000052 
5917696 convolutionTexture 1 1428 51 1.130000 1.543000  0.000043 0.000034 0.000092 0.000190 0.000094 0.000049 
5917760 convolutionTexture 1 1428 51 1.130000 2.160000  0.000255 0.000189 0.000518 0.001169 0.000581 0.000311 
5917760 convolutionTexture 1 1428 50 1.130000 1.542000  0.000037 0.000032 0.000087 0.000171 0.000092 0.000049 
5917760 convolutionTexture 1 1428 50 1.130000 1.619000  0.000045 0.000034 0.000094 0.000208 0.000104 0.000053 
5917824 convolutionTexture 1 1428 51 1.130000 1.928000  0.000039 0.000031 0.000087 0.000195 0.000099 0.000050 
5917824 convolutionTexture 1 1428 51 1.130000 1.543000  0.000034 0.000031 0.000085 0.000184 0.000088 0.000047 
5917824 convolutionTexture 1 1428 51 1.130000 1.543000  0.000045 0.000033 0.000091 0.000204 0.000103 0.000052 
5917888 convolutionTexture 1 1428 50 1.130000 1.620000  0.000037 0.000032 0.000086 0.000171 0.000093 0.000049 
5917888 convolutionTexture 1 1428 50 1.130000 1.543000  0.000035 0.000032 0.000086 0.000166 0.000091 0.000049 
5917888 convolutionTexture 1 1428 50 1.130000 2.082000  0.000036 0.000031 0.000086 0.000171 0.000092 0.000048 
5917952 convolutionTexture 1 1428 50 1.130000 1.542000  0.000038 0.000031 0.000084 0.000187 0.000087 0.000047 
5917952 convolutionTexture 1 1428 50 1.130000 1.619000  0.000034 0.000031 0.000085 0.000166 0.000090 0.000048 
5917952 convolutionTexture 1 1428 50 1.130000 1.543000  0.000036 0.000031 0.000085 0.000168 0.000091 0.000048 
5918016 convolutionTexture 1 1428 50 1.130000 1.543000  0.000045 0.000033 0.000090 0.000201 0.000101 0.000052 
5918016 convolutionTexture 1 1428 50 1.130000 2.390000  0.000036 0.000031 0.000085 0.000168 0.000091 0.000048 
5918080 convolutionTexture 1 1428 50 1.130000 1.543000  0.000033 0.000029 0.000081 0.000158 0.000083 0.000045 
5918080 convolutionTexture 1 1428 50 1.130000 1.696000  0.000045 0.000033 0.000090 0.000198 0.000099 0.000051 
5918080 convolutionTexture 1 1428 50 1.130000 1.543000  0.000035 0.000029 0.000081 0.000181 0.000084 0.000045 
5918144 convolutionTexture 1 1428 50 1.130000 2.079000  0.000040 0.000032 0.000089 0.000189 0.000095 0.000049 
5918144 convolutionTexture 1 1428 50 1.130000 1.542000  0.000040 0.000032 0.000088 0.000190 0.000096 0.000050 
5918144 convolutionTexture 1 1428 50 1.130000 1.542000  0.000037 0.000030 0.000087 0.000184 0.000094 0.000049 
5918208 convolutionTexture 1 1428 50 1.130000 2.388000  0.000028 0.000022 0.000063 0.000141 0.000071 0.000036 
5918208 convolutionTexture 1 1428 50 1.130000 1.543000  0.000049 0.000030 0.000083 0.000194 0.000088 0.000046 
5918208 convolutionTexture 1 1428 50 1.130000 2.234000  0.000043 0.000031 0.000088 0.000200 0.000099 0.000050 
5918272 convolutionTexture 1 1428 50 1.130000 1.928000  0.000034 0.000030 0.000082 0.000175 0.000088 0.000046 
5918272 convolutionTexture 1 1428 50 1.130000 1.697000  0.000039 0.000032 0.000087 0.000190 0.000095 0.000049 
5918272 convolutionTexture 1 1428 50 1.130000 2.311000  0.000040 0.000031 0.000087 0.000206 0.000095 0.000048 
5918336 convolutionTexture 1 1428 50 1.130000 1.542000  0.000034 0.000029 0.000080 0.000178 0.000083 0.000045 
5918336 convolutionTexture 1 1428 50 1.130000 2.158000  0.000043 0.000032 0.000086 0.000185 0.000092 0.000048 
5918336 convolutionTexture 1 1428 50 1.130000 2.160000  0.000045 0.000033 0.000087 0.000198 0.000099 0.000050 
5918400 convolutionTexture 1 1428 50 1.130000 1.543000  0.000039 0.000031 0.000084 0.000180 0.000091 0.000047 
5918400 convolutionTexture 1 1428 50 1.130000 2.388000  0.000041 0.000031 0.000084 0.000190 0.000095 0.000049 
5918400 convolutionTexture 1 1428 50 1.130000 1.543000  0.000031 0.000028 0.000078 0.000153 0.000080 0.000043 
5918464 convolutionTexture 1 1428 50 1.130000 2.083000  0.000033 0.000030 0.000081 0.000157 0.000086 0.000046 
5918464 convolutionTexture 1 1428 50 1.130000 1.543000  0.000045 0.000032 0.000086 0.000194 0.000097 0.000049 
5918528 convolutionTexture 1 1428 50 1.130000 1.543000  0.000039 0.000030 0.000083 0.000177 0.000090 0.000047 
5918528 convolutionTexture 1 1428 50 1.130000 1.542000  0.000040 0.000031 0.000084 0.000184 0.000092 0.000048 
5918528 convolutionTexture 1 1428 50 1.130000 1.542000  0.000031 0.000028 0.000077 0.000149 0.000079 0.000043 
5918592 convolutionTexture 1 1428 50 1.130000 2.311000  0.000024 0.000022 0.000059 0.000117 0.000063 0.000033 
5918592 convolutionTexture 1 1428 50 1.130000 1.620000  0.000033 0.000028 0.000076 0.000152 0.000079 0.000042 
5918592 convolutionTexture 1 1428 50 1.130000 1.541000  0.000040 0.000031 0.000084 0.000189 0.000093 0.000048 
5918656 convolutionTexture 1 1428 50 1.130000 1.543000  0.000033 0.000029 0.000079 0.000162 0.000085 0.000045 
5918656 convolutionTexture 1 1428 50 1.130000 1.619000  0.000035 0.000029 0.000082 0.000183 0.000092 0.000047 
5918656 convolutionTexture 1 1428 50 1.130000 2.234000  0.000036 0.000030 0.000082 0.000176 0.000090 0.000046 
5918720 convolutionTexture 1 1428 50 1.130000 1.543000  0.000031 0.000028 0.000079 0.000177 0.000081 0.000043 
5918720 convolutionTexture 1 1428 50 1.130000 2.157000  0.000039 0.000030 0.000081 0.000176 0.000089 0.000046 
5918720 convolutionTexture 1 1428 50 1.130000 1.542000  0.000034 0.000029 0.000081 0.000179 0.000088 0.000045 
5918784 convolutionTexture 1 1428 50 1.130000 1.543000  0.000035 0.000029 0.000082 0.000182 0.000092 0.000047 
5918784 convolutionTexture 1 1428 50 1.130000 2.313000  0.000033 0.000028 0.000078 0.000154 0.000083 0.000044 
5918784 convolutionTexture 1 1428 50 1.130000 1.774000  0.000031 0.000028 0.000076 0.000170 0.000080 0.000043 
5918848 convolutionTexture 1 1428 50 1.130000 2.158000  0.000041 0.000030 0.000081 0.000171 0.000086 0.000045 
5918848 convolutionTexture 1 1428 50 1.130000 1.542000  0.000032 0.000028 0.000077 0.000156 0.000082 0.000043 
5918848 convolutionTexture 1 1428 50 1.130000 1.773000  0.000038 0.000030 0.000083 0.000187 0.000093 0.000047 
5918912 convolutionTexture 1 1428 50 1.130000 2.465000  0.000033 0.000028 0.000077 0.000151 0.000082 0.000043 
5918912 convolutionTexture 1 1428 50 1.130000 1.696000  0.000030 0.000027 0.000074 0.000145 0.000076 0.000041 
5918976 convolutionTexture 1 1428 50 1.130000 2.235000  0.000035 0.000029 0.000081 0.000174 0.000089 0.000045 
5918976 convolutionTexture 1 1428 50 1.130000 1.542000  0.000032 0.000028 0.000076 0.000156 0.000080 0.000043 
5918976 convolutionTexture 1 1428 50 1.130000 1.850000  0.000041 0.000030 0.000081 0.000184 0.000090 0.000046 
5919040 convolutionTexture 1 1428 50 1.130000 2.390000  0.000032 0.000028 0.000076 0.000150 0.000080 0.000043 
5919040 convolutionTexture 1 1428 50 1.130000 1.696000  0.000030 0.000026 0.000073 0.000143 0.000076 0.000041 
5919040 convolutionTexture 1 1428 50 1.130000 2.082000  0.000038 0.000029 0.000079 0.000173 0.000087 0.000045 
5919104 convolutionTexture 1 1428 50 1.130000 1.696000  0.000041 0.000027 0.000076 0.000166 0.000078 0.000042 
5919104 convolutionTexture 1 1428 50 1.130000 1.928000  0.000040 0.000029 0.000079 0.000172 0.000087 0.000045 
5919104 convolutionTexture 1 1428 50 1.130000 1.697000  0.321650 0.074756 0.158825 0.321756 0.084654 0.036060 
5919168 convolutionTexture 1 1428 50 1.130000 1.697000  0.000036 0.000029 0.000079 0.000177 0.000089 0.000045 
5919168 convolutionTexture 1 1428 50 1.130000 2.467000  0.000034 0.000028 0.000077 0.000171 0.000086 0.000045 
5919168 convolutionTexture 1 1428 50 1.130000 1.696000  0.000034 0.000027 0.000073 0.000167 0.000076 0.000041 
5919232 convolutionTexture 1 1428 50 1.130000 1.850000  0.000039 0.000029 0.000079 0.000174 0.000087 0.000045 
5919232 convolutionTexture 1 1428 50 1.130000 1.696000  0.000032 0.000027 0.000075 0.000148 0.000080 0.000042 
5919232 convolutionTexture 1 1428 50 1.130000 1.696000  0.000030 0.000027 0.000074 0.000145 0.000079 0.000042 
5919296 convolutionTexture 1 1428 50 1.130000 2.466000  0.000035 0.000029 0.000077 0.000170 0.000085 0.000043 
5919296 convolutionTexture 1 1428 50 1.130000 1.774000  0.000028 0.000025 0.000071 0.000137 0.000073 0.000039 
5919360 convolutionTexture 1 1428 50 1.130000 2.314000  0.000026 0.000021 0.000058 0.000117 0.000062 0.000032 
5919360 convolutionTexture 1 1428 50 1.130000 1.696000  0.000036 0.000028 0.000077 0.000171 0.000086 0.000044 
5919360 convolutionTexture 1 1428 50 1.130000 2.082000  0.000036 0.000028 0.000078 0.000175 0.000087 0.000044 
5919424 convolutionTexture 1 1428 50 1.130000 2.235000  0.000034 0.000027 0.000075 0.000161 0.000082 0.000042 
5919424 convolutionTexture 1 1428 50 1.130000 1.696000  0.000042 0.000029 0.000079 0.000186 0.000087 0.000045 
5919424 convolutionTexture 1 1428 50 1.130000 2.234000  0.000033 0.000027 0.000075 0.000163 0.000082 0.000043 
5919488 convolutionTexture 1 1428 50 1.130000 1.697000  0.000028 0.000026 0.000073 0.000159 0.000074 0.000040 
5919488 convolutionTexture 1 1428 50 1.130000 2.078000  0.000035 0.000027 0.000077 0.000169 0.000083 0.000043 
5919488 convolutionTexture 1 1428 50 1.130000 1.696000  0.011235 0.002871 0.006111 0.011334 0.003274 0.001485 
5919552 convolutionTexture 1 1428 50 1.130000 1.697000  0.000038 0.000028 0.000077 0.000172 0.000086 0.000044 
5919552 convolutionTexture 1 1428 50 1.130000 2.388000  0.000030 0.000026 0.000073 0.000143 0.000077 0.000041 
5919552 convolutionTexture 1 1428 50 1.130000 1.696000  0.000041 0.000026 0.000072 0.000162 0.000075 0.000040 
5919616 convolutionTexture 1 1428 50 1.130000 2.081000  0.000029 0.000026 0.000072 0.000141 0.000077 0.000040 
5919616 convolutionTexture 1 1428 50 1.130000 1.773000  0.000032 0.000026 0.000072 0.000152 0.000077 0.000040 
5919616 convolutionTexture 1 1428 50 1.130000 1.851000  0.000037 0.000028 0.000076 0.000169 0.000082 0.000043 
5919680 convolutionTexture 1 1428 50 1.130000 2.314000  0.000032 0.000026 0.000075 0.000169 0.000084 0.000043 
5919680 convolutionTexture 1 1428 50 1.130000 1.697000  0.000035 0.000027 0.000073 0.000148 0.000074 0.000039 
5919680 convolutionTexture 1 1428 50 1.130000 2.082000  0.000030 0.000026 0.000071 0.000142 0.000076 0.000040 
5919744 convolutionTexture 1 1428 50 1.130000 1.697000  0.000038 0.000026 0.000071 0.000177 0.000075 0.000040 
5919744 convolutionTexture 1 1428 50 1.130000 1.696000  0.000037 0.000027 0.000075 0.000171 0.000085 0.000043 
5919808 convolutionTexture 1 1428 50 1.130000 1.696000  0.000037 0.000027 0.000075 0.000166 0.000082 0.000042 
5919808 convolutionTexture 1 1428 50 1.130000 1.697000  0.000035 0.000027 0.000074 0.000167 0.000083 0.000043 
5919808 convolutionTexture 1 1428 50 1.130000 2.388000  0.000029 0.000026 0.000071 0.000141 0.000075 0.000040 
5919872 convolutionTexture 1 1428 50 1.130000 1.851000  0.000030 0.000025 0.000069 0.000155 0.000072 0.000039 
5919872 convolutionTexture 1 1428 50 1.130000 2.082000  0.000038 0.000028 0.000075 0.000169 0.000082 0.000042 
5919872 convolutionTexture 1 1428 50 1.130000 1.851000  0.000035 0.000027 0.000076 0.000178 0.000084 0.000043 
5919936 convolutionTexture 1 1428 50 1.130000 1.697000  0.000034 0.000027 0.000074 0.000162 0.000081 0.000042 
5919936 convolutionTexture 1 1428 50 1.130000 2.236000  0.000030 0.000026 0.000070 0.000140 0.000075 0.000039 
5919936 convolutionTexture 1 1428 50 1.130000 1.696000  0.000028 0.000024 0.000067 0.000135 0.000070 0.000037 
5920000 convolutionTexture 1 1428 50 1.130000 1.928000  0.000031 0.000026 0.000073 0.000165 0.000081 0.000042 
5920000 convolutionTexture 1 1428 50 1.130000 1.774000  0.000034 0.000026 0.000072 0.000154 0.000078 0.000040 
5920000 convolutionTexture 1 1428 50 1.130000 2.083000  0.000032 0.000026 0.000073 0.000164 0.000081 0.000042 
5920064 convolutionTexture 1 1428 50 1.130000 2.699000  0.000032 0.000025 0.000071 0.000151 0.000076 0.000040 
5920064 convolutionTexture 1 1428 50 1.130000 1.697000  0.000033 0.000027 0.000073 0.000155 0.000077 0.000040 
5920064 convolutionTexture 1 1428 50 1.130000 2.000000  0.000201 0.000153 0.000415 0.001016 0.000403 0.000183 
5920128 convolutionTexture 1 1428 50 1.130000 1.696000  0.000036 0.000025 0.000069 0.000161 0.000074 0.000039 
5920128 convolutionTexture 1 1428 50 1.130000 1.697000  0.000036 0.000027 0.000073 0.000160 0.000081 0.000042 
5920192 convolutionTexture 1 1428 50 1.130000 2.775000  0.000035 0.000026 0.000071 0.000215 0.000085 0.000043 
5920192 convolutionTexture 1 1428 50 1.130000 1.697000  0.000030 0.000024 0.000067 0.000147 0.000070 0.000037 
5920192 convolutionTexture 1 1428 50 1.130000 2.159000  0.000031 0.000025 0.000072 0.000161 0.000080 0.000041 
5920256 convolutionTexture 1 1428 50 1.130000 1.696000  0.000029 0.000025 0.000069 0.000146 0.000075 0.000039 
5920256 convolutionTexture 1 1428 50 1.130000 1.851000  0.000033 0.000028 0.000076 0.000178 0.000084 0.000043 
5920256 convolutionTexture 1 1428 50 1.130000 2.310000  0.000029 0.000025 0.000088 0.000192 0.000088 0.000050 
5920320 convolutionTexture 1 1428 50 1.130000 1.697000  0.000039 0.000024 0.000068 0.000156 0.000071 0.000038 
5920320 convolutionTexture 1 1428 50 1.130000 2.233000  0.000029 0.000025 0.000068 0.000140 0.000073 0.000038 
5920320 convolutionTexture 1 1428 50 1.130000 1.697000  0.000027 0.000025 0.000068 0.000135 0.000071 0.000038 
5920384 convolutionTexture 1 1428 50 1.130000 1.697000  0.000028 0.000025 0.000068 0.000134 0.000072 0.000038 
5920384 convolutionTexture 1 1428 50 1.130000 2.234000  0.000035 0.000026 0.000072 0.000166 0.000081 0.000041 
5920384 convolutionTexture 1 1428 50 1.130000 1.774000  0.000026 0.000023 0.000065 0.000127 0.000067 0.000036 
5920448 convolutionTexture 1 1428 50 1.130000 2.236000  0.000036 0.000027 0.000075 0.000170 0.000080 0.000040 
5920448 convolutionTexture 1 1428 50 1.130000 1.850000  0.000031 0.000025 0.000067 0.000141 0.000089 0.000044 
5920448 convolutionTexture 1 1428 50 1.130000 1.696000  0.000028 0.000025 0.000087 0.000180 0.000087 0.000049 
5920512 convolutionTexture 1 1428 50 1.130000 2.083000  0.000029 0.000025 0.000067 0.000132 0.000071 0.000038 
5920512 convolutionTexture 1 1428 50 1.130000 1.698000  0.000028 0.000023 0.000064 0.000127 0.000067 0.000036 
5920576 convolutionTexture 1 1428 50 1.130000 2.160000  0.000036 0.000026 0.000072 0.000162 0.000080 0.000041 
5920576 convolutionTexture 1 1428 50 1.130000 1.697000  0.000028 0.000024 0.000067 0.000134 0.000070 0.000037 
5920576 convolutionTexture 1 1428 50 1.130000 1.696000  0.000034 0.000026 0.000070 0.000151 0.000075 0.000039 
5920640 convolutionTexture 1 1428 50 1.130000 2.237000  0.000033 0.000029 0.000076 0.000226 0.000086 0.000041 
5920640 convolutionTexture 1 1428 50 1.130000 1.697000  0.000036 0.000027 0.000073 0.000168 0.000080 0.000041 
5920640 convolutionTexture 1 1428 50 1.130000 2.159000  0.000030 0.000024 0.000068 0.000151 0.000076 0.000040 
5920704 convolutionTexture 1 1428 50 1.130000 1.695000  0.000027 0.000024 0.000066 0.000151 0.000068 0.000036 
5920704 convolutionTexture 1 1428 50 1.130000 1.697000  0.000031 0.000025 0.000069 0.000154 0.000077 0.000040 
5920704 convolutionTexture 1 1428 50 1.130000 1.774000  0.000033 0.000025 0.000069 0.000158 0.000077 0.000040 
5920768 convolutionTexture 1 1428 50 1.130000 1.696000  0.000032 0.000025 0.000068 0.000152 0.000076 0.000039 
5920768 convolutionTexture 1 1428 50 1.130000 2.313000  0.000029 0.000024 0.000066 0.000135 0.000077 0.000039 
5920768 convolutionTexture 1 1428 50 1.130000 1.697000  0.000026 0.000023 0.000066 0.000143 0.000067 0.000036 
5920832 convolutionTexture 1 1428 50 1.130000 1.928000  0.000030 0.000024 0.000067 0.000147 0.000074 0.000038 
5920832 convolutionTexture 1 1428 50 1.130000 1.851000  0.000027 0.000024 0.000065 0.000135 0.000070 0.000037 
5920832 convolutionTexture 1 1428 51 1.130000 1.929000  0.000032 0.000024 0.000066 0.000139 0.000070 0.000049 
5920896 convolutionTexture 1 1428 51 1.130000 2.620000  0.000032 0.000025 0.000068 0.000153 0.000074 0.000038 
5920896 convolutionTexture 1 1428 51 1.130000 1.850000  0.000026 0.000022 0.000063 0.000123 0.000064 0.000035 
