#Timestamp	Benchmark	Run(#)	CPU Frequency (MHz)	CPU Temperature(C)	CPU Voltage(V)	CPU Power(W)	CPU_CYCLES	L1_DATA_CACHE_ACCESS	INSTRUCTIONS_RETIRED	BUS_CYCLES	L1I_CACHE_ACCESS	PREDICTABLE_BRANCH_SPECULATIVELY_EXECUTED
2648448 radixSortThrust 1 204 40 0.842000 0.462000  0.000007 0.000006 0.000019 0.000039 0.000024 0.000012 
2648512 radixSortThrust 1 204 39 0.842000 0.540000  0.000026 0.000023 0.000066 0.000132 0.000068 0.000036 
2648512 radixSortThrust 1 204 39 0.842000 0.462000  0.000027 0.000023 0.000065 0.000127 0.000067 0.000037 
2648576 radixSortThrust 1 204 39 0.842000 0.385000  0.000027 0.000020 0.000051 0.000108 0.000054 0.000027 
2648576 radixSortThrust 1 204 39 0.842000 0.463000  0.000032 0.000026 0.000073 0.000146 0.000077 0.000040 
2648640 radixSortThrust 1 204 39 0.842000 0.463000  0.000027 0.000025 0.000068 0.000138 0.000089 0.000044 
2648640 radixSortThrust 1 204 39 0.842000 0.463000  0.000026 0.000023 0.000065 0.000124 0.000066 0.000037 
2648704 radixSortThrust 1 204 39 0.842000 0.463000  0.000018 0.000017 0.000046 0.000095 0.000052 0.000026 
2648704 radixSortThrust 1 204 39 0.842000 0.385000  0.000017 0.000016 0.000043 0.000082 0.000045 0.000024 
2648768 radixSortThrust 1 204 38 0.842000 0.462000  0.000041 0.000023 0.000068 0.000130 0.000072 0.000035 
2648768 radixSortThrust 1 204 38 0.842000 0.462000  0.000210 0.000196 0.000550 0.001029 0.000563 0.000312 
2648832 radixSortThrust 1 204 38 0.842000 0.462000  0.000209 0.000195 0.000547 0.001023 0.000558 0.000303 
2648832 radixSortThrust 1 204 38 0.842000 0.539000  0.000225 0.000206 0.000564 0.001089 0.000596 0.000349 
2648896 radixSortThrust 1 204 38 0.842000 0.462000  0.000207 0.000193 0.000539 0.001011 0.000551 0.000299 
2648896 radixSortThrust 1 204 38 0.842000 0.462000  0.000204 0.000191 0.000536 0.000999 0.000543 0.000297 
2648960 radixSortThrust 1 204 38 0.842000 0.385000  0.000220 0.000202 0.000553 0.001416 0.000711 0.000358 
2648960 radixSortThrust 1 204 38 0.842000 0.463000  0.000203 0.000187 0.000526 0.001007 0.000539 0.000291 
2648960 radixSortThrust 1 204 38 0.842000 0.385000  0.000203 0.000186 0.000530 0.001055 0.000564 0.000300 
2649024 radixSortThrust 1 204 38 0.842000 0.385000  0.000024 0.000023 0.000063 0.000119 0.000065 0.000035 
2649024 radixSortThrust 1 204 38 0.842000 0.462000  0.000030 0.000025 0.000071 0.000144 0.000072 0.000038 
2649088 radixSortThrust 1 204 38 0.842000 0.386000  0.000029 0.000026 0.000071 0.000147 0.000079 0.000040 
2649088 radixSortThrust 1 204 37 0.842000 0.462000  0.000029 0.000024 0.000068 0.000138 0.000073 0.000038 
2649152 radixSortThrust 1 204 37 0.842000 0.462000  0.000026 0.000037 0.000088 0.000176 0.000099 0.000049 
2649152 radixSortThrust 1 204 37 0.842000 0.462000  0.000025 0.000023 0.000063 0.000119 0.000065 0.000035 
2649216 radixSortThrust 1 204 38 0.842000 0.462000  0.000025 0.000025 0.000067 0.000132 0.000070 0.000037 
2649216 radixSortThrust 1 204 37 0.842000 0.385000  0.000025 0.000023 0.000063 0.000117 0.000064 0.000035 
2649280 radixSortThrust 1 204 37 0.842000 0.386000  0.000015 0.000014 0.000040 0.000076 0.000042 0.000022 
2649280 radixSortThrust 1 204 37 0.842000 0.462000  0.000032 0.000025 0.000068 0.000139 0.000075 0.000038 
2649344 radixSortThrust 1 204 37 0.842000 0.539000  0.000024 0.000022 0.000062 0.000118 0.000064 0.000034 
2649344 radixSortThrust 1 204 37 0.842000 0.462000  0.000028 0.000028 0.000073 0.000145 0.000075 0.000038 
2649408 radixSortThrust 1 204 37 0.842000 0.308000  0.000024 0.000022 0.000070 0.000220 0.000098 0.000048 
2649408 radixSortThrust 1 204 37 0.842000 0.539000  0.000024 0.000022 0.000063 0.000127 0.000067 0.000035 
2649472 radixSortThrust 1 204 37 0.842000 0.386000  0.000190 0.000173 0.000478 0.000902 0.000507 0.000267 
2649472 radixSortThrust 1 204 37 0.842000 0.540000  0.000027 0.000024 0.000066 0.000134 0.000068 0.000036 
2649536 radixSortThrust 1 204 37 0.842000 0.539000  0.000016 0.000015 0.000042 0.000080 0.000043 0.000023 
2649600 radixSortThrust 1 204 37 0.842000 0.539000  0.000030 0.000024 0.000067 0.000142 0.000078 0.000039 
2649600 radixSortThrust 1 204 37 0.842000 0.308000  0.000016 0.000015 0.000046 0.000090 0.000046 0.000024 
2649664 radixSortThrust 1 204 37 0.842000 0.463000  0.000026 0.000025 0.000067 0.000138 0.000072 0.000037 
2649664 radixSortThrust 1 204 37 0.842000 0.385000  0.000016 0.000015 0.000041 0.000080 0.000043 0.000023 
2649728 radixSortThrust 1 204 37 0.842000 0.463000  0.000017 0.000021 0.000060 0.000127 0.000068 0.000033 
2649728 radixSortThrust 1 204 37 0.842000 0.463000  0.000027 0.000023 0.000065 0.000134 0.000068 0.000036 
2649792 radixSortThrust 1 204 37 0.842000 0.385000  0.000052 0.000025 0.000067 0.000144 0.000069 0.000035 
2649856 radixSortThrust 1 204 37 0.842000 0.462000  0.019842 0.011804 0.021710 0.019907 0.009220 0.004308 
2649856 radixSortThrust 1 204 37 0.842000 0.385000  0.000016 0.000015 0.000041 0.000078 0.000044 0.000023 
2649920 radixSortThrust 1 204 37 0.842000 0.462000  0.000029 0.000023 0.000063 0.000129 0.000067 0.000036 
2649920 radixSortThrust 1 204 37 0.842000 0.386000  0.000028 0.000034 0.000083 0.000196 0.000095 0.000052 
2649984 radixSortThrust 1 204 37 0.842000 0.462000  0.000024 0.000022 0.000061 0.000124 0.000064 0.000034 
2649984 radixSortThrust 1 204 37 0.842000 0.539000  0.000025 0.000034 0.000085 0.000212 0.000098 0.000047 
2650048 radixSortThrust 1 204 37 0.842000 0.385000  0.000023 0.000022 0.000061 0.000115 0.000063 0.000034 
2650048 radixSortThrust 1 204 37 0.842000 0.463000  0.000060 0.000044 0.000100 0.000245 0.000111 0.000053 
2650112 radixSortThrust 1 204 37 0.842000 0.385000  0.000015 0.000014 0.000040 0.000075 0.000041 0.000022 
2650112 radixSortThrust 1 204 37 0.842000 0.385000  0.000016 0.000015 0.000041 0.000080 0.000044 0.000023 
2650176 radixSortThrust 1 204 37 0.842000 0.463000  0.000024 0.000022 0.000060 0.000115 0.000062 0.000034 
2650176 radixSortThrust 1 204 37 0.842000 0.463000  0.000026 0.000023 0.000065 0.000129 0.000070 0.000037 
2650240 radixSortThrust 1 204 36 0.842000 0.462000  0.000023 0.000022 0.000060 0.000113 0.000061 0.000033 
2650240 radixSortThrust 1 204 36 0.842000 0.462000  0.000030 0.000024 0.000066 0.000136 0.000072 0.000037 
2650304 radixSortThrust 1 204 36 0.842000 0.385000  0.000023 0.000021 0.000060 0.000115 0.000061 0.000033 
2650304 radixSortThrust 1 204 36 0.842000 0.386000  0.000025 0.000033 0.000081 0.000194 0.000093 0.000051 
2650368 radixSortThrust 1 204 37 0.842000 0.540000  0.000023 0.000021 0.000060 0.000111 0.000061 0.000033 
2650368 radixSortThrust 1 204 37 0.842000 0.385000  0.000025 0.000023 0.000081 0.000161 0.000097 0.000047 
2650432 radixSortThrust 1 204 37 0.842000 0.462000  0.000023 0.000021 0.000060 0.000112 0.000061 0.000033 
2650432 radixSortThrust 1 204 37 0.842000 0.462000  0.000027 0.000023 0.000064 0.000137 0.000071 0.000037 
2650496 radixSortThrust 1 204 37 0.842000 0.385000  0.000038 0.000023 0.000063 0.000128 0.000064 0.000034 
2650496 radixSortThrust 1 204 37 0.842000 0.462000  0.000026 0.000027 0.000069 0.000146 0.000072 0.000037 
2650560 radixSortThrust 1 204 37 0.842000 0.385000  0.000028 0.000025 0.000066 0.000170 0.000083 0.000048 
2650560 radixSortThrust 1 204 37 0.842000 0.463000  0.000018 0.000015 0.000040 0.000078 0.000042 0.000022 
2650624 radixSortThrust 1 204 37 0.842000 0.385000  0.000018 0.000016 0.000045 0.000093 0.000050 0.000026 
2650624 radixSortThrust 1 204 36 0.842000 0.386000  0.000605 0.000192 0.000377 0.000707 0.000275 0.000116 
2650688 radixSortThrust 1 204 36 0.842000 0.386000  0.000032 0.000024 0.000064 0.000129 0.000067 0.000035 
2650688 radixSortThrust 1 204 36 0.842000 0.462000  0.000027 0.000022 0.000062 0.000144 0.000071 0.000037 
2650752 radixSortThrust 1 204 36 0.842000 0.462000  0.000189 0.000059 0.000149 0.000388 0.000149 0.000068 
2650752 radixSortThrust 1 204 36 0.842000 0.462000  0.000024 0.000022 0.000061 0.000120 0.000064 0.000034 
2650816 radixSortThrust 1 204 37 0.842000 0.539000  0.000041 0.000026 0.000068 0.000148 0.000074 0.000038 
2650816 radixSortThrust 1 204 36 0.842000 0.462000  0.000036 0.000025 0.000069 0.000144 0.000072 0.000037 
2650880 radixSortThrust 1 204 37 0.842000 0.539000  0.000023 0.000021 0.000059 0.000110 0.000061 0.000033 
2650944 radixSortThrust 1 204 36 0.842000 0.462000  0.025558 0.009392 0.018784 0.025633 0.010009 0.004197 
2650944 radixSortThrust 1 204 36 0.842000 0.463000  0.000020 0.000015 0.000044 0.000091 0.000046 0.000023 
2650944 radixSortThrust 1 204 36 0.842000 0.463000  0.000016 0.000014 0.000038 0.000074 0.000042 0.000022 
2651008 radixSortThrust 1 204 37 0.842000 0.385000  0.000019 0.000018 0.000047 0.000126 0.000057 0.000027 
2651008 radixSortThrust 1 204 36 0.842000 0.462000  0.000024 0.000021 0.000061 0.000123 0.000063 0.000033 
2651072 radixSortThrust 1 204 36 0.842000 0.540000  0.000024 0.000022 0.000061 0.000123 0.000078 0.000038 
2651072 radixSortThrust 1 204 36 0.842000 0.462000  0.000019 0.000015 0.000042 0.000089 0.000047 0.000024 
2651136 radixSortThrust 1 204 36 0.842000 0.463000  0.000022 0.000021 0.000059 0.000110 0.000061 0.000033 
2651136 radixSortThrust 1 204 36 0.842000 0.462000  0.000028 0.000022 0.000608 0.001411 0.000471 0.000181 
2651200 radixSortThrust 1 204 36 0.842000 0.386000  0.000021 0.000016 0.000043 0.000092 0.000048 0.000024 
2651200 radixSortThrust 1 204 36 0.842000 0.462000  0.000023 0.000023 0.000061 0.000119 0.000062 0.000033 
2651264 radixSortThrust 1 204 36 0.842000 0.462000  0.000727 0.000220 0.000410 0.000832 0.000312 0.000129 
2651264 radixSortThrust 1 204 36 0.842000 0.463000  0.000023 0.000021 0.000058 0.000112 0.000061 0.000032 
2651328 radixSortThrust 1 204 36 0.842000 0.385000  0.000031 0.000025 0.000066 0.000142 0.000074 0.000037 
2651328 radixSortThrust 1 204 36 0.842000 0.462000  0.000027 0.000021 0.000059 0.000112 0.000060 0.000032 
2651392 radixSortThrust 1 204 36 0.842000 0.386000  0.000028 0.000023 0.000066 0.000131 0.000065 0.000034 
2651392 radixSortThrust 1 204 36 0.842000 0.385000  0.000027 0.000022 0.000061 0.000128 0.000070 0.000036 
2651456 radixSortThrust 1 204 36 0.842000 0.462000  0.000026 0.000022 0.000062 0.000121 0.000062 0.000033 
2651456 radixSortThrust 1 204 36 0.842000 0.463000  0.000018 0.000017 0.000044 0.000098 0.000049 0.000025 
2651520 radixSortThrust 1 204 36 0.842000 0.539000  0.000035 0.000023 0.000064 0.000143 0.000071 0.000036 
2651520 radixSortThrust 1 204 36 0.842000 0.385000  0.000016 0.000014 0.000039 0.000084 0.000045 0.000023 
2651584 radixSortThrust 1 204 36 0.842000 0.463000  0.000023 0.000022 0.000062 0.000130 0.000067 0.000035 
2651584 radixSortThrust 1 204 36 0.842000 0.385000  0.000023 0.000021 0.000058 0.000119 0.000063 0.000033 
2651648 radixSortThrust 1 204 36 0.842000 0.462000  0.000026 0.000021 0.000063 0.000134 0.000067 0.000034 
2651712 radixSortThrust 1 204 36 0.842000 0.463000  0.000024 0.000022 0.000078 0.000151 0.000090 0.000044 
2651712 radixSortThrust 1 204 36 0.842000 0.463000  0.000026 0.000022 0.000061 0.000122 0.000063 0.000034 
2651712 radixSortThrust 1 204 36 0.842000 0.462000  0.000026 0.000022 0.000062 0.000124 0.000068 0.000035 
2651776 radixSortThrust 1 204 36 0.842000 0.462000  0.008149 0.002974 0.006366 0.008166 0.003246 0.001477 
2651776 radixSortThrust 1 204 36 0.842000 0.463000  0.000016 0.000015 0.000041 0.000086 0.000045 0.000023 
2651840 radixSortThrust 1 204 36 0.842000 0.385000  0.000015 0.000014 0.000039 0.000073 0.000042 0.000022 
2651840 radixSortThrust 1 204 36 0.842000 0.463000  0.000028 0.000023 0.000065 0.000134 0.000066 0.000035 
2651904 radixSortThrust 1 204 36 0.842000 0.463000  0.000027 0.000022 0.000061 0.000123 0.000068 0.000035 
2651904 radixSortThrust 1 204 36 0.842000 0.462000  0.000025 0.000021 0.000058 0.000117 0.000063 0.000034 
2651968 radixSortThrust 1 204 36 0.842000 0.462000  0.000029 0.000024 0.000066 0.000136 0.000074 0.000037 
2651968 radixSortThrust 1 204 36 0.842000 0.386000  0.000022 0.000020 0.000057 0.000108 0.000059 0.000032 
2652032 radixSortThrust 1 204 36 0.842000 0.462000  0.000029 0.000034 0.000080 0.000173 0.000097 0.000046 
2652032 radixSortThrust 1 204 36 0.842000 0.386000  0.000022 0.000021 0.000059 0.000118 0.000062 0.000032 
2652096 radixSortThrust 1 204 36 0.842000 0.462000  0.000028 0.000023 0.000064 0.000135 0.000071 0.000036 
2652096 radixSortThrust 1 204 36 0.842000 0.463000  0.000022 0.000020 0.000057 0.000107 0.000058 0.000032 
2652160 radixSortThrust 1 204 36 0.842000 0.386000  0.000022 0.000021 0.000058 0.000114 0.000060 0.000032 
2652160 radixSortThrust 1 204 36 0.842000 0.462000  0.000029 0.000023 0.000063 0.000129 0.000069 0.000035 
2652224 radixSortThrust 1 204 36 0.842000 0.462000  0.016250 0.004784 0.010007 0.016307 0.005719 0.002425 
2652224 radixSortThrust 1 204 36 0.842000 0.385000  0.000034 0.000024 0.000064 0.000128 0.000067 0.000034 
2652288 radixSortThrust 1 204 36 0.842000 0.463000  0.000015 0.000014 0.000041 0.000102 0.000055 0.000028 
2652288 radixSortThrust 1 204 36 0.842000 0.462000  0.000027 0.000023 0.000066 0.000135 0.000070 0.000035 
2652352 radixSortThrust 1 204 36 0.842000 0.462000  0.000026 0.000021 0.000059 0.000123 0.000064 0.000034 
2652416 radixSortThrust 1 204 36 0.842000 0.385000  0.019881 0.006078 0.012743 0.019968 0.007181 0.000000 
2652416 radixSortThrust 1 204 36 0.842000 0.463000  0.000026 0.000023 0.000063 0.000140 0.000068 0.000035 
2652480 radixSortThrust 1 204 36 0.842000 0.462000  0.000028 0.000023 0.000065 0.000146 0.000074 0.000037 
2652480 radixSortThrust 1 204 36 0.842000 0.539000  0.000022 0.000020 0.000056 0.000107 0.000059 0.000031 
2652544 radixSortThrust 1 204 36 0.842000 0.462000  0.000015 0.000014 0.000038 0.000074 0.000041 0.000021 
2652544 radixSortThrust 1 204 36 0.842000 0.540000  0.000022 0.000020 0.000056 0.000121 0.000062 0.000033 
2652608 radixSortThrust 1 204 36 0.842000 0.462000  0.000016 0.000014 0.000038 0.000075 0.000041 0.000022 
2652608 radixSortThrust 1 204 36 0.842000 0.463000  0.000022 0.000020 0.000056 0.000107 0.000058 0.000031 
2652672 radixSortThrust 1 204 36 0.842000 0.463000  0.000023 0.000021 0.000058 0.000168 0.000079 0.000039 
2652672 radixSortThrust 1 204 36 0.842000 0.463000  0.000022 0.000020 0.000056 0.000105 0.000057 0.000032 
2652736 radixSortThrust 1 204 36 0.842000 0.463000  0.000018 0.000029 0.000077 0.000164 0.000079 0.000037 
2652736 radixSortThrust 1 204 36 0.842000 0.385000  0.000022 0.000020 0.000056 0.000105 0.000057 0.000031 
2652800 radixSortThrust 1 204 36 0.842000 0.462000  0.000037 0.000022 0.000061 0.000130 0.000064 0.000033 
2652800 radixSortThrust 1 204 36 0.842000 0.385000  0.000023 0.000021 0.000077 0.000158 0.000078 0.000039 
2652864 radixSortThrust 1 204 36 0.842000 0.539000  0.000022 0.000021 0.000058 0.000111 0.000060 0.000032 
2652864 radixSortThrust 1 204 36 0.842000 0.462000  0.000035 0.000022 0.000061 0.000160 0.000076 0.000043 
2652928 radixSortThrust 1 204 36 0.842000 0.462000  0.000022 0.000020 0.000055 0.000104 0.000057 0.000031 
2652928 radixSortThrust 1 204 36 0.842000 0.463000  0.000023 0.000021 0.000058 0.000114 0.000061 0.000033 
2652992 radixSortThrust 1 204 36 0.842000 0.463000  0.008776 0.002439 0.005692 0.007641 0.002966 0.001326 
2652992 radixSortThrust 1 204 36 0.842000 0.385000  0.000023 0.000024 0.000063 0.000131 0.000068 0.000035 
2653056 radixSortThrust 1 204 36 0.842000 0.463000  0.011210 0.003141 0.006561 0.011265 0.003845 0.001600 
2653056 radixSortThrust 1 204 36 0.842000 0.540000  0.000021 0.000020 0.000056 0.000114 0.000060 0.000033 
2653120 radixSortThrust 1 204 36 0.842000 0.463000  0.000026 0.000022 0.000061 0.000127 0.000066 0.000033 
2653120 radixSortThrust 1 204 36 0.842000 0.463000  0.000021 0.000021 0.000058 0.000115 0.000061 0.000032 
2653184 radixSortThrust 1 204 36 0.842000 0.462000  0.000023 0.000031 0.000074 0.000150 0.000090 0.000043 
2653184 radixSortThrust 1 204 36 0.842000 0.463000  0.000031 0.000020 0.000050 0.000113 0.000056 0.000031 
2653248 radixSortThrust 1 204 36 0.842000 0.540000  0.000022 0.000021 0.000474 0.000396 0.000225 0.000099 
2653248 radixSortThrust 1 204 36 0.842000 0.385000  0.000026 0.000021 0.000057 0.000117 0.000063 0.000033 
2653312 radixSortThrust 1 204 36 0.842000 0.462000  0.000026 0.000022 0.000060 0.000121 0.000069 0.000035 
2653312 radixSortThrust 1 204 36 0.842000 0.385000  0.000022 0.000020 0.000055 0.000103 0.000057 0.000032 
2653376 radixSortThrust 1 204 36 0.842000 0.385000  0.000029 0.000022 0.000062 0.000128 0.000064 0.000034 
2653376 radixSortThrust 1 204 36 0.842000 0.385000  0.000028 0.000022 0.000061 0.000136 0.000074 0.000036 
2653440 radixSortThrust 1 204 36 0.842000 0.463000  0.000047 0.000025 0.000066 0.000138 0.000067 0.000034 
2653440 radixSortThrust 1 204 36 0.842000 0.462000  0.004284 0.004193 0.010898 0.025271 0.011984 0.005867 
2653504 radixSortThrust 1 204 36 0.842000 0.462000  0.000021 0.000019 0.000054 0.000103 0.000056 0.000030 
2653504 radixSortThrust 1 204 36 0.842000 0.539000  0.000022 0.000021 0.000057 0.000108 0.000060 0.000032 
2653568 radixSortThrust 1 204 36 0.842000 0.385000  0.000024 0.000021 0.000057 0.000111 0.000058 0.000031 
2653568 radixSortThrust 1 204 36 0.842000 0.462000  0.000024 0.000020 0.000058 0.000116 0.000060 0.000032 
2653632 radixSortThrust 1 204 36 0.842000 0.462000  0.000037 0.000024 0.000062 0.000144 0.000067 0.000034 
2653632 radixSortThrust 1 204 36 0.842000 0.463000  0.000021 0.000020 0.000054 0.000104 0.000056 0.000030 
2653696 radixSortThrust 1 204 36 0.842000 0.462000  0.000023 0.000041 0.000116 0.000206 0.000095 0.000047 
2653696 radixSortThrust 1 204 36 0.842000 0.386000  0.000021 0.000019 0.000054 0.000102 0.000055 0.000030 
2653760 radixSortThrust 1 204 36 0.842000 0.462000  0.000022 0.000021 0.000058 0.000127 0.000064 0.000033 
2653760 radixSortThrust 1 204 36 0.842000 0.385000  0.000034 0.000021 0.000057 0.000115 0.000058 0.000031 
2653824 radixSortThrust 1 204 36 0.842000 0.462000  0.000025 0.000033 0.000079 0.000169 0.000076 0.000037 
2653824 radixSortThrust 1 204 36 0.842000 0.386000  0.000025 0.000036 0.000083 0.000208 0.000093 0.000049 
2653888 radixSortThrust 1 204 36 0.842000 0.463000  0.000022 0.000019 0.000054 0.000102 0.000056 0.000030 
2653888 radixSortThrust 1 204 36 0.842000 0.539000  0.000023 0.000020 0.000056 0.000108 0.000059 0.000031 
2653952 radixSortThrust 1 204 36 0.842000 0.462000  0.000021 0.000019 0.000054 0.000102 0.000058 0.000031 
2653952 radixSortThrust 1 204 36 0.842000 0.462000  0.000024 0.000020 0.000057 0.000112 0.000059 0.000031 
2654016 radixSortThrust 1 204 36 0.842000 0.540000  0.000022 0.000020 0.000072 0.000145 0.000084 0.000041 
2654016 radixSortThrust 1 204 36 0.842000 0.385000  0.000059 0.000027 0.000072 0.000153 0.000069 0.000035 
2654080 radixSortThrust 1 204 36 0.842000 0.462000  0.762950 0.209567 0.438780 0.766817 0.256691 0.107393 
2654080 radixSortThrust 1 204 36 0.842000 0.462000  0.000021 0.000026 0.000065 0.000144 0.000066 0.000033 
2654144 radixSortThrust 1 204 36 0.842000 0.463000  0.000025 0.000020 0.000057 0.000111 0.000058 0.000031 
2654144 radixSortThrust 1 204 36 0.842000 0.385000  0.000025 0.000021 0.000057 0.000121 0.000064 0.000033 
2654208 radixSortThrust 1 204 36 0.842000 0.462000  0.000023 0.000021 0.000057 0.000114 0.000059 0.000031 
2654208 radixSortThrust 1 204 36 0.842000 0.462000  0.000025 0.000021 0.000058 0.000120 0.000067 0.000034 
2654272 radixSortThrust 1 204 36 0.842000 0.308000  0.000021 0.000019 0.000053 0.000103 0.000054 0.000031 
2654272 radixSortThrust 1 204 36 0.842000 0.462000  0.000021 0.000019 0.000053 0.000101 0.000054 0.000029 
2654336 radixSortThrust 1 204 36 0.842000 0.386000  0.798476 0.227767 0.476677 0.801193 0.275324 0.116447 
2654336 radixSortThrust 1 204 36 0.842000 0.463000  0.000021 0.000020 0.000056 0.000110 0.000058 0.000031 
2654400 radixSortThrust 1 204 36 0.842000 0.385000  0.000022 0.000020 0.000071 0.000140 0.000082 0.000040 
2654400 radixSortThrust 1 204 36 0.842000 0.385000  0.000023 0.000020 0.000056 0.000111 0.000059 0.000031 
2654464 radixSortThrust 1 204 36 0.842000 0.385000  0.000023 0.000021 0.000058 0.000116 0.000063 0.000033 
2654464 radixSortThrust 1 204 36 0.842000 0.462000  14.622791 5.176218 11.097198 14.644868 5.724168 2.502010 
2654528 radixSortThrust 1 204 36 0.842000 0.539000  0.005093 0.004119 0.011327 0.024555 0.012378 0.006548 
2654528 radixSortThrust 1 204 36 0.842000 0.308000  0.144900 0.044522 0.085262 0.158293 0.060290 0.025049 
2654592 radixSortThrust 1 204 36 0.842000 0.462000  0.000025 0.000020 0.000056 0.000121 0.000064 0.000032 
2654592 radixSortThrust 1 204 36 0.842000 0.385000  0.000021 0.000019 0.000053 0.000101 0.000055 0.000029 
2654656 radixSortThrust 1 204 36 0.842000 0.462000  0.000030 0.000021 0.000058 0.000113 0.000060 0.000031 
2654656 radixSortThrust 1 204 36 0.842000 0.386000  0.002037 0.001846 0.005153 0.009747 0.005327 0.002852 
2654720 radixSortThrust 1 204 36 0.842000 0.539000  0.000021 0.000020 0.000055 0.000112 0.000059 0.000032 
2654720 radixSortThrust 1 204 36 0.842000 0.462000  0.000025 0.000021 0.000057 0.000116 0.000063 0.000032 
2654784 radixSortThrust 1 204 36 0.842000 0.386000  0.000020 0.000019 0.000053 0.000099 0.000065 0.000033 
2654784 radixSortThrust 1 204 36 0.842000 0.540000  0.000022 0.000020 0.000071 0.000140 0.000071 0.000040 
2654848 radixSortThrust 1 204 36 0.842000 0.385000  0.000439 0.000388 0.001077 0.002102 0.001119 0.000601 
2654848 radixSortThrust 1 204 36 0.842000 0.462000  0.001055 0.000585 0.001750 0.003376 0.001872 0.000904 
2654912 radixSortThrust 1 204 36 0.842000 0.308000  0.000021 0.000019 0.000052 0.000100 0.000054 0.000029 
2654912 radixSortThrust 1 204 36 0.842000 0.462000  0.000023 0.000021 0.000057 0.000116 0.000058 0.000030 
2654976 radixSortThrust 1 204 36 0.842000 0.385000  0.000026 0.000022 0.000060 0.000124 0.000067 0.000034 
2654976 radixSortThrust 1 204 36 0.842000 0.540000  0.000023 0.000020 0.000056 0.000108 0.000058 0.000030 
2655040 radixSortThrust 1 204 36 0.842000 0.462000  0.000026 0.000021 0.000058 0.000120 0.000064 0.000032 
2655040 radixSortThrust 1 204 36 0.842000 0.462000  0.000020 0.000019 0.000052 0.000096 0.000053 0.000029 
2655104 radixSortThrust 1 204 36 0.842000 0.539000  0.000042 0.000022 0.000075 0.000160 0.000086 0.000041 
2655104 radixSortThrust 1 204 36 0.842000 0.462000  0.000020 0.000019 0.000052 0.000099 0.000054 0.000030 
2655168 radixSortThrust 1 204 36 0.842000 0.463000  0.000020 0.000019 0.000052 0.000098 0.000053 0.000029 
2655168 radixSortThrust 1 204 36 0.842000 0.386000  0.000020 0.000019 0.000052 0.000097 0.000053 0.000029 
2655168 radixSortThrust 1 204 36 0.842000 0.539000  0.000324 0.000303 0.000844 0.001600 0.000873 0.000468 
2655232 radixSortThrust 1 204 36 0.842000 0.385000  0.000025 0.000021 0.000057 0.000121 0.000065 0.000033 
2655232 radixSortThrust 1 204 36 0.842000 0.540000  0.000020 0.000020 0.000054 0.000111 0.000056 0.000030 
2655296 radixSortThrust 1 204 36 0.842000 0.462000  0.000021 0.000485 0.000997 0.002083 0.000664 0.000272 
2655296 radixSortThrust 1 204 36 0.842000 0.385000  0.000557 0.000512 0.001420 0.002711 0.001483 0.000790 
2655360 radixSortThrust 1 204 36 0.842000 0.463000  0.000593 0.000521 0.001436 0.002938 0.001522 0.000805 
2655360 radixSortThrust 1 204 36 0.842000 0.462000  0.000020 0.000018 0.000051 0.000097 0.000053 0.000029 
2655424 radixSortThrust 1 204 36 0.842000 0.463000  0.000026 0.000020 0.000055 0.000112 0.000056 0.000030 
2655488 radixSortThrust 1 204 36 0.842000 0.385000  0.007611 0.001710 0.003467 0.007693 0.002281 0.000923 
2655488 radixSortThrust 1 204 36 0.842000 0.539000  0.000031 0.000023 0.000064 0.000132 0.000068 0.000034 
2655552 radixSortThrust 1 204 35 0.842000 0.462000  0.000022 0.000019 0.000320 0.000314 0.000167 0.000092 
2655552 radixSortThrust 1 204 36 0.842000 0.462000  0.000039 0.000023 0.000062 0.000139 0.000065 0.000033 
2655616 radixSortThrust 1 204 36 0.842000 0.385000  0.000381 0.000271 0.000746 0.002138 0.000963 0.000457 
2655616 radixSortThrust 1 204 36 0.842000 0.463000  0.000023 0.000020 0.000056 0.000112 0.000056 0.000030 
2655680 radixSortThrust 1 204 36 0.842000 0.385000  0.000067 0.000063 0.000180 0.000343 0.000225 0.000112 
2655680 radixSortThrust 1 204 36 0.842000 0.385000  0.000021 0.000019 0.000053 0.000116 0.000054 0.000029 
2655744 radixSortThrust 1 204 36 0.842000 0.462000  0.000285 0.000228 0.000641 0.001363 0.000649 0.000353 
2655744 radixSortThrust 1 204 36 0.842000 0.462000  0.000024 0.000029 0.000073 0.000195 0.000085 0.000045 
2655808 radixSortThrust 1 204 36 0.842000 0.462000  0.000020 0.000018 0.000052 0.000109 0.000053 0.000028 
2655872 radixSortThrust 1 204 36 0.842000 0.462000  0.781420 0.455959 0.808921 0.781845 0.376976 0.165415 
2655872 radixSortThrust 1 204 36 0.842000 0.462000  0.000005 0.000007 0.000019 0.000041 0.000021 0.000010 
2655936 radixSortThrust 1 204 36 0.842000 0.539000  0.000022 0.000020 0.000056 0.000123 0.000063 0.000032 
2655936 radixSortThrust 1 204 36 0.842000 0.462000  0.000036 0.000020 0.000056 0.000120 0.000059 0.000030 
2656000 radixSortThrust 1 204 36 0.842000 0.539000  0.000025 0.000030 0.000072 0.000189 0.000084 0.000040 
2656000 radixSortThrust 1 204 36 0.842000 0.462000  0.000339 0.000263 0.000813 0.002433 0.000966 0.000473 
2656064 radixSortThrust 1 204 36 0.842000 0.462000  0.000237 0.000191 0.000532 0.001153 0.000546 0.000295 
2656064 radixSortThrust 1 204 36 0.842000 0.463000  0.000264 0.000229 0.000597 0.001308 0.000624 0.000323 
2656128 radixSortThrust 1 204 36 0.842000 0.539000  0.007135 0.001795 0.004112 0.007156 0.002146 0.000977 
2656128 radixSortThrust 1 204 36 0.842000 0.384000  0.000005 0.000005 0.000014 0.000026 0.000017 0.000009 
2656192 radixSortThrust 1 204 36 0.842000 0.462000  0.000065 0.000061 0.000175 0.000339 0.000224 0.000109 
2656192 radixSortThrust 1 204 36 0.842000 0.462000  0.000066 0.000060 0.000173 0.000336 0.000216 0.000107 
2656256 radixSortThrust 1 204 36 0.842000 0.462000  0.019164 0.005283 0.011119 0.019428 0.006257 0.002777 
2656256 radixSortThrust 1 204 36 0.842000 0.539000  0.000451 0.000271 0.000756 0.001649 0.000775 0.000406 
2656320 radixSortThrust 1 204 36 0.842000 0.540000  0.000405 0.000259 0.000797 0.001724 0.000810 0.000423 
2656320 radixSortThrust 1 204 36 0.842000 0.462000  0.000005 0.000005 0.000014 0.000026 0.000017 0.000009 
2656384 radixSortThrust 1 204 36 0.842000 0.539000  0.000005 0.000006 0.000016 0.000043 0.000019 0.000009 
2656384 radixSortThrust 1 204 36 0.842000 0.462000  0.000041 0.000020 0.000055 0.000129 0.000055 0.000029 
2656448 radixSortThrust 1 204 36 0.842000 0.462000  0.000021 0.000019 0.000057 0.000126 0.000058 0.000030 
2656448 radixSortThrust 1 204 36 0.842000 0.539000  0.000058 0.000053 0.000151 0.000296 0.000236 0.000126 
2656512 radixSortThrust 1 204 36 0.842000 0.463000  0.000052 0.000021 0.000057 0.000149 0.000059 0.000030 
2656512 radixSortThrust 1 204 36 0.842000 0.539000  0.000240 0.000187 0.000521 0.001196 0.000543 0.000292 
2656576 radixSortThrust 1 204 36 0.842000 0.385000  0.000026 0.000019 0.000053 0.000120 0.000057 0.000030 
2656576 radixSortThrust 1 204 36 0.842000 0.463000  0.000020 0.000018 0.000050 0.000101 0.000052 0.000028 
2656640 radixSortThrust 1 204 36 0.842000 0.540000  0.000020 0.000020 0.000055 0.000129 0.000057 0.000030 
2656640 radixSortThrust 1 204 36 0.842000 0.461000  0.000221 0.000304 0.000783 0.002125 0.000872 0.000416 
2656704 radixSortThrust 1 204 36 0.842000 0.462000  0.000005 0.000005 0.000013 0.000027 0.000017 0.000008 
2656704 radixSortThrust 1 204 36 0.842000 0.462000  0.000005 0.000005 0.000013 0.000026 0.000026 0.000015 
2656768 radixSortThrust 1 204 36 0.842000 0.462000  0.000024 0.000020 0.000055 0.000125 0.000056 0.000029 
2656768 radixSortThrust 1 204 36 0.842000 0.616000  0.000005 0.000005 0.000013 0.000025 0.000017 0.000009 
2656768 radixSortThrust 1 204 36 0.842000 0.462000  0.000005 0.000005 0.000013 0.000027 0.000016 0.000008 
2656832 radixSortThrust 1 204 36 0.842000 0.540000  0.000022 0.000018 0.000052 0.000112 0.000054 0.000029 
2656832 radixSortThrust 1 204 36 0.842000 0.385000  0.000027 0.000018 0.000051 0.000126 0.000052 0.000031 
2656896 radixSortThrust 1 204 36 0.842000 0.462000  0.000007 0.000005 0.000014 0.000030 0.000018 0.000009 
2656960 radixSortThrust 1 204 36 0.842000 0.540000  0.000005 0.000005 0.000013 0.000026 0.000016 0.000008 
2656960 radixSortThrust 1 204 36 0.842000 0.462000  0.000005 0.000005 0.000013 0.000025 0.000016 0.000008 
2656960 radixSortThrust 1 204 36 0.842000 0.540000  0.000006 0.000005 0.000014 0.000028 0.000017 0.000008 
2657024 radixSortThrust 1 204 36 0.842000 0.462000  0.000045 0.000042 0.000119 0.000388 0.000202 0.000091 
2657024 radixSortThrust 1 204 36 0.842000 0.462000  0.000005 0.000005 0.000013 0.000026 0.000017 0.000008 
2657088 radixSortThrust 1 204 36 0.842000 0.462000  0.000025 0.000019 0.000053 0.000113 0.000054 0.000028 
2657088 radixSortThrust 1 204 36 0.842000 0.540000  0.203317 0.069821 0.153738 0.204223 0.075874 0.033214 
2657152 radixSortThrust 1 204 36 0.842000 0.539000  0.000042 0.000037 0.000107 0.000211 0.000168 0.000078 
2657152 radixSortThrust 1 204 36 0.842000 0.539000  0.000296 0.000174 0.000462 0.001094 0.000543 0.000277 
2657216 radixSortThrust 1 204 37 0.842000 0.385000  0.000241 0.000189 0.000473 0.001143 0.000468 0.000240 
2657216 radixSortThrust 1 204 36 0.842000 0.462000  0.000030 0.000020 0.000052 0.000108 0.000055 0.000028 
2657280 radixSortThrust 1 204 36 0.842000 0.462000  0.029757 0.008022 0.017111 0.030606 0.010112 0.004139 
2657280 radixSortThrust 1 204 36 0.842000 0.539000  0.000022 0.000019 0.000051 0.000111 0.000052 0.000028 
2657344 radixSortThrust 1 204 36 0.842000 0.385000  0.000005 0.000005 0.000013 0.000025 0.000017 0.000008 
2657344 radixSortThrust 1 204 37 0.842000 0.385000  0.000005 0.000005 0.000013 0.000026 0.000016 0.000008 
2657408 radixSortThrust 1 204 36 0.842000 0.616000  0.000019 0.000018 0.000050 0.000100 0.000051 0.000028 
2657408 radixSortThrust 1 204 36 0.842000 0.539000  0.000022 0.000019 0.000056 0.000119 0.000056 0.000029 
2657472 radixSortThrust 1 204 37 0.842000 0.539000  0.000020 0.000017 0.000049 0.000102 0.000052 0.000028 
2657472 radixSortThrust 1 204 36 0.842000 0.539000  0.000043 0.000039 0.000110 0.000216 0.000141 0.000069 
2657536 radixSortThrust 1 204 36 0.842000 0.462000  0.000005 0.000005 0.000013 0.000025 0.000016 0.000008 
2657536 radixSortThrust 1 204 36 0.842000 0.540000  0.000023 0.000018 0.000049 0.000101 0.000052 0.000027 
2657600 radixSortThrust 1 204 36 0.842000 0.539000  0.000043 0.000037 0.000107 0.000208 0.000133 0.000066 
2657600 radixSortThrust 1 204 36 0.842000 0.462000  0.000169 0.000118 0.000331 0.000848 0.000341 0.000191 
2657664 radixSortThrust 1 204 36 0.842000 0.462000  0.000434 0.000218 0.000503 0.001234 0.000511 0.000248 
2657664 radixSortThrust 1 204 36 0.842000 0.461000  0.000036 0.000031 0.000088 0.000176 0.000110 0.000055 
2657728 radixSortThrust 1 204 36 0.842000 0.462000  0.000155 0.000136 0.000378 0.000800 0.000390 0.000210 
2657728 radixSortThrust 1 204 37 0.842000 0.462000  0.000150 0.000144 0.000435 0.000969 0.000477 0.000241 
2657792 radixSortThrust 1 204 37 0.842000 0.462000  0.000152 0.000133 0.000372 0.000724 0.000384 0.000206 
2657792 radixSortThrust 1 204 37 0.842000 0.540000  0.000040 0.000035 0.000100 0.000202 0.000125 0.000062 
2657856 radixSortThrust 1 204 37 0.842000 0.462000  0.000020 0.000017 0.000047 0.000092 0.000049 0.000026 
2657856 radixSortThrust 1 204 37 0.842000 0.385000  0.000020 0.000028 0.000066 0.000153 0.000068 0.000033 
2657920 radixSortThrust 1 204 36 0.842000 0.462000  0.000024 0.000017 0.000047 0.000115 0.000048 0.000026 
2657920 radixSortThrust 1 204 36 0.842000 0.385000  0.000005 0.000004 0.000013 0.000024 0.000016 0.000008 
2657984 radixSortThrust 1 204 37 0.842000 0.462000  0.000005 0.000004 0.000013 0.000024 0.000016 0.000008 
2657984 radixSortThrust 1 204 36 0.842000 0.462000  0.000042 0.000033 0.000096 0.000194 0.000121 0.000060 
2658048 radixSortThrust 1 204 36 0.842000 0.538000  0.000025 0.000018 0.000049 0.000112 0.000052 0.000027 
2658048 radixSortThrust 1 204 37 0.842000 0.463000  0.121149 0.031989 0.064537 0.121708 0.035094 0.014755 
2658112 radixSortThrust 1 204 36 0.842000 0.540000  0.000300 0.000196 0.000474 0.001265 0.000506 0.000264 
2658176 radixSortThrust 1 204 36 0.842000 0.462000  0.000022 0.000017 0.000047 0.000124 0.000051 0.000027 
2658176 radixSortThrust 1 204 36 0.842000 0.385000  0.000043 0.000023 0.000058 0.000150 0.000056 0.000029 
2658240 radixSortThrust 1 204 36 0.842000 0.462000  0.000024 0.000025 0.000061 0.000250 0.000095 0.000043 
2658240 radixSortThrust 1 204 37 0.842000 0.462000  0.000033 0.000029 0.000080 0.000184 0.000078 0.000037 
2658304 radixSortThrust 1 204 37 0.842000 0.462000  0.830201 0.427117 0.758792 0.830234 0.354381 0.154949 
2658304 radixSortThrust 1 204 36 0.842000 0.462000  0.000022 0.000017 0.000047 0.000113 0.000052 0.000027 
2658368 radixSortThrust 1 204 36 0.842000 0.462000  0.000022 0.000018 0.000053 0.000131 0.000059 0.000030 
2658368 radixSortThrust 1 204 36 0.842000 0.385000  0.000033 0.000018 0.000050 0.000113 0.000050 0.000027 
2658432 radixSortThrust 1 204 37 0.842000 0.462000  0.000109 0.000035 0.000125 0.000372 0.000146 0.000063 
2658432 radixSortThrust 1 204 36 0.842000 0.462000  0.000021 0.000017 0.000052 0.000151 0.000066 0.000035 
2658496 radixSortThrust 1 204 36 0.842000 0.462000  0.000022 0.000017 0.000051 0.000117 0.000051 0.000027 
2658496 radixSortThrust 1 204 36 0.842000 0.385000  0.000124 0.000111 0.000309 0.000597 0.000339 0.000177 
2658560 radixSortThrust 1 204 36 0.842000 0.462000  0.000033 0.000042 0.000105 0.000242 0.000123 0.000057 
2658560 radixSortThrust 1 204 36 0.842000 0.462000  0.000031 0.000028 0.000082 0.000158 0.000100 0.000051 
2658624 radixSortThrust 1 204 36 0.842000 0.462000  0.000120 0.000108 0.000302 0.000581 0.000311 0.000167 
2658624 radixSortThrust 1 204 37 0.842000 0.539000  0.000024 0.000019 0.000052 0.000136 0.000065 0.000037 
2658688 radixSortThrust 1 204 36 0.842000 0.616000  0.000005 0.000004 0.000012 0.000026 0.000016 0.000008 
2658688 radixSortThrust 1 204 36 0.842000 0.463000  0.000005 0.000004 0.000012 0.000023 0.000016 0.000009 
2658688 radixSortThrust 1 204 36 0.842000 0.462000  0.000020 0.000016 0.000054 0.000110 0.000054 0.000028 
2658752 radixSortThrust 1 204 37 0.842000 0.539000  0.835239 0.424035 0.757777 0.835461 0.354231 0.155153 
2658816 radixSortThrust 1 204 36 0.842000 0.463000  0.000032 0.000027 0.000075 0.000151 0.000078 0.000042 
2658816 radixSortThrust 1 204 36 0.842000 0.385000  0.000024 0.000018 0.000051 0.000115 0.000059 0.000030 
2658880 radixSortThrust 1 204 36 0.842000 0.462000  0.000005 0.000004 0.000012 0.000025 0.000015 0.000008 
2658880 radixSortThrust 1 204 36 0.842000 0.385000  0.000005 0.000004 0.000012 0.000024 0.000016 0.000008 
2658944 radixSortThrust 1 204 36 0.842000 0.462000  0.000005 0.000004 0.000012 0.000024 0.000015 0.000008 
2658944 radixSortThrust 1 204 37 0.842000 0.462000  0.000005 0.000004 0.000012 0.000026 0.000016 0.000008 
2658944 radixSortThrust 1 204 37 0.842000 0.539000  0.000018 0.000016 0.000047 0.000093 0.000048 0.000026 
2659008 radixSortThrust 1 204 36 0.842000 0.462000  0.000024 0.000018 0.000050 0.000107 0.000055 0.000028 
2659008 radixSortThrust 1 204 36 0.842000 0.461000  0.000021 0.000016 0.000046 0.000102 0.000046 0.000025 
2659072 radixSortThrust 1 204 36 0.842000 0.462000  0.000048 0.000026 0.000077 0.000172 0.000083 0.000040 
2659136 radixSortThrust 1 204 36 0.842000 0.462000  0.000111 0.000097 0.000266 0.001663 0.000603 0.000282 
2659136 radixSortThrust 1 204 36 0.842000 0.616000  0.005558 0.001634 0.003309 0.005578 0.001860 0.000811 
2659200 radixSortThrust 1 204 37 0.842000 0.462000  0.000025 0.000019 0.000051 0.000230 0.000085 0.000041 
2659200 radixSortThrust 1 204 36 0.842000 0.616000  0.000005 0.000004 0.000012 0.000024 0.000015 0.000008 
2659264 radixSortThrust 1 204 36 0.842000 0.539000  0.000007 0.000005 0.000014 0.000028 0.000016 0.000008 
2659264 radixSortThrust 1 204 36 0.842000 0.462000  0.000019 0.000017 0.000049 0.000103 0.000064 0.000031 
2659328 radixSortThrust 1 204 36 0.842000 0.539000  0.039582 0.012806 0.026623 0.039613 0.013117 0.005950 
2659328 radixSortThrust 1 204 36 0.842000 0.539000  0.000021 0.000017 0.000054 0.000137 0.000055 0.000028 
2659392 radixSortThrust 1 204 36 0.842000 0.385000  0.000029 0.000019 0.000049 0.000098 0.000049 0.000026 
2659392 radixSortThrust 1 204 36 0.842000 0.463000  0.000020 0.000017 0.000047 0.000095 0.000049 0.000026 
2659456 radixSortThrust 1 204 36 0.842000 0.539000  0.000005 0.000004 0.000012 0.000024 0.000015 0.000008 
2659456 radixSortThrust 1 204 36 0.842000 0.462000  0.000005 0.000004 0.000012 0.000024 0.000015 0.000008 
2659520 radixSortThrust 1 204 36 0.842000 0.462000  0.000005 0.000005 0.000014 0.000029 0.000017 0.000008 
2659520 radixSortThrust 1 204 36 0.842000 0.462000  0.000005 0.000004 0.000012 0.000023 0.000016 0.000008 
2659584 radixSortThrust 1 204 36 0.842000 0.540000  0.000021 0.000017 0.000047 0.000107 0.000049 0.000026 
2659584 radixSortThrust 1 204 37 0.842000 0.462000  0.000004 0.000006 0.000015 0.000031 0.000018 0.000008 
2659648 radixSortThrust 1 204 37 0.842000 0.539000  0.000005 0.000004 0.000012 0.000023 0.000015 0.000007 
2659648 radixSortThrust 1 204 36 0.842000 0.385000  0.000031 0.000025 0.000071 0.000151 0.000093 0.000044 
2659712 radixSortThrust 1 204 36 0.842000 0.385000  0.000019 0.000018 0.000051 0.000104 0.000065 0.000032 
2659712 radixSortThrust 1 204 36 0.842000 0.617000  0.000101 0.000100 0.000271 0.000565 0.000282 0.000149 
2659776 radixSortThrust 1 204 36 0.842000 0.616000  0.000152 0.000098 0.000267 0.000578 0.000270 0.000144 
2659776 radixSortThrust 1 204 36 0.842000 0.462000  0.000121 0.000104 0.000287 0.000604 0.000322 0.000163 
2659840 radixSortThrust 1 204 36 0.842000 0.462000  0.000018 0.000016 0.000045 0.000085 0.000046 0.000025 
2659840 radixSortThrust 1 204 36 0.842000 0.463000  0.000020 0.000025 0.000060 0.000156 0.000084 0.000039 
2659904 radixSortThrust 1 204 36 0.842000 0.308000  0.000070 0.000066 0.000183 0.000358 0.000189 0.000102 
2659904 radixSortThrust 1 204 36 0.842000 0.462000  0.000087 0.000072 0.000203 0.000426 0.000224 0.000114 
2659968 radixSortThrust 1 204 36 0.842000 0.462000  0.000017 0.000016 0.000044 0.000083 0.000046 0.000025 
2659968 radixSortThrust 1 204 36 0.842000 0.385000  0.000018 0.000016 0.000045 0.000084 0.000046 0.000039 
2660032 radixSortThrust 1 204 36 0.842000 0.385000  0.000022 0.000019 0.000050 0.000102 0.000055 0.000028 
2660032 radixSortThrust 1 204 36 0.842000 0.539000  0.000017 0.000016 0.000046 0.000089 0.000047 0.000025 
2660096 radixSortThrust 1 204 36 0.842000 0.462000  0.000020 0.000017 0.000048 0.000099 0.000053 0.000027 
2660096 radixSortThrust 1 204 36 0.842000 0.463000  0.000017 0.000016 0.000044 0.000084 0.000046 0.000024 
2660160 radixSortThrust 1 204 36 0.842000 0.463000  0.000019 0.000017 0.000059 0.000121 0.000061 0.000034 
2660160 radixSortThrust 1 204 36 0.842000 0.385000  0.000017 0.000016 0.000044 0.000084 0.000045 0.000024 
2660224 radixSortThrust 1 204 36 0.842000 0.462000  0.029365 0.000000 0.000000 0.000000 0.000000 0.000000 
2660288 radixSortThrust 1 204 36 0.842000 0.385000  0.000018 0.000016 0.000044 0.000136 0.000066 0.000033 
2660288 radixSortThrust 1 204 36 0.842000 0.539000  0.000018 0.000017 0.000046 0.000088 0.000048 0.000026 
2660288 radixSortThrust 1 204 36 0.842000 0.539000  0.000017 0.000016 0.000044 0.000082 0.000045 0.000024 
2660352 radixSortThrust 1 204 36 0.842000 0.463000  0.000026 0.000017 0.000047 0.000092 0.000048 0.000026 
2660352 radixSortThrust 1 204 36 0.842000 0.385000  0.000021 0.000017 0.000048 0.000099 0.000077 0.000036 
2660416 radixSortThrust 1 204 36 0.842000 0.463000  0.000004 0.000004 0.000012 0.000024 0.000016 0.000008 
2660416 radixSortThrust 1 204 36 0.842000 0.463000  0.000019 0.000017 0.000059 0.000123 0.000067 0.000036 
2660480 radixSortThrust 1 204 36 0.842000 0.385000  0.105994 0.031522 0.066523 0.106344 0.036974 0.015789 
2660480 radixSortThrust 1 204 36 0.842000 0.462000  0.000096 0.000092 0.000250 0.000548 0.000279 0.000142 
2660544 radixSortThrust 1 204 36 0.842000 0.463000  0.000020 0.000017 0.000046 0.000093 0.000049 0.000026 
2660544 radixSortThrust 1 204 36 0.842000 0.463000  0.000018 0.000017 0.000061 0.000123 0.000067 0.000036 
2660608 radixSortThrust 1 204 36 0.842000 0.463000  0.000027 0.000018 0.000047 0.000094 0.000048 0.000025 
2660608 radixSortThrust 1 204 36 0.842000 0.540000  0.000020 0.000031 0.000074 0.000140 0.000068 0.000034 
2660672 radixSortThrust 1 204 36 0.842000 0.308000  0.000017 0.000016 0.000044 0.000084 0.000045 0.000024 
2660672 radixSortThrust 1 204 36 0.842000 0.462000  0.000022 0.000018 0.000049 0.000103 0.000054 0.000027 
2660736 radixSortThrust 1 204 36 0.842000 0.462000  0.000068 0.000061 0.000168 0.000324 0.000174 0.000093 
2660736 radixSortThrust 1 204 36 0.842000 0.462000  0.000020 0.000016 0.000044 0.000086 0.000045 0.000024 
2660800 radixSortThrust 1 204 36 0.842000 0.540000  0.000017 0.000016 0.000048 0.000105 0.000050 0.000025 
2660800 radixSortThrust 1 204 36 0.842000 0.463000  0.000017 0.000016 0.000045 0.000095 0.000049 0.000026 
2660864 radixSortThrust 1 204 36 0.842000 0.540000  0.000083 0.000077 0.000225 0.000442 0.000232 0.000122 
2660864 radixSortThrust 1 204 36 0.842000 0.462000  0.000080 0.000077 0.000214 0.000406 0.000220 0.000119 
2660928 radixSortThrust 1 204 36 0.842000 0.463000  0.000102 0.000087 0.000244 0.000502 0.000268 0.000137 
2660928 radixSortThrust 1 204 36 0.842000 0.462000  0.000018 0.000015 0.000043 0.000087 0.000044 0.000024 
2660992 radixSortThrust 1 204 36 0.842000 0.462000  0.000022 0.000018 0.000048 0.000101 0.000053 0.000027 
2660992 radixSortThrust 1 204 36 0.842000 0.462000  0.000020 0.000016 0.000044 0.000086 0.000045 0.000025 
2661056 radixSortThrust 1 204 36 0.842000 0.539000  0.000019 0.000016 0.000046 0.000090 0.000048 0.000025 
2661056 radixSortThrust 1 204 36 0.842000 0.462000  0.000018 0.000016 0.000058 0.000120 0.000066 0.000034 
2661120 radixSortThrust 1 204 36 0.842000 0.385000  0.000017 0.000015 0.000043 0.000082 0.000044 0.000025 
2661120 radixSortThrust 1 204 36 0.842000 0.540000  0.000019 0.000017 0.000048 0.000104 0.000054 0.000028 
2661184 radixSortThrust 1 204 36 0.842000 0.540000  0.000082 0.000075 0.000208 0.000395 0.000216 0.000116 
2661184 radixSortThrust 1 204 36 0.842000 0.463000  0.000086 0.000079 0.000278 0.000547 0.000321 0.000158 
2661248 radixSortThrust 1 204 36 0.842000 0.385000  0.000023 0.000017 0.000045 0.000089 0.000046 0.000024 
2661248 radixSortThrust 1 204 36 0.842000 0.540000  0.000077 0.000066 0.000175 0.000368 0.000195 0.000099 
2661312 radixSortThrust 1 204 36 0.842000 0.308000  0.000060 0.000056 0.000156 0.000296 0.000160 0.000086 
2661312 radixSortThrust 1 204 36 0.842000 0.462000  0.000018 0.000024 0.000058 0.000169 0.000075 0.000039 
2661376 radixSortThrust 1 204 36 0.842000 0.462000  0.000017 0.000015 0.000046 0.000092 0.000046 0.000024 
2661376 radixSortThrust 1 204 36 0.842000 0.462000  0.000101 0.000079 0.000221 0.000489 0.000276 0.000133 
2661440 radixSortThrust 1 204 36 0.842000 0.462000  0.003895 0.001136 0.002167 0.004201 0.001552 0.000652 
2661440 radixSortThrust 1 204 36 0.842000 0.462000  0.000020 0.000017 0.000047 0.000100 0.000052 0.000026 
2661504 radixSortThrust 1 204 36 0.842000 0.540000  0.000021 0.000017 0.000046 0.000092 0.000049 0.000026 
2661504 radixSortThrust 1 204 36 0.842000 0.386000  0.000021 0.000017 0.000048 0.000099 0.000052 0.000027 
2661568 radixSortThrust 1 204 36 0.842000 0.540000  0.000017 0.000016 0.000044 0.000088 0.000046 0.000025 
2661568 radixSortThrust 1 204 36 0.842000 0.463000  0.000022 0.000021 0.000054 0.000128 0.000059 0.000029 
2661632 radixSortThrust 1 204 36 0.842000 0.386000  0.000021 0.000016 0.000045 0.000093 0.000048 0.000025 
2661632 radixSortThrust 1 204 36 0.842000 0.386000  0.000024 0.000018 0.000047 0.000102 0.000049 0.000032 
2661696 radixSortThrust 1 204 36 0.842000 0.463000  0.000792 0.000282 0.000600 0.000863 0.000344 0.000138 
2661760 radixSortThrust 1 204 36 0.842000 0.462000  0.000017 0.000015 0.000042 0.000082 0.000045 0.000024 
2661760 radixSortThrust 1 204 36 0.842000 0.385000  0.000006 0.000005 0.000013 0.000033 0.000019 0.000008 
2661824 radixSortThrust 1 204 36 0.842000 0.463000  0.000113 0.000079 0.000216 0.000464 0.000242 0.000121 
2661824 radixSortThrust 1 204 36 0.842000 0.463000  0.000020 0.000018 0.000050 0.000101 0.000051 0.000026 
2661888 radixSortThrust 1 204 36 0.842000 0.386000  0.000110 0.000079 0.000214 0.000449 0.000233 0.000118 
2661888 radixSortThrust 1 204 36 0.842000 0.385000  0.000016 0.000015 0.000042 0.000080 0.000043 0.000023 
2661952 radixSortThrust 1 204 36 0.842000 0.385000  0.000020 0.000017 0.000046 0.000097 0.000052 0.000027 
2661952 radixSortThrust 1 204 36 0.842000 0.386000  0.000016 0.000015 0.000042 0.000079 0.000043 0.000023 
2662016 radixSortThrust 1 204 36 0.842000 0.462000  0.000018 0.000016 0.000044 0.000084 0.000057 0.000029 
2662016 radixSortThrust 1 204 36 0.842000 0.308000  0.000017 0.000015 0.000042 0.000081 0.000044 0.000023 
2662080 radixSortThrust 1 204 36 0.842000 0.462000  0.000020 0.000017 0.000048 0.000098 0.000050 0.000026 
2662080 radixSortThrust 1 204 36 0.842000 0.385000  0.000030 0.000025 0.000066 0.000133 0.000071 0.000036 
2662144 radixSortThrust 1 204 36 0.842000 0.462000  0.000023 0.000021 0.000059 0.000112 0.000061 0.000033 
2662144 radixSortThrust 1 204 36 0.842000 0.463000  0.000020 0.000017 0.000047 0.000098 0.000052 0.000026 
2662208 radixSortThrust 1 204 36 0.842000 0.463000  0.000016 0.000015 0.000042 0.000079 0.000043 0.000024 
2662208 radixSortThrust 1 204 36 0.842000 0.539000  0.000022 0.000017 0.000046 0.000099 0.000052 0.000026 
2662208 radixSortThrust 1 204 36 0.842000 0.308000  0.000016 0.000015 0.000042 0.000079 0.000043 0.000023 
2662272 radixSortThrust 1 204 36 0.842000 0.462000  0.000017 0.000016 0.000043 0.000083 0.000046 0.000024 
2662272 radixSortThrust 1 204 36 0.842000 0.462000  0.000017 0.000015 0.000042 0.000079 0.000043 0.000023 
2662336 radixSortThrust 1 204 36 0.842000 0.463000  0.000019 0.000017 0.000045 0.000091 0.000048 0.000025 
2662336 radixSortThrust 1 204 36 0.842000 0.386000  0.000017 0.000015 0.000042 0.000079 0.000043 0.000025 
2662400 radixSortThrust 1 204 36 0.842000 0.463000  0.000017 0.000015 0.000043 0.000090 0.000047 0.000025 
2662400 radixSortThrust 1 204 36 0.842000 0.462000  0.000021 0.000018 0.000048 0.000102 0.000052 0.000026 
2662464 radixSortThrust 1 204 36 0.842000 0.462000  0.000017 0.000015 0.000042 0.000080 0.000043 0.000023 
2662464 radixSortThrust 1 204 36 0.842000 0.462000  0.000017 0.000016 0.000056 0.000109 0.000064 0.000032 
2662528 radixSortThrust 1 204 36 0.842000 0.462000  0.000016 0.000015 0.000068 0.000129 0.000062 0.000033 
2662528 radixSortThrust 1 204 36 0.842000 0.463000  0.000025 0.000022 0.000060 0.000117 0.000064 0.000034 
2662592 radixSortThrust 1 204 36 0.842000 0.385000  0.000022 0.000021 0.000058 0.000109 0.000059 0.000032 
2662592 radixSortThrust 1 204 36 0.842000 0.540000  0.000022 0.000021 0.000058 0.000108 0.000059 0.000032 
2662656 radixSortThrust 1 204 36 0.842000 0.462000  0.000021 0.000017 0.000046 0.000096 0.000050 0.000026 
2662656 radixSortThrust 1 204 36 0.842000 0.463000  0.000025 0.000016 0.000044 0.000088 0.000045 0.000023 
2662720 radixSortThrust 1 204 36 0.842000 0.308000  0.000017 0.000016 0.000043 0.000088 0.000047 0.000024 
2662720 radixSortThrust 1 204 36 0.842000 0.463000  0.000016 0.000015 0.000041 0.000081 0.000054 0.000026 
2662784 radixSortThrust 1 204 36 0.842000 0.385000  0.000016 0.000016 0.000045 0.000102 0.000049 0.000028 
2662784 radixSortThrust 1 204 36 0.842000 0.462000  0.000018 0.000015 0.000048 0.000122 0.000055 0.000027 
2662848 radixSortThrust 1 204 36 0.842000 0.462000  0.087279 0.028746 0.062615 0.087577 0.032813 0.014456 
2662848 radixSortThrust 1 204 36 0.842000 0.462000  0.000052 0.000047 0.000131 0.000262 0.000144 0.000075 
2662912 radixSortThrust 1 204 36 0.842000 0.463000  0.000047 0.000044 0.000124 0.000232 0.000126 0.000069 
2662912 radixSortThrust 1 204 36 0.842000 0.385000  0.000060 0.000050 0.000134 0.000276 0.000147 0.000076 
2662976 radixSortThrust 1 204 36 0.842000 0.462000  0.017499 0.009265 0.016745 0.017585 0.008160 0.003676 
2662976 radixSortThrust 1 204 36 0.842000 0.462000  0.000051 0.000068 0.000166 0.000322 0.000204 0.000098 
2663040 radixSortThrust 1 204 36 0.842000 0.386000  0.000065 0.000059 0.000166 0.000315 0.000171 0.000092 
2663040 radixSortThrust 1 204 36 0.842000 0.463000  0.000026 0.000022 0.000060 0.000143 0.000075 0.000037 
2663104 radixSortThrust 1 204 36 0.842000 0.462000  0.000022 0.000020 0.000056 0.000105 0.000057 0.000031 
2663104 radixSortThrust 1 204 36 0.842000 0.462000  0.000027 0.000022 0.000059 0.000116 0.000063 0.000033 
2663168 radixSortThrust 1 204 36 0.842000 0.385000  0.000021 0.000020 0.000056 0.000106 0.000058 0.000031 
2663168 radixSortThrust 1 204 36 0.842000 0.386000  0.000022 0.000020 0.000056 0.000108 0.000058 0.000031 
2663232 radixSortThrust 1 204 36 0.842000 0.386000  0.000028 0.000023 0.000062 0.000147 0.000076 0.000038 
2663232 radixSortThrust 1 204 36 0.842000 0.463000  0.000017 0.000015 0.000043 0.000085 0.000045 0.000024 
2663296 radixSortThrust 1 204 36 0.842000 0.463000  0.000017 0.000016 0.000055 0.000111 0.000056 0.000031 
2663296 radixSortThrust 1 204 36 0.842000 0.463000  0.000016 0.000016 0.000044 0.000086 0.000045 0.000024 
2663360 radixSortThrust 1 204 36 0.842000 0.462000  0.000021 0.000017 0.000046 0.000101 0.000052 0.000026 
2663360 radixSortThrust 1 204 36 0.842000 0.463000  0.000016 0.000015 0.000041 0.000085 0.000044 0.000023 
2663424 radixSortThrust 1 204 36 0.842000 0.462000  0.043802 0.016646 0.035643 0.044234 0.018068 0.008233 
2663424 radixSortThrust 1 204 36 0.842000 0.385000  0.000021 0.000016 0.000044 0.000095 0.000049 0.000025 
2663488 radixSortThrust 1 204 36 0.842000 0.463000  0.000018 0.000016 0.000045 0.000095 0.000047 0.000025 
2663488 radixSortThrust 1 204 36 0.842000 0.462000  0.000019 0.000017 0.000046 0.000091 0.000047 0.000024 
2663552 radixSortThrust 1 204 36 0.842000 0.462000  0.000022 0.000016 0.000045 0.000091 0.000046 0.000024 
2663552 radixSortThrust 1 204 36 0.842000 0.462000  0.000020 0.000017 0.000046 0.000094 0.000051 0.000026 
2663616 radixSortThrust 1 204 36 0.842000 0.462000  0.000021 0.000016 0.000046 0.000099 0.000048 0.000025 
2663616 radixSortThrust 1 204 36 0.842000 0.308000  0.000022 0.000017 0.000045 0.000097 0.000050 0.000025 
2663680 radixSortThrust 1 204 36 0.842000 0.385000  0.000016 0.000016 0.000043 0.000090 0.000044 0.000023 
2663680 radixSortThrust 1 204 36 0.842000 0.385000  0.000018 0.000015 0.000043 0.000087 0.000045 0.000025 
