#Timestamp	Benchmark	Run(#)	CPU Frequency (MHz)	CPU Temperature(C)	CPU Voltage(V)	CPU Power(W)	CPU_CYCLES	L1_DATA_CACHE_ACCESS	INSTRUCTIONS_RETIRED	BUS_CYCLES	L1I_CACHE_ACCESS	PREDICTABLE_BRANCH_SPECULATIVELY_EXECUTED
6188992 MonteCarloMultiGPU 1 1632 51 1.188000 2.236000  0.000024 0.000018 0.000050 0.000108 0.000052 0.000028 
6188992 MonteCarloMultiGPU 1 1632 51 1.188000 3.083000  0.000006 0.000005 0.000014 0.000028 0.000017 0.000009 
6189056 MonteCarloMultiGPU 1 1632 50 1.188000 2.005000  0.000006 0.000005 0.000014 0.000029 0.000017 0.000008 
6189056 MonteCarloMultiGPU 1 1632 50 1.188000 2.390000  0.000029 0.000020 0.000055 0.000123 0.000060 0.000031 
6189056 MonteCarloMultiGPU 1 1632 50 1.188000 2.699000  0.000023 0.000028 0.000067 0.000163 0.000077 0.000042 
6189120 MonteCarloMultiGPU 1 1632 50 1.188000 2.003000  0.000021 0.000018 0.000050 0.000099 0.000051 0.000028 
6189120 MonteCarloMultiGPU 1 1632 50 1.188000 2.082000  0.000006 0.000005 0.000013 0.000029 0.000017 0.000008 
6189120 MonteCarloMultiGPU 1 1632 50 1.188000 2.082000  0.000021 0.000018 0.000050 0.000097 0.000051 0.000027 
6189184 MonteCarloMultiGPU 1 1632 50 1.188000 1.153000  0.000020 0.000018 0.000050 0.000095 0.000051 0.000027 
6189184 MonteCarloMultiGPU 1 1632 51 1.188000 1.153000  0.000020 0.000018 0.000050 0.000094 0.000051 0.000027 
6189248 MonteCarloMultiGPU 1 1632 51 1.188000 1.153000  0.000019 0.000018 0.000049 0.000092 0.000050 0.000027 
6189248 MonteCarloMultiGPU 1 1632 52 1.188000 1.153000  0.000019 0.000018 0.000049 0.000093 0.000050 0.000027 
6189248 MonteCarloMultiGPU 1 1632 52 1.188000 1.153000  0.000019 0.000018 0.000049 0.000093 0.000050 0.000027 
6189312 MonteCarloMultiGPU 1 1632 53 1.188000 1.384000  0.000019 0.000018 0.000049 0.000094 0.000051 0.000029 
6189312 MonteCarloMultiGPU 1 1632 53 1.188000 1.153000  0.000019 0.000018 0.000055 0.000114 0.000055 0.000029 
6189312 MonteCarloMultiGPU 1 1632 53 1.188000 1.153000  0.000019 0.000018 0.000049 0.000094 0.000050 0.000027 
6189376 MonteCarloMultiGPU 1 1632 53 1.188000 1.153000  0.000019 0.000018 0.000049 0.000093 0.000054 0.000028 
6189376 MonteCarloMultiGPU 1 1632 53 1.188000 1.153000  0.000019 0.000017 0.000049 0.000129 0.000053 0.000028 
6189376 MonteCarloMultiGPU 1 1632 53 1.188000 1.230000  0.000019 0.000018 0.000049 0.000092 0.000050 0.000027 
6189440 MonteCarloMultiGPU 1 1632 54 1.188000 1.153000  0.000019 0.000017 0.000049 0.000093 0.000050 0.000027 
6189440 MonteCarloMultiGPU 1 1632 54 1.188000 1.230000  0.000019 0.000017 0.000049 0.000092 0.000050 0.000027 
6189440 MonteCarloMultiGPU 1 1632 54 1.188000 1.922000  0.000019 0.000018 0.000049 0.000092 0.000050 0.000027 
6189504 MonteCarloMultiGPU 1 1632 54 1.188000 1.153000  0.000019 0.000019 0.000051 0.000100 0.000052 0.000028 
6189504 MonteCarloMultiGPU 1 1632 54 1.188000 1.153000  0.000019 0.000018 0.000049 0.000091 0.000050 0.000027 
6189504 MonteCarloMultiGPU 1 1632 54 1.188000 1.153000  0.000019 0.000017 0.000049 0.000092 0.000050 0.000027 
6189568 MonteCarloMultiGPU 1 1632 54 1.188000 1.153000  0.000019 0.000017 0.000049 0.000091 0.000050 0.000027 
6189568 MonteCarloMultiGPU 1 1632 54 1.188000 1.153000  0.000018 0.000016 0.000046 0.000086 0.000047 0.000025 
6189568 MonteCarloMultiGPU 1 1632 54 1.188000 1.153000  0.000017 0.000016 0.000046 0.000085 0.000046 0.000025 
6189632 MonteCarloMultiGPU 1 1632 54 1.188000 1.153000  0.000017 0.000016 0.000046 0.000086 0.000047 0.000026 
6189632 MonteCarloMultiGPU 1 1632 54 1.188000 1.153000  0.000017 0.000016 0.000046 0.000085 0.000046 0.000025 
6200576 MonteCarloMultiGPU 1 1632 57 1.188000 1.537000  0.000351 0.000464 0.001122 0.002794 0.001308 0.000712 
6200576 MonteCarloMultiGPU 1 1632 57 1.188000 2.613000  0.000323 0.000273 0.000754 0.001495 0.000787 0.000419 
6200640 MonteCarloMultiGPU 1 1632 58 1.188000 2.075000  0.000285 0.000266 0.000746 0.001401 0.000765 0.000411 
6200640 MonteCarloMultiGPU 1 1632 58 1.188000 1.614000  0.000279 0.000263 0.000736 0.001361 0.000748 0.000407 
6200640 MonteCarloMultiGPU 1 1632 58 1.188000 1.614000  0.000284 0.000260 0.000727 0.001396 0.000745 0.000402 
6200704 MonteCarloMultiGPU 1 1632 58 1.188000 1.614000  0.000273 0.000256 0.000717 0.001345 0.000737 0.000397 
6200704 MonteCarloMultiGPU 1 1632 57 1.188000 1.537000  0.000268 0.000252 0.000708 0.001327 0.000720 0.000391 
6200704 MonteCarloMultiGPU 1 1632 57 1.188000 1.614000  0.000263 0.000250 0.000699 0.001329 0.000717 0.000387 
6200768 MonteCarloMultiGPU 1 1632 58 1.188000 1.691000  0.000260 0.000246 0.000691 0.001287 0.000707 0.000382 
6200768 MonteCarloMultiGPU 1 1632 57 1.188000 1.614000  0.000287 0.000247 0.000684 0.001318 0.000703 0.000380 
6200768 MonteCarloMultiGPU 1 1632 57 1.188000 1.614000  0.000261 0.000243 0.000676 0.001260 0.000695 0.000376 
6200832 MonteCarloMultiGPU 1 1632 58 1.188000 1.614000  0.000249 0.000239 0.000669 0.001233 0.000681 0.000370 
6200832 MonteCarloMultiGPU 1 1632 58 1.188000 1.614000  0.000255 0.000236 0.000661 0.001242 0.000672 0.000366 
6200832 MonteCarloMultiGPU 1 1632 58 1.188000 1.691000  0.000248 0.000233 0.000654 0.001209 0.000663 0.000379 
6200896 MonteCarloMultiGPU 1 1632 58 1.188000 1.614000  0.000243 0.000230 0.000647 0.001204 0.000654 0.000357 
6200896 MonteCarloMultiGPU 1 1632 58 1.188000 1.614000  0.000244 0.000228 0.000640 0.001203 0.000649 0.000354 
6200896 MonteCarloMultiGPU 1 1632 58 1.188000 1.614000  0.000253 0.000229 0.000634 0.001203 0.000657 0.000366 
6200960 MonteCarloMultiGPU 1 1632 58 1.188000 1.614000  0.000252 0.000226 0.000627 0.001201 0.000645 0.000348 
6200960 MonteCarloMultiGPU 1 1632 58 1.188000 1.614000  0.000234 0.000222 0.000621 0.001149 0.000634 0.000345 
6200960 MonteCarloMultiGPU 1 1632 57 1.188000 1.614000  0.000234 0.000221 0.000615 0.001154 0.000630 0.000338 
6201024 MonteCarloMultiGPU 1 1632 57 1.188000 1.614000  0.000210 0.000204 0.000576 0.001066 0.000583 0.000318 
6201024 MonteCarloMultiGPU 1 1632 58 1.188000 1.614000  0.000213 0.000202 0.000571 0.001048 0.000572 0.000332 
6201024 MonteCarloMultiGPU 1 1632 58 1.188000 1.614000  0.000225 0.000201 0.000564 0.001072 0.000569 0.000311 
6203392 MonteCarloMultiGPU 1 1632 57 1.188000 1.614000  0.000205 0.000197 0.000558 0.001044 0.000559 0.021976 
6203456 MonteCarloMultiGPU 1 1632 57 1.188000 1.928000  0.001313 0.001009 0.002743 0.006436 0.003043 0.001628 
6203456 MonteCarloMultiGPU 1 1632 57 1.188000 3.313000  0.000186 0.000158 0.000433 0.000875 0.000462 0.000242 
6203456 MonteCarloMultiGPU 1 1632 56 1.188000 1.928000  0.000176 0.000155 0.000428 0.000833 0.000452 0.000239 
6203520 MonteCarloMultiGPU 1 1632 56 1.188000 2.464000  0.000247 0.000159 0.000436 0.001092 0.000498 0.000247 
6203520 MonteCarloMultiGPU 1 1632 55 1.188000 2.004000  0.000202 0.000160 0.000436 0.000939 0.000462 0.000239 
6203520 MonteCarloMultiGPU 1 1632 55 1.188000 2.004000  0.000190 0.000159 0.000430 0.000968 0.000476 0.000243 
6203584 MonteCarloMultiGPU 1 1632 55 1.188000 3.083000  0.000167 0.000146 0.000449 0.001158 0.000484 0.000246 
6203584 MonteCarloMultiGPU 1 1632 54 1.188000 2.005000  0.000156 0.000139 0.000391 0.000760 0.000398 0.000215 
6203584 MonteCarloMultiGPU 1 1632 54 1.188000 2.543000  0.000176 0.000151 0.000415 0.000891 0.000448 0.000235 
6203648 MonteCarloMultiGPU 1 1632 55 1.188000 2.005000  0.000172 0.000145 0.000399 0.000804 0.000423 0.000222 
6203648 MonteCarloMultiGPU 1 1632 55 1.188000 1.928000  0.000178 0.000144 0.000396 0.000791 0.000419 0.000221 
