#Timestamp	Benchmark	Run(#)	CPU Frequency (MHz)	CPU Temperature(C)	CPU Voltage(V)	CPU Power(W)	CPU_CYCLES	L1_DATA_CACHE_ACCESS	INSTRUCTIONS_RETIRED	BUS_CYCLES	L1I_CACHE_ACCESS	PREDICTABLE_BRANCH_SPECULATIVELY_EXECUTED
6303168 nbody 1 1632 50 1.188000 3.083000  0.000063 0.000037 0.000102 0.000292 0.000111 0.000058 
6303168 nbody 1 1632 51 1.188000 2.159000  0.000011 0.000009 0.000026 0.000057 0.000033 0.000016 
6303232 nbody 1 1632 51 1.188000 2.542000  0.000016 0.000010 0.000028 0.000081 0.000034 0.000017 
6303232 nbody 1 1632 51 1.188000 2.388000  0.000049 0.000034 0.000096 0.000214 0.000100 0.000053 
6303232 nbody 1 1632 51 1.188000 3.003000  0.000045 0.000036 0.000098 0.000224 0.000104 0.000054 
6303296 nbody 1 1632 51 1.188000 2.851000  0.000077 0.000035 0.000095 0.000253 0.000099 0.000052 
6303296 nbody 1 1632 51 1.188000 2.917000  0.000045 0.000035 0.000101 0.000230 0.000110 0.000056 
6303296 nbody 1 1632 52 1.188000 1.843000  0.000039 0.000033 0.000091 0.000196 0.000096 0.000051 
6303360 nbody 1 1632 52 1.188000 1.923000  0.000049 0.000038 0.000101 0.000231 0.000111 0.000057 
6303360 nbody 1 1632 54 1.188000 1.614000  0.000039 0.000032 0.000090 0.000200 0.000100 0.000053 
6303360 nbody 1 1632 54 1.188000 1.613000  0.000058 0.000037 0.000100 0.000222 0.000108 0.000055 
6303424 nbody 1 1632 55 1.188000 1.459000  0.000040 0.000032 0.000089 0.000177 0.000092 0.000050 
6303424 nbody 1 1632 55 1.188000 1.769000  0.000043 0.000034 0.000097 0.000222 0.000104 0.000054 
6303424 nbody 1 1632 55 1.188000 1.536000  0.000037 0.000031 0.000089 0.000186 0.000092 0.000049 
6303488 nbody 1 1632 56 1.188000 2.307000  0.000043 0.000034 0.000095 0.000220 0.000104 0.000053 
6303488 nbody 1 1632 56 1.188000 1.459000  0.000051 0.000032 0.000089 0.000190 0.000095 0.000050 
6303488 nbody 1 1632 56 1.188000 1.613000  0.000043 0.000034 0.000092 0.000206 0.000100 0.000052 
6303552 nbody 1 1632 56 1.188000 1.459000  0.000036 0.000033 0.000090 0.000189 0.000096 0.000050 
6303552 nbody 1 1632 56 1.188000 1.614000  0.000057 0.000035 0.000096 0.000237 0.000104 0.000053 
6303552 nbody 1 1632 56 1.188000 1.843000  0.000049 0.000033 0.000090 0.000195 0.000096 0.000050 
6303616 nbody 1 1632 56 1.188000 1.460000  0.000043 0.000034 0.000096 0.000216 0.000102 0.000052 
6303616 nbody 1 1632 56 1.188000 2.381000  0.000039 0.000031 0.000087 0.000204 0.000098 0.000051 
6303680 nbody 1 1632 56 1.188000 1.459000  0.000040 0.000033 0.000091 0.000199 0.000097 0.000050 
6303680 nbody 1 1632 56 1.188000 2.151000  0.000051 0.000033 0.000092 0.000218 0.000098 0.000050 
6303680 nbody 1 1632 56 1.188000 1.536000  0.000032 0.000029 0.000088 0.000194 0.000090 0.000047 
6303744 nbody 1 1632 56 1.188000 1.998000  0.000037 0.000032 0.000087 0.000184 0.000092 0.000048 
6303744 nbody 1 1632 56 1.188000 1.613000  0.000034 0.000030 0.000084 0.000173 0.000085 0.000046 
6303744 nbody 1 1632 57 1.188000 1.614000  0.000034 0.000031 0.000087 0.000200 0.000093 0.000049 
6303808 nbody 1 1632 57 1.188000 1.613000  0.000033 0.000030 0.000083 0.000171 0.000085 0.000045 
6303808 nbody 1 1632 56 1.188000 2.152000  0.000038 0.000031 0.000084 0.000178 0.000086 0.000046 
6303808 nbody 1 1632 56 1.188000 1.613000  0.000035 0.000029 0.000081 0.000160 0.000092 0.000047 
6303872 nbody 1 1632 57 1.188000 2.151000  0.000057 0.000033 0.000089 0.000212 0.000099 0.000050 
6303872 nbody 1 1632 57 1.188000 1.459000  0.000034 0.000029 0.000081 0.000158 0.000085 0.000045 
6303872 nbody 1 1632 56 1.188000 1.536000  0.000039 0.000032 0.000088 0.000196 0.000096 0.000049 
6303936 nbody 1 1632 57 1.188000 1.613000  0.000035 0.000029 0.000082 0.000174 0.000084 0.000045 
6303936 nbody 1 1632 57 1.188000 1.689000  0.000036 0.000031 0.000087 0.000186 0.000092 0.000048 
6303936 nbody 1 1632 57 1.188000 1.843000  0.000046 0.000029 0.000082 0.000171 0.000084 0.000045 
6304000 nbody 1 1632 57 1.188000 1.690000  0.000040 0.000031 0.000087 0.000198 0.000093 0.000049 
6304000 nbody 1 1632 57 1.188000 1.690000  0.000039 0.000031 0.000086 0.000201 0.000090 0.000047 
6304000 nbody 1 1632 57 1.188000 1.843000  0.000035 0.000045 0.000108 0.000256 0.000129 0.000062 
6304064 nbody 1 1632 57 1.188000 1.843000  0.000265 0.000179 0.000439 0.000898 0.000346 0.000165 
6304064 nbody 1 1632 57 1.188000 1.843000  0.000033 0.000743 0.001722 0.001515 0.000729 0.000411 
6304128 nbody 1 1632 58 1.188000 1.767000  0.000034 0.000031 0.000083 0.000174 0.000088 0.000046 
6304128 nbody 1 1632 58 1.188000 1.460000  0.000033 0.000028 0.000080 0.000164 0.000082 0.000044 
6304128 nbody 1 1632 58 1.188000 1.461000  0.000036 0.000030 0.000081 0.000162 0.000095 0.000048 
6304192 nbody 1 1632 58 1.188000 1.537000  0.000033 0.000028 0.000079 0.000167 0.000082 0.000043 
6304192 nbody 1 1632 58 1.188000 2.000000  0.000034 0.000029 0.000080 0.000173 0.000087 0.000045 
6304192 nbody 1 1632 57 1.188000 1.613000  0.000032 0.000028 0.000077 0.000162 0.000081 0.000043 
6304256 nbody 1 1632 57 1.188000 2.227000  0.000033 0.000030 0.000081 0.000171 0.000086 0.000045 
6304256 nbody 1 1632 57 1.188000 1.613000  0.000033 0.000028 0.000078 0.000170 0.000081 0.000043 
6304256 nbody 1 1632 57 1.188000 1.920000  0.000032 0.000029 0.000079 0.000166 0.000085 0.000045 
6304320 nbody 1 1632 57 1.188000 2.381000  0.000034 0.000029 0.000080 0.000169 0.000085 0.000044 
6304320 nbody 1 1632 57 1.188000 1.920000  0.000033 0.000029 0.000080 0.000167 0.000085 0.000044 
6304320 nbody 1 1632 58 1.188000 2.765000  0.000044 0.000029 0.000079 0.000175 0.000087 0.000045 
6304384 nbody 1 1632 58 1.188000 1.382000  0.000031 0.000029 0.000079 0.000163 0.000083 0.000044 
6304384 nbody 1 1632 58 1.188000 2.534000  0.000032 0.000028 0.000079 0.000164 0.000085 0.000044 
6304384 nbody 1 1632 58 1.188000 1.460000  0.000031 0.000029 0.000078 0.000162 0.000082 0.000044 
6304448 nbody 1 1632 58 1.188000 1.922000  0.000033 0.000028 0.000076 0.000163 0.000084 0.000043 
6304448 nbody 1 1632 58 1.188000 1.536000  0.000030 0.000028 0.000076 0.000158 0.000082 0.000043 
6304448 nbody 1 1632 58 1.188000 1.537000  0.000046 0.000029 0.000078 0.000165 0.000084 0.000043 
6304512 nbody 1 1632 57 1.188000 1.536000  0.000037 0.000028 0.000078 0.000166 0.000083 0.000043 
6304512 nbody 1 1632 57 1.188000 1.614000  0.000034 0.000027 0.000075 0.000165 0.000082 0.000043 
6304512 nbody 1 1632 58 1.188000 1.691000  1.184655 0.572108 0.876322 1.184871 -1.220839 0.519201 
6304576 nbody 1 1632 58 1.188000 1.845000  0.000060 0.000053 0.000144 0.000286 0.000153 0.000081 
6304576 nbody 1 1632 58 1.188000 1.690000  0.000042 0.000027 0.000074 0.000153 0.000076 0.000041 
6304640 nbody 1 1632 58 1.188000 2.075000  0.000031 0.000029 0.000081 0.000193 0.000088 0.000045 
6304640 nbody 1 1632 58 1.188000 1.690000  0.000029 0.000026 0.000072 0.000149 0.000075 0.000040 
6304640 nbody 1 1632 57 1.188000 2.227000  0.000035 0.000028 0.000079 0.000178 0.000085 0.000044 
6304704 nbody 1 1632 57 1.188000 1.459000  0.000041 0.000026 0.000073 0.000152 0.000074 0.000040 
6304704 nbody 1 1632 58 1.188000 2.075000  0.000038 0.000028 0.000079 0.000183 0.000085 0.000044 
6304704 nbody 1 1632 58 1.188000 2.382000  0.000048 0.000029 0.000078 0.000183 0.000086 0.000044 
6304768 nbody 1 1632 58 1.188000 1.613000  0.000050 0.000030 0.000079 0.000181 0.000085 0.000044 
6304768 nbody 1 1632 58 1.188000 2.457000  0.000037 0.000027 0.000077 0.000177 0.000084 0.000043 
6304768 nbody 1 1632 58 1.188000 1.613000  0.000041 0.000027 0.000074 0.000155 0.000079 0.000042 
6304832 nbody 1 1632 58 1.188000 1.844000  0.000046 0.000027 0.000075 0.000187 0.000081 0.000044 
6304832 nbody 1 1632 58 1.188000 1.536000  0.000029 0.000027 0.000074 0.000153 0.000078 0.000041 
6304832 nbody 1 1632 58 1.188000 1.537000  0.000031 0.000027 0.000073 0.000154 0.000078 0.000041 
6304896 nbody 1 1632 58 1.188000 1.536000  0.000028 0.000026 0.000072 0.000139 0.000078 0.000041 
6304896 nbody 1 1632 58 1.188000 1.845000  0.000031 0.000026 0.000073 0.000154 0.000077 0.000040 
6304896 nbody 1 1632 58 1.188000 1.536000  0.000029 0.000026 0.000070 0.000144 0.000073 0.000039 
6304960 nbody 1 1632 58 1.188000 1.998000  0.000031 0.000026 0.000071 0.000321 0.000094 0.000046 
6304960 nbody 1 1632 58 1.188000 1.536000  0.000028 0.000024 0.000068 0.000145 0.000071 0.000038 
6304960 nbody 1 1632 58 1.188000 2.381000  0.000038 0.000027 0.000074 0.000179 0.000083 0.000042 
6305024 nbody 1 1632 58 1.188000 1.613000  0.000047 0.000027 0.000073 0.000175 0.000073 0.000039 
6305024 nbody 1 1632 58 1.188000 2.227000  0.000047 0.000028 0.000076 0.000186 0.000083 0.000042 
6305024 nbody 1 1632 58 1.188000 1.997000  0.000027 0.000026 0.000073 0.000193 0.000075 0.000039 
6305088 nbody 1 1632 58 1.188000 1.920000  0.000044 0.000027 0.000076 0.000171 0.000081 0.000041 
6305088 nbody 1 1632 58 1.188000 2.613000  0.000049 0.000027 0.000073 0.000165 0.000078 0.000040 
6305152 nbody 1 1632 58 1.188000 1.613000  0.000029 0.000025 0.000069 0.000147 0.000075 0.000039 
6305152 nbody 1 1632 59 1.188000 2.688000  0.000029 0.000026 0.000070 0.000147 0.000074 0.000039 
6305152 nbody 1 1632 59 1.188000 1.767000  0.000038 0.000026 0.000070 0.000146 0.000075 0.000039 
6305216 nbody 1 1632 59 1.188000 2.152000  0.000032 0.000025 0.000071 0.000164 0.000082 0.000042 
6305216 nbody 1 1632 59 1.188000 1.536000  0.000027 0.000026 0.000070 0.000143 0.000075 0.000039 
6305216 nbody 1 1632 58 1.188000 1.537000  0.000035 0.000028 0.000073 0.000257 0.000088 0.000043 
6305280 nbody 1 1632 58 1.188000 1.536000  0.000032 0.000027 0.000070 0.000149 0.000072 0.000038 
6305280 nbody 1 1632 58 1.188000 2.075000  0.000034 0.000026 0.000072 0.000173 0.000079 0.000041 
6305280 nbody 1 1632 58 1.188000 1.767000  0.000028 0.000024 0.000067 0.000146 0.000072 0.000038 
6305344 nbody 1 1632 58 1.188000 2.691000  0.000030 0.000025 0.000069 0.000149 0.000073 0.000038 
6305344 nbody 1 1632 59 1.188000 2.918000  0.000036 0.000025 0.000069 0.000154 0.000073 0.000038 
6305344 nbody 1 1632 59 1.188000 2.152000  0.000029 0.000025 0.000068 0.000143 0.000073 0.000038 
6305408 nbody 1 1632 58 1.188000 1.767000  0.000027 0.000024 0.000066 0.000137 0.000068 0.000036 
6305408 nbody 1 1632 58 1.188000 2.229000  0.000029 0.000025 0.000068 0.000144 0.000072 0.000038 
6305408 nbody 1 1632 59 1.188000 1.843000  0.000028 0.000023 0.000064 0.000136 0.000068 0.000036 
6305472 nbody 1 1632 59 1.188000 1.844000  0.000029 0.000024 0.000067 0.000141 0.000071 0.000037 
6305472 nbody 1 1632 59 1.188000 1.690000  0.000033 0.000025 0.000068 0.000146 0.000072 0.000038 
6305472 nbody 1 1632 59 1.188000 1.461000  0.000028 0.000024 0.000066 0.000141 0.000071 0.000037 
6305536 nbody 1 1632 59 1.188000 1.537000  0.000027 0.000024 0.000067 0.000138 0.000071 0.000037 
6305536 nbody 1 1632 59 1.188000 1.998000  0.000038 0.000024 0.000067 0.000139 0.000070 0.000037 
6305536 nbody 1 1632 59 1.188000 1.536000  0.000027 0.000023 0.000064 0.000135 0.000067 0.000035 
6305600 nbody 1 1632 58 1.188000 2.304000  0.000031 0.000025 0.000068 0.000160 0.000074 0.000038 
6305600 nbody 1 1632 58 1.188000 1.536000  0.000026 0.000022 0.000062 0.000122 0.000065 0.000035 
6305664 nbody 1 1632 58 1.188000 1.843000  0.000033 0.000025 0.000070 0.000164 0.000076 0.000039 
6305664 nbody 1 1632 58 1.188000 1.843000  0.000025 0.000023 0.000063 0.000130 0.000065 0.000035 
6305664 nbody 1 1632 58 1.188000 2.381000  0.000035 0.000025 0.000068 0.000158 0.000074 0.000038 
6305728 nbody 1 1632 58 1.188000 1.613000  0.000030 0.000022 0.000061 0.000143 0.000065 0.000035 
6305728 nbody 1 1632 58 1.188000 1.843000  0.000038 0.000025 0.000068 0.000154 0.000074 0.000038 
6305728 nbody 1 1632 58 1.188000 2.918000  0.000031 0.000023 0.000065 0.000158 0.000069 0.000036 
6305792 nbody 1 1632 58 1.188000 1.459000  0.000026 0.000022 0.000061 0.000120 0.000065 0.000034 
6305792 nbody 1 1632 58 1.188000 1.613000  0.000027 0.000023 0.000063 0.000126 0.000069 0.000036 
6305792 nbody 1 1632 58 1.188000 1.460000  0.000025 0.000022 0.000062 0.000130 0.000065 0.000034 
6305856 nbody 1 1632 59 1.188000 1.460000  0.000026 0.000024 0.000064 0.000136 0.000069 0.000036 
6305856 nbody 1 1632 59 1.188000 1.460000  0.000026 0.000022 0.000062 0.000130 0.000064 0.000034 
6305856 nbody 1 1632 59 1.188000 2.304000  0.000026 0.000023 0.000064 0.000135 0.000068 0.000035 
6305920 nbody 1 1632 59 1.188000 1.536000  0.000026 0.000022 0.000060 0.000121 0.000063 0.000034 
6305920 nbody 1 1632 59 1.188000 2.151000  0.000026 0.000023 0.000062 0.000133 0.000067 0.000035 
6305920 nbody 1 1632 59 1.188000 1.690000  0.000044 0.000023 0.000063 0.000148 0.000065 0.000034 
6305984 nbody 1 1632 59 1.188000 1.537000  0.000024 0.000023 0.000062 0.000132 0.000067 0.000035 
6305984 nbody 1 1632 59 1.188000 1.614000  0.000035 0.000022 0.000061 0.000127 0.000063 0.000033 
6306048 nbody 1 1632 59 1.188000 1.922000  0.000025 0.000023 0.000064 0.000142 0.000072 0.000037 
6306048 nbody 1 1632 58 1.188000 1.383000  0.000035 0.000023 0.000064 0.000146 0.000068 0.000035 
6306048 nbody 1 1632 58 1.188000 1.459000  0.000038 0.000024 0.000065 0.000145 0.000071 0.000036 
6306112 nbody 1 1632 59 1.188000 2.075000  0.000024 0.000022 0.000063 0.000133 0.000067 0.000035 
6306112 nbody 1 1632 59 1.188000 1.691000  0.000029 0.000024 0.000065 0.000150 0.000072 0.000036 
6306112 nbody 1 1632 58 1.188000 1.766000  0.000026 0.000022 0.000061 0.000121 0.000065 0.000034 
6306176 nbody 1 1632 58 1.188000 1.536000  0.000024 0.000022 0.000061 0.000117 0.000066 0.000035 
6306176 nbody 1 1632 59 1.188000 2.534000  0.000028 0.000022 0.000061 0.000128 0.000065 0.000034 
6306176 nbody 1 1632 59 1.188000 1.614000  0.000028 0.000024 0.000064 0.000143 0.000070 0.000036 
6306240 nbody 1 1632 59 1.188000 1.536000  0.000028 0.000022 0.000062 0.000144 0.000069 0.000036 
6306240 nbody 1 1632 59 1.188000 1.691000  0.000024 0.000022 0.000060 0.000124 0.000061 0.000033 
6306240 nbody 1 1632 59 1.188000 1.693000  0.000025 0.000022 0.000061 0.000130 0.000066 0.000034 
6306304 nbody 1 1632 59 1.188000 1.613000  0.223525 0.054652 0.118633 0.223693 0.063026 0.027353 
6306304 nbody 1 1632 59 1.188000 2.230000  0.000042 0.000024 0.000065 0.000156 0.000073 0.000037 
6306304 nbody 1 1632 59 1.188000 1.613000  0.000024 0.000021 0.000059 0.000123 0.000061 0.000032 
6306368 nbody 1 1632 59 1.188000 2.151000  0.000030 0.000023 0.000064 0.000148 0.000070 0.000036 
6306368 nbody 1 1632 59 1.188000 1.536000  0.000032 0.000021 0.000059 0.000122 0.000060 0.000033 
6306368 nbody 1 1632 59 1.188000 2.228000  0.000029 0.000023 0.000064 0.000143 0.000069 0.000035 
6306432 nbody 1 1632 59 1.188000 1.613000  0.000023 0.000021 0.000059 0.000120 0.000060 0.000032 
6306432 nbody 1 1632 59 1.188000 2.229000  0.000026 0.000021 0.000063 0.000143 0.000070 0.000038 
6306432 nbody 1 1632 59 1.188000 1.536000  0.000025 0.000021 0.000059 0.000132 0.000063 0.000033 
6306496 nbody 1 1632 59 1.188000 1.690000  0.000024 0.000022 0.000078 0.000164 0.000077 0.000044 
6306496 nbody 1 1632 59 1.188000 3.302000  0.000025 0.000022 0.000060 0.000128 0.000064 0.000034 
6306560 nbody 1 1632 59 1.188000 1.690000  0.000030 0.000023 0.000062 0.000142 0.000068 0.000035 
6306560 nbody 1 1632 59 1.188000 2.228000  0.000033 0.000022 0.000061 0.000135 0.000065 0.000034 
6306560 nbody 1 1632 59 1.188000 1.537000  0.000027 0.000023 0.000062 0.000140 0.000067 0.000035 
6306624 nbody 1 1632 59 1.188000 1.459000  0.000181 0.000128 0.000265 0.000536 0.000214 0.000104 
6306624 nbody 1 1632 59 1.188000 1.536000  0.000033 0.000376 0.000858 0.000699 0.000365 0.000208 
6306624 nbody 1 1632 59 1.188000 1.537000  0.000024 0.000022 0.000060 0.000127 0.000064 0.000033 
6306688 nbody 1 1632 59 1.188000 1.613000  0.000032 0.000021 0.000058 0.000120 0.000060 0.000032 
6306688 nbody 1 1632 59 1.188000 1.767000  0.000024 0.000021 0.000058 0.000125 0.000063 0.000033 
6306688 nbody 1 1632 59 1.188000 1.537000  0.000024 0.000020 0.000056 0.000120 0.000059 0.000031 
6306752 nbody 1 1632 59 1.188000 2.000000  0.000025 0.000022 0.000059 0.000124 0.000063 0.000033 
6306752 nbody 1 1632 59 1.188000 1.536000  0.000023 0.000021 0.000057 0.000118 0.000059 0.000031 
6306752 nbody 1 1632 59 1.188000 2.229000  0.000024 0.000022 0.000059 0.000126 0.000063 0.000033 
6306816 nbody 1 1632 59 1.188000 1.997000  0.000024 0.000021 0.000057 0.000118 0.000059 0.000031 
6306816 nbody 1 1632 59 1.188000 2.304000  0.000022 0.000021 0.000058 0.000112 0.000062 0.000033 
6306816 nbody 1 1632 59 1.188000 1.613000  0.000024 0.000021 0.000056 0.000118 0.000080 0.000038 
6306880 nbody 1 1632 59 1.188000 2.227000  0.000023 0.000021 0.000058 0.000121 0.000062 0.000033 
6306880 nbody 1 1632 59 1.188000 1.536000  0.000023 0.000020 0.000056 0.000117 0.000058 0.000031 
6306880 nbody 1 1632 60 1.188000 2.153000  0.000032 0.000021 0.000058 0.000122 0.000062 0.000033 
6306944 nbody 1 1632 59 1.188000 2.380000  0.000025 0.000021 0.000058 0.000122 0.000061 0.000032 
6306944 nbody 1 1632 59 1.188000 1.920000  0.000023 0.000021 0.000057 0.000117 0.000061 0.000032 
6307008 nbody 1 1632 59 1.188000 2.841000  0.000071 0.000025 0.000063 0.000283 0.000096 0.000045 
6307008 nbody 1 1632 59 1.188000 1.690000  0.000023 0.000021 0.000057 0.000117 0.000061 0.000032 
6307008 nbody 1 1632 60 1.188000 1.612000  0.000046 0.000023 0.000060 0.000136 0.000063 0.000033 
6307072 nbody 1 1632 60 1.188000 1.997000  0.000022 0.000020 0.000056 0.000108 0.000060 0.000032 
6307072 nbody 1 1632 60 1.188000 1.844000  0.000024 0.000021 0.000057 0.000119 0.000060 0.000032 
6307072 nbody 1 1632 60 1.188000 1.843000  0.000022 0.000019 0.000054 0.000105 0.000056 0.000030 
6307136 nbody 1 1632 60 1.188000 1.614000  0.000024 0.000021 0.000057 0.000120 0.000060 0.000031 
6307136 nbody 1 1632 60 1.188000 1.459000  0.258678 0.061249 0.132420 0.258837 0.071313 0.030864 
6307136 nbody 1 1632 60 1.188000 1.768000  0.000047 0.000041 0.000111 0.000251 0.000125 0.000063 
6307200 nbody 1 1632 60 1.188000 1.537000  0.000023 0.000019 0.000053 0.000106 0.000056 0.000030 
6307200 nbody 1 1632 60 1.188000 2.229000  0.000023 0.000020 0.000056 0.000119 0.000059 0.000031 
6307200 nbody 1 1632 60 1.188000 1.536000  0.000023 0.000019 0.000053 0.000113 0.000055 0.000029 
6307264 nbody 1 1632 60 1.188000 2.227000  0.000022 0.000020 0.000055 0.000116 0.000060 0.000031 
6307264 nbody 1 1632 59 1.188000 1.843000  0.000022 0.000019 0.000052 0.000109 0.000055 0.000029 
6307264 nbody 1 1632 59 1.188000 2.382000  0.000022 0.000020 0.000054 0.000158 0.000061 0.000032 
6307328 nbody 1 1632 59 1.188000 1.536000  0.000024 0.000020 0.000055 0.000120 0.000059 0.000031 
6307328 nbody 1 1632 59 1.188000 1.537000  0.000030 0.000020 0.000055 0.000114 0.000058 0.000031 
6307328 nbody 1 1632 60 1.188000 2.151000  0.000024 0.000020 0.000054 0.000107 0.000058 0.000030 
6307392 nbody 1 1632 60 1.188000 1.768000  0.000023 0.000020 0.000055 0.000116 0.000059 0.000030 
6307392 nbody 1 1632 60 1.188000 2.227000  0.000022 0.000020 0.000054 0.000340 0.000085 0.000040 
6307392 nbody 1 1632 60 1.188000 1.537000  0.000022 0.000019 0.000053 0.000104 0.000069 0.000035 
6307456 nbody 1 1632 60 1.188000 2.458000  0.000025 0.000020 0.000056 0.000134 0.000063 0.000031 
6307456 nbody 1 1632 59 1.188000 1.767000  0.000024 0.000020 0.000057 0.000132 0.000063 0.000032 
6307520 nbody 1 1632 59 1.188000 1.613000  0.000030 0.000020 0.000056 0.000128 0.000061 0.000031 
6307520 nbody 1 1632 59 1.188000 1.536000  0.000027 0.000021 0.000057 0.000128 0.000060 0.000031 
6307520 nbody 1 1632 59 1.188000 1.537000  0.000023 0.000019 0.000053 0.000112 0.000058 0.000030 
6307584 nbody 1 1632 59 1.188000 2.382000  0.000021 0.000018 0.000051 0.000107 0.000053 0.000028 
6307584 nbody 1 1632 59 1.188000 1.614000  0.000024 0.000020 0.000054 0.000122 0.000058 0.000030 
6307584 nbody 1 1632 59 1.188000 1.613000  0.000021 0.000018 0.000051 0.000108 0.000054 0.000028 
6307648 nbody 1 1632 59 1.188000 2.076000  0.000022 0.000020 0.000053 0.000113 0.000057 0.000029 
6307648 nbody 1 1632 60 1.188000 1.690000  0.000033 0.000019 0.000051 0.000117 0.000054 0.000029 
6307648 nbody 1 1632 59 1.188000 2.151000  0.000024 0.000019 0.000052 0.000120 0.000059 0.000031 
6307712 nbody 1 1632 59 1.188000 1.536000  0.000021 0.000018 0.000051 0.000122 0.000055 0.000029 
6307712 nbody 1 1632 59 1.188000 1.843000  0.000022 0.000019 0.000053 0.000111 0.000056 0.000029 
6307712 nbody 1 1632 59 1.188000 1.536000  0.000028 0.000018 0.000051 0.000105 0.000052 0.000028 
6307776 nbody 1 1632 59 1.188000 2.151000  0.000025 0.000019 0.000054 0.000120 0.000058 0.000030 
6307776 nbody 1 1632 59 1.188000 1.536000  0.000022 0.000019 0.000052 0.000112 0.000056 0.000029 
6307776 nbody 1 1632 59 1.188000 2.230000  0.000022 0.000019 0.000052 0.000102 0.000056 0.000029 
6307840 nbody 1 1632 59 1.188000 2.841000  0.000022 0.000019 0.000052 0.000113 0.000055 0.000029 
6307840 nbody 1 1632 59 1.188000 1.613000  0.000023 0.000019 0.000054 0.000123 0.000059 0.000030 
6307840 nbody 1 1632 59 1.188000 2.458000  0.000021 0.000019 0.000052 0.000113 0.000056 0.000029 
6307904 nbody 1 1632 59 1.188000 1.844000  0.000155 0.000111 0.000304 0.000724 0.000343 0.000181 
6307904 nbody 1 1632 60 1.188000 1.691000  0.000022 0.000029 0.000069 0.000203 0.000074 0.000040 
6307968 nbody 1 1632 60 1.188000 1.536000  0.000021 0.000018 0.000049 0.000121 0.000053 0.000028 
6307968 nbody 1 1632 60 1.188000 1.612000  0.000022 0.000019 0.000054 0.000126 0.000057 0.000029 
6307968 nbody 1 1632 60 1.188000 1.613000  0.000021 0.000017 0.000049 0.000120 0.000053 0.000028 
6308032 nbody 1 1632 60 1.188000 1.845000  0.000021 0.000019 0.000051 0.000157 0.000063 0.000032 
6308032 nbody 1 1632 60 1.188000 1.536000  0.000020 0.000017 0.000048 0.000118 0.000053 0.000028 
6308032 nbody 1 1632 60 1.188000 2.227000  0.000052 0.000021 0.000057 0.000177 0.000065 0.000035 
6308096 nbody 1 1632 60 1.188000 1.690000  0.000046 0.000021 0.000055 0.000163 0.000063 0.000031 
6308096 nbody 1 1632 60 1.188000 1.612000  0.000022 0.000021 0.000055 0.000138 0.000060 0.000031 
6308096 nbody 1 1632 60 1.188000 2.763000  0.000047 0.000021 0.000055 0.000125 0.000059 0.000030 
6308160 nbody 1 1632 60 1.188000 1.613000  0.000024 0.000019 0.000057 0.000141 0.000061 0.000032 
6308160 nbody 1 1632 59 1.188000 2.534000  0.000022 0.000021 0.000055 0.000134 0.000062 0.000031 
6308160 nbody 1 1632 59 1.188000 1.614000  0.000021 0.000021 0.000056 0.000135 0.000063 0.000032 
6308224 nbody 1 1632 60 1.188000 1.844000  0.000119 0.000037 0.000083 0.000233 0.000084 0.000040 
6308224 nbody 1 1632 59 1.188000 1.459000  0.000020 0.000017 0.000047 0.000120 0.000052 0.000027 
6308288 nbody 1 1632 59 1.188000 2.151000  0.000049 0.000021 0.000056 0.000163 0.000062 0.000031 
6308288 nbody 1 1632 60 1.188000 1.536000  0.000023 0.000021 0.000055 0.000141 0.000054 0.000029 
6308288 nbody 1 1632 60 1.188000 2.227000  0.000022 0.000020 0.000071 0.000204 0.000076 0.000036 
6308352 nbody 1 1632 60 1.188000 1.459000  0.000019 0.000019 0.000052 0.000116 0.000052 0.000028 
6308352 nbody 1 1632 60 1.188000 2.153000  0.000025 0.000021 0.000056 0.000141 0.000060 0.000031 
6308352 nbody 1 1632 59 1.188000 1.460000  0.000020 0.000018 0.000050 0.000132 0.000057 0.000029 
6308416 nbody 1 1632 59 1.188000 1.383000  0.000023 0.000019 0.000051 0.000135 0.000059 0.000030 
6308416 nbody 1 1632 60 1.188000 2.305000  0.000024 0.000018 0.000049 0.000207 0.000068 0.000033 
6308416 nbody 1 1632 60 1.188000 1.613000  0.000043 0.000021 0.000056 0.000156 0.000061 0.000031 
6308480 nbody 1 1632 59 1.188000 2.381000  0.000042 0.000019 0.000051 0.000118 0.000057 0.000029 
6308480 nbody 1 1632 59 1.188000 1.382000  0.000023 0.000021 0.000055 0.000132 0.000061 0.000030 
6308480 nbody 1 1632 59 1.188000 1.382000  0.000022 0.000017 0.000052 0.000127 0.000056 0.000030 
6308544 nbody 1 1632 59 1.188000 1.382000  0.000022 0.000017 0.000052 0.000127 0.000056 0.000030 
6308544 nbody 1 1632 59 1.188000 1.382000  0.000046 0.000020 0.000054 0.000157 0.000060 0.000030 
6308544 nbody 1 1632 59 1.188000 1.383000  0.000020 0.000018 0.000054 0.000128 0.000057 0.000030 
6308608 nbody 1 1632 59 1.188000 1.461000  0.000022 0.000018 0.000050 0.000250 0.000080 0.000036 
6308608 nbody 1 1632 59 1.188000 1.382000  0.000018 0.000016 0.000046 0.000089 0.000047 0.000026 
