#Timestamp	Benchmark	Run(#)	CPU Frequency (MHz)	CPU Temperature(C)	CPU Voltage(V)	CPU Power(W)	CPU_CYCLES	L1_DATA_CACHE_ACCESS	INSTRUCTIONS_RETIRED	BUS_CYCLES	L1I_CACHE_ACCESS	PREDICTABLE_BRANCH_SPECULATIVELY_EXECUTED
5482688 nbody 1 1132 44 1.072000 1.467000  0.000021 0.000016 0.000047 0.000098 0.000059 0.000029 
5482688 nbody 1 1132 45 1.072000 1.311000  0.000081 0.000065 0.000178 0.000374 0.000190 0.000101 
5482752 nbody 1 1132 45 1.072000 1.542000  0.000085 0.000066 0.000182 0.000426 0.000200 0.000104 
5482752 nbody 1 1132 45 1.072000 1.618000  0.000100 0.000064 0.000177 0.000444 0.000201 0.000103 
5482752 nbody 1 1132 45 1.072000 1.465000  0.000083 0.000084 0.000210 0.000603 0.000202 0.000126 
5482816 nbody 1 1132 45 1.072000 1.619000  0.000090 0.000064 0.000176 0.000391 0.000195 0.000101 
5482816 nbody 1 1132 46 1.072000 1.996000  0.000150 0.000067 0.000195 0.000501 0.000191 0.000102 
5482816 nbody 1 1132 46 1.072000 1.689000  0.000081 0.000073 0.000191 0.000439 0.000207 0.000105 
5482880 nbody 1 1132 47 1.072000 0.845000  0.000068 0.000070 0.000184 0.000402 0.000196 0.000100 
5482880 nbody 1 1132 47 1.072000 0.845000  0.000141 0.000071 0.000201 0.000501 0.000220 0.000109 
5482944 nbody 1 1132 48 1.072000 1.460000  0.000139 0.000068 0.000192 0.000478 0.000195 0.000099 
5482944 nbody 1 1132 48 1.072000 0.845000  0.000077 0.000070 0.000187 0.000439 0.000209 0.000105 
5482944 nbody 1 1132 48 1.072000 1.076000  0.000073 0.000070 0.000187 0.000505 0.000213 0.000109 
5483008 nbody 1 1132 49 1.072000 0.921000  0.000063 0.000055 0.000170 0.000362 0.000170 0.000094 
5483008 nbody 1 1132 49 1.072000 1.000000  0.000080 0.000061 0.000179 0.000434 0.000203 0.000102 
5483008 nbody 1 1132 49 1.072000 0.845000  0.000062 0.000055 0.000178 0.000429 0.000176 0.000094 
5483072 nbody 1 1132 49 1.072000 1.152000  0.000122 0.000066 0.000172 0.000452 0.000192 0.000100 
5483072 nbody 1 1132 49 1.072000 0.845000  0.000061 0.000054 0.000222 0.000603 0.000205 0.000106 
5483072 nbody 1 1132 50 1.072000 1.229000  0.000073 0.000066 0.000175 0.000455 0.000197 0.000098 
5483136 nbody 1 1132 50 1.072000 0.768000  0.000141 0.000069 0.000180 0.000706 0.000229 0.000115 
5483136 nbody 1 1132 50 1.072000 0.845000  0.000067 0.000064 0.000174 0.000469 0.000197 0.000102 
5483200 nbody 1 1132 50 1.072000 1.152000  0.000064 0.000062 0.000164 0.000365 0.000181 0.000092 
5483200 nbody 1 1132 50 1.072000 0.845000  0.000118 0.000062 0.000176 0.000441 0.000185 0.000096 
5483200 nbody 1 1132 50 1.072000 1.307000  0.000070 0.000063 0.000167 0.000392 0.000196 0.000096 
5483264 nbody 1 1132 50 1.072000 0.845000  0.000059 0.000051 0.000155 0.000747 0.000226 0.000107 
5483264 nbody 1 1132 50 1.072000 0.922000  0.000073 0.000057 0.000169 0.000534 0.000196 0.000099 
5483264 nbody 1 1132 50 1.072000 0.922000  0.000060 0.000051 0.000153 0.000342 0.000154 0.000085 
5483328 nbody 1 1132 50 1.072000 1.152000  0.000065 0.000062 0.000165 0.000438 0.000232 0.000112 
5483328 nbody 1 1132 50 1.072000 0.922000  0.000056 0.000050 0.000150 0.000323 0.000153 0.000084 
5483328 nbody 1 1132 50 1.072000 1.382000  0.000125 0.000062 0.000175 0.000430 0.000182 0.000095 
5483392 nbody 1 1132 50 1.072000 0.845000  -0.568002 -0.030748 -0.257090 -0.567970 -0.762088 0.454825 
5483392 nbody 1 1132 50 1.072000 1.229000  0.000068 0.000061 0.000164 0.000441 0.000187 0.000096 
5483456 nbody 1 1132 51 1.072000 0.922000  0.000058 0.000050 0.000153 0.000332 0.000152 0.000084 
5483456 nbody 1 1132 51 1.072000 0.845000  0.000060 0.000052 0.000159 0.000467 0.000184 0.000096 
5483456 nbody 1 1132 51 1.072000 0.845000  0.000060 0.000058 0.000153 0.000355 0.000166 0.000085 
5483520 nbody 1 1132 51 1.072000 1.306000  0.000116 0.000059 0.000180 0.000589 0.000209 0.000102 
5483520 nbody 1 1132 51 1.072000 1.691000  0.000065 0.000058 0.000247 0.000634 0.000231 0.000111 
5483520 nbody 1 1132 51 1.072000 0.999000  0.000115 0.000060 0.000171 0.000426 0.000188 0.000093 
5483584 nbody 1 1132 51 1.072000 0.999000  0.000062 0.000053 0.000161 0.000385 0.000184 0.000091 
5483584 nbody 1 1132 51 1.072000 0.922000  0.000053 0.000047 0.000191 0.000472 0.000189 0.000094 
5483584 nbody 1 1132 51 1.072000 1.152000  0.000066 0.000060 0.000157 0.000412 0.000169 0.000086 
5483648 nbody 1 1132 51 1.072000 0.845000  0.000052 0.000047 0.000189 0.000522 0.000175 0.000091 
5483648 nbody 1 1132 51 1.072000 1.229000  0.000060 0.000058 0.000154 0.000405 0.000169 0.000088 
5483712 nbody 1 1132 51 1.072000 0.845000  0.000356 0.000085 0.000199 0.000607 0.000189 0.000095 
5483712 nbody 1 1132 51 1.072000 1.152000  0.000053 0.000054 0.000145 0.000381 0.000164 0.000085 
5483712 nbody 1 1132 51 1.072000 0.845000  0.000105 0.000054 0.000144 0.000371 0.000157 0.000083 
5483776 nbody 1 1132 51 1.072000 0.845000  0.000065 0.000056 0.000152 0.000405 0.000169 0.000085 
5483776 nbody 1 1132 51 1.072000 1.536000  0.000059 0.000048 0.000165 0.000478 0.000169 0.000087 
5483776 nbody 1 1132 51 1.072000 0.922000  0.000050 0.000050 0.000135 0.000291 0.000143 0.000075 
5483840 nbody 1 1132 51 1.072000 0.922000  0.000059 0.000054 0.000147 0.000391 0.000161 0.000084 
5483840 nbody 1 1132 51 1.072000 0.998000  0.000052 0.000045 0.000135 0.000300 0.000134 0.000074 
5483840 nbody 1 1132 51 1.072000 1.307000  0.000067 0.000049 0.000147 0.000359 0.000163 0.000082 
5483904 nbody 1 1132 51 1.072000 1.459000  0.000052 0.000050 0.000134 0.000318 0.000143 0.000074 
5483904 nbody 1 1132 51 1.072000 1.230000  0.000060 0.000055 0.000144 0.000384 0.000162 0.000081 
5483968 nbody 1 1132 51 1.072000 0.845000  0.000049 0.000044 0.000135 0.000286 0.000141 0.000074 
5483968 nbody 1 1132 51 1.072000 1.229000  0.000058 0.000055 0.000148 0.000387 0.000163 0.000081 
5483968 nbody 1 1132 51 1.072000 0.845000  0.000325 0.000076 0.000181 0.000560 0.000174 0.000088 
5484032 nbody 1 1132 51 1.072000 0.923000  0.000054 0.000052 0.000142 0.000380 0.000161 0.000083 
5484032 nbody 1 1132 51 1.072000 1.459000  0.000109 0.000052 0.000158 0.000407 0.000158 0.000082 
5484032 nbody 1 1132 52 1.072000 0.846000  0.000105 0.000053 0.000151 0.000368 0.000155 0.000081 
5484096 nbody 1 1132 51 1.072000 1.459000  0.000051 0.000049 0.000132 0.000293 0.000144 0.000074 
5484096 nbody 1 1132 51 1.072000 0.922000  0.000062 0.000053 0.000141 0.000323 0.000155 0.000077 
5484096 nbody 1 1132 52 1.072000 1.152000  0.000052 0.000051 0.000135 0.000296 0.000144 0.000074 
5484160 nbody 1 1132 52 1.072000 0.922000  0.000056 0.000052 0.000136 0.000289 0.000141 0.000072 
5484160 nbody 1 1132 52 1.072000 0.921000  0.000060 0.000046 0.000190 0.000482 0.000191 0.000093 
5484224 nbody 1 1132 52 1.072000 0.845000  0.000048 0.000042 0.000126 0.000276 0.000133 0.000070 
5484224 nbody 1 1132 52 1.072000 0.922000  0.000054 0.000044 0.000130 0.000308 0.000148 0.000075 
5484224 nbody 1 1132 52 1.072000 0.845000  0.000046 0.000046 0.000123 0.000264 0.000130 0.000068 
5484288 nbody 1 1132 52 1.072000 1.000000  0.000060 0.000053 0.000139 0.000364 0.000153 0.000077 
5484288 nbody 1 1132 52 1.072000 0.845000  0.000047 0.000041 0.000123 0.000264 0.000123 0.000068 
5484288 nbody 1 1132 52 1.072000 1.384000  0.000144 0.000062 0.000155 0.000405 0.000165 0.000080 
5484352 nbody 1 1132 52 1.072000 1.613000  0.000105 0.000051 0.000145 0.000364 0.000161 0.000078 
5484352 nbody 1 1132 52 1.072000 1.075000  0.000094 0.000049 0.000130 0.000345 0.000145 0.000076 
5484352 nbody 1 1132 52 1.072000 1.613000  0.000103 0.000050 0.000141 0.000369 0.000158 0.000077 
5484416 nbody 1 1132 52 1.072000 0.999000  0.000096 0.000048 0.000141 0.000347 0.000155 0.000077 
5484416 nbody 1 1132 52 1.072000 1.537000  0.000109 0.000051 0.000133 0.000322 0.000143 0.000071 
5484480 nbody 1 1132 52 1.072000 0.999000  0.000045 0.000044 0.000120 0.000258 0.000127 0.000066 
5484480 nbody 1 1132 52 1.072000 0.845000  0.000052 0.000041 0.000128 0.000297 0.000144 0.000072 
5484480 nbody 1 1132 52 1.072000 0.845000  0.000045 0.000039 0.000122 0.000263 0.000120 0.000066 
5484544 nbody 1 1132 52 1.072000 0.845000  0.000095 0.000048 0.000140 0.000342 0.000146 0.000075 
5484544 nbody 1 1132 52 1.072000 1.306000  0.000044 0.000039 0.000109 0.000236 0.000120 0.000063 
5484544 nbody 1 1132 52 1.072000 0.923000  0.000045 0.000042 0.000115 0.000234 0.000124 0.000064 
5484608 nbody 1 1132 52 1.072000 0.845000  0.000046 0.000230 0.000496 0.001185 0.000336 0.000146 
5484608 nbody 1 1132 52 1.072000 0.845000  0.000052 0.000047 0.000128 0.000341 0.000145 0.000075 
5484608 nbody 1 1132 52 1.072000 1.459000  0.000047 0.000045 0.000119 0.000354 0.000135 0.000068 
5484672 nbody 1 1132 52 1.072000 1.076000  0.000099 0.000049 0.000138 0.000344 0.000144 0.000090 
5484672 nbody 1 1132 52 1.072000 1.460000  0.000091 0.000045 0.000120 0.000307 0.000129 0.000069 
5484736 nbody 1 1132 52 1.072000 0.922000  0.000090 0.000046 0.000125 0.000327 0.000139 0.000072 
5484736 nbody 1 1132 52 1.072000 1.382000  0.000049 0.000045 0.000123 0.000326 0.000138 0.000071 
5484736 nbody 1 1132 52 1.072000 0.845000  0.000042 0.000037 0.000115 0.000260 0.000121 0.000063 
5484800 nbody 1 1132 52 1.072000 0.921000  0.000052 0.000045 0.000122 0.000328 0.000138 0.000072 
5484800 nbody 1 1132 52 1.072000 0.845000  0.000041 0.000037 0.000112 0.000238 0.000112 0.000061 
5484800 nbody 1 1132 52 1.072000 0.922000  0.000086 0.000045 0.000122 0.000322 0.000136 0.000071 
5484864 nbody 1 1132 52 1.072000 0.922000  0.000042 0.000037 0.000110 0.000233 0.000111 0.000061 
5484864 nbody 1 1132 52 1.072000 1.076000  0.000055 0.000041 0.000121 0.000284 0.000136 0.000068 
5484864 nbody 1 1132 52 1.072000 0.845000  0.000040 0.000036 0.000112 0.000239 0.000116 0.000061 
5484928 nbody 1 1132 52 1.072000 0.845000  0.000049 0.000045 0.000130 0.000359 0.000142 0.000072 
5484928 nbody 1 1132 52 1.072000 1.460000  0.000042 0.000040 0.000108 0.000282 0.000120 0.000064 
5484992 nbody 1 1132 52 1.072000 0.768000  0.000050 0.000039 0.000119 0.000285 0.000134 0.000067 
5484992 nbody 1 1132 52 1.072000 1.459000  0.000043 0.000043 0.000115 0.000256 0.000124 0.000064 
5484992 nbody 1 1132 52 1.072000 1.152000  0.000086 0.000045 0.000128 0.000310 0.000139 0.000069 
5485056 nbody 1 1132 52 1.072000 1.536000  0.000043 0.000038 0.000114 0.000255 0.000123 0.000063 
5485056 nbody 1 1132 52 1.072000 0.922000  0.000083 0.000043 0.000125 0.000308 0.000136 0.000067 
5485056 nbody 1 1132 52 1.072000 1.075000  0.000044 0.000037 0.000113 0.000250 0.000116 0.000063 
5485120 nbody 1 1132 52 1.072000 0.845000  0.000053 0.000071 0.000168 0.000434 0.000179 0.000082 
5485120 nbody 1 1132 52 1.072000 1.230000  0.000050 0.000044 0.000116 0.000314 0.000130 0.000068 
5485120 nbody 1 1132 52 1.072000 1.306000  0.000048 0.000045 0.000118 0.000311 0.000130 0.000067 
5485184 nbody 1 1132 52 1.072000 1.382000  0.000042 0.000083 0.000184 0.000504 0.000176 0.000085 
5485184 nbody 1 1132 52 1.072000 0.921000  0.000083 0.000042 0.000121 0.000300 0.000126 0.000065 
5485248 nbody 1 1132 52 1.072000 1.229000  0.000045 0.000044 0.000117 0.000324 0.000129 0.000066 
5485248 nbody 1 1132 52 1.072000 0.922000  0.000039 0.000034 0.000154 0.000465 0.000151 0.000072 
5485248 nbody 1 1132 52 1.072000 1.229000  0.000043 0.000041 0.000113 0.000298 0.000124 0.000063 
5485312 nbody 1 1132 52 1.072000 0.845000  0.000042 0.000034 0.000106 0.000242 0.000105 0.000066 
5485312 nbody 1 1132 52 1.072000 0.921000  0.000048 0.000043 0.000113 0.000254 0.000122 0.000061 
5485312 nbody 1 1132 52 1.072000 0.845000  0.000038 0.000034 0.000104 0.000223 0.000104 0.000066 
5485376 nbody 1 1132 52 1.072000 0.845000  0.000081 0.000041 0.000120 0.000294 0.000131 0.000065 
5485376 nbody 1 1132 52 1.072000 0.845000  0.000082 0.000042 0.000117 0.000294 0.000130 0.000064 
5485376 nbody 1 1132 52 1.072000 1.229000  0.000080 0.000041 0.000110 0.000291 0.000122 0.000064 
5485440 nbody 1 1132 52 1.072000 1.461000  0.000042 0.000035 0.000104 0.000239 0.000108 0.000058 
5485440 nbody 1 1132 52 1.072000 0.922000  0.000044 0.000039 0.000107 0.000284 0.000120 0.000061 
5485504 nbody 1 1132 52 1.072000 0.998000  0.000083 0.000041 0.000117 0.000286 0.000121 0.000063 
5485504 nbody 1 1132 52 1.072000 0.999000  0.000037 0.000033 0.000102 0.000217 0.000101 0.000056 
5485504 nbody 1 1132 52 1.072000 0.922000  0.000050 0.000042 0.000110 0.000302 0.000125 0.000064 
5485568 nbody 1 1132 52 1.072000 0.845000  0.000041 0.000051 0.000124 0.000340 0.000122 0.000061 
5485568 nbody 1 1132 53 1.072000 1.229000  0.000077 0.000041 0.000107 0.000282 0.000118 0.000062 
5485568 nbody 1 1132 52 1.072000 0.845000  0.000037 0.000033 0.000101 0.000214 0.000100 0.000065 
5485632 nbody 1 1132 52 1.072000 1.152000  0.000048 0.000041 0.000109 0.000252 0.000121 0.000060 
5485632 nbody 1 1132 53 1.072000 0.845000  0.000036 0.000032 0.000091 0.000372 0.000121 0.000062 
5485632 nbody 1 1132 53 1.072000 1.306000  0.000077 0.000040 0.000115 0.000285 0.000125 0.000061 
5485696 nbody 1 1132 52 1.072000 0.845000  0.000044 0.000043 0.000111 0.000298 0.000117 0.000059 
5485696 nbody 1 1132 52 1.072000 0.922000  0.000046 0.000035 0.000105 0.000241 0.000117 0.000059 
5485760 nbody 1 1132 52 1.072000 0.845000  0.000039 0.000034 0.000105 0.000314 0.000113 0.000057 
5485760 nbody 1 1132 52 1.072000 0.845000  0.000075 0.000039 0.000111 0.000277 0.000122 0.000060 
5485760 nbody 1 1132 52 1.072000 1.229000  0.000041 0.000039 0.000103 0.000271 0.000115 0.000057 
5485824 nbody 1 1132 52 1.072000 0.845000  0.000037 0.000032 0.000097 0.000213 0.000096 0.000053 
5485824 nbody 1 1132 52 1.072000 1.076000  0.000044 0.000039 0.000104 0.000274 0.000116 0.000058 
5485824 nbody 1 1132 52 1.072000 0.845000  0.000035 0.000031 0.000097 0.000204 0.000096 0.000051 
5485888 nbody 1 1132 52 1.072000 1.306000  0.000041 0.000033 0.000099 0.000228 0.000111 0.000056 
5485888 nbody 1 1132 52 1.072000 0.845000  0.000193 0.000070 0.000154 0.000359 0.000143 0.000070 
5485888 nbody 1 1132 52 1.072000 1.152000  0.000038 0.000037 0.000101 0.000260 0.000111 0.000057 
5485952 nbody 1 1132 52 1.072000 0.768000  0.000035 0.000031 0.000093 0.000199 0.000094 0.000051 
5485952 nbody 1 1132 52 1.072000 1.382000  0.000037 0.000041 0.000114 0.000297 0.000152 0.000073 
5486016 nbody 1 1132 52 1.072000 0.921000  0.000042 0.000034 0.000102 0.000238 0.000114 0.000058 
5486016 nbody 1 1132 52 1.072000 0.845000  0.000076 0.000038 0.000099 0.000265 0.000112 0.000058 
5486016 nbody 1 1132 52 1.072000 1.229000  0.000068 0.000035 0.000096 0.000248 0.000105 0.000075 
5486080 nbody 1 1132 53 1.072000 0.845000  0.000079 0.000038 0.000109 0.000271 0.000118 0.000058 
5486080 nbody 1 1132 53 1.072000 1.076000  0.000043 0.000037 0.000100 0.000233 0.000111 0.000056 
5486080 nbody 1 1132 53 1.072000 0.768000  0.000033 0.000030 0.000091 0.000196 0.000097 0.000051 
5486144 nbody 1 1132 53 1.072000 0.999000  0.000038 0.000036 0.000097 0.000255 0.000109 0.000057 
5486144 nbody 1 1132 53 1.072000 0.845000  0.000034 0.000033 0.000090 0.000231 0.000094 0.000049 
5486144 nbody 1 1132 52 1.072000 0.921000  0.000040 0.000036 0.000097 0.000263 0.000111 0.000057 
5486208 nbody 1 1132 52 1.072000 0.845000  0.000033 0.000030 0.000092 0.000193 0.000091 0.000050 
5486208 nbody 1 1132 53 1.072000 1.229000  0.000037 0.000035 0.000096 0.000254 0.000109 0.000057 
5486272 nbody 1 1132 53 1.072000 0.845000  0.000033 0.000030 0.000089 0.000191 0.000090 0.000049 
5486272 nbody 1 1132 53 1.072000 1.229000  0.000042 0.000036 0.000095 0.000262 0.000107 0.000054 
5486272 nbody 1 1132 53 1.072000 0.998000  0.000033 0.000029 0.000088 0.000189 0.000088 0.000058 
5486336 nbody 1 1132 53 1.072000 1.229000  0.000072 0.000035 0.000102 0.000260 0.000113 0.000056 
5486336 nbody 1 1132 53 1.072000 0.845000  0.000072 0.000036 0.000097 0.000273 0.000109 0.000058 
5486336 nbody 1 1132 53 1.072000 0.922000  0.000073 0.000037 0.000102 0.000254 0.000107 0.000056 
5486400 nbody 1 1132 53 1.072000 0.921000  0.000043 0.000033 0.000089 0.000199 0.000098 0.000051 
5486400 nbody 1 1132 52 1.072000 0.845000  0.000039 0.000032 0.000092 0.000216 0.000105 0.000053 
5486400 nbody 1 1132 52 1.072000 1.152000  0.000041 0.000033 0.000096 0.000223 0.000108 0.000054 
5486464 nbody 1 1132 53 1.072000 0.921000  0.000033 0.000030 0.000082 0.000169 0.000085 0.000045 
5486464 nbody 1 1132 53 1.072000 1.152000  0.000035 0.000031 0.000086 0.000176 0.000112 0.000055 
5486528 nbody 1 1132 52 1.072000 1.076000  0.000033 0.000029 0.000082 0.000167 0.000085 0.000045 
5486528 nbody 1 1132 52 1.072000 1.153000  0.000044 0.000031 0.000085 0.000184 0.000091 0.000047 
5486528 nbody 1 1132 53 1.072000 0.922000  0.000033 0.000029 0.000082 0.000165 0.000085 0.000045 
5486592 nbody 1 1132 53 1.072000 1.307000  0.000045 0.000031 0.000085 0.000181 0.000090 0.000047 
5486592 nbody 1 1132 53 1.072000 0.921000  0.000033 0.000029 0.000080 0.000154 0.000082 0.000044 
5486592 nbody 1 1132 53 1.072000 1.305000  0.000035 0.000030 0.000084 0.000172 0.000088 0.000047 
5486656 nbody 1 1132 53 1.072000 0.921000  0.000049 0.000033 0.000092 0.000227 0.000093 0.000048 
5486656 nbody 1 1132 53 1.072000 1.229000  0.000036 0.000030 0.000084 0.000176 0.000088 0.000046 
5486656 nbody 1 1132 53 1.072000 0.845000  0.000032 0.000028 0.000079 0.000161 0.000081 0.000044 
5486720 nbody 1 1132 53 1.072000 1.229000  0.000037 0.000032 0.000088 0.000205 0.000097 0.000049 
5486720 nbody 1 1132 53 1.072000 0.845000  0.000032 0.000029 0.000080 0.000166 0.000081 0.000045 
5486720 nbody 1 1132 53 1.072000 1.229000  0.000037 0.000031 0.000087 0.000196 0.000094 0.000048 
5486784 nbody 1 1132 53 1.072000 0.845000  0.000040 0.000030 0.000083 0.000167 0.000088 0.000046 
5486784 nbody 1 1132 53 1.072000 0.845000  0.000033 0.000029 0.000081 0.000168 0.000091 0.000047 
5486784 nbody 1 1132 53 1.072000 1.536000  0.000043 0.000030 0.000082 0.000177 0.000089 0.000046 
5486848 nbody 1 1132 53 1.072000 0.922000  0.000033 0.000029 0.000082 0.000167 0.000086 0.000046 
5486848 nbody 1 1132 53 1.072000 1.383000  0.000034 0.000029 0.000082 0.000167 0.000087 0.000046 
5486912 nbody 1 1132 53 1.072000 0.922000  0.000042 0.000030 0.000082 0.000164 0.000087 0.000046 
5486912 nbody 1 1132 53 1.072000 0.845000  0.000043 0.000030 0.000081 0.000174 0.000086 0.000045 
5486912 nbody 1 1132 53 1.072000 0.999000  0.000031 0.000027 0.000078 0.000157 0.000080 0.000043 
5486976 nbody 1 1132 53 1.072000 0.922000  0.000034 0.000029 0.000081 0.000166 0.000085 0.000045 
5486976 nbody 1 1132 53 1.072000 0.845000  0.000031 0.000027 0.000078 0.000157 0.000079 0.000043 
5486976 nbody 1 1132 53 1.072000 1.076000  0.000033 0.000029 0.000080 0.000163 0.000085 0.000045 
5487040 nbody 1 1132 53 1.072000 0.845000  0.000031 0.000027 0.000077 0.000156 0.000079 0.000042 
5487040 nbody 1 1132 53 1.072000 1.076000  0.000043 0.000030 0.000084 0.000198 0.000094 0.000047 
5487040 nbody 1 1132 53 1.072000 0.845000  0.000008 0.000007 0.000022 0.000050 0.000027 0.000013 
5487104 nbody 1 1132 53 1.072000 1.382000  0.000049 0.000036 0.000093 0.000243 0.000099 0.000050 
5487104 nbody 1 1132 53 1.072000 0.845000  0.000039 0.000032 0.000083 0.000174 0.000086 0.000044 
5487104 nbody 1 1132 53 1.072000 0.922000  0.000033 0.000030 0.000083 0.000191 0.000092 0.000046 
5487168 nbody 1 1132 53 1.072000 0.845000  0.000039 0.000027 0.000076 0.000162 0.000078 0.000042 
5487168 nbody 1 1132 53 1.072000 1.076000  0.000031 0.000028 0.000079 0.000160 0.000083 0.000044 
5487232 nbody 1 1132 53 1.072000 0.922000  0.000031 0.000028 0.000080 0.000212 0.000085 0.000043 
5487232 nbody 1 1132 53 1.072000 1.076000  0.000032 0.000028 0.000078 0.000161 0.000083 0.000044 
5487232 nbody 1 1132 53 1.072000 0.845000  0.000031 0.000027 0.000074 0.000152 0.000078 0.000041 
5487296 nbody 1 1132 53 1.072000 1.229000  0.000036 0.000029 0.000078 0.000163 0.000083 0.000044 
5487296 nbody 1 1132 53 1.072000 0.845000  0.000030 0.000027 0.000075 0.000152 0.000077 0.000041 
5487296 nbody 1 1132 53 1.072000 0.921000  0.000029 0.000028 0.000077 0.000154 0.000082 0.000043 
5487360 nbody 1 1132 53 1.072000 0.999000  0.000038 0.000027 0.000074 0.000157 0.000077 0.000041 
5487360 nbody 1 1132 53 1.072000 0.922000  0.000031 0.000028 0.000077 0.000158 0.000088 0.000045 
5487360 nbody 1 1132 53 1.072000 0.845000  0.000030 0.000026 0.000074 0.000149 0.000076 0.000041 
5487424 nbody 1 1132 53 1.072000 0.998000  0.000030 0.000028 0.000076 0.000154 0.000081 0.000043 
5487424 nbody 1 1132 53 1.072000 1.459000  0.000037 0.000028 0.000077 0.000169 0.000084 0.000043 
5487424 nbody 1 1132 53 1.072000 1.152000  0.000031 0.000027 0.000074 0.000154 0.000080 0.000042 
5487488 nbody 1 1132 53 1.072000 1.460000  0.000030 0.000028 0.000075 0.000152 0.000080 0.000042 
5487488 nbody 1 1132 53 1.072000 0.845000  0.000029 0.000028 0.000075 0.000152 0.000081 0.000042 
5487552 nbody 1 1132 53 1.072000 1.231000  0.000032 0.000027 0.000075 0.000156 0.000080 0.000042 
5487552 nbody 1 1132 53 1.072000 1.306000  0.000028 0.000025 0.000072 0.000145 0.000074 0.000040 
5487552 nbody 1 1132 53 1.072000 1.154000  0.000031 0.000027 0.000075 0.000155 0.000080 0.000042 
5487616 nbody 1 1132 53 1.072000 0.999000  0.000029 0.000049 0.000118 0.000282 0.000106 0.000053 
5487616 nbody 1 1132 53 1.072000 0.999000  0.000033 0.000028 0.000076 0.000168 0.000085 0.000043 
5487616 nbody 1 1132 53 1.072000 0.922000  0.000028 0.000025 0.000071 0.000147 0.000073 0.000039 
5487680 nbody 1 1132 53 1.072000 1.230000  0.000030 0.000026 0.000074 0.000150 0.000078 0.000041 
5487680 nbody 1 1132 53 1.072000 0.922000  0.000049 0.000029 0.000077 0.000165 0.000080 0.000041 
5487680 nbody 1 1132 53 1.072000 1.076000  0.000030 0.000026 0.000074 0.000151 0.000078 0.000041 
5487744 nbody 1 1132 53 1.072000 0.922000  0.000029 0.000025 0.000069 0.000134 0.000072 0.000039 
5487744 nbody 1 1132 53 1.072000 1.153000  0.000037 0.000027 0.000073 0.000148 0.000078 0.000041 
5487744 nbody 1 1132 53 1.072000 0.922000  0.000029 0.000025 0.000069 0.000143 0.000073 0.000039 
5487808 nbody 1 1132 53 1.072000 1.153000  0.000029 0.000027 0.000073 0.000148 0.000078 0.000041 
5487808 nbody 1 1132 53 1.072000 0.999000  0.000037 0.000025 0.000070 0.000149 0.000073 0.000039 
5487872 nbody 1 1132 53 1.072000 1.229000  0.000028 0.000027 0.000072 0.000145 0.000077 0.000041 
5487872 nbody 1 1132 53 1.072000 0.845000  0.000029 0.000024 0.000071 0.000152 0.000073 0.000039 
5487872 nbody 1 1132 53 1.072000 1.306000  0.000030 0.000026 0.000070 0.000146 0.000076 0.000040 
5487936 nbody 1 1132 53 1.072000 0.768000  0.000035 0.000025 0.000069 0.000146 0.000071 0.000038 
5487936 nbody 1 1132 53 1.072000 1.152000  0.000057 0.000030 0.000078 0.000247 0.000093 0.000045 
5487936 nbody 1 1132 53 1.072000 0.768000  0.000042 0.000027 0.000074 0.000167 0.000073 0.000039 
5488000 nbody 1 1132 53 1.072000 0.768000  0.000033 0.000027 0.000074 0.000159 0.000078 0.000040 
5488000 nbody 1 1132 53 1.072000 0.845000  0.000042 0.000027 0.000076 0.000176 0.000083 0.000042 
5488000 nbody 1 1132 53 1.072000 0.768000  0.000032 0.000025 0.000069 0.000145 0.000073 0.000040 
5488064 nbody 1 1132 53 1.072000 1.306000  0.000028 0.000025 0.000071 0.000147 0.000075 0.000040 
5488064 nbody 1 1132 53 1.072000 0.768000  0.000032 0.000028 0.000075 0.000172 0.000081 0.000042 
5488064 nbody 1 1132 53 1.072000 1.382000  0.000028 0.000025 0.000070 0.000144 0.000074 0.000039 
5488128 nbody 1 1132 53 1.072000 0.922000  0.000027 0.000037 0.000091 0.000191 0.000104 0.000057 
5488128 nbody 1 1132 53 1.072000 1.306000  -0.253261 0.157189 0.335650 -0.253244 0.186337 0.083179 
