#Timestamp	Benchmark	Run(#)	CPU Frequency (MHz)	CPU Temperature(C)	CPU Voltage(V)	CPU Power(W)	CPU_CYCLES	L1_DATA_CACHE_ACCESS	INSTRUCTIONS_RETIRED	BUS_CYCLES	L1I_CACHE_ACCESS	PREDICTABLE_BRANCH_SPECULATIVELY_EXECUTED
4670144 MonteCarloMultiGPU 1 825 42 0.976000 1.235000  0.000020 0.000015 0.000042 0.000089 0.000044 0.000023 
4670144 MonteCarloMultiGPU 1 825 43 0.976000 1.080000  0.000020 0.000015 0.000040 0.000091 0.000043 0.000023 
4670208 MonteCarloMultiGPU 1 825 43 0.976000 1.388000  0.000017 0.000015 0.000041 0.000081 0.000044 0.000023 
4670208 MonteCarloMultiGPU 1 825 42 0.976000 1.233000  0.000017 0.000015 0.000042 0.000081 0.000045 0.000023 
4670208 MonteCarloMultiGPU 1 825 42 0.976000 0.848000  0.000016 0.000015 0.000041 0.000080 0.000044 0.000023 
4670272 MonteCarloMultiGPU 1 825 43 0.976000 1.542000  0.000041 0.000017 0.000046 0.000114 0.000050 0.000025 
4670272 MonteCarloMultiGPU 1 825 43 0.976000 0.694000  0.000016 0.000014 0.000040 0.000078 0.000041 0.000022 
4670272 MonteCarloMultiGPU 1 825 42 0.976000 1.157000  0.000018 0.000015 0.000042 0.000088 0.000045 0.000024 
4670336 MonteCarloMultiGPU 1 825 42 0.976000 1.002000  0.000022 0.000016 0.000044 0.000117 0.000052 0.000026 
4670336 MonteCarloMultiGPU 1 825 42 0.976000 1.079000  0.000019 0.000016 0.000044 0.000092 0.000047 0.000024 
4670400 MonteCarloMultiGPU 1 825 43 0.976000 1.155000  0.000021 0.000016 0.000044 0.000094 0.000048 0.000024 
4670400 MonteCarloMultiGPU 1 825 43 0.976000 0.538000  0.000016 0.000014 0.000039 0.000076 0.000040 0.000022 
4670400 MonteCarloMultiGPU 1 825 43 0.976000 0.615000  0.000016 0.000014 0.000039 0.000076 0.000041 0.000022 
4670464 MonteCarloMultiGPU 1 825 44 0.976000 0.538000  0.000015 0.000014 0.000039 0.000073 0.000040 0.000022 
4670464 MonteCarloMultiGPU 1 825 44 0.976000 0.538000  0.000015 0.000014 0.000039 0.000074 0.000040 0.000022 
4670464 MonteCarloMultiGPU 1 825 44 0.976000 0.922000  0.000015 0.000014 0.000039 0.000074 0.000044 0.000023 
4670528 MonteCarloMultiGPU 1 825 44 0.976000 0.615000  0.000015 0.000014 0.000039 0.000075 0.000041 0.000022 
4670528 MonteCarloMultiGPU 1 825 45 0.976000 0.538000  0.000015 0.000014 0.000039 0.000074 0.000040 0.000022 
4670528 MonteCarloMultiGPU 1 825 45 0.976000 0.538000  0.000015 0.000014 0.000039 0.000074 0.000040 0.000022 
4670592 MonteCarloMultiGPU 1 825 45 0.976000 0.538000  0.000015 0.000014 0.000039 0.000074 0.000040 0.000022 
4670592 MonteCarloMultiGPU 1 825 45 0.976000 0.538000  0.000015 0.000014 0.000039 0.000075 0.000040 0.000022 
4670656 MonteCarloMultiGPU 1 825 46 0.976000 0.538000  0.000015 0.000014 0.000039 0.000073 0.000040 0.000022 
4670656 MonteCarloMultiGPU 1 825 46 0.976000 0.538000  0.000016 0.000014 0.000039 0.000074 0.000040 0.000022 
4670656 MonteCarloMultiGPU 1 825 46 0.976000 0.538000  0.000015 0.000014 0.000039 0.000074 0.000041 0.000022 
4670720 MonteCarloMultiGPU 1 825 46 0.976000 0.615000  0.000015 0.000014 0.000039 0.000074 0.000040 0.000022 
4670720 MonteCarloMultiGPU 1 825 46 0.976000 0.538000  0.000015 0.000014 0.000039 0.000074 0.000040 0.000022 
4670720 MonteCarloMultiGPU 1 825 46 0.976000 0.538000  0.000015 0.000014 0.000039 0.000072 0.000040 0.000022 
4670784 MonteCarloMultiGPU 1 825 46 0.976000 0.538000  0.000016 0.000017 0.000044 0.000090 0.000044 0.000023 
4670784 MonteCarloMultiGPU 1 825 46 0.976000 0.538000  0.000015 0.000014 0.000039 0.000073 0.000040 0.000022 
4670784 MonteCarloMultiGPU 1 825 46 0.976000 0.615000  0.000015 0.000014 0.000039 0.000073 0.000040 0.000022 
4670848 MonteCarloMultiGPU 1 825 46 0.976000 0.538000  0.000014 0.000013 0.000037 0.000068 0.000037 0.000020 
4670848 MonteCarloMultiGPU 1 825 46 0.976000 0.538000  0.000014 0.000013 0.000037 0.000067 0.000037 0.000020 
4670848 MonteCarloMultiGPU 1 825 46 0.976000 0.615000  0.000014 0.000013 0.000037 0.000068 0.000037 0.000020 
4670912 MonteCarloMultiGPU 1 825 46 0.976000 0.615000  0.000018 0.000013 0.000038 0.000072 0.000038 0.000020 
4681792 MonteCarloMultiGPU 1 825 49 0.976000 0.845000  0.000016 0.000020 0.000050 0.000115 0.000057 0.000029 
4681856 MonteCarloMultiGPU 1 825 49 0.976000 1.230000  0.000015 0.000013 0.000037 0.000125 0.000056 0.000027 
4681856 MonteCarloMultiGPU 1 825 49 0.976000 0.768000  0.000015 0.000013 0.000037 0.000072 0.000038 0.000020 
4681856 MonteCarloMultiGPU 1 825 49 0.976000 0.769000  0.000014 0.000013 0.000037 0.000069 0.000038 0.000020 
4681920 MonteCarloMultiGPU 1 825 49 0.976000 0.769000  0.000014 0.000013 0.000037 0.000069 0.000038 0.000020 
4681920 MonteCarloMultiGPU 1 825 49 0.976000 0.845000  0.000014 0.000013 0.000037 0.000070 0.000038 0.000020 
4681920 MonteCarloMultiGPU 1 825 50 0.976000 0.922000  0.000014 0.000013 0.000037 0.000069 0.000038 0.000021 
4681984 MonteCarloMultiGPU 1 825 50 0.976000 0.845000  0.000014 0.000013 0.000037 0.000070 0.000038 0.000020 
4681984 MonteCarloMultiGPU 1 825 50 0.976000 0.769000  0.000014 0.000013 0.000037 0.000069 0.000038 0.000020 
4681984 MonteCarloMultiGPU 1 825 50 0.976000 0.769000  0.000014 0.000013 0.000037 0.000070 0.000037 0.000020 
4682048 MonteCarloMultiGPU 1 825 49 0.976000 0.769000  0.000014 0.000013 0.000037 0.000069 0.000037 0.000020 
4682048 MonteCarloMultiGPU 1 825 49 0.976000 0.768000  0.000014 0.000013 0.000037 0.000068 0.000037 0.000020 
4682048 MonteCarloMultiGPU 1 825 49 0.976000 0.768000  0.000014 0.000014 0.000038 0.000074 0.000039 0.000021 
4682112 MonteCarloMultiGPU 1 825 49 0.976000 0.768000  0.000014 0.000013 0.000037 0.000069 0.000038 0.000020 
4682112 MonteCarloMultiGPU 1 825 49 0.976000 0.769000  0.000014 0.000013 0.000037 0.000068 0.000038 0.000020 
4682176 MonteCarloMultiGPU 1 825 50 0.976000 0.769000  0.000014 0.000013 0.000037 0.000069 0.000038 0.000020 
4682176 MonteCarloMultiGPU 1 825 50 0.976000 0.769000  0.000014 0.000013 0.000037 0.000069 0.000038 0.000020 
4682176 MonteCarloMultiGPU 1 825 50 0.976000 0.768000  0.000014 0.000013 0.000037 0.000068 0.000037 0.000020 
4682240 MonteCarloMultiGPU 1 825 50 0.976000 0.768000  0.000014 0.000013 0.000037 0.000068 0.000037 0.000020 
4682240 MonteCarloMultiGPU 1 825 50 0.976000 0.768000  0.000014 0.000013 0.000037 0.000068 0.000037 0.000020 
4682240 MonteCarloMultiGPU 1 825 50 0.976000 0.769000  0.000013 0.000012 0.000035 0.000064 0.000035 0.000019 
4682304 MonteCarloMultiGPU 1 825 49 0.976000 0.769000  0.000013 0.000014 0.000038 0.000091 0.000039 0.000021 
4682304 MonteCarloMultiGPU 1 825 50 0.976000 0.769000  0.000013 0.000012 0.000035 0.000064 0.000035 0.000019 
4684608 MonteCarloMultiGPU 1 825 50 0.976000 0.769000  0.000013 0.000012 0.000035 0.000063 0.004197 0.001642 
4684672 MonteCarloMultiGPU 1 825 50 0.976000 1.002000  0.001902 0.001555 0.004399 0.009372 0.004848 0.002479 
4684672 MonteCarloMultiGPU 1 825 49 0.976000 1.233000  0.000032 0.000028 0.000078 0.000152 0.000082 0.000044 
4684736 MonteCarloMultiGPU 1 825 49 0.976000 1.002000  0.000036 0.000032 0.000085 0.000177 0.000093 0.000048 
4684736 MonteCarloMultiGPU 1 825 48 0.976000 0.694000  0.000896 0.000824 0.002298 0.004412 0.002357 0.001271 
4684736 MonteCarloMultiGPU 1 825 47 0.976000 0.925000  0.000234 0.000211 0.000773 0.001649 0.000890 0.000433 
4684800 MonteCarloMultiGPU 1 825 47 0.976000 0.694000  0.000790 0.000719 0.002074 0.004492 0.002326 0.001198 
4684800 MonteCarloMultiGPU 1 825 47 0.976000 0.771000  0.000918 0.000698 0.001937 0.004256 0.002196 0.001113 
4684800 MonteCarloMultiGPU 1 825 47 0.976000 1.156000  0.000897 0.000675 0.001869 0.004083 0.002126 0.001085 
4684864 MonteCarloMultiGPU 1 825 47 0.976000 0.847000  0.000689 0.000604 0.001680 0.003258 0.001727 0.000933 
4684864 MonteCarloMultiGPU 1 825 47 0.976000 1.080000  0.000039 0.000031 0.000085 0.000184 0.000094 0.000048 
4684928 MonteCarloMultiGPU 1 825 47 0.976000 0.770000  0.000612 0.000535 0.001490 0.002909 0.001566 0.000825 
4684928 MonteCarloMultiGPU 1 825 47 0.976000 1.000000  0.000586 0.000525 0.001431 0.002786 0.001536 0.000806 
4684928 MonteCarloMultiGPU 1 825 47 0.976000 1.232000  0.000033 0.000030 0.000080 0.000157 0.000086 0.000045 
4684992 MonteCarloMultiGPU 1 825 46 0.976000 0.770000  0.000582 0.000466 0.001274 0.002716 0.001410 0.000725 
4684992 MonteCarloMultiGPU 1 825 46 0.976000 1.078000  0.049570 0.012793 0.025165 0.051363 0.015682 0.006177 
4684992 MonteCarloMultiGPU 1 825 46 0.976000 0.772000  0.000436 0.000395 0.001104 0.002125 0.001138 0.000613 
4685056 MonteCarloMultiGPU 1 825 46 0.976000 1.079000  0.000439 0.000399 0.001095 0.002150 0.001163 0.000710 
