#Timestamp	Benchmark	Run(#)	CPU Frequency (MHz)	CPU Temperature(C)	CPU Voltage(V)	CPU Power(W)	CPU_CYCLES	L1_DATA_CACHE_ACCESS	INSTRUCTIONS_RETIRED	BUS_CYCLES	L1I_CACHE_ACCESS	PREDICTABLE_BRANCH_SPECULATIVELY_EXECUTED
4404224 MonteCarloMultiGPU 1 710 42 0.919000 0.924000  0.000064 0.000027 0.000069 0.000366 0.000111 0.000052 
4404224 MonteCarloMultiGPU 1 710 42 0.919000 0.925000  3.624615 1.072469 2.335648 3.625271 1.211097 0.533695 
4404224 MonteCarloMultiGPU 1 710 41 0.919000 0.847000  0.000025 0.000026 0.000069 0.000149 0.000074 0.000038 
4404288 MonteCarloMultiGPU 1 710 41 0.919000 0.617000  -0.322954 0.112713 1.102333 -0.322806 -0.481491 0.521079 
4404288 MonteCarloMultiGPU 1 710 41 0.919000 0.617000  0.000031 0.000024 0.000066 0.000139 0.000071 0.000036 
4404352 MonteCarloMultiGPU 1 710 41 0.919000 1.079000  0.000720 0.000551 0.001499 0.003227 0.001691 0.000859 
4404352 MonteCarloMultiGPU 1 710 41 0.919000 0.540000  0.000032 0.000024 0.000066 0.000141 0.000073 0.000037 
4404352 MonteCarloMultiGPU 1 710 41 0.919000 0.617000  0.000029 0.000024 0.000063 0.000126 0.000065 0.000034 
4404416 MonteCarloMultiGPU 1 710 41 0.919000 1.080000  0.000137 0.000118 0.000216 0.000483 0.000186 0.000082 
4404416 MonteCarloMultiGPU 1 710 41 0.919000 0.694000  0.112778 0.033494 0.070169 0.114637 0.039239 0.017431 
4404480 MonteCarloMultiGPU 1 710 41 0.919000 0.771000  0.000027 0.000023 0.000065 0.000142 0.000073 0.000037 
4404480 MonteCarloMultiGPU 1 710 41 0.919000 1.079000  0.000026 0.000023 0.000063 0.000134 0.000069 0.000036 
4404480 MonteCarloMultiGPU 1 710 41 0.919000 0.538000  0.000027 0.000022 0.000063 0.000131 0.000069 0.000036 
4404544 MonteCarloMultiGPU 1 710 41 0.919000 0.692000  0.000023 0.000021 0.000059 0.000112 0.000061 0.000033 
4404544 MonteCarloMultiGPU 1 710 41 0.919000 0.461000  0.000022 0.000021 0.000059 0.000110 0.000060 0.000033 
4404608 MonteCarloMultiGPU 1 710 41 0.919000 0.461000  0.000022 0.000021 0.000059 0.000110 0.000060 0.000032 
4404608 MonteCarloMultiGPU 1 710 41 0.919000 0.538000  0.000022 0.000021 0.000059 0.000110 0.000060 0.000032 
4404608 MonteCarloMultiGPU 1 710 41 0.919000 0.538000  0.000023 0.000021 0.000059 0.000111 0.000060 0.000032 
4404672 MonteCarloMultiGPU 1 710 42 0.919000 0.461000  0.000022 0.000021 0.000059 0.000109 0.000060 0.000032 
4404672 MonteCarloMultiGPU 1 710 42 0.919000 0.461000  0.000023 0.000021 0.000059 0.000110 0.000060 0.000032 
4404672 MonteCarloMultiGPU 1 710 42 0.919000 0.538000  0.000023 0.000021 0.000059 0.000110 0.000060 0.000032 
4404736 MonteCarloMultiGPU 1 710 42 0.919000 0.461000  0.000023 0.000021 0.000059 0.000110 0.000060 0.000032 
4404736 MonteCarloMultiGPU 1 710 42 0.919000 0.538000  0.000023 0.000021 0.000059 0.000120 0.000062 0.000033 
4404736 MonteCarloMultiGPU 1 710 42 0.919000 0.461000  0.000022 0.000021 0.000059 0.000108 0.000059 0.000032 
4404800 MonteCarloMultiGPU 1 710 42 0.919000 0.461000  0.000022 0.000021 0.000058 0.000109 0.000060 0.000032 
4404800 MonteCarloMultiGPU 1 710 43 0.919000 0.461000  0.000023 0.000021 0.000058 0.000110 0.000061 0.000032 
4404864 MonteCarloMultiGPU 1 710 43 0.919000 0.461000  0.000022 0.000021 0.000058 0.000109 0.000060 0.000032 
4404864 MonteCarloMultiGPU 1 710 43 0.919000 0.461000  0.000022 0.000021 0.000058 0.000108 0.000059 0.000032 
4404864 MonteCarloMultiGPU 1 710 43 0.919000 0.461000  0.000022 0.000021 0.000058 0.000108 0.000060 0.000032 
4404928 MonteCarloMultiGPU 1 710 43 0.919000 0.461000  0.000022 0.000021 0.000058 0.000108 0.000060 0.000032 
4404928 MonteCarloMultiGPU 1 710 43 0.919000 0.461000  0.000022 0.000021 0.000058 0.000110 0.000060 0.000032 
4404928 MonteCarloMultiGPU 1 710 43 0.919000 0.461000  0.000022 0.000020 0.000056 0.000103 0.000056 0.000031 
4404992 MonteCarloMultiGPU 1 710 43 0.919000 0.461000  0.000021 0.000024 0.000063 0.000118 0.000061 0.000032 
4404992 MonteCarloMultiGPU 1 710 43 0.919000 0.461000  0.000021 0.000020 0.000055 0.000101 0.000055 0.000030 
4404992 MonteCarloMultiGPU 1 710 43 0.919000 0.538000  0.000021 0.000019 0.000055 0.000102 0.000055 0.000030 
4415872 MonteCarloMultiGPU 1 710 46 0.919000 0.461000  0.000021 0.056949 0.104569 0.215195 0.069916 0.026990 
4415936 MonteCarloMultiGPU 1 710 45 0.919000 0.615000  0.000022 0.000019 0.000052 0.000108 0.000057 0.000030 
4415936 MonteCarloMultiGPU 1 710 45 0.919000 0.769000  0.000020 0.000017 0.000048 0.000094 0.000049 0.000026 
4415936 MonteCarloMultiGPU 1 710 46 0.919000 1.076000  0.000018 0.000017 0.000048 0.000091 0.000049 0.000026 
4416000 MonteCarloMultiGPU 1 710 46 0.919000 0.615000  0.000018 0.000017 0.000048 0.000089 0.000049 0.000026 
4416000 MonteCarloMultiGPU 1 710 46 0.919000 0.692000  0.000018 0.000017 0.000048 0.000088 0.000048 0.000026 
4416000 MonteCarloMultiGPU 1 710 46 0.919000 0.692000  0.000018 0.000017 0.000048 0.000088 0.000048 0.000026 
4416064 MonteCarloMultiGPU 1 710 46 0.919000 0.692000  0.000036 0.000018 0.000050 0.000107 0.000051 0.000027 
4416064 MonteCarloMultiGPU 1 710 46 0.919000 0.692000  0.000018 0.000017 0.000048 0.000089 0.000048 0.000026 
4416064 MonteCarloMultiGPU 1 710 46 0.919000 0.692000  0.000018 0.000017 0.000047 0.000088 0.000048 0.000026 
4416128 MonteCarloMultiGPU 1 710 46 0.919000 0.692000  0.000018 0.000017 0.000047 0.000088 0.000048 0.000026 
4416128 MonteCarloMultiGPU 1 710 46 0.919000 0.692000  0.000018 0.000017 0.000047 0.000088 0.000048 0.000026 
4416192 MonteCarloMultiGPU 1 710 46 0.919000 0.692000  0.000018 0.000017 0.000047 0.000088 0.000048 0.000026 
4416192 MonteCarloMultiGPU 1 710 46 0.919000 0.692000  0.000019 0.000017 0.000047 0.000090 0.000049 0.000026 
4416192 MonteCarloMultiGPU 1 710 46 0.919000 0.692000  0.000018 0.000017 0.000047 0.000087 0.000048 0.000026 
4416256 MonteCarloMultiGPU 1 710 46 0.919000 0.692000  0.000019 0.000017 0.000047 0.000088 0.000048 0.000026 
4416256 MonteCarloMultiGPU 1 710 46 0.919000 0.692000  0.000018 0.000017 0.000047 0.000088 0.000048 0.000026 
4416256 MonteCarloMultiGPU 1 710 46 0.919000 0.692000  0.000018 0.000017 0.000047 0.000087 0.000048 0.000026 
4416320 MonteCarloMultiGPU 1 710 46 0.919000 0.692000  0.000018 0.000017 0.000047 0.000087 0.000048 0.000026 
4416320 MonteCarloMultiGPU 1 710 46 0.919000 0.615000  0.000018 0.000017 0.000047 0.000088 0.000048 0.000026 
4416320 MonteCarloMultiGPU 1 710 46 0.919000 0.692000  0.000018 0.000017 0.000047 0.000088 0.000048 0.000026 
4416384 MonteCarloMultiGPU 1 710 46 0.919000 0.692000  0.000017 0.000016 0.000045 0.000081 0.000044 0.000025 
4416384 MonteCarloMultiGPU 1 710 46 0.919000 0.692000  0.000016 0.000016 0.000045 0.000081 0.000044 0.000024 
4416384 MonteCarloMultiGPU 1 710 46 0.919000 0.615000  0.000017 0.000016 0.000045 0.000081 0.000044 0.000025 
4418752 MonteCarloMultiGPU 1 710 46 0.919000 0.692000  0.000017 0.000016 0.000045 0.000082 0.000045 0.250070 
4418752 MonteCarloMultiGPU 1 710 46 0.919000 0.693000  -18.015827 39.279366 -67.121201 -18.006279 44.677380 18.270975 
4418816 MonteCarloMultiGPU 1 710 46 0.919000 1.079000  0.001871 0.001677 0.004664 0.008931 0.004803 0.002585 
4418816 MonteCarloMultiGPU 1 710 46 0.919000 0.770000  0.000023 0.000018 0.000050 0.000103 0.000053 0.000028 
4418816 MonteCarloMultiGPU 1 710 45 0.919000 1.002000  0.000026 0.000017 0.000048 0.000098 0.000050 0.000026 
4418880 MonteCarloMultiGPU 1 710 45 0.919000 0.616000  0.000024 0.000019 0.000052 0.000110 0.000057 0.000029 
4418880 MonteCarloMultiGPU 1 710 45 0.919000 0.847000  0.000021 0.000017 0.000049 0.000104 0.000054 0.000028 
4418880 MonteCarloMultiGPU 1 710 45 0.919000 0.539000  0.000018 0.000016 0.000045 0.000086 0.000046 0.000025 
4418944 MonteCarloMultiGPU 1 710 45 0.919000 0.771000  0.000021 0.000018 0.000049 0.000105 0.000054 0.000027 
4418944 MonteCarloMultiGPU 1 710 45 0.919000 0.617000  0.000019 0.000017 0.000047 0.000091 0.000049 0.000026 
4419008 MonteCarloMultiGPU 1 710 45 0.919000 0.926000  0.000023 0.000020 0.000054 0.000120 0.000059 0.000030 
4419008 MonteCarloMultiGPU 1 710 45 0.919000 0.925000  0.001532 0.001160 0.003171 0.006903 0.003552 0.001804 
4419008 MonteCarloMultiGPU 1 710 45 0.919000 0.617000  0.000018 0.000016 0.000045 0.000137 0.000051 0.000026 
4419072 MonteCarloMultiGPU 1 710 45 0.919000 0.771000  0.000019 0.000017 0.000047 0.000090 0.000050 0.000026 
4419072 MonteCarloMultiGPU 1 710 45 0.919000 0.617000  0.000018 0.000016 0.000045 0.000084 0.000046 0.000025 
4419072 MonteCarloMultiGPU 1 710 45 0.919000 0.694000  0.000019 0.000017 0.000047 0.000089 0.000049 0.000026 
4419136 MonteCarloMultiGPU 1 710 45 0.919000 0.617000  0.000019 0.000018 0.000048 0.000094 0.000050 0.000026 
4419136 MonteCarloMultiGPU 1 710 45 0.919000 0.848000  0.000018 0.000017 0.000051 0.000112 0.000054 0.000028 
4419200 MonteCarloMultiGPU 1 710 45 0.919000 0.925000  0.000022 0.000018 0.000049 0.000105 0.000053 0.000027 
4419200 MonteCarloMultiGPU 1 710 44 0.919000 0.771000  0.000022 0.000019 0.000051 0.000109 0.000056 0.000028 
4419200 MonteCarloMultiGPU 1 710 44 0.919000 0.848000  0.000019 0.000017 0.000046 0.000088 0.000049 0.000026 
4419264 MonteCarloMultiGPU 1 710 44 0.919000 0.694000  0.000018 0.000016 0.000044 0.000086 0.000045 0.000024 
