#Timestamp	Benchmark	Run(#)	CPU Frequency (MHz)	CPU Temperature(C)	CPU Voltage(V)	CPU Power(W)	CPU_CYCLES	L1_DATA_CACHE_ACCESS	INSTRUCTIONS_RETIRED	BUS_CYCLES	L1I_CACHE_ACCESS	PREDICTABLE_BRANCH_SPECULATIVELY_EXECUTED
4459520 convolutionTexture 1 710 42 0.919000 0.925000  0.000020 0.000012 0.000034 0.000079 0.000043 0.000021 
4459520 convolutionTexture 1 710 42 0.919000 1.155000  0.000017 0.000012 0.000034 0.000076 0.000043 0.000021 
4459584 convolutionTexture 1 710 43 0.919000 0.925000  0.000084 0.000054 0.000138 0.000331 0.000143 0.000073 
4459584 convolutionTexture 1 710 43 0.919000 1.156000  0.000061 0.000047 0.000132 0.000294 0.000142 0.000073 
4459648 convolutionTexture 1 710 43 0.919000 1.156000  0.000059 0.000043 0.000122 0.000262 0.000124 0.000067 
4459648 convolutionTexture 1 710 43 0.919000 1.233000  0.000063 0.000049 0.000140 0.000302 0.000147 0.000074 
4459648 convolutionTexture 1 710 43 0.919000 1.002000  0.000049 0.000043 0.000121 0.000241 0.000124 0.000067 
4459712 convolutionTexture 1 710 43 0.919000 1.310000  0.000054 0.000046 0.000125 0.000246 0.000132 0.000070 
4459712 convolutionTexture 1 710 43 0.919000 0.925000  0.000053 0.000043 0.000119 0.000242 0.000121 0.000066 
4459712 convolutionTexture 1 710 43 0.919000 0.925000  0.000056 0.000047 0.000128 0.000279 0.000144 0.000074 
4459776 convolutionTexture 1 710 43 0.919000 0.617000  0.000048 0.000042 0.000119 0.000238 0.000123 0.000067 
4459776 convolutionTexture 1 710 43 0.919000 0.847000  0.000056 0.000046 0.000128 0.000271 0.000141 0.000073 
4459840 convolutionTexture 1 710 43 0.919000 1.079000  0.000050 0.000044 0.000122 0.000239 0.000130 0.000068 
4459840 convolutionTexture 1 710 43 0.919000 0.770000  0.000048 0.000044 0.000122 0.000233 0.000129 0.000068 
4459840 convolutionTexture 1 710 43 0.919000 0.925000  0.000053 0.000044 0.000124 0.000276 0.000132 0.000070 
4459904 convolutionTexture 1 710 43 0.919000 0.616000  0.000046 0.000041 0.000116 0.000224 0.000118 0.000064 
4459904 convolutionTexture 1 710 43 0.919000 0.771000  0.000049 0.000044 0.000121 0.000232 0.000128 0.000068 
4459904 convolutionTexture 1 710 43 0.919000 0.849000  0.000046 0.000042 0.000116 0.000219 0.000120 0.000064 
4459968 convolutionTexture 1 710 43 0.919000 0.694000  0.000049 0.000043 0.000119 0.000230 0.000127 0.000067 
4459968 convolutionTexture 1 710 43 0.919000 0.617000  0.000049 0.000043 0.000122 0.000238 0.000129 0.000067 
4459968 convolutionTexture 1 710 43 0.919000 0.848000  0.000046 0.000043 0.000118 0.000225 0.000125 0.000066 
4460032 convolutionTexture 1 710 43 0.919000 1.003000  0.000048 0.000043 0.000118 0.000231 0.000126 0.000067 
4460032 convolutionTexture 1 710 43 0.919000 0.617000  0.000060 0.000046 0.000125 0.000272 0.000141 0.000071 
4460096 convolutionTexture 1 710 43 0.919000 0.925000  0.000050 0.000044 0.000125 0.000269 0.000139 0.000071 
4460096 convolutionTexture 1 710 43 0.919000 0.617000  0.000045 0.000040 0.000113 0.000221 0.000115 0.000062 
4460096 convolutionTexture 1 710 43 0.919000 0.924000  0.000047 0.000042 0.000150 0.000301 0.000150 0.000086 
4460160 convolutionTexture 1 710 42 0.919000 1.002000  0.000112 0.000095 0.000259 0.000563 0.000288 0.000146 
4460160 convolutionTexture 1 710 43 0.919000 0.617000  0.000046 0.000062 0.000149 0.000370 0.000175 0.000095 
4460224 convolutionTexture 1 710 43 0.919000 1.080000  0.000058 0.000045 0.000123 0.000260 0.000134 0.000069 
4460224 convolutionTexture 1 710 43 0.919000 0.695000  0.000044 0.000040 0.000110 0.000211 0.000112 0.000061 
4460224 convolutionTexture 1 710 43 0.919000 0.925000  0.000049 0.000043 0.000118 0.000274 0.000130 0.000067 
4460288 convolutionTexture 1 710 43 0.919000 0.771000  0.000042 0.000039 0.000112 0.000224 0.000119 0.000063 
4460288 convolutionTexture 1 710 43 0.919000 0.692000  0.000057 0.000045 0.000121 0.000252 0.000131 0.000068 
4460288 convolutionTexture 1 710 43 0.919000 0.461000  0.000042 0.000039 0.000109 0.000204 0.000111 0.000060 
4460352 convolutionTexture 1 710 43 0.919000 0.461000  0.000052 0.000042 0.000117 0.000246 0.000127 0.000066 
4460352 convolutionTexture 1 710 43 0.919000 0.384000  0.000046 0.000040 0.000115 0.000258 0.000119 0.000062 
4460416 convolutionTexture 1 710 43 0.919000 0.692000  0.000047 0.000041 0.000112 0.000229 0.000118 0.000063 
4460416 convolutionTexture 1 710 43 0.919000 0.693000  0.000054 0.000040 0.000112 0.000225 0.000114 0.000061 
4460416 convolutionTexture 1 710 43 0.919000 0.925000  0.000052 0.000042 0.000116 0.000241 0.000126 0.000065 
4460480 convolutionTexture 1 710 43 0.919000 0.694000  0.000045 0.000040 0.000111 0.000212 0.000117 0.000062 
4460480 convolutionTexture 1 710 43 0.919000 0.694000  0.000043 0.000040 0.000111 0.000210 0.000118 0.000062 
4460480 convolutionTexture 1 710 43 0.919000 1.079000  0.000051 0.000041 0.000111 0.000218 0.000117 0.000062 
4460544 convolutionTexture 1 710 43 0.919000 0.770000  0.000055 0.000042 0.000116 0.000248 0.000130 0.000066 
4460544 convolutionTexture 1 710 43 0.919000 1.002000  0.000051 0.000042 0.000117 0.000247 0.000128 0.000066 
4460608 convolutionTexture 1 710 43 0.919000 0.848000  0.000041 0.000037 0.000111 0.000233 0.000114 0.000060 
4460608 convolutionTexture 1 710 43 0.919000 0.924000  0.000053 0.000042 0.000116 0.000242 0.000127 0.000066 
4460608 convolutionTexture 1 710 43 0.919000 0.617000  0.000044 0.000040 0.000109 0.000212 0.000115 0.000061 
4460672 convolutionTexture 1 710 43 0.919000 0.926000  0.000042 0.000040 0.000109 0.000276 0.000139 0.000080 
4460672 convolutionTexture 1 710 43 0.919000 1.158000  0.000044 0.000039 0.000108 0.000228 0.000116 0.000061 
4460672 convolutionTexture 1 710 43 0.919000 0.693000  0.000049 0.000043 0.000114 0.000227 0.000117 0.000060 
4460736 convolutionTexture 1 710 43 0.919000 0.771000  0.000043 0.000039 0.000108 0.000203 0.000113 0.000060 
4460736 convolutionTexture 1 710 43 0.919000 0.925000  0.000050 0.000039 0.000110 0.000225 0.000122 0.000063 
4460736 convolutionTexture 1 710 43 0.919000 0.925000  0.000052 0.000042 0.000115 0.000251 0.000126 0.000065 
4460800 convolutionTexture 1 710 43 0.919000 0.694000  0.000042 0.000039 0.000107 0.000207 0.000112 0.000060 
4460800 convolutionTexture 1 710 43 0.919000 0.770000  0.000041 0.000039 0.000139 0.000268 0.000164 0.000080 
4460864 convolutionTexture 1 710 43 0.919000 0.925000  0.000043 0.000039 0.000107 0.000206 0.000113 0.000060 
4460864 convolutionTexture 1 710 43 0.919000 0.617000  0.000040 0.000036 0.000102 0.000194 0.000104 0.000056 
4460864 convolutionTexture 1 710 43 0.919000 0.926000  0.000054 0.000041 0.000112 0.000242 0.000125 0.000064 
4460928 convolutionTexture 1 710 43 0.919000 0.617000  0.000044 0.000038 0.000106 0.000206 0.000112 0.000061 
4460928 convolutionTexture 1 710 43 0.919000 0.924000  0.000042 0.000038 0.000106 0.000322 0.000130 0.000065 
4460928 convolutionTexture 1 710 43 0.919000 1.079000  0.000042 0.000038 0.000105 0.000202 0.000112 0.000059 
4460992 convolutionTexture 1 710 43 0.919000 0.694000  0.000041 0.000038 0.000105 0.000198 0.000111 0.000059 
4460992 convolutionTexture 1 710 42 0.919000 1.003000  0.000043 0.000042 0.000111 0.000251 0.000118 0.000061 
4461056 convolutionTexture 1 710 43 0.919000 0.770000  0.503190 0.181971 0.367316 0.503326 0.171556 0.066671 
4461056 convolutionTexture 1 710 43 0.919000 0.848000  0.000041 0.000038 0.000135 0.000271 0.000157 0.000077 
4461056 convolutionTexture 1 710 42 0.919000 1.003000  0.000043 0.000038 0.000104 0.000205 0.000113 0.000059 
4461120 convolutionTexture 1 710 42 0.919000 0.617000  0.000052 0.000042 0.000114 0.000240 0.000123 0.000063 
4461120 convolutionTexture 1 710 42 0.919000 1.080000  0.000042 0.000038 0.000104 0.000197 0.000109 0.000058 
4461120 convolutionTexture 1 710 43 0.919000 0.849000  0.000039 0.000036 0.000100 0.000188 0.000102 0.000055 
4461184 convolutionTexture 1 710 43 0.919000 1.002000  0.000041 0.000037 0.000103 0.000197 0.000109 0.000058 
4461184 convolutionTexture 1 710 43 0.919000 0.848000  0.508782 0.182686 0.368890 0.508916 0.172911 0.067311 
4461248 convolutionTexture 1 710 43 0.919000 0.694000  0.000040 0.000037 0.000103 0.000196 0.000109 0.000058 
4461248 convolutionTexture 1 710 42 0.919000 0.693000  0.000041 0.000038 0.000103 0.000197 0.000109 0.000058 
4461248 convolutionTexture 1 710 43 0.919000 0.926000  0.000040 0.000037 0.000102 0.000193 0.000108 0.000057 
4461312 convolutionTexture 1 710 43 0.919000 1.081000  0.000041 0.000037 0.000102 0.000195 0.000108 0.000057 
4461312 convolutionTexture 1 710 43 0.919000 0.694000  0.000038 0.000035 0.000098 0.000184 0.000099 0.000054 
4461376 convolutionTexture 1 710 43 0.919000 0.925000  0.000051 0.000039 0.000107 0.000225 0.000118 0.000060 
4461376 convolutionTexture 1 710 43 0.919000 0.695000  0.000042 0.000037 0.000103 0.000223 0.000106 0.000056 
4461376 convolutionTexture 1 710 43 0.919000 0.926000  0.000050 0.000039 0.000107 0.000221 0.000114 0.000060 
4461440 convolutionTexture 1 710 42 0.919000 0.694000  0.000050 0.000040 0.000109 0.000232 0.000120 0.000061 
4461440 convolutionTexture 1 710 43 0.919000 0.693000  0.000045 0.000040 0.000106 0.000215 0.000112 0.000058 
4461440 convolutionTexture 1 710 43 0.919000 1.002000  0.514671 0.183362 0.370314 0.514742 0.174237 0.067927 
4461504 convolutionTexture 1 710 43 0.919000 0.617000  0.000038 0.000035 0.000096 0.000183 0.000099 0.000053 
4461504 convolutionTexture 1 710 43 0.919000 0.925000  0.000040 0.000036 0.000100 0.000195 0.000107 0.000057 
4461504 convolutionTexture 1 710 42 0.919000 0.694000  0.000037 0.000034 0.000096 0.106565 0.035951 0.015775 
4461568 convolutionTexture 1 710 43 0.919000 0.926000  0.000050 0.000039 0.000106 0.000224 0.000116 0.000059 
4461568 convolutionTexture 1 710 43 0.919000 1.079000  0.000038 0.000036 0.000099 0.000188 0.000103 0.000055 
4461632 convolutionTexture 1 710 43 0.919000 1.004000  0.000040 0.000036 0.000128 0.000264 0.000129 0.000073 
4461632 convolutionTexture 1 710 43 0.919000 1.156000  0.000040 0.000036 0.000099 0.000189 0.000104 0.000055 
4461632 convolutionTexture 1 710 43 0.919000 0.693000  0.000037 0.000034 0.000095 0.000180 0.000096 0.000052 
4461696 convolutionTexture 1 710 43 0.919000 0.926000  0.000040 0.000036 0.000098 0.000188 0.000104 0.000055 
4461696 convolutionTexture 1 710 43 0.919000 0.693000  0.000046 0.000035 0.000098 0.000197 0.000101 0.000054 
4461696 convolutionTexture 1 710 42 0.919000 1.156000  0.000040 0.000043 0.000110 0.000233 0.000115 0.000058 
4461760 convolutionTexture 1 710 42 0.919000 0.617000  0.000045 0.000037 0.000102 0.000212 0.000103 0.000055 
4461760 convolutionTexture 1 710 42 0.919000 0.847000  0.000050 0.000038 0.000104 0.000223 0.000122 0.000063 
4461824 convolutionTexture 1 710 42 0.919000 0.617000  0.000039 0.000036 0.000098 0.000204 0.000108 0.000057 
4461824 convolutionTexture 1 710 43 0.919000 0.694000  0.000047 0.000039 0.000105 0.000218 0.000111 0.000058 
4461824 convolutionTexture 1 710 43 0.919000 0.924000  0.000039 0.000035 0.000097 0.000189 0.000102 0.000054 
4461888 convolutionTexture 1 710 43 0.919000 0.694000  0.000037 0.000033 0.000093 0.000178 0.000094 0.000051 
4461888 convolutionTexture 1 710 43 0.919000 1.003000  0.000039 0.000052 0.000125 0.000263 0.000146 0.000071 
4461888 convolutionTexture 1 710 43 0.919000 0.694000  0.000037 0.000033 0.000095 0.000192 0.000097 0.000052 
4461952 convolutionTexture 1 710 43 0.919000 1.002000  0.000046 0.000037 0.000103 0.000224 0.000111 0.000057 
4461952 convolutionTexture 1 710 42 0.919000 0.925000  0.000037 0.000035 0.000097 0.000190 0.000101 0.000054 
4462016 convolutionTexture 1 710 42 0.919000 0.617000  0.000046 0.000037 0.000104 0.000223 0.000114 0.000058 
4462016 convolutionTexture 1 710 43 0.919000 1.003000  0.000043 0.000036 0.000100 0.000211 0.000108 0.000056 
4462016 convolutionTexture 1 710 43 0.919000 0.694000  0.000036 0.000033 0.000092 0.000178 0.000092 0.000051 
4462080 convolutionTexture 1 710 43 0.919000 1.002000  0.000044 0.000036 0.000100 0.000209 0.000109 0.000057 
4462080 convolutionTexture 1 710 43 0.919000 0.694000  0.000038 0.000034 0.000094 0.000195 0.000100 0.000053 
4462080 convolutionTexture 1 710 42 0.919000 0.925000  0.000271 0.000158 0.000341 0.000607 0.000285 0.000133 
4462144 convolutionTexture 1 710 42 0.919000 0.771000  0.000043 0.000037 0.000100 0.000217 0.000110 0.000057 
4462144 convolutionTexture 1 710 42 0.919000 0.694000  0.000047 0.000037 0.000102 0.000217 0.000112 0.000058 
4462208 convolutionTexture 1 710 43 0.919000 1.157000  0.309174 0.092387 0.194394 0.309450 0.102861 0.045185 
4462208 convolutionTexture 1 710 43 0.919000 0.772000  0.000049 0.000034 0.000094 0.000187 0.000095 0.000051 
4462208 convolutionTexture 1 710 42 0.919000 0.925000  0.000037 0.000034 0.000122 0.000245 0.000141 0.000069 
4462272 convolutionTexture 1 710 43 0.919000 0.617000  0.000017 0.000016 0.000043 0.000083 0.000046 0.000024 
4462272 convolutionTexture 1 710 43 0.919000 1.003000  0.000271 0.053666 0.112751 0.181791 0.059975 0.026285 
4462336 convolutionTexture 1 710 42 0.919000 0.925000  0.000040 0.000035 0.000098 0.000211 0.000109 0.000056 
4462336 convolutionTexture 1 710 43 0.919000 0.694000  0.000171 0.000061 0.000151 0.000446 0.000170 0.000081 
4462336 convolutionTexture 1 710 43 0.919000 0.925000  0.000047 0.000036 0.000098 0.000209 0.000109 0.000056 
4462400 convolutionTexture 1 710 43 0.919000 1.003000  0.000037 0.000033 0.000092 0.000179 0.000098 0.000051 
4462400 convolutionTexture 1 710 43 0.919000 1.002000  0.000042 0.000035 0.000093 0.000181 0.000094 0.000050 
4462400 convolutionTexture 1 710 43 0.919000 1.003000  0.000036 0.000033 0.000118 0.000239 0.000117 0.000067 
4462464 convolutionTexture 1 710 43 0.919000 0.695000  0.000035 0.000032 0.000088 0.000167 0.000091 0.000049 
4462464 convolutionTexture 1 710 43 0.919000 0.772000  0.000037 0.000033 0.000091 0.000175 0.000096 0.000051 
4462528 convolutionTexture 1 710 43 0.919000 0.694000  0.002124 0.000454 0.000968 0.002189 0.000656 0.000269 
4462528 convolutionTexture 1 710 43 0.919000 0.849000  0.000036 0.000033 0.000091 0.000174 0.000096 0.000051 
4462528 convolutionTexture 1 710 42 0.919000 0.694000  0.000035 0.000031 0.000087 0.000165 0.000089 0.000048 
4462592 convolutionTexture 1 710 42 0.919000 0.924000  0.000042 0.000035 0.000096 0.000199 0.000103 0.000053 
4462592 convolutionTexture 1 710 43 0.919000 0.925000  0.000037 0.000033 0.000090 0.000182 0.000098 0.000051 
4462592 convolutionTexture 1 710 42 0.919000 0.848000  0.000035 0.000033 0.000090 0.000171 0.000095 0.000050 
4462656 convolutionTexture 1 710 42 0.919000 1.002000  0.000017 0.000016 0.000043 0.000083 0.000046 0.000024 
4462656 convolutionTexture 1 710 42 0.919000 0.694000  0.000040 0.000033 0.000093 0.000194 0.000102 0.000053 
4462720 convolutionTexture 1 710 42 0.919000 1.079000  0.366265 0.108234 0.228595 0.366551 0.121282 0.052950 
4462720 convolutionTexture 1 710 42 0.919000 0.694000  0.000034 0.000031 0.000085 0.000160 0.000088 0.000047 
4462720 convolutionTexture 1 710 42 0.919000 1.002000  0.000035 0.000032 0.000089 0.000168 0.000093 0.000049 
4462784 convolutionTexture 1 710 42 0.919000 0.693000  0.369112 0.108740 0.229381 0.369333 0.122053 0.053195 
4462784 convolutionTexture 1 710 42 0.919000 0.694000  0.000040 0.000033 0.000093 0.000225 0.000108 0.000054 
4462784 convolutionTexture 1 710 42 0.919000 0.694000  0.000036 0.000032 0.000088 0.000169 0.000094 0.000049 
4462848 convolutionTexture 1 710 42 0.919000 0.693000  0.000034 0.000032 0.000088 0.000166 0.000092 0.000049 
4462848 convolutionTexture 1 710 43 0.919000 0.925000  0.000036 0.000032 0.000088 0.000169 0.000092 0.000049 
4462912 convolutionTexture 1 710 43 0.919000 0.849000  0.000034 0.000030 0.000084 0.000159 0.000087 0.000047 
4462912 convolutionTexture 1 710 43 0.919000 0.770000  0.000035 0.000032 0.000087 0.000167 0.000092 0.000049 
4462912 convolutionTexture 1 710 43 0.919000 0.694000  0.000033 0.000030 0.000084 0.000160 0.000085 0.000046 
4462976 convolutionTexture 1 710 43 0.919000 0.849000  0.000073 0.000034 0.000091 0.000205 0.000096 0.000050 
4462976 convolutionTexture 1 710 43 0.919000 0.617000  0.000043 0.000033 0.000092 0.000204 0.000105 0.000052 
4462976 convolutionTexture 1 710 43 0.919000 0.693000  0.000039 0.000033 0.000090 0.000191 0.000101 0.000052 
4463040 convolutionTexture 1 710 42 0.919000 1.002000  0.000035 0.000031 0.000086 0.000170 0.000091 0.000048 
4463040 convolutionTexture 1 710 42 0.919000 1.003000  0.000034 0.000031 0.000086 0.000164 0.000090 0.000048 
4463104 convolutionTexture 1 710 42 0.919000 0.925000  0.000039 0.000032 0.000089 0.000185 0.000098 0.000050 
4463104 convolutionTexture 1 710 42 0.919000 0.617000  0.000032 0.000029 0.000082 0.000156 0.000084 0.000047 
4463104 convolutionTexture 1 710 42 0.919000 0.925000  0.000035 0.000031 0.000085 0.000164 0.000091 0.000048 
4463168 convolutionTexture 1 710 42 0.919000 0.694000  0.000033 0.000029 0.000082 0.000161 0.000084 0.000045 
4463168 convolutionTexture 1 710 42 0.919000 0.694000  0.000040 0.000032 0.000089 0.000183 0.000095 0.000050 
4463168 convolutionTexture 1 710 43 0.919000 0.694000  0.000034 0.000031 0.000085 0.000166 0.000090 0.000047 
4463232 convolutionTexture 1 710 43 0.919000 0.694000  0.000033 0.000031 0.000098 0.000225 0.000106 0.000053 
4463232 convolutionTexture 1 710 43 0.919000 1.079000  0.000017 0.000015 0.000042 0.000082 0.000045 0.000024 
4463296 convolutionTexture 1 710 42 0.919000 0.694000  0.000033 0.000029 0.000081 0.000154 0.000083 0.000045 
4463296 convolutionTexture 1 710 42 0.919000 0.925000  0.000212 0.000065 0.000150 0.000342 0.000139 0.000066 
4463296 convolutionTexture 1 710 42 0.919000 0.694000  0.000040 0.000032 0.000088 0.000188 0.000097 0.000050 
4463360 convolutionTexture 1 710 42 0.919000 0.771000  0.000040 0.000033 0.000089 0.000189 0.000095 0.000049 
4463360 convolutionTexture 1 710 42 0.919000 1.003000  0.000059 0.000052 0.000142 0.000277 0.000151 0.000080 
4463424 convolutionTexture 1 710 43 0.919000 0.694000  0.000008 0.000008 0.000022 0.000043 0.000027 0.000013 
4463424 convolutionTexture 1 710 43 0.919000 1.080000  0.000034 0.000030 0.000083 0.000161 0.000088 0.000046 
4463424 convolutionTexture 1 710 43 0.919000 0.694000  0.001991 0.000451 0.000907 0.002076 0.000611 0.000239 
4463488 convolutionTexture 1 710 43 0.919000 1.002000  0.000034 0.000030 0.000083 0.000159 0.000088 0.000046 
4463488 convolutionTexture 1 710 43 0.919000 0.693000  0.002588 0.000607 0.001192 0.002651 0.000800 0.000315 
4463488 convolutionTexture 1 710 43 0.919000 1.002000  0.000017 0.000015 0.000042 0.000090 0.000048 0.000025 
4463552 convolutionTexture 1 710 43 0.919000 0.771000  0.000037 0.000030 0.000083 0.000166 0.000087 0.000046 
4463552 convolutionTexture 1 710 43 0.919000 0.771000  0.000038 0.000031 0.000085 0.000176 0.000093 0.000048 
4463616 convolutionTexture 1 710 43 0.919000 1.003000  0.000037 0.000030 0.000088 0.000212 0.000094 0.000048 
4463616 convolutionTexture 1 710 42 0.919000 0.694000  0.000032 0.000028 0.000079 0.000153 0.000080 0.000043 
4463616 convolutionTexture 1 710 43 0.919000 1.080000  0.000041 0.000031 0.000087 0.000188 0.000096 0.000049 
4463680 convolutionTexture 1 710 43 0.919000 0.772000  0.043027 0.014177 0.031178 0.043227 0.015696 0.006993 
4463680 convolutionTexture 1 710 43 0.919000 0.926000  0.000033 0.000043 0.000105 0.000214 0.000123 0.000060 
4463680 convolutionTexture 1 710 43 0.919000 0.770000  0.000034 0.000030 0.000082 0.000158 0.000086 0.000046 
4463744 convolutionTexture 1 710 43 0.919000 0.926000  0.000034 0.000029 0.000081 0.000156 0.000086 0.000045 
4463744 convolutionTexture 1 710 43 0.919000 1.002000  0.000034 0.000030 0.000081 0.000158 0.000086 0.000045 
4463808 convolutionTexture 1 710 43 0.919000 0.694000  0.000031 0.000028 0.000078 0.000147 0.000080 0.000043 
4463808 convolutionTexture 1 710 42 0.919000 1.157000  0.000033 0.000029 0.000080 0.000156 0.000085 0.000045 
4463808 convolutionTexture 1 710 42 0.919000 0.693000  0.000031 0.000028 0.000077 0.000151 0.000080 0.000043 
4463872 convolutionTexture 1 710 43 0.919000 0.925000  0.000035 0.000029 0.000081 0.000167 0.000087 0.000046 
4463872 convolutionTexture 1 710 42 0.919000 0.771000  0.000031 0.000027 0.000077 0.000147 0.000079 0.000042 
4463936 convolutionTexture 1 710 42 0.919000 0.924000  0.000039 0.000030 0.000084 0.000178 0.000091 0.000046 
4463936 convolutionTexture 1 710 43 0.919000 1.157000  0.000033 0.000029 0.000079 0.000159 0.000084 0.000044 
4463936 convolutionTexture 1 710 43 0.919000 0.694000  0.014537 0.003536 0.007367 0.014609 0.004222 0.001827 
4464000 convolutionTexture 1 710 43 0.919000 1.080000  0.000034 0.000029 0.000082 0.000182 0.000092 0.000047 
4464000 convolutionTexture 1 710 43 0.919000 0.695000  0.000030 0.000027 0.000076 0.000147 0.000078 0.000042 
4464000 convolutionTexture 1 710 42 0.919000 1.003000  0.000034 0.000030 0.000083 0.000181 0.000093 0.000048 
4464064 convolutionTexture 1 710 42 0.919000 0.848000  0.000031 0.000027 0.000076 0.000149 0.000078 0.000042 
4464064 convolutionTexture 1 710 42 0.919000 0.925000  0.000032 0.000028 0.000089 0.000205 0.000096 0.000048 
4464128 convolutionTexture 1 710 43 0.919000 0.694000  0.077545 0.024325 0.053060 0.077737 0.027494 0.012263 
4464128 convolutionTexture 1 710 43 0.919000 1.002000  0.000036 0.000029 0.000082 0.000176 0.000091 0.000047 
4464128 convolutionTexture 1 710 42 0.919000 1.079000  0.000032 0.000029 0.000078 0.000151 0.000083 0.000044 
4464192 convolutionTexture 1 710 43 0.919000 0.693000  0.000031 0.000041 0.000101 0.000203 0.000116 0.000057 
4464192 convolutionTexture 1 710 43 0.919000 0.926000  0.000167 0.000058 0.000149 0.000389 0.000159 0.000078 
4464192 convolutionTexture 1 710 42 0.919000 0.770000  0.000029 0.000027 0.000075 0.000142 0.000077 0.000041 
4464256 convolutionTexture 1 710 42 0.919000 0.925000  0.000040 0.000030 0.000084 0.000184 0.000103 0.000050 
4464256 convolutionTexture 1 710 42 0.919000 0.771000  0.000029 0.000026 0.000074 0.000141 0.000075 0.000041 
4464320 convolutionTexture 1 710 43 0.919000 1.002000  0.000030 0.000028 0.000077 0.000147 0.000081 0.000043 
4464320 convolutionTexture 1 710 43 0.919000 0.771000  0.000030 0.000026 0.000074 0.000142 0.000076 0.000041 
4464320 convolutionTexture 1 710 43 0.919000 0.694000  0.000034 0.000029 0.000082 0.000171 0.000089 0.000045 
4464384 convolutionTexture 1 710 43 0.919000 0.694000  0.000031 0.000028 0.000076 0.000149 0.000080 0.000043 
4464384 convolutionTexture 1 710 43 0.919000 0.694000  0.000030 0.000028 0.000088 0.000202 0.000096 0.000048 
4464448 convolutionTexture 1 710 42 0.919000 1.002000  0.000144 0.000065 0.000163 0.000305 0.000150 0.000077 
4464448 convolutionTexture 1 710 43 0.919000 0.771000  0.000030 0.000026 0.000073 0.000141 0.000075 0.000041 
4464448 convolutionTexture 1 710 43 0.919000 0.926000  0.000030 0.000032 0.000084 0.000187 0.000091 0.000046 
4464512 convolutionTexture 1 710 42 0.919000 0.849000  0.000031 0.000028 0.000076 0.000146 0.000080 0.000043 
4464512 convolutionTexture 1 710 42 0.919000 0.771000  0.000032 0.000027 0.000075 0.000149 0.000080 0.000042 
4464576 convolutionTexture 1 710 43 0.919000 1.001000  0.000033 0.000029 0.000078 0.000166 0.000086 0.000044 
4464576 convolutionTexture 1 710 43 0.919000 0.694000  0.000028 0.000026 0.000072 0.000139 0.000073 0.000040 
4464576 convolutionTexture 1 710 43 0.919000 0.849000  0.000036 0.000031 0.000083 0.000189 0.000096 0.000047 
4464640 convolutionTexture 1 710 43 0.919000 0.694000  0.000120 0.000046 0.000108 0.000234 0.000582 0.000243 
4464640 convolutionTexture 1 710 42 0.919000 0.771000  0.000032 0.000029 0.000077 0.000154 0.000079 0.000041 
4464704 convolutionTexture 1 710 42 0.919000 1.001000  0.000051 0.000067 0.000162 0.000341 0.000189 0.000092 
4464704 convolutionTexture 1 710 43 0.919000 0.694000  0.000017 0.000016 0.000041 0.000086 0.000043 0.000023 
4464768 convolutionTexture 1 710 43 0.919000 0.847000  0.000036 0.000027 0.000077 0.000166 0.000086 0.000044 
4464768 convolutionTexture 1 710 43 0.919000 0.771000  0.000118 0.000046 0.000107 0.000235 0.000401 0.000173 
4464768 convolutionTexture 1 710 43 0.919000 0.694000  0.000030 0.000027 0.000095 0.000191 0.000093 0.000054 
4464832 convolutionTexture 1 710 43 0.919000 1.001000  0.000065 0.000092 0.000219 0.000497 0.000215 0.000101 
4464832 convolutionTexture 1 710 42 0.919000 0.694000  0.000028 0.000025 0.000070 0.000134 0.000072 0.000039 
4464832 convolutionTexture 1 710 43 0.919000 1.003000  0.000031 0.000027 0.000073 0.000146 0.000079 0.000041 
4464896 convolutionTexture 1 710 43 0.919000 0.694000  0.000029 0.000025 0.000070 0.000138 0.000072 0.000039 
4464896 convolutionTexture 1 710 42 0.919000 0.925000  0.000037 0.000029 0.000078 0.000168 0.000085 0.000043 
4464960 convolutionTexture 1 710 42 0.919000 0.694000  0.000029 0.000025 0.000071 0.000145 0.000077 0.000041 
4464960 convolutionTexture 1 710 42 0.919000 0.924000  0.000029 0.000026 0.000072 0.000139 0.000077 0.000040 
4464960 convolutionTexture 1 710 43 0.919000 1.079000  0.000056 0.000029 0.000078 0.000168 0.000082 0.000042 
4465024 convolutionTexture 1 710 43 0.919000 0.693000  0.000029 0.000026 0.000072 0.000138 0.000076 0.000040 
4465024 convolutionTexture 1 710 43 0.919000 0.925000  0.000031 0.000026 0.000074 0.000156 0.000080 0.000042 
4465088 convolutionTexture 1 710 43 0.919000 0.694000  0.000027 0.000024 0.000069 0.000132 0.000070 0.000038 
4465088 convolutionTexture 1 710 43 0.919000 0.925000  0.000017 0.000015 0.000041 0.000079 0.000044 0.000023 
4465088 convolutionTexture 1 710 43 0.919000 0.772000  0.000027 0.000025 0.000069 0.000131 0.000070 0.000038 
4465152 convolutionTexture 1 710 43 0.919000 1.157000  0.000033 0.000027 0.000074 0.000158 0.000082 0.000042 
4465152 convolutionTexture 1 710 42 0.919000 0.771000  0.000027 0.000024 0.000068 0.000130 0.000070 0.000038 
4465152 convolutionTexture 1 710 42 0.919000 0.925000  0.000028 0.000026 0.000071 0.000136 0.000082 0.000043 
4465216 convolutionTexture 1 710 43 0.919000 0.770000  0.000034 0.000027 0.000074 0.000159 0.000081 0.000041 
4465216 convolutionTexture 1 710 43 0.919000 0.694000  0.000034 0.000028 0.000076 0.000159 0.000081 0.000042 
4465280 convolutionTexture 1 710 43 0.919000 0.694000  0.000029 0.000026 0.000070 0.000137 0.000076 0.000040 
4465280 convolutionTexture 1 710 43 0.919000 0.771000  0.000028 0.000026 0.000070 0.000134 0.000074 0.000039 
4465280 convolutionTexture 1 710 43 0.919000 1.002000  0.000037 0.000028 0.000075 0.000159 0.000083 0.000042 
4465344 convolutionTexture 1 710 43 0.919000 0.770000  0.000026 0.000024 0.000067 0.000128 0.000068 0.000037 
4465344 convolutionTexture 1 710 43 0.919000 1.002000  0.000030 0.000025 0.000069 0.000144 0.000071 0.000038 
4465408 convolutionTexture 1 710 43 0.919000 0.694000  0.000028 0.000024 0.000067 0.000128 0.000068 0.000037 
4465408 convolutionTexture 1 710 43 0.919000 0.926000  0.000028 0.000025 0.000069 0.000133 0.000072 0.000039 
4465408 convolutionTexture 1 710 43 0.919000 0.694000  0.000029 0.000025 0.000071 0.000141 0.000075 0.000039 
4465472 convolutionTexture 1 710 43 0.919000 1.003000  0.000027 0.000025 0.000069 0.000132 0.000072 0.000039 
4465472 convolutionTexture 1 710 43 0.919000 1.002000  0.000027 0.000025 0.000069 0.000132 0.000072 0.000038 
4465472 convolutionTexture 1 710 43 0.919000 1.002000  0.000027 0.000025 0.000069 0.000132 0.000072 0.000038 
4465536 convolutionTexture 1 710 43 0.919000 0.925000  0.000059 0.000044 0.000123 0.000271 0.000136 0.000070 
4465536 convolutionTexture 1 710 43 0.919000 0.694000  0.000026 0.000023 0.000066 0.000126 0.000067 0.000036 
4465600 convolutionTexture 1 710 43 0.919000 0.924000  0.000037 0.000027 0.000074 0.000160 0.000078 0.000039 
4465600 convolutionTexture 1 710 43 0.919000 0.770000  0.000026 0.000023 0.000078 0.000227 0.000093 0.000049 
4465600 convolutionTexture 1 710 43 0.919000 0.926000  0.000031 0.000025 0.000071 0.000151 0.000077 0.000040 
4465664 convolutionTexture 1 710 43 0.919000 0.694000  0.000028 0.000024 0.000068 0.000133 0.000072 0.000038 
4465664 convolutionTexture 1 710 43 0.919000 0.693000  0.000038 0.000030 0.000081 0.000190 0.000087 0.000043 
4465664 convolutionTexture 1 710 42 0.919000 1.079000  0.000038 0.000026 0.000071 0.000164 0.000085 0.000042 
4465728 convolutionTexture 1 710 43 0.919000 0.695000  0.000025 0.000023 0.000065 0.000124 0.000066 0.000036 
4465728 convolutionTexture 1 710 43 0.919000 1.002000  0.000027 0.000024 0.000067 0.000129 0.000071 0.000037 
4465792 convolutionTexture 1 710 43 0.919000 1.081000  0.043091 0.014121 0.030681 0.043200 0.015558 0.007029 
4465792 convolutionTexture 1 710 43 0.919000 0.924000  0.000032 0.000026 0.000072 0.000156 0.000080 0.000040 
4465792 convolutionTexture 1 710 43 0.919000 0.694000  0.028080 0.009251 0.020057 0.028139 0.010192 0.004618 
4465856 convolutionTexture 1 710 42 0.919000 0.771000  0.000033 0.000026 0.000071 0.000152 0.000078 0.000040 
4465856 convolutionTexture 1 710 42 0.919000 1.080000  0.000028 0.000024 0.000067 0.000135 0.000071 0.000037 
4465856 convolutionTexture 1 710 43 0.919000 0.925000  0.000032 0.000026 0.000071 0.000147 0.000077 0.000039 
4465920 convolutionTexture 1 710 43 0.919000 0.925000  0.000076 0.000040 0.000096 0.000181 0.000089 0.000042 
4465920 convolutionTexture 1 710 42 0.919000 0.771000  0.000098 0.000038 0.000091 0.000236 0.007978 0.003493 
4465984 convolutionTexture 1 710 43 0.919000 0.924000  0.000032 0.000026 0.000071 0.000149 0.000078 0.000040 
4465984 convolutionTexture 1 710 43 0.919000 1.156000  0.000017 0.000014 0.000039 0.000086 0.000043 0.000022 
4465984 convolutionTexture 1 710 43 0.919000 0.694000  0.000032 0.000027 0.000070 0.000141 0.000072 0.000037 
4466048 convolutionTexture 1 710 43 0.919000 1.157000  0.000027 0.000024 0.000084 0.000184 0.000086 0.000048 
4466048 convolutionTexture 1 710 43 0.919000 0.771000  0.000044 0.000040 0.000110 0.000220 0.000117 0.000062 
4466112 convolutionTexture 1 710 43 0.919000 0.925000  0.000032 0.000025 0.000067 0.000145 0.000075 0.000039 
4466112 convolutionTexture 1 710 43 0.919000 1.003000  0.000056 0.000029 0.000075 0.000170 0.000080 0.000041 
4466176 convolutionTexture 1 710 43 0.919000 0.772000  0.000025 0.000022 0.000062 0.000121 0.000063 0.000034 
4466176 convolutionTexture 1 710 43 0.919000 0.848000  0.000033 0.000025 0.000068 0.000148 0.000076 0.000039 
4466176 convolutionTexture 1 710 43 0.919000 0.694000  0.000024 0.000022 0.000062 0.000118 0.000063 0.000034 
4466240 convolutionTexture 1 710 43 0.919000 0.848000  0.000027 0.000035 0.000083 0.000178 0.000097 0.000047 
4466240 convolutionTexture 1 710 43 0.919000 0.695000  0.000041 0.000037 0.000103 0.000207 0.000107 0.000058 
4466304 convolutionTexture 1 710 43 0.919000 0.925000  0.000266 0.000157 0.000412 0.000843 0.000349 0.000162 
4466304 convolutionTexture 1 710 43 0.919000 0.926000  0.000029 0.000025 0.000069 0.000147 0.000076 0.000038 
4466304 convolutionTexture 1 710 43 0.919000 0.772000  0.007016 0.001250 0.002618 0.007109 0.001738 0.000701 
4466368 convolutionTexture 1 710 43 0.919000 0.925000  0.000029 0.000024 0.000068 0.000283 0.000111 0.000052 
4466368 convolutionTexture 1 710 43 0.919000 1.004000  0.000026 0.000023 0.000064 0.000128 0.000068 0.000036 
4466432 convolutionTexture 1 710 43 0.919000 0.848000  0.000031 0.000029 0.000075 0.000168 0.000080 0.000040 
4466432 convolutionTexture 1 710 43 0.919000 1.003000  0.000016 0.000014 0.000050 0.000105 0.000051 0.000029 
4466432 convolutionTexture 1 710 43 0.919000 0.924000  0.000025 0.000022 0.000061 0.000116 0.000090 0.000046 
4466496 convolutionTexture 1 710 43 0.919000 0.772000  0.000032 0.000025 0.000067 0.000144 0.000073 0.000037 
4466496 convolutionTexture 1 710 43 0.919000 1.080000  0.000029 0.000025 0.000066 0.000138 0.000071 0.000037 
4466560 convolutionTexture 1 710 43 0.919000 0.771000  0.000024 0.000022 0.000060 0.000116 0.000061 0.000033 
4466560 convolutionTexture 1 710 43 0.919000 0.848000  0.000029 0.000027 0.000072 0.000170 0.000077 0.000038 
4466560 convolutionTexture 1 710 43 0.919000 0.771000  0.000026 0.000023 0.000062 0.000125 0.000067 0.000035 
4466624 convolutionTexture 1 710 43 0.919000 0.771000  0.000025 0.000023 0.000062 0.000120 0.000065 0.000035 
4466624 convolutionTexture 1 710 43 0.919000 1.157000  0.000016 0.000014 0.000039 0.000077 0.000041 0.000022 
4466688 convolutionTexture 1 710 43 0.919000 0.925000  0.000025 0.000037 0.000089 0.000193 0.000090 0.000044 
4466688 convolutionTexture 1 710 43 0.919000 0.924000  0.000030 0.000024 0.000066 0.000143 0.000072 0.000037 
4466688 convolutionTexture 1 710 43 0.919000 0.771000  0.000024 0.000021 0.000059 0.000115 0.000060 0.000033 
4466752 convolutionTexture 1 710 43 0.919000 1.001000  0.000027 0.000023 0.000065 0.000141 0.000071 0.000037 
4466752 convolutionTexture 1 710 43 0.919000 0.772000  0.000101 0.000038 0.000088 0.000196 0.001002 0.000395 
4466816 convolutionTexture 1 710 43 0.919000 0.849000  0.000029 0.000023 0.000063 0.000133 0.000070 0.000036 
4466816 convolutionTexture 1 710 43 0.919000 1.079000  0.000100 0.000038 0.000088 0.000195 0.002982 0.001235 
4466816 convolutionTexture 1 710 43 0.919000 0.771000  0.000031 0.000023 0.000064 0.000139 0.000071 0.000036 
4466880 convolutionTexture 1 710 42 0.919000 1.001000  0.054849 0.018041 0.038503 0.055116 0.019795 0.009123 
4466880 convolutionTexture 1 710 42 0.919000 0.693000  0.000023 0.000021 0.000058 0.000110 0.000060 0.000032 
