#Timestamp	Benchmark	Run(#)	CPU Frequency (MHz)	CPU Temperature(C)	CPU Voltage(V)	CPU Power(W)	CPU_CYCLES	L1_DATA_CACHE_ACCESS	INSTRUCTIONS_RETIRED	BUS_CYCLES	L1I_CACHE_ACCESS	PREDICTABLE_BRANCH_SPECULATIVELY_EXECUTED
3827136 convolutionTexture 1 518 41 0.880000 0.693000  0.000017 0.000015 0.000043 0.000087 0.000056 0.000027 
3827200 convolutionTexture 1 518 41 0.880000 0.772000  0.000117 0.000075 0.000218 0.000553 0.000363 0.000168 
3827200 convolutionTexture 1 518 41 0.880000 0.847000  0.000017 0.000015 0.000043 0.000086 0.000055 0.000026 
3827200 convolutionTexture 1 518 41 0.880000 0.848000  0.000079 0.000063 0.000177 0.000370 0.000192 0.000098 
3827264 convolutionTexture 1 518 41 0.880000 0.849000  0.000075 0.000061 0.000166 0.000338 0.000173 0.000089 
3827264 convolutionTexture 1 518 41 0.880000 0.847000  0.000067 0.000059 0.000162 0.000318 0.000169 0.000090 
3827328 convolutionTexture 1 518 41 0.880000 0.770000  0.436983 0.352673 -0.493097 0.437054 0.208945 0.047424 
3827328 convolutionTexture 1 518 41 0.880000 1.002000  0.000019 0.000016 0.000045 0.000091 0.000048 0.000025 
3827392 convolutionTexture 1 518 41 0.880000 0.848000  0.000078 0.000061 0.000166 0.000375 0.000195 0.000098 
3827392 convolutionTexture 1 518 41 0.880000 1.079000  0.000064 0.000055 0.000154 0.000299 0.000158 0.000085 
3827392 convolutionTexture 1 518 41 0.880000 0.847000  0.000066 0.000057 0.000159 0.000368 0.000176 0.000091 
3827456 convolutionTexture 1 518 41 0.880000 0.693000  0.005134 0.001639 0.003674 0.005201 0.001865 0.000765 
3827456 convolutionTexture 1 518 41 0.880000 0.694000  0.000020 0.000016 0.000046 0.000097 0.000051 0.000026 
3827520 convolutionTexture 1 518 41 0.880000 0.849000  0.000062 0.000106 0.000253 0.000497 0.000234 0.000116 
3827520 convolutionTexture 1 518 41 0.880000 0.693000  0.000077 0.000062 0.000166 0.000588 0.000240 0.000109 
3827520 convolutionTexture 1 518 41 0.880000 0.771000  0.000066 0.000066 0.000176 0.000383 0.000183 0.000093 
3827584 convolutionTexture 1 518 41 0.880000 0.540000  0.000057 0.000053 0.000150 0.000281 0.000153 0.000083 
3827584 convolutionTexture 1 518 41 0.880000 0.848000  0.000062 0.000056 0.000155 0.000297 0.000164 0.000086 
3827648 convolutionTexture 1 518 41 0.880000 0.540000  0.000057 0.000053 0.000149 0.000278 0.000150 0.000082 
3827648 convolutionTexture 1 518 41 0.880000 0.770000  0.000065 0.000057 0.000159 0.000328 0.000173 0.000089 
3827648 convolutionTexture 1 518 41 0.880000 0.463000  0.010258 0.002925 0.006199 0.010404 0.003424 0.001510 
3827712 convolutionTexture 1 518 41 0.880000 0.694000  0.000073 0.000061 0.000163 0.000338 0.000179 0.000092 
3827712 convolutionTexture 1 518 41 0.880000 0.772000  0.011195 0.003159 0.006616 0.011264 0.003708 0.001625 
3827776 convolutionTexture 1 518 41 0.880000 0.540000  0.000072 0.000061 0.000167 0.000345 0.000182 0.000093 
3827776 convolutionTexture 1 518 41 0.880000 0.770000  0.000018 0.000015 0.000045 0.000114 0.000049 0.000025 
3827776 convolutionTexture 1 518 41 0.880000 0.694000  0.000056 0.000052 0.000146 0.000275 0.000160 0.000084 
3827840 convolutionTexture 1 518 41 0.880000 0.694000  0.000060 0.000086 0.000202 0.000537 0.000237 0.000126 
3827840 convolutionTexture 1 518 41 0.880000 0.540000  0.017101 0.005154 0.010926 0.017235 0.005920 0.002653 
3827904 convolutionTexture 1 518 41 0.880000 0.770000  0.000073 0.000058 0.000159 0.000338 0.000180 0.000091 
3827904 convolutionTexture 1 518 41 0.880000 0.539000  0.000060 0.000054 0.000150 0.000293 0.000159 0.000084 
3827904 convolutionTexture 1 518 41 0.880000 0.693000  0.000075 0.000065 0.000171 0.000382 0.000186 0.000093 
3827968 convolutionTexture 1 518 41 0.880000 0.771000  0.000059 0.000055 0.000150 0.000283 0.000166 0.000086 
3827968 convolutionTexture 1 518 41 0.880000 0.539000  0.000056 0.000051 0.000143 0.000269 0.000147 0.000079 
3828032 convolutionTexture 1 518 41 0.880000 0.771000  0.000059 0.000055 0.000153 0.000332 0.000170 0.000087 
3828032 convolutionTexture 1 518 41 0.880000 0.540000  0.000055 0.000050 0.000142 0.000267 0.000145 0.000079 
3828032 convolutionTexture 1 518 41 0.880000 0.694000  0.000059 0.000054 0.000151 0.000332 0.000161 0.000085 
3828096 convolutionTexture 1 518 41 0.880000 0.617000  0.000055 0.000050 0.000141 0.000269 0.000144 0.000078 
3828096 convolutionTexture 1 518 41 0.880000 0.694000  0.000072 0.000056 0.000155 0.000325 0.000170 0.000087 
3828160 convolutionTexture 1 518 41 0.880000 0.540000  0.000055 0.000051 0.000142 0.000356 0.000175 0.000094 
3828160 convolutionTexture 1 518 41 0.880000 0.693000  0.000065 0.000056 0.000156 0.000318 0.000166 0.000087 
3828224 convolutionTexture 1 518 41 0.880000 0.771000  0.000071 0.000055 0.000148 0.000294 0.015424 0.006880 
3828224 convolutionTexture 1 518 41 0.880000 0.694000  0.000056 0.000051 0.000215 0.000598 0.000211 0.000099 
3828224 convolutionTexture 1 518 41 0.880000 0.384000  0.015125 0.004121 0.008765 0.015210 0.004934 0.002165 
3828288 convolutionTexture 1 518 41 0.880000 0.615000  0.000054 0.000049 0.000138 0.000262 0.000141 0.000076 
3828288 convolutionTexture 1 518 41 0.880000 0.538000  0.000017 0.000016 0.000055 0.000113 0.000056 0.000031 
3828352 convolutionTexture 1 518 41 0.880000 0.384000  0.000055 0.000049 0.000136 0.000263 0.000140 0.000075 
3828352 convolutionTexture 1 518 41 0.880000 0.538000  0.000112 0.000060 0.000159 0.000359 0.000171 0.000087 
3828352 convolutionTexture 1 518 41 0.880000 0.616000  0.000056 0.000048 0.000135 0.000270 0.000139 0.000075 
3828416 convolutionTexture 1 518 41 0.880000 0.849000  0.000057 0.000051 0.000180 0.000382 0.000207 0.000103 
3828416 convolutionTexture 1 518 41 0.880000 0.847000  0.000016 0.000015 0.000041 0.000078 0.000043 0.000023 
3828480 convolutionTexture 1 518 41 0.880000 0.772000  0.000021 0.000016 0.000045 0.000093 0.000049 0.000026 
3828480 convolutionTexture 1 518 41 0.880000 0.539000  0.000069 0.000056 0.000148 0.000300 0.000155 0.000078 
3828480 convolutionTexture 1 518 41 0.880000 0.770000  0.000063 0.000053 0.000145 0.000297 0.000161 0.000083 
3828544 convolutionTexture 1 518 41 0.880000 0.849000  0.000056 0.000072 0.000176 0.000416 0.000203 0.000112 
3828544 convolutionTexture 1 518 41 0.880000 0.616000  0.000017 0.000015 0.000041 0.000080 0.000043 0.000023 
3828608 convolutionTexture 1 518 41 0.880000 0.694000  0.000065 0.000053 0.000144 0.000303 0.000157 0.000080 
3828608 convolutionTexture 1 518 41 0.880000 0.539000  0.000137 0.000070 0.000207 0.000539 0.000210 0.000108 
3828672 convolutionTexture 1 518 41 0.880000 0.771000  0.000052 0.000050 0.000139 0.000289 0.000152 0.000079 
3828672 convolutionTexture 1 518 41 0.880000 0.540000  0.031035 0.009645 0.020659 0.031171 0.010931 0.004831 
3828672 convolutionTexture 1 518 41 0.880000 0.771000  0.000065 0.000053 0.000142 0.000299 0.000158 0.000081 
3828736 convolutionTexture 1 518 41 0.880000 0.849000  0.000061 0.000053 0.000146 0.000305 0.000160 0.000081 
3828736 convolutionTexture 1 518 41 0.880000 0.849000  0.000051 0.000046 0.000128 0.000244 0.000132 0.000071 
3828800 convolutionTexture 1 518 41 0.880000 0.770000  0.000053 0.000071 0.000171 0.000345 0.000201 0.000098 
3828800 convolutionTexture 1 518 41 0.880000 0.539000  0.000015 0.000014 0.000039 0.000074 0.000040 0.000021 
3828800 convolutionTexture 1 518 41 0.880000 0.694000  0.000064 0.000051 0.000139 0.000292 0.000154 0.000079 
3828864 convolutionTexture 1 518 41 0.880000 0.848000  0.002450 0.000961 0.002042 0.002534 0.001069 0.000508 
3828864 convolutionTexture 1 518 41 0.880000 0.539000  0.000059 0.000049 0.000137 0.000283 0.000150 0.000078 
3828928 convolutionTexture 1 518 41 0.880000 0.771000  0.000062 0.000052 0.000138 0.000289 0.000153 0.000077 
3828928 convolutionTexture 1 518 41 0.880000 0.540000  0.000049 0.000045 0.000125 0.000238 0.000128 0.000069 
3828928 convolutionTexture 1 518 41 0.880000 0.847000  0.000051 0.000056 0.000145 0.000319 0.000157 0.000080 
3828992 convolutionTexture 1 518 41 0.880000 0.540000  0.000047 0.000044 0.000124 0.000234 0.000127 0.000069 
3828992 convolutionTexture 1 518 41 0.880000 0.694000  0.000053 0.000077 0.000178 0.000390 0.000207 0.000098 
3829056 convolutionTexture 1 518 41 0.880000 0.616000  0.000015 0.000014 0.000038 0.000073 0.000040 0.000022 
3829056 convolutionTexture 1 518 41 0.880000 0.771000  0.000062 0.000050 0.000138 0.000290 0.000153 0.000078 
3829056 convolutionTexture 1 518 41 0.880000 0.540000  0.003342 0.001113 0.002368 0.003399 0.001263 0.000580 
3829120 convolutionTexture 1 518 41 0.880000 0.770000  0.000062 0.000049 0.000135 0.000280 0.000148 0.000076 
3829120 convolutionTexture 1 518 41 0.880000 0.847000  0.024102 0.006477 0.013706 0.024179 0.007746 0.003344 
3829184 convolutionTexture 1 518 41 0.880000 0.539000  0.000048 0.000044 0.000122 0.000232 0.000124 0.000067 
3829184 convolutionTexture 1 518 41 0.880000 0.770000  0.000063 0.000049 0.000134 0.000277 0.000145 0.000075 
3829184 convolutionTexture 1 518 41 0.880000 0.540000  0.000048 0.000043 0.000121 0.000232 0.000124 0.000067 
3829248 convolutionTexture 1 518 41 0.880000 0.771000  0.000016 0.000021 0.000051 0.000105 0.000060 0.000029 
3829248 convolutionTexture 1 518 41 0.880000 0.540000  0.026782 0.007014 0.014746 0.026842 0.008451 0.003615 
3829312 convolutionTexture 1 518 41 0.880000 0.771000  0.000116 0.000089 0.000243 0.000552 0.000241 0.000114 
3829312 convolutionTexture 1 518 41 0.880000 0.771000  0.000023 0.000016 0.000043 0.000087 0.000054 0.000027 
3829376 convolutionTexture 1 518 41 0.880000 0.540000  0.000050 0.000054 0.000137 0.000305 0.000137 0.000071 
3829376 convolutionTexture 1 518 41 0.880000 0.772000  0.000089 0.000053 0.000142 0.000311 0.000147 0.000073 
3829376 convolutionTexture 1 518 41 0.880000 0.540000  0.000046 0.000042 0.000119 0.000227 0.000121 0.000066 
3829440 convolutionTexture 1 518 41 0.880000 0.849000  0.000048 0.000045 0.000142 0.000368 0.000154 0.000077 
3829440 convolutionTexture 1 518 41 0.880000 0.540000  0.000186 0.000076 0.000178 0.003542 0.000975 0.000407 
3829504 convolutionTexture 1 518 41 0.880000 0.540000  0.000046 0.000042 0.000118 0.000223 0.000121 0.000065 
3829504 convolutionTexture 1 518 41 0.880000 0.770000  0.000018 0.000014 0.000040 0.000083 0.000045 0.000023 
3829568 convolutionTexture 1 518 41 0.880000 0.849000  0.000049 0.000044 0.000121 0.000234 0.000127 0.000067 
3829568 convolutionTexture 1 518 41 0.880000 0.540000  0.000047 0.000059 0.000146 0.000363 0.000171 0.000094 
3829632 convolutionTexture 1 518 41 0.880000 0.771000  0.000056 0.000045 0.000124 0.000257 0.000135 0.000070 
3829632 convolutionTexture 1 518 41 0.880000 0.540000  0.000045 0.000041 0.000115 0.000220 0.000119 0.000064 
3829632 convolutionTexture 1 518 41 0.880000 0.847000  0.000056 0.000045 0.000124 0.000264 0.000139 0.000072 
3829696 convolutionTexture 1 518 41 0.880000 0.540000  0.000045 0.000041 0.000114 0.000216 0.000117 0.000063 
3829696 convolutionTexture 1 518 41 0.880000 0.770000  0.000039 0.000022 0.000064 0.000122 0.000069 0.000034 
3829760 convolutionTexture 1 518 41 0.880000 0.540000  0.000044 0.000041 0.000114 0.000216 0.000116 0.000063 
3829760 convolutionTexture 1 518 41 0.880000 0.770000  0.000048 0.000043 0.000118 0.000227 0.000125 0.000066 
3829760 convolutionTexture 1 518 41 0.880000 0.540000  0.003637 0.001597 0.003498 0.003698 0.001661 0.000820 
3829824 convolutionTexture 1 518 41 0.880000 0.771000  0.000021 0.000016 0.000043 0.000092 0.000048 0.000025 
3829824 convolutionTexture 1 518 41 0.880000 0.695000  0.000016 0.000014 0.000039 0.000076 0.000041 0.000022 
3829888 convolutionTexture 1 518 41 0.880000 0.770000  0.000053 0.000045 0.000126 0.000267 0.000143 0.000071 
3829888 convolutionTexture 1 518 41 0.880000 0.847000  0.007761 0.001973 0.004090 0.007817 0.002436 0.001025 
3829888 convolutionTexture 1 518 41 0.880000 0.693000  0.000046 0.000063 0.000152 0.000298 0.000175 0.000086 
3829952 convolutionTexture 1 518 41 0.880000 0.847000  0.000046 0.000040 0.000117 0.000251 0.000182 0.000088 
3829952 convolutionTexture 1 518 41 0.880000 0.770000  0.000046 0.000042 0.000117 0.000221 0.000123 0.000065 
3830016 convolutionTexture 1 518 41 0.880000 0.925000  0.000052 0.000047 0.000128 0.000291 0.000137 0.000069 
3830016 convolutionTexture 1 518 41 0.880000 0.693000  0.000044 0.000040 0.000112 0.000211 0.000114 0.000062 
3830016 convolutionTexture 1 518 41 0.880000 0.771000  0.000039 0.000027 0.000072 0.000143 0.000066 0.000035 
3830080 convolutionTexture 1 518 41 0.880000 0.772000  0.000043 0.000040 0.000111 0.000239 0.000122 0.000064 
3830080 convolutionTexture 1 518 41 0.880000 0.771000  0.000015 0.000014 0.000050 0.000099 0.000057 0.000028 
3830144 convolutionTexture 1 518 41 0.880000 0.539000  0.000088 0.000059 0.000182 0.000469 0.000186 0.000097 
3830144 convolutionTexture 1 518 41 0.880000 0.771000  0.000054 0.000045 0.000124 0.000257 0.000136 0.000070 
3830144 convolutionTexture 1 518 41 0.880000 0.849000  0.000056 0.000044 0.000118 0.000239 0.000124 0.000065 
3830208 convolutionTexture 1 518 41 0.880000 0.848000  0.000051 0.000044 0.000121 0.000249 0.000133 0.000069 
3830208 convolutionTexture 1 518 41 0.880000 0.849000  0.000046 0.000042 0.000114 0.000217 0.000121 0.000074 
3830208 convolutionTexture 1 518 41 0.880000 0.694000  0.000054 0.000044 0.000121 0.000246 0.000133 0.000069 
3830272 convolutionTexture 1 518 41 0.880000 0.770000  0.000016 0.000015 0.000040 0.000076 0.000042 0.000022 
3830272 convolutionTexture 1 518 41 0.880000 0.539000  0.000043 0.000039 0.000108 0.000207 0.000111 0.000060 
3830336 convolutionTexture 1 518 41 0.880000 0.770000  0.000046 0.000041 0.000112 0.000215 0.000119 0.000063 
3830336 convolutionTexture 1 518 41 0.880000 0.540000  0.000044 0.000039 0.000108 0.000206 0.000112 0.000060 
3830400 convolutionTexture 1 518 41 0.880000 0.771000  0.000055 0.000045 0.000120 0.000253 0.000131 0.000066 
3830400 convolutionTexture 1 518 41 0.880000 0.540000  0.000041 0.000038 0.000107 0.000202 0.000117 0.000061 
3830400 convolutionTexture 1 518 41 0.880000 0.770000  0.000047 0.000041 0.000115 0.000234 0.000125 0.000065 
3830464 convolutionTexture 1 518 41 0.880000 0.540000  0.000114 0.000057 0.000182 0.000471 0.000192 0.003690 
3830464 convolutionTexture 1 518 41 0.880000 0.849000  0.000055 0.000044 0.000118 0.000251 0.000130 0.000066 
3830528 convolutionTexture 1 518 41 0.880000 0.926000  0.000045 0.000040 0.000799 0.001944 0.000559 0.000241 
3830528 convolutionTexture 1 518 41 0.880000 0.540000  0.000051 0.000041 0.000116 0.000244 0.000124 0.000063 
3830528 convolutionTexture 1 518 41 0.880000 0.772000  0.000057 0.000041 0.000116 0.000248 0.000126 0.000064 
3830592 convolutionTexture 1 518 41 0.880000 0.540000  0.000041 0.000038 0.000105 0.000200 0.000107 0.000058 
3830592 convolutionTexture 1 518 41 0.880000 0.770000  0.000043 0.000058 0.000140 0.000291 0.000165 0.000080 
3830656 convolutionTexture 1 518 41 0.880000 0.771000  0.000044 0.000040 0.000108 0.000206 0.000115 0.000061 
3830656 convolutionTexture 1 518 41 0.880000 0.693000  0.000040 0.000037 0.000104 0.000198 0.000106 0.000057 
3830656 convolutionTexture 1 518 41 0.880000 0.847000  0.000052 0.000041 0.000113 0.000237 0.000124 0.000064 
3830720 convolutionTexture 1 518 41 0.880000 0.540000  0.000040 0.000037 0.000104 0.000196 0.000106 0.000057 
3830720 convolutionTexture 1 518 41 0.880000 0.848000  0.000053 0.000042 0.000114 0.000243 0.000127 0.000065 
3830784 convolutionTexture 1 518 41 0.880000 0.848000  0.000041 0.000037 0.000103 0.000193 0.000105 0.000057 
3830784 convolutionTexture 1 518 41 0.880000 0.694000  0.000042 0.000039 0.000107 0.000201 0.000112 0.000060 
3830784 convolutionTexture 1 518 41 0.880000 0.849000  0.022257 0.007824 0.017017 0.022316 0.008567 0.003859 
3830848 convolutionTexture 1 518 41 0.880000 0.617000  0.000052 0.000042 0.000112 0.000233 0.000124 0.000064 
3830848 convolutionTexture 1 518 41 0.880000 0.771000  0.000060 0.000040 0.000111 0.000246 0.000124 0.000064 
3830912 convolutionTexture 1 518 41 0.880000 0.539000  0.000039 0.000036 0.000102 0.000192 0.000103 0.000056 
3830912 convolutionTexture 1 518 41 0.880000 0.772000  0.000044 0.000040 0.000112 0.000238 0.000126 0.000063 
3830912 convolutionTexture 1 518 41 0.880000 0.539000  0.000039 0.000036 0.000101 0.000189 0.000103 0.000056 
3830976 convolutionTexture 1 518 41 0.880000 0.770000  0.000047 0.000040 0.000110 0.000237 0.000118 0.000064 
3830976 convolutionTexture 1 518 41 0.880000 0.771000  0.000040 0.000036 0.000108 0.000332 0.000159 0.000084 
3831040 convolutionTexture 1 518 41 0.880000 0.694000  0.000049 0.000041 0.000113 0.000233 0.000123 0.000063 
3831040 convolutionTexture 1 518 41 0.880000 0.848000  0.000040 0.000037 0.000106 0.000227 0.000120 0.000061 
3831040 convolutionTexture 1 518 41 0.880000 0.772000  0.000048 0.000048 0.000124 0.000278 0.000131 0.000066 
3831104 convolutionTexture 1 518 41 0.880000 0.849000  0.000043 0.000038 0.000104 0.000200 0.000109 0.000067 
3831104 convolutionTexture 1 518 41 0.880000 0.617000  0.000040 0.000037 0.000134 0.000258 0.028230 0.012122 
3831168 convolutionTexture 1 518 41 0.880000 0.771000  0.003748 0.002767 0.006256 0.013880 0.006658 0.003583 
3831168 convolutionTexture 1 518 41 0.880000 0.540000  0.000039 0.000035 0.000099 0.000194 0.000101 0.000055 
3831168 convolutionTexture 1 518 41 0.880000 0.849000  0.000048 0.000038 0.000107 0.000220 0.000118 0.000060 
3831232 convolutionTexture 1 518 41 0.880000 0.771000  0.000038 0.000035 0.000098 0.000215 0.000112 0.000061 
3831232 convolutionTexture 1 518 41 0.880000 0.770000  0.000049 0.000040 0.000110 0.000224 0.000117 0.000061 
3831296 convolutionTexture 1 518 41 0.880000 0.695000  0.000042 0.000037 0.000102 0.000196 0.000108 0.000057 
3831296 convolutionTexture 1 518 41 0.880000 0.772000  0.000048 0.000040 0.000108 0.000227 0.000120 0.000061 
3831296 convolutionTexture 1 518 41 0.880000 0.771000  0.455076 0.159462 0.341960 0.458448 0.173818 0.080433 
3831360 convolutionTexture 1 518 41 0.880000 0.540000  0.000038 0.000035 0.000098 0.000185 0.000100 0.000054 
3831360 convolutionTexture 1 518 41 0.880000 0.770000  0.000051 0.000041 0.000108 0.000264 0.000124 0.000063 
3831424 convolutionTexture 1 518 41 0.880000 0.616000  0.000149 0.000062 0.000146 0.002907 0.000791 0.000331 
3831424 convolutionTexture 1 518 41 0.880000 0.539000  0.000055 0.000036 0.000099 0.000201 0.000101 0.000054 
3831488 convolutionTexture 1 518 41 0.880000 0.771000  0.000702 0.000641 0.002274 0.004513 0.002637 0.001290 
3831488 convolutionTexture 1 518 41 0.880000 0.694000  0.000064 0.000048 0.000133 0.000367 0.000144 0.000074 
3831488 convolutionTexture 1 518 41 0.880000 0.771000  0.000044 0.000038 0.000106 0.000220 0.000116 0.000060 
3831552 convolutionTexture 1 518 41 0.880000 0.926000  0.000041 0.000036 0.000099 0.000191 0.000264 0.000118 
3831552 convolutionTexture 1 518 41 0.880000 0.772000  0.000038 0.000036 0.000128 0.000250 0.000146 0.000072 
3831616 convolutionTexture 1 518 41 0.880000 0.694000  0.001423 0.001013 0.002299 0.005312 0.002452 0.001311 
3831616 convolutionTexture 1 518 41 0.880000 0.772000  0.000037 0.000034 0.000113 0.000291 0.000114 0.000057 
3831680 convolutionTexture 1 518 41 0.880000 0.771000  0.000039 0.000036 0.000098 0.000252 0.000127 0.000063 
3831680 convolutionTexture 1 518 41 0.880000 1.002000  0.000037 0.000034 0.000094 0.000178 0.000096 0.000687 
3831680 convolutionTexture 1 518 41 0.880000 0.617000  0.000047 0.000038 0.000105 0.000220 0.000116 0.000059 
3831744 convolutionTexture 1 518 41 0.880000 0.694000  0.000039 0.000035 0.000097 0.000186 0.000101 0.000054 
3831744 convolutionTexture 1 518 41 0.880000 0.693000  0.000042 0.000037 0.000101 0.000211 0.000112 0.000057 
3831808 convolutionTexture 1 518 41 0.880000 0.770000  0.000039 0.000052 0.000124 0.000259 0.000147 0.000071 
3831808 convolutionTexture 1 518 41 0.880000 0.771000  35.382126 11.445160 24.643284 35.418224 12.846701 5.731602 
3831808 convolutionTexture 1 518 41 0.880000 0.770000  0.009292 0.007292 0.019684 0.041451 0.021828 0.011133 
3831872 convolutionTexture 1 518 41 0.880000 0.848000  0.005167 0.004665 0.012952 0.024953 0.013480 0.007201 
3831872 convolutionTexture 1 518 41 0.880000 0.770000  0.000047 0.000038 0.000104 0.000217 0.000114 0.000058 
3831936 convolutionTexture 1 518 41 0.880000 0.540000  0.000038 0.000039 0.000136 0.000319 0.000155 0.000078 
3831936 convolutionTexture 1 518 41 0.880000 0.694000  0.000038 0.000035 0.000124 0.000248 0.000142 0.000070 
3831936 convolutionTexture 1 518 41 0.880000 0.540000  0.000036 0.000033 0.000092 0.000174 0.000094 0.000051 
3832000 convolutionTexture 1 518 41 0.880000 0.771000  0.000040 0.000035 0.000098 0.000203 0.000109 0.000055 
3832000 convolutionTexture 1 518 41 0.880000 0.540000  0.000035 0.000032 0.000091 0.000175 0.000098 0.000052 
3832064 convolutionTexture 1 518 41 0.880000 0.771000  0.000037 0.000034 0.000095 0.000180 0.000100 0.000053 
3832064 convolutionTexture 1 518 41 0.880000 0.540000  0.000036 0.000033 0.000091 0.000172 0.000094 0.000050 
3832064 convolutionTexture 1 518 41 0.880000 0.771000  0.000047 0.000036 0.000099 0.000207 0.000114 0.000057 
3832128 convolutionTexture 1 518 41 0.880000 0.539000  0.000035 0.000032 0.000090 0.000171 0.000092 0.000050 
3832128 convolutionTexture 1 518 41 0.880000 0.693000  0.000037 0.000034 0.000094 0.000182 0.000100 0.000053 
3832128 convolutionTexture 1 518 41 0.880000 0.540000  0.000035 0.000032 0.000090 0.000169 0.000091 0.000049 
3832192 convolutionTexture 1 518 41 0.880000 0.771000  0.000046 0.000035 0.000097 0.000204 0.000108 0.000056 
3832192 convolutionTexture 1 518 41 0.880000 0.539000  0.833779 0.254338 0.550795 0.837118 0.292093 0.125942 
3832256 convolutionTexture 1 518 41 0.880000 0.849000  0.000043 0.000034 0.000096 0.000203 0.000107 0.000055 
3832256 convolutionTexture 1 518 41 0.880000 0.771000  0.000038 0.000054 0.000131 0.000290 0.000124 0.000063 
3832320 convolutionTexture 1 518 41 0.880000 0.617000  0.000036 0.000706 0.001662 0.001236 0.000708 0.000398 
3832320 convolutionTexture 1 518 41 0.880000 0.849000  0.000045 0.000036 0.000099 0.000208 0.000109 0.000056 
3832320 convolutionTexture 1 518 41 0.880000 0.617000  0.000034 0.000031 0.000088 0.000169 0.000090 0.000049 
3832384 convolutionTexture 1 518 41 0.880000 0.848000  0.000036 0.000049 0.000118 0.000236 0.000137 0.000067 
3832384 convolutionTexture 1 518 41 0.880000 0.849000  0.000035 0.000031 0.000090 0.000193 0.000101 0.000052 
3832448 convolutionTexture 1 518 41 0.880000 0.848000  0.000036 0.000033 0.000092 0.000176 0.000096 0.000051 
3832448 convolutionTexture 1 518 41 0.880000 0.770000  0.000038 0.000033 0.000091 0.000180 0.000096 0.000051 
3832448 convolutionTexture 1 518 41 0.880000 0.617000  0.000071 0.000035 0.000096 0.000210 0.000100 0.000052 
3832512 convolutionTexture 1 518 41 0.880000 0.771000  0.000780 0.000589 0.001615 0.003549 0.001786 0.000916 
3832512 convolutionTexture 1 518 41 0.880000 0.617000  0.000036 0.000033 0.000090 0.000173 0.000095 0.000050 
3832576 convolutionTexture 1 518 41 0.880000 0.771000  0.466800 0.133138 0.282719 0.468119 0.154645 0.067369 
3832576 convolutionTexture 1 518 41 0.880000 0.540000  0.000035 0.000031 0.000086 0.000165 0.000090 0.000048 
3832576 convolutionTexture 1 518 41 0.880000 0.848000  0.000037 0.000032 0.000089 0.000177 0.000097 0.000050 
3832640 convolutionTexture 1 518 41 0.880000 0.617000  0.000035 0.000031 0.000086 0.000164 0.000088 0.000048 
3832640 convolutionTexture 1 518 41 0.880000 0.771000  0.000038 0.000033 0.000091 0.000188 0.000096 0.000050 
3832704 convolutionTexture 1 518 41 0.880000 0.617000  0.000033 0.000030 0.000085 0.000162 0.000086 0.000047 
3832704 convolutionTexture 1 518 41 0.880000 0.770000  0.000045 0.000034 0.000091 0.000186 0.000096 0.000050 
3832704 convolutionTexture 1 518 41 0.880000 0.617000  0.243423 0.072137 0.153987 0.245146 0.083157 0.037079 
3832768 convolutionTexture 1 518 41 0.880000 0.771000  0.000087 0.000044 0.000109 0.000242 0.000115 0.000057 
3832768 convolutionTexture 1 518 41 0.880000 0.849000  0.000037 0.000032 0.000088 0.000170 0.000094 0.000058 
3832832 convolutionTexture 1 518 41 0.880000 0.540000  0.000034 0.000030 0.000085 0.000164 0.000086 0.000047 
3832832 convolutionTexture 1 518 41 0.880000 0.925000  0.000035 0.000047 0.000114 0.000226 0.000130 0.000064 
3832896 convolutionTexture 1 518 41 0.880000 0.616000  0.000404 0.000354 0.000981 0.001892 0.001019 0.000545 
3832896 convolutionTexture 1 518 41 0.880000 0.770000  0.000034 0.000032 0.000087 0.000166 0.000092 0.000049 
3832896 convolutionTexture 1 518 41 0.880000 0.926000  0.523199 0.139846 0.293571 0.524222 0.165772 0.070947 
3832960 convolutionTexture 1 518 41 0.880000 0.770000  0.000035 0.000032 0.000087 0.000165 0.000091 0.000049 
3832960 convolutionTexture 1 518 41 0.880000 0.848000  0.000077 0.000040 0.000103 0.000207 0.000101 0.000052 
3832960 convolutionTexture 1 518 41 0.880000 0.771000  0.000034 0.000031 0.000087 0.000165 0.000091 0.000049 
3833024 convolutionTexture 1 518 41 0.880000 0.848000  0.000035 0.000031 0.000087 0.000169 0.000092 0.000064 
3833024 convolutionTexture 1 518 41 0.880000 0.693000  0.000040 0.000033 0.000092 0.000216 0.000105 0.000053 
3833088 convolutionTexture 1 518 41 0.880000 1.003000  0.000341 0.000239 0.000642 0.001317 0.000677 0.000351 
3833088 convolutionTexture 1 518 41 0.880000 0.616000  0.000033 0.000030 0.000083 0.000158 0.000085 0.000046 
3833088 convolutionTexture 1 518 41 0.880000 0.771000  0.000038 0.000032 0.000089 0.000190 0.000100 0.000051 
3833152 convolutionTexture 1 518 41 0.880000 0.617000  0.000032 0.000029 0.000082 0.000157 0.000083 0.000045 
3833152 convolutionTexture 1 518 41 0.880000 0.694000  0.000034 0.000031 0.000086 0.000164 0.000090 0.000048 
3833216 convolutionTexture 1 518 41 0.880000 0.616000  0.215307 0.050732 0.105122 0.216480 0.061732 0.026072 
3833216 convolutionTexture 1 518 41 0.880000 0.771000  0.000039 0.000032 0.000089 0.000187 0.000098 0.000051 
3833216 convolutionTexture 1 518 41 0.880000 0.770000  0.057731 0.018062 0.038385 0.058697 0.021348 0.009417 
3833280 convolutionTexture 1 518 41 0.880000 0.771000  0.000033 0.000031 0.000085 0.000163 0.000090 0.000048 
3833280 convolutionTexture 1 518 41 0.880000 0.770000  0.000034 0.000031 0.000085 0.000163 0.000090 0.000047 
3833344 convolutionTexture 1 518 41 0.880000 0.849000  0.000041 0.000033 0.000090 0.000187 0.000097 0.000050 
3833344 convolutionTexture 1 518 41 0.880000 0.772000  0.000038 0.000032 0.000088 0.000182 0.000097 0.000050 
3833344 convolutionTexture 1 518 41 0.880000 0.616000  0.000031 0.000029 0.000081 0.000155 0.000083 0.000045 
3833408 convolutionTexture 1 518 41 0.880000 0.772000  0.000037 0.000031 0.000087 0.000188 0.000096 0.000050 
3833408 convolutionTexture 1 518 41 0.880000 0.616000  0.000032 0.000029 0.000081 0.000154 0.000083 0.000045 
3833472 convolutionTexture 1 518 41 0.880000 0.849000  0.000034 0.000031 0.000109 0.000217 0.000107 0.000062 
3833472 convolutionTexture 1 518 41 0.880000 0.694000  0.000039 0.000030 0.000082 0.000168 0.000086 0.000046 
3833472 convolutionTexture 1 518 41 0.880000 0.770000  0.000041 0.000034 0.000090 0.000198 0.000100 0.000051 
3833536 convolutionTexture 1 518 41 0.880000 0.847000  0.000039 0.000031 0.000084 0.000169 0.000087 0.000046 
3833536 convolutionTexture 1 518 41 0.880000 0.772000  0.000041 0.000033 0.000089 0.000188 0.000108 0.000053 
3833536 convolutionTexture 1 518 41 0.880000 0.925000  0.000033 0.000030 0.000084 0.000165 0.000088 0.000047 
3833600 convolutionTexture 1 518 41 0.880000 0.616000  0.000039 0.000032 0.000090 0.000187 0.000098 0.000050 
3833600 convolutionTexture 1 518 41 0.880000 0.848000  0.000042 0.000032 0.000090 0.000192 0.000097 0.000050 
3833664 convolutionTexture 1 518 41 0.880000 0.540000  0.000031 0.000028 0.000080 0.000152 0.000080 0.000044 
3833664 convolutionTexture 1 518 41 0.880000 0.771000  0.000040 0.000033 0.000090 0.000195 0.000098 0.000050 
3833664 convolutionTexture 1 518 41 0.880000 0.771000  0.000032 0.000028 0.000080 0.000156 0.000080 0.000044 
3833728 convolutionTexture 1 518 41 0.880000 0.616000  0.000042 0.000032 0.000088 0.000189 0.000098 0.000050 
3833728 convolutionTexture 1 518 41 0.880000 0.617000  0.000037 0.000029 0.000082 0.000170 0.000085 0.000046 
3833792 convolutionTexture 1 518 41 0.880000 0.771000  0.000158 0.000070 0.000178 0.000329 0.000168 0.000081 
3833792 convolutionTexture 1 518 41 0.880000 0.617000  0.000032 0.000029 0.000083 0.000176 0.000092 0.000061 
3833792 convolutionTexture 1 518 41 0.880000 0.693000  0.000032 0.000030 0.000082 0.000156 0.000086 0.000046 
3833856 convolutionTexture 1 518 41 0.880000 0.849000  0.000033 0.000031 0.000085 0.000172 0.000089 0.000046 
3833856 convolutionTexture 1 518 41 0.880000 0.848000  0.000041 0.000031 0.000086 0.000184 0.000094 0.000048 
3833920 convolutionTexture 1 518 41 0.880000 0.847000  0.000031 0.000028 0.000078 0.000153 0.000083 0.000046 
3833920 convolutionTexture 1 518 41 0.880000 0.693000  0.000039 0.000031 0.000086 0.000181 0.000095 0.000049 
3833920 convolutionTexture 1 518 41 0.880000 0.771000  0.000032 0.000029 0.000081 0.000159 0.000085 0.000045 
3833984 convolutionTexture 1 518 41 0.880000 0.771000  0.000039 0.000032 0.000089 0.000185 0.000096 0.000049 
3833984 convolutionTexture 1 518 41 0.880000 0.849000  0.320679 0.090035 0.191534 0.321322 0.105768 0.046319 
3834048 convolutionTexture 1 518 41 0.880000 0.617000  0.000031 0.000028 0.000078 0.000147 0.000080 0.000043 
3834048 convolutionTexture 1 518 41 0.880000 0.770000  0.000034 0.000029 0.000083 0.000179 0.000093 0.000049 
3834048 convolutionTexture 1 518 41 0.880000 0.616000  0.000030 0.000028 0.000078 0.000149 0.000079 0.000043 
3834112 convolutionTexture 1 518 41 0.880000 0.848000  0.000034 0.000029 0.000082 0.000169 0.000090 0.000047 
3834112 convolutionTexture 1 518 41 0.880000 0.617000  0.000030 0.000028 0.000079 0.000156 0.000081 0.000044 
3834112 convolutionTexture 1 518 41 0.880000 0.771000  0.000034 0.000030 0.000084 0.000172 0.000091 0.000047 
3834176 convolutionTexture 1 518 41 0.880000 0.694000  0.000036 0.000029 0.000082 0.000167 0.000083 0.000044 
3834176 convolutionTexture 1 518 41 0.880000 0.770000  0.000032 0.000029 0.000080 0.000206 0.000102 0.000059 
3834240 convolutionTexture 1 518 41 0.880000 0.693000  0.000155 0.000138 0.000384 0.000759 0.000421 0.000243 
3834240 convolutionTexture 1 518 41 0.880000 0.771000  0.000048 0.000032 0.000088 0.000193 0.000095 0.000048 
3834240 convolutionTexture 1 518 41 0.880000 0.617000  0.000038 0.000031 0.000084 0.000168 0.000087 0.000045 
3834304 convolutionTexture 1 518 41 0.880000 0.693000  0.000036 0.000031 0.000087 0.000190 0.000096 0.000048 
3834304 convolutionTexture 1 518 41 0.880000 0.849000  0.000033 0.000106 0.000223 0.000525 0.000194 0.000086 
3834368 convolutionTexture 1 518 41 0.880000 0.771000  0.000030 0.000027 0.000076 0.000147 0.000077 0.000042 
3834368 convolutionTexture 1 518 41 0.880000 0.770000  0.000032 0.000029 0.000079 0.000155 0.000102 0.000051 
3834368 convolutionTexture 1 518 41 0.880000 0.771000  0.000030 0.000027 0.000076 0.000145 0.000078 0.000042 
3834432 convolutionTexture 1 518 41 0.880000 0.771000  0.000031 0.000029 0.000079 0.000151 0.000083 0.000044 
3834432 convolutionTexture 1 518 41 0.880000 0.693000  0.000031 0.000033 0.000085 0.000173 0.000087 0.000045 
3834496 convolutionTexture 1 518 41 0.880000 0.772000  0.000032 0.000029 0.000079 0.000152 0.000084 0.000044 
3834496 convolutionTexture 1 518 41 0.880000 0.616000  0.133820 0.033218 0.069953 0.139916 0.041380 0.016979 
3834496 convolutionTexture 1 518 41 0.880000 0.616000  0.000032 0.000028 0.000079 0.000155 0.000084 0.000044 
3834560 convolutionTexture 1 518 41 0.880000 0.925000  0.000031 0.000029 0.000079 0.000152 0.000083 0.000044 
3834560 convolutionTexture 1 518 41 0.880000 0.617000  0.000029 0.000027 0.000075 0.000144 0.000076 0.000042 
3834624 convolutionTexture 1 518 41 0.880000 0.848000  0.000032 0.000029 0.000078 0.000164 0.000086 0.000046 
3834624 convolutionTexture 1 518 41 0.880000 0.694000  0.000030 0.000027 0.000075 0.000148 0.000076 0.000042 
3834624 convolutionTexture 1 518 41 0.880000 0.849000  0.000038 0.000030 0.000082 0.000173 0.000091 0.000047 
3834688 convolutionTexture 1 518 41 0.880000 0.694000  0.000030 0.000027 0.000075 0.000142 0.000077 0.000042 
3834688 convolutionTexture 1 518 41 0.880000 0.925000  0.000032 0.000028 0.000078 0.000151 0.000082 0.000043 
3834752 convolutionTexture 1 518 41 0.880000 0.617000  0.000029 0.000032 0.000086 0.000219 0.000086 0.000044 
3834752 convolutionTexture 1 518 41 0.880000 0.770000  0.000031 0.000028 0.000078 0.000148 0.000081 0.000043 
3834752 convolutionTexture 1 518 41 0.880000 0.849000  0.000029 0.000027 0.000074 0.000147 0.000077 0.000042 
3834816 convolutionTexture 1 518 41 0.880000 0.771000  0.000030 0.000028 0.000077 0.000147 0.000081 0.000043 
3834816 convolutionTexture 1 518 41 0.880000 0.848000  0.000031 0.000028 0.000077 0.000149 0.000080 0.000043 
3834880 convolutionTexture 1 518 41 0.880000 0.694000  0.000031 0.000028 0.000077 0.000148 0.000081 0.000043 
3834880 convolutionTexture 1 518 41 0.880000 0.849000  0.000031 0.000028 0.000077 0.000151 0.000081 0.000043 
3834880 convolutionTexture 1 518 41 0.880000 0.617000  0.000037 0.000031 0.000084 0.000175 0.000091 0.000047 
3834944 convolutionTexture 1 518 41 0.880000 0.772000  0.000040 0.000031 0.000082 0.000175 0.000219 0.000097 
3834944 convolutionTexture 1 518 41 0.880000 0.772000  0.000029 0.000026 0.000073 0.000140 0.000075 0.000041 
3835008 convolutionTexture 1 518 41 0.880000 0.926000  0.000030 0.000028 0.000076 0.000146 0.000081 0.000043 
3835008 convolutionTexture 1 518 41 0.880000 0.617000  0.000034 0.000028 0.000077 0.000161 0.000080 0.000042 
3835008 convolutionTexture 1 518 41 0.880000 0.617000  0.000155 0.000125 0.000344 0.000715 0.000377 0.000192 
3835072 convolutionTexture 1 518 41 0.880000 0.616000  0.000034 0.000027 0.000077 0.000159 0.000078 0.000042 
3835072 convolutionTexture 1 518 41 0.880000 0.772000  0.000110 0.000100 0.000274 0.000557 0.000307 0.000160 
3835072 convolutionTexture 1 518 41 0.880000 0.617000  0.000036 0.000029 0.000081 0.000171 0.000091 0.000046 
3835136 convolutionTexture 1 518 41 0.880000 0.771000  0.000037 0.000029 0.000079 0.000162 0.000085 0.000044 
3835136 convolutionTexture 1 518 41 0.880000 0.771000  0.000038 0.000030 0.000080 0.000167 0.000087 0.000044 
3835200 convolutionTexture 1 518 41 0.880000 0.616000  0.000029 0.000060 0.000181 0.000426 0.000152 0.000068 
3835200 convolutionTexture 1 518 41 0.880000 0.771000  0.000035 0.000028 0.000080 0.000169 0.000088 0.000046 
3835200 convolutionTexture 1 518 41 0.880000 0.693000  0.000028 0.000026 0.000072 0.000137 0.000073 0.000040 
3835264 convolutionTexture 1 518 41 0.880000 1.001000  0.000078 0.000040 0.000117 0.000234 0.000125 0.000061 
3835264 convolutionTexture 1 518 41 0.880000 0.771000  0.073508 0.021563 0.044592 0.073888 0.024556 0.010600 
3835328 convolutionTexture 1 518 41 0.880000 0.771000  0.000115 0.000097 0.000272 0.000566 0.000300 0.000153 
3835328 convolutionTexture 1 518 41 0.880000 0.847000  0.002810 0.000907 0.001721 0.003193 0.001241 0.000534 
3835392 convolutionTexture 1 518 41 0.880000 0.770000  0.000030 0.000040 0.000096 0.000237 0.000114 0.000060 
3835392 convolutionTexture 1 518 41 0.880000 0.847000  0.000104 0.000092 0.000251 0.000495 0.000269 0.000141 
3835392 convolutionTexture 1 518 41 0.880000 0.693000  0.000034 0.000028 0.000078 0.000175 0.000088 0.000045 
3835456 convolutionTexture 1 518 41 0.880000 0.847000  0.000016 0.000015 0.000042 0.000088 0.000047 0.000024 
3835456 convolutionTexture 1 518 41 0.880000 0.693000  0.000028 0.000025 0.000071 0.000135 0.000072 0.000039 
3835456 convolutionTexture 1 518 41 0.880000 0.925000  0.000036 0.000029 0.000079 0.000161 0.000085 0.000043 
3835520 convolutionTexture 1 518 41 0.880000 0.617000  0.000084 0.000046 0.000134 0.000368 0.000131 0.000062 
3835520 convolutionTexture 1 518 41 0.880000 0.772000  0.000037 0.000029 0.000078 0.000167 0.000085 0.000044 
3835584 convolutionTexture 1 518 41 0.880000 0.847000  0.005035 0.001961 0.004183 0.005098 0.002105 0.000981 
3835584 convolutionTexture 1 518 41 0.880000 0.771000  0.000034 0.000027 0.000076 0.000158 0.000083 0.000043 
3835584 convolutionTexture 1 518 41 0.880000 0.848000  0.053809 0.015471 0.033203 0.054188 0.017897 0.008000 
3835648 convolutionTexture 1 518 41 0.880000 0.770000  0.000035 0.000029 0.000079 0.000167 0.000087 0.000045 
3835648 convolutionTexture 1 518 41 0.880000 0.925000  0.000061 0.000032 0.000085 0.000197 0.000092 0.000046 
3835712 convolutionTexture 1 518 41 0.880000 0.617000  0.000027 0.000025 0.000070 0.000134 0.000071 0.000039 
3835712 convolutionTexture 1 518 41 0.880000 0.925000  0.000033 0.000027 0.000076 0.000162 0.000085 0.000044 
3835776 convolutionTexture 1 518 41 0.880000 0.617000  0.000029 0.000026 0.000072 0.000140 0.000076 0.000040 
3835776 convolutionTexture 1 518 41 0.880000 0.847000  0.000029 0.000039 0.000093 0.000229 0.000108 0.000059 
3835776 convolutionTexture 1 518 41 0.880000 0.770000  0.000035 0.000035 0.000090 0.000204 0.000095 0.000047 
3835840 convolutionTexture 1 518 41 0.880000 0.770000  0.000027 0.000025 0.000069 0.000133 0.000070 0.000038 
3835840 convolutionTexture 1 518 41 0.880000 0.771000  0.000029 0.000026 0.000079 0.000168 0.000084 0.000043 
3835904 convolutionTexture 1 518 41 0.880000 0.617000  0.000027 0.000025 0.000069 0.000130 0.000070 0.000038 
3835904 convolutionTexture 1 518 41 0.880000 0.770000  0.000029 0.000026 0.000072 0.000139 0.000075 0.000040 
3835904 convolutionTexture 1 518 41 0.880000 0.616000  0.132660 0.042702 0.091663 0.132982 0.047425 0.021545 
3835968 convolutionTexture 1 518 41 0.880000 0.847000  0.000033 0.000028 0.000077 0.000164 0.000085 0.000043 
3835968 convolutionTexture 1 518 41 0.880000 0.926000  0.000028 0.000025 0.000071 0.000149 0.000079 0.000041 
3836032 convolutionTexture 1 518 41 0.880000 0.694000  0.000030 0.000026 0.000074 0.000152 0.000080 0.000042 
3836032 convolutionTexture 1 518 41 0.880000 0.617000  0.000033 0.000028 0.000075 0.000156 0.000079 0.000041 
3836032 convolutionTexture 1 518 41 0.880000 0.770000  0.000035 0.000028 0.000075 0.000159 0.000083 0.000043 
3836096 convolutionTexture 1 518 41 0.880000 0.925000  0.000028 0.000026 0.000073 0.000152 0.000081 0.000042 
3836096 convolutionTexture 1 518 41 0.880000 0.694000  0.000026 0.000024 0.000068 0.000130 0.000069 0.000037 
3836096 convolutionTexture 1 518 41 0.880000 0.771000  0.000036 0.000028 0.000077 0.000161 0.000083 0.000042 
3836160 convolutionTexture 1 518 41 0.880000 0.617000  0.000026 0.000024 0.000068 0.000157 0.000073 0.000039 
3836160 convolutionTexture 1 518 41 0.880000 0.694000  0.000033 0.000027 0.000074 0.000157 0.000083 0.000042 
3836224 convolutionTexture 1 518 41 0.880000 0.616000  0.201263 0.063399 0.135673 0.201566 0.070565 0.031999 
3836224 convolutionTexture 1 518 41 0.880000 0.694000  0.000035 0.000027 0.000075 0.000157 0.000083 0.000042 
3836224 convolutionTexture 1 518 41 0.880000 1.003000  0.000028 0.000026 0.000070 0.000137 0.000074 0.000039 
3836288 convolutionTexture 1 518 41 0.880000 0.772000  0.000027 0.000037 0.000091 0.000217 0.000104 0.000368 
3836288 convolutionTexture 1 518 41 0.880000 0.924000  0.000028 0.000025 0.000070 0.000182 0.000090 0.000051 
3836352 convolutionTexture 1 518 41 0.880000 0.617000  0.000027 0.000024 0.000067 0.000127 0.000069 0.000037 
3836352 convolutionTexture 1 518 41 0.880000 0.770000  0.000028 0.000025 0.000070 0.000135 0.000074 0.000039 
3836352 convolutionTexture 1 518 41 0.880000 0.617000  0.000027 0.000024 0.000067 0.000128 0.000069 0.000037 
3836416 convolutionTexture 1 518 41 0.880000 0.770000  0.000080 0.000071 0.000195 0.000389 0.000208 0.000109 
3836416 convolutionTexture 1 518 41 0.880000 0.616000  0.000026 0.000024 0.000067 0.000129 0.000069 0.000037 
3836480 convolutionTexture 1 518 41 0.880000 0.770000  0.000033 0.000026 0.000074 0.000158 0.000082 0.000042 
3836480 convolutionTexture 1 518 41 0.880000 0.695000  0.000026 0.000024 0.000066 0.000128 0.000067 0.000037 
3836480 convolutionTexture 1 518 41 0.880000 0.694000  0.000027 0.000025 0.000069 0.000131 0.000072 0.000038 
3836544 convolutionTexture 1 518 41 0.880000 0.617000  0.027424 0.011851 0.026529 0.027702 0.012631 0.005453 
3836544 convolutionTexture 1 518 41 0.880000 0.694000  0.000033 0.000027 0.000074 0.000151 0.000080 0.000041 
3836608 convolutionTexture 1 518 41 0.880000 0.771000  0.029889 0.012520 0.027817 0.030252 0.013510 0.005809 
3836608 convolutionTexture 1 518 41 0.880000 0.770000  0.000034 0.000027 0.000074 0.000156 0.000081 0.000042 
3836672 convolutionTexture 1 518 41 0.880000 0.770000  0.000031 0.000026 0.000071 0.000148 0.000080 0.000040 
3836672 convolutionTexture 1 518 41 0.880000 0.617000  0.000099 0.000039 0.000094 0.016594 0.006854 0.003015 
3836672 convolutionTexture 1 518 41 0.880000 0.617000  0.000033 0.000026 0.000073 0.000153 0.000080 0.000041 
3836736 convolutionTexture 1 518 41 0.880000 0.771000  0.000019 0.000015 0.000041 0.000090 0.000045 0.000023 
3836736 convolutionTexture 1 518 41 0.880000 0.616000  0.000045 0.000027 0.000071 0.000144 0.000073 0.000038 
3836800 convolutionTexture 1 518 41 0.880000 0.849000  0.000031 0.000025 0.000069 0.000149 0.000078 0.000040 
3836800 convolutionTexture 1 518 41 0.880000 0.616000  0.000025 0.000023 0.000065 0.000125 0.000066 0.000036 
3836800 convolutionTexture 1 518 41 0.880000 0.925000  0.000034 0.000027 0.000072 0.000158 0.000085 0.000042 
3836864 convolutionTexture 1 518 41 0.880000 0.616000  0.000045 0.000036 0.000103 0.000258 0.000104 0.000053 
3836864 convolutionTexture 1 518 41 0.880000 0.770000  0.000033 0.000027 0.000074 0.000152 0.000119 0.000055 
3836928 convolutionTexture 1 518 41 0.880000 0.693000  0.000027 0.000025 0.000067 0.000130 0.000072 0.000038 
3836928 convolutionTexture 1 518 41 0.880000 0.617000  0.000051 0.000027 0.000071 0.000148 0.000072 0.000038 
3836928 convolutionTexture 1 518 41 0.880000 0.772000  0.000017 0.000014 0.000039 0.000081 0.000043 0.000023 
3836992 convolutionTexture 1 518 41 0.880000 0.694000  0.000026 0.000023 0.000064 0.000145 0.000072 0.000037 
3836992 convolutionTexture 1 518 41 0.880000 0.848000  0.000027 0.000024 0.000067 0.000128 0.000070 0.000037 
3837056 convolutionTexture 1 518 41 0.880000 0.617000  0.001151 0.000288 0.000555 0.001224 0.000391 0.000158 
3837056 convolutionTexture 1 518 41 0.880000 0.772000  0.000034 0.000027 0.000077 0.000175 0.000084 0.000042 
3837056 convolutionTexture 1 518 41 0.880000 0.617000  0.000042 0.000033 0.000094 0.000249 0.000099 0.000049 
3837120 convolutionTexture 1 518 41 0.880000 0.771000  0.000067 0.000062 0.000171 0.000330 0.000181 0.000096 
3837120 convolutionTexture 1 518 41 0.880000 0.694000  0.000026 0.000024 0.000067 0.000130 0.000071 0.000037 
3837184 convolutionTexture 1 518 41 0.880000 0.771000  0.000035 0.000026 0.000070 0.000153 0.000079 0.000040 
3837184 convolutionTexture 1 518 41 0.880000 0.848000  0.000071 0.000062 0.000167 0.000362 0.000191 0.000096 
3837184 convolutionTexture 1 518 41 0.880000 0.694000  0.000025 0.000023 0.000064 0.000121 0.000065 0.000035 
3837248 convolutionTexture 1 518 41 0.880000 0.771000  0.000075 0.000071 0.000187 0.000424 0.000207 0.000104 
3837248 convolutionTexture 1 518 41 0.880000 0.617000  0.000027 0.000175 0.000370 0.000978 0.000264 0.000116 
3837312 convolutionTexture 1 518 41 0.880000 0.617000  0.000030 0.000025 0.000069 0.000145 0.000076 0.000039 
3837312 convolutionTexture 1 518 41 0.880000 0.925000  0.000031 0.000025 0.000069 0.000148 0.000075 0.000039 
3837376 convolutionTexture 1 518 41 0.880000 0.617000  0.000025 0.000022 0.000063 0.000120 0.000064 0.000035 
3837376 convolutionTexture 1 518 41 0.880000 0.771000  0.000033 0.000025 0.000069 0.000150 0.000077 0.000039 
3837376 convolutionTexture 1 518 41 0.880000 0.695000  0.000028 0.000022 0.000083 0.000249 0.000101 0.000052 
3837440 convolutionTexture 1 518 41 0.880000 0.770000  0.000032 0.000025 0.000069 0.000146 0.000075 0.000038 
3837440 convolutionTexture 1 518 41 0.880000 0.925000  0.039311 0.013399 0.029184 0.039563 0.014795 0.006543 
